 9.537403e-01 2.993834e+00 4.677358e-01
 1.108501e+00 2.966898e+00 6.265642e-02
 1.187420e+00 2.771667e+00 -3.186446e-01
 1.173757e+00 2.443094e+00 -6.082570e-01
 1.056551e+00 2.049340e+00 -7.580224e-01
 8.511145e-01 1.670542e+00 -7.453106e-01
 5.833244e-01 1.397211e+00 -5.948732e-01
 2.941730e-01 1.283381e+00 -3.844543e-01
 3.266945e-04 1.300030e+00 -2.466477e-01
 -3.910088e-01 1.425549e+00 -1.035028e-01
 -7.170376e-01 1.406164e+00 4.145929e-02
 -1.033820e+00 1.253836e+00 2.211854e-01
 -1.245808e+00 1.029808e+00 3.444095e-01
 -1.361621e+00 7.554489e-01 4.337421e-01
 -1.371383e+00 4.356346e-01 5.136036e-01
 -1.262948e+00 1.008190e-01 5.888935e-01
 -1.073777e+00 -1.576801e-01 6.347759e-01
 -8.135896e-01 -3.547513e-01 6.366869e-01
 -4.589977e-01 -4.776829e-01 6.235621e-01
 -1.752702e-01 -6.651687e-01 6.437819e-01
 4.921389e-02 -9.106692e-01 7.951457e-01
 1.533739e-01 -1.280571e+00 1.007449e+00
 8.015296e-02 -1.648750e+00 1.167828e+00
 -1.434037e-01 -2.005465e+00 1.230822e+00
 -4.648293e-01 -2.297568e+00 1.148389e+00
 -8.256317e-01 -2.454812e+00 9.307889e-01
 -1.128791e+00 -2.460210e+00 6.050468e-01
 -1.318833e+00 -2.317264e+00 2.342853e-01
 -1.352622e+00 -2.064792e+00 -1.155765e-01
 -1.217789e+00 -1.821085e+00 -3.755415e-01
 -1.039789e+00 -1.726783e+00 -5.446897e-01
 -9.167361e-01 -1.688297e+00 -7.241909e-01
 -8.328644e-01 -1.575796e+00 -9.594467e-01
 -7.430850e-01 -1.324776e+00 -1.192486e+00
 -6.249261e-01 -9.695690e-01 -1.315287e+00
 -4.782629e-01 -5.811037e-01 -1.281557e+00
 -3.300035e-01 -2.403357e-01 -1.090011e+00
 -2.448545e-01 -7.355935e-02 -1.040299e+00
 -1.244038e-01 1.496160e-01 -1.048448e+00
 -8.223757e-02 4.867921e-01 -1.105397e+00
 -2.221092e-01 1.234189e+00 -1.273914e+00
 -2.342200e-01 1.687412e+00 -1.181423e+00
 -1.398308e-01 2.053601e+00 -9.420923e-01
 2.812505e-02 2.280067e+00 -5.768321e-01
 2.354315e-01 2.300957e+00 -1.783555e-01
 4.677988e-01 2.160330e+00 1.037070e-01
 6.806092e-01 2.036665e+00 1.941471e-01
 8.970602e-01 1.984216e+00 2.804384e-01
 1.109407e+00 1.924842e+00 4.967408e-01
 1.261170e+00 1.767365e+00 8.140147e-01
 1.287929e+00 1.547050e+00 1.108456e+00
 1.224426e+00 1.274220e+00 1.320707e+00
 1.076303e+00 9.687623e-01 1.440504e+00
 8.409655e-01 6.700951e-01 1.459934e+00
 4.062244e-01 3.106438e-01 1.316591e+00
 2.011983e-01 6.603686e-02 1.347183e+00
 -2.513898e-01 -3.707047e-01 1.649437e+00
 -6.031429e-01 -7.940004e-01 1.606340e+00
 -8.504173e-01 -1.174687e+00 1.296429e+00
 -8.853239e-01 -1.408964e+00 8.184647e-01
 -7.102593e-01 -1.524593e+00 4.867042e-01
 -4.894812e-01 -1.688473e+00 3.177216e-01
 -3.409579e-01 -1.953958e+00 1.610469e-01
 -3.294319e-01 -2.278905e+00 -6.063095e-02
 -4.615673e-01 -2.542774e+00 -3.421375e-01
 -7.144485e-01 -2.694195e+00 -6.309223e-01
 -1.033959e+00 -2.693427e+00 -8.948599e-01
 -1.354868e+00 -2.532652e+00 -1.105268e+00
 -1.622534e+00 -2.235719e+00 -1.226499e+00
 -1.797067e+00 -1.850153e+00 -1.230036e+00
 -1.839252e+00 -1.433147e+00 -1.116859e+00
 -1.723885e+00 -1.060713e+00 -9.155849e-01
 -1.466753e+00 -8.040909e-01 -6.686384e-01
 -1.102869e+00 -7.088919e-01 -4.394323e-01
 -7.350180e-01 -7.811407e-01 -2.975036e-01
 -4.478492e-01 -8.948860e-01 -3.036603e-01
 -1.785899e-01 -1.024507e+00 -3.848793e-01
 3.706120e-01 -1.494336e+00 -7.869643e-01
 7.373442e-01 -1.566286e+00 -1.041815e+00
 1.115259e+00 -1.441746e+00 -1.260097e+00
 1.431226e+00 -1.145635e+00 -1.395192e+00
 1.622994e+00 -7.258100e-01 -1.428199e+00
 1.637203e+00 -2.843170e-01 -1.367710e+00
 1.474852e+00 1.048043e-01 -1.227952e+00
 1.193950e+00 3.677366e-01 -9.992998e-01
 8.853685e-01 4.486610e-01 -7.026161e-01
 6.138863e-01 3.332790e-01 -3.759585e-01
 5.015974e-01 1.408826e-01 -1.164618e-01
 5.592017e-01 -8.689136e-02 2.495130e-01
 9.542786e-01 -4.002813e-01 8.123454e-01
 1.069551e+00 -4.691522e-01 1.187109e+00
 1.068086e+00 -4.373863e-01 1.585746e+00
 9.473689e-01 -3.104998e-01 1.946603e+00
 7.251027e-01 -9.930922e-02 2.217493e+00
 4.675206e-01 1.639138e-01 2.343858e+00
 1.944265e-01 4.330966e-01 2.317892e+00
 -9.504180e-02 6.531304e-01 2.146066e+00
 -3.296340e-01 7.839945e-01 1.863295e+00
 -4.721396e-01 8.275322e-01 1.500456e+00
 -5.023063e-01 7.740973e-01 1.114324e+00
 -3.607202e-01 5.760122e-01 5.795805e-01
 -3.539069e-01 4.814207e-01 2.858434e-01
 -5.005934e-01 3.866514e-01 -3.582630e-02
 -9.591755e-01 4.682457e-01 -5.390136e-01
 -1.098556e+00 4.785879e-01 -9.223540e-01
 -1.087920e+00 4.266782e-01 -1.328447e+00
 -9.192435e-01 3.375495e-01 -1.691517e+00
 -6.220170e-01 2.338238e-01 -1.950609e+00
 -2.594338e-01 9.637895e-02 -2.062382e+00
 1.022785e-01 -9.534417e-02 -2.016101e+00
 4.006325e-01 -2.977988e-01 -1.811150e+00
 5.877919e-01 -4.679741e-01 -1.482298e+00
 6.990742e-01 -5.320625e-01 -9.751853e-01
 8.726076e-01 -5.868098e-01 -7.327382e-01
 1.104235e+00 -5.700388e-01 -5.361129e-01
 1.369786e+00 -3.970957e-01 -3.165191e-01
 1.540744e+00 -7.794595e-02 -1.036333e-01
 1.542250e+00 2.296795e-01 7.196343e-02
 1.379551e+00 5.485398e-01 2.667636e-01
 1.135729e+00 7.776499e-01 3.893264e-01
 6.951087e-01 9.801570e-01 4.840686e-01
 4.769735e-01 1.124448e+00 6.192270e-01
 3.000558e-01 1.369597e+00 8.707587e-01
 2.593454e-01 1.742409e+00 1.078067e+00
 3.487927e-01 2.158086e+00 1.155084e+00
 5.290859e-01 2.552574e+00 1.068204e+00
 7.480690e-01 2.848258e+00 8.239228e-01
