 -2.969615e-01 -2.757055e+00 -1.121306e+00
 -4.062395e-01 -2.531488e+00 -1.445834e+00
 -4.919259e-01 -2.198558e+00 -1.651467e+00
 -5.381897e-01 -1.811443e+00 -1.717463e+00
 -5.187757e-01 -1.426159e+00 -1.645787e+00
 -4.460555e-01 -1.105136e+00 -1.452662e+00
 -3.110665e-01 -8.809613e-01 -1.171560e+00
 -1.453716e-01 -8.014123e-01 -8.775502e-01
 1.447197e-01 -8.298647e-01 -5.679456e-01
 6.559088e-01 -1.164471e+00 -2.086697e-01
 9.993622e-01 -1.197920e+00 4.313490e-02
 1.353983e+00 -1.052691e+00 2.591717e-01
 1.660205e+00 -7.501205e-01 3.777160e-01
 1.851948e+00 -3.532408e-01 3.666259e-01
 1.865313e+00 7.413830e-02 2.728234e-01
 1.673461e+00 4.934503e-01 1.327138e-01
 1.361515e+00 7.395257e-01 -3.580377e-02
 8.372476e-01 8.652017e-01 -1.604581e-01
 4.502552e-01 1.077280e+00 -1.428783e-01
 2.968213e-01 1.328929e+00 -7.729078e-02
 1.878178e-01 1.636674e+00 1.374488e-01
 1.486165e-01 1.892641e+00 5.350288e-01
 1.631137e-01 1.932168e+00 8.914047e-01
 1.378731e-01 1.776667e+00 1.312265e+00
 3.709068e-02 1.391940e+00 1.676657e+00
 -2.569566e-02 8.928739e-01 1.812756e+00
 -1.349766e-01 3.562951e-01 1.677550e+00
 -2.261787e-01 1.003348e-01 1.717707e+00
 -3.892114e-01 -1.196813e-01 1.793419e+00
 -6.459986e-01 -2.903399e-01 1.849453e+00
 -9.774949e-01 -3.825527e-01 1.853692e+00
 -1.359126e+00 -3.771561e-01 1.761056e+00
 -1.700526e+00 -2.713595e-01 1.553897e+00
 -1.917253e+00 -8.253602e-02 1.279146e+00
 -1.982856e+00 1.414740e-01 9.343383e-01
 -1.869894e+00 3.505533e-01 5.723458e-01
 -1.581480e+00 5.353272e-01 2.787131e-01
 -1.060037e+00 6.879787e-01 8.076236e-02
 -9.016481e-01 7.812889e-01 -4.257129e-02
 -8.057807e-01 8.687299e-01 -1.343285e-01
 -7.152133e-01 9.916234e-01 -2.564464e-01
 -5.861631e-01 1.304837e+00 -5.473040e-01
 -5.639863e-01 1.350861e+00 -5.866578e-01
 -1.568113e-01 2.055014e+00 -1.190293e+00
 7.693885e-02 2.222813e+00 -1.393898e+00
 3.713741e-01 2.291308e+00 -1.571311e+00
 6.897011e-01 2.251913e+00 -1.707530e+00
 9.944792e-01 2.113069e+00 -1.784354e+00
 1.262038e+00 1.902334e+00 -1.779133e+00
 1.464842e+00 1.640692e+00 -1.693323e+00
 1.569653e+00 1.352118e+00 -1.543137e+00
 1.562139e+00 1.075611e+00 -1.361470e+00
 1.430798e+00 7.954004e-01 -1.177216e+00
 1.242836e+00 6.083548e-01 -1.074663e+00
 1.025396e+00 4.630673e-01 -1.064169e+00
 8.309989e-01 3.172512e-01 -1.123847e+00
 7.023917e-01 8.944337e-02 -1.218844e+00
 6.372585e-01 -2.389970e-01 -1.329158e+00
 6.952729e-01 -6.830907e-01 -1.444837e+00
 6.906535e-01 -9.652816e-01 -1.445704e+00
 6.285191e-01 -1.237602e+00 -1.391519e+00
 5.178816e-01 -1.471428e+00 -1.288755e+00
 3.390260e-01 -1.680174e+00 -1.137139e+00
 1.634657e-01 -1.786190e+00 -9.750628e-01
 -2.971030e-02 -1.813153e+00 -8.196929e-01
 -2.425831e-01 -1.802274e+00 -7.394200e-01
 -4.410074e-01 -1.837345e+00 -6.947631e-01
 -6.066225e-01 -1.908951e+00 -6.191597e-01
 -8.030997e-01 -2.012091e+00 -4.367701e-01
 -9.434198e-01 -2.091078e+00 -1.903990e-01
 -1.029359e+00 -2.115313e+00 1.363570e-01
 -1.033711e+00 -2.041304e+00 5.203751e-01
 -9.309987e-01 -1.852760e+00 8.717552e-01
 -7.183395e-01 -1.560119e+00 1.122877e+00
 -4.424379e-01 -1.183419e+00 1.194499e+00
 -1.921334e-01 -7.986112e-01 1.039803e+00
 -5.487630e-02 -4.944303e-01 6.893228e-01
 -1.244661e-01 -3.066049e-01 3.339253e-01
 -3.152185e-01 -1.775795e-01 4.066067e-02
 -8.203687e-01 -1.400714e-01 -4.842316e-01
 -1.113681e+00 4.910468e-02 -7.299972e-01
 -1.387544e+00 3.755152e-01 -8.515117e-01
 -1.582275e+00 7.849024e-01 -8.125553e-01
 -1.668878e+00 1.206257e+00 -5.899060e-01
 -1.601794e+00 1.522091e+00 -2.312648e-01
 -1.360867e+00 1.678079e+00 2.012543e-01
 -1.016966e+00 1.599867e+00 5.838233e-01
 -6.890565e-01 1.327664e+00 8.005983e-01
 -3.023937e-01 9.866411e-01 7.817738e-01
 6.495728e-02 8.378276e-01 7.766246e-01
 3.493008e-01 8.570515e-01 8.432057e-01
 7.155350e-01 1.056362e+00 8.578634e-01
 1.030694e+00 1.382002e+00 7.260848e-01
 1.153902e+00 1.623319e+00 5.068360e-01
 1.204382e+00 1.809453e+00 9.734313e-02
 1.135754e+00 1.837301e+00 -3.962229e-01
 9.213316e-01 1.732023e+00 -7.936612e-01
 6.276526e-01 1.415017e+00 -1.110958e+00
 5.363024e-01 1.279376e+00 -1.410913e+00
 5.929490e-01 1.105419e+00 -1.735058e+00
 7.679506e-01 8.678807e-01 -1.980775e+00
 1.011937e+00 5.858914e-01 -2.092499e+00
 1.279885e+00 2.746473e-01 -2.047631e+00
 1.504426e+00 -3.038004e-03 -1.851180e+00
 1.637844e+00 -1.974589e-01 -1.561802e+00
 1.658554e+00 -3.211032e-01 -1.221108e+00
 1.543749e+00 -3.880878e-01 -8.593960e-01
 1.334213e+00 -3.677937e-01 -5.517741e-01
 1.008725e+00 -2.015587e-01 -2.364340e-01
 9.012978e-01 -1.795887e-01 -3.017263e-02
 8.560866e-01 -1.351023e-01 2.099973e-01
 8.610588e-01 -9.471070e-02 4.119733e-01
 8.555809e-01 -5.013750e-02 1.002032e+00
 7.843053e-01 1.572097e-02 1.935448e+00
 6.676629e-01 6.554310e-02 2.228717e+00
 4.675292e-01 1.347610e-01 2.470294e+00
 2.008687e-01 2.131155e-01 2.636179e+00
 -1.102584e-01 3.000685e-01 2.708313e+00
 -4.225831e-01 4.026255e-01 2.674602e+00
 -7.096080e-01 5.032531e-01 2.532961e+00
 -9.427862e-01 5.861434e-01 2.285621e+00
 -1.076643e+00 6.343559e-01 1.970192e+00
 -1.118768e+00 6.056473e-01 1.603483e+00
 -1.071696e+00 5.032729e-01 1.308290e+00
 -9.942947e-01 3.344804e-01 1.110046e+00
 -9.463835e-01 1.563879e-01 9.910222e-01
 -9.528089e-01 3.849711e-02 9.213245e-01
 -9.915752e-01 -1.016114e-01 8.400678e-01
 -1.063123e+00 -2.880157e-01 7.439103e-01
 -1.088912e+00 -5.195999e-01 6.127895e-01
 -1.057353e+00 -7.115230e-01 4.907409e-01
 -9.819877e-01 -8.774178e-01 3.742371e-01
 -8.505351e-01 -1.019621e+00 2.589540e-01
 -6.691665e-01 -1.149500e+00 1.745909e-01
 -4.849547e-01 -1.254975e+00 1.555917e-01
 -3.245005e-01 -1.372902e+00 1.914467e-01
 -1.228131e-01 -1.621554e+00 2.558319e-01
 -8.989619e-03 -2.022069e+00 2.363897e-01
 1.848259e-02 -2.431191e+00 2.750907e-02
 -4.763263e-02 -2.717555e+00 -3.171851e-01
 -1.697336e-01 -2.828621e+00 -7.215735e-01
