 1.442410e+00 -1.797026e+00 -1.851407e-01
 1.164840e+00 -2.022423e+00 5.114581e-02
 8.161441e-01 -2.096366e+00 2.193575e-01
 4.130535e-01 -1.996454e+00 3.710662e-01
 8.242914e-02 -1.759884e+00 4.368466e-01
 -1.580837e-01 -1.436240e+00 3.990051e-01
 -2.662538e-01 -1.108472e+00 2.824009e-01
 -3.114469e-01 -6.755291e-01 -5.267682e-02
 -5.756764e-01 -3.711832e-01 -4.015115e-01
 -8.912371e-01 -3.334906e-01 -6.588400e-01
 -1.180513e+00 -3.779006e-01 -7.951215e-01
 -1.485782e+00 -4.780733e-01 -8.393452e-01
 -1.777242e+00 -6.020010e-01 -7.796428e-01
 -2.019841e+00 -7.407642e-01 -6.283291e-01
 -2.207613e+00 -8.694170e-01 -3.915955e-01
 -2.307055e+00 -9.654639e-01 -1.177526e-01
 -2.324089e+00 -1.023356e+00 2.026523e-01
 -2.257401e+00 -1.027388e+00 5.169695e-01
 -2.104961e+00 -9.707722e-01 8.060984e-01
 -1.882176e+00 -8.471381e-01 1.032608e+00
 -1.616850e+00 -6.453228e-01 1.165882e+00
 -1.396163e+00 -3.933783e-01 1.178557e+00
 -1.313124e+00 -9.198649e-02 1.142424e+00
 -1.280166e+00 1.643776e-01 1.202950e+00
 -1.156083e+00 3.841342e-01 1.295344e+00
 -7.798876e-01 6.975222e-01 1.371361e+00
 -3.339666e-01 8.312963e-01 1.321339e+00
 -1.106569e-01 9.268066e-01 1.240389e+00
 1.037952e-01 1.128525e+00 1.149764e+00
 2.560280e-01 1.382532e+00 1.099752e+00
 2.892552e-01 1.780220e+00 9.096247e-01
 1.486629e-01 2.133955e+00 5.037693e-01
 -9.517318e-02 2.223123e+00 4.267562e-02
 -2.760839e-01 2.018112e+00 -4.344189e-01
 -3.199429e-01 1.497825e+00 -8.084074e-01
 -2.715996e-01 8.378795e-01 -8.222685e-01
 -2.821241e-01 6.316517e-01 -8.830476e-01
 -2.931441e-01 4.284257e-01 -1.022439e+00
 -2.911742e-01 2.928371e-01 -1.164865e+00
 -3.922202e-01 -2.099899e-01 -1.808101e+00
 -3.776238e-01 -5.129422e-01 -2.013337e+00
 -3.080039e-01 -8.640252e-01 -2.109132e+00
 -1.746160e-01 -1.221404e+00 -2.084041e+00
 3.458524e-03 -1.542556e+00 -1.923566e+00
 1.889748e-01 -1.738211e+00 -1.678103e+00
 3.723498e-01 -1.807915e+00 -1.364797e+00
 4.867620e-01 -1.762997e+00 -1.008236e+00
 5.237680e-01 -1.605295e+00 -6.677531e-01
 5.533397e-01 -1.269952e+00 -3.426452e-01
 6.602082e-01 -1.127256e+00 -1.289876e-01
 7.860648e-01 -1.067638e+00 1.255031e-01
 8.744650e-01 -1.078445e+00 2.950770e-01
 1.089575e+00 -1.103590e+00 5.723311e-01
 1.407995e+00 -9.430262e-01 8.675841e-01
 1.695701e+00 -6.301713e-01 1.028604e+00
 1.899798e+00 -2.287692e-01 1.034186e+00
 1.982146e+00 1.752316e-01 9.002089e-01
 1.934287e+00 4.922167e-01 6.733821e-01
 1.798318e+00 7.043807e-01 3.802826e-01
 1.605120e+00 7.928164e-01 7.560057e-02
 1.383153e+00 7.662542e-01 -1.839271e-01
 1.029513e+00 5.997461e-01 -4.618417e-01
 7.986135e-01 6.184894e-01 -7.392292e-01
 6.238568e-01 8.020991e-01 -1.337226e+00
 3.302516e-01 9.615355e-01 -1.648725e+00
 -9.263613e-02 1.055792e+00 -1.821890e+00
 -5.364850e-01 1.047658e+00 -1.813397e+00
 -9.580893e-01 9.686447e-01 -1.596842e+00
 -1.248602e+00 8.611971e-01 -1.175919e+00
 -1.297117e+00 7.238398e-01 -6.696068e-01
 -8.581369e-01 3.877207e-01 2.117599e-01
 -3.848612e-01 1.133684e-02 6.759219e-01
 -2.909970e-01 -2.216286e-01 1.126869e+00
 -4.199842e-01 -2.754965e-01 1.645249e+00
 -8.151364e-01 -2.450481e-01 2.046732e+00
 -1.313805e+00 -1.533967e-01 2.186595e+00
 -1.769893e+00 -5.496377e-02 2.080364e+00
 -2.104463e+00 2.841912e-02 1.800923e+00
 -2.286406e+00 8.767161e-02 1.420824e+00
 -2.307262e+00 1.013414e-01 1.013477e+00
 -2.191940e+00 5.318309e-02 6.490927e-01
 -1.971755e+00 -5.687510e-02 3.663638e-01
 -1.702455e+00 -2.165855e-01 2.090194e-01
 -1.489842e+00 -4.114886e-01 1.750236e-01
 -1.357678e+00 -7.060356e-01 1.694381e-01
 -1.303698e+00 -9.661234e-01 5.972814e-02
 -1.204817e+00 -1.208746e+00 -1.832574e-01
 -9.755067e-01 -1.348569e+00 -5.074679e-01
 -6.801265e-01 -1.335336e+00 -8.005394e-01
 -3.821937e-01 -1.174486e+00 -1.020187e+00
 -7.621200e-02 -9.082253e-01 -1.116955e+00
 1.122891e-01 -8.241584e-01 -1.174444e+00
 3.968531e-01 -7.832139e-01 -1.348731e+00
 8.374842e-01 -8.590132e-01 -1.717396e+00
 1.287345e+00 -8.918088e-01 -1.831574e+00
 1.766420e+00 -8.562105e-01 -1.737875e+00
 2.166309e+00 -7.494002e-01 -1.435691e+00
 2.356554e+00 -5.888642e-01 -1.026721e+00
 2.299114e+00 -4.116159e-01 -5.486540e-01
 1.957999e+00 -2.889262e-01 -9.201644e-02
 1.409753e+00 -2.143908e-01 1.259336e-01
 1.230895e+00 -1.370932e-01 2.541915e-01
 1.089599e+00 -3.383575e-02 4.292050e-01
 9.993058e-01 7.654005e-02 6.241629e-01
 9.490735e-01 2.244870e-01 8.989915e-01
 9.053226e-01 4.196481e-01 1.265720e+00
 8.029008e-01 7.024016e-01 1.750564e+00
 6.579097e-01 9.116354e-01 1.970314e+00
 4.611550e-01 1.122528e+00 2.096765e+00
 2.365249e-01 1.323914e+00 2.135283e+00
 -3.359667e-04 1.501061e+00 2.090234e+00
 -2.328842e-01 1.647182e+00 1.961538e+00
 -4.368641e-01 1.748860e+00 1.756961e+00
 -6.001764e-01 1.797684e+00 1.480909e+00
 -7.058314e-01 1.766267e+00 1.173550e+00
 -7.342689e-01 1.648792e+00 8.672796e-01
 -6.725161e-01 1.491735e+00 5.938330e-01
 -4.903207e-01 1.319498e+00 3.447706e-01
 -2.325090e-01 1.189368e+00 2.007255e-01
 -8.390336e-03 1.156174e+00 1.435042e-01
 1.032322e-01 1.165431e+00 1.050114e-01
 2.047412e-01 1.196258e+00 5.232370e-02
 4.251812e-01 1.323516e+00 -6.836717e-02
 6.181802e-01 1.506326e+00 -2.390908e-01
 8.207579e-01 1.612073e+00 -4.725469e-01
 1.088592e+00 1.610878e+00 -7.217022e-01
 1.360876e+00 1.483898e+00 -9.303219e-01
 1.573037e+00 1.248387e+00 -1.081750e+00
 1.699149e+00 9.178184e-01 -1.183434e+00
 1.707543e+00 5.059091e-01 -1.230651e+00
 1.599642e+00 1.436727e-01 -1.191353e+00
 1.365757e+00 -2.508534e-01 -9.934863e-01
 1.306514e+00 -5.168492e-01 -8.717726e-01
 1.328579e+00 -7.199206e-01 -8.098725e-01
 1.519153e+00 -1.133222e+00 -6.882168e-01
 1.564094e+00 -1.474146e+00 -4.671140e-01
