 1.203534e+00 -2.642595e+00 5.704295e-01
 8.617608e-01 -2.525181e+00 9.209405e-01
 4.475846e-01 -2.345794e+00 1.047416e+00
 1.342483e-01 -2.230222e+00 9.706347e-01
 -1.320560e-01 -2.238974e+00 8.819389e-01
 -5.107111e-01 -2.211235e+00 8.941275e-01
 -9.228938e-01 -1.908059e+00 9.063535e-01
 -1.148329e+00 -1.401288e+00 8.071229e-01
 -1.113007e+00 -8.945239e-01 5.349536e-01
 -8.495907e-01 -5.955929e-01 1.474447e-01
 -5.842863e-01 -6.055467e-01 -2.195353e-01
 -5.359507e-01 -6.825518e-01 -5.301154e-01
 -4.441424e-01 -9.794788e-01 -1.149652e+00
 -1.918073e-01 -1.011693e+00 -1.610931e+00
 1.363387e-01 -8.028573e-01 -1.974184e+00
 4.483292e-01 -4.091615e-01 -2.136827e+00
 6.783544e-01 5.755168e-02 -2.051823e+00
 7.403023e-01 4.695408e-01 -1.767406e+00
 6.091732e-01 7.500375e-01 -1.448567e+00
 3.741109e-01 8.836901e-01 -1.253486e+00
 1.005489e-01 1.040260e+00 -1.162307e+00
 -4.793755e-01 1.665867e+00 -1.166081e+00
 -7.539605e-01 1.998253e+00 -9.513034e-01
 -9.336791e-01 2.229464e+00 -5.571113e-01
 -9.897605e-01 2.289661e+00 -9.401119e-02
 -9.289501e-01 2.192311e+00 2.970734e-01
 -8.111178e-01 1.936045e+00 6.016044e-01
 -8.130118e-01 1.717834e+00 7.267026e-01
 -8.532250e-01 1.516624e+00 9.059701e-01
 -7.637787e-01 1.303727e+00 1.241656e+00
 -4.700448e-01 1.118043e+00 1.549844e+00
 -3.093203e-02 9.913772e-01 1.699438e+00
 4.478401e-01 9.424303e-01 1.639353e+00
 8.574183e-01 9.668374e-01 1.373403e+00
 1.097862e+00 1.043812e+00 9.505425e-01
 1.114714e+00 1.174971e+00 4.763779e-01
 8.322490e-01 1.354508e+00 -8.414684e-02
 8.096463e-01 1.404873e+00 -3.678899e-01
 8.416539e-01 1.787636e+00 -1.021463e+00
 6.860092e-01 1.832640e+00 -1.557419e+00
 3.916941e-01 1.621210e+00 -2.000202e+00
 5.736441e-02 1.227118e+00 -2.198325e+00
 -2.146676e-01 7.298206e-01 -2.114689e+00
 -3.062523e-01 3.010523e-01 -1.788307e+00
 -1.664662e-01 3.157135e-02 -1.407234e+00
 9.058151e-02 -9.724824e-02 -1.203554e+00
 2.857458e-01 -2.177295e-01 -1.130465e+00
 9.180702e-01 -4.038880e-01 -1.017109e+00
 1.245772e+00 -5.749451e-01 -7.741158e-01
 1.417657e+00 -8.453616e-01 -4.483238e-01
 1.390437e+00 -1.157121e+00 -1.175910e-01
 1.178086e+00 -1.447309e+00 1.286784e-01
 8.559388e-01 -1.714416e+00 2.180498e-01
 6.270663e-01 -1.892822e+00 1.420419e-01
 4.483790e-01 -2.158549e+00 4.101988e-03
 3.177351e-01 -2.608352e+00 1.819658e-02
 1.815856e-01 -3.033428e+00 2.914994e-01
 3.335304e-02 -3.258319e+00 7.581367e-01
 -1.213506e-01 -3.202339e+00 1.278220e+00
 -2.344463e-01 -2.877095e+00 1.705689e+00
 -2.811053e-01 -2.368417e+00 1.916387e+00
 -2.673732e-01 -1.816294e+00 1.839711e+00
 -1.971588e-01 -1.383965e+00 1.487882e+00
 -1.252984e-01 -1.201753e+00 9.568276e-01
 -1.356310e-01 -1.292704e+00 5.047616e-01
 -3.230040e-01 -1.516836e+00 1.357038e-01
 -5.979651e-01 -1.628555e+00 -5.492956e-02
 -1.033667e+00 -1.549876e+00 -2.863488e-01
 -1.365903e+00 -1.284003e+00 -4.480179e-01
 -1.546775e+00 -8.716007e-01 -5.767510e-01
 -1.523387e+00 -3.989658e-01 -6.436711e-01
 -1.290951e+00 2.349752e-02 -6.539004e-01
 -8.988762e-01 3.011887e-01 -6.034100e-01
 -3.701018e-02 4.519621e-01 -3.527308e-01
 1.040477e+00 3.712394e-01 -3.816666e-01
 1.567584e+00 6.793254e-01 -4.533004e-01
 1.846733e+00 1.235955e+00 -3.943622e-01
 1.763972e+00 1.839670e+00 -2.248079e-01
 1.336705e+00 2.278087e+00 -5.803189e-02
 7.222768e-01 2.398890e+00 1.407088e-03
 1.385731e-01 2.159399e+00 -6.106018e-02
 -2.138416e-01 1.603600e+00 -1.625565e-01
 -4.435694e-01 1.369059e+00 -1.676377e-01
 -8.454402e-01 1.267580e+00 -1.936959e-01
 -1.261000e+00 1.281565e+00 -8.231668e-02
 -1.598842e+00 1.414988e+00 1.454154e-01
 -1.798475e+00 1.632275e+00 4.614781e-01
 -1.822971e+00 1.878484e+00 8.134843e-01
 -1.672090e+00 2.100269e+00 1.144040e+00
 -1.376958e+00 2.256538e+00 1.398887e+00
 -9.902241e-01 2.320057e+00 1.540737e+00
 -5.771487e-01 2.287708e+00 1.545049e+00
 -2.005728e-01 2.153616e+00 1.419980e+00
 6.722234e-02 1.933607e+00 1.195940e+00
 1.807341e-01 1.661804e+00 9.399900e-01
 1.542703e-01 1.437504e+00 7.753061e-01
 8.743177e-02 1.126941e+00 6.734622e-01
 1.997744e-01 2.673434e-01 6.351242e-01
 2.464745e-01 1.666272e-02 5.592220e-01
 2.944401e-01 -2.105062e-01 4.202567e-01
 4.131232e-01 -6.743208e-01 -6.312654e-02
 4.019646e-01 -1.105279e+00 -4.627564e-01
 5.427974e-01 -1.337762e+00 -7.193241e-01
 8.672831e-01 -1.692538e+00 -8.448044e-01
 1.195548e+00 -2.052645e+00 -7.223271e-01
 1.399749e+00 -2.374770e+00 -3.759648e-01
 1.400754e+00 -2.593116e+00 9.267972e-02
