 -7.799190e-01 -2.170074e+00 3.251828e-02
 -7.958609e-01 -2.105938e+00 4.147336e-01
 -7.763520e-01 -1.901267e+00 7.596296e-01
 -7.021810e-01 -1.605617e+00 9.837551e-01
 -6.447837e-01 -1.245869e+00 1.065330e+00
 -6.963515e-01 -9.773372e-01 1.054053e+00
 -7.803711e-01 -7.701890e-01 1.079970e+00
 -1.136261e+00 -2.658341e-01 1.195764e+00
 -1.228372e+00 1.199863e-01 1.225682e+00
 -1.175186e+00 5.063470e-01 1.201818e+00
 -1.005798e+00 8.417491e-01 1.095653e+00
 -7.696405e-01 1.077220e+00 8.934655e-01
 -8.959600e-02 1.307819e+00 3.160200e-01
 5.992527e-02 1.416752e+00 1.341344e-01
 1.268212e-01 1.537154e+00 -3.323563e-02
 2.094325e-01 1.837060e+00 -2.626015e-01
 3.933919e-01 2.041562e+00 -5.682226e-01
 6.278782e-01 2.097227e+00 -9.089920e-01
 8.396949e-01 2.003875e+00 -1.169752e+00
 1.020629e+00 1.784446e+00 -1.395289e+00
 1.140324e+00 1.418894e+00 -1.587200e+00
 1.160923e+00 1.024517e+00 -1.649907e+00
 1.090454e+00 6.365879e-01 -1.585303e+00
 9.404389e-01 3.145466e-01 -1.403274e+00
 7.355100e-01 1.084628e-01 -1.132950e+00
 4.140198e-01 2.915178e-02 -7.332572e-01
 1.948985e-01 -2.538112e-02 -5.714864e-01
 -1.500071e-01 -1.919592e-01 -4.144144e-01
 -4.609110e-01 -3.195250e-01 -4.791511e-01
 -6.979330e-01 -4.047858e-01 -6.045889e-01
 -8.854969e-01 -5.514330e-01 -7.547659e-01
 -1.465898e+00 -1.234656e+00 -1.069746e+00
 -1.581339e+00 -1.583825e+00 -1.168758e+00
 -1.560010e+00 -1.959558e+00 -1.236884e+00
 -1.402459e+00 -2.308781e+00 -1.266807e+00
 -1.128364e+00 -2.580939e+00 -1.256420e+00
 -7.754193e-01 -2.734675e+00 -1.209420e+00
 -3.984496e-01 -2.748003e+00 -1.122048e+00
 -6.441855e-02 -2.629935e+00 -9.822484e-01
 1.972019e-01 -2.382622e+00 -8.373299e-01
 3.507101e-01 -2.043306e+00 -7.330126e-01
 3.803505e-01 -1.643348e+00 -6.977025e-01
 2.880244e-01 -1.344686e+00 -7.358339e-01
 1.825516e-01 -1.104609e+00 -8.483423e-01
 2.809996e-02 -7.686006e-01 -1.265540e+00
 -1.448265e-01 -4.372784e-01 -1.457135e+00
 -2.711447e-01 -1.057499e-01 -1.480497e+00
 -4.106311e-01 2.366296e-01 -1.351147e+00
 -5.351582e-01 4.801162e-01 -1.103631e+00
 -5.626420e-01 6.733678e-01 -7.869897e-01
 -5.772891e-01 9.315957e-01 -5.876944e-01
 -8.362869e-01 1.443725e+00 -3.767370e-01
 -8.504052e-01 1.820951e+00 -1.552432e-01
 -7.234733e-01 2.100440e+00 1.286051e-01
 -4.656288e-01 2.258101e+00 4.171835e-01
 -9.274859e-02 2.301987e+00 6.277803e-01
 3.231715e-01 2.223301e+00 7.115340e-01
 6.440046e-01 2.067200e+00 6.625175e-01
 9.395615e-01 1.728897e+00 6.030698e-01
 1.245102e+00 1.504674e+00 7.191863e-01
 1.430872e+00 1.318718e+00 9.475808e-01
 1.479617e+00 1.041981e+00 1.296615e+00
 1.353252e+00 7.907658e-01 1.590470e+00
 1.077686e+00 5.275773e-01 1.788611e+00
 7.151478e-01 2.999936e-01 1.826466e+00
 3.395128e-01 1.653203e-01 1.720176e+00
 2.618067e-02 1.535787e-01 1.525177e+00
 -1.687032e-01 1.602842e-01 1.249208e+00
 -2.855372e-01 1.750354e-01 8.072539e-01
 -4.753383e-01 1.497192e-01 5.157419e-01
 -1.319984e+00 4.132077e-01 -1.227660e-01
 -1.500360e+00 5.387493e-01 -3.813183e-01
 -1.579291e+00 6.968339e-01 -6.755515e-01
 -1.545007e+00 8.730399e-01 -9.659455e-01
 -1.399497e+00 1.066531e+00 -1.217131e+00
 -1.158940e+00 1.253906e+00 -1.391286e+00
 -8.452017e-01 1.393291e+00 -1.472788e+00
 -4.827998e-01 1.443844e+00 -1.472475e+00
 -1.236890e-01 1.387204e+00 -1.389960e+00
 1.402615e-01 1.250816e+00 -1.248523e+00
 4.072172e-01 1.076376e+00 -9.366813e-01
 6.925794e-01 1.055145e+00 -7.316881e-01
 1.064472e+00 1.238890e+00 -5.074259e-01
 1.565842e+00 1.893661e+00 -1.947407e-01
 1.688336e+00 2.147223e+00 3.074130e-02
 1.733194e+00 2.338426e+00 3.410592e-01
 1.693201e+00 2.436770e+00 6.957737e-01
 1.573026e+00 2.425299e+00 1.050053e+00
 1.389198e+00 2.301158e+00 1.354689e+00
 1.146434e+00 2.080424e+00 1.569801e+00
 8.784072e-01 1.835173e+00 1.643672e+00
 6.394241e-01 1.572758e+00 1.582810e+00
 4.631403e-01 1.261707e+00 1.379213e+00
 4.359182e-01 1.019589e+00 1.147589e+00
 5.557230e-01 7.846253e-01 9.127318e-01
 7.797566e-01 4.414265e-01 7.950716e-01
 1.200984e+00 -8.781639e-02 8.644025e-01
 1.320819e+00 -4.563734e-01 8.786181e-01
 1.319762e+00 -8.042282e-01 8.533011e-01
 1.216843e+00 -1.112850e+00 7.841615e-01
 1.025665e+00 -1.357477e+00 6.795566e-01
 7.636904e-01 -1.516107e+00 5.478162e-01
 4.494822e-01 -1.570052e+00 3.990912e-01
 1.056434e-01 -1.506199e+00 2.667003e-01
 -4.469952e-01 -1.174591e+00 5.185212e-02
 -8.908592e-01 -1.140363e+00 6.792758e-02
 -1.234063e+00 -1.165942e+00 2.077370e-01
 -1.508247e+00 -1.204304e+00 4.809570e-01
 -1.658724e+00 -1.247016e+00 8.398851e-01
 -1.660972e+00 -1.275499e+00 1.231451e+00
 -1.526802e+00 -1.251825e+00 1.593515e+00
 -1.271863e+00 -1.180367e+00 1.879424e+00
 -9.296942e-01 -1.090763e+00 2.045233e+00
 -5.505676e-01 -1.000186e+00 2.066257e+00
 -1.906100e-01 -9.195303e-01 1.939706e+00
 9.719564e-02 -8.581717e-01 1.684377e+00
 2.484386e-01 -8.235676e-01 1.380648e+00
 3.532522e-01 -5.567092e-01 5.397082e-01
 4.540254e-01 -5.465604e-01 3.378870e-01
 7.696150e-01 -6.375136e-01 -1.923131e-02
 1.112988e+00 -7.642339e-01 -5.661171e-01
 1.190243e+00 -8.913186e-01 -8.971101e-01
 1.146569e+00 -1.065582e+00 -1.215384e+00
 9.853115e-01 -1.265798e+00 -1.478779e+00
 7.045929e-01 -1.493322e+00 -1.663593e+00
 3.727506e-01 -1.657236e+00 -1.723216e+00
 1.296313e-03 -1.754914e+00 -1.657856e+00
 -3.305437e-01 -1.761677e+00 -1.463938e+00
 -5.456187e-01 -1.729853e+00 -1.177543e+00
 -6.361231e-01 -1.780187e+00 -8.198593e-01
 -7.530443e-01 -2.089475e+00 -3.386529e-01
