 -1.605222e-01 3.001082e+00 5.398109e-01
 -2.848892e-01 3.038672e+00 1.552989e-01
 -3.652032e-01 2.903707e+00 -2.554176e-01
 -3.729007e-01 2.577624e+00 -6.086324e-01
 -3.042632e-01 2.096121e+00 -7.896190e-01
 -1.886550e-01 1.572853e+00 -7.046560e-01
 -6.337859e-02 1.167525e+00 -3.515796e-01
 -1.733165e-02 9.988256e-01 1.874297e-01
 -1.149196e-01 1.091958e+00 6.715099e-01
 -3.608443e-01 1.301106e+00 1.017830e+00
 -8.671080e-01 1.531263e+00 1.180253e+00
 -1.354129e+00 1.629223e+00 1.080684e+00
 -1.795456e+00 1.522370e+00 8.158633e-01
 -2.055000e+00 1.235663e+00 4.658506e-01
 -2.062930e+00 8.609511e-01 7.725746e-02
 -1.811393e+00 5.010480e-01 -2.358802e-01
 -9.320769e-01 -2.434621e-02 -5.209641e-01
 -7.445075e-01 -1.534101e-01 -5.315409e-01
 -5.735201e-01 -3.112977e-01 -4.988434e-01
 -4.069141e-01 -5.051023e-01 -4.082053e-01
 -2.946304e-01 -7.018575e-01 -2.684192e-01
 -2.428108e-01 -9.842394e-01 6.433310e-03
 -3.878206e-01 -1.327539e+00 2.343757e-01
 -6.904004e-01 -1.712747e+00 2.937485e-01
 -9.909183e-01 -2.050175e+00 1.234761e-01
 -1.206956e+00 -2.286398e+00 -2.309583e-01
 -1.299895e+00 -2.369329e+00 -7.011605e-01
 -1.228309e+00 -2.287681e+00 -1.183515e+00
 -9.865937e-01 -2.093121e+00 -1.551589e+00
 -6.634557e-01 -1.880676e+00 -1.711843e+00
 -3.450155e-01 -1.796712e+00 -1.710811e+00
 -8.286543e-02 -1.807470e+00 -1.752028e+00
 2.419767e-01 -1.712158e+00 -1.910899e+00
 5.964374e-01 -1.373478e+00 -1.997681e+00
 8.327419e-01 -9.001300e-01 -1.881070e+00
 8.985296e-01 -4.665391e-01 -1.523231e+00
 8.081224e-01 -2.655522e-01 -9.964895e-01
 6.601047e-01 -3.758209e-01 -5.208674e-01
 7.120416e-01 -6.489926e-01 -1.790353e-01
 9.122453e-01 -1.198506e+00 2.234170e-01
 9.658259e-01 -1.435361e+00 7.134010e-01
 9.002353e-01 -1.422232e+00 1.241699e+00
 7.388857e-01 -1.165864e+00 1.674369e+00
 5.182703e-01 -7.327125e-01 1.900267e+00
 2.671724e-01 -2.814998e-01 1.860425e+00
 2.015215e-02 5.689216e-02 1.597447e+00
 -1.687848e-01 1.961673e-01 1.212267e+00
 -3.517250e-01 1.238527e-01 8.210647e-01
 -5.019225e-01 -3.911492e-02 6.080189e-01
 -6.832368e-01 -1.737269e-01 5.160428e-01
 -1.042799e+00 -4.357782e-01 4.238142e-01
 -1.272688e+00 -7.874855e-01 1.045206e-01
 -1.256874e+00 -1.098269e+00 -3.345382e-01
 -9.804824e-01 -1.363628e+00 -6.640762e-01
 -6.351833e-01 -1.564721e+00 -7.392703e-01
 -4.135213e-01 -1.819842e+00 -7.038539e-01
 -3.044123e-01 -2.102712e+00 -7.414462e-01
 -2.292420e-01 -2.431242e+00 -9.200629e-01
 -2.092439e-01 -2.692655e+00 -1.230820e+00
 -2.265996e-01 -2.817547e+00 -1.625792e+00
 -2.632795e-01 -2.775757e+00 -2.042361e+00
 -3.168709e-01 -2.556413e+00 -2.418726e+00
 -3.787592e-01 -2.171964e+00 -2.676810e+00
 -4.135107e-01 -1.681537e+00 -2.737223e+00
 -3.957430e-01 -1.194232e+00 -2.552951e+00
 -3.234853e-01 -8.522015e-01 -2.140336e+00
 -1.978196e-01 -7.733188e-01 -1.625822e+00
 1.662788e-02 -9.483868e-01 -1.203170e+00
 3.340999e-01 -1.219097e+00 -9.940003e-01
 6.984847e-01 -1.339495e+00 -9.449552e-01
 1.120201e+00 -1.274008e+00 -8.961370e-01
 1.437233e+00 -1.067333e+00 -7.912101e-01
 1.667005e+00 -7.184413e-01 -5.764844e-01
 1.696815e+00 -3.315901e-01 -3.264619e-01
 1.519036e+00 2.123594e-02 -7.288238e-02
 9.894957e-01 3.583033e-01 2.662243e-01
 7.716238e-01 5.087051e-01 5.821718e-01
 7.081871e-01 5.894525e-01 9.359941e-01
 7.902972e-01 7.119831e-01 1.284168e+00
 9.906443e-01 9.581600e-01 1.559181e+00
 1.238071e+00 1.345612e+00 1.678101e+00
 1.421759e+00 1.804480e+00 1.582761e+00
 1.454149e+00 2.213659e+00 1.293553e+00
 1.309356e+00 2.489996e+00 8.865564e-01
 1.028864e+00 2.555814e+00 4.811727e-01
 6.403018e-01 2.420340e+00 1.743197e-01
 3.008421e-01 2.191226e+00 9.441636e-02
 2.072585e-02 2.046453e+00 1.950731e-01
 -2.426014e-01 2.019297e+00 2.573477e-01
 -5.530839e-01 1.926155e+00 2.079149e-01
 -8.667928e-01 1.637007e+00 1.371597e-01
 -1.038709e+00 1.205674e+00 1.744173e-01
 -1.075566e+00 8.546647e-01 3.989335e-01
 -1.316668e+00 5.180933e-01 9.599695e-01
 -1.250586e+00 1.020111e-01 1.352560e+00
 -9.941714e-01 -3.875356e-01 1.498573e+00
 -6.028558e-01 -7.558665e-01 1.373440e+00
 -1.290660e-01 -8.744144e-01 1.088240e+00
 2.184472e-01 -7.202645e-01 8.884337e-01
 5.232891e-01 -4.911818e-01 8.795434e-01
 1.111922e+00 -3.759335e-01 1.013026e+00
 1.482782e+00 -8.456333e-02 1.077815e+00
 1.716126e+00 3.355825e-01 1.017226e+00
 1.743739e+00 7.645840e-01 8.613446e-01
 1.556875e+00 1.164579e+00 7.067786e-01
 1.261617e+00 1.411596e+00 6.372127e-01
 9.512332e-01 1.539323e+00 6.829348e-01
 7.202154e-01 1.625954e+00 8.290139e-01
 5.589094e-01 1.779881e+00 1.007403e+00
 4.320838e-01 1.996095e+00 1.120196e+00
 2.780362e-01 2.283190e+00 1.147111e+00
 1.289885e-01 2.574780e+00 1.056728e+00
 -1.892987e-02 2.830411e+00 8.507368e-01
