 1.101199e+00 1.988029e-01 7.396598e-01
 1.033505e+00 5.803898e-01 8.234508e-01
 8.590521e-01 9.465334e-01 7.933867e-01
 6.136577e-01 1.216447e+00 6.563627e-01
 3.338228e-01 1.373988e+00 4.002931e-01
 1.558503e-01 1.400933e+00 7.825571e-02
 1.479286e-01 1.398372e+00 -3.155473e-01
 2.331326e-01 1.502393e+00 -6.374239e-01
 3.701346e-01 1.785009e+00 -9.355654e-01
 4.615309e-01 2.181513e+00 -1.090908e+00
 4.619454e-01 2.615203e+00 -1.087674e+00
 3.655293e-01 3.008292e+00 -9.324234e-01
 1.910219e-01 3.291450e+00 -6.484576e-01
 -3.848575e-02 3.411044e+00 -2.939068e-01
 -2.953436e-01 3.346292e+00 5.136369e-02
 -5.415921e-01 3.110450e+00 3.220486e-01
 -7.287494e-01 2.738629e+00 4.749755e-01
 -8.185960e-01 2.306022e+00 4.719497e-01
 -8.381870e-01 1.910546e+00 2.997787e-01
 -8.092323e-01 1.675966e+00 3.972532e-02
 -8.368034e-01 1.570961e+00 -2.710668e-01
 -9.564070e-01 1.492484e+00 -5.120981e-01
 -1.107117e+00 1.362356e+00 -6.812451e-01
 -1.268408e+00 1.131073e+00 -8.150480e-01
 -1.386287e+00 8.303362e-01 -8.777211e-01
 -1.431039e+00 4.949505e-01 -8.635490e-01
 -1.392109e+00 1.633896e-01 -7.717581e-01
 -1.210855e+00 -2.238456e-01 -5.780469e-01
 -1.116500e+00 -4.832048e-01 -5.370199e-01
 -1.077372e+00 -7.393352e-01 -5.664347e-01
 -1.073332e+00 -1.180175e+00 -7.597026e-01
 -9.432437e-01 -1.555772e+00 -8.297609e-01
 -7.332485e-01 -1.896533e+00 -7.676356e-01
 -4.697014e-01 -2.141708e+00 -5.916178e-01
 -1.816914e-01 -2.240289e+00 -3.669845e-01
 1.145538e-01 -2.186820e+00 -8.121419e-02
 2.895952e-01 -2.016702e+00 2.176768e-01
 3.240480e-01 -1.794234e+00 4.924369e-01
 2.057058e-01 -1.588693e+00 7.769029e-01
 -5.690644e-02 -1.513441e+00 1.225956e+00
 -3.232687e-01 -1.298745e+00 1.490159e+00
 -5.167456e-01 -9.109248e-01 1.667423e+00
 -5.743361e-01 -4.515803e-01 1.697595e+00
 -5.176940e-01 -2.212950e-02 1.552391e+00
 -3.763806e-01 3.094004e-01 1.228472e+00
 -1.728291e-01 4.467784e-01 8.338561e-01
 1.728596e-01 3.538900e-01 3.067235e-01
 3.932835e-01 4.152861e-01 1.496824e-02
 6.944258e-01 5.438556e-01 -1.469966e-01
 9.577810e-01 7.795396e-01 -2.125230e-01
 1.129532e+00 1.121157e+00 -2.286776e-01
 1.163322e+00 1.503344e+00 -1.943238e-01
 1.064054e+00 1.850193e+00 -1.366994e-01
 8.422965e-01 2.146563e+00 -9.349553e-02
 5.364274e-01 2.340839e+00 -7.777940e-02
 2.222803e-01 2.407126e+00 -1.077149e-01
 -4.882343e-02 2.387513e+00 -2.130527e-01
 -2.163686e-01 2.395690e+00 -3.526895e-01
 -4.630621e-01 2.488534e+00 -4.996686e-01
 -8.078443e-01 2.558121e+00 -5.358131e-01
 -1.216422e+00 2.503479e+00 -4.684051e-01
 -1.568489e+00 2.298072e+00 -3.102903e-01
 -1.785074e+00 1.971859e+00 -1.395640e-01
 -1.836668e+00 1.567798e+00 1.675763e-02
 -1.706216e+00 1.170131e+00 1.314448e-01
 -1.423100e+00 8.414815e-01 1.610656e-01
 -1.042294e+00 6.319086e-01 7.654295e-02
 -7.339776e-01 5.759102e-01 -9.846566e-02
 -5.155037e-01 5.815317e-01 -4.078976e-01
 -2.056822e-01 6.870025e-01 -1.019307e+00
 7.248144e-02 5.726023e-01 -1.363106e+00
 3.324494e-01 2.704549e-01 -1.614914e+00
 4.807108e-01 -1.319556e-01 -1.731041e+00
 5.069712e-01 -5.586492e-01 -1.701284e+00
 4.534204e-01 -9.401855e-01 -1.499126e+00
 3.436255e-01 -1.212099e+00 -1.152790e+00
 1.799101e-01 -1.305152e+00 -7.534668e-01
 -1.111941e-01 -1.208635e+00 -3.093823e-01
 -3.520929e-01 -1.259267e+00 -3.931457e-02
 -5.808389e-01 -1.426836e+00 1.332106e-01
 -7.135434e-01 -1.718121e+00 3.441615e-01
 -6.833474e-01 -2.079545e+00 5.654172e-01
 -4.920938e-01 -2.371869e+00 7.778866e-01
 -1.863687e-01 -2.536928e+00 9.935483e-01
 1.834864e-01 -2.553794e+00 1.174316e+00
 5.521434e-01 -2.429265e+00 1.277750e+00
 8.770969e-01 -2.190324e+00 1.280488e+00
 1.104696e+00 -1.873508e+00 1.186311e+00
 1.256570e+00 -1.357130e+00 9.091762e-01
 1.470912e+00 -1.126303e+00 8.191931e-01
 1.680254e+00 -9.960465e-01 6.397976e-01
 1.821707e+00 -8.587711e-01 3.299233e-01
 1.817930e+00 -7.040270e-01 -2.693604e-02
 1.664404e+00 -5.568907e-01 -3.509946e-01
 1.389525e+00 -4.240030e-01 -5.930357e-01
 1.036938e+00 -3.205960e-01 -7.150453e-01
 3.417380e-01 -2.654668e-01 -7.194308e-01
 3.788521e-02 -2.907316e-01 -8.018521e-01
 -1.602134e-01 -3.412493e-01 -9.301592e-01
 -4.625084e-01 -3.765191e-01 -1.315004e+00
 -7.958176e-01 -4.290757e-01 -1.507856e+00
 -1.213422e+00 -5.126277e-01 -1.568187e+00
 -1.561178e+00 -5.975516e-01 -1.478076e+00
 -1.842929e+00 -6.626016e-01 -1.260947e+00
 -2.043270e+00 -7.141957e-01 -9.155194e-01
 -2.104314e+00 -7.483029e-01 -5.422199e-01
 -2.034228e+00 -7.564207e-01 -1.849603e-01
 -1.847939e+00 -7.413445e-01 1.225299e-01
 -1.571853e+00 -7.029745e-01 3.450302e-01
 -7.824428e-01 -5.674219e-01 6.141510e-01
 -5.782306e-01 -5.551766e-01 6.572711e-01
 -1.967139e-01 -5.945820e-01 7.374734e-01
 4.746139e-02 -5.583829e-01 8.690272e-01
 2.054074e-01 -5.389797e-01 1.034886e+00
 1.004605e+00 -7.858993e-01 1.712542e+00
 1.326226e+00 -9.426180e-01 1.839264e+00
 1.645536e+00 -1.147388e+00 1.837205e+00
 1.919336e+00 -1.366347e+00 1.707370e+00
 2.103147e+00 -1.582362e+00 1.477174e+00
 2.179005e+00 -1.767066e+00 1.176550e+00
 2.138319e+00 -1.900856e+00 8.433121e-01
 1.986110e+00 -1.965913e+00 5.155120e-01
 1.764669e+00 -1.927199e+00 2.289329e-01
 1.503674e+00 -1.799122e+00 2.423422e-02
 1.237062e+00 -1.592791e+00 -8.307684e-02
 9.980447e-01 -1.319744e+00 -8.170957e-02
 8.320851e-01 -1.021195e+00 2.833043e-02
 7.851641e-01 -7.341476e-01 1.881275e-01
 8.946616e-01 -4.293358e-01 3.117335e-01
 1.062680e+00 -1.442621e-01 5.521495e-01
