 -1.785550e+00 -4.236424e-01 1.254049e+00
 -1.407330e+00 -7.469086e-01 1.110614e+00
 -9.695480e-01 -8.445056e-01 8.928209e-01
 -4.467989e-01 -6.740384e-01 4.679941e-01
 -2.080251e-01 -6.986223e-01 1.605100e-01
 -8.571739e-02 -8.503142e-01 -5.565569e-02
 2.674182e-02 -1.359966e+00 -3.554007e-01
 2.877788e-02 -1.607433e+00 -6.513326e-01
 2.988468e-02 -1.726064e+00 -1.064352e+00
 6.164913e-02 -1.673763e+00 -1.473815e+00
 1.100021e-01 -1.469659e+00 -1.810922e+00
 1.224435e-01 -1.117644e+00 -2.056362e+00
 9.838978e-02 -7.184253e-01 -2.146626e+00
 5.967766e-02 -3.170881e-01 -2.073115e+00
 1.242436e-02 2.169697e-02 -1.847592e+00
 -3.350118e-02 2.325556e-01 -1.523269e+00
 -3.002353e-01 4.186803e-01 -6.008492e-01
 -5.300779e-01 5.189805e-01 -3.155140e-01
 -7.992894e-01 6.113876e-01 -2.210218e-01
 -1.113883e+00 7.941185e-01 -1.965289e-01
 -1.373162e+00 1.119620e+00 -2.533393e-01
 -1.497088e+00 1.481136e+00 -4.209669e-01
 -1.449158e+00 1.851997e+00 -6.336196e-01
 -1.236991e+00 2.151570e+00 -8.516579e-01
 -9.129588e-01 2.336877e+00 -1.008364e+00
 -5.124860e-01 2.401727e+00 -1.079639e+00
 -1.062637e-01 2.317710e+00 -1.073784e+00
 2.362584e-01 2.100015e+00 -9.891606e-01
 4.583179e-01 1.785632e+00 -8.434403e-01
 5.729246e-01 1.235520e+00 -5.200759e-01
 7.134648e-01 1.007282e+00 -3.124539e-01
 8.694294e-01 9.187153e-01 -1.572724e-01
 9.743742e-01 8.627719e-01 -9.753863e-02
 1.133624e+00 7.599325e-01 -5.277445e-02
 1.296805e+00 6.267170e-01 -4.145339e-02
 1.401973e+00 5.103781e-01 -5.017688e-02
 1.489539e+00 3.636610e-01 -6.680475e-02
 1.547068e+00 1.917207e-01 -9.316739e-02
 1.570371e+00 -4.531642e-03 -1.125647e-01
 1.550934e+00 -1.974415e-01 -1.259841e-01
 1.485176e+00 -3.987864e-01 -1.375891e-01
 1.352062e+00 -6.341877e-01 -1.563760e-01
 1.088887e+00 -9.267771e-01 -1.496723e-01
 1.008610e+00 -1.174857e+00 -1.512591e-01
 9.915922e-01 -1.479141e+00 -9.700989e-02
 9.975542e-01 -1.771262e+00 8.706419e-02
 1.012830e+00 -1.986780e+00 3.877428e-01
 9.981422e-01 -2.082351e+00 7.142492e-01
 9.420098e-01 -2.069410e+00 1.047581e+00
 8.418964e-01 -1.947209e+00 1.356303e+00
 6.873965e-01 -1.739909e+00 1.596753e+00
 5.067767e-01 -1.466931e+00 1.735090e+00
 3.276586e-01 -1.150523e+00 1.754062e+00
 1.736459e-01 -8.345046e-01 1.647011e+00
 3.031748e-02 -3.887390e-01 1.307403e+00
 4.025666e-03 -7.716328e-02 1.172445e+00
 2.899271e-02 1.782515e-01 1.144030e+00
 4.076007e-02 4.626265e-01 1.204501e+00
 1.730895e-02 8.927960e-01 1.426663e+00
 -4.656924e-02 1.265727e+00 1.477106e+00
 -1.429324e-01 1.626321e+00 1.394588e+00
 -2.693391e-01 1.912781e+00 1.202104e+00
 -3.835875e-01 2.093648e+00 9.304303e-01
 -4.655645e-01 2.164148e+00 6.071227e-01
 -5.081258e-01 2.118206e+00 2.581869e-01
 -5.082736e-01 1.942431e+00 -1.054268e-01
 -4.716088e-01 1.638519e+00 -3.978136e-01
 -4.831772e-01 1.517852e+00 -5.538347e-01
 -5.124619e-01 1.433316e+00 -7.446109e-01
 -6.223235e-01 1.324721e+00 -9.465860e-01
 -8.394177e-01 1.115818e+00 -1.138489e+00
 -1.010475e+00 9.037583e-01 -1.205163e+00
 -1.147721e+00 6.145995e-01 -1.198753e+00
 -1.205683e+00 3.045853e-01 -1.108203e+00
 -1.172750e+00 -4.954109e-02 -9.037245e-01
 -1.035610e+00 -3.497513e-01 -5.776960e-01
 -1.011006e+00 -5.134644e-01 -4.753310e-01
 -1.082915e+00 -9.882515e-01 -3.017517e-01
 -9.813559e-01 -1.420450e+00 -4.507830e-02
 -8.094801e-01 -1.636413e+00 1.805681e-01
 -5.697915e-01 -1.724715e+00 4.016587e-01
 -2.645612e-01 -1.683131e+00 5.987897e-01
 1.098352e-01 -1.499020e+00 7.371961e-01
 5.148739e-01 -1.168981e+00 7.491637e-01
 7.920186e-01 -1.072395e+00 8.332193e-01
 1.143674e+00 -1.079867e+00 8.605882e-01
 1.492688e+00 -1.160805e+00 7.600556e-01
 1.786118e+00 -1.279474e+00 5.275114e-01
 1.957202e+00 -1.375298e+00 2.195194e-01
 2.012338e+00 -1.419394e+00 -1.374217e-01
 1.942503e+00 -1.408750e+00 -4.968093e-01
 1.757811e+00 -1.328180e+00 -8.247438e-01
 1.501280e+00 -1.208268e+00 -1.046481e+00
 1.189013e+00 -1.071142e+00 -1.156254e+00
 1.734690e-01 -6.912555e-01 -1.115458e+00
 -1.977753e-01 -7.204948e-01 -1.148179e+00
 -6.676012e-01 -9.018110e-01 -1.348654e+00
 -9.949277e-01 -9.809209e-01 -1.382042e+00
 -1.316255e+00 -9.911687e-01 -1.336167e+00
 -1.603009e+00 -9.432569e-01 -1.212512e+00
 -1.831322e+00 -8.455131e-01 -1.021437e+00
 -1.980945e+00 -7.059432e-01 -7.795447e-01
 -2.035498e+00 -5.387685e-01 -5.051260e-01
 -1.983211e+00 -3.587884e-01 -2.124430e-01
 -1.841120e+00 -2.077914e-01 2.661588e-02
 -1.252437e+00 1.018620e-01 5.340777e-01
 -1.082882e+00 1.722012e-01 7.430288e-01
 -9.954362e-01 1.863733e-01 9.283487e-01
 -9.492756e-01 2.260771e-01 1.469038e+00
 -6.979096e-01 1.942751e-01 1.884953e+00
 -2.787225e-01 1.476016e-01 2.141655e+00
 1.555076e-01 1.456180e-01 2.181935e+00
 5.835793e-01 1.314571e-01 2.016822e+00
 9.084587e-01 5.477124e-02 1.667141e+00
 1.037888e+00 -2.127809e-02 1.230214e+00
 9.630373e-01 -7.737356e-02 7.894443e-01
 5.484060e-01 -4.282150e-02 1.602085e-01
 5.275754e-01 -5.050710e-02 -2.905368e-01
 7.800011e-01 7.787985e-02 -7.628027e-01
 1.097531e+00 3.678423e-01 -1.024107e+00
 1.394884e+00 7.814278e-01 -1.057148e+00
 1.566903e+00 1.239756e+00 -8.599322e-01
 1.546976e+00 1.612944e+00 -5.097218e-01
 1.319702e+00 1.847408e+00 -1.190554e-01
 9.223654e-01 1.882908e+00 2.220416e-01
 4.893179e-01 1.679343e+00 4.456851e-01
 3.495325e-02 1.263421e+00 4.570927e-01
 -2.467667e-01 1.137482e+00 4.697853e-01
 -1.253472e+00 1.189571e+00 8.665193e-01
 -1.685503e+00 9.587933e-01 1.042803e+00
 -1.958458e+00 5.212986e-01 1.176234e+00
 -1.985303e+00 2.274385e-02 1.259198e+00
