 1.337969e+00 1.156372e+00 -2.192486e+00
 1.737250e+00 1.207570e+00 -1.796598e+00
 1.895938e+00 1.178145e+00 -1.547584e+00
 1.987703e+00 1.100082e+00 -1.282943e+00
 2.004311e+00 9.878337e-01 -1.020769e+00
 1.948578e+00 8.307628e-01 -7.733898e-01
 1.838149e+00 6.541453e-01 -5.989692e-01
 1.752908e+00 5.144656e-01 -5.351234e-01
 1.709760e+00 4.035290e-01 -5.000110e-01
 1.679231e+00 2.878300e-01 -4.496884e-01
 1.623555e+00 9.028666e-02 -2.977830e-01
 1.525976e+00 -3.827030e-01 2.763955e-01
 1.471729e+00 -5.525622e-01 5.031807e-01
 1.390271e+00 -6.571719e-01 6.685159e-01
 1.282000e+00 -7.328197e-01 8.150261e-01
 1.173411e+00 -7.758354e-01 9.251876e-01
 7.381615e-01 -9.086568e-01 1.241237e+00
 5.637695e-01 -1.119175e+00 1.460695e+00
 4.630819e-01 -1.293165e+00 1.540710e+00
 2.831356e-01 -1.548705e+00 1.558845e+00
 1.174094e-01 -1.743736e+00 1.507489e+00
 -7.165579e-02 -1.895636e+00 1.401724e+00
 -2.725549e-01 -1.992934e+00 1.251312e+00
 -4.590109e-01 -2.022464e+00 1.078879e+00
 -6.430073e-01 -1.979593e+00 8.921521e-01
 -8.241485e-01 -1.856444e+00 6.962481e-01
 -9.577519e-01 -1.665845e+00 5.179923e-01
 -1.035333e+00 -1.413669e+00 3.663644e-01
 -1.042235e+00 -1.098254e+00 2.467652e-01
 -1.068130e+00 -9.467859e-01 1.667128e-01
 -1.119395e+00 -8.377710e-01 8.407909e-02
 -1.258187e+00 -6.857266e-01 -4.640531e-02
 -1.572512e+00 -4.863252e-01 -2.666847e-01
 -1.737719e+00 -2.607966e-01 -4.828932e-01
 -1.816692e+00 6.129921e-02 -7.255227e-01
 -1.791461e+00 3.996248e-01 -9.138314e-01
 -1.486223e+00 1.284399e+00 -1.265108e+00
 -1.222936e+00 1.557256e+00 -1.436820e+00
 -8.763125e-01 1.690718e+00 -1.601037e+00
 -5.048247e-01 1.673981e+00 -1.734280e+00
 -1.602808e-01 1.521468e+00 -1.814220e+00
 1.326383e-01 1.236159e+00 -1.844422e+00
 2.503663e-01 9.803979e-01 -1.824081e+00
 2.621898e-01 5.974242e-01 -1.841077e+00
 2.138570e-01 2.644907e-01 -1.707385e+00
 5.449715e-02 -9.907681e-03 -1.525259e+00
 -1.786743e-01 -1.816465e-01 -1.281769e+00
 -4.428604e-01 -2.043277e-01 -1.012431e+00
 -6.774987e-01 -7.944174e-02 -6.887258e-01
 -8.206642e-01 1.738113e-01 -4.389136e-01
 -1.407381e+00 1.290135e+00 3.987492e-02
 -1.574670e+00 1.580285e+00 4.213347e-01
 -1.696419e+00 1.650958e+00 9.189922e-01
 -1.751924e+00 1.474133e+00 1.399259e+00
 -1.684029e+00 1.106993e+00 1.756126e+00
 -1.496699e+00 6.645831e-01 1.897004e+00
 -1.301105e+00 2.168222e-01 1.786721e+00
 -1.219967e+00 -1.178793e-01 1.494396e+00
 -1.345671e+00 -3.540856e-01 1.088705e+00
 -1.826120e+00 -7.502708e-01 8.094338e-01
 -1.982006e+00 -9.707722e-01 6.128028e-01
 -2.048236e+00 -1.192304e+00 3.534108e-01
 -2.023971e+00 -1.351807e+00 1.022314e-01
 -1.915559e+00 -1.466080e+00 -1.521533e-01
 -1.721688e+00 -1.526771e+00 -3.906753e-01
 -1.446639e+00 -1.537680e+00 -5.803582e-01
 -1.099780e+00 -1.498181e+00 -6.882526e-01
 -7.658751e-01 -1.398603e+00 -6.918425e-01
 -4.711397e-01 -1.245604e+00 -5.963483e-01
 1.359382e-01 -6.219301e-01 -1.514264e-01
 5.213535e-01 -1.902601e-01 3.833744e-01
 5.674707e-01 -1.124908e-01 4.767950e-01
 6.227465e-01 2.799055e-02 6.409572e-01
 6.379797e-01 2.337245e-01 8.133517e-01
 5.413935e-01 5.955283e-01 1.015352e+00
 2.223484e-01 8.702352e-01 1.228071e+00
 -2.723256e-01 1.013604e+00 1.288490e+00
 -8.308043e-01 9.850124e-01 1.102792e+00
 -1.256710e+00 7.007266e-01 8.744206e-01
 -1.600058e+00 6.098050e-01 8.434989e-01
 -1.885822e+00 5.107651e-01 9.400729e-01
 -2.146751e+00 3.005765e-01 1.169317e+00
 -2.264943e+00 -3.995111e-03 1.478675e+00
 -2.209627e+00 -3.184303e-01 1.721842e+00
 -2.019150e+00 -6.507093e-01 1.869007e+00
 -1.723194e+00 -9.457807e-01 1.883138e+00
 -1.335345e+00 -1.136937e+00 1.778192e+00
 -9.319653e-01 -1.166356e+00 1.571190e+00
 -5.208377e-01 -1.009281e+00 1.184905e+00
 -2.535075e-01 -1.009982e+00 8.815444e-01
 -9.557746e-02 -1.154850e+00 6.833933e-01
 1.439119e-01 -1.384588e+00 5.453008e-01
 4.760724e-01 -1.626880e+00 5.525976e-01
 8.178471e-01 -1.792290e+00 7.113600e-01
 1.115527e+00 -1.844389e+00 9.838725e-01
 1.336500e+00 -1.765356e+00 1.282797e+00
 1.476571e+00 -1.570350e+00 1.566860e+00
 1.504958e+00 -1.307254e+00 1.818765e+00
 1.425250e+00 -1.019632e+00 2.007764e+00
 1.258000e+00 -7.427406e-01 2.116645e+00
 1.030161e+00 -5.044203e-01 2.140294e+00
 7.697980e-01 -3.239277e-01 2.082595e+00
 5.060432e-01 -2.142959e-01 1.954384e+00
 -1.783483e-01 -7.328161e-02 1.379401e+00
 -3.183501e-01 -3.926131e-04 1.073719e+00
 -3.804649e-01 1.140435e-01 7.548320e-01
 -3.748931e-01 2.107590e-01 5.952875e-01
 -3.425568e-01 3.159535e-01 4.902697e-01
 -2.769680e-01 4.326148e-01 4.148976e-01
 -2.245803e-01 5.876961e-01 3.388220e-01
 -1.720492e-01 9.258384e-01 2.372835e-01
 -5.087375e-02 1.217672e+00 9.547235e-02
 1.001828e-01 1.414249e+00 -8.246743e-02
 2.729837e-01 1.523550e+00 -2.857774e-01
 4.525263e-01 1.544488e+00 -5.001046e-01
 6.283587e-01 1.478924e+00 -7.109029e-01
 7.889695e-01 1.329338e+00 -9.077665e-01
 9.556482e-01 1.056848e+00 -1.103889e+00
 1.047458e+00 7.270547e-01 -1.221198e+00
 1.139529e+00 5.197381e-01 -1.340196e+00
 1.369420e+00 3.060075e-01 -1.452456e+00
 1.672401e+00 1.380302e-01 -1.479870e+00
 1.996209e+00 2.265414e-02 -1.396752e+00
 2.297971e+00 -2.969392e-02 -1.207382e+00
 2.535761e+00 -2.064939e-02 -9.181731e-01
 2.669155e+00 5.895585e-02 -5.591608e-01
 2.662977e+00 2.068795e-01 -1.827396e-01
 2.499869e+00 4.035545e-01 1.554342e-01
 2.197850e+00 6.121845e-01 3.811360e-01
 1.794696e+00 7.719634e-01 4.564316e-01
 1.358662e+00 8.515774e-01 3.541145e-01
 1.046344e+00 8.457761e-01 1.236711e-01
 5.249928e-01 4.891193e-01 -3.681206e-01
 2.812552e-01 4.959701e-01 -5.674029e-01
 -1.735684e-01 8.010854e-01 -9.132763e-01
 -3.752430e-01 8.501221e-01 -1.046818e+00
 -5.466465e-01 7.898369e-01 -1.213849e+00
 -6.879253e-01 6.850322e-01 -1.483271e+00
 -7.525884e-01 6.819092e-01 -1.760966e+00
 -7.212916e-01 7.066481e-01 -2.096105e+00
 -5.884776e-01 7.577460e-01 -2.390676e+00
 -3.808722e-01 8.186670e-01 -2.617668e+00
 -1.269671e-01 8.795759e-01 -2.765049e+00
 1.427876e-01 9.389126e-01 -2.829967e+00
 4.018529e-01 9.898900e-01 -2.821194e+00
 6.321254e-01 1.032390e+00 -2.754032e+00
 8.205319e-01 1.066095e+00 -2.647693e+00
