 -1.010132e+00 7.928858e-01 -1.513121e+00
 -4.377480e-01 7.537081e-01 -1.804101e+00
 -3.944219e-02 7.029461e-01 -1.832425e+00
 3.074030e-01 6.206647e-01 -1.720567e+00
 5.582232e-01 4.957081e-01 -1.512502e+00
 6.866793e-01 3.258079e-01 -1.268797e+00
 7.507888e-01 2.624339e-02 -1.086903e+00
 1.259123e+00 -6.649180e-01 -8.894978e-01
 1.429760e+00 -9.813926e-01 -6.311311e-01
 1.464152e+00 -1.220326e+00 -2.730661e-01
 1.368044e+00 -1.336438e+00 1.518002e-01
 1.166272e+00 -1.284631e+00 5.077701e-01
 9.615218e-01 -1.209490e+00 6.561903e-01
 7.725354e-01 -1.186055e+00 7.629031e-01
 2.984592e-01 -1.231541e+00 9.138636e-01
 -4.538201e-01 -1.038716e+00 1.171328e+00
 -9.057143e-01 -7.829679e-01 1.101538e+00
 -1.157824e+00 -5.599618e-01 8.527513e-01
 -1.298485e+00 -5.192393e-01 6.325365e-01
 -1.518959e+00 -4.978197e-01 4.437321e-01
 -1.829910e+00 -2.702102e-01 2.489661e-01
 -1.999054e+00 1.382415e-01 3.956662e-02
 -1.934726e+00 5.566815e-01 -1.733617e-01
 -1.662064e+00 8.986862e-01 -3.522747e-01
 -1.112008e+00 1.144752e+00 -5.207836e-01
 -9.311879e-01 1.363401e+00 -6.663463e-01
 -8.222080e-01 1.595555e+00 -8.935436e-01
 -7.930042e-01 1.774101e+00 -1.284711e+00
 -8.670600e-01 1.799560e+00 -1.716997e+00
 -1.006782e+00 1.654465e+00 -2.102528e+00
 -1.148258e+00 1.373689e+00 -2.373564e+00
 -1.261606e+00 9.953043e-01 -2.505108e+00
 -1.361236e+00 5.878166e-01 -2.467491e+00
 -1.429912e+00 2.254528e-01 -2.266577e+00
 -1.451594e+00 -3.330866e-02 -1.937518e+00
 -1.418122e+00 -1.474030e-01 -1.536528e+00
 -1.208294e+00 -5.448935e-02 -6.726663e-01
 -9.819481e-01 1.020187e-01 -2.032759e-01
 -9.492546e-01 2.674076e-01 5.934876e-02
 -1.093149e+00 4.746088e-01 4.554323e-01
 -1.401417e+00 4.844361e-01 8.476373e-01
 -1.757613e+00 2.528937e-01 1.150432e+00
 -2.015441e+00 -1.821986e-01 1.308691e+00
 -2.088843e+00 -6.987033e-01 1.292531e+00
 -1.960573e+00 -1.170192e+00 1.109143e+00
 -1.661957e+00 -1.477367e+00 8.013529e-01
 -1.253546e+00 -1.540407e+00 4.671894e-01
 -8.397692e-01 -1.343999e+00 2.121956e-01
 -5.173039e-01 -9.580222e-01 1.190832e-01
 -3.474877e-01 -5.547476e-01 2.327764e-01
 -2.229598e-01 -2.884396e-01 4.825306e-01
 -2.971192e-01 1.443886e-01 9.843047e-01
 -1.399692e-01 4.147160e-01 1.351433e+00
 1.765728e-01 5.475574e-01 1.675632e+00
 5.977844e-01 5.295725e-01 1.886827e+00
 1.058532e+00 3.663135e-01 1.920051e+00
 1.411886e+00 7.019035e-02 1.785772e+00
 1.574096e+00 -3.067404e-01 1.557173e+00
 1.519042e+00 -6.905949e-01 1.441633e+00
 1.486214e+00 -1.328229e+00 1.522499e+00
 1.354604e+00 -1.706262e+00 1.456820e+00
 1.156116e+00 -2.012335e+00 1.257975e+00
 9.214694e-01 -2.187102e+00 9.598535e-01
 6.938306e-01 -2.199928e+00 6.056688e-01
 5.259173e-01 -2.049923e+00 2.519750e-01
 4.144820e-01 -1.755117e+00 -2.187379e-02
 3.778985e-01 -1.349705e+00 -1.754791e-01
 4.861029e-01 -9.105241e-01 -2.048167e-01
 6.789508e-01 -5.088498e-01 -4.041909e-02
 1.112067e+00 -3.345600e-01 1.196762e-01
 1.370895e+00 -3.106749e-01 2.342394e-01
 2.239902e+00 -4.955847e-01 7.345170e-01
 2.487952e+00 -6.085615e-01 1.097599e+00
 2.549765e+00 -7.173523e-01 1.535825e+00
 2.411746e+00 -7.947755e-01 1.965298e+00
 2.099847e+00 -8.192362e-01 2.301798e+00
 1.679256e+00 -7.894356e-01 2.473568e+00
 1.226431e+00 -7.465744e-01 2.442217e+00
 8.220146e-01 -6.765879e-01 2.209704e+00
 5.753685e-01 -5.652465e-01 1.833992e+00
 5.283652e-01 -3.864000e-01 1.418178e+00
 6.573142e-01 -2.143869e-01 1.116911e+00
 8.010067e-01 1.649925e-01 9.327976e-01
 9.174427e-01 7.883151e-01 8.466831e-01
 8.418567e-01 1.250045e+00 5.831867e-01
 6.813097e-01 1.514481e+00 1.885046e-01
 4.766531e-01 1.542430e+00 -2.418016e-01
 2.373827e-01 1.354204e+00 -5.929512e-01
 5.868443e-03 1.002138e+00 -8.059878e-01
 -1.429267e-01 7.512489e-01 -8.157098e-01
 -2.405002e-01 3.802233e-01 -8.445283e-01
 -2.862792e-01 1.193972e-02 -1.097538e+00
 -1.773496e-01 -2.549354e-01 -1.449225e+00
 1.296869e-01 -4.081060e-01 -1.790652e+00
 5.640110e-01 -4.027562e-01 -2.015922e+00
 1.033005e+00 -2.671709e-01 -2.051566e+00
 1.422026e+00 -3.000356e-02 -1.901136e+00
 1.660884e+00 2.234897e-01 -1.590232e+00
 1.713617e+00 4.341949e-01 -1.175117e+00
 1.560304e+00 5.852618e-01 -7.540298e-01
 1.236357e+00 6.463738e-01 -4.225796e-01
 4.565802e-01 4.983543e-01 -3.851075e-02
 2.595086e-01 5.418438e-01 8.373402e-02
 -5.521847e-02 7.888370e-01 2.344219e-01
 -7.880275e-01 1.630699e+00 3.279686e-01
 -1.120698e+00 1.872297e+00 2.149774e-01
 -1.439830e+00 2.007636e+00 -4.162408e-02
 -1.684032e+00 2.012442e+00 -4.018490e-01
 -1.822319e+00 1.865214e+00 -8.312917e-01
 -1.818295e+00 1.574934e+00 -1.185124e+00
 -1.669143e+00 1.222487e+00 -1.402563e+00
 -1.382764e+00 9.167877e-01 -1.476791e+00
