 -1.754851e+00 1.892391e+00 -8.101868e-01
 -1.953514e+00 1.584487e+00 -5.516335e-01
 -1.959393e+00 1.193519e+00 -2.963880e-01
 -1.758468e+00 8.349712e-01 -8.532017e-02
 -1.325875e+00 4.768715e-01 1.337118e-02
 -1.197180e+00 2.719750e-01 8.663020e-02
 -1.152714e+00 1.178954e-01 1.357984e-01
 -1.137281e+00 -3.821637e-02 1.744335e-01
 -1.132889e+00 -2.776777e-01 2.149172e-01
 -1.043533e+00 -5.530122e-01 2.678521e-01
 -8.744518e-01 -7.918336e-01 3.274459e-01
 -6.176625e-01 -9.848187e-01 3.863010e-01
 -3.149241e-01 -1.071174e+00 4.223495e-01
 7.109301e-03 -1.061765e+00 4.860747e-01
 2.066251e-01 -9.878135e-01 5.641801e-01
 4.906321e-01 -8.197210e-01 8.183606e-01
 6.530961e-01 -7.552768e-01 1.212188e+00
 7.509979e-01 -9.150064e-01 1.682973e+00
 7.695124e-01 -1.265477e+00 2.025917e+00
 7.415122e-01 -1.720161e+00 2.169094e+00
 6.836131e-01 -2.171228e+00 2.098398e+00
 6.001874e-01 -2.529489e+00 1.851444e+00
 5.334920e-01 -2.743127e+00 1.493092e+00
 5.047935e-01 -2.797453e+00 1.095536e+00
 5.028256e-01 -2.702061e+00 7.199659e-01
 5.297387e-01 -2.487628e+00 4.193031e-01
 5.904138e-01 -2.207954e+00 2.266251e-01
 7.012279e-01 -1.897215e+00 1.353352e-01
 8.347936e-01 -1.653501e+00 1.494500e-01
 1.041428e+00 -1.457884e+00 2.182468e-01
 1.297847e+00 -1.324593e+00 2.157756e-01
 1.538853e+00 -1.172229e+00 9.655624e-02
 1.734221e+00 -9.466826e-01 -1.338557e-01
 1.787556e+00 -7.088264e-01 -3.713655e-01
 1.714439e+00 -4.157174e-01 -5.997975e-01
 1.549067e+00 -1.589201e-01 -7.466070e-01
 1.300779e+00 4.752413e-02 -8.363369e-01
 1.019882e+00 1.761800e-01 -8.588988e-01
 4.638423e-01 3.467775e-01 -7.324414e-01
 1.261792e-01 6.469286e-01 -5.869396e-01
 8.980237e-03 9.117752e-01 -4.728637e-01
 2.594521e-02 1.177138e+00 -3.988125e-01
 7.468762e-02 1.541843e+00 -3.958347e-01
 1.748579e-01 1.934931e+00 -5.867783e-01
 2.885900e-01 2.194251e+00 -9.318312e-01
 3.457246e-01 2.289611e+00 -1.356463e+00
 3.053793e-01 2.226577e+00 -1.774675e+00
 2.025406e-01 2.021408e+00 -2.116681e+00
 7.247269e-02 1.718587e+00 -2.334244e+00
 -6.371687e-02 1.376467e+00 -2.410370e+00
 -1.887609e-01 1.046299e+00 -2.354156e+00
 -2.906496e-01 7.664689e-01 -2.190674e+00
 -3.621873e-01 5.624921e-01 -1.954454e+00
 -4.957564e-01 3.101970e-01 -1.345490e+00
 -7.177546e-01 1.689755e-01 -1.033704e+00
 -9.217809e-01 8.096283e-02 -9.100033e-01
 -1.407193e+00 -1.434936e-01 -8.248088e-01
 -1.780443e+00 -2.094632e-01 -6.102553e-01
 -2.058104e+00 -2.067316e-01 -2.452087e-01
 -2.154076e+00 -1.431311e-01 1.503371e-01
 -2.093750e+00 3.156360e-03 5.285850e-01
 -1.891352e+00 2.171118e-01 8.347212e-01
 -1.626056e+00 4.172242e-01 9.990288e-01
 -1.324161e+00 5.968339e-01 1.041026e+00
 -1.022795e+00 7.362792e-01 9.711843e-01
 -5.961270e-01 9.044337e-01 6.988187e-01
 -3.439011e-01 1.105576e+00 5.793353e-01
 -2.259099e-01 1.255531e+00 5.682499e-01
 -4.470772e-02 1.445968e+00 6.038989e-01
 2.897472e-01 1.599597e+00 7.083908e-01
 6.819417e-01 1.606162e+00 8.229594e-01
 1.056833e+00 1.446207e+00 9.261270e-01
 1.351986e+00 1.155813e+00 9.472233e-01
 1.523804e+00 7.806319e-01 8.745863e-01
 1.534937e+00 3.747758e-01 7.227753e-01
 1.378293e+00 1.795892e-02 5.096481e-01
 8.178162e-01 -4.471306e-01 -6.571362e-02
 7.497573e-01 -7.090894e-01 -3.928085e-01
 8.126333e-01 -9.062510e-01 -6.089256e-01
 9.766701e-01 -1.226603e+00 -7.751028e-01
 1.185520e+00 -1.519333e+00 -8.027096e-01
 1.399830e+00 -1.810655e+00 -6.886646e-01
 1.556012e+00 -2.056522e+00 -4.511913e-01
 1.637947e+00 -2.221903e+00 -1.334553e-01
 1.639196e+00 -2.290806e+00 2.097625e-01
 1.560752e+00 -2.266951e+00 5.573200e-01
 1.407927e+00 -2.169354e+00 8.436862e-01
 1.202340e+00 -2.029502e+00 1.040765e+00
 9.786401e-01 -1.890101e+00 1.133798e+00
 7.473409e-01 -1.798138e+00 1.143527e+00
 5.505057e-01 -1.779451e+00 1.151265e+00
 3.324073e-01 -1.755063e+00 1.223971e+00
 1.362301e-01 -1.667848e+00 1.320871e+00
 -7.020701e-02 -1.483215e+00 1.410289e+00
 -2.331593e-01 -1.228948e+00 1.455684e+00
 -3.395467e-01 -9.041733e-01 1.439199e+00
 -3.845640e-01 -5.594801e-01 1.307679e+00
 -3.514530e-01 -2.664041e-01 1.066048e+00
 -2.540705e-01 -8.047676e-02 7.303786e-01
 -1.259669e-01 -5.688693e-02 2.934965e-01
 -1.547169e-01 -2.144802e-01 -1.183524e-01
 -2.832103e-01 -7.078262e-01 -6.982545e-01
 -4.772494e-01 -8.340085e-01 -1.114196e+00
 -7.444210e-01 -7.523168e-01 -1.503509e+00
 -1.036909e+00 -4.681768e-01 -1.788949e+00
 -1.278729e+00 -1.114251e-01 -1.880543e+00
 -1.432633e+00 2.791319e-01 -1.804730e+00
 -1.449067e+00 6.909777e-01 -1.562669e+00
 -1.320921e+00 9.940858e-01 -1.195274e+00
 -1.076728e+00 1.106567e+00 -8.135449e-01
 -9.667587e-01 1.245549e+00 -6.165218e-01
 -9.523211e-01 1.418806e+00 -3.671117e-01
 -1.082928e+00 1.764434e+00 3.372335e-01
 -1.051722e+00 1.837135e+00 6.976060e-01
 -9.265070e-01 1.819050e+00 1.043019e+00
 -7.185836e-01 1.699196e+00 1.345488e+00
 -4.645821e-01 1.483190e+00 1.540794e+00
 -1.803270e-01 1.204633e+00 1.595996e+00
 1.150315e-01 9.168869e-01 1.479283e+00
 3.536652e-01 6.833169e-01 1.199491e+00
 5.171749e-01 5.797664e-01 7.964071e-01
 5.809616e-01 6.573365e-01 4.036937e-01
 9.250547e-01 9.261388e-01 4.216334e-03
 1.024597e+00 1.085450e+00 -2.669762e-01
 1.035553e+00 1.199620e+00 -5.623113e-01
 9.484378e-01 1.255862e+00 -8.518485e-01
 7.455200e-01 1.266519e+00 -1.136253e+00
 4.296895e-01 1.260025e+00 -1.344586e+00
 1.432793e-01 1.278274e+00 -1.404285e+00
 -1.896502e-01 1.393158e+00 -1.386460e+00
 -6.656795e-01 1.830396e+00 -1.415838e+00
 -1.034717e+00 2.024657e+00 -1.288500e+00
 -1.422628e+00 2.050876e+00 -1.069115e+00
