 1.154557e+00 2.720368e+00 -3.808196e-01
 1.256583e+00 2.560664e+00 -3.990886e-02
 1.238820e+00 2.324039e+00 2.631534e-01
 1.108760e+00 2.044777e+00 4.871005e-01
 8.877534e-01 1.760669e+00 6.030387e-01
 -1.133260e-02 9.544868e-01 5.828447e-01
 -2.597916e-01 8.514745e-01 6.936030e-01
 -4.353000e-01 7.451806e-01 8.414740e-01
 -5.753171e-01 5.203420e-01 1.061872e+00
 -6.121209e-01 2.250551e-01 1.269609e+00
 -5.615075e-01 -9.619093e-02 1.385478e+00
 -4.508418e-01 -4.348126e-01 1.390662e+00
 -2.808910e-01 -7.423964e-01 1.281366e+00
 -6.488953e-02 -9.721380e-01 1.073513e+00
 4.491617e-01 -1.211263e+00 4.967015e-01
 6.862590e-01 -1.366892e+00 3.504675e-01
 9.726006e-01 -1.495439e+00 2.952850e-01
 1.295796e+00 -1.729840e+00 3.758285e-01
 1.512365e+00 -2.014486e+00 5.799697e-01
 1.577585e+00 -2.323774e+00 8.636224e-01
 1.465798e+00 -2.609090e+00 1.171028e+00
 1.190022e+00 -2.827922e+00 1.426978e+00
 7.978073e-01 -2.937412e+00 1.585924e+00
 3.572691e-01 -2.917096e+00 1.614783e+00
 -4.903133e-02 -2.765705e+00 1.505740e+00
 -3.430848e-01 -2.524705e+00 1.264860e+00
 -4.650160e-01 -2.250379e+00 9.312340e-01
 -3.957295e-01 -2.020009e+00 5.723767e-01
 -2.151303e-01 -1.929717e+00 2.829791e-01
 -3.438440e-02 -1.978119e+00 -2.218551e-02
 -3.272231e-02 -2.032138e+00 -4.091399e-01
 -1.702269e-01 -1.887409e+00 -8.728211e-01
 -3.282545e-01 -1.542178e+00 -1.184628e+00
 -4.413807e-01 -1.094070e+00 -1.295732e+00
 -5.210826e-01 -6.294673e-01 -1.188686e+00
 -5.240624e-01 1.699449e-01 -5.709349e-01
 -6.098962e-01 4.488101e-01 -3.330415e-01
 -7.603202e-01 5.799623e-01 -1.359185e-01
 -1.071245e+00 6.952431e-01 5.649048e-02
 -1.493502e+00 8.117372e-01 9.364996e-02
 -1.898536e+00 9.010689e-01 -6.146174e-02
 -2.205052e+00 9.686972e-01 -3.843569e-01
 -2.339245e+00 1.027673e+00 -7.908257e-01
 -2.288073e+00 1.097822e+00 -1.215855e+00
 -2.063367e+00 1.132251e+00 -1.587144e+00
 -1.710388e+00 1.119503e+00 -1.836374e+00
 -1.292602e+00 1.067426e+00 -1.921517e+00
 -8.820920e-01 9.902183e-01 -1.829694e+00
 -6.556649e-02 8.063233e-01 -1.214028e+00
 1.452156e-01 8.226912e-01 -9.616354e-01
 2.948701e-01 8.423715e-01 -5.982652e-01
 5.138738e-01 8.320799e-01 -3.182042e-01
 8.771415e-01 8.242874e-01 -1.508968e-01
 1.281524e+00 6.743111e-01 -1.211546e-01
 1.625057e+00 3.621106e-01 -2.148369e-01
 1.787146e+00 -6.508670e-02 -4.041702e-01
 1.711293e+00 -5.210075e-01 -5.577902e-01
 1.417333e+00 -9.148057e-01 -6.410384e-01
 9.662026e-01 -1.131983e+00 -6.662590e-01
 5.178026e-01 -1.124229e+00 -6.280850e-01
 1.405743e-01 -9.977031e-01 -4.360871e-01
 -2.523403e-01 -1.008717e+00 -2.601078e-01
 -6.756688e-01 -1.190379e+00 -2.732402e-01
 -9.662107e-01 -1.534896e+00 -2.949475e-01
 -1.066471e+00 -1.975507e+00 -2.906362e-01
 -9.685432e-01 -2.423432e+00 -2.238888e-01
 -7.027099e-01 -2.777399e+00 -7.324894e-02
 -3.328273e-01 -2.958885e+00 1.358943e-01
 6.516558e-02 -2.935895e+00 3.598061e-01
 3.934784e-01 -2.721799e+00 5.622015e-01
 5.502689e-01 -2.424632e+00 7.268149e-01
 5.582263e-01 -2.224421e+00 8.786775e-01
 5.880201e-01 -2.077581e+00 1.061360e+00
 7.533755e-01 -1.844285e+00 1.260538e+00
 9.898997e-01 -1.486487e+00 1.337902e+00
 1.177302e+00 -1.084497e+00 1.222659e+00
 1.255559e+00 -7.338127e-01 9.432954e-01
 1.207832e+00 -5.066586e-01 5.732406e-01
 8.247698e-01 -2.810669e-01 -8.132949e-02
 7.489407e-01 -1.788791e-01 -3.163140e-01
 7.633582e-01 -1.084940e-01 -6.103041e-01
 8.868855e-01 6.354019e-02 -8.951212e-01
 1.055354e+00 3.410168e-01 -1.078553e+00
 1.164659e+00 6.925163e-01 -1.141335e+00
 1.150902e+00 1.092952e+00 -1.107769e+00
 1.042659e+00 1.446395e+00 -9.668793e-01
 8.821640e-01 1.696980e+00 -7.299877e-01
 5.341377e-01 1.890880e+00 -3.531073e-01
 3.348662e-01 2.123149e+00 -1.960207e-01
 8.030992e-02 2.379195e+00 -1.710479e-01
 -2.921044e-01 2.555669e+00 -2.506399e-01
 -7.181346e-01 2.545110e+00 -3.668913e-01
 -1.088816e+00 2.355253e+00 -5.000516e-01
 -1.337512e+00 2.027608e+00 -6.474682e-01
 -1.417729e+00 1.628103e+00 -7.925199e-01
 -1.299026e+00 1.033429e+00 -8.929982e-01
 -1.375866e+00 6.888944e-01 -9.449608e-01
 -1.495660e+00 3.782316e-01 -8.573373e-01
 -1.547990e+00 6.218435e-02 -6.171529e-01
 -1.442397e+00 -2.010602e-01 -2.951169e-01
 -1.194619e+00 -3.442779e-01 2.357891e-02
 -8.109498e-01 -3.508745e-01 3.034115e-01
 -1.469003e-02 -1.376458e-01 4.707965e-01
 2.956808e-01 1.915397e-03 8.253866e-01
 4.070222e-01 1.989329e-01 1.140729e+00
 3.932196e-01 5.063557e-01 1.417119e+00
 2.688746e-01 8.791324e-01 1.577513e+00
 6.531610e-02 1.233104e+00 1.593227e+00
 -1.689815e-01 1.523260e+00 1.460186e+00
 -3.773913e-01 1.738561e+00 1.183567e+00
 -5.206324e-01 1.835219e+00 8.105619e-01
 -6.018414e-01 1.780902e+00 4.121315e-01
 -5.613045e-01 1.572678e+00 -4.984049e-02
 -4.420195e-01 1.526318e+00 -4.776613e-01
 -3.642581e-01 1.693904e+00 -8.275131e-01
 -1.823106e-01 1.951648e+00 -1.086534e+00
 6.775830e-02 2.255120e+00 -1.195769e+00
 3.455455e-01 2.528105e+00 -1.152624e+00
 6.481337e-01 2.713887e+00 -9.803732e-01
 9.421339e-01 2.777307e+00 -7.094442e-01
