 -1.435043e+00 2.495121e+00 7.094013e-01
 -1.426237e+00 2.502437e+00 3.427877e-01
 -1.324811e+00 2.462243e+00 4.619887e-02
 -1.160859e+00 2.393240e+00 -1.789934e-01
 -9.600129e-01 2.340334e+00 -3.152920e-01
 -7.775704e-01 2.349325e+00 -4.053870e-01
 -6.103201e-01 2.387623e+00 -5.460046e-01
 -4.725584e-01 2.376384e+00 -7.231089e-01
 -3.118408e-01 2.268898e+00 -9.560275e-01
 -1.689532e-01 2.060331e+00 -1.163302e+00
 -1.243672e-02 1.774159e+00 -1.286259e+00
 1.290198e-01 1.452591e+00 -1.281681e+00
 2.423819e-01 1.206630e+00 -1.170645e+00
 3.836174e-01 1.027392e+00 -9.822925e-01
 5.941949e-01 9.460371e-01 -7.839949e-01
 8.866032e-01 8.688313e-01 -6.748678e-01
 1.290341e+00 6.165383e-01 -7.109948e-01
 1.524754e+00 2.278866e-01 -8.320240e-01
 1.532540e+00 -2.391930e-01 -9.361604e-01
 1.333651e+00 -6.645158e-01 -9.762568e-01
 9.625859e-01 -9.756255e-01 -9.416141e-01
 5.890868e-01 -1.068116e+00 -8.734681e-01
 2.324077e-01 -1.088305e+00 -6.303122e-01
 -3.122332e-02 -1.229375e+00 -4.687607e-01
 -3.145478e-01 -1.414550e+00 -4.146409e-01
 -5.822739e-01 -1.880425e+00 -4.619072e-01
 -5.729093e-01 -2.386763e+00 -5.370813e-01
 -3.256778e-01 -2.823236e+00 -5.526766e-01
 7.927206e-02 -3.088428e+00 -5.087892e-01
 5.363826e-01 -3.152009e+00 -3.949612e-01
 9.479300e-01 -3.010683e+00 -2.250340e-01
 1.220261e+00 -2.712534e+00 -1.655476e-02
 1.280218e+00 -2.391502e+00 2.045129e-01
 1.246804e+00 -2.247876e+00 3.904066e-01
 1.260934e+00 -2.125775e+00 6.102692e-01
 1.380018e+00 -1.799361e+00 8.685438e-01
 1.457222e+00 -1.325915e+00 9.570407e-01
 1.427027e+00 -8.366486e-01 8.296169e-01
 1.253195e+00 -4.520673e-01 5.097749e-01
 6.975314e-01 -1.470561e-01 -3.387813e-01
 4.963828e-01 -7.726188e-02 -6.958504e-01
 5.265723e-01 -2.369690e-02 -1.124188e+00
 7.595691e-01 2.380000e-01 -1.547452e+00
 1.043152e+00 7.093042e-01 -1.731341e+00
 1.207734e+00 1.306118e+00 -1.583402e+00
 1.130729e+00 1.778001e+00 -1.161846e+00
 7.888432e-01 1.966849e+00 -6.353840e-01
 2.986988e-01 1.813841e+00 -2.669972e-01
 -1.172554e-01 1.512416e+00 -2.473330e-01
 -6.177739e-01 1.338532e+00 -5.489662e-01
 -9.948071e-01 1.472515e+00 -9.229375e-01
 -1.262329e+00 1.898342e+00 -1.212279e+00
 -1.353940e+00 2.447789e+00 -1.271970e+00
 -1.299903e+00 2.944214e+00 -1.083290e+00
 -1.114206e+00 3.270140e+00 -7.429283e-01
 -8.667072e-01 3.373615e+00 -3.276590e-01
 -6.374900e-01 3.248096e+00 7.625361e-02
 -4.687674e-01 2.925517e+00 3.906650e-01
 -4.098249e-01 2.474829e+00 5.503658e-01
 -5.136702e-01 2.028236e+00 5.484147e-01
 -7.554564e-01 1.751558e+00 4.965265e-01
 -9.774466e-01 1.594461e+00 5.323224e-01
 -1.136903e+00 1.436859e+00 6.338856e-01
 -1.242058e+00 1.233610e+00 7.809803e-01
 -1.270204e+00 1.016943e+00 9.186291e-01
 -1.227670e+00 7.132815e-01 1.037380e+00
 -1.125352e+00 4.545582e-01 1.072594e+00
 -1.013702e+00 2.045045e-01 1.021896e+00
 -9.573340e-01 8.016656e-03 9.077304e-01
 -9.630558e-01 -1.690224e-01 8.082471e-01
 -9.699546e-01 -3.749116e-01 7.605642e-01
 -9.133762e-01 -5.935166e-01 7.430601e-01
 -7.794648e-01 -8.152514e-01 7.164003e-01
 -5.902689e-01 -9.929872e-01 6.847985e-01
 -3.514485e-01 -1.124241e+00 6.269629e-01
 1.282989e-01 -1.226202e+00 5.244072e-01
 3.165702e-01 -1.253851e+00 4.725916e-01
 4.677511e-01 -1.276746e+00 4.002434e-01
 6.378565e-01 -1.302717e+00 2.835269e-01
 9.986485e-01 -1.340863e+00 1.435003e-02
 1.354520e+00 -1.342504e+00 -8.426843e-02
 1.783681e+00 -1.493223e+00 -4.632019e-02
 2.094991e+00 -1.749225e+00 1.101014e-01
 2.251286e+00 -2.066195e+00 3.219891e-01
 2.250357e+00 -2.393554e+00 5.375142e-01
 2.105444e+00 -2.696826e+00 7.297176e-01
 1.824822e+00 -2.944937e+00 8.783063e-01
 1.419088e+00 -3.092141e+00 9.547774e-01
 9.347279e-01 -3.077755e+00 9.199707e-01
 4.942462e-01 -2.871313e+00 7.307896e-01
 2.446734e-01 -2.523471e+00 3.874685e-01
 2.902472e-01 -2.206203e+00 1.732986e-02
 4.402407e-01 -2.120523e+00 -3.472559e-01
 4.111129e-01 -2.121814e+00 -8.068235e-01
 1.000462e-01 -1.923251e+00 -1.277503e+00
 -3.149140e-01 -1.425400e+00 -1.484494e+00
 -5.944955e-01 -8.218680e-01 -1.276931e+00
 -6.194466e-01 -3.821527e-01 -7.172391e-01
 4.666507e-02 -1.554554e-01 5.726068e-01
 2.273586e-02 -2.824931e-01 1.136775e+00
 -3.237763e-01 -4.637709e-01 1.597403e+00
 -9.079608e-01 -5.443504e-01 1.797495e+00
 -1.520450e+00 -4.859625e-01 1.648122e+00
 -1.936818e+00 -2.779323e-01 1.196899e+00
 -1.981278e+00 2.921685e-02 6.137562e-01
 -1.607407e+00 3.381631e-01 1.320239e-01
 -9.707639e-01 5.498704e-01 8.196121e-03
 -4.090770e-01 7.455693e-01 3.472944e-01
 -2.159018e-01 9.478514e-01 9.012413e-01
 -3.747323e-01 1.313047e+00 1.367547e+00
 -7.382442e-01 1.749186e+00 1.545855e+00
 -1.098625e+00 2.121235e+00 1.415070e+00
 -1.326135e+00 2.383264e+00 1.092934e+00
