 -1.563968e+00 2.028711e+00 -4.929139e-01
 -1.817021e+00 1.623288e+00 -3.729996e-01
 -1.845853e+00 1.165100e+00 -3.418538e-01
 -1.779472e+00 8.050013e-01 -4.876840e-01
 -1.862328e+00 3.070961e-01 -9.045632e-01
 -1.765242e+00 -3.924000e-02 -1.103446e+00
 -1.522763e+00 -3.906667e-01 -1.205367e+00
 -1.213629e+00 -6.197811e-01 -1.191999e+00
 -9.048738e-01 -7.578839e-01 -1.036366e+00
 -7.624669e-01 -8.614849e-01 -8.428595e-01
 -6.530542e-01 -1.017263e+00 -6.806431e-01
 -5.110179e-01 -1.458333e+00 -3.798021e-01
 -3.473228e-01 -1.658473e+00 -1.738055e-01
 -1.272406e-01 -1.770586e+00 3.382925e-02
 1.256669e-01 -1.790588e+00 2.213882e-01
 3.723137e-01 -1.713370e+00 3.796590e-01
 5.352781e-01 -1.586843e+00 4.802078e-01
 6.478257e-01 -1.406605e+00 5.973417e-01
 7.206368e-01 -1.245460e+00 7.757112e-01
 9.297717e-01 -1.118365e+00 1.037357e+00
 1.593176e+00 -9.858046e-01 1.488662e+00
 1.961195e+00 -7.067074e-01 1.651264e+00
 2.195708e+00 -2.789211e-01 1.698882e+00
 2.247833e+00 1.870512e-01 1.613618e+00
 2.136591e+00 5.900875e-01 1.384749e+00
 1.856522e+00 8.555775e-01 1.090577e+00
 1.511821e+00 9.282840e-01 8.974509e-01
 1.219242e+00 9.205205e-01 8.741658e-01
 9.813002e-01 9.787914e-01 8.953331e-01
 7.448621e-01 1.083047e+00 8.246646e-01
 4.585097e-01 1.141419e+00 6.327362e-01
 2.542549e-01 1.098019e+00 4.580347e-01
 -1.083176e-02 9.130479e-01 2.904045e-01
 -3.012561e-01 6.381428e-01 2.781477e-01
 -6.292674e-01 5.178386e-01 3.864833e-01
 -1.072967e+00 5.189528e-01 5.127804e-01
 -2.072187e+00 4.708347e-01 4.427491e-01
 -2.480159e+00 5.215620e-01 2.173905e-01
 -2.743514e+00 6.510224e-01 -1.389781e-01
 -2.817679e+00 8.342526e-01 -5.449587e-01
 -2.702496e+00 1.037301e+00 -9.169359e-01
 -2.436194e+00 1.213423e+00 -1.190313e+00
 -2.073672e+00 1.309579e+00 -1.346760e+00
 -1.661582e+00 1.338695e+00 -1.361881e+00
 -1.287095e+00 1.321878e+00 -1.223519e+00
 -1.002393e+00 1.289610e+00 -9.563054e-01
 -8.817565e-01 1.243966e+00 -6.903480e-01
 -8.326006e-01 1.262626e+00 -4.055376e-01
 -8.560629e-01 1.561852e+00 2.620966e-01
 -6.908933e-01 1.453791e+00 8.952280e-01
 -3.830674e-01 9.983490e-01 1.294012e+00
 4.682933e-03 4.445348e-01 1.271578e+00
 3.646446e-01 1.065339e-01 8.958908e-01
 6.895060e-01 1.349056e-01 3.288789e-01
 9.852209e-01 5.593121e-01 -7.087476e-02
 1.151241e+00 1.108090e+00 -1.521343e-01
 1.279261e+00 1.635918e+00 1.146936e-01
 1.330001e+00 1.937663e+00 6.363600e-01
 1.323728e+00 1.907237e+00 1.234661e+00
 1.292828e+00 1.555444e+00 1.712785e+00
 1.228570e+00 9.990505e-01 1.918904e+00
 1.179733e+00 4.203882e-01 1.787567e+00
 1.227215e+00 4.211741e-02 1.411023e+00
 1.424217e+00 -8.401567e-02 1.014794e+00
 2.305273e+00 -2.810804e-01 3.234266e-01
 2.338292e+00 -7.846586e-01 -4.849383e-01
 1.667896e+00 -1.264414e+00 -9.040969e-01
 7.623417e-01 -1.292022e+00 -7.331806e-01
 1.656800e-01 -7.593534e-01 -3.532780e-02
 -1.419775e-01 -7.845557e-01 3.477360e-01
 -3.031517e-01 -1.040477e+00 7.988608e-01
 -2.294840e-01 -1.411030e+00 1.161989e+00
 6.437699e-02 -1.768684e+00 1.382158e+00
 4.846702e-01 -2.021676e+00 1.417372e+00
 9.218153e-01 -2.137509e+00 1.269866e+00
 1.294907e+00 -2.086757e+00 1.009902e+00
 1.544199e+00 -1.887207e+00 7.101562e-01
 1.642230e+00 -1.583002e+00 4.402978e-01
 1.596374e+00 -1.223790e+00 2.392273e-01
 1.405102e+00 -8.947514e-01 1.063179e-01
 1.344853e+00 -7.474809e-01 1.925536e-02
 1.327578e+00 -6.393557e-01 -5.018766e-02
 1.311074e+00 -4.740209e-01 -2.180057e-01
 1.285429e+00 -2.839733e-01 -5.499795e-01
 1.044147e+00 1.548006e-01 -1.277607e+00
 6.542547e-01 3.826210e-01 -1.592271e+00
 1.525701e-01 4.644824e-01 -1.700350e+00
 -3.315263e-01 4.452884e-01 -1.564486e+00
 -7.104142e-01 3.549094e-01 -1.183890e+00
 -9.043878e-01 1.403181e-01 -5.161293e-01
 -1.181672e+00 -1.496252e-01 -2.478963e-01
 -1.443107e+00 -4.657716e-01 -1.814149e-01
 -1.613338e+00 -8.863027e-01 -2.708102e-01
 -1.644468e+00 -1.278948e+00 -5.139049e-01
 -1.509599e+00 -1.576909e+00 -8.512645e-01
 -1.213942e+00 -1.734214e+00 -1.177882e+00
 -8.120123e-01 -1.712260e+00 -1.431404e+00
 -4.023876e-01 -1.501506e+00 -1.568078e+00
 -7.688877e-02 -1.144264e+00 -1.557014e+00
 8.779917e-02 -7.341049e-01 -1.401126e+00
 1.477141e-01 -8.118910e-02 -8.021238e-01
 1.801157e-01 9.645955e-02 -7.072526e-01
 1.912122e-01 3.783222e-01 -6.626234e-01
 1.081465e-01 1.559953e+00 -7.393904e-01
 -1.561560e-01 1.986442e+00 -7.337752e-01
 -5.901980e-01 2.240225e+00 -6.875436e-01
 -1.124771e+00 2.257552e+00 -6.118246e-01
