 -1.300416e+00 1.540090e+00 -1.351508e+00
 -1.436914e+00 1.211259e+00 -1.349685e+00
 -1.481013e+00 8.608036e-01 -1.264757e+00
 -1.421757e+00 5.449457e-01 -1.095832e+00
 -1.330676e+00 3.601256e-01 -8.841631e-01
 -1.288013e+00 2.379448e-01 -5.778881e-01
 -1.506509e+00 -1.163444e-01 1.128804e-01
 -1.499275e+00 -2.718917e-01 3.762651e-01
 -1.403003e+00 -4.379459e-01 6.155547e-01
 -1.221590e+00 -6.026738e-01 8.131047e-01
 -9.569307e-01 -7.419148e-01 9.640084e-01
 -5.657158e-01 -8.463927e-01 1.086803e+00
 -3.618133e-01 -9.524827e-01 1.193322e+00
 -2.396202e-01 -1.068254e+00 1.286976e+00
 -1.432665e-01 -1.175517e+00 1.415096e+00
 -2.942642e-02 -1.331384e+00 1.648305e+00
 1.651413e-01 -1.518679e+00 1.830159e+00
 4.176320e-01 -1.698927e+00 1.929361e+00
 7.037327e-01 -1.848676e+00 1.938652e+00
 9.885924e-01 -1.961229e+00 1.855416e+00
 1.245013e+00 -2.027007e+00 1.689378e+00
 1.450710e+00 -2.046979e+00 1.452703e+00
 1.579626e+00 -2.028936e+00 1.167567e+00
 1.626788e+00 -1.953332e+00 8.748624e-01
 1.599063e+00 -1.831883e+00 6.136666e-01
 1.527167e+00 -1.642807e+00 3.974573e-01
 1.463889e+00 -1.497273e+00 3.056604e-01
 1.377031e+00 -1.158331e+00 2.067232e-01
 1.472793e+00 -6.156861e-01 1.706844e-01
 1.437878e+00 -3.223935e-01 1.783190e-01
 1.308549e+00 -2.987787e-02 1.761632e-01
 1.152386e+00 1.681581e-01 1.755018e-01
 9.775716e-01 3.093495e-01 1.827993e-01
 4.045979e-01 6.050697e-01 2.095238e-01
 2.994761e-02 8.323839e-01 1.426506e-01
 -1.346498e-01 1.023027e+00 2.073762e-01
 -3.058387e-01 1.402543e+00 3.081148e-01
 -7.732778e-01 2.322481e+00 2.086093e-01
 -9.048756e-01 2.684260e+00 -9.136277e-03
 -9.264316e-01 2.959078e+00 -3.571855e-01
 -8.297442e-01 3.096334e+00 -7.688855e-01
 -6.292955e-01 3.071942e+00 -1.165454e+00
 -3.649957e-01 2.891517e+00 -1.469634e+00
 -1.198563e-01 2.578821e+00 -1.639299e+00
 9.247691e-02 2.176010e+00 -1.641547e+00
 2.434130e-01 1.797575e+00 -1.452100e+00
 3.377107e-01 1.525551e+00 -1.098601e+00
 3.677262e-01 1.454843e+00 -7.068266e-01
 7.174076e-01 1.628376e+00 3.999911e-03
 7.018169e-01 1.524691e+00 6.433106e-01
 4.171883e-01 1.190753e+00 1.092937e+00
 -1.808806e-02 7.174700e-01 1.202885e+00
 -3.744615e-01 2.668395e-01 9.243680e-01
 -4.768320e-01 -1.116771e-01 3.235974e-01
 -5.056664e-01 -2.659596e-01 1.742350e-01
 -5.316748e-01 -4.014169e-01 9.622479e-02
 -8.532261e-01 -1.190812e+00 -3.459714e-01
 -7.942992e-01 -1.665201e+00 -4.981276e-01
 -5.742487e-01 -2.136392e+00 -4.494200e-01
 -2.589220e-01 -2.469651e+00 -1.987848e-01
 7.140674e-02 -2.578240e+00 1.863246e-01
 3.598310e-01 -2.426744e+00 5.823623e-01
 5.507145e-01 -2.056701e+00 8.778183e-01
 7.078071e-01 -1.492764e+00 9.730285e-01
 9.477625e-01 -1.194114e+00 1.166442e+00
 1.464518e+00 -9.890723e-01 1.241921e+00
 2.038376e+00 -9.750628e-01 1.026626e+00
 2.396241e+00 -1.081138e+00 5.407706e-01
 2.421387e+00 -1.233880e+00 -3.450178e-02
 2.122214e+00 -1.440728e+00 -5.110163e-01
 1.597488e+00 -1.629729e+00 -7.287422e-01
 1.030220e+00 -1.734382e+00 -6.198660e-01
 -5.217777e-02 -1.515966e+00 2.235305e-01
 -6.970349e-01 -1.846808e+00 7.536554e-01
 -9.956484e-01 -1.790248e+00 1.278896e+00
 -1.090296e+00 -1.443348e+00 1.775625e+00
 -9.180156e-01 -9.364520e-01 2.084346e+00
 -4.873488e-01 -4.811785e-01 2.125379e+00
 2.612552e-02 -2.321357e-01 1.862323e+00
 4.087531e-01 -2.549518e-01 1.383299e+00
 4.531150e-01 -5.761638e-01 1.692360e-01
 5.854448e-01 -6.725289e-01 -7.475616e-01
 5.369951e-01 -5.883830e-01 -1.156935e+00
 4.284679e-01 -3.639130e-01 -1.492748e+00
 2.535125e-01 -6.216135e-02 -1.692210e+00
 3.283192e-02 2.750686e-01 -1.733909e+00
 -2.002200e-01 6.021545e-01 -1.605322e+00
 -4.108745e-01 8.619663e-01 -1.316643e+00
 -5.500938e-01 1.035326e+00 -8.661272e-01
 -7.262155e-01 1.121809e+00 -6.046555e-01
 -1.049782e+00 1.234160e+00 -3.874353e-01
 -1.542154e+00 1.202700e+00 -2.864656e-01
 -1.991984e+00 9.644306e-01 -3.350850e-01
 -2.277396e+00 5.771197e-01 -5.062965e-01
 -2.325610e+00 1.140269e-01 -7.144511e-01
 -2.121784e+00 -3.150078e-01 -9.047535e-01
 -1.718854e+00 -5.895028e-01 -1.061089e+00
 -1.219795e+00 -6.427970e-01 -1.142602e+00
 -7.425058e-01 -4.780105e-01 -1.103445e+00
 -2.608385e-02 1.634007e-01 -6.687995e-01
 9.650177e-01 6.485877e-01 -9.132370e-01
 1.253217e+00 9.948948e-01 -9.601928e-01
 1.372826e+00 1.432116e+00 -9.779195e-01
 1.302121e+00 1.868815e+00 -9.720901e-01
 1.066422e+00 2.231559e+00 -9.081645e-01
 7.050767e-01 2.459642e+00 -7.942005e-01
 2.878188e-01 2.495042e+00 -6.738533e-01
 -1.080541e-01 2.352595e+00 -6.196823e-01
 -4.213113e-01 2.139924e+00 -7.422324e-01
 -8.588597e-01 2.011660e+00 -1.082971e+00
 -1.097137e+00 1.820799e+00 -1.256798e+00
