 -1.483327e+00 2.025173e-01 -1.458904e+00
 -1.713708e+00 3.469073e-01 -1.106885e+00
 -1.770702e+00 4.282474e-01 -6.569631e-01
 -1.648334e+00 4.336196e-01 -2.340725e-01
 -1.386549e+00 3.390703e-01 1.075148e-01
 -9.314152e-01 1.232997e-01 3.588727e-01
 -7.598038e-01 7.410637e-02 5.396691e-01
 -6.457695e-01 2.996374e-02 7.658165e-01
 -4.716951e-01 -4.718003e-02 1.568655e+00
 -3.216731e-01 -2.188749e-01 1.903633e+00
 -1.536315e-01 -5.212262e-01 2.137630e+00
 8.638530e-04 -9.126800e-01 2.221403e+00
 1.082832e-01 -1.327996e+00 2.128572e+00
 1.654050e-01 -1.689569e+00 1.854500e+00
 1.665286e-01 -1.897150e+00 1.457942e+00
 4.952261e-02 -1.938389e+00 1.020090e+00
 -1.256961e-01 -1.877161e+00 7.865459e-01
 -2.807667e-01 -1.866177e+00 6.618215e-01
 -4.500128e-01 -1.903691e+00 4.488229e-01
 -5.714587e-01 -1.876757e+00 1.832146e-02
 -5.473381e-01 -1.667936e+00 -4.315479e-01
 -4.200971e-01 -1.298398e+00 -7.336682e-01
 -1.305586e-01 -7.320240e-01 -8.530127e-01
 7.501724e-03 -4.436192e-01 -1.044889e+00
 1.419449e-01 -2.673303e-01 -1.378470e+00
 1.355237e-01 -1.713691e-01 -1.808092e+00
 -3.686974e-02 -1.745799e-01 -2.217731e+00
 -3.421571e-01 -2.709198e-01 -2.520646e+00
 -7.153083e-01 -4.218926e-01 -2.663285e+00
 -1.104533e+00 -5.801160e-01 -2.629934e+00
 -1.442217e+00 -7.202398e-01 -2.432336e+00
 -1.673448e+00 -8.227884e-01 -2.110277e+00
 -1.773112e+00 -8.637889e-01 -1.714505e+00
 -1.731249e+00 -8.230026e-01 -1.310442e+00
 -1.554331e+00 -7.027023e-01 -9.573132e-01
 -1.279070e+00 -5.101759e-01 -7.261619e-01
 -9.987496e-01 -2.637761e-01 -6.534275e-01
 -8.358545e-01 -1.021008e-02 -6.868564e-01
 -7.585969e-01 2.262502e-01 -7.293229e-01
 -7.323558e-01 6.310296e-01 -8.235333e-01
 -6.321642e-01 9.418904e-01 -8.320642e-01
 -4.561399e-01 1.210545e+00 -7.826309e-01
 -2.036767e-01 1.418767e+00 -6.867545e-01
 8.839136e-02 1.516514e+00 -5.587726e-01
 3.604989e-01 1.501911e+00 -4.425667e-01
 6.125428e-01 1.413101e+00 -3.961190e-01
 9.188226e-01 1.317340e+00 -4.505323e-01
 1.297611e+00 1.375127e+00 -5.431579e-01
 1.667724e+00 1.591285e+00 -5.438917e-01
 1.946650e+00 1.895439e+00 -4.028964e-01
 2.082383e+00 2.216821e+00 -1.455254e-01
 2.055342e+00 2.495451e+00 1.869489e-01
 1.885314e+00 2.664686e+00 5.426716e-01
 1.607400e+00 2.693290e+00 8.665259e-01
 1.261507e+00 2.579417e+00 1.100045e+00
 9.062306e-01 2.335322e+00 1.199923e+00
 6.194591e-01 1.986899e+00 1.147642e+00
 4.817296e-01 1.589475e+00 9.651104e-01
 5.236902e-01 1.256600e+00 7.051764e-01
 7.160708e-01 1.013991e+00 5.174398e-01
 9.585528e-01 8.247035e-01 4.241357e-01
 1.194879e+00 6.003679e-01 4.604829e-01
 1.374314e+00 2.769163e-01 6.167894e-01
 1.401919e+00 -2.909490e-02 7.943456e-01
 1.282953e+00 -3.690766e-01 9.561555e-01
 1.053028e+00 -6.274873e-01 1.077332e+00
 7.383874e-01 -8.000740e-01 1.143939e+00
 -1.618068e-01 -9.498167e-01 1.203348e+00
 -4.273722e-01 -1.052622e+00 1.287689e+00
 -6.609117e-01 -1.267855e+00 1.405775e+00
 -8.310813e-01 -1.610463e+00 1.482529e+00
 -8.806356e-01 -1.996994e+00 1.477077e+00
 -8.194719e-01 -2.375323e+00 1.364448e+00
 -6.536919e-01 -2.683134e+00 1.151897e+00
 -4.020546e-01 -2.863628e+00 8.694487e-01
 -1.126097e-01 -2.876673e+00 5.568627e-01
 1.624995e-01 -2.711971e+00 2.663591e-01
 3.686177e-01 -2.390956e+00 4.990959e-02
 4.704953e-01 -1.975473e+00 -4.060068e-02
 4.197320e-01 -1.541564e+00 -1.776371e-02
 2.279619e-01 -1.199668e+00 8.930846e-02
 -5.764118e-02 -9.831202e-01 1.927463e-01
 -3.641643e-01 -8.763737e-01 2.163655e-01
 -8.890873e-01 -9.192790e-01 3.994619e-01
 -1.164788e+00 -8.593146e-01 6.070018e-01
 -1.414478e+00 -6.549546e-01 8.352122e-01
 -1.573221e+00 -3.371922e-01 1.014694e+00
 -1.606886e+00 7.596386e-02 1.138747e+00
 -1.498218e+00 4.465752e-01 1.172636e+00
 -1.275429e+00 7.760257e-01 1.092343e+00
 -9.741099e-01 1.013834e+00 8.848213e-01
 -6.684320e-01 1.089685e+00 6.253998e-01
 -3.848924e-01 1.005354e+00 3.431498e-01
 -1.981106e-02 6.242418e-01 -6.270477e-02
 1.856498e-01 4.914219e-01 -3.884474e-01
 2.917005e-01 5.036523e-01 -7.441024e-01
 4.154601e-01 7.275427e-01 -1.150647e+00
 5.388779e-01 1.124799e+00 -1.397758e+00
 6.763481e-01 1.578518e+00 -1.423990e+00
 7.999071e-01 1.990491e+00 -1.237541e+00
 9.067128e-01 2.275253e+00 -8.809571e-01
 9.905072e-01 2.368727e+00 -4.390187e-01
 1.054637e+00 2.261248e+00 -2.339204e-02
 1.133617e+00 2.035618e+00 2.354581e-01
 1.253271e+00 1.873584e+00 3.493920e-01
 1.402556e+00 1.758055e+00 4.938529e-01
 1.511354e+00 1.619809e+00 7.657625e-01
 1.494867e+00 1.413509e+00 1.071089e+00
 1.355250e+00 1.148278e+00 1.318611e+00
 1.122497e+00 8.577439e-01 1.452712e+00
 8.479080e-01 5.953963e-01 1.444000e+00
 5.880975e-01 3.535938e-01 1.281661e+00
 4.199960e-01 1.846799e-01 1.032181e+00
 3.647776e-01 4.489648e-02 6.975949e-01
 4.439354e-01 -1.152499e-01 4.316584e-01
 6.831259e-01 -2.852506e-01 3.269487e-02
 8.052929e-01 -4.459211e-01 -2.516289e-01
 9.023503e-01 -8.920213e-01 -7.962848e-01
 7.997210e-01 -1.102930e+00 -1.136221e+00
 5.614061e-01 -1.227344e+00 -1.442904e+00
 2.188281e-01 -1.249599e+00 -1.676741e+00
 -1.682291e-01 -1.161371e+00 -1.800809e+00
 -4.860432e-01 -1.001058e+00 -1.789780e+00
 -7.361381e-01 -7.437013e-01 -1.682885e+00
 -8.249069e-01 -4.878704e-01 -1.640465e+00
 -9.250670e-01 -2.712605e-01 -1.668380e+00
 -1.165386e+00 -3.196036e-02 -1.658160e+00
