 1.399883e+00 2.297739e+00 -8.931391e-02
 1.598630e+00 2.333106e+00 -4.672737e-01
 1.778561e+00 2.106109e+00 -9.033961e-01
 1.816802e+00 1.670329e+00 -1.218544e+00
 1.647558e+00 1.158743e+00 -1.347878e+00
 1.310173e+00 7.317339e-01 -1.249840e+00
 8.973325e-01 5.192809e-01 -9.660287e-01
 4.788039e-01 6.000020e-01 -6.174866e-01
 1.781268e-01 9.068175e-01 -4.048163e-01
 -5.296118e-01 1.773204e+00 -4.707849e-01
 -1.124096e+00 2.107786e+00 1.246695e-01
 -1.409698e+00 1.787702e+00 9.166554e-01
 -1.146580e+00 1.080375e+00 1.407954e+00
 -4.620310e-01 5.040665e-01 1.297182e+00
 2.752950e-01 3.483891e-01 4.220119e-01
 6.984755e-01 1.530275e-01 2.591780e-01
 1.009675e+00 -2.872662e-01 2.224990e-01
 1.032231e+00 -8.759584e-01 2.467846e-01
 7.388263e-01 -1.372478e+00 2.398227e-01
 2.797346e-01 -1.620355e+00 1.410105e-01
 -1.243415e-01 -1.609003e+00 -5.151935e-02
 -3.925168e-01 -1.538544e+00 -4.282618e-01
 -4.794582e-01 -1.592359e+00 -8.359103e-01
 -4.848480e-01 -1.874246e+00 -1.252182e+00
 -4.192606e-01 -2.311865e+00 -1.494463e+00
 -3.351144e-01 -2.802472e+00 -1.499043e+00
 -2.536823e-01 -3.235147e+00 -1.267487e+00
 -2.147939e-01 -3.514383e+00 -8.541614e-01
 -2.369471e-01 -3.574794e+00 -3.585238e-01
 -3.083292e-01 -3.402049e+00 1.030456e-01
 -4.278877e-01 -3.048249e+00 4.169541e-01
 -5.872444e-01 -2.610906e+00 5.197638e-01
 -8.008870e-01 -2.199966e+00 3.989808e-01
 -1.048675e+00 -2.014393e+00 1.956862e-01
 -1.342984e+00 -1.907193e+00 1.053269e-01
 -1.682091e+00 -1.684709e+00 1.603948e-01
 -1.900612e+00 -1.340719e+00 3.182330e-01
 -1.943152e+00 -9.612559e-01 4.697099e-01
 -1.816871e+00 -5.630996e-01 5.811643e-01
 -1.546877e+00 -2.616871e-01 6.363787e-01
 -1.183169e+00 -4.531903e-02 5.640401e-01
 -9.055309e-01 2.516866e-02 4.020528e-01
 -7.137425e-01 5.706087e-02 1.394915e-01
 -6.171735e-01 1.459337e-01 -1.235020e-01
 -5.651604e-01 3.695812e-01 -8.740942e-01
 -3.918742e-01 6.283403e-01 -1.233641e+00
 -1.013706e-01 9.319101e-01 -1.424260e+00
 2.380262e-01 1.238130e+00 -1.412542e+00
 5.382915e-01 1.479414e+00 -1.213416e+00
 8.234975e-01 1.578714e+00 -8.621448e-01
 9.884752e-01 1.505373e+00 -6.062937e-01
 1.197883e+00 1.356443e+00 -4.217098e-01
 1.577952e+00 1.283097e+00 -2.727671e-01
 1.992632e+00 1.423355e+00 -1.180543e-01
 2.293320e+00 1.755178e+00 4.791720e-02
 2.395237e+00 2.187121e+00 2.141036e-01
 2.288251e+00 2.621506e+00 3.396349e-01
 2.001865e+00 2.969296e+00 4.131964e-01
 1.601275e+00 3.161580e+00 4.350523e-01
 1.163205e+00 3.170837e+00 4.095768e-01
 7.675685e-01 3.003694e+00 3.389505e-01
 4.838804e-01 2.695941e+00 2.570932e-01
 3.499233e-01 2.297475e+00 1.982811e-01
 3.878340e-01 1.920321e+00 1.855694e-01
 5.027831e-01 1.656054e+00 2.625056e-01
 6.046567e-01 1.442380e+00 3.850845e-01
 9.060538e-01 9.508907e-01 9.880614e-01
 9.203369e-01 4.853421e-01 1.249515e+00
 7.859594e-01 -1.177238e-02 1.292693e+00
 5.091176e-01 -4.107508e-01 1.141217e+00
 1.886287e-01 -6.269035e-01 8.138484e-01
 1.758003e-03 -6.395137e-01 4.140595e-01
 4.495969e-02 -6.037210e-01 -7.138722e-02
 2.753030e-01 -7.201799e-01 -4.662080e-01
 5.102464e-01 -1.105208e+00 -7.614917e-01
 5.692936e-01 -1.671176e+00 -8.664027e-01
 3.769530e-01 -2.214050e+00 -7.604350e-01
 1.223728e-02 -2.510590e+00 -5.575719e-01
 -3.424289e-01 -2.551833e+00 -4.820829e-01
 -6.385517e-01 -2.618574e+00 -5.246050e-01
 -1.008322e+00 -2.846459e+00 -4.390815e-01
 -1.424447e+00 -2.968604e+00 -2.743477e-02
 -1.650870e+00 -2.824798e+00 5.120735e-01
 -1.662587e+00 -2.438085e+00 9.533271e-01
 -1.480211e+00 -1.936567e+00 1.159148e+00
 -1.175220e+00 -1.434989e+00 1.061980e+00
 -9.255934e-01 -1.110491e+00 6.776074e-01
 -9.224190e-01 -9.817493e-01 2.271380e-01
 -1.103507e+00 -8.457248e-01 -1.266796e-01
 -1.338495e+00 -6.098573e-01 -3.262174e-01
 -1.554774e+00 -1.999664e-01 -4.036821e-01
 -1.630239e+00 2.497750e-01 -3.140104e-01
 -1.508286e+00 6.699161e-01 -1.398532e-01
 -1.221076e+00 9.612688e-01 7.429527e-02
 -7.937125e-01 1.078905e+00 3.433000e-01
 -6.452187e-01 1.161942e+00 4.347957e-01
 -4.871879e-01 1.308042e+00 5.381781e-01
 -1.915659e-01 1.675877e+00 1.030992e+00
 2.034530e-01 1.942582e+00 1.215267e+00
 6.880740e-01 2.130612e+00 1.170976e+00
 1.141529e+00 2.189763e+00 8.866887e-01
 1.364157e+00 2.155026e+00 4.787071e-01
 1.366601e+00 2.187726e+00 1.666605e-01
