 1.626504e-01 -1.604241e+00 3.144641e-01
 2.684223e-01 -1.810392e+00 -1.109808e-01
 4.588710e-01 -1.772578e+00 -5.534132e-01
 5.889927e-01 -1.481129e+00 -9.650380e-01
 6.224885e-01 -1.001723e+00 -1.205437e+00
 5.399049e-01 -3.046068e-01 -1.195072e+00
 5.309015e-01 -1.907705e-02 -1.295359e+00
 4.769629e-01 4.757625e-01 -1.729534e+00
 3.674043e-01 9.885498e-01 -1.840375e+00
 2.348690e-01 1.489773e+00 -1.669120e+00
 1.840023e-01 1.833611e+00 -1.262655e+00
 2.731405e-01 1.930878e+00 -8.585178e-01
 5.365395e-01 1.986061e+00 -5.797327e-01
 7.909423e-01 2.208967e+00 -3.621222e-01
 8.955009e-01 2.585413e+00 -1.092885e-01
 7.706022e-01 2.987397e+00 1.369042e-01
 4.344207e-01 3.282143e+00 3.558315e-01
 -3.104482e-02 3.397938e+00 4.860097e-01
 -5.163633e-01 3.300991e+00 5.107994e-01
 -9.071985e-01 3.005460e+00 4.385552e-01
 -1.113652e+00 2.576779e+00 2.817474e-01
 -1.081056e+00 2.107074e+00 8.975938e-02
 -8.034141e-01 1.692456e+00 -5.910411e-02
 -3.872231e-01 1.480334e+00 -1.126344e-01
 -6.151471e-02 1.423068e+00 -4.765540e-03
 1.942748e-01 1.368143e+00 1.690554e-01
 3.932194e-01 1.216327e+00 4.651305e-01
 4.757850e-01 9.222137e-01 7.668421e-01
 4.381234e-01 5.743143e-01 9.606971e-01
 3.107494e-01 1.866652e-01 1.026184e+00
 9.097977e-02 -1.637840e-01 9.534607e-01
 -5.093187e-01 -7.452217e-01 4.667168e-01
 -7.905344e-01 -9.535940e-01 3.231803e-01
 -1.176176e+00 -1.132113e+00 3.743098e-01
 -1.522930e+00 -1.413403e+00 6.761400e-01
 -1.619381e+00 -1.707535e+00 1.110427e+00
 -1.429654e+00 -1.990433e+00 1.539243e+00
 -9.970988e-01 -2.177459e+00 1.833221e+00
 -4.521692e-01 -2.225706e+00 1.893926e+00
 1.824241e-02 -2.178847e+00 1.692769e+00
 2.292904e-01 -2.147667e+00 1.396354e+00
 3.480342e-01 -2.221263e+00 1.166624e+00
 5.925340e-01 -2.304533e+00 9.583604e-01
 9.313415e-01 -2.204213e+00 7.044570e-01
 1.170925e+00 -1.898252e+00 4.260336e-01
 1.220041e+00 -1.502227e+00 1.811879e-01
 1.055082e+00 -1.110129e+00 -2.571800e-02
 7.224585e-01 -8.388609e-01 -1.474260e-01
 2.424460e-01 -7.410554e-01 -2.552993e-01
 -4.154676e-01 -1.063596e+00 -6.105289e-01
 -7.961482e-01 -1.063170e+00 -7.696915e-01
 -1.187246e+00 -8.673784e-01 -9.686181e-01
 -1.427365e+00 -5.239843e-01 -1.131041e+00
 -1.488083e+00 -8.874486e-02 -1.236158e+00
 -1.342117e+00 3.840371e-01 -1.267368e+00
 -1.044919e+00 7.270272e-01 -1.216712e+00
 -6.475539e-01 9.094591e-01 -1.093140e+00
 1.217736e-01 8.822702e-01 -8.257035e-01
 5.063943e-01 9.481042e-01 -7.897071e-01
 8.794628e-01 1.070849e+00 -9.361083e-01
 1.165487e+00 1.418427e+00 -1.179126e+00
 1.219204e+00 1.920353e+00 -1.364558e+00
 1.045104e+00 2.438967e+00 -1.377921e+00
 7.013143e-01 2.828688e+00 -1.199593e+00
 2.850674e-01 2.974763e+00 -8.830979e-01
 -4.941510e-02 2.858337e+00 -4.922790e-01
 -1.659199e-01 2.590641e+00 -1.596722e-01
 -1.033855e-01 2.441263e+00 8.704759e-02
 -9.279872e-02 2.359356e+00 3.871536e-01
 -2.544956e-01 2.134794e+00 7.268837e-01
 -4.413096e-01 1.713337e+00 9.198983e-01
 -5.619416e-01 1.212489e+00 8.855918e-01
 -5.416568e-01 7.593395e-01 6.419765e-01
 -3.763596e-01 5.127421e-01 3.150144e-01
 -7.123747e-02 3.761938e-01 7.444330e-02
 6.490160e-01 1.963621e-01 -1.268452e-01
 1.320936e+00 6.135493e-02 -6.262928e-01
 1.526041e+00 -5.390131e-02 -1.006133e+00
 1.542601e+00 -1.918780e-01 -1.433782e+00
 1.363481e+00 -3.242383e-01 -1.828035e+00
 1.001416e+00 -4.420149e-01 -2.122145e+00
 5.763519e-01 -5.122401e-01 -2.221942e+00
 1.400361e-01 -5.128282e-01 -2.131431e+00
 -2.457246e-01 -4.194465e-01 -1.858284e+00
 -4.552144e-01 -2.666840e-01 -1.486297e+00
 -4.749763e-01 -1.052386e-01 -9.791519e-01
 -5.819822e-01 -5.256163e-02 -7.169792e-01
 -1.086784e+00 -5.383627e-02 -1.347355e-01
 -1.280455e+00 -4.419509e-02 3.555834e-01
 -1.316181e+00 -1.690592e-01 7.686141e-01
 -1.238221e+00 -4.162028e-01 1.114553e+00
 -1.052906e+00 -7.325110e-01 1.334579e+00
 -8.391595e-01 -1.055682e+00 1.381901e+00
 -6.545718e-01 -1.345802e+00 1.279338e+00
 -5.686337e-01 -1.580144e+00 1.088480e+00
 -6.087597e-01 -1.863004e+00 9.005291e-01
 -6.398554e-01 -2.250013e+00 8.559388e-01
 -5.491912e-01 -2.677470e+00 9.532614e-01
 -3.107702e-01 -3.011786e+00 1.158968e+00
 5.605794e-02 -3.180025e+00 1.411854e+00
 4.830539e-01 -3.125137e+00 1.656736e+00
 8.785746e-01 -2.843057e+00 1.815808e+00
 1.132348e+00 -2.385657e+00 1.847457e+00
 1.181724e+00 -1.872544e+00 1.707134e+00
 9.996554e-01 -1.444521e+00 1.425403e+00
 6.378898e-01 -1.229253e+00 1.029383e+00
 3.264032e-01 -1.321627e+00 6.927523e-01
