 1.828149e+00 8.047379e-02 2.952885e-01
 1.480226e+00 -1.054622e-01 3.489317e-01
 1.295248e+00 -2.568638e-01 3.983911e-01
 1.227030e+00 -3.420721e-01 4.331782e-01
 1.164201e+00 -4.453877e-01 4.917041e-01
 1.106515e+00 -5.647926e-01 5.782832e-01
 1.036343e+00 -7.796574e-01 7.543539e-01
 9.041353e-01 -9.932404e-01 8.822387e-01
 7.067418e-01 -1.200563e+00 9.617249e-01
 5.051733e-01 -1.339777e+00 9.805626e-01
 2.506144e-01 -1.482731e+00 9.211085e-01
 6.572950e-02 -1.589920e+00 8.008863e-01
 -2.055060e-02 -1.672364e+00 6.986389e-01
 -1.275511e-01 -1.803662e+00 5.909713e-01
 -3.800129e-01 -1.982668e+00 4.954696e-01
 -7.223620e-01 -2.077944e+00 4.328550e-01
 -1.084142e+00 -2.040795e+00 3.914696e-01
 -1.419775e+00 -1.873086e+00 3.800399e-01
 -1.670684e+00 -1.599769e+00 3.893603e-01
 -1.808776e+00 -1.255697e+00 4.267799e-01
 -1.817084e+00 -9.034118e-01 4.961750e-01
 -1.641403e+00 -3.942959e-01 5.558701e-01
 -1.669314e+00 -1.555389e-02 5.398270e-01
 -1.710193e+00 3.175669e-01 3.551206e-01
 -1.616347e+00 5.746622e-01 9.447705e-02
 -1.351137e+00 7.749728e-01 -1.866306e-01
 -9.814677e-01 8.289668e-01 -4.079074e-01
 -8.296655e-01 8.879410e-01 -5.043641e-01
 -6.942239e-01 9.967230e-01 -6.253459e-01
 -6.098218e-01 1.079531e+00 -7.765246e-01
 -5.437914e-01 1.115501e+00 -8.861081e-01
 -1.398107e-01 1.235324e+00 -1.659717e+00
 2.555664e-02 1.240024e+00 -1.853770e+00
 2.314089e-01 1.216070e+00 -2.005928e+00
 4.663350e-01 1.164501e+00 -2.105281e+00
 7.424330e-01 1.077914e+00 -2.147609e+00
 9.965200e-01 9.652934e-01 -2.116686e+00
 1.220106e+00 8.297463e-01 -2.015170e+00
 1.399349e+00 6.868096e-01 -1.843537e+00
 1.514909e+00 5.455356e-01 -1.612839e+00
 1.564109e+00 4.340259e-01 -1.329786e+00
 1.539404e+00 3.756809e-01 -1.039684e+00
 1.440921e+00 3.788617e-01 -7.341912e-01
 1.318971e+00 4.532974e-01 -5.184848e-01
 1.197166e+00 6.172539e-01 -3.138400e-01
 1.207909e+00 8.838130e-01 7.759366e-03
 1.136563e+00 1.060883e+00 2.201350e-01
 9.871178e-01 1.237763e+00 4.102854e-01
 8.093374e-01 1.342187e+00 5.448050e-01
 5.903381e-01 1.395890e+00 6.473433e-01
 2.823840e-01 1.426293e+00 7.037855e-01
 8.501501e-03 1.413152e+00 6.782755e-01
 -2.362711e-01 1.394150e+00 5.680015e-01
 -4.649439e-01 1.435528e+00 3.804823e-01
 -1.000783e+00 1.800992e+00 -2.308416e-02
 -1.329804e+00 1.814141e+00 -5.101890e-01
 -1.538005e+00 1.515196e+00 -9.676940e-01
 -1.523403e+00 1.015476e+00 -1.278597e+00
 -1.230865e+00 5.024855e-01 -1.387748e+00
 -7.584953e-01 1.664879e-01 -1.261291e+00
 -8.600752e-02 1.056083e-02 -7.107119e-01
 1.987881e-01 -1.128968e-01 -6.032543e-01
 7.378077e-01 -3.607918e-01 -6.486726e-01
 1.471723e+00 -8.275137e-01 -4.449173e-01
 1.818968e+00 -9.879372e-01 -1.128310e-01
 2.032644e+00 -9.840567e-01 3.527813e-01
 2.077829e+00 -8.022729e-01 8.324746e-01
 1.947004e+00 -5.031071e-01 1.179819e+00
 1.635235e+00 -1.681927e-01 1.372106e+00
 1.204030e+00 1.229619e-01 1.355134e+00
 8.014131e-01 2.945307e-01 1.120346e+00
 2.889297e-01 4.498299e-01 3.220743e-01
 1.841037e-01 7.883093e-01 -1.256462e-01
 2.499401e-01 1.069498e+00 -2.649829e-01
 2.850794e-01 1.485767e+00 -3.380944e-01
 2.276184e-01 1.979914e+00 -1.719957e-01
 5.025574e-02 2.328226e+00 1.948003e-01
 -2.416298e-01 2.434030e+00 6.269909e-01
 -5.993423e-01 2.272524e+00 1.000650e+00
 -8.861167e-01 1.872622e+00 1.234334e+00
 -1.024313e+00 1.346598e+00 1.258857e+00
 -9.798508e-01 8.405231e-01 1.064931e+00
 -7.337902e-01 4.174819e-01 6.115590e-01
 -6.918020e-01 2.906559e-01 4.353268e-01
 -6.999637e-01 1.032111e-01 2.556815e-01
 -7.657106e-01 -3.906368e-02 8.920665e-02
 -8.693955e-01 -1.325520e-01 -7.868170e-02
 -1.074999e+00 -2.151587e-01 -2.863421e-01
 -1.407772e+00 -2.774405e-01 -4.378847e-01
 -1.783535e+00 -3.105512e-01 -4.575052e-01
 -2.151294e+00 -3.038752e-01 -3.380488e-01
 -2.446136e+00 -2.665294e-01 -9.201611e-02
 -2.629651e+00 -2.563983e-01 2.523402e-01
 -2.668617e+00 -2.635564e-01 6.445929e-01
 -2.554349e+00 -2.631499e-01 1.025251e+00
 -2.303941e+00 -2.557390e-01 1.333553e+00
 -1.955454e+00 -2.460693e-01 1.523053e+00
 -1.563946e+00 -2.392380e-01 1.565502e+00
 -4.525438e-01 -3.088420e-01 1.254416e+00
 -4.914699e-02 -4.290758e-01 8.372277e-01
 1.448233e-01 -6.821176e-01 2.525852e-01
 3.364363e-01 -1.011433e+00 1.824036e-02
 5.568874e-01 -1.277380e+00 -4.852484e-02
 7.530148e-01 -1.649700e+00 3.089043e-02
 8.394287e-01 -1.999847e+00 2.533847e-01
 7.898918e-01 -2.282562e+00 5.669108e-01
 6.054514e-01 -2.455817e+00 9.049890e-01
 3.201907e-01 -2.494930e+00 1.205961e+00
 -1.964507e-02 -2.400398e+00 1.419704e+00
 -3.562925e-01 -2.187344e+00 1.517138e+00
 -6.312559e-01 -1.888904e+00 1.489405e+00
 -8.105872e-01 -1.567192e+00 1.334644e+00
 -8.849685e-01 -1.284896e+00 1.072797e+00
 -8.638724e-01 -1.127832e+00 7.956545e-01
 -8.189921e-01 -1.067248e+00 6.014386e-01
 -8.030556e-01 -1.059474e+00 3.524019e-01
 -7.163003e-01 -1.138092e+00 -3.475014e-02
 -6.091618e-01 -1.114931e+00 -3.448788e-01
 -1.311486e-01 -9.081052e-01 -1.159377e+00
 3.146859e-02 -7.617647e-01 -1.381879e+00
 1.737729e-01 -5.457182e-01 -1.544865e+00
 3.014582e-01 -2.856299e-01 -1.623895e+00
 4.106411e-01 1.169354e-03 -1.610683e+00
 4.949145e-01 3.054310e-01 -1.494750e+00
 5.770657e-01 6.567403e-01 -1.224284e+00
 6.593874e-01 8.698704e-01 -1.157862e+00
 8.280597e-01 1.124569e+00 -1.122269e+00
 1.120654e+00 1.315991e+00 -1.053679e+00
 1.458820e+00 1.392365e+00 -9.281780e-01
 1.788175e+00 1.341915e+00 -7.406609e-01
 2.047935e+00 1.176255e+00 -5.247941e-01
 2.195867e+00 9.243470e-01 -2.921384e-01
 2.208798e+00 6.311197e-01 -5.477487e-02
 2.081311e+00 3.369090e-01 1.521015e-01
