 -1.166781e+00 6.476577e-01 -1.351768e+00
 -1.549528e+00 3.724417e-01 -1.356085e+00
 -1.887888e+00 6.668629e-02 -1.630086e+00
 -2.014627e+00 -1.923890e-01 -2.090673e+00
 -1.867304e+00 -3.657804e-01 -2.590655e+00
 -1.494192e+00 -3.978035e-01 -2.985918e+00
 -9.920505e-01 -3.108468e-01 -3.158394e+00
 -4.921302e-01 -1.346170e-01 -3.062963e+00
 -1.295641e-01 9.042268e-02 -2.725074e+00
 9.696338e-04 2.619309e-01 -2.238156e+00
 -9.853489e-02 3.000257e-01 -1.768147e+00
 -2.700945e-01 1.799018e-01 -1.475961e+00
 -3.478000e-01 7.266174e-02 -1.332592e+00
 -4.060434e-01 -4.707126e-02 -1.221141e+00
 -4.567142e-01 -1.777643e-01 -1.138836e+00
 -5.606489e-01 -6.820670e-01 -8.833854e-01
 -5.817520e-01 -9.738154e-01 -5.573691e-01
 -5.286221e-01 -1.133845e+00 -1.536086e-01
 -3.911268e-01 -1.147081e+00 2.607716e-01
 3.707769e-02 -8.738197e-01 1.004686e+00
 9.315291e-02 -7.699076e-01 1.260376e+00
 5.835587e-02 -6.250658e-01 1.592903e+00
 -1.464620e-01 -5.976731e-01 2.016146e+00
 -3.549712e-01 -8.152444e-01 2.405649e+00
 -4.792619e-01 -1.209098e+00 2.663785e+00
 -4.512687e-01 -1.693585e+00 2.765647e+00
 -2.750681e-01 -2.149434e+00 2.683823e+00
 3.528701e-03 -2.473086e+00 2.433507e+00
 3.228292e-01 -2.589045e+00 2.077251e+00
 6.288356e-01 -2.468224e+00 1.713040e+00
 8.581204e-01 -2.135531e+00 1.423867e+00
 9.842191e-01 -1.660572e+00 1.298037e+00
 9.826808e-01 -1.258792e+00 1.375187e+00
 1.021275e+00 -9.882130e-01 1.593774e+00
 1.158877e+00 -7.802129e-01 1.759349e+00
 1.445078e+00 -4.154522e-01 1.814652e+00
 1.655101e+00 -6.413554e-02 1.674727e+00
 1.717841e+00 2.844625e-01 1.387201e+00
 1.611421e+00 5.451941e-01 1.028018e+00
 1.357562e+00 6.667475e-01 6.612971e-01
 7.803390e-01 5.548723e-01 7.288912e-02
 6.586435e-01 5.172020e-01 -1.625970e-01
 6.080112e-01 4.787281e-01 -4.453619e-01
 6.109971e-01 2.777967e-01 -8.040954e-01
 6.128167e-01 -3.224414e-01 -1.254000e+00
 3.492929e-01 -6.499776e-01 -1.608840e+00
 -9.458937e-02 -7.515852e-01 -1.920336e+00
 -5.993702e-01 -5.956596e-01 -2.086579e+00
 -9.249219e-01 -2.680309e-01 -2.114987e+00
 -1.003632e+00 3.125177e-02 -2.167526e+00
 -1.073299e+00 2.493019e-01 -2.286571e+00
 -1.325555e+00 5.345760e-01 -2.390580e+00
 -1.639075e+00 8.682397e-01 -2.283109e+00
 -1.865100e+00 1.164116e+00 -1.960923e+00
 -1.905698e+00 1.376844e+00 -1.506576e+00
 -1.754813e+00 1.443697e+00 -1.036170e+00
 -1.426146e+00 1.391310e+00 -6.757519e-01
 -1.004571e+00 1.234170e+00 -5.064688e-01
 -5.316136e-01 1.040731e+00 -5.708817e-01
 -2.233688e-01 9.625971e-01 -7.983105e-01
 8.940282e-02 1.085285e+00 -1.159917e+00
 3.876390e-01 1.435927e+00 -1.369414e+00
 6.296939e-01 1.890910e+00 -1.347048e+00
 8.295699e-01 2.281358e+00 -1.072266e+00
 9.624031e-01 2.488836e+00 -6.228358e-01
 9.719665e-01 2.479771e+00 -1.073886e-01
 8.567441e-01 2.262893e+00 3.426100e-01
 6.493107e-01 1.896183e+00 6.220057e-01
 1.112281e-01 9.155421e-01 7.316650e-01
 -1.530683e-02 5.791654e-01 7.283152e-01
 -1.099858e-01 3.794031e-01 7.773489e-01
 -2.310104e-01 1.875996e-01 8.819958e-01
 -7.745540e-01 -2.048210e-01 1.077301e+00
 -9.596114e-01 -7.157425e-01 1.303723e+00
 -8.084124e-01 -1.245050e+00 1.505675e+00
 -3.807963e-01 -1.597817e+00 1.697577e+00
 4.416867e-02 -1.617500e+00 1.843708e+00
 2.773945e-01 -1.543718e+00 2.043688e+00
 5.426955e-01 -1.589657e+00 2.276917e+00
 1.019701e+00 -1.690387e+00 2.358728e+00
 1.528880e+00 -1.672062e+00 2.189153e+00
 1.894457e+00 -1.512340e+00 1.835727e+00
 2.027083e+00 -1.234825e+00 1.402959e+00
 1.896444e+00 -9.175941e-01 1.009475e+00
 1.560220e+00 -6.130795e-01 7.860236e-01
 1.175861e+00 -3.696554e-01 8.018149e-01
 8.668589e-01 -1.902026e-01 9.598897e-01
 5.626933e-01 3.154575e-01 1.572776e+00
 1.076167e-01 6.366773e-01 1.770362e+00
 -4.212306e-01 8.776678e-01 1.650131e+00
 -8.483217e-01 9.677810e-01 1.235446e+00
 -1.043527e+00 8.410672e-01 6.731514e-01
 -9.880174e-01 5.106172e-01 2.151330e-01
 -6.257923e-01 9.940655e-02 -9.913284e-02
 5.343348e-01 -5.710562e-01 -7.268715e-02
 1.377783e+00 -3.146645e-01 -2.694740e-01
 1.708635e+00 5.035576e-01 -5.315935e-01
 1.328267e+00 1.319298e+00 -5.034067e-01
 5.010525e-01 1.583519e+00 -3.487069e-01
 1.448067e-01 1.851922e+00 -3.953050e-01
 -2.460347e-01 2.030805e+00 -7.580357e-01
 -6.047557e-01 1.888279e+00 -1.237686e+00
 -8.339350e-01 1.438131e+00 -1.540985e+00
 -9.384584e-01 9.574127e-01 -1.523523e+00
