 -2.952516e-01 4.276326e-01 1.941888e+00
 -4.130530e-01 7.124720e-01 1.846788e+00
 -4.737810e-01 9.671149e-01 1.678922e+00
 -4.729083e-01 1.138032e+00 1.486996e+00
 -4.168317e-01 1.272106e+00 1.271182e+00
 -3.534857e-01 1.331750e+00 1.150220e+00
 -2.168050e-01 1.415468e+00 1.017028e+00
 5.487507e-02 1.544596e+00 9.047577e-01
 2.899763e-01 1.561471e+00 7.835343e-01
 5.406446e-01 1.549354e+00 5.112824e-01
 6.767000e-01 1.523994e+00 1.729393e-01
 6.882714e-01 1.496899e+00 -1.804695e-01
 5.777421e-01 1.472355e+00 -4.500213e-01
 4.095334e-01 1.535126e+00 -7.034424e-01
 2.260449e-01 1.738953e+00 -9.156550e-01
 5.270667e-03 1.864997e+00 -1.016436e+00
 -3.347416e-01 1.904727e+00 -1.206721e+00
 -6.391774e-01 1.802208e+00 -1.434038e+00
 -8.576704e-01 1.575670e+00 -1.652461e+00
 -9.869462e-01 1.254778e+00 -1.793119e+00
 -1.034098e+00 8.351809e-01 -1.829497e+00
 -9.630133e-01 4.436844e-01 -1.752295e+00
 -7.785804e-01 1.204700e-01 -1.581565e+00
 -3.878801e-01 -1.563732e-01 -1.288125e+00
 -1.520244e-01 -3.193408e-01 -1.214990e+00
 6.207469e-02 -5.136260e-01 -1.215923e+00
 2.609506e-01 -6.943222e-01 -1.310496e+00
 3.893340e-01 -9.361734e-01 -1.478837e+00
 4.044024e-01 -1.204688e+00 -1.641440e+00
 3.079277e-01 -1.532449e+00 -1.754239e+00
 1.267803e-01 -1.852957e+00 -1.753756e+00
 -9.959260e-02 -2.117043e+00 -1.641762e+00
 -3.486152e-01 -2.309036e+00 -1.416395e+00
 -5.752073e-01 -2.376444e+00 -1.145526e+00
 -7.774131e-01 -2.321839e+00 -8.530902e-01
 -9.265415e-01 -2.153959e+00 -5.735448e-01
 -1.142084e+00 -1.361263e+00 1.697382e-01
 -1.090616e+00 -1.076654e+00 4.251184e-01
 -9.616111e-01 -8.792346e-01 5.959028e-01
 -7.876571e-01 -7.737727e-01 7.881203e-01
 -6.524456e-01 -6.956700e-01 1.073532e+00
 -6.352258e-01 -6.694917e-01 1.312642e+00
 -6.388875e-01 -7.688161e-01 1.680386e+00
 -5.847636e-01 -1.026781e+00 2.008607e+00
 -5.124949e-01 -1.386615e+00 2.199947e+00
 -4.031577e-01 -1.784439e+00 2.231660e+00
 -2.711612e-01 -2.149442e+00 2.102680e+00
 -1.342657e-01 -2.423228e+00 1.838727e+00
 -2.243635e-02 -2.569395e+00 1.484823e+00
 4.427650e-02 -2.572179e+00 1.096459e+00
 5.866940e-02 -2.435643e+00 7.316718e-01
 2.124091e-02 -2.183226e+00 4.421824e-01
 -5.696944e-02 -1.867159e+00 2.743427e-01
 -1.280093e-01 -1.377811e+00 2.188587e-01
 -1.200951e-01 -1.037759e+00 6.285485e-02
 -3.509940e-02 -8.710103e-01 -5.105834e-02
 2.039843e-01 -6.403265e-01 -2.034243e-01
 4.320420e-01 -5.246000e-01 -2.825653e-01
 7.031741e-01 -4.687092e-01 -4.187865e-01
 1.418678e+00 -3.009511e-01 -1.035633e+00
 1.598011e+00 -1.618191e-01 -1.304877e+00
 1.674909e+00 4.381807e-02 -1.582954e+00
 1.637325e+00 2.893849e-01 -1.837049e+00
 1.482136e+00 5.684974e-01 -2.043702e+00
 1.228145e+00 8.292406e-01 -2.159245e+00
 9.464966e-01 1.024483e+00 -2.154468e+00
 6.172454e-01 1.153413e+00 -2.033859e+00
 2.711007e-01 1.150503e+00 -1.843062e+00
 1.247594e-02 1.028923e+00 -1.629835e+00
 -1.391608e-01 8.957248e-01 -1.337987e+00
 -2.740344e-01 8.883475e-01 -1.130766e+00
 -5.147173e-01 9.077384e-01 -9.436054e-01
 -8.704826e-01 1.002334e+00 -7.860636e-01
 -1.147627e+00 1.171214e+00 -5.701017e-01
 -1.299684e+00 1.341209e+00 -3.224723e-01
 -1.349698e+00 1.532527e+00 -2.164190e-02
 -1.294720e+00 1.729489e+00 2.907103e-01
 -8.178090e-01 2.244272e+00 1.120273e+00
 -5.466557e-01 2.299015e+00 1.428083e+00
 -2.330369e-01 2.199613e+00 1.682582e+00
 9.034101e-02 1.939849e+00 1.856218e+00
 3.417101e-01 1.604803e+00 1.886435e+00
 5.066667e-01 1.245932e+00 1.770002e+00
 5.415343e-01 9.167087e-01 1.546805e+00
 4.469558e-01 6.779788e-01 1.283268e+00
 2.374228e-01 5.146643e-01 1.063801e+00
 -7.085617e-02 3.703446e-01 9.437096e-01
 -3.973839e-01 3.113282e-01 9.000162e-01
 -9.180698e-01 2.844721e-01 9.849456e-01
 -1.269532e+00 1.184661e-01 1.090992e+00
 -1.526271e+00 -1.720707e-01 1.203902e+00
 -1.647893e+00 -5.375548e-01 1.303026e+00
 -1.619953e+00 -9.424559e-01 1.372184e+00
 -1.487551e+00 -1.257693e+00 1.378695e+00
 -1.267509e+00 -1.500009e+00 1.340708e+00
 -9.694115e-01 -1.652392e+00 1.273957e+00
 -6.751106e-01 -1.699691e+00 1.231521e+00
 -4.137939e-01 -1.662059e+00 1.212057e+00
 -1.831550e-01 -1.581510e+00 1.246456e+00
 5.179216e-01 -1.472802e+00 1.526440e+00
 8.528548e-01 -1.315319e+00 1.587982e+00
 1.109526e+00 -1.098184e+00 1.567360e+00
 1.285583e+00 -8.306020e-01 1.480034e+00
 1.370742e+00 -5.409447e-01 1.323817e+00
 1.362399e+00 -2.756092e-01 1.106748e+00
 1.265521e+00 -7.147223e-02 8.543474e-01
 7.819065e-01 2.926477e-01 2.298495e-01
 3.818330e-01 5.173650e-01 2.883258e-02
 -3.944951e-03 7.607910e-01 2.880904e-03
 -2.358902e-01 1.066914e+00 2.502155e-02
 -3.371785e-01 1.423024e+00 -1.463586e-02
 -3.337796e-01 1.681721e+00 -2.455160e-02
 -1.967869e-01 2.028487e+00 -2.698009e-02
 4.794025e-02 2.297226e+00 -7.869983e-02
 3.596986e-01 2.461187e+00 -2.076197e-01
 6.760100e-01 2.497231e+00 -3.976610e-01
 9.875392e-01 2.390992e+00 -6.376191e-01
 1.203713e+00 2.181381e+00 -8.419460e-01
 1.330268e+00 1.887279e+00 -1.007663e+00
 1.353397e+00 1.547244e+00 -1.116069e+00
 1.273872e+00 1.211502e+00 -1.155045e+00
 9.856034e-01 7.580078e-01 -1.157840e+00
 7.832989e-01 4.543520e-01 -1.289604e+00
 6.808262e-01 2.725831e-01 -1.475040e+00
 5.197648e-01 1.297755e-01 -1.865979e+00
 2.880862e-01 -3.780959e-02 -2.101195e+00
 1.933015e-02 -3.010359e-01 -2.226805e+00
 -2.498234e-01 -6.027985e-01 -2.205333e+00
 -4.821512e-01 -8.665192e-01 -2.023244e+00
 -6.162810e-01 -1.085624e+00 -1.723640e+00
 -6.123014e-01 -1.263546e+00 -1.368146e+00
 -4.861595e-01 -1.355462e+00 -1.073645e+00
 -2.731577e-01 -1.433089e+00 -8.754878e-01
 2.837891e-02 -1.586065e+00 -7.752895e-01
 2.642761e-01 -1.597557e+00 -7.132817e-01
 5.832520e-01 -1.550430e+00 -5.096030e-01
 7.848053e-01 -1.481485e+00 -2.457399e-01
 8.778328e-01 -1.375991e+00 5.059913e-02
 8.701449e-01 -1.200952e+00 3.441846e-01
 7.539316e-01 -9.778029e-01 6.006638e-01
 4.827157e-01 -7.216540e-01 8.326306e-01
 3.849341e-01 -5.729620e-01 1.050182e+00
 3.170639e-01 -3.938251e-01 1.524901e+00
 2.155631e-01 -2.324312e-01 1.747215e+00
 4.383567e-02 -5.265183e-02 1.886917e+00
 -1.372706e-01 1.612610e-01 1.950616e+00
