 -1.389827e-01 -2.871500e+00 7.863415e-01
 -5.324850e-01 -2.820591e+00 7.792520e-01
 -8.736745e-01 -2.638070e+00 7.149192e-01
 -1.115471e+00 -2.358952e+00 5.971831e-01
 -1.227100e+00 -2.025024e+00 4.462739e-01
 -1.197695e+00 -1.691962e+00 2.799511e-01
 -1.041871e+00 -1.418810e+00 8.989247e-02
 -7.827106e-01 -1.245832e+00 -1.177152e-01
 -5.486947e-01 -1.214946e+00 -3.844931e-01
 -3.664177e-01 -1.286237e+00 -8.532577e-01
 -2.414533e-01 -1.243644e+00 -1.132200e+00
 -1.052658e-01 -1.136571e+00 -1.361118e+00
 3.382548e-02 -9.661359e-01 -1.535255e+00
 1.762899e-01 -7.302721e-01 -1.641180e+00
 3.081254e-01 -4.598258e-01 -1.657909e+00
 4.277296e-01 -1.338273e-01 -1.572158e+00
 4.848811e-01 1.106251e-01 -1.434172e+00
 5.653549e-01 7.179364e-01 -8.444757e-01
 6.953815e-01 9.242458e-01 -5.464091e-01
 7.660899e-01 1.094401e+00 -3.948113e-01
 8.053173e-01 1.297236e+00 -3.019017e-01
 9.420160e-01 1.616034e+00 -2.431960e-01
 1.090418e+00 1.878343e+00 -7.486857e-02
 1.189535e+00 2.124533e+00 2.284714e-01
 1.196403e+00 2.260647e+00 5.554304e-01
 1.123609e+00 2.279750e+00 9.127166e-01
 9.656206e-01 2.159592e+00 1.284967e+00
 7.838493e-01 1.946917e+00 1.537116e+00
 5.729823e-01 1.659419e+00 1.675138e+00
 3.644710e-01 1.339450e+00 1.676565e+00
 1.939082e-01 1.033452e+00 1.543827e+00
 8.601862e-03 6.935530e-01 1.193129e+00
 -2.002924e-01 5.286766e-01 9.748972e-01
 -4.868114e-01 4.043159e-01 8.171181e-01
 -7.312415e-01 3.816932e-01 7.838056e-01
 -1.087768e+00 4.495910e-01 7.592870e-01
 -1.443761e+00 5.060377e-01 5.924901e-01
 -1.718774e+00 4.815569e-01 3.407003e-01
 -1.901955e+00 3.691813e-01 3.270503e-02
 -1.945364e+00 2.414800e-01 -2.356770e-01
 -1.905167e+00 6.762567e-02 -4.785054e-01
 -1.790527e+00 -1.497097e-01 -6.676396e-01
 -1.614397e+00 -4.004352e-01 -7.758728e-01
 -1.488910e+00 -6.771301e-01 -7.726234e-01
 -1.444908e+00 -1.380483e+00 -8.987065e-01
 -1.281031e+00 -1.817406e+00 -8.349529e-01
 -1.013409e+00 -2.106647e+00 -6.761941e-01
 -6.765850e-01 -2.239006e+00 -4.302939e-01
 -3.799360e-01 -2.202772e+00 -1.107774e-01
 -2.170427e-01 -2.040255e+00 1.869375e-01
 -2.152080e-01 -1.925829e+00 3.964380e-01
 -2.009619e-01 -1.854347e+00 6.384945e-01
 -1.466040e-02 -1.720913e+00 9.589048e-01
 2.651428e-01 -1.480045e+00 1.169361e+00
 5.270578e-01 -1.198240e+00 1.219061e+00
 7.402886e-01 -8.542073e-01 1.116567e+00
 8.650021e-01 -5.556487e-01 8.886442e-01
 9.043973e-01 -3.249689e-01 5.503839e-01
 9.279284e-01 -9.147117e-02 6.990361e-02
 1.043378e+00 2.185743e-02 -2.210178e-01
 1.254852e+00 3.540484e-02 -5.282909e-01
 1.581704e+00 3.757172e-02 -7.094238e-01
 2.012492e+00 1.016407e-01 -7.507569e-01
 2.380378e+00 2.421233e-01 -6.347893e-01
 2.644372e+00 4.746099e-01 -4.246508e-01
 2.763394e+00 7.673453e-01 -1.568270e-01
 2.719569e+00 1.045510e+00 1.435750e-01
 2.523251e+00 1.260808e+00 4.333319e-01
 2.205548e+00 1.381298e+00 6.641789e-01
 1.818125e+00 1.389688e+00 7.964331e-01
 1.240923e+00 1.266110e+00 7.936505e-01
 9.043645e-01 1.282194e+00 7.507800e-01
 6.230793e-01 1.390756e+00 6.936829e-01
 4.132077e-01 1.579484e+00 6.448228e-01
 2.184842e-01 1.929011e+00 5.322229e-01
 -8.840265e-03 2.156738e+00 3.279687e-01
 -3.445208e-01 2.261212e+00 1.078789e-01
 -6.991270e-01 2.204153e+00 -7.529497e-02
 -9.859404e-01 2.004004e+00 -2.237234e-01
 -1.180950e+00 1.669389e+00 -3.719826e-01
 -1.234518e+00 1.294118e+00 -4.632044e-01
 -1.160768e+00 9.284535e-01 -4.817837e-01
 -9.307140e-01 4.174817e-01 -3.428943e-01
 -9.372080e-01 -1.122419e-01 -8.720893e-02
 -1.056654e+00 -2.923429e-01 6.691751e-02
 -1.321940e+00 -4.471840e-01 2.212260e-01
 -1.715835e+00 -6.519142e-01 2.302745e-01
 -2.066009e+00 -8.167479e-01 6.402195e-02
 -2.329640e+00 -9.120957e-01 -2.300601e-01
 -2.473165e+00 -9.378901e-01 -6.006906e-01
 -2.477732e+00 -9.072587e-01 -9.854923e-01
 -2.350242e+00 -8.436941e-01 -1.326960e+00
 -2.116071e+00 -7.638223e-01 -1.589158e+00
 -1.814872e+00 -6.639790e-01 -1.746545e+00
 -1.491638e+00 -5.512255e-01 -1.786939e+00
 -1.182289e+00 -4.422187e-01 -1.714744e+00
 -9.173954e-01 -3.512945e-01 -1.545760e+00
 -4.865699e-01 -2.454732e-01 -1.035685e+00
 -2.113033e-01 -2.814689e-01 -7.927091e-01
 -8.573265e-03 -3.479637e-01 -6.793395e-01
 2.180931e-01 -4.832885e-01 -6.347471e-01
 7.170088e-01 -8.388317e-01 -7.096931e-01
 1.079234e+00 -9.654414e-01 -5.833132e-01
 1.371019e+00 -9.701119e-01 -3.553434e-01
 1.653236e+00 -8.151423e-01 -9.723315e-02
 1.870541e+00 -5.104363e-01 1.135852e-01
 1.941913e+00 -1.483041e-01 2.492448e-01
 1.907958e+00 2.469878e-01 2.757366e-01
 1.815349e+00 5.464915e-01 1.816136e-01
 1.727916e+00 8.007774e-01 -4.265622e-02
 1.769247e+00 9.899546e-01 -2.895544e-01
 1.771825e+00 1.099883e+00 -6.103255e-01
 1.592302e+00 1.263349e+00 -9.765953e-01
 1.270298e+00 1.449971e+00 -1.216751e+00
 8.764257e-01 1.620921e+00 -1.281926e+00
 4.787900e-01 1.709983e+00 -1.181708e+00
 1.086349e-01 1.664983e+00 -9.568687e-01
 -1.459638e-01 1.505990e+00 -6.382909e-01
 -2.261120e-01 1.312203e+00 -2.648483e-01
 -3.150186e-01 1.240216e+00 -5.058728e-03
 -4.706855e-01 1.232895e+00 2.212274e-01
 -6.370761e-01 1.354132e+00 4.993634e-01
 -7.140796e-01 1.412879e+00 8.376482e-01
 -8.005700e-01 1.331011e+00 1.205353e+00
 -8.733355e-01 1.120853e+00 1.503699e+00
 -8.712597e-01 8.042855e-01 1.712233e+00
 -8.021585e-01 4.015425e-01 1.800841e+00
 -7.044370e-01 4.853008e-02 1.751179e+00
 -5.806639e-01 -2.491381e-01 1.589894e+00
 -4.555784e-01 -4.632011e-01 1.341815e+00
 -1.481220e-01 -7.371571e-01 5.941413e-01
 2.082660e-02 -8.658919e-01 3.801974e-01
 2.344950e-01 -1.031215e+00 2.310194e-01
 4.361052e-01 -1.181431e+00 1.976521e-01
 6.624374e-01 -1.432761e+00 2.145323e-01
 7.975419e-01 -1.817785e+00 3.213275e-01
 7.659839e-01 -2.204460e+00 4.780527e-01
 5.701656e-01 -2.543521e+00 6.253680e-01
 2.494168e-01 -2.776448e+00 7.336443e-01
