 1.517520e+00 -1.267339e+00 -4.226041e-01
 1.391054e+00 -1.032107e+00 -7.824973e-01
 1.214406e+00 -6.592094e-01 -1.002933e+00
 1.048360e+00 -2.307330e-01 -1.022681e+00
 8.902763e-01 1.578912e-01 -8.444240e-01
 6.477393e-01 5.735022e-01 -3.125547e-01
 6.164999e-01 8.805590e-01 -7.821111e-02
 7.209014e-01 1.239307e+00 7.573080e-02
 8.690264e-01 1.629943e+00 4.934294e-02
 9.599196e-01 2.025685e+00 -1.801920e-01
 9.357538e-01 2.315459e+00 -5.646961e-01
 7.564897e-01 2.443584e+00 -1.008451e+00
 4.498083e-01 2.365449e+00 -1.409724e+00
 8.298012e-02 2.071705e+00 -1.665246e+00
 -2.476892e-01 1.625337e+00 -1.678824e+00
 -4.639442e-01 1.182612e+00 -1.413849e+00
 -5.182578e-01 9.055501e-01 -9.550863e-01
 -4.788078e-01 8.968709e-01 -4.442850e-01
 -6.636623e-01 1.353900e+00 2.277009e-01
 -6.964478e-01 1.399470e+00 7.728353e-01
 -6.902376e-01 1.163674e+00 1.271238e+00
 -5.507936e-01 7.223155e-01 1.581825e+00
 -2.445167e-01 1.755855e-01 1.602700e+00
 1.122219e-01 -2.893036e-01 1.244334e+00
 2.681182e-01 -4.851148e-01 1.193646e+00
 5.327023e-01 -7.820833e-01 1.266611e+00
 8.849415e-01 -1.119817e+00 1.543218e+00
 1.136296e+00 -1.257457e+00 1.648605e+00
 1.459712e+00 -1.364393e+00 1.674667e+00
 1.805774e+00 -1.412825e+00 1.596066e+00
 2.125239e+00 -1.390259e+00 1.410909e+00
 2.369497e+00 -1.295278e+00 1.134731e+00
 2.494691e+00 -1.138553e+00 8.013633e-01
 2.479347e+00 -9.185163e-01 4.681066e-01
 2.331643e+00 -6.647293e-01 2.143383e-01
 2.037420e+00 -4.323270e-01 2.754913e-02
 1.662043e+00 -3.122382e-01 -5.288226e-02
 1.345714e+00 -3.232818e-01 -4.061414e-02
 1.162231e+00 -3.694130e-01 -9.289126e-03
 9.350309e-01 -5.016973e-01 -2.287693e-02
 7.388983e-01 -6.989076e-01 -5.252627e-02
 5.518377e-01 -9.820510e-01 -1.479147e-01
 3.061838e-01 -1.175477e+00 -2.877213e-01
 1.695720e-02 -1.271743e+00 -4.032152e-01
 -2.734785e-01 -1.273741e+00 -4.817001e-01
 -5.054328e-01 -1.191298e+00 -5.455771e-01
 -7.139262e-01 -1.026535e+00 -6.276143e-01
 -8.320816e-01 -8.757248e-01 -7.309234e-01
 -9.543597e-01 -6.847529e-01 -9.742308e-01
 -1.190130e+00 -6.265257e-01 -1.324556e+00
 -1.575003e+00 -7.047103e-01 -1.580989e+00
 -1.998849e+00 -8.516305e-01 -1.641283e+00
 -2.382556e+00 -1.028195e+00 -1.512649e+00
 -2.665293e+00 -1.192072e+00 -1.227618e+00
 -2.810487e+00 -1.295218e+00 -8.464024e-01
 -2.804406e+00 -1.325201e+00 -4.352982e-01
 -2.653462e+00 -1.280458e+00 -5.716600e-02
 -2.380626e+00 -1.168613e+00 2.319002e-01
 -2.031463e+00 -9.977898e-01 3.837032e-01
 -1.674524e+00 -7.725063e-01 3.720561e-01
 -1.385832e+00 -5.252128e-01 1.933426e-01
 -1.280262e+00 -3.040534e-01 -3.963175e-02
 -1.262948e+00 -1.540046e-01 -1.653963e-01
 -1.274979e+00 2.599638e-02 -2.743603e-01
 -1.314344e+00 1.914715e-01 -3.489460e-01
 -1.367711e+00 3.434808e-01 -3.933194e-01
 -1.502818e+00 8.337442e-01 -5.121373e-01
 -1.465622e+00 1.196674e+00 -6.089148e-01
 -1.325581e+00 1.485912e+00 -6.885955e-01
 -1.115354e+00 1.709534e+00 -7.319231e-01
 -8.752282e-01 1.858745e+00 -7.315998e-01
 -6.205811e-01 1.929607e+00 -7.166197e-01
 -3.518397e-01 1.925229e+00 -6.883909e-01
 -1.225638e-01 1.846806e+00 -6.663540e-01
 1.052341e-01 1.704047e+00 -6.879181e-01
 2.619059e-01 1.560704e+00 -7.749750e-01
 4.377894e-01 1.464420e+00 -8.932478e-01
 6.929295e-01 1.395027e+00 -9.599712e-01
 1.023387e+00 1.308371e+00 -9.267853e-01
 1.312490e+00 1.212401e+00 -7.738725e-01
 1.498818e+00 1.084711e+00 -5.785863e-01
 1.607969e+00 9.319477e-01 -3.509499e-01
 1.638543e+00 7.922301e-01 -9.898454e-02
 1.586525e+00 6.673257e-01 1.760378e-01
 1.442188e+00 5.706067e-01 4.341740e-01
 1.161915e+00 3.283291e-01 7.577019e-01
 1.026028e+00 2.178674e-01 1.019664e+00
 9.856584e-01 1.546461e-01 1.599518e+00
 7.632482e-01 -1.200625e-01 2.053127e+00
 4.043303e-01 -4.644867e-01 2.257513e+00
 -2.796771e-02 -8.027095e-01 2.158768e+00
 -4.193946e-01 -1.017390e+00 1.770667e+00
 -5.981943e-01 -1.048434e+00 1.283225e+00
 -5.805088e-01 -9.362292e-01 8.259232e-01
 -1.718388e-01 -2.424999e-01 -2.050201e-01
 -1.752099e-02 -2.682263e-01 -6.682984e-01
 7.292503e-02 -4.857108e-01 -1.058340e+00
 -1.197475e-02 -8.270834e-01 -1.372935e+00
 -2.326803e-01 -1.162034e+00 -1.533985e+00
 -5.418144e-01 -1.433211e+00 -1.552426e+00
 -8.870421e-01 -1.610876e+00 -1.446155e+00
 -1.217332e+00 -1.658461e+00 -1.261495e+00
 -1.516703e+00 -1.575342e+00 -1.024928e+00
 -1.735252e+00 -1.354275e+00 -7.776896e-01
 -1.828750e+00 -1.082355e+00 -6.369084e-01
 -1.903711e+00 -8.612703e-01 -6.210035e-01
 -2.039209e+00 -6.624084e-01 -6.029509e-01
 -2.201677e+00 -4.321568e-01 -4.624456e-01
 -2.283180e+00 -1.652256e-01 -2.025734e-01
 -2.225595e+00 7.617941e-02 1.032005e-01
 -2.026108e+00 2.692831e-01 3.800457e-01
 -1.696898e+00 3.977099e-01 5.819218e-01
 -1.305794e+00 4.354286e-01 6.699613e-01
 -6.868316e-01 3.579412e-01 6.043016e-01
 -3.344420e-01 4.320514e-01 5.891010e-01
 -1.771382e-01 5.177693e-01 6.057323e-01
 2.292256e-02 6.489036e-01 7.021358e-01
 3.500659e-01 9.745857e-01 9.773876e-01
 6.595735e-01 1.169615e+00 1.133173e+00
 1.049658e+00 1.217069e+00 1.269566e+00
 1.415521e+00 1.117610e+00 1.360158e+00
 1.692653e+00 9.254035e-01 1.403866e+00
 1.889098e+00 6.752136e-01 1.392936e+00
 2.005043e+00 3.714535e-01 1.333615e+00
 2.014528e+00 2.383336e-02 1.245490e+00
 1.893155e+00 -3.113624e-01 1.144966e+00
 1.547437e+00 -7.064937e-01 8.900640e-01
 1.478329e+00 -1.017658e+00 6.965832e-01
 1.500077e+00 -1.238885e+00 4.223465e-01
 1.536476e+00 -1.340345e+00 -1.449092e-03
