 1.508477e+00 -5.125747e-01 1.736694e+00
 1.626928e+00 -2.148141e-01 1.488951e+00
 1.643707e+00 -4.674755e-03 1.188161e+00
 1.578914e+00 1.104325e-01 8.426760e-01
 1.439900e+00 1.160797e-01 5.067831e-01
 1.167875e+00 -7.074262e-02 2.928074e-02
 1.113467e+00 -1.520600e-01 -3.328589e-01
 1.202866e+00 -1.928206e-01 -6.521057e-01
 1.302473e+00 -1.213749e-01 -9.226214e-01
 1.393818e+00 8.653764e-02 -1.197300e+00
 1.414987e+00 3.627040e-01 -1.397407e+00
 1.337652e+00 6.820404e-01 -1.529252e+00
 1.165233e+00 9.839284e-01 -1.582034e+00
 9.130620e-01 1.233090e+00 -1.556769e+00
 6.255048e-01 1.400404e+00 -1.448686e+00
 3.395054e-01 1.479391e+00 -1.257796e+00
 8.929883e-02 1.457034e+00 -1.009789e+00
 -9.540824e-02 1.335176e+00 -7.394120e-01
 -2.516668e-01 9.915693e-01 -2.526799e-01
 -3.500731e-01 9.281471e-01 -5.669859e-02
 -4.864432e-01 9.150775e-01 2.204139e-01
 -5.258965e-01 9.910125e-01 5.217249e-01
 -5.541641e-01 1.162822e+00 8.118824e-01
 -5.736633e-01 1.481734e+00 1.046300e+00
 -6.063860e-01 1.865531e+00 1.137065e+00
 -6.410433e-01 2.251955e+00 1.075406e+00
 -6.922011e-01 2.583437e+00 8.746036e-01
 -7.628896e-01 2.809896e+00 5.723906e-01
 -8.409656e-01 2.904217e+00 2.134844e-01
 -9.172231e-01 2.857615e+00 -1.517720e-01
 -9.782926e-01 2.680363e+00 -4.743582e-01
 -1.022952e+00 2.399423e+00 -7.111480e-01
 -1.063354e+00 2.053791e+00 -8.320708e-01
 -1.090172e+00 1.696594e+00 -8.205033e-01
 -1.129764e+00 1.393939e+00 -6.935183e-01
 -1.191794e+00 1.216715e+00 -5.292862e-01
 -1.321366e+00 1.049837e+00 -3.319446e-01
 -1.750117e+00 8.317483e-01 8.326031e-02
 -1.927373e+00 6.067206e-01 2.907962e-01
 -2.018614e+00 3.054146e-01 4.545735e-01
 -2.013912e+00 -3.527676e-02 5.514577e-01
 -1.904731e+00 -3.721098e-01 5.813274e-01
 -1.693764e+00 -6.653623e-01 5.435946e-01
 -1.411492e+00 -8.712483e-01 4.362926e-01
 -1.123165e+00 -9.767653e-01 2.438172e-01
 -9.166623e-01 -9.683271e-01 4.841735e-02
 -7.640978e-01 -9.222972e-01 -1.997384e-01
 -6.964234e-01 -9.687813e-01 -7.263857e-01
 -6.123155e-01 -8.573076e-01 -1.084186e+00
 -4.080987e-01 -6.501317e-01 -1.381494e+00
 -1.333128e-01 -3.948314e-01 -1.532609e+00
 1.301978e-01 -8.137771e-02 -1.527005e+00
 3.326697e-01 2.298187e-01 -1.369065e+00
 4.243647e-01 4.303770e-01 -1.148288e+00
 5.483410e-01 5.562898e-01 -8.628041e-01
 7.583763e-01 7.354179e-01 -6.769481e-01
 1.026192e+00 8.344432e-01 -5.702087e-01
 1.374302e+00 8.238068e-01 -4.828972e-01
 1.709823e+00 6.852190e-01 -4.242466e-01
 1.981589e+00 4.180586e-01 -3.827895e-01
 2.125909e+00 9.920972e-02 -3.290204e-01
 2.142990e+00 -2.616198e-01 -2.481305e-01
 2.021912e+00 -6.192650e-01 -1.919215e-01
 1.783229e+00 -9.085500e-01 -1.713605e-01
 1.337006e+00 -1.158631e+00 -1.407142e-01
 1.138507e+00 -1.412297e+00 -6.124102e-02
 9.972708e-01 -1.962569e+00 2.025569e-02
 8.226858e-01 -2.262335e+00 1.751718e-01
 5.608781e-01 -2.457560e+00 3.827089e-01
 2.529030e-01 -2.515058e+00 6.120190e-01
 -6.576396e-02 -2.429535e+00 8.257078e-01
 -3.281578e-01 -2.228167e+00 9.722004e-01
 -5.199603e-01 -1.912612e+00 1.062490e+00
 -5.938233e-01 -1.519722e+00 1.101815e+00
 -5.395054e-01 -1.148298e+00 1.068720e+00
 -4.009904e-01 -8.293571e-01 9.355519e-01
 -1.668161e-01 -5.380838e-01 6.026728e-01
 -6.809079e-02 -3.253639e-01 4.857455e-01
 5.841993e-02 -4.887069e-02 4.548984e-01
 4.155975e-01 5.513251e-01 5.240015e-01
 4.918995e-01 8.681066e-01 5.230824e-01
 4.727430e-01 1.189164e+00 4.845444e-01
 3.594650e-01 1.480734e+00 4.166864e-01
 1.591124e-01 1.723373e+00 3.224713e-01
 -1.070995e-01 1.880731e+00 2.262011e-01
 -3.709960e-01 1.932030e+00 1.428751e-01
 -6.209659e-01 1.913263e+00 1.032278e-01
 -8.273891e-01 1.881128e+00 1.423639e-01
 -1.057371e+00 1.904043e+00 1.959224e-01
 -1.359939e+00 1.960135e+00 1.515581e-01
 -1.680914e+00 1.960058e+00 -1.855140e-02
 -1.942232e+00 1.871062e+00 -2.767230e-01
 -2.101791e+00 1.683996e+00 -5.589268e-01
 -2.149343e+00 1.431106e+00 -8.147578e-01
 -2.078961e+00 1.151552e+00 -1.028780e+00
 -1.904654e+00 8.750717e-01 -1.171765e+00
 -1.648370e+00 6.361656e-01 -1.228986e+00
 -1.343409e+00 4.654512e-01 -1.196273e+00
 -6.898756e-01 2.627641e-01 -9.256577e-01
 -4.291170e-01 1.108435e-01 -6.917796e-01
 -2.155894e-01 -7.317364e-02 -5.379717e-01
 3.531798e-02 -2.787314e-01 -5.275835e-01
 1.925668e-01 -4.895147e-01 -5.612313e-01
 3.346242e-01 -7.251532e-01 -6.706252e-01
 8.454559e-01 -1.251524e+00 -1.031443e+00
 1.064513e+00 -1.433664e+00 -1.085708e+00
 1.302335e+00 -1.604801e+00 -1.058255e+00
 1.539630e+00 -1.749428e+00 -9.478259e-01
 1.755098e+00 -1.852783e+00 -7.605060e-01
 1.941400e+00 -1.915308e+00 -4.812152e-01
 2.036691e+00 -1.924750e+00 -1.912551e-01
 2.054225e+00 -1.875941e+00 1.080813e-01
 1.992642e+00 -1.765448e+00 3.942848e-01
 1.865105e+00 -1.588095e+00 6.373526e-01
 1.689569e+00 -1.350651e+00 8.040205e-01
 1.480656e+00 -1.104734e+00 8.667491e-01
 1.137835e+00 -8.229878e-01 8.277181e-01
 9.552428e-01 -6.932359e-01 8.836217e-01
 7.988279e-01 -5.669874e-01 9.970704e-01
 5.741924e-01 -3.637469e-01 1.281942e+00
 3.353402e-01 -2.032964e-01 1.424654e+00
 5.985997e-02 -3.821313e-02 1.472143e+00
 -2.252404e-01 9.118986e-02 1.420147e+00
 -5.034338e-01 1.641200e-01 1.279917e+00
 -7.431601e-01 1.660623e-01 1.078347e+00
 -9.274216e-01 1.110908e-01 8.099731e-01
 -1.051149e+00 6.648692e-02 2.210003e-01
 -1.155575e+00 1.092170e-02 -7.995185e-03
 -1.307851e+00 -5.966057e-02 -1.845538e-01
 -1.488437e+00 -2.173143e-01 -3.600216e-01
 -1.661826e+00 -5.185963e-01 -5.039134e-01
 -1.741631e+00 -8.995859e-01 -5.692360e-01
 -1.688398e+00 -1.276315e+00 -5.582309e-01
 -1.502655e+00 -1.610176e+00 -4.879488e-01
 -1.198044e+00 -1.850705e+00 -3.853640e-01
 -8.384963e-01 -1.951390e+00 -2.417902e-01
 -4.819478e-01 -1.899874e+00 -7.153181e-02
 -2.992874e-02 -1.605225e+00 2.115594e-01
 1.764087e-01 -1.507155e+00 4.253371e-01
 3.310604e-01 -1.490708e+00 6.502543e-01
 4.804364e-01 -1.571095e+00 1.091090e+00
 6.437918e-01 -1.500770e+00 1.425536e+00
 8.694465e-01 -1.309074e+00 1.698494e+00
 1.110807e+00 -1.068962e+00 1.837681e+00
 1.332986e+00 -7.994440e-01 1.848250e+00
