 1.831469e+00 1.273874e+00 -9.259929e-01
 1.791387e+00 1.126947e+00 -1.240115e+00
 1.538010e+00 9.107798e-01 -1.541789e+00
 1.157414e+00 5.924329e-01 -1.655527e+00
 7.846843e-01 2.558843e-01 -1.513348e+00
 4.982784e-01 3.537189e-03 -1.135973e+00
 3.425895e-01 -1.392705e-01 -4.354195e-01
 3.145426e-01 -1.968178e-01 -2.851936e-01
 2.762643e-01 -2.623481e-01 -1.699154e-01
 2.399320e-01 -3.971345e-01 -2.800343e-03
 2.700374e-01 -9.201473e-01 4.681226e-01
 8.716221e-02 -1.225276e+00 7.796882e-01
 -2.558396e-01 -1.413278e+00 1.028265e+00
 -6.868191e-01 -1.450733e+00 1.168122e+00
 -1.068748e+00 -1.328892e+00 1.185385e+00
 -1.302311e+00 -1.102892e+00 1.175492e+00
 -1.484625e+00 -8.616310e-01 1.267635e+00
 -1.782170e+00 -7.109862e-01 1.341654e+00
 -2.203209e+00 -5.630099e-01 1.237324e+00
 -2.553965e+00 -4.627882e-01 9.306428e-01
 -2.736131e+00 -4.184815e-01 4.928109e-01
 -2.713771e+00 -4.520617e-01 1.254392e-02
 -2.486106e+00 -5.404778e-01 -3.995263e-01
 -1.893014e+00 -6.749019e-01 -7.931115e-01
 -1.595563e+00 -6.310790e-01 -1.193289e+00
 -1.204948e+00 -1.525016e-01 -1.508801e+00
 -7.029650e-01 3.886055e-01 -1.299237e+00
 -3.821634e-01 6.360659e-01 -6.536841e-01
 -3.709473e-01 3.910136e-01 3.621728e-01
 -2.792734e-01 5.449089e-01 8.072947e-01
 -7.034528e-03 8.054070e-01 1.117587e+00
 4.190664e-01 1.020454e+00 1.243303e+00
 8.966984e-01 1.125225e+00 1.160932e+00
 1.320229e+00 1.114350e+00 8.690170e-01
 1.695064e+00 9.160809e-01 2.582732e-01
 1.844541e+00 8.479090e-01 1.043765e-01
 2.112019e+00 7.572155e-01 -5.262006e-02
 2.537705e+00 8.698915e-01 -2.691899e-01
 2.812359e+00 1.195653e+00 -5.961720e-01
 2.820995e+00 1.600090e+00 -9.439019e-01
 2.553303e+00 1.949470e+00 -1.267655e+00
 2.075607e+00 2.138750e+00 -1.470241e+00
 1.519651e+00 2.113864e+00 -1.484117e+00
 1.045568e+00 1.861155e+00 -1.317728e+00
 8.003992e-01 1.444965e+00 -1.020129e+00
 8.619634e-01 9.654357e-01 -7.182404e-01
 1.131725e+00 6.141014e-01 -5.898077e-01
 1.873556e+00 -5.386815e-02 -8.148483e-01
 2.232723e+00 -6.290042e-01 -4.926459e-01
 2.167986e+00 -1.061538e+00 1.084444e-01
 1.720989e+00 -1.145169e+00 6.945517e-01
 1.176973e+00 -7.841323e-01 1.037564e+00
 7.917600e-01 -1.541240e-01 9.712280e-01
 6.376303e-01 5.980542e-01 2.808937e-01
 4.612678e-01 1.035716e+00 2.009801e-01
 1.233625e-01 1.347537e+00 2.440835e-01
 -3.437448e-01 1.459991e+00 3.093286e-01
 -8.041176e-01 1.349488e+00 3.658446e-01
 -1.175030e+00 1.037646e+00 4.172138e-01
 -1.537082e+00 2.211907e-01 5.117796e-01
 -1.623191e+00 -7.214474e-02 4.795613e-01
 -1.715451e+00 -5.106487e-01 3.268065e-01
 -1.785938e+00 -7.949938e-01 3.086017e-01
 -1.964339e+00 -1.128030e+00 3.750889e-01
 -2.155775e+00 -1.477565e+00 7.170679e-01
 -2.174778e+00 -1.668318e+00 1.230671e+00
 -1.969268e+00 -1.669351e+00 1.746090e+00
 -1.590537e+00 -1.481339e+00 2.110491e+00
 -1.152515e+00 -1.149999e+00 2.217737e+00
 -7.663379e-01 -7.862208e-01 2.027529e+00
 -5.504068e-01 -5.002629e-01 1.589865e+00
 -5.416576e-01 -4.089840e-01 1.022168e+00
 -6.973442e-01 -5.553357e-01 5.509123e-01
 -8.564333e-01 -1.205774e+00 8.811712e-02
 -1.710924e+00 -1.700076e+00 -8.449708e-01
 -2.148985e+00 -1.598605e+00 -1.213009e+00
 -2.489483e+00 -1.206201e+00 -1.476841e+00
 -2.617170e+00 -6.452332e-01 -1.564031e+00
 -2.486845e+00 -9.507102e-02 -1.460097e+00
 -2.178165e+00 2.771784e-01 -1.162841e+00
 -1.789590e+00 3.645592e-01 -7.599545e-01
 -1.366603e+00 1.705240e-01 -4.804152e-01
 -1.060655e+00 -1.776841e-01 -4.059471e-01
 -6.922418e-01 -4.441191e-01 -5.979093e-01
 -3.228127e-01 -8.421669e-01 -7.490954e-01
 -3.158701e-02 -1.024820e+00 -7.673885e-01
 2.979093e-01 -1.111662e+00 -7.319095e-01
 6.286886e-01 -1.096851e+00 -6.378061e-01
 9.218474e-01 -9.833896e-01 -4.914789e-01
 1.133027e+00 -7.969590e-01 -3.022728e-01
 1.331514e+00 -3.744137e-01 5.792142e-02
 1.533664e+00 -2.029741e-01 1.997468e-01
 2.023295e+00 2.830358e-02 7.270626e-01
 2.353851e+00 4.638701e-01 9.369870e-01
 2.527980e+00 1.017190e+00 8.844984e-01
 2.482852e+00 1.521577e+00 5.896532e-01
 2.251294e+00 1.805905e+00 1.382479e-01
 1.959409e+00 1.774905e+00 -3.624898e-01
 1.798367e+00 1.504034e+00 -6.779012e-01
