 -1.105426e+00 2.007687e+00 1.528377e-01
 -9.189213e-01 1.857096e+00 3.527453e-01
 -7.349742e-01 1.684172e+00 4.583433e-01
 -5.455548e-01 1.525517e+00 4.817034e-01
 -3.597829e-01 1.431348e+00 4.592673e-01
 -1.627418e-01 1.375697e+00 4.590588e-01
 3.886507e-01 1.341243e+00 4.649722e-01
 7.438371e-01 1.178428e+00 4.114766e-01
 1.007439e+00 8.979802e-01 3.300763e-01
 1.141907e+00 5.373591e-01 2.510642e-01
 1.123919e+00 1.106934e-01 1.546218e-01
 1.155165e+00 -1.061736e-01 5.440711e-02
 1.297794e+00 -3.694741e-01 -8.077844e-02
 1.470541e+00 -5.636295e-01 -3.955250e-01
 1.532964e+00 -6.426575e-01 -8.731896e-01
 1.418538e+00 -6.048730e-01 -1.297195e+00
 1.107017e+00 -5.121459e-01 -1.648088e+00
 7.103142e-01 -3.446477e-01 -1.818540e+00
 3.032092e-01 -1.264404e-01 -1.786763e+00
 -2.426217e-02 9.014073e-02 -1.564682e+00
 -2.484903e-01 2.100988e-01 -1.200434e+00
 -5.514230e-01 2.896263e-01 -9.193627e-01
 -9.292333e-01 2.549246e-01 -8.270797e-01
 -1.374041e+00 2.675335e-01 -8.865448e-01
 -1.796210e+00 4.225592e-01 -1.173930e+00
 -1.998336e+00 6.960940e-01 -1.588012e+00
 -1.932373e+00 1.012165e+00 -2.007800e+00
 -1.634588e+00 1.328451e+00 -2.291134e+00
 -1.182343e+00 1.576599e+00 -2.368674e+00
 -6.792973e-01 1.669962e+00 -2.237039e+00
 -2.586248e-01 1.581212e+00 -1.931564e+00
 2.351084e-01 1.080717e+00 -1.028103e+00
 2.750898e-01 9.665467e-01 -7.905669e-01
 2.188790e-01 8.226986e-01 -5.032312e-01
 1.318556e-01 4.741992e-01 -2.750585e-02
 1.170428e-01 3.948843e-01 1.745099e-01
 1.590669e-01 3.353042e-01 4.482061e-01
 4.843285e-01 1.553715e-01 1.383484e+00
 6.347335e-01 -3.196322e-02 1.671876e+00
 7.840859e-01 -3.115888e-01 1.861592e+00
 9.152025e-01 -6.403914e-01 1.931769e+00
 1.035574e+00 -9.700781e-01 1.876186e+00
 1.134972e+00 -1.244264e+00 1.711452e+00
 1.164912e+00 -1.463955e+00 1.469730e+00
 1.103247e+00 -1.617012e+00 1.206071e+00
 9.395032e-01 -1.727076e+00 1.000474e+00
 7.970769e-01 -1.867613e+00 8.870760e-01
 7.070920e-01 -2.068771e+00 7.188193e-01
 6.646598e-01 -2.271018e+00 3.467472e-01
 6.571762e-01 -2.296700e+00 -5.322657e-02
 6.126243e-01 -2.140515e+00 -4.588978e-01
 5.340248e-01 -1.799460e+00 -7.830023e-01
 4.748408e-01 -1.352892e+00 -9.178936e-01
 5.285471e-01 -3.293697e-01 -7.719665e-01
 7.255549e-01 2.566842e-02 -8.512041e-01
 1.022302e+00 2.685380e-01 -8.995926e-01
 1.487720e+00 4.221990e-01 -7.673840e-01
 1.909549e+00 3.820164e-01 -4.769601e-01
 2.136836e+00 2.470283e-01 -4.002800e-02
 2.119488e+00 3.629879e-02 4.282337e-01
 1.870839e+00 -2.345348e-01 7.961341e-01
 1.450075e+00 -4.861310e-01 9.701567e-01
 7.918708e-01 -6.933125e-01 8.964377e-01
 4.136473e-01 -8.525980e-01 1.052033e+00
 1.738394e-01 -1.118611e+00 1.334155e+00
 1.380185e-01 -1.540479e+00 1.626871e+00
 3.283809e-01 -1.976166e+00 1.803731e+00
 6.554928e-01 -2.345914e+00 1.789468e+00
 1.030822e+00 -2.570373e+00 1.601549e+00
 1.377490e+00 -2.613262e+00 1.299606e+00
 1.618764e+00 -2.494782e+00 9.398464e-01
 1.708776e+00 -2.261144e+00 5.871330e-01
 1.656720e+00 -1.957665e+00 3.120691e-01
 1.476651e+00 -1.662755e+00 1.373210e-01
 1.184131e+00 -1.421646e+00 5.092450e-02
 8.447280e-01 -1.274711e+00 6.589483e-02
 5.584747e-01 -1.269979e+00 1.028592e-01
 3.613318e-01 -1.315967e+00 1.130773e-01
 7.108091e-03 -1.493505e+00 1.120722e-01
 -3.296112e-01 -1.537468e+00 9.653134e-02
 -6.605559e-01 -1.468832e+00 9.110158e-02
 -9.429758e-01 -1.302667e+00 9.883152e-02
 -1.158542e+00 -1.054800e+00 9.776006e-02
 -1.277990e+00 -7.674585e-01 7.711353e-02
 -1.298115e+00 -4.542280e-01 5.688935e-02
 -1.218348e+00 -1.184817e-01 8.064580e-02
 -1.071466e+00 1.098074e-01 1.562471e-01
 -9.053831e-01 2.796716e-01 3.086674e-01
 -8.417677e-01 4.367413e-01 5.076602e-01
 -6.900198e-01 7.265242e-01 1.128121e+00
 -5.146598e-01 1.045606e+00 1.399110e+00
 -3.192117e-01 1.448439e+00 1.487275e+00
 -1.457710e-01 1.856306e+00 1.373555e+00
 -3.251558e-02 2.188454e+00 1.080001e+00
 1.735508e-02 2.372031e+00 6.586555e-01
 -5.160571e-03 2.360939e+00 1.891971e-01
 -1.237014e-01 2.159751e+00 -2.278768e-01
 -3.140549e-01 1.825588e+00 -4.866134e-01
 -5.494220e-01 1.491102e+00 -5.416712e-01
 -7.294909e-01 1.223264e+00 -4.675734e-01
 -1.123137e+00 1.087302e+00 -2.874727e-01
 -1.515963e+00 1.042302e+00 -1.701990e-02
 -1.773179e+00 8.502251e-01 3.351858e-01
 -1.851438e+00 5.328333e-01 6.806736e-01
 -1.729678e+00 1.564028e-01 9.481633e-01
 -1.439419e+00 -1.777632e-01 1.085093e+00
 -1.010466e+00 -4.312499e-01 1.054493e+00
 -5.823341e-01 -5.650927e-01 8.081054e-01
 -3.256713e-01 -5.495472e-01 4.455218e-01
 -2.645714e-01 -5.065137e-01 -6.549846e-02
 -6.076434e-01 -7.569288e-01 -9.227868e-01
 -8.693540e-01 -6.145018e-01 -1.398138e+00
 -1.032181e+00 -1.863757e-01 -1.780629e+00
 -1.025362e+00 3.523762e-01 -1.885766e+00
 -9.562382e-01 7.841289e-01 -1.720848e+00
 -1.017307e+00 1.041976e+00 -1.480128e+00
 -1.269565e+00 1.465541e+00 -1.289377e+00
 -1.371103e+00 1.674309e+00 -1.123907e+00
 -1.422348e+00 1.858674e+00 -9.053911e-01
 -1.417177e+00 1.997104e+00 -6.521049e-01
 -1.358594e+00 2.074461e+00 -3.749619e-01
 -1.248787e+00 2.078235e+00 -8.908010e-02
