 -1.204567e+00 -1.307582e+00 -4.586143e-01
 -1.264186e+00 -1.496138e+00 -1.625637e-01
 -1.243144e+00 -1.593377e+00 2.150597e-01
 -1.140148e+00 -1.567459e+00 5.862056e-01
 -9.705051e-01 -1.430139e+00 8.911914e-01
 -7.330837e-01 -1.227931e+00 1.086232e+00
 -4.229076e-01 -9.801485e-01 1.155669e+00
 -1.237718e-01 -7.298112e-01 1.073117e+00
 3.367794e-01 -3.646925e-01 6.748701e-01
 5.064502e-01 -2.641200e-01 5.820417e-01
 6.328893e-01 -2.195488e-01 5.449176e-01
 8.761160e-01 -1.558787e-01 5.433885e-01
 1.420028e+00 -1.382863e-01 5.269444e-01
 1.724974e+00 -5.201379e-02 4.375629e-01
 1.974205e+00 1.085810e-01 2.962352e-01
 2.147579e+00 3.463309e-01 1.439486e-01
 2.224542e+00 6.318031e-01 -2.325980e-04
 2.197413e+00 9.333372e-01 -1.228698e-01
 2.069679e+00 1.205105e+00 -2.234250e-01
 1.851385e+00 1.423867e+00 -3.243442e-01
 1.566480e+00 1.561493e+00 -4.113798e-01
 1.243969e+00 1.610332e+00 -4.535830e-01
 9.196464e-01 1.562784e+00 -4.525298e-01
 2.117224e-01 1.227478e+00 -3.515331e-01
 -1.097086e-02 1.150549e+00 -3.708362e-01
 -1.763506e-01 1.100356e+00 -4.311036e-01
 -3.500216e-01 1.096294e+00 -5.081507e-01
 -1.368891e+00 1.110937e+00 -6.846108e-01
 -1.790009e+00 1.044321e+00 -5.903986e-01
 -2.128578e+00 9.103741e-01 -3.440846e-01
 -2.321738e+00 7.305468e-01 1.429646e-02
 -2.327621e+00 5.719147e-01 4.227987e-01
 -2.132227e+00 4.374601e-01 8.210672e-01
 -1.767225e+00 3.301963e-01 1.096700e+00
 -1.314515e+00 2.721464e-01 1.184252e+00
 -8.647765e-01 2.513014e-01 1.058260e+00
 -5.124384e-01 2.569233e-01 7.377208e-01
 -3.668519e-01 2.753657e-01 3.575382e-01
 -3.609598e-01 1.737870e-01 -9.291484e-02
 -6.378376e-01 5.922999e-02 -5.544220e-01
 -1.350355e+00 -1.113547e-01 -9.617107e-01
 -1.641601e+00 -3.400831e-01 -1.115796e+00
 -1.818793e+00 -6.825826e-01 -1.250224e+00
 -1.848056e+00 -1.077588e+00 -1.342153e+00
 -1.726332e+00 -1.461318e+00 -1.379321e+00
 -1.475642e+00 -1.772448e+00 -1.358621e+00
 -1.138047e+00 -1.974210e+00 -1.263461e+00
 -7.917302e-01 -2.034840e+00 -1.097311e+00
 -4.503615e-01 -1.937047e+00 -9.142315e-01
 -1.979542e-01 -1.736583e+00 -7.929271e-01
 -2.540044e-02 -1.485009e+00 -7.597322e-01
 7.755853e-02 -1.244054e+00 -8.087978e-01
 1.701779e-01 -1.109392e+00 -8.861678e-01
 2.756188e-01 -9.768920e-01 -1.010237e+00
 5.152860e-01 -7.816265e-01 -1.301899e+00
 8.051809e-01 -5.118863e-01 -1.447384e+00
 1.083759e+00 -2.047684e-01 -1.430400e+00
 1.294065e+00 9.460899e-02 -1.264776e+00
 1.384925e+00 3.332063e-01 -1.015064e+00
 1.364134e+00 5.374564e-01 -6.396195e-01
 1.239707e+00 6.128295e-01 -2.483517e-01
 1.206971e+00 6.749493e-01 -5.224082e-02
 1.217797e+00 7.908321e-01 1.571457e-01
 1.380041e+00 9.383329e-01 5.254052e-01
 1.394526e+00 1.068697e+00 8.633788e-01
 1.285235e+00 1.214059e+00 1.177398e+00
 1.076174e+00 1.353975e+00 1.417084e+00
 8.043429e-01 1.436884e+00 1.573344e+00
 4.695367e-01 1.470958e+00 1.642600e+00
 8.985155e-02 1.477713e+00 1.585370e+00
 -2.492675e-01 1.447502e+00 1.393833e+00
 -4.767709e-01 1.432258e+00 1.103745e+00
 -5.587252e-01 1.439420e+00 8.095494e-01
 -5.468970e-01 1.551228e+00 4.413218e-01
 -5.453528e-01 1.890368e+00 9.230579e-02
 -4.363343e-01 2.062989e+00 -1.888206e-01
 -2.924705e-01 2.114509e+00 -5.525626e-01
 -1.431055e-01 2.013526e+00 -9.052244e-01
 -1.417216e-02 1.777395e+00 -1.187892e+00
 1.061522e-01 1.456068e+00 -1.347057e+00
 2.355756e-01 1.075506e+00 -1.364566e+00
 3.219810e-01 7.160741e-01 -1.236323e+00
 3.947977e-01 1.864896e-01 -7.756799e-01
 5.228593e-01 -5.857208e-02 -5.703499e-01
 6.774382e-01 -2.103765e-01 -4.652634e-01
 9.165277e-01 -3.694906e-01 -4.356639e-01
 1.348396e+00 -5.404130e-01 -3.995228e-01
 1.611837e+00 -7.464208e-01 -2.987063e-01
 1.784578e+00 -1.008418e+00 -1.365153e-01
 1.841790e+00 -1.315578e+00 4.604871e-02
 1.774740e+00 -1.626714e+00 2.058220e-01
 1.592391e+00 -1.908141e+00 3.230091e-01
 1.316585e+00 -2.108350e+00 4.036691e-01
 9.581434e-01 -2.203893e+00 4.689284e-01
 5.970325e-01 -2.172267e+00 4.938947e-01
 2.610967e-01 -2.025074e+00 4.609874e-01
 -1.362878e-03 -1.780705e+00 3.753353e-01
 -2.921586e-01 -1.183650e+00 1.596167e-01
 -4.394378e-01 -9.717916e-01 1.280245e-01
 -5.356819e-01 -8.496299e-01 1.486610e-01
 -6.404039e-01 -7.605864e-01 1.832694e-01
 -7.662314e-01 -6.933713e-01 2.212695e-01
 -8.673177e-01 -6.420933e-01 2.367470e-01
 -1.019195e+00 -5.283829e-01 2.505337e-01
 -1.147563e+00 -3.943120e-01 2.503129e-01
 -1.250691e+00 -2.480345e-01 2.333151e-01
 -1.323965e+00 -9.717770e-02 2.066994e-01
 -1.367650e+00 6.986696e-02 1.794652e-01
 -1.371962e+00 1.904912e-01 1.603628e-01
 -1.358079e+00 3.482498e-01 1.508617e-01
 -1.341206e+00 4.748277e-01 1.620452e-01
 -1.323321e+00 5.888763e-01 2.014709e-01
 -1.315392e+00 7.345601e-01 2.664496e-01
 -1.364634e+00 9.308546e-01 3.425169e-01
 -1.536525e+00 1.279768e+00 4.763576e-01
 -1.561436e+00 1.624577e+00 6.049625e-01
 -1.454522e+00 1.952410e+00 7.325171e-01
 -1.231552e+00 2.219581e+00 8.451982e-01
 -9.241468e-01 2.391293e+00 9.313262e-01
 -5.699717e-01 2.452601e+00 9.705454e-01
 -2.158857e-01 2.403744e+00 9.430813e-01
 9.240243e-02 2.252132e+00 8.515324e-01
 3.327139e-01 1.985660e+00 7.315156e-01
 4.427860e-01 1.687582e+00 6.423590e-01
 4.510130e-01 1.398935e+00 6.180044e-01
 3.826971e-01 1.086986e+00 6.786217e-01
 4.008987e-01 7.738061e-01 8.861317e-01
 5.381411e-01 4.289565e-01 1.323544e+00
 6.708717e-01 1.450235e-01 1.500353e+00
 8.105116e-01 -1.821402e-01 1.559498e+00
 9.349594e-01 -5.047334e-01 1.495056e+00
 1.005173e+00 -7.947253e-01 1.323764e+00
 1.013679e+00 -1.020169e+00 1.067443e+00
 9.645049e-01 -1.166670e+00 7.270813e-01
 8.585661e-01 -1.195738e+00 3.301123e-01
 8.275854e-01 -1.255164e+00 1.071306e-01
 8.200652e-01 -1.362797e+00 -9.309090e-02
 9.649728e-01 -1.600130e+00 -4.624010e-01
 9.749781e-01 -1.730159e+00 -8.035309e-01
 8.673480e-01 -1.806454e+00 -1.144564e+00
 6.564318e-01 -1.827119e+00 -1.434018e+00
 3.741016e-01 -1.767477e+00 -1.654173e+00
 7.964124e-02 -1.626451e+00 -1.772830e+00
 -2.374889e-01 -1.420825e+00 -1.771737e+00
 -5.145571e-01 -1.199706e+00 -1.635270e+00
 -7.313540e-01 -1.047464e+00 -1.390595e+00
 -8.379540e-01 -9.944260e-01 -1.144819e+00
 -9.623709e-01 -1.056827e+00 -7.887498e-01
