 9.181313e-01 2.715656e+00 -8.022099e-01
 7.792080e-01 2.521444e+00 -1.132758e+00
 5.749003e-01 2.237928e+00 -1.343994e+00
 3.236500e-01 1.917605e+00 -1.399969e+00
 7.826037e-02 1.600701e+00 -1.286971e+00
 -1.363675e-01 1.352429e+00 -1.016493e+00
 -2.746086e-01 1.235386e+00 -6.593751e-01
 -4.029466e-01 1.281399e+00 -2.870411e-01
 -5.166365e-01 1.566806e+00 1.197217e-01
 -5.257955e-01 1.659711e+00 4.633550e-01
 -5.824309e-01 1.611293e+00 8.581217e-01
 -7.166223e-01 1.429403e+00 1.199639e+00
 -8.783373e-01 1.144377e+00 1.415645e+00
 -1.001240e+00 7.719712e-01 1.497557e+00
 -1.072782e+00 3.618247e-01 1.429776e+00
 -1.099112e+00 2.709641e-02 1.222550e+00
 -1.146136e+00 -3.412261e-01 7.058364e-01
 -1.283662e+00 -6.049354e-01 5.205676e-01
 -1.583566e+00 -8.398974e-01 3.831073e-01
 -1.766557e+00 -9.926878e-01 1.822780e-01
 -1.863736e+00 -1.221034e+00 -9.704491e-02
 -1.825862e+00 -1.442893e+00 -3.895083e-01
 -1.648206e+00 -1.606060e+00 -6.878160e-01
 -1.314159e+00 -1.717638e+00 -9.355226e-01
 -9.106521e-01 -1.774868e+00 -1.028338e+00
 -5.225470e-01 -1.794640e+00 -9.604143e-01
 -2.422280e-01 -1.789997e+00 -7.693750e-01
 -4.905284e-02 -1.843785e+00 -4.773798e-01
 5.217694e-02 -2.035390e+00 -1.925863e-01
 5.210964e-02 -2.118263e+00 1.017907e-01
 1.225654e-01 -2.089682e+00 4.890408e-01
 2.782197e-01 -1.947779e+00 8.180136e-01
 4.664135e-01 -1.706529e+00 1.039733e+00
 6.394096e-01 -1.355167e+00 1.139645e+00
 7.693536e-01 -9.276299e-01 1.080325e+00
 8.209784e-01 -5.701698e-01 8.720835e-01
 8.575151e-01 -2.256123e-01 4.042745e-01
 1.044758e+00 4.248354e-03 1.064276e-01
 1.273429e+00 1.308893e-01 -3.925496e-02
 1.523177e+00 2.341767e-01 -1.202703e-01
 1.909835e+00 3.948383e-01 -5.529386e-02
 2.175392e+00 5.362393e-01 1.227814e-01
 2.351005e+00 7.237438e-01 4.067327e-01
 2.381212e+00 9.408115e-01 7.665710e-01
 2.271823e+00 1.119178e+00 1.073706e+00
 2.042438e+00 1.239806e+00 1.345508e+00
 1.724981e+00 1.285905e+00 1.540783e+00
 1.362275e+00 1.252736e+00 1.632002e+00
 1.003547e+00 1.146473e+00 1.605907e+00
 1.458409e-01 7.080869e-01 1.205504e+00
 -5.349512e-02 6.272818e-01 1.043077e+00
 -3.137787e-01 5.920447e-01 7.551945e-01
 -5.506154e-01 6.284288e-01 5.812945e-01
 -7.930407e-01 6.685417e-01 4.909986e-01
 -9.616622e-01 7.265513e-01 4.779885e-01
 -1.272987e+00 9.319396e-01 4.776916e-01
 -1.624189e+00 1.107247e+00 3.148568e-01
 -1.925763e+00 1.141208e+00 1.082448e-01
 -2.155315e+00 1.062514e+00 -1.252942e-01
 -2.300621e+00 8.905607e-01 -3.853195e-01
 -2.355934e+00 5.983689e-01 -6.668477e-01
 -2.301677e+00 2.925857e-01 -8.627602e-01
 -2.151368e+00 -1.503012e-02 -9.735431e-01
 -1.921530e+00 -2.898211e-01 -9.919857e-01
 -1.641268e+00 -4.949971e-01 -9.195894e-01
 -1.142222e+00 -7.108100e-01 -6.302424e-01
 -9.317900e-01 -9.092493e-01 -4.262720e-01
 -8.214048e-01 -1.153469e+00 -2.190789e-01
 -8.764909e-01 -1.476569e+00 -1.470730e-02
 -9.317428e-01 -1.780223e+00 2.554063e-02
 -9.588133e-01 -2.096542e+00 -5.155414e-02
 -9.034239e-01 -2.389097e+00 -2.086343e-01
 -7.546714e-01 -2.616735e+00 -4.030170e-01
 -5.353327e-01 -2.759050e+00 -6.065514e-01
 -2.414496e-01 -2.811248e+00 -7.995150e-01
 5.067131e-02 -2.756782e+00 -9.501238e-01
 3.259149e-01 -2.596513e+00 -1.069485e+00
 5.516306e-01 -2.345269e+00 -1.138945e+00
 7.002765e-01 -2.031033e+00 -1.145597e+00
 8.188981e-01 -1.388121e+00 -1.006481e+00
 9.236912e-01 -1.125879e+00 -8.754936e-01
 1.113911e+00 -8.726081e-01 -6.712145e-01
 1.280621e+00 -7.973650e-01 -5.139267e-01
 1.586825e+00 -8.137444e-01 -2.337394e-01
 1.746828e+00 -7.681821e-01 8.463141e-02
 1.848320e+00 -5.732826e-01 4.363471e-01
 1.838290e+00 -2.253778e-01 7.698609e-01
 1.659891e+00 1.709080e-01 9.361889e-01
 1.443465e+00 5.289842e-01 8.864710e-01
 1.345342e+00 8.601159e-01 6.767674e-01
 1.419853e+00 1.163219e+00 4.250725e-01
 1.408096e+00 1.344669e+00 1.644039e-01
 1.255886e+00 1.542542e+00 -1.193350e-01
 9.818308e-01 1.706343e+00 -3.353532e-01
 7.046341e-01 1.793099e+00 -4.077224e-01
 4.961576e-01 1.872994e+00 -3.932324e-01
 3.195443e-01 2.006158e+00 -3.673159e-01
 9.486726e-02 2.190666e+00 -4.357867e-01
 -1.875615e-01 2.279626e+00 -5.628601e-01
 -5.355597e-01 2.241216e+00 -6.836631e-01
 -9.054164e-01 2.054515e+00 -7.659895e-01
 -1.171772e+00 1.751659e+00 -7.961374e-01
 -1.308451e+00 1.372210e+00 -7.721453e-01
 -1.301288e+00 8.059334e-01 -6.307844e-01
 -1.360359e+00 4.751978e-01 -4.548297e-01
 -1.464406e+00 2.726088e-01 -2.790255e-01
 -1.621555e+00 1.570023e-01 -1.024032e-01
 -1.935969e+00 1.168327e-01 2.055428e-01
 -2.068097e+00 7.180663e-02 4.884627e-01
 -2.139143e+00 -8.750910e-02 8.185000e-01
 -2.115640e+00 -3.260310e-01 1.094460e+00
 -1.988308e+00 -5.798893e-01 1.289226e+00
 -1.754056e+00 -8.172725e-01 1.412288e+00
 -1.411977e+00 -1.019977e+00 1.449249e+00
 -1.065452e+00 -1.134163e+00 1.372648e+00
 -7.430598e-01 -1.163215e+00 1.192584e+00
 -5.868479e-02 -1.045036e+00 4.564062e-01
 1.519416e-01 -1.095098e+00 2.628999e-01
 4.232901e-01 -1.162272e+00 1.390436e-01
 5.922189e-01 -1.238835e+00 1.203149e-01
 7.900714e-01 -1.410014e+00 1.206434e-01
 9.796885e-01 -1.623783e+00 2.636513e-02
 1.256637e+00 -1.785403e+00 -1.666871e-01
 1.519514e+00 -1.819694e+00 -3.955101e-01
 1.725220e+00 -1.734261e+00 -6.722488e-01
 1.873376e+00 -1.517560e+00 -9.549239e-01
 1.940019e+00 -1.190527e+00 -1.186105e+00
 1.906134e+00 -8.712632e-01 -1.318013e+00
 1.789996e+00 -5.479442e-01 -1.364775e+00
 1.604326e+00 -2.582030e-01 -1.321888e+00
 9.171613e-01 4.000421e-01 -9.416552e-01
 7.788199e-01 5.296711e-01 -8.190929e-01
 6.682236e-01 6.362835e-01 -6.640055e-01
 5.800249e-01 7.250648e-01 -4.656277e-01
 4.464255e-01 9.254828e-01 1.146714e-01
 4.069708e-01 1.244880e+00 3.917136e-01
 4.629119e-01 1.487199e+00 5.489093e-01
 6.038001e-01 1.843982e+00 6.218437e-01
 7.627221e-01 2.208627e+00 5.355980e-01
 9.010016e-01 2.500617e+00 3.138089e-01
 9.874366e-01 2.697430e+00 -1.916801e-02
 9.946082e-01 2.773816e+00 -4.109734e-01
