 -2.318311e+00 -1.013109e+00 -6.729818e-01
 -2.135914e+00 -1.283042e+00 -7.579336e-01
 -1.874356e+00 -1.469561e+00 -8.334333e-01
 -1.532058e+00 -1.570374e+00 -8.637518e-01
 -1.193678e+00 -1.561452e+00 -8.475976e-01
 -8.708848e-01 -1.441086e+00 -8.031370e-01
 -6.077625e-01 -1.222249e+00 -7.439117e-01
 -4.912984e-01 -1.030292e+00 -6.862757e-01
 -3.271848e-01 -7.510138e-01 -4.877309e-01
 -1.429950e-01 -6.267445e-01 -3.162131e-01
 4.420481e-02 -6.058459e-01 -1.863862e-01
 4.021361e-01 -7.048690e-01 4.060725e-02
 7.775878e-01 -9.738913e-01 2.951354e-01
 1.044550e+00 -1.044736e+00 4.693781e-01
 1.332925e+00 -1.013080e+00 6.271625e-01
 1.609973e+00 -8.821223e-01 7.483283e-01
 1.847149e+00 -6.707992e-01 8.051684e-01
 2.003126e+00 -4.450272e-01 7.885492e-01
 2.117307e+00 -2.462146e-01 6.900058e-01
 2.236859e+00 -1.261001e-01 5.832860e-01
 2.430890e+00 2.213005e-02 5.080449e-01
 2.638904e+00 2.856731e-01 5.082352e-01
 2.757243e+00 6.389514e-01 5.771739e-01
 2.733557e+00 1.024841e+00 6.925734e-01
 2.559688e+00 1.361261e+00 8.051853e-01
 2.265083e+00 1.612002e+00 8.759343e-01
 1.896056e+00 1.734736e+00 9.099990e-01
 1.498354e+00 1.716701e+00 8.897860e-01
 1.122770e+00 1.550108e+00 7.928374e-01
 8.805322e-01 1.304635e+00 6.351584e-01
 7.767744e-01 1.059813e+00 4.312167e-01
 7.837335e-01 8.686811e-01 1.951365e-01
 8.151305e-01 7.538653e-01 -1.580252e-01
 9.549138e-01 7.722971e-01 -9.275679e-01
 8.958083e-01 7.574209e-01 -1.289395e+00
 7.248279e-01 7.017672e-01 -1.601628e+00
 4.663194e-01 6.064761e-01 -1.827790e+00
 1.440114e-01 4.862775e-01 -1.942467e+00
 -2.076748e-01 3.778989e-01 -1.929217e+00
 -5.421267e-01 3.017335e-01 -1.787089e+00
 -8.103770e-01 2.660601e-01 -1.534451e+00
 -9.822181e-01 2.919134e-01 -1.209860e+00
 -1.043455e+00 4.010457e-01 -8.441903e-01
 -1.185003e+00 8.961343e-01 -3.713642e-01
 -1.195409e+00 1.081635e+00 5.340903e-02
 -1.136310e+00 1.093509e+00 3.362931e-01
 -9.820141e-01 9.905150e-01 6.679656e-01
 -7.597940e-01 7.874195e-01 9.181419e-01
 -4.756048e-01 5.361237e-01 1.045805e+00
 -2.023722e-01 2.853479e-01 1.030576e+00
 -2.844109e-02 9.037864e-03 9.360582e-01
 8.833943e-02 -3.102654e-01 9.181165e-01
 1.813239e-01 -6.557638e-01 1.066084e+00
 5.572285e-02 -1.054526e+00 1.273146e+00
 -2.732495e-01 -1.373809e+00 1.408196e+00
 -7.332824e-01 -1.588999e+00 1.354322e+00
 -1.171372e+00 -1.657304e+00 1.086421e+00
 -1.477085e+00 -1.550082e+00 6.759573e-01
 -1.590653e+00 -1.263766e+00 2.496494e-01
 -1.429266e+00 -7.879721e-01 -2.077902e-01
 -1.379970e+00 -5.871280e-01 -5.495299e-01
 -1.400587e+00 -5.637137e-01 -8.527266e-01
 -1.570624e+00 -5.426148e-01 -1.199371e+00
 -1.915042e+00 -4.526322e-01 -1.475405e+00
 -2.334062e+00 -2.986015e-01 -1.571861e+00
 -2.723041e+00 -9.037877e-02 -1.477676e+00
 -2.994547e+00 1.511154e-01 -1.232153e+00
 -3.109575e+00 3.826792e-01 -8.824416e-01
 -3.061681e+00 5.433258e-01 -4.839267e-01
 -2.865096e+00 6.066166e-01 -1.112661e-01
 -2.557270e+00 5.674172e-01 1.734377e-01
 -2.194727e+00 4.399619e-01 3.228379e-01
 -1.312134e+00 7.069268e-02 2.915389e-01
 -7.249878e-01 8.801575e-02 1.554863e-01
 -4.523408e-01 2.564088e-01 4.344910e-02
 -2.280597e-01 7.269122e-01 2.933921e-02
 -1.644334e-01 1.166605e+00 -4.494819e-02
 8.210613e-02 1.519351e+00 -2.058960e-01
 5.180427e-01 1.751495e+00 -2.973303e-01
 1.019624e+00 1.771771e+00 -2.848148e-01
 1.454457e+00 1.575594e+00 -1.877918e-01
 1.721667e+00 1.254990e+00 -5.909940e-03
 1.795590e+00 9.347894e-01 2.586266e-01
 1.742070e+00 7.669664e-01 5.686997e-01
 1.764889e+00 7.153380e-01 8.996995e-01
 1.944763e+00 6.179895e-01 1.219247e+00
 2.234455e+00 4.324659e-01 1.448751e+00
 2.552354e+00 1.515744e-01 1.528618e+00
 2.815461e+00 -1.910503e-01 1.439104e+00
 2.963578e+00 -5.320058e-01 1.195797e+00
 2.974808e+00 -7.983181e-01 8.344523e-01
 2.829704e+00 -9.516975e-01 4.370509e-01
 2.545487e+00 -9.705601e-01 8.704330e-02
 2.177347e+00 -8.426110e-01 -1.526619e-01
 1.800640e+00 -5.938947e-01 -2.251490e-01
 1.467599e+00 -3.006477e-01 -1.013981e-01
 1.266337e+00 -8.342119e-02 1.602621e-01
 1.125540e+00 -2.088628e-02 5.012261e-01
 9.810248e-01 3.884658e-02 1.270740e+00
 7.573418e-01 2.829937e-02 1.621602e+00
 4.295208e-01 -3.112859e-02 1.857641e+00
 5.668298e-02 -1.402104e-01 1.949402e+00
 -3.202882e-01 -2.795051e-01 1.885544e+00
 -6.174714e-01 -3.840286e-01 1.688526e+00
 -8.237525e-01 -4.948594e-01 1.355864e+00
 -8.758760e-01 -6.298504e-01 9.945717e-01
 -8.025022e-01 -7.574643e-01 7.316282e-01
 -6.604830e-01 -9.131784e-01 5.418767e-01
 -4.486369e-01 -1.346686e+00 3.500114e-01
 -1.053855e-01 -1.607396e+00 7.753532e-02
 1.682680e-01 -1.670314e+00 -2.412876e-01
 3.778337e-01 -1.547902e+00 -5.520089e-01
 5.093857e-01 -1.263607e+00 -8.412089e-01
 5.296640e-01 -8.069911e-01 -1.078034e+00
 4.115924e-01 -3.485517e-01 -1.134829e+00
 2.365883e-05 4.001660e-01 -9.055631e-01
 -8.660290e-02 7.561536e-01 -9.834849e-01
 -2.634772e-01 1.028267e+00 -1.107246e+00
 -5.416976e-01 1.222456e+00 -1.237594e+00
 -8.785491e-01 1.301317e+00 -1.353936e+00
 -1.228110e+00 1.262750e+00 -1.414586e+00
 -1.568348e+00 1.124174e+00 -1.390018e+00
 -1.848482e+00 9.118348e-01 -1.270294e+00
 -2.027957e+00 6.531987e-01 -1.071910e+00
 -2.099497e+00 2.675439e-01 -7.377710e-01
 -2.159371e+00 7.297790e-02 -6.291073e-01
 -2.274583e+00 -1.200240e-01 -5.506376e-01
 -2.367995e+00 -3.538292e-01 -5.440119e-01
 -2.396266e+00 -6.962875e-01 -5.926805e-01
