 1.377221e+00 -7.711505e-01 8.814454e-01
 1.423778e+00 -9.642077e-01 5.708749e-01
 1.370944e+00 -1.071422e+00 2.163570e-01
 1.198543e+00 -1.089504e+00 -1.559637e-01
 9.731849e-01 -1.008784e+00 -4.333100e-01
 7.032974e-01 -8.420942e-01 -6.200241e-01
 3.159343e-01 -4.555259e-01 -7.396908e-01
 5.618496e-02 -3.218490e-01 -8.394010e-01
 -2.226177e-01 -2.943684e-01 -9.833519e-01
 -5.579606e-01 -3.738727e-01 -1.055742e+00
 -8.561041e-01 -4.880148e-01 -1.011839e+00
 -1.123616e+00 -5.819078e-01 -8.567747e-01
 -1.337931e+00 -6.338807e-01 -6.155030e-01
 -1.488699e+00 -6.177612e-01 -3.109393e-01
 -1.549250e+00 -5.354619e-01 1.812267e-02
 -1.503426e+00 -4.021388e-01 3.435946e-01
 -1.290841e+00 -1.637106e-01 7.407581e-01
 -1.240730e+00 -1.425607e-02 1.099621e+00
 -1.362883e+00 7.820636e-02 1.480988e+00
 -1.581630e+00 -3.588861e-03 1.868045e+00
 -1.818873e+00 -2.613091e-01 2.149420e+00
 -2.000318e+00 -6.464206e-01 2.289968e+00
 -2.084184e+00 -1.080506e+00 2.270264e+00
 -2.063302e+00 -1.479570e+00 2.100722e+00
 -1.931822e+00 -1.777432e+00 1.831368e+00
 -1.709336e+00 -1.934033e+00 1.517451e+00
 -1.441930e+00 -1.927903e+00 1.204612e+00
 -1.165342e+00 -1.765579e+00 9.449503e-01
 -9.111267e-01 -1.490623e+00 8.021719e-01
 -6.977653e-01 -1.150800e+00 7.983227e-01
 -5.693880e-01 -8.327691e-01 9.341519e-01
 -4.335062e-01 -6.041326e-01 1.186219e+00
 -3.248812e-01 -3.772535e-01 1.692836e+00
 -1.544150e-01 -1.182516e-01 1.967361e+00
 6.209580e-02 1.953468e-01 2.098102e+00
 3.159862e-01 5.073321e-01 2.074205e+00
 5.656504e-01 7.574673e-01 1.905870e+00
 7.426762e-01 9.351368e-01 1.618594e+00
 8.209239e-01 1.043268e+00 1.213593e+00
 7.891753e-01 1.040318e+00 8.311362e-01
 6.666860e-01 9.331208e-01 4.872628e-01
 3.322092e-01 6.449601e-01 7.514839e-02
 2.327567e-01 5.758932e-01 -7.187180e-02
 1.383727e-01 5.594558e-01 -2.250223e-01
 -1.416517e-01 7.042872e-01 -8.455350e-01
 -3.821077e-01 7.085863e-01 -1.484776e+00
 -3.465258e-01 6.629921e-01 -1.939015e+00
 -1.207724e-01 5.814384e-01 -2.328711e+00
 2.492609e-01 4.767795e-01 -2.576374e+00
 6.915545e-01 3.701587e-01 -2.633363e+00
 1.116313e+00 2.729013e-01 -2.485480e+00
 1.429999e+00 2.385790e-01 -2.177120e+00
 1.579821e+00 3.008115e-01 -1.841159e+00
 1.635154e+00 4.413659e-01 -1.631520e+00
 1.737614e+00 5.891592e-01 -1.469404e+00
 1.950442e+00 6.769671e-01 -1.170374e+00
 2.069223e+00 6.358626e-01 -7.629512e-01
 2.006564e+00 5.165854e-01 -3.291813e-01
 1.765757e+00 3.452193e-01 2.092177e-02
 1.399057e+00 1.212436e-01 2.186577e-01
 9.309396e-01 -1.465068e-01 2.137981e-01
 6.826606e-01 -3.039437e-01 2.519059e-01
 5.317065e-01 -4.773474e-01 3.204014e-01
 4.147798e-01 -7.941210e-01 5.115784e-01
 3.822102e-01 -1.249817e+00 9.525683e-01
 1.365498e-01 -1.473576e+00 1.367043e+00
 -2.898452e-01 -1.513165e+00 1.689372e+00
 -8.022285e-01 -1.348872e+00 1.832061e+00
 -1.188014e+00 -1.067505e+00 1.728408e+00
 -1.395748e+00 -9.494518e-01 1.517841e+00
 -1.586559e+00 -9.267125e-01 1.378498e+00
 -1.870297e+00 -8.258035e-01 1.282922e+00
 -2.157857e+00 -5.274667e-01 1.177781e+00
 -2.281548e+00 -1.250315e-01 1.053699e+00
 -2.217803e+00 2.887193e-01 8.935358e-01
 -1.973583e+00 6.294358e-01 7.384911e-01
 -1.594858e+00 8.346871e-01 6.210174e-01
 -1.115292e+00 8.643797e-01 5.468938e-01
 -8.692249e-01 9.148226e-01 4.631823e-01
 -7.240521e-01 9.832785e-01 3.760596e-01
 -5.793590e-01 1.100994e+00 2.816286e-01
 -3.459433e-01 1.404387e+00 8.764282e-02
 -6.072787e-02 1.567615e+00 -1.142201e-01
 2.453226e-01 1.595069e+00 -3.018277e-01
 5.408351e-01 1.492918e+00 -4.653118e-01
 7.988218e-01 1.273435e+00 -5.813242e-01
 9.819318e-01 9.567575e-01 -6.465879e-01
 1.105542e+00 1.729299e-01 -7.652090e-01
 1.404289e+00 -1.583589e-01 -8.424771e-01
 1.736026e+00 -3.213463e-01 -9.589674e-01
 2.089071e+00 -3.479267e-01 -1.170289e+00
 2.384825e+00 -2.251471e-01 -1.432940e+00
 2.571935e+00 3.080755e-02 -1.714471e+00
 2.599571e+00 3.602806e-01 -1.983381e+00
 2.459414e+00 7.059640e-01 -2.192498e+00
 2.172221e+00 1.007586e+00 -2.304459e+00
 1.788382e+00 1.211892e+00 -2.293572e+00
 1.366921e+00 1.272099e+00 -2.168855e+00
 9.952878e-01 1.166167e+00 -1.965143e+00
 7.303789e-01 9.047681e-01 -1.750290e+00
 6.352194e-01 6.055225e-01 -1.621011e+00
 5.688083e-01 2.805573e-01 -1.606507e+00
 4.688892e-01 -3.440989e-01 -1.770290e+00
 3.525557e-01 -6.980492e-01 -1.744138e+00
 1.945347e-01 -1.001468e+00 -1.601196e+00
 8.587714e-03 -1.210715e+00 -1.370380e+00
 -1.533619e-01 -1.316284e+00 -1.070451e+00
 -2.602170e-01 -1.307428e+00 -7.582206e-01
 -3.615315e-01 -1.156914e+00 -4.113182e-01
 -4.547848e-01 -8.587171e-01 -1.321371e-01
 -5.169920e-01 -5.000622e-01 -1.277973e-02
 -6.108705e-01 -9.903076e-02 -5.511340e-02
 -1.107666e+00 4.776069e-01 -4.445563e-01
 -1.310135e+00 9.501448e-01 -4.764383e-01
 -1.383670e+00 1.422738e+00 -2.866925e-01
 -1.354155e+00 1.759004e+00 8.520969e-02
 -1.200592e+00 1.895574e+00 5.248284e-01
 -9.084925e-01 1.829448e+00 9.444854e-01
 -5.965294e-01 1.556396e+00 1.228366e+00
 -3.335060e-01 1.141675e+00 1.319596e+00
 -5.168547e-02 4.745488e-01 1.111517e+00
 2.302779e-01 2.140005e-01 1.069046e+00
 6.534110e-01 -5.691512e-02 1.245817e+00
 9.630553e-01 -2.991508e-01 1.239108e+00
 1.228727e+00 -5.486396e-01 1.100033e+00
