 2.675503e-01 -5.682953e-01 -2.182328e+00
 -1.773149e-02 -7.926654e-01 -1.886043e+00
 -6.265529e-02 -1.065375e+00 -1.555982e+00
 -3.554651e-02 -1.545328e+00 -1.324081e+00
 -1.428149e-03 -1.743453e+00 -1.152951e+00
 1.701151e-02 -1.898452e+00 -9.202041e-01
 2.750998e-02 -1.992421e+00 -6.251541e-01
 3.000794e-02 -1.997740e+00 -3.447778e-01
 3.256145e-02 -1.917621e+00 -7.991032e-02
 1.571647e-02 -1.753849e+00 1.612743e-01
 -4.816638e-02 -1.593158e+00 3.088022e-01
 -2.151121e-01 -1.396697e+00 4.685122e-01
 -5.941131e-01 -1.251136e+00 8.345516e-01
 -8.244781e-01 -1.074788e+00 9.997400e-01
 -9.971556e-01 -8.096582e-01 1.121806e+00
 -1.093011e+00 -4.899592e-01 1.170548e+00
 -1.103165e+00 -2.044493e-01 1.139115e+00
 -1.089766e+00 4.092564e-02 1.022720e+00
 -1.139506e+00 2.783731e-01 8.121791e-01
 -1.551958e+00 8.196512e-01 4.430081e-01
 -1.609007e+00 1.206048e+00 1.964242e-01
 -1.467068e+00 1.578252e+00 -3.120171e-02
 -1.158074e+00 1.871190e+00 -1.837877e-01
 -7.497106e-01 2.020797e+00 -2.451268e-01
 -3.088674e-01 1.985693e+00 -2.339976e-01
 9.354428e-02 1.770908e+00 -1.398277e-01
 4.187853e-01 1.402226e+00 1.368245e-01
 6.518719e-01 1.306635e+00 2.327469e-01
 9.414684e-01 1.292442e+00 3.664472e-01
 1.230595e+00 1.388178e+00 6.373816e-01
 1.391666e+00 1.579478e+00 9.460455e-01
 1.403551e+00 1.824319e+00 1.270459e+00
 1.258881e+00 2.052960e+00 1.565579e+00
 9.874513e-01 2.213730e+00 1.799253e+00
 6.244814e-01 2.296527e+00 1.935211e+00
 2.281145e-01 2.303464e+00 1.941546e+00
 -1.405908e-01 2.234135e+00 1.818373e+00
 -4.273590e-01 2.096251e+00 1.587821e+00
 -5.915733e-01 1.907336e+00 1.287117e+00
 -6.327454e-01 1.455091e+00 6.327487e-01
 -5.844656e-01 1.110866e+00 2.668055e-01
 -6.080808e-01 1.001322e+00 -5.385954e-02
 -6.193339e-01 1.014319e+00 -5.308927e-01
 -5.470022e-01 9.846865e-01 -8.231683e-01
 -4.152206e-01 9.014511e-01 -1.079413e+00
 -2.585553e-01 7.582959e-01 -1.277866e+00
 -8.361077e-02 5.667649e-01 -1.407394e+00
 9.071554e-02 3.633628e-01 -1.447373e+00
 2.717840e-01 1.420102e-01 -1.402268e+00
 5.060005e-01 -2.134251e-01 -1.222158e+00
 6.846288e-01 -4.540392e-01 -1.218375e+00
 8.255070e-01 -6.239920e-01 -1.287191e+00
 9.364707e-01 -8.859511e-01 -1.446594e+00
 9.536462e-01 -1.128066e+00 -1.653429e+00
 8.687089e-01 -1.351273e+00 -1.882224e+00
 6.855472e-01 -1.523727e+00 -2.104625e+00
 4.278295e-01 -1.640012e+00 -2.270249e+00
 1.184918e-01 -1.702170e+00 -2.357416e+00
 -2.179890e-01 -1.691856e+00 -2.365391e+00
 -5.385962e-01 -1.596892e+00 -2.300286e+00
 -8.050905e-01 -1.427947e+00 -2.166404e+00
 -9.861722e-01 -1.204754e+00 -1.975793e+00
 -1.059498e+00 -9.544359e-01 -1.747885e+00
 -1.015569e+00 -7.082573e-01 -1.507311e+00
 -6.018097e-01 -1.591634e-01 -8.834355e-01
 -3.970002e-01 -2.047028e-02 -6.413732e-01
 -1.332649e-01 1.241304e-01 -4.635780e-01
 6.378449e-02 2.708915e-01 -4.071230e-01
 2.992548e-01 5.352711e-01 -4.553860e-01
 6.642414e-01 8.629958e-01 -6.986553e-01
 8.703557e-01 1.198579e+00 -7.665333e-01
 1.028524e+00 1.566013e+00 -6.841397e-01
 1.110054e+00 1.909083e+00 -4.579984e-01
 1.083437e+00 2.160727e+00 -1.585403e-01
 9.603391e-01 2.299641e+00 1.748853e-01
 7.746137e-01 2.306541e+00 5.017283e-01
 5.550233e-01 2.163010e+00 8.079475e-01
 4.165027e-01 1.951091e+00 9.863513e-01
 3.892910e-01 1.651649e+00 1.157375e+00
 5.224313e-01 1.225072e+00 1.628739e+00
 5.541050e-01 8.362691e-01 1.810782e+00
 4.756993e-01 4.207569e-01 1.855369e+00
 3.458423e-01 5.504226e-02 1.739012e+00
 1.833164e-01 -2.246539e-01 1.474818e+00
 -2.145515e-02 -3.562752e-01 1.132848e+00
 -2.584688e-01 -3.163939e-01 5.721822e-01
 -4.362120e-01 -3.587084e-01 3.589663e-01
 -7.006873e-01 -4.386994e-01 2.155789e-01
 -1.044418e+00 -4.999285e-01 1.397051e-01
 -1.464760e+00 -4.982196e-01 2.161711e-01
 -1.821532e+00 -3.936197e-01 4.278747e-01
 -2.051382e+00 -2.118092e-01 7.411604e-01
 -2.115170e+00 2.961566e-02 1.090677e+00
 -2.010974e+00 3.156958e-01 1.386793e+00
 -1.753715e+00 5.801138e-01 1.596101e+00
 -1.389230e+00 7.663481e-01 1.692308e+00
 -9.821766e-01 8.475806e-01 1.660448e+00
 -6.056837e-01 8.160174e-01 1.509320e+00
 -1.724895e-01 6.631872e-01 1.104534e+00
 6.534028e-02 6.477779e-01 9.077080e-01
 3.688556e-01 5.613304e-01 8.400897e-01
 1.209859e+00 2.430875e-01 8.363517e-01
 1.541571e+00 -4.942911e-02 7.145856e-01
 1.722560e+00 -4.315553e-01 4.782748e-01
 1.703570e+00 -7.751629e-01 2.006967e-01
 1.506595e+00 -1.036100e+00 -8.233107e-02
 1.157094e+00 -1.181160e+00 -3.184878e-01
 7.016961e-01 -1.186565e+00 -4.535696e-01
 2.365669e-01 -1.001546e+00 -4.896506e-01
 -1.097361e-01 -9.715409e-01 -4.859635e-01
 -4.570554e-01 -1.098949e+00 -4.954461e-01
 -7.700552e-01 -1.359771e+00 -3.972182e-01
 -9.552988e-01 -1.668128e+00 -1.909243e-01
 -9.878283e-01 -1.963196e+00 9.137784e-02
 -8.705465e-01 -2.200988e+00 4.079520e-01
 -6.475975e-01 -2.312735e+00 7.192123e-01
 -3.650679e-01 -2.285382e+00 9.913247e-01
 -5.628128e-02 -2.134780e+00 1.178969e+00
 2.435992e-01 -1.894754e+00 1.247177e+00
 4.883384e-01 -1.599795e+00 1.189904e+00
 6.423855e-01 -1.289566e+00 1.018946e+00
 7.220310e-01 -7.088318e-01 4.962426e-01
 7.073683e-01 -4.864590e-01 3.001268e-01
 7.274591e-01 -3.800953e-01 1.799500e-01
 7.978176e-01 -2.837327e-01 4.104886e-02
 1.379345e+00 1.203194e-01 -7.180434e-01
 1.464625e+00 2.249925e-01 -1.200219e+00
 1.353607e+00 1.841224e-01 -1.689630e+00
 1.070455e+00 -1.793917e-02 -2.087637e+00
 6.802137e-01 -3.066912e-01 -2.265831e+00
