 2.603079e+00 9.516976e-01 1.044651e+00
 2.885060e+00 6.073568e-01 9.441751e-01
 2.998097e+00 2.144764e-01 7.385294e-01
 2.916805e+00 -1.506856e-01 4.678007e-01
 2.652004e+00 -4.173217e-01 1.941505e-01
 2.256580e+00 -5.324110e-01 -1.836133e-02
 1.810543e+00 -4.862151e-01 -1.064709e-01
 1.416886e+00 -3.088819e-01 -4.781649e-02
 1.138291e+00 -5.860211e-02 1.177944e-01
 9.758097e-01 7.318513e-02 4.212164e-01
 9.037595e-01 2.642944e-01 9.069569e-01
 7.157430e-01 5.555526e-01 1.214872e+00
 3.724879e-01 8.790087e-01 1.373951e+00
 -1.440260e-03 1.108893e+00 1.335889e+00
 -3.603796e-01 1.211160e+00 1.145187e+00
 -6.506464e-01 1.216252e+00 8.140389e-01
 -8.086602e-01 1.118901e+00 3.875889e-01
 -7.595956e-01 8.397495e-01 -3.522432e-01
 -9.309627e-01 9.616654e-01 -9.002781e-01
 -1.451721e+00 1.222374e+00 -1.255230e+00
 -2.093913e+00 1.341232e+00 -1.215265e+00
 -2.669247e+00 1.215073e+00 -7.959143e-01
 -2.842890e+00 9.360435e-01 -1.694768e-01
 -2.550423e+00 6.217862e-01 3.923503e-01
 -1.651642e+00 2.747922e-01 7.283597e-01
 -1.316780e+00 -2.732507e-02 7.850128e-01
 -1.200118e+00 -2.986187e-01 7.958330e-01
 -1.170751e+00 -5.530170e-01 8.128132e-01
 -1.213987e+00 -8.320577e-01 8.328073e-01
 -1.362662e+00 -1.278493e+00 7.681720e-01
 -1.344459e+00 -1.718278e+00 5.552963e-01
 -1.147818e+00 -2.054447e+00 2.623358e-01
 -8.271116e-01 -2.208376e+00 -6.427087e-02
 -4.711271e-01 -2.145180e+00 -3.677651e-01
 -1.969965e-01 -1.942494e+00 -5.202327e-01
 5.223917e-02 -1.726886e+00 -5.014255e-01
 3.148941e-01 -1.629047e+00 -4.532970e-01
 6.359830e-01 -1.509897e+00 -5.520777e-01
 8.764801e-01 -1.232003e+00 -7.059668e-01
 9.923867e-01 -8.305665e-01 -8.472289e-01
 9.353592e-01 -4.210668e-01 -9.250528e-01
 7.948434e-01 -6.222738e-02 -8.411500e-01
 4.488828e-01 3.350690e-01 -6.189200e-01
 2.862255e-01 5.921517e-01 -6.065085e-01
 1.151517e-01 1.248263e+00 -7.021403e-01
 -7.567257e-02 1.574811e+00 -6.395657e-01
 -3.965598e-01 1.813840e+00 -5.363092e-01
 -7.903359e-01 1.903801e+00 -4.435204e-01
 -1.216665e+00 1.822213e+00 -3.597064e-01
 -1.526872e+00 1.610186e+00 -2.742049e-01
 -1.709695e+00 1.313347e+00 -2.288448e-01
 -1.779601e+00 9.632439e-01 -2.610128e-01
 -1.818328e+00 6.955501e-01 -3.939436e-01
 -1.944487e+00 2.410324e-01 -9.096573e-01
 -1.818970e+00 -2.639518e-01 -1.154587e+00
 -1.554980e+00 -7.832273e-01 -1.104565e+00
 -1.190171e+00 -1.121810e+00 -7.815393e-01
 -5.435193e-01 -1.209246e+00 1.512379e-01
 -2.975844e-01 -1.449297e+00 4.222322e-01
 -3.161724e-02 -1.823214e+00 5.214133e-01
 2.279758e-01 -2.220541e+00 3.956241e-01
 4.395595e-01 -2.510447e+00 7.121671e-02
 5.696873e-01 -2.625515e+00 -3.721269e-01
 5.865728e-01 -2.550848e+00 -8.405049e-01
 5.119175e-01 -2.293977e+00 -1.231706e+00
 3.654871e-01 -1.915021e+00 -1.462378e+00
 1.993357e-01 -1.493385e+00 -1.489417e+00
 5.422472e-02 -1.099747e+00 -1.317205e+00
 -3.863906e-02 -8.192160e-01 -9.848349e-01
 -9.651463e-03 -6.716563e-01 -5.895367e-01
 1.996167e-01 -6.256004e-01 -1.916495e-01
 6.279224e-01 -9.120533e-01 4.140228e-01
 1.000089e+00 -9.301213e-01 6.875670e-01
 1.390402e+00 -7.494357e-01 8.852289e-01
 1.727521e+00 -4.294843e-01 9.325846e-01
 1.905345e+00 -9.041081e-02 8.523469e-01
 1.969202e+00 2.431808e-01 6.336994e-01
 2.027926e+00 3.681698e-01 4.176643e-01
 2.147302e+00 5.076219e-01 2.258314e-01
 2.263672e+00 8.503704e-01 4.033872e-02
 2.213038e+00 1.286548e+00 -7.993675e-02
 1.967064e+00 1.691819e+00 -1.168601e-01
 1.556538e+00 1.950312e+00 -1.001415e-01
 1.080255e+00 1.999803e+00 -1.656121e-02
 6.447851e-01 1.829169e+00 1.195776e-01
 3.548078e-01 1.483214e+00 2.717360e-01
 2.147291e-01 8.970595e-01 3.599228e-01
 1.169489e-01 6.733987e-01 3.823758e-01
 3.250096e-02 5.351245e-01 4.398867e-01
 -9.902528e-02 3.699607e-01 6.030721e-01
 -2.420519e-01 2.246507e-01 8.601427e-01
 -4.978916e-01 1.190046e-01 1.405785e+00
 -7.498646e-01 3.141895e-02 1.650228e+00
 -1.062703e+00 -8.681550e-02 1.785401e+00
 -1.394381e+00 -2.183107e-01 1.795949e+00
 -1.704268e+00 -3.454750e-01 1.684462e+00
 -1.956390e+00 -4.521474e-01 1.468261e+00
 -2.141467e+00 -5.449328e-01 1.138650e+00
 -2.199754e+00 -5.854324e-01 8.422734e-01
 -2.159819e+00 -6.010124e-01 5.421489e-01
 -2.026635e+00 -5.709901e-01 2.617316e-01
 -1.824686e+00 -4.853397e-01 1.665821e-02
 -1.598765e+00 -3.867264e-01 -1.347645e-01
 -1.318865e+00 -2.418610e-01 -2.213138e-01
 -1.206539e+00 -1.869232e-01 -2.997801e-01
 -1.016224e+00 -1.293544e-01 -4.880058e-01
 -8.196633e-01 -9.598853e-02 -7.859523e-01
 -6.815101e-01 -2.134093e-02 -1.002205e+00
 -1.116890e-01 2.956376e-01 -1.486753e+00
 9.302567e-02 4.102866e-01 -1.583247e+00
 3.171675e-01 5.339105e-01 -1.618443e+00
 5.720301e-01 6.807360e-01 -1.582159e+00
 7.979391e-01 8.006870e-01 -1.472891e+00
 9.938624e-01 8.910403e-01 -1.294003e+00
 1.140399e+00 9.509152e-01 -1.053446e+00
 1.222891e+00 9.798995e-01 -7.591415e-01
 1.237175e+00 9.693835e-01 4.868663e-02
 1.291481e+00 1.052265e+00 3.540311e-01
 1.436163e+00 1.182682e+00 6.069121e-01
 1.779404e+00 1.249038e+00 8.775722e-01
 2.205316e+00 1.180646e+00 1.023259e+00
