 -1.644939e+00 -6.124873e-01 -1.051134e+00
 -1.482452e+00 -9.449642e-01 -1.216377e+00
 -1.179926e+00 -1.201626e+00 -1.335708e+00
 -8.154603e-01 -1.307165e+00 -1.424835e+00
 -4.587444e-01 -1.251456e+00 -1.504162e+00
 -2.017385e-01 -1.078648e+00 -1.625328e+00
 -3.499803e-02 -9.386284e-01 -1.813656e+00
 7.855684e-02 -7.133387e-01 -2.044597e+00
 2.370361e-01 -4.207603e-01 -2.174995e+00
 4.714672e-01 -1.309330e-01 -2.193608e+00
 7.338982e-01 1.034561e-01 -2.092086e+00
 9.709521e-01 2.601510e-01 -1.888635e+00
 1.142474e+00 3.533936e-01 -1.595408e+00
 1.228987e+00 3.773641e-01 -1.221692e+00
 1.212915e+00 3.067632e-01 -8.576124e-01
 1.051661e+00 7.188299e-03 -3.020496e-01
 1.079694e+00 -1.590265e-01 1.111502e-02
 1.175681e+00 -2.456351e-01 1.713660e-01
 1.395145e+00 -4.147622e-01 3.790222e-01
 1.526297e+00 -6.994673e-01 6.105692e-01
 1.513628e+00 -9.739051e-01 8.967683e-01
 1.359127e+00 -1.186324e+00 1.180977e+00
 1.067695e+00 -1.337918e+00 1.395277e+00
 6.596545e-01 -1.409434e+00 1.516433e+00
 2.673798e-01 -1.373214e+00 1.517628e+00
 -9.035573e-02 -1.239668e+00 1.410134e+00
 -3.547712e-01 -1.035259e+00 1.210863e+00
 -6.650903e-01 -4.613348e-01 6.340615e-01
 -7.876363e-01 -2.765521e-01 5.229979e-01
 -9.444652e-01 -1.499271e-01 4.210242e-01
 -1.144759e+00 -7.125486e-02 3.523460e-01
 -1.425843e+00 4.840062e-02 3.413923e-01
 -1.707361e+00 2.210159e-01 4.390624e-01
 -1.914464e+00 4.429420e-01 6.221900e-01
 -2.013392e+00 6.864332e-01 8.637816e-01
 -1.993374e+00 9.108466e-01 1.137159e+00
 -1.857651e+00 1.093831e+00 1.400382e+00
 -1.628116e+00 1.227750e+00 1.611564e+00
 -1.338389e+00 1.322502e+00 1.733266e+00
 -1.007155e+00 1.363930e+00 1.766261e+00
 -6.729971e-01 1.334744e+00 1.713531e+00
 -1.688933e-01 1.145872e+00 1.511845e+00
 1.467196e-01 1.099333e+00 1.515458e+00
 4.470773e-01 9.402689e-01 1.597703e+00
 6.928969e-01 6.401989e-01 1.652884e+00
 8.150139e-01 3.140687e-01 1.614992e+00
 8.474123e-01 -4.206160e-02 1.455642e+00
 7.653745e-01 -3.312783e-01 1.240901e+00
 5.543695e-01 -5.727947e-01 9.391868e-01
 5.076005e-01 -7.137456e-01 7.744746e-01
 5.290922e-01 -9.554725e-01 6.000744e-01
 6.095240e-01 -1.238637e+00 4.810945e-01
 8.322082e-01 -1.624144e+00 3.750668e-01
 1.022272e+00 -1.853536e+00 1.951684e-01
 1.195995e+00 -2.002470e+00 -7.331669e-02
 1.333425e+00 -2.048295e+00 -3.970054e-01
 1.419021e+00 -1.981471e+00 -7.592113e-01
 1.442877e+00 -1.790689e+00 -1.113682e+00
 1.389904e+00 -1.531908e+00 -1.352405e+00
 1.256850e+00 -1.243868e+00 -1.481033e+00
 1.065166e+00 -9.094938e-01 -1.495135e+00
 8.791263e-01 -6.371050e-01 -1.393269e+00
 6.355275e-01 -4.516877e-01 -1.225572e+00
 4.808904e-01 -3.241462e-01 -1.189385e+00
 3.277355e-01 -1.097093e-01 -1.178505e+00
 2.372307e-01 1.017184e-01 -1.200711e+00
 2.685082e-02 4.890163e-01 -1.275028e+00
 -1.307684e-01 7.803914e-01 -1.224310e+00
 -2.561492e-01 1.046567e+00 -1.075309e+00
 -3.598523e-01 1.276216e+00 -8.208716e-01
 -4.301961e-01 1.379083e+00 -5.482270e-01
 -4.485192e-01 1.394960e+00 -2.309156e-01
 -3.846874e-01 1.372517e+00 3.034868e-03
 -2.436532e-01 1.384610e+00 2.242337e-01
 -9.234105e-02 1.537819e+00 5.107721e-01
 5.010531e-02 1.938602e+00 9.094151e-01
 9.756734e-02 2.091433e+00 1.225681e+00
 1.276896e-01 2.126807e+00 1.582584e+00
 1.394921e-01 2.036192e+00 1.933065e+00
 1.347726e-01 1.829133e+00 2.230989e+00
 9.946649e-02 1.535910e+00 2.437068e+00
 2.677950e-02 1.191849e+00 2.527965e+00
 -6.876148e-02 8.377346e-01 2.487877e+00
 -1.488398e-01 5.181413e-01 2.320658e+00
 -1.979068e-01 2.747809e-01 2.046186e+00
 -2.106955e-01 1.448876e-01 1.708967e+00
 -1.478762e-01 1.280775e-01 1.326056e+00
 -7.185387e-02 2.365395e-01 1.037982e+00
 5.201090e-02 3.202660e-01 8.739213e-01
 3.341908e-01 4.453015e-01 7.081403e-01
 1.062886e+00 7.117075e-01 5.277144e-01
 1.360716e+00 7.283075e-01 4.162547e-01
 1.637001e+00 6.547127e-01 2.695361e-01
 1.867952e+00 4.931991e-01 9.531521e-02
 2.028231e+00 2.505233e-01 -9.540783e-02
 2.083884e+00 -1.132368e-02 -2.571426e-01
 2.037607e+00 -2.747846e-01 -4.012143e-01
 1.889274e+00 -5.417593e-01 -5.113533e-01
 1.663464e+00 -7.899731e-01 -5.461580e-01
 1.405619e+00 -9.628812e-01 -5.070843e-01
 1.048184e+00 -1.064492e+00 -4.771928e-01
 8.099368e-01 -1.181682e+00 -5.383487e-01
 5.988103e-01 -1.367294e+00 -7.017666e-01
 4.578986e-01 -1.573863e+00 -9.260048e-01
 3.589523e-01 -1.902402e+00 -1.413615e+00
 2.364140e-01 -1.992977e+00 -1.744210e+00
 4.717045e-02 -1.972064e+00 -2.057054e+00
 -1.856570e-01 -1.843306e+00 -2.308653e+00
 -4.341825e-01 -1.624726e+00 -2.465526e+00
 -6.666768e-01 -1.348030e+00 -2.505993e+00
 -8.412811e-01 -1.035675e+00 -2.434423e+00
 -9.360038e-01 -7.126067e-01 -2.252701e+00
 -9.220786e-01 -4.382107e-01 -1.974056e+00
 -8.244421e-01 -2.711854e-01 -1.629592e+00
 -7.065843e-01 -2.627586e-01 -1.279442e+00
 -6.382315e-01 -3.689856e-01 -1.037476e+00
 -6.480755e-01 -5.242134e-01 -7.799183e-01
 -7.607118e-01 -6.824774e-01 -5.264855e-01
 -1.158014e+00 -9.925472e-01 -1.125655e-01
 -1.374001e+00 -1.054075e+00 1.982378e-01
 -1.524847e+00 -9.977349e-01 5.260346e-01
 -1.586071e+00 -8.408598e-01 8.518613e-01
 -1.546319e+00 -6.126660e-01 1.124745e+00
 -1.435545e+00 -3.055179e-01 1.309814e+00
 -1.287562e+00 4.248730e-02 1.363738e+00
 -1.129153e+00 3.716180e-01 1.278425e+00
 -1.025056e+00 5.817394e-01 1.114853e+00
 -9.972248e-01 7.506584e-01 9.449923e-01
 -1.032429e+00 1.012370e+00 8.011028e-01
 -1.133426e+00 1.479461e+00 7.071348e-01
 -1.094725e+00 1.811813e+00 5.974541e-01
 -9.560367e-01 2.097954e+00 4.355252e-01
 -7.408795e-01 2.293566e+00 2.406093e-01
 -4.534807e-01 2.387468e+00 5.171510e-02
 -1.123771e-01 2.355665e+00 -1.131631e-01
 1.991842e-01 2.183196e+00 -2.511930e-01
 4.559067e-01 1.873234e+00 -3.390800e-01
 5.753700e-01 1.491108e+00 -3.782428e-01
 5.377569e-01 1.083301e+00 -3.668690e-01
 3.618905e-01 7.532049e-01 -3.110862e-01
 5.276468e-02 4.811473e-01 -2.544277e-01
 -4.100515e-01 3.711477e-01 -2.986240e-01
 -8.795811e-01 4.426271e-01 -4.703471e-01
 -1.192230e+00 3.536819e-01 -5.927156e-01
 -1.470618e+00 1.138263e-01 -6.829650e-01
 -1.642735e+00 -2.414597e-01 -8.454488e-01
