 4.240221e-01 -2.278626e+00 2.528169e-01
 6.922241e-01 -2.361064e+00 -2.778304e-02
 1.010080e+00 -2.255228e+00 -3.342015e-01
 1.251998e+00 -1.978391e+00 -5.736174e-01
 1.353624e+00 -1.597979e+00 -7.348613e-01
 1.279616e+00 -1.159587e+00 -8.330855e-01
 1.061865e+00 -7.884963e-01 -8.293510e-01
 4.590487e-01 -2.896573e-01 -6.287246e-01
 3.133864e-01 -1.605459e-01 -6.117662e-01
 2.166904e-01 -7.773480e-02 -6.249258e-01
 1.551164e-01 -1.517149e-02 -6.486470e-01
 6.247851e-02 1.162241e-01 -7.052247e-01
 3.190270e-02 1.586525e-01 -7.287074e-01
 -4.388347e-01 9.431421e-01 -1.148093e+00
 -5.505299e-01 1.340400e+00 -1.199403e+00
 -5.661684e-01 1.737271e+00 -1.116578e+00
 -5.017620e-01 2.074618e+00 -9.062567e-01
 -3.551497e-01 2.300736e+00 -6.094467e-01
 -1.272512e-01 2.375922e+00 -3.195169e-01
 1.047294e-01 2.391006e+00 -2.032698e-01
 3.399166e-01 2.480494e+00 -9.701816e-02
 5.642182e-01 2.620626e+00 1.997407e-01
 6.971095e-01 2.640765e+00 6.390375e-01
 7.117047e-01 2.496761e+00 1.073386e+00
 6.246873e-01 2.197454e+00 1.412630e+00
 4.281748e-01 1.818104e+00 1.592593e+00
 1.674194e-01 1.436370e+00 1.574526e+00
 -9.963417e-02 1.140193e+00 1.370676e+00
 -4.674982e-01 6.833939e-01 6.021138e-01
 -6.414708e-01 5.723654e-01 3.918059e-01
 -8.730715e-01 5.209052e-01 2.554744e-01
 -1.149609e+00 4.206824e-01 2.054426e-01
 -1.373249e+00 2.499302e-01 2.164037e-01
 -1.542612e+00 -4.008282e-02 2.250243e-01
 -1.603186e+00 -3.569513e-01 2.138615e-01
 -1.564987e+00 -6.785031e-01 1.689581e-01
 -1.432273e+00 -9.681799e-01 9.297292e-02
 -1.208833e+00 -1.203685e+00 1.545520e-02
 -8.358967e-01 -1.407279e+00 -1.191400e-01
 -6.525730e-01 -1.600245e+00 -2.181065e-01
 -5.703810e-01 -1.824919e+00 -3.349634e-01
 -5.259405e-01 -2.061320e+00 -3.877909e-01
 -4.952708e-01 -2.376930e+00 -3.414222e-01
 -4.542052e-01 -2.721384e+00 -1.429170e-01
 -3.798990e-01 -2.951691e+00 1.675596e-01
 -2.320783e-01 -3.048994e+00 5.241060e-01
 -4.189054e-02 -2.997010e+00 8.658571e-01
 1.418774e-01 -2.799545e+00 1.157816e+00
 2.823929e-01 -2.485589e+00 1.358431e+00
 3.627511e-01 -2.102503e+00 1.434583e+00
 3.750123e-01 -1.709790e+00 1.372018e+00
 2.976692e-01 -8.963810e-01 8.919123e-01
 4.256436e-01 -5.541176e-01 6.005593e-01
 5.844109e-01 -4.212015e-01 4.254735e-01
 7.950043e-01 -3.615809e-01 3.125782e-01
 1.011656e+00 -2.771806e-01 2.458210e-01
 1.334239e+00 -5.098843e-02 2.747510e-01
 1.531763e+00 2.621931e-01 3.511856e-01
 1.586572e+00 6.441654e-01 4.119901e-01
 1.491514e+00 1.020989e+00 4.527591e-01
 1.265127e+00 1.335197e+00 4.870627e-01
 9.405475e-01 1.545332e+00 5.234653e-01
 3.547669e-01 1.667131e+00 5.669281e-01
 1.367909e-01 1.777005e+00 6.051971e-01
 -7.910709e-02 1.945153e+00 6.882391e-01
 -2.593884e-01 2.257530e+00 7.406299e-01
 -3.604959e-01 2.636107e+00 6.695970e-01
 -3.550792e-01 2.991225e+00 4.851095e-01
 -2.746233e-01 3.259189e+00 1.908719e-01
 -1.338017e-01 3.391492e+00 -1.635004e-01
 4.299524e-02 3.367471e+00 -5.251028e-01
 2.314816e-01 3.190519e+00 -8.366895e-01
 3.995942e-01 2.885197e+00 -1.050733e+00
 5.097938e-01 2.498742e+00 -1.135226e+00
 5.414143e-01 2.097995e+00 -1.077321e+00
 4.727155e-01 1.737460e+00 -8.970270e-01
 3.051698e-01 1.483527e+00 -6.262308e-01
 3.321226e-02 1.365755e+00 -3.354200e-01
 -3.233524e-01 1.360887e+00 -1.911949e-01
 -7.378593e-01 1.543354e+00 4.105018e-02
 -1.086564e+00 1.523312e+00 4.900764e-01
 -1.336053e+00 1.184742e+00 9.157837e-01
 -1.335468e+00 6.949726e-01 1.188167e+00
 -1.129671e+00 1.713907e-01 1.225147e+00
 -8.562721e-01 -2.644133e-01 9.690335e-01
 -6.187827e-01 -4.595721e-01 5.199477e-01
 -5.505569e-01 -4.188171e-01 6.572104e-03
 -1.104086e+00 -1.834364e-01 -9.363519e-01
 -1.129251e+00 -3.108243e-01 -1.582447e+00
 -9.293233e-01 -7.181151e-01 -2.049178e+00
 -5.670693e-01 -1.217163e+00 -2.161046e+00
 -8.929936e-02 -1.626189e+00 -1.887625e+00
 2.459859e-01 -1.752496e+00 -1.323811e+00
 3.588879e-01 -1.473266e+00 -4.797050e-01
 4.677185e-01 -1.378952e+00 -2.352908e-01
 6.149602e-01 -1.324020e+00 -6.863857e-02
 9.542298e-01 -1.364078e+00 2.250595e-01
 1.175204e+00 -1.283128e+00 4.987024e-01
 1.302726e+00 -1.111793e+00 7.729309e-01
 1.326196e+00 -8.678116e-01 1.022998e+00
 1.260762e+00 -5.622313e-01 1.198618e+00
 1.114685e+00 -2.052402e-01 1.274740e+00
 9.446993e-01 1.197951e-01 1.210859e+00
 7.719572e-01 3.791293e-01 1.027676e+00
 6.204794e-01 5.483090e-01 7.483891e-01
 5.159018e-01 6.386644e-01 2.879615e-01
 9.483854e-01 6.810432e-01 -6.039703e-01
 9.204388e-01 4.478027e-01 -1.218521e+00
 5.852042e-01 7.011982e-02 -1.611782e+00
 1.433252e-01 -3.914188e-01 -1.629189e+00
 -3.298398e-01 -8.713208e-01 -1.176038e+00
 -5.148682e-01 -1.043511e+00 -1.110772e+00
 -1.026258e+00 -1.359342e+00 -1.148801e+00
 -1.364039e+00 -1.651426e+00 -9.746258e-01
 -1.536734e+00 -1.956444e+00 -6.571655e-01
 -1.538501e+00 -2.169396e+00 -2.518099e-01
 -1.380380e+00 -2.242386e+00 1.651818e-01
 -1.074728e+00 -2.198912e+00 5.032271e-01
 -6.764803e-01 -2.109666e+00 6.674824e-01
 -3.317136e-01 -2.029968e+00 6.421241e-01
 3.802462e-02 -2.035042e+00 4.608834e-01
