 -2.385499e+00 2.080676e-01 3.482146e-01
 -2.260920e+00 -1.216508e-01 4.716454e-01
 -2.039947e+00 -4.296262e-01 4.918927e-01
 -1.754079e+00 -6.660959e-01 4.068234e-01
 -1.409332e+00 -7.686183e-01 3.351674e-01
 -1.234941e+00 -8.340516e-01 3.553356e-01
 -1.002368e+00 -1.027245e+00 4.426476e-01
 -8.467647e-01 -1.266017e+00 5.372974e-01
 -7.108423e-01 -1.631974e+00 7.578240e-01
 -5.355207e-01 -1.838186e+00 1.015995e+00
 -3.045376e-01 -1.920347e+00 1.301326e+00
 -1.096120e-02 -1.861297e+00 1.601707e+00
 2.403429e-01 -1.680046e+00 1.818290e+00
 4.434077e-01 -1.403116e+00 1.944155e+00
 5.826737e-01 -1.036438e+00 1.954405e+00
 5.982638e-01 -6.342473e-01 1.862937e+00
 5.089211e-01 -3.531856e-01 1.723424e+00
 4.577178e-01 -1.474969e-01 1.511616e+00
 4.952372e-01 4.703523e-02 1.364036e+00
 6.316783e-01 4.250718e-01 1.262494e+00
 8.887281e-01 8.795555e-01 1.293840e+00
 1.158232e+00 1.147066e+00 1.211853e+00
 1.432256e+00 1.335651e+00 9.990454e-01
 1.663479e+00 1.423200e+00 6.742538e-01
 1.804047e+00 1.375266e+00 3.067823e-01
 1.877003e+00 1.183980e+00 -4.041361e-02
 1.888417e+00 8.751753e-01 -2.981956e-01
 1.834046e+00 6.050950e-01 -3.988904e-01
 1.646505e+00 3.501746e-01 -5.225735e-01
 1.511462e+00 1.654296e-01 -7.596077e-01
 1.414453e+00 9.383722e-02 -1.039244e+00
 1.277951e+00 1.160801e-01 -1.295181e+00
 1.046181e+00 2.394401e-01 -1.544371e+00
 7.996611e-01 4.528918e-01 -1.706252e+00
 5.794394e-01 7.101270e-01 -1.759097e+00
 4.234120e-01 9.230386e-01 -1.713022e+00
 2.337339e-01 1.067969e+00 -1.600085e+00
 3.827018e-02 1.167932e+00 -1.542309e+00
 -1.502998e-01 1.244864e+00 -1.546244e+00
 -4.881404e-01 1.258250e+00 -1.604044e+00
 -8.374192e-01 1.130578e+00 -1.676811e+00
 -1.083737e+00 9.155139e-01 -1.711279e+00
 -1.266648e+00 6.191882e-01 -1.663619e+00
 -1.356740e+00 2.906754e-01 -1.544513e+00
 -1.337172e+00 -5.412489e-03 -1.408987e+00
 -1.239000e+00 -2.239413e-01 -1.286858e+00
 -1.084582e+00 -4.189275e-01 -1.069621e+00
 -1.053946e+00 -6.006409e-01 -8.719845e-01
 -1.110381e+00 -9.060297e-01 -6.820141e-01
 -1.301960e+00 -1.305940e+00 -5.373729e-01
 -1.468813e+00 -1.523621e+00 -3.528322e-01
 -1.618304e+00 -1.672479e+00 -8.154516e-02
 -1.723879e+00 -1.728992e+00 2.398124e-01
 -1.775401e+00 -1.686633e+00 6.047534e-01
 -1.750021e+00 -1.550027e+00 9.258913e-01
 -1.645476e+00 -1.334195e+00 1.176718e+00
 -1.501845e+00 -1.039818e+00 1.332179e+00
 -1.359967e+00 -7.057707e-01 1.362358e+00
 -1.257135e+00 -4.707822e-01 1.289728e+00
 -1.040188e+00 -2.574860e-01 1.187517e+00
 -8.392393e-01 -8.089217e-02 1.212516e+00
 -5.632431e-01 2.026839e-01 1.431920e+00
 -2.869932e-01 4.694775e-01 1.874967e+00
 3.364689e-02 5.475792e-01 2.139121e+00
 4.520109e-01 5.299637e-01 2.285277e+00
 8.779011e-01 4.260865e-01 2.271533e+00
 1.210034e+00 2.794983e-01 2.111671e+00
 1.433197e+00 8.103068e-02 1.817422e+00
 1.493911e+00 -1.786426e-01 1.475742e+00
 1.402191e+00 -3.808290e-01 1.227049e+00
 1.256783e+00 -4.797876e-01 9.129624e-01
 1.243491e+00 -5.331562e-01 6.676027e-01
 1.353600e+00 -5.761945e-01 3.700590e-01
 1.575809e+00 -6.029775e-01 6.430773e-02
 2.100459e+00 -5.546881e-01 -3.301624e-01
 2.321455e+00 -4.287175e-01 -5.566009e-01
 2.458310e+00 -2.244528e-01 -7.961445e-01
 2.493505e+00 3.362226e-02 -1.019710e+00
 2.422866e+00 3.160329e-01 -1.201946e+00
 2.230290e+00 6.257375e-01 -1.340379e+00
 1.979868e+00 8.745194e-01 -1.368935e+00
 1.683135e+00 1.051667e+00 -1.302016e+00
 1.371064e+00 1.128445e+00 -1.147261e+00
 1.056895e+00 1.075806e+00 -9.302578e-01
 8.757791e-01 9.532454e-01 -8.133355e-01
 6.481037e-01 7.136944e-01 -7.206263e-01
 4.960577e-01 3.576773e-01 -6.714934e-01
 4.176459e-01 -7.700431e-02 -7.467078e-01
 2.433341e-01 -4.440898e-01 -9.430554e-01
 -3.871580e-01 -1.053581e+00 -1.498944e+00
 -7.187242e-01 -1.199820e+00 -1.632842e+00
 -1.099506e+00 -1.249325e+00 -1.670096e+00
 -1.488816e+00 -1.200884e+00 -1.595981e+00
 -1.828514e+00 -1.051663e+00 -1.413060e+00
 -2.020868e+00 -8.688968e-01 -1.168958e+00
 -2.084499e+00 -6.347309e-01 -8.735525e-01
 -2.010268e+00 -3.393769e-01 -6.131213e-01
 -1.831302e+00 -9.130521e-02 -4.574043e-01
 -1.579957e+00 5.782322e-02 -2.951353e-01
 -1.435489e+00 1.449391e-01 -1.155419e-01
 -1.363681e+00 2.790505e-01 1.703512e-01
 -1.389395e+00 4.265003e-01 4.668437e-01
 -1.557923e+00 5.823531e-01 9.040441e-01
 -1.621535e+00 5.828096e-01 1.274068e+00
 -1.592272e+00 4.784957e-01 1.636641e+00
 -1.449308e+00 2.658983e-01 1.980455e+00
 -1.242541e+00 1.117602e-02 2.185606e+00
 -9.970478e-01 -2.583321e-01 2.249957e+00
 -7.181378e-01 -5.185960e-01 2.156815e+00
 -4.837777e-01 -7.564531e-01 1.906956e+00
 -3.730857e-01 -8.913211e-01 1.612554e+00
 -2.191822e-01 -9.016313e-01 1.284184e+00
 -3.400013e-02 -9.460529e-01 1.106693e+00
 3.712801e-01 -1.140445e+00 9.447191e-01
 9.035625e-01 -1.446104e+00 9.590677e-01
 1.243676e+00 -1.505780e+00 9.729440e-01
 1.590492e+00 -1.447754e+00 9.611962e-01
 1.896316e+00 -1.277466e+00 9.272333e-01
 2.165583e+00 -9.697085e-01 8.595890e-01
 2.294070e+00 -6.220977e-01 7.969122e-01
 2.284861e+00 -2.879946e-01 7.378260e-01
 2.152870e+00 5.425577e-03 6.579407e-01
 1.905714e+00 2.574301e-01 5.940216e-01
 1.613108e+00 4.046969e-01 5.709873e-01
 1.359783e+00 4.560087e-01 4.828381e-01
 1.148173e+00 5.775773e-01 3.489880e-01
 9.317341e-01 8.293518e-01 2.548492e-01
 7.529267e-01 1.238875e+00 1.690675e-01
 6.234894e-01 1.599324e+00 -6.497538e-02
 5.431169e-01 1.826309e+00 -3.997921e-01
 4.630190e-01 2.088575e+00 -1.531875e+00
 4.042434e-01 2.057992e+00 -1.862566e+00
 3.035383e-01 1.927175e+00 -2.162536e+00
 1.754042e-01 1.710626e+00 -2.393385e+00
 2.937315e-02 1.436765e+00 -2.528302e+00
 -1.271117e-01 1.093786e+00 -2.558278e+00
 -2.397943e-01 7.758833e-01 -2.469674e+00
 -3.050375e-01 5.001934e-01 -2.280148e+00
 -3.249676e-01 3.112287e-01 -2.019370e+00
 -3.260689e-01 2.269018e-01 -1.717029e+00
 -3.457619e-01 2.448787e-01 -1.412172e+00
 -4.015118e-01 3.321430e-01 -1.186999e+00
 -5.264068e-01 4.522064e-01 -9.669659e-01
 -7.592538e-01 6.647778e-01 -7.670338e-01
 -1.217997e+00 9.938227e-01 -6.334264e-01
 -1.568803e+00 1.081123e+00 -4.956614e-01
 -1.910719e+00 1.032605e+00 -2.995145e-01
 -2.182587e+00 8.545013e-01 -7.925681e-02
 -2.363941e+00 5.439326e-01 1.617301e-01
