 9.253313e-01 -7.097568e-01 -1.001585e+00
 7.802233e-01 -9.706019e-01 -9.190343e-01
 6.283449e-01 -1.172434e+00 -7.620795e-01
 4.559962e-01 -1.303334e+00 -5.467932e-01
 2.731129e-01 -1.346389e+00 -3.121290e-01
 5.121949e-02 -1.287317e+00 9.196353e-03
 -1.060477e-01 -1.317533e+00 2.228071e-01
 -2.107667e-01 -1.396916e+00 3.691476e-01
 -3.220864e-01 -1.643026e+00 6.924343e-01
 -4.451263e-01 -1.738064e+00 1.013754e+00
 -6.268313e-01 -1.717101e+00 1.333742e+00
 -8.382626e-01 -1.584503e+00 1.591347e+00
 -1.012267e+00 -1.364582e+00 1.771983e+00
 -1.158080e+00 -1.051051e+00 1.871381e+00
 -1.266024e+00 -7.496798e-01 1.850344e+00
 -1.371651e+00 -4.405480e-01 1.707905e+00
 -1.439154e+00 -2.727007e-01 1.535556e+00
 -1.579478e+00 -1.395579e-01 1.249288e+00
 -1.870590e+00 -1.054387e-01 9.337232e-01
 -1.995208e+00 -9.611883e-02 6.219268e-01
 -2.014842e+00 -1.141974e-02 2.380208e-01
 -1.899163e+00 1.301628e-01 -1.180221e-01
 -1.670358e+00 3.067734e-01 -3.854062e-01
 -1.402655e+00 4.537073e-01 -5.052586e-01
 -1.072052e+00 6.338135e-01 -4.981290e-01
 -8.484244e-01 8.391441e-01 -3.746344e-01
 -7.516679e-01 1.107758e+00 -2.465188e-01
 -6.662485e-01 1.292233e+00 -4.197511e-02
 -4.261705e-01 1.452634e+00 2.227435e-01
 -8.695902e-02 1.512451e+00 4.183843e-01
 2.825453e-01 1.451218e+00 5.178408e-01
 6.315941e-01 1.232278e+00 5.659985e-01
 8.538221e-01 9.270514e-01 5.577385e-01
 1.073825e+00 4.674267e-01 3.549744e-01
 1.331556e+00 2.918710e-01 2.801644e-01
 1.605176e+00 2.033382e-01 1.469223e-01
 1.847551e+00 1.724861e-01 -8.920120e-02
 2.022873e+00 2.206109e-01 -3.568457e-01
 2.104460e+00 3.043277e-01 -6.623993e-01
 2.079589e+00 4.035734e-01 -9.709204e-01
 1.951300e+00 5.206848e-01 -1.253422e+00
 1.737952e+00 6.567829e-01 -1.470650e+00
 1.467838e+00 7.913703e-01 -1.595887e+00
 9.340191e-01 9.514036e-01 -1.658299e+00
 6.567716e-01 1.043726e+00 -1.831015e+00
 4.118601e-01 1.012571e+00 -2.023723e+00
 1.135096e-01 8.276738e-01 -2.211202e+00
 -1.463902e-01 5.713728e-01 -2.269484e+00
 -3.836780e-01 2.926088e-01 -2.179500e+00
 -5.557708e-01 -1.918448e-02 -1.939358e+00
 -6.007353e-01 -2.596377e-01 -1.614730e+00
 -5.169503e-01 -4.143655e-01 -1.241741e+00
 -3.125472e-01 -4.610317e-01 -8.854883e-01
 2.020713e-01 -3.317630e-01 -3.795685e-01
 4.025935e-01 -3.400086e-01 -2.101358e-01
 6.492679e-01 -4.274825e-01 -5.141933e-02
 1.069990e+00 -6.624503e-01 4.434934e-02
 1.338801e+00 -7.727138e-01 2.476470e-01
 1.537271e+00 -8.226985e-01 5.496521e-01
 1.614643e+00 -8.928899e-01 9.037351e-01
 1.556462e+00 -9.648502e-01 1.262140e+00
 1.347254e+00 -1.007536e+00 1.593950e+00
 1.005489e+00 -1.009966e+00 1.841094e+00
 6.215511e-01 -9.655045e-01 1.939087e+00
 2.323437e-01 -8.899360e-01 1.883759e+00
 -9.430583e-02 -7.952440e-01 1.686857e+00
 -4.482276e-01 -7.047639e-01 1.206804e+00
 -7.779760e-01 -7.651619e-01 9.476801e-01
 -1.059327e+00 -9.275625e-01 8.435140e-01
 -1.364918e+00 -1.060380e+00 8.613618e-01
 -1.713623e+00 -1.133497e+00 1.010965e+00
 -1.994392e+00 -1.094442e+00 1.212942e+00
 -2.220360e+00 -9.373407e-01 1.442802e+00
 -2.375283e+00 -6.670777e-01 1.656651e+00
 -2.420011e+00 -3.616292e-01 1.814161e+00
 -2.357632e+00 -4.322201e-02 1.925272e+00
 -2.199919e+00 2.506460e-01 1.978362e+00
 -1.968346e+00 4.894433e-01 1.969769e+00
 -1.690008e+00 6.508313e-01 1.902378e+00
 -1.394764e+00 7.210529e-01 1.784418e+00
 -4.841526e-01 6.480823e-01 1.252771e+00
 -2.708192e-01 6.003316e-01 1.026649e+00
 -1.213385e-01 5.242622e-01 7.193507e-01
 -5.763648e-02 4.840520e-01 4.078652e-01
 9.207749e-03 5.344943e-01 1.265589e-01
 1.287386e-01 6.404087e-01 -1.059288e-01
 2.066083e-01 7.868291e-01 -2.628413e-01
 2.640977e-01 1.106663e+00 -4.685569e-01
 3.531002e-01 1.318479e+00 -6.403508e-01
 8.082920e-01 1.855949e+00 -1.196658e+00
 1.005053e+00 1.961313e+00 -1.493342e+00
 1.179152e+00 1.936725e+00 -1.823301e+00
 1.304574e+00 1.782937e+00 -2.144488e+00
 1.360274e+00 1.517655e+00 -2.413759e+00
 1.333465e+00 1.175646e+00 -2.592026e+00
 1.232840e+00 8.059081e-01 -2.645445e+00
 1.091782e+00 4.515775e-01 -2.553335e+00
 9.205101e-01 1.694303e-01 -2.326740e+00
 7.255554e-01 1.815485e-02 -2.022573e+00
 5.074591e-01 2.018025e-02 -1.705426e+00
 3.209145e-01 1.560550e-01 -1.446084e+00
 1.968113e-01 3.166506e-01 -1.306654e+00
 -4.612103e-02 5.284059e-01 -1.233357e+00
 -6.764132e-01 1.145268e+00 -1.332077e+00
 -9.930077e-01 1.357689e+00 -1.245502e+00
 -1.299662e+00 1.485978e+00 -1.037221e+00
 -1.554967e+00 1.508276e+00 -7.375314e-01
 -1.703100e+00 1.443727e+00 -3.942634e-01
 -1.730354e+00 1.305412e+00 -4.212151e-02
 -1.636883e+00 1.096622e+00 2.608666e-01
 -1.450878e+00 8.547250e-01 4.580313e-01
 -1.229771e+00 5.811113e-01 5.284021e-01
 -1.107828e+00 3.958298e-01 4.959340e-01
 -9.845912e-01 8.301278e-02 3.687858e-01
 -9.245337e-01 -3.446927e-01 9.275109e-03
 -9.363780e-01 -1.261986e+00 -3.585820e-01
 -8.484576e-01 -1.601677e+00 -4.102575e-01
 -6.696643e-01 -1.909653e+00 -3.859402e-01
 -4.263470e-01 -2.146697e+00 -2.840324e-01
 -1.140857e-01 -2.293539e+00 -1.135327e-01
 1.803025e-01 -2.307023e+00 7.326284e-02
 4.423072e-01 -2.197971e+00 2.682014e-01
 6.411460e-01 -1.976059e+00 4.746695e-01
 7.255463e-01 -1.684681e+00 6.877008e-01
 6.883870e-01 -1.363074e+00 8.535580e-01
 5.738097e-01 -9.325203e-01 9.063916e-01
 6.159139e-01 -6.299279e-01 9.662390e-01
 7.663291e-01 -3.328720e-01 1.072573e+00
 1.228960e+00 1.205388e-01 1.302793e+00
 1.486264e+00 3.948213e-01 1.294521e+00
 1.706307e+00 6.698044e-01 1.154150e+00
 1.853826e+00 9.073350e-01 9.021774e-01
 1.890325e+00 1.095392e+00 5.853157e-01
 1.819962e+00 1.201333e+00 2.369330e-01
 1.655681e+00 1.199312e+00 -9.581336e-02
 1.428232e+00 1.061548e+00 -4.056582e-01
 1.231269e+00 8.277066e-01 -5.904484e-01
 1.083346e+00 5.064302e-01 -6.891163e-01
 1.123575e+00 -1.997566e-01 -9.174381e-01
 1.054136e+00 -4.325443e-01 -9.926914e-01
