 -1.128149e-01 1.316686e+00 -1.270811e+00
 -3.782336e-01 1.226984e+00 -1.440472e+00
 -6.296417e-01 1.046628e+00 -1.540889e+00
 -8.680535e-01 7.774512e-01 -1.562745e+00
 -1.025480e+00 5.276981e-01 -1.503346e+00
 -1.119312e+00 2.993441e-01 -1.392351e+00
 -1.203918e+00 -2.497298e-01 -1.038812e+00
 -1.201231e+00 -5.854904e-01 -9.552729e-01
 -1.194670e+00 -9.392888e-01 -9.911239e-01
 -1.079677e+00 -1.265092e+00 -1.144116e+00
 -8.661416e-01 -1.490857e+00 -1.302809e+00
 -5.283477e-01 -1.631931e+00 -1.410858e+00
 -1.719933e-01 -1.667810e+00 -1.426030e+00
 2.178242e-01 -1.581191e+00 -1.371009e+00
 5.182928e-01 -1.391515e+00 -1.277088e+00
 7.264573e-01 -1.118264e+00 -1.144342e+00
 8.134984e-01 -8.072857e-01 -9.946937e-01
 7.770419e-01 -4.195742e-01 -8.658617e-01
 8.034206e-01 -1.781380e-01 -8.291366e-01
 8.750382e-01 4.044075e-03 -8.198782e-01
 9.867004e-01 2.038483e-01 -8.748829e-01
 1.172442e+00 7.421815e-01 -1.119879e+00
 1.332497e+00 1.063109e+00 -1.146742e+00
 1.536538e+00 1.346449e+00 -1.060298e+00
 1.760014e+00 1.554926e+00 -8.738453e-01
 1.977167e+00 1.662983e+00 -6.131290e-01
 2.161917e+00 1.659342e+00 -3.091386e-01
 2.293103e+00 1.543398e+00 -2.233459e-04
 2.341978e+00 1.333983e+00 2.877016e-01
 2.295372e+00 1.046382e+00 5.221818e-01
 2.168176e+00 7.046708e-01 6.528052e-01
 1.977730e+00 3.721235e-01 6.501199e-01
 1.789160e+00 6.998755e-02 4.995236e-01
 1.618516e+00 -9.480755e-02 2.842699e-01
 1.554479e+00 -2.158044e-01 2.515541e-02
 1.662447e+00 -3.944224e-01 -3.356619e-01
 1.772331e+00 -4.327532e-01 -6.048291e-01
 1.791720e+00 -4.117096e-01 -1.021482e+00
 1.670946e+00 -3.537525e-01 -1.379674e+00
 1.430628e+00 -2.815843e-01 -1.651364e+00
 1.089956e+00 -1.851878e-01 -1.813833e+00
 7.235293e-01 -3.089137e-02 -1.836274e+00
 3.908877e-01 1.392979e-01 -1.710918e+00
 1.571309e-01 2.735660e-01 -1.481602e+00
 -1.684968e-01 3.347477e-01 -9.613357e-01
 -3.503442e-01 4.331631e-01 -7.531270e-01
 -4.802633e-01 5.825349e-01 -6.438319e-01
 -6.488197e-01 8.690885e-01 -5.178904e-01
 -7.860749e-01 1.070022e+00 -3.205848e-01
 -9.426495e-01 1.189883e+00 -5.648959e-02
 -1.091363e+00 1.208062e+00 2.631129e-01
 -1.196199e+00 1.108584e+00 5.670835e-01
 -1.278662e+00 9.299562e-01 7.890504e-01
 -1.392195e+00 7.588427e-01 8.928838e-01
 -1.553300e+00 6.237458e-01 1.018453e+00
 -1.690604e+00 4.820075e-01 1.286900e+00
 -1.693922e+00 2.943316e-01 1.639026e+00
 -1.542647e+00 8.559837e-02 1.948864e+00
 -1.265131e+00 -1.227608e-01 2.159534e+00
 -9.362646e-01 -3.009781e-01 2.226730e+00
 -5.803139e-01 -4.481534e-01 2.152715e+00
 -2.588194e-01 -5.214753e-01 1.956363e+00
 -1.350688e-02 -5.158769e-01 1.667912e+00
 1.349730e-01 -4.455492e-01 1.271343e+00
 2.801848e-01 -4.591257e-01 9.987221e-01
 3.904313e-01 -5.183598e-01 8.591670e-01
 5.767565e-01 -6.226908e-01 7.161181e-01
 8.512458e-01 -7.779063e-01 6.162426e-01
 1.333610e+00 -1.023502e+00 6.126621e-01
 1.663047e+00 -1.073826e+00 5.779671e-01
 1.989250e+00 -1.021916e+00 4.965355e-01
 2.273205e+00 -8.698332e-01 3.787555e-01
 2.505500e+00 -6.063035e-01 2.121668e-01
 2.606707e+00 -3.266180e-01 4.515579e-02
 2.589435e+00 -2.844086e-02 -1.185286e-01
 2.453339e+00 2.520554e-01 -2.632230e-01
 2.204725e+00 4.917318e-01 -3.522331e-01
 1.876035e+00 6.729143e-01 -3.462912e-01
 1.650050e+00 7.779423e-01 -2.237819e-01
 1.508295e+00 9.017200e-01 -1.160384e-01
 1.278426e+00 1.199644e+00 1.734114e-01
 1.008187e+00 1.342258e+00 3.849932e-01
 7.067523e-01 1.380958e+00 5.259311e-01
 3.911629e-01 1.307105e+00 6.289375e-01
 9.498960e-02 1.132062e+00 6.722578e-01
 -1.595906e-01 8.769915e-01 6.310430e-01
 -3.434725e-01 5.572821e-01 4.916017e-01
 -4.854255e-01 3.898283e-01 3.807111e-01
 -7.894049e-01 2.035960e-01 2.586852e-01
 -1.188068e+00 1.968834e-01 5.982246e-02
 -1.584599e+00 3.486376e-01 -2.314383e-02
 -1.910189e+00 6.043138e-01 2.635275e-02
 -2.131048e+00 9.025246e-01 2.019300e-01
 -2.222920e+00 1.180150e+00 4.706337e-01
 -2.192265e+00 1.388457e+00 7.819222e-01
 -2.062185e+00 1.505966e+00 1.097891e+00
 -1.853892e+00 1.531548e+00 1.378519e+00
 -1.596941e+00 1.465675e+00 1.599431e+00
 -1.315427e+00 1.322027e+00 1.736705e+00
 -1.047430e+00 1.109407e+00 1.780692e+00
 -8.319472e-01 8.459013e-01 1.734710e+00
 -7.001304e-01 5.624853e-01 1.607007e+00
 -6.718942e-01 2.971158e-01 1.435122e+00
 -7.431260e-01 9.626970e-02 1.303709e+00
 -8.630175e-01 -1.366997e-01 1.204262e+00
 -1.179257e+00 -7.285331e-01 1.219140e+00
 -1.271714e+00 -1.056181e+00 1.138321e+00
 -1.298723e+00 -1.395149e+00 9.452525e-01
 -1.250092e+00 -1.629227e+00 7.095453e-01
 -1.129183e+00 -1.775681e+00 4.291318e-01
 -9.394717e-01 -1.812649e+00 1.277816e-01
 -6.822658e-01 -1.715898e+00 -1.701010e-01
 -4.393211e-01 -1.514957e+00 -3.706517e-01
 -2.842711e-01 -1.241908e+00 -4.929059e-01
 -2.088806e-01 -9.183217e-01 -7.120600e-01
 -1.974966e-01 -7.350490e-01 -9.586359e-01
 -2.041775e-01 -6.821808e-01 -1.150445e+00
 -3.187887e-01 -6.364368e-01 -1.475210e+00
 -5.748315e-01 -6.161486e-01 -1.767800e+00
 -8.956663e-01 -6.489832e-01 -1.941767e+00
 -1.277262e+00 -6.624240e-01 -1.980851e+00
 -1.624051e+00 -6.688205e-01 -1.890905e+00
 -1.919708e+00 -6.859212e-01 -1.684640e+00
 -2.125071e+00 -7.107257e-01 -1.387144e+00
 -2.212757e+00 -7.391780e-01 -1.035693e+00
 -2.170620e+00 -7.667145e-01 -6.748242e-01
 -2.002949e+00 -7.888219e-01 -3.508915e-01
 -1.730697e+00 -8.016349e-01 -1.062812e-01
 -1.242151e+00 -8.028720e-01 8.373561e-02
 -8.608386e-01 -7.975151e-01 2.376637e-01
 -6.508839e-01 -8.350137e-01 3.585885e-01
 -4.887742e-01 -9.540634e-01 4.867207e-01
 -2.610994e-01 -1.295886e+00 7.577331e-01
 -1.121309e-02 -1.444403e+00 1.008126e+00
 3.149576e-01 -1.457529e+00 1.261767e+00
 6.486117e-01 -1.315669e+00 1.469620e+00
 8.797982e-01 -1.067223e+00 1.602254e+00
 1.060410e+00 -7.114951e-01 1.626302e+00
 1.160245e+00 -3.050217e-01 1.502920e+00
 1.120693e+00 5.061651e-02 1.295364e+00
 9.825110e-01 2.762536e-01 1.065306e+00
 8.703219e-01 3.680503e-01 8.132174e-01
 6.857144e-01 3.681228e-01 3.215106e-01
 5.649188e-01 4.759474e-01 2.628662e-02
 4.620161e-01 6.758264e-01 -1.634028e-01
 4.276418e-01 1.010908e+00 -4.431948e-01
 3.284583e-01 1.201363e+00 -7.290160e-01
 1.347357e-01 1.309143e+00 -1.029446e+00
