 1.399058e+00 -1.803077e+00 -2.196101e+00
 1.639658e+00 -1.459952e+00 -2.127405e+00
 1.780009e+00 -1.135543e+00 -1.923146e+00
 1.812445e+00 -8.788508e-01 -1.625437e+00
 1.744316e+00 -7.252077e-01 -1.283387e+00
 1.613259e+00 -6.980235e-01 -9.552834e-01
 1.484112e+00 -7.928501e-01 -6.736883e-01
 1.422296e+00 -9.723068e-01 -4.456991e-01
 1.456673e+00 -1.125831e+00 -2.189486e-01
 1.549559e+00 -1.193043e+00 1.198676e-01
 1.591684e+00 -1.133223e+00 4.574317e-01
 1.563381e+00 -9.470065e-01 7.994631e-01
 1.485857e+00 -6.860886e-01 1.037984e+00
 1.361240e+00 -3.829199e-01 1.167979e+00
 9.922360e-01 2.033856e-01 1.216843e+00
 6.354760e-01 4.555154e-01 1.337296e+00
 2.853608e-01 5.459379e-01 1.574875e+00
 -1.422424e-01 3.785049e-01 1.789981e+00
 -6.150882e-01 4.136719e-02 1.707027e+00
 -8.706680e-01 -2.963374e-01 1.419658e+00
 -9.824856e-01 -5.361029e-01 9.330655e-01
 -1.168719e+00 -6.644965e-01 7.247113e-01
 -1.457738e+00 -7.030393e-01 5.338360e-01
 -1.781325e+00 -5.959443e-01 3.560029e-01
 -2.056337e+00 -3.589323e-01 2.230126e-01
 -2.228392e+00 -2.764202e-02 1.396614e-01
 -2.265090e+00 3.195165e-01 8.994124e-02
 -2.164130e+00 6.827601e-01 5.085451e-02
 -1.951139e+00 9.824894e-01 5.819922e-02
 -1.660602e+00 1.189170e+00 1.115419e-01
 -1.202863e+00 1.314755e+00 2.095682e-01
 -9.566245e-01 1.480303e+00 2.057442e-01
 -5.811214e-01 2.006563e+00 2.649103e-01
 -7.934616e-02 2.240856e+00 2.130573e-01
 4.788833e-01 2.188658e+00 8.435107e-02
 8.750891e-01 1.897992e+00 -4.566909e-02
 1.065401e+00 1.442921e+00 -1.678474e-01
 1.002776e+00 9.202269e-01 -2.859217e-01
 7.243258e-01 5.278586e-01 -3.398856e-01
 1.515016e-01 1.490421e-01 -1.873902e-01
 -1.644048e-01 -1.156217e-01 -2.284355e-01
 -4.226834e-01 -3.443819e-01 -4.547942e-01
 -5.301849e-01 -5.781997e-01 -7.930356e-01
 -4.485270e-01 -8.072708e-01 -1.168841e+00
 -2.187991e-01 -9.845132e-01 -1.448374e+00
 1.398693e-01 -1.129884e+00 -1.617784e+00
 5.381220e-01 -1.225579e+00 -1.622550e+00
 8.394747e-01 -1.306104e+00 -1.486647e+00
 9.999230e-01 -1.417876e+00 -1.328748e+00
 1.142171e+00 -1.565339e+00 -1.228699e+00
 1.392041e+00 -1.703383e+00 -1.159149e+00
 1.766419e+00 -1.729431e+00 -1.042508e+00
 2.120100e+00 -1.594928e+00 -8.677482e-01
 2.369705e+00 -1.327947e+00 -6.493222e-01
 2.457110e+00 -9.933081e-01 -4.124016e-01
 2.383148e+00 -6.667071e-01 -2.016598e-01
 2.171860e+00 -3.926804e-01 -2.805128e-02
 1.856932e+00 -2.121299e-01 8.963965e-02
 1.483058e+00 -1.509200e-01 1.540291e-01
 1.158141e+00 -2.240976e-01 1.831577e-01
 8.333871e-01 -4.536330e-01 2.490684e-01
 5.723334e-01 -8.764439e-01 3.429443e-01
 4.159942e-01 -1.041442e+00 4.062969e-01
 2.420417e-01 -1.171373e+00 5.015762e-01
 7.366761e-02 -1.256247e+00 6.175789e-01
 -7.481024e-01 -1.476768e+00 1.253137e+00
 -1.097598e+00 -1.416067e+00 1.441899e+00
 -1.425383e+00 -1.236918e+00 1.541323e+00
 -1.693531e+00 -9.743880e-01 1.545954e+00
 -1.860357e+00 -6.705166e-01 1.483090e+00
 -1.918911e+00 -3.533502e-01 1.373803e+00
 -1.874671e+00 -6.142443e-02 1.224358e+00
 -1.742289e+00 1.680773e-01 1.040034e+00
 -1.571036e+00 2.942491e-01 8.519352e-01
 -1.392527e+00 3.319805e-01 6.216634e-01
 -1.254378e+00 2.813777e-01 3.488124e-01
 -1.242153e+00 2.265106e-01 -3.881749e-02
 -1.431158e+00 1.488830e-01 -5.749620e-01
 -1.482091e+00 1.995661e-01 -9.084806e-01
 -1.440103e+00 3.270613e-01 -1.236472e+00
 -1.303226e+00 5.212238e-01 -1.512497e+00
 -1.072969e+00 7.758859e-01 -1.702778e+00
 -7.841587e-01 1.050237e+00 -1.757640e+00
 -5.001402e-01 1.279746e+00 -1.664741e+00
 -2.308046e-01 1.447288e+00 -1.424657e+00
 -9.041606e-03 1.523947e+00 -1.045126e+00
 8.259430e-02 1.474709e+00 -6.253517e-01
 3.303087e-02 1.272497e+00 -1.619126e-01
 6.445225e-02 1.228095e+00 2.446125e-02
 1.232043e-01 1.214023e+00 1.987474e-01
 2.313262e-01 1.239677e+00 4.232199e-01
 7.434164e-01 1.463708e+00 1.225542e+00
 9.238802e-01 1.410274e+00 1.559726e+00
 1.052629e+00 1.226130e+00 1.867486e+00
 1.109804e+00 9.415312e-01 2.107620e+00
 1.087687e+00 6.004983e-01 2.251488e+00
 9.906949e-01 2.522667e-01 2.286603e+00
 8.336748e-01 -5.788116e-02 2.217092e+00
 6.406920e-01 -3.029112e-01 2.050815e+00
 4.489033e-01 -4.693054e-01 1.793206e+00
 3.043244e-01 -5.123604e-01 1.514989e+00
 1.678630e-01 -4.521238e-01 1.219247e+00
 4.960124e-02 -2.843650e-01 9.659861e-01
 -3.647161e-02 -1.034201e-01 8.160570e-01
 -2.498604e-01 2.424446e-01 7.496597e-01
 -3.671465e-01 4.784444e-01 7.750424e-01
 -4.529558e-01 6.467744e-01 8.477474e-01
 -8.738766e-01 1.225541e+00 1.192676e+00
 -1.118923e+00 1.537804e+00 1.217659e+00
 -1.360753e+00 1.838690e+00 1.084541e+00
 -1.563667e+00 2.074951e+00 8.019590e-01
 -1.665341e+00 2.216513e+00 4.162024e-01
 -1.637128e+00 2.239702e+00 -8.763359e-03
 -1.508501e+00 2.104472e+00 -4.033297e-01
 -1.326106e+00 1.808784e+00 -6.982329e-01
 -1.119158e+00 1.429007e+00 -8.160898e-01
 -8.916337e-01 1.064525e+00 -7.402765e-01
 -7.647333e-01 9.038362e-01 -7.337527e-01
 -6.730092e-01 7.963549e-01 -7.614921e-01
 -5.839670e-01 7.063584e-01 -8.088728e-01
 -4.686860e-01 6.053132e-01 -8.940029e-01
 -2.511776e-01 4.483021e-01 -1.090650e+00
 -2.774555e-02 2.532134e-01 -1.191836e+00
 2.061190e-01 8.720460e-03 -1.204254e+00
 3.754768e-01 -1.986640e-01 -1.128915e+00
 4.923124e-01 -4.237952e-01 -9.627313e-01
 5.069312e-01 -6.191986e-01 -8.019974e-01
 4.492199e-01 -8.608186e-01 -6.585970e-01
 3.049507e-01 -1.256186e+00 -5.891792e-01
 1.925852e-01 -1.701572e+00 -7.512805e-01
 2.339376e-01 -2.070435e+00 -1.097396e+00
 4.305379e-01 -2.261524e+00 -1.511432e+00
 7.331972e-01 -2.257389e+00 -1.873391e+00
 1.080839e+00 -2.089778e+00 -2.110470e+00
