 -1.019250e+00 -2.041928e+00 1.635346e+00
 -1.332290e+00 -1.902342e+00 1.316297e+00
 -1.458144e+00 -1.724638e+00 8.986792e-01
 -1.377630e+00 -1.591200e+00 4.743853e-01
 -1.164529e+00 -1.548344e+00 1.706572e-01
 -8.729982e-01 -1.673776e+00 -9.979669e-02
 -6.275977e-01 -2.183220e+00 -7.059847e-01
 -3.893814e-01 -2.302821e+00 -1.071723e+00
 -6.466404e-02 -2.259760e+00 -1.377398e+00
 2.611338e-01 -2.048428e+00 -1.586497e+00
 5.277607e-01 -1.700453e+00 -1.669451e+00
 6.866428e-01 -1.295046e+00 -1.589639e+00
 7.555387e-01 -9.130605e-01 -1.330495e+00
 7.447800e-01 -7.037676e-01 -9.864145e-01
 7.332709e-01 -6.793094e-01 -6.720532e-01
 8.217197e-01 -7.241604e-01 -3.890106e-01
 1.016734e+00 -6.842954e-01 -1.076461e-01
 1.240541e+00 -4.375227e-01 1.938306e-01
 1.315990e+00 -7.460280e-02 4.193886e-01
 1.212209e+00 3.287469e-01 5.662981e-01
 9.180498e-01 7.320744e-01 6.015538e-01
 2.764848e-01 1.132655e+00 4.694131e-01
 5.375063e-02 1.325512e+00 5.103988e-01
 -1.773563e-01 1.513271e+00 6.403115e-01
 -3.336213e-01 1.793606e+00 9.327242e-01
 -2.879784e-01 2.117425e+00 1.261330e+00
 -4.229094e-02 2.409240e+00 1.531633e+00
 3.496815e-01 2.630620e+00 1.664302e+00
 8.079133e-01 2.742851e+00 1.620875e+00
 1.238472e+00 2.711127e+00 1.409088e+00
 1.542331e+00 2.542006e+00 1.064760e+00
 1.638758e+00 2.292675e+00 6.512218e-01
 1.499668e+00 2.023376e+00 2.616697e-01
 1.160214e+00 1.816790e+00 -1.509336e-02
 7.557195e-01 1.770275e+00 -1.399031e-01
 4.460968e-01 1.892943e+00 -2.185707e-01
 1.995510e-01 2.036330e+00 -4.119874e-01
 -7.795669e-02 2.050290e+00 -8.134208e-01
 -2.965213e-01 1.837331e+00 -1.162398e+00
 -4.897091e-01 1.398964e+00 -1.395351e+00
 -5.400958e-01 8.759027e-01 -1.415662e+00
 -4.236826e-01 1.907222e-02 -1.035801e+00
 -5.431546e-01 -3.469709e-01 -8.161254e-01
 -7.271796e-01 -5.133702e-01 -6.958261e-01
 -9.571440e-01 -7.051914e-01 -6.523697e-01
 -1.473516e+00 -1.191120e+00 -7.816012e-01
 -1.678961e+00 -1.558265e+00 -7.432257e-01
 -1.770279e+00 -1.937141e+00 -5.759781e-01
 -1.723995e+00 -2.260115e+00 -3.208731e-01
 -1.532723e+00 -2.492939e+00 -3.585459e-02
 -1.227033e+00 -2.588729e+00 2.557462e-01
 -8.832860e-01 -2.507638e+00 5.119195e-01
 -5.922834e-01 -2.265697e+00 6.959982e-01
 -4.385756e-01 -1.967565e+00 7.812532e-01
 -4.324111e-01 -1.695272e+00 8.548562e-01
 -4.420843e-01 -1.473604e+00 9.934195e-01
 -2.733846e-01 -1.136916e+00 1.189485e+00
 -6.726053e-03 -7.047990e-01 1.156467e+00
 2.323857e-01 -2.931516e-01 8.256441e-01
 3.312635e-01 6.434355e-02 4.784354e-02
 4.986259e-01 2.195510e-01 -1.894660e-01
 8.420955e-01 3.136210e-01 -4.113610e-01
 1.220187e+00 2.198460e-01 -6.101338e-01
 1.532007e+00 -3.966227e-02 -7.389003e-01
 1.727560e+00 -4.337451e-01 -8.112844e-01
 1.748428e+00 -8.500303e-01 -8.268099e-01
 1.597209e+00 -1.253473e+00 -7.953354e-01
 1.316745e+00 -1.545992e+00 -7.445605e-01
 9.486061e-01 -1.699101e+00 -6.717884e-01
 5.754494e-01 -1.690047e+00 -6.346711e-01
 2.291913e-01 -1.559043e+00 -6.827470e-01
 -3.873969e-02 -1.350248e+00 -8.411131e-01
 -4.178350e-01 -1.209901e+00 -1.391053e+00
 -7.211414e-01 -9.476543e-01 -1.637789e+00
 -1.032975e+00 -6.113904e-01 -1.685135e+00
 -1.309775e+00 -2.634448e-01 -1.520118e+00
 -1.455947e+00 1.535278e-02 -1.202448e+00
 -1.421982e+00 2.360942e-01 -8.005778e-01
 -1.198032e+00 3.555070e-01 -4.020460e-01
 -7.767871e-01 3.148475e-01 -2.932163e-02
 -6.340775e-01 3.785295e-01 1.927722e-01
 -4.018550e-01 5.620920e-01 1.018675e+00
 -1.510403e-01 7.237092e-01 1.322660e+00
 1.431139e-01 1.005592e+00 1.489124e+00
 4.310519e-01 1.349353e+00 1.473153e+00
 6.421979e-01 1.658182e+00 1.284580e+00
 7.105439e-01 1.904632e+00 1.019783e+00
 6.467920e-01 2.083725e+00 8.365794e-01
 5.936813e-01 2.274494e+00 7.269567e-01
 6.368102e-01 2.545671e+00 5.469571e-01
 7.664401e-01 2.758951e+00 2.290525e-01
 9.048547e-01 2.811250e+00 -1.756541e-01
 1.003224e+00 2.683862e+00 -5.792561e-01
 1.026726e+00 2.402154e+00 -9.151017e-01
 9.519671e-01 2.021393e+00 -1.122753e+00
 8.108209e-01 1.616020e+00 -1.156758e+00
 5.930907e-01 1.280092e+00 -1.038008e+00
 2.916720e-01 1.060293e+00 -7.944765e-01
 4.129618e-02 1.026830e+00 -5.647817e-01
 -2.315356e-01 1.095102e+00 -4.372595e-01
 -5.998059e-01 1.292941e+00 -2.900504e-01
 -9.411824e-01 1.344257e+00 3.456027e-04
 -1.273476e+00 1.180399e+00 2.981030e-01
 -1.509615e+00 8.390438e-01 5.118772e-01
 -1.578100e+00 3.937628e-01 6.293263e-01
 -1.447122e+00 -7.097624e-02 6.553879e-01
 -1.161544e+00 -4.268422e-01 5.792134e-01
 -3.621788e-01 -8.572964e-01 1.813283e-01
 -1.137708e-01 -1.023603e+00 1.454597e-01
 1.581905e-01 -1.153664e+00 2.287211e-01
 4.335725e-01 -1.332002e+00 4.362183e-01
 5.870401e-01 -1.580341e+00 8.005594e-01
 5.285997e-01 -1.813584e+00 1.198482e+00
 2.726652e-01 -1.989863e+00 1.546816e+00
 -1.296158e-01 -2.090143e+00 1.762868e+00
 -5.905508e-01 -2.105372e+00 1.795113e+00
