 1.500411e+00 1.006524e+00 1.441904e+00
 1.303707e+00 9.649353e-01 1.775489e+00
 1.052820e+00 8.074418e-01 2.030272e+00
 7.793298e-01 5.597275e-01 2.166518e+00
 5.162702e-01 2.675130e-01 2.159048e+00
 2.978686e-01 -1.797342e-02 2.006724e+00
 1.489419e-01 -2.556271e-01 1.727809e+00
 1.030093e-01 -4.064962e-01 1.370734e+00
 1.271923e-01 -4.249742e-01 9.862352e-01
 1.692496e-01 -3.185071e-01 6.842989e-01
 2.183263e-01 -1.641416e-01 4.697242e-01
 3.247725e-01 1.973019e-01 1.742135e-01
 5.738331e-01 6.139755e-01 -8.719475e-02
 6.189555e-01 9.725706e-01 -2.419973e-01
 5.228605e-01 1.331373e+00 -3.571415e-01
 3.016826e-01 1.642590e+00 -4.141125e-01
 -3.198536e-02 1.875225e+00 -4.099001e-01
 -3.950466e-01 1.961268e+00 -3.557955e-01
 -7.666102e-01 1.899111e+00 -2.595050e-01
 -1.080947e+00 1.710536e+00 -9.877243e-02
 -1.244707e+00 1.480826e+00 9.734935e-02
 -1.280169e+00 1.322553e+00 3.164265e-01
 -1.327285e+00 1.246089e+00 5.196121e-01
 -1.380259e+00 1.181365e+00 9.545812e-01
 -1.370682e+00 1.000232e+00 1.289031e+00
 -1.322066e+00 7.137022e-01 1.535591e+00
 -1.242327e+00 3.646815e-01 1.658411e+00
 -1.124172e+00 3.984373e-03 1.645558e+00
 -9.805399e-01 -3.131147e-01 1.498329e+00
 -8.805008e-01 -5.596124e-01 1.237384e+00
 -8.402334e-01 -6.821968e-01 9.462297e-01
 -8.927787e-01 -7.444031e-01 6.512161e-01
 -1.152792e+00 -9.036291e-01 3.035971e-01
 -1.319499e+00 -9.019439e-01 -1.577290e-02
 -1.366062e+00 -8.488968e-01 -4.351095e-01
 -1.259266e+00 -7.805716e-01 -7.795576e-01
 -1.026003e+00 -6.227925e-01 -1.065453e+00
 -7.086913e-01 -3.754023e-01 -1.223504e+00
 -3.978381e-01 -1.391723e-01 -1.219185e+00
 -4.854273e-02 1.240919e-01 -1.037255e+00
 2.119354e-01 3.143903e-01 -1.013890e+00
 4.695372e-01 5.534317e-01 -1.138697e+00
 7.122951e-01 7.168632e-01 -1.388005e+00
 9.066323e-01 7.651198e-01 -1.714603e+00
 1.045602e+00 6.786310e-01 -2.065472e+00
 1.102003e+00 4.708259e-01 -2.389586e+00
 1.063072e+00 1.686938e-01 -2.642609e+00
 9.558551e-01 -1.920066e-01 -2.771243e+00
 8.023135e-01 -5.555064e-01 -2.752036e+00
 6.283955e-01 -8.702795e-01 -2.586778e+00
 4.565087e-01 -1.087746e+00 -2.299287e+00
 3.161381e-01 -1.171704e+00 -1.937742e+00
 2.544202e-01 -1.128838e+00 -1.552151e+00
 2.948846e-01 -9.708305e-01 -1.195057e+00
 4.288584e-01 -7.664843e-01 -9.595397e-01
 6.380690e-01 -5.847197e-01 -8.132488e-01
 8.400429e-01 -4.991439e-01 -7.243155e-01
 1.118739e+00 -4.621137e-01 -6.462212e-01
 1.611788e+00 -5.303334e-01 -5.390291e-01
 1.951560e+00 -5.537886e-01 -2.952021e-01
 2.174663e+00 -5.155839e-01 6.108452e-02
 2.240838e+00 -4.199625e-01 4.699410e-01
 2.137710e+00 -3.058333e-01 8.548217e-01
 1.864472e+00 -1.937235e-01 1.175522e+00
 1.490767e+00 -7.221098e-02 1.341128e+00
 1.139502e+00 4.861060e-02 1.333974e+00
 9.200906e-01 1.867631e-01 1.226180e+00
 7.843720e-01 3.328937e-01 1.163233e+00
 5.461803e-01 5.094274e-01 1.162640e+00
 2.616309e-01 5.894289e-01 1.162125e+00
 -9.781141e-02 5.759070e-01 1.103069e+00
 -3.940072e-01 4.707050e-01 9.940243e-01
 -8.761321e-01 3.111744e-01 6.824842e-01
 -1.210051e+00 2.184362e-01 6.452718e-01
 -1.464949e+00 1.019488e-01 6.828834e-01
 -1.723554e+00 -1.591373e-01 7.981329e-01
 -1.854995e+00 -4.678693e-01 9.398337e-01
 -1.857683e+00 -8.122616e-01 1.057052e+00
 -1.730820e+00 -1.145451e+00 1.132818e+00
 -1.503665e+00 -1.433642e+00 1.133257e+00
 -1.203977e+00 -1.633822e+00 1.067435e+00
 -8.601007e-01 -1.716740e+00 9.650378e-01
 -5.211219e-01 -1.673038e+00 8.373497e-01
 1.456943e-01 -1.309040e+00 4.817167e-01
 3.964952e-01 -1.217966e+00 2.562873e-01
 5.676151e-01 -1.236215e+00 4.696051e-03
 9.051759e-01 -1.438582e+00 -3.178357e-01
 1.099546e+00 -1.491209e+00 -6.578407e-01
 1.223828e+00 -1.412936e+00 -1.016643e+00
 1.281302e+00 -1.216632e+00 -1.320899e+00
 1.264986e+00 -9.251873e-01 -1.553358e+00
 1.127234e+00 -5.803360e-01 -1.712534e+00
 9.216032e-01 -3.432745e-01 -1.755056e+00
 6.572973e-01 -2.212317e-01 -1.784306e+00
 4.434115e-01 -1.478057e-01 -1.886524e+00
 2.376870e-01 4.862536e-02 -2.026343e+00
 4.234250e-02 3.156675e-01 -2.055462e+00
 -1.703033e-01 6.045828e-01 -1.941925e+00
 -3.669421e-01 8.540350e-01 -1.682671e+00
 -4.905759e-01 9.916757e-01 -1.359287e+00
 -5.396484e-01 1.022515e+00 -1.000772e+00
 -4.239215e-01 9.264866e-01 -2.822891e-01
 -3.680570e-01 9.868018e-01 2.265390e-02
 -3.005897e-01 1.094778e+00 1.984315e-01
 -2.690036e-01 1.314691e+00 4.298616e-01
 -3.571581e-01 1.602021e+00 6.374458e-01
 -5.553590e-01 1.876190e+00 7.677744e-01
 -8.379378e-01 2.092954e+00 8.212302e-01
 -1.182011e+00 2.217585e+00 8.069213e-01
 -1.534876e+00 2.220196e+00 7.434695e-01
 -1.856466e+00 2.110207e+00 6.279209e-01
 -2.102993e+00 1.909488e+00 4.664976e-01
 -2.246510e+00 1.644474e+00 2.825280e-01
 -2.272524e+00 1.348721e+00 9.518807e-02
 -2.180501e+00 1.056178e+00 -7.092927e-02
 -1.983428e+00 7.989074e-01 -1.947204e-01
 -1.243831e+00 2.727962e-01 -3.601019e-01
 -1.025025e+00 1.254784e-01 -3.433408e-01
 -7.390935e-01 -6.080417e-02 -2.473005e-01
 -5.365200e-01 -2.708217e-01 -2.109702e-01
 -3.997008e-01 -4.978980e-01 -2.544948e-01
 -3.420341e-01 -7.949520e-01 -3.200303e-01
 -3.733633e-01 -1.207934e+00 -4.186741e-01
 -3.115037e-01 -1.574356e+00 -4.035572e-01
 -1.463248e-01 -1.893546e+00 -3.128341e-01
 8.678725e-02 -2.129941e+00 -1.331455e-01
 3.523120e-01 -2.243573e+00 1.071713e-01
 6.356226e-01 -2.213354e+00 3.538785e-01
 9.181099e-01 -2.046216e+00 5.534479e-01
 1.160635e+00 -1.765475e+00 6.677891e-01
 1.309916e+00 -1.402864e+00 6.982507e-01
 1.337248e+00 -1.013324e+00 6.436483e-01
 1.218431e+00 -5.412479e-01 4.518767e-01
 1.217874e+00 -3.093226e-01 3.847951e-01
 1.276579e+00 -9.867617e-02 3.304057e-01
 1.384494e+00 1.459114e-01 3.203443e-01
 1.524837e+00 4.723523e-01 4.580688e-01
 1.618861e+00 7.425314e-01 7.261736e-01
 1.610041e+00 9.302295e-01 1.074757e+00
