 1.446147e+00 -1.099428e+00 1.996771e+00
 1.422810e+00 -1.095037e+00 1.810537e+00
 1.417712e+00 -1.107038e+00 1.587209e+00
 1.602342e+00 -1.231036e+00 9.284516e-01
 1.611052e+00 -1.247785e+00 6.327865e-01
 1.533060e+00 -1.208410e+00 2.952474e-01
 1.356718e+00 -1.081063e+00 -2.062162e-02
 1.081131e+00 -8.550331e-01 -2.509058e-01
 1.625652e-01 -1.179645e-02 -4.311515e-01
 -7.331349e-02 4.349145e-01 -3.782360e-01
 -1.935422e-02 1.015688e+00 -2.394368e-01
 2.899342e-01 1.428284e+00 2.377906e-01
 6.257328e-01 1.380578e+00 8.624981e-01
 8.009237e-01 8.803793e-01 1.379349e+00
 6.222896e-01 -3.562506e-01 1.655963e+00
 4.026242e-01 -9.811680e-01 1.811095e+00
 4.561994e-01 -1.435149e+00 1.853399e+00
 6.992454e-01 -1.820945e+00 1.852798e+00
 1.082285e+00 -2.061587e+00 1.841048e+00
 1.520486e+00 -2.114766e+00 1.817345e+00
 1.931803e+00 -1.983884e+00 1.787566e+00
 2.244288e+00 -1.703921e+00 1.765880e+00
 2.418912e+00 -1.321223e+00 1.733237e+00
 2.422659e+00 -9.046029e-01 1.695309e+00
 2.265143e+00 -5.275505e-01 1.690755e+00
 2.010289e+00 -2.739526e-01 1.737809e+00
 1.761006e+00 -1.422738e-01 1.865089e+00
 1.616335e+00 -5.110322e-02 2.013309e+00
 1.247077e+00 5.169085e-02 2.445852e+00
 7.002021e-01 1.036154e-01 2.616835e+00
 1.575710e-01 8.943950e-02 2.489064e+00
 -2.320237e-01 3.223946e-03 2.130127e+00
 -3.909808e-01 -1.431406e-01 1.651645e+00
 -2.668977e-01 -4.293582e-01 9.017047e-01
 -2.388496e-01 -4.817179e-01 5.914752e-01
 -2.564287e-01 -5.647270e-01 4.208773e-01
 -3.887683e-01 -7.689613e-01 1.366461e-01
 -8.222966e-01 -1.185492e+00 -2.683975e-01
 -1.103196e+00 -1.279735e+00 -6.542181e-01
 -1.307667e+00 -1.173421e+00 -1.071211e+00
 -1.420072e+00 -8.820669e-01 -1.420927e+00
 -1.378888e+00 -5.166243e-01 -1.626325e+00
 -1.157752e+00 -1.835948e-01 -1.742474e+00
 -8.460430e-01 -2.432738e-02 -1.928647e+00
 -6.616461e-01 1.042328e-01 -2.239984e+00
 -6.359778e-01 3.308979e-01 -2.628927e+00
 -7.916218e-01 6.269247e-01 -2.938100e+00
 -1.060517e+00 9.343220e-01 -3.086422e+00
 -1.361265e+00 1.186615e+00 -3.072701e+00
 -1.633333e+00 1.361432e+00 -2.946257e+00
 -1.847705e+00 1.467357e+00 -2.751325e+00
 -2.006004e+00 1.514909e+00 -2.520292e+00
 -2.110138e+00 1.511263e+00 -2.264663e+00
 -2.160310e+00 1.456688e+00 -1.989546e+00
 -2.143523e+00 1.344591e+00 -1.707334e+00
 -2.045574e+00 1.179172e+00 -1.444363e+00
 -1.855318e+00 9.828082e-01 -1.237347e+00
 -1.567158e+00 7.849351e-01 -1.115377e+00
 -1.301186e+00 6.586081e-01 -1.122904e+00
 -9.860270e-01 6.363910e-01 -1.162656e+00
 -5.984342e-01 6.929628e-01 -1.245103e+00
 -9.722662e-02 7.479240e-01 -1.352376e+00
 2.904055e-01 7.536302e-01 -1.282667e+00
 5.923961e-01 7.350549e-01 -1.103834e+00
 7.920584e-01 7.073936e-01 -8.757458e-01
 9.023630e-01 6.806026e-01 -6.445525e-01
 9.481114e-01 6.523091e-01 -4.343581e-01
 9.501599e-01 6.176439e-01 -2.443735e-01
 9.168436e-01 5.788266e-01 -6.476739e-02
 8.647767e-01 5.336909e-01 8.075742e-02
 7.599845e-01 4.771468e-01 2.534019e-01
 6.073992e-01 4.271409e-01 3.987241e-01
 4.386794e-01 3.880625e-01 5.085729e-01
 3.220046e-01 3.918655e-01 5.642450e-01
 2.100035e-01 4.280539e-01 6.163030e-01
 -6.820197e-01 8.317496e-01 1.021654e+00
 -1.270600e+00 8.615278e-01 9.996891e-01
 -1.782694e+00 7.131519e-01 6.924444e-01
 -2.008138e+00 4.674522e-01 2.074850e-01
 -1.897061e+00 1.435926e-01 -2.759738e-01
 -1.534146e+00 -1.680223e-01 -5.467446e-01
 -7.253683e-01 -3.054851e-01 -8.042291e-01
 -4.000303e-01 -6.335082e-01 -1.156045e+00
 -4.137294e-01 -9.657576e-01 -1.709917e+00
 -7.005965e-01 -1.014274e+00 -2.252274e+00
 -1.079250e+00 -7.937560e-01 -2.601514e+00
 -1.404077e+00 -4.387007e-01 -2.719280e+00
 -1.598202e+00 -5.724733e-02 -2.663799e+00
 -1.663686e+00 2.667681e-01 -2.509981e+00
 -1.620794e+00 5.206522e-01 -2.332968e+00
 -1.496354e+00 7.100045e-01 -2.175581e+00
 -1.353990e+00 8.498008e-01 -2.110334e+00
 -1.224347e+00 1.054968e+00 -2.060126e+00
 -1.144152e+00 1.321137e+00 -1.908783e+00
 -1.081297e+00 1.565365e+00 -1.592280e+00
 -1.038480e+00 1.664490e+00 -1.179771e+00
 -1.015305e+00 1.586588e+00 -7.566848e-01
 -1.013784e+00 1.337175e+00 -3.972475e-01
 -1.028765e+00 8.013817e-01 -8.161758e-02
 -9.518140e-01 3.601575e-01 1.288292e-01
 -9.942007e-01 1.531579e-01 2.775899e-01
 -1.227243e+00 -2.133609e-01 5.046939e-01
 -1.259502e+00 -6.548700e-01 6.978019e-01
 -1.077090e+00 -1.063872e+00 8.565417e-01
 -7.149974e-01 -1.358229e+00 9.276677e-01
 -2.538864e-01 -1.466757e+00 9.237960e-01
 1.966088e-01 -1.372884e+00 8.609949e-01
 5.398370e-01 -1.110218e+00 8.025102e-01
 8.096437e-01 -6.137030e-01 7.073160e-01
 9.425441e-01 -4.880202e-01 7.057502e-01
 1.209000e+00 -2.937481e-01 7.651367e-01
 1.779169e+00 4.617535e-01 1.023243e+00
 2.071606e+00 6.944114e-01 1.342471e+00
 2.303577e+00 7.276114e-01 1.747041e+00
 2.438303e+00 5.830349e-01 2.140485e+00
 2.469851e+00 3.149962e-01 2.453911e+00
 2.411548e+00 -1.802779e-02 2.652272e+00
 2.274740e+00 -3.607097e-01 2.728713e+00
 2.064573e+00 -6.719763e-01 2.690280e+00
 1.816080e+00 -9.087848e-01 2.537892e+00
 1.590287e+00 -1.052114e+00 2.289996e+00
