 3.799578e-02 7.749860e-01 -1.950638e+00
 4.188095e-02 3.632143e-01 -1.805140e+00
 -1.334065e-01 4.917484e-02 -1.568189e+00
 -6.424868e-01 -3.327582e-01 -1.326281e+00
 -8.523503e-01 -6.031361e-01 -1.047362e+00
 -8.450937e-01 -8.754530e-01 -7.521214e-01
 -7.411330e-01 -1.126364e+00 -6.063416e-01
 -6.820909e-01 -1.465934e+00 -5.529285e-01
 -8.033742e-01 -1.820930e+00 -4.515384e-01
 -1.055813e+00 -2.111038e+00 -1.828329e-01
 -1.305469e+00 -2.210271e+00 2.432490e-01
 -1.439836e+00 -2.080186e+00 7.437940e-01
 -1.409004e+00 -1.775631e+00 1.142137e+00
 -1.189336e+00 -1.404830e+00 1.383166e+00
 -8.714845e-01 -1.227705e+00 1.456538e+00
 -6.394404e-01 -1.176427e+00 1.568830e+00
 -4.125620e-01 -1.014480e+00 1.771746e+00
 -1.669608e-01 -6.469041e-01 1.876936e+00
 7.852243e-02 -2.695530e-01 1.776151e+00
 2.980146e-01 -8.293223e-02 1.545977e+00
 5.118919e-01 -3.474888e-02 1.401258e+00
 7.908049e-01 9.926458e-02 1.309800e+00
 1.000200e+00 3.935665e-01 1.136532e+00
 1.055481e+00 7.584339e-01 7.645312e-01
 8.340842e-01 1.061892e+00 9.607543e-02
 8.800563e-01 1.188340e+00 -1.395946e-01
 1.014637e+00 1.421906e+00 -3.760682e-01
 1.055385e+00 1.816693e+00 -5.259469e-01
 9.221294e-01 2.259029e+00 -5.726758e-01
 6.386431e-01 2.587553e+00 -5.442325e-01
 2.459232e-01 2.763991e+00 -4.927806e-01
 -1.707816e-01 2.760231e+00 -4.437064e-01
 -5.503456e-01 2.587851e+00 -3.720245e-01
 -8.235758e-01 2.284595e+00 -2.811555e-01
 -9.524997e-01 1.894494e+00 -1.917886e-01
 -8.960019e-01 1.299411e+00 -1.008617e-01
 -7.559873e-01 6.867436e-01 -5.068589e-02
 -6.370874e-01 3.640637e-01 -1.254539e-01
 -4.978175e-01 1.381239e-01 -2.502230e-01
 6.364224e-02 -4.032593e-01 -5.416165e-01
 1.887026e-01 -8.046764e-01 -8.824634e-01
 7.243074e-02 -1.087659e+00 -1.257412e+00
 -3.513816e-01 -1.380771e+00 -1.547322e+00
 -8.879677e-01 -1.522006e+00 -1.579346e+00
 -1.390052e+00 -1.560861e+00 -1.321351e+00
 -1.696523e+00 -1.478685e+00 -8.581925e-01
 -1.721373e+00 -1.316940e+00 -3.394444e-01
 -1.503407e+00 -1.199955e+00 7.847822e-02
 -1.164780e+00 -1.172678e+00 3.237691e-01
 -8.421376e-01 -1.268344e+00 4.251941e-01
 -5.400408e-01 -1.558501e+00 5.378263e-01
 -4.016276e-01 -1.935536e+00 8.615562e-01
 -4.517046e-01 -2.168187e+00 1.330792e+00
 -6.149759e-01 -2.185175e+00 1.766533e+00
 -7.957934e-01 -2.027956e+00 2.111947e+00
 -9.824471e-01 -1.761461e+00 2.334489e+00
 -1.149938e+00 -1.408189e+00 2.431453e+00
 -1.260735e+00 -9.919740e-01 2.380355e+00
 -1.274049e+00 -5.719032e-01 2.146919e+00
 -1.161300e+00 -2.714681e-01 1.733335e+00
 -8.815482e-01 -2.018840e-01 1.246744e+00
 -4.717790e-01 -4.208244e-01 8.760447e-01
 4.434039e-03 -7.673755e-01 8.323135e-01
 4.119762e-01 -1.020952e+00 1.086380e+00
 7.451780e-01 -1.036423e+00 1.495415e+00
 9.504324e-01 -8.233685e-01 1.903130e+00
 1.026119e+00 -4.388367e-01 2.201328e+00
 9.563110e-01 2.820427e-02 2.339492e+00
 7.594703e-01 4.878595e-01 2.275564e+00
 4.942532e-01 8.357814e-01 1.989050e+00
 2.177527e-01 9.585887e-01 1.538340e+00
 4.034148e-02 8.140454e-01 1.046294e+00
 2.948860e-02 5.253560e-01 7.012747e-01
 1.639349e-01 2.662774e-01 4.953670e-01
 4.158544e-01 2.376244e-02 3.645238e-01
 1.152190e+00 -5.213219e-01 1.834948e-01
 1.584356e+00 -6.333673e-01 -1.389256e-01
 1.868167e+00 -5.395950e-01 -5.531901e-01
 1.975639e+00 -2.824107e-01 -9.527411e-01
 1.927061e+00 9.293426e-02 -1.236238e+00
 1.707874e+00 4.773664e-01 -1.380204e+00
 1.318615e+00 7.709622e-01 -1.404564e+00
 8.623117e-01 9.102304e-01 -1.266094e+00
 3.842418e-01 8.342213e-01 -9.626247e-01
 -2.558191e-02 7.957615e-01 -8.628879e-01
 -3.853218e-01 8.630436e-01 -9.769712e-01
 -7.312221e-01 8.275462e-01 -1.243361e+00
 -9.440171e-01 7.074308e-01 -1.633381e+00
 -9.759603e-01 4.853281e-01 -2.015455e+00
 -8.551340e-01 1.767731e-01 -2.312419e+00
 -5.933663e-01 -1.216796e-01 -2.486176e+00
 -2.415674e-01 -3.627689e-01 -2.513963e+00
 1.323213e-01 -5.084706e-01 -2.396047e+00
 4.609722e-01 -5.435724e-01 -2.162666e+00
 6.998820e-01 -4.750339e-01 -1.855479e+00
 8.944813e-01 -2.223603e-01 -1.294305e+00
 9.937462e-01 -1.825430e-04 -7.521909e-01
 1.173439e+00 2.444018e-01 -5.242918e-01
 1.638431e+00 4.987212e-01 -2.620126e-01
 1.866680e+00 8.912284e-01 -4.544763e-02
 1.868655e+00 1.300554e+00 1.911200e-01
 1.662232e+00 1.649387e+00 3.972475e-01
 1.279944e+00 1.905575e+00 5.066298e-01
 8.059448e-01 2.026458e+00 4.671853e-01
 3.753362e-01 1.987901e+00 2.681930e-01
 1.154914e-01 1.851659e+00 -2.781253e-02
 3.695919e-02 1.739466e+00 -3.989979e-01
 -3.635247e-03 1.835827e+00 -1.018792e+00
 3.064924e-02 1.653689e+00 -1.506341e+00
 1.171319e-02 1.235993e+00 -1.863199e+00
