 -1.753127e+00 -9.551491e-01 5.895464e-01
 -1.749627e+00 -8.563269e-01 8.831655e-01
 -1.608704e+00 -7.326557e-01 1.212755e+00
 -1.361287e+00 -6.110047e-01 1.457538e+00
 -1.006181e+00 -5.202624e-01 1.617377e+00
 -6.388203e-01 -4.649685e-01 1.637732e+00
 -3.168451e-01 -4.161227e-01 1.531372e+00
 -1.268008e-01 -3.413950e-01 1.484314e+00
 7.278553e-02 -2.526544e-01 1.496013e+00
 2.016737e-01 -1.483560e-01 1.514109e+00
 3.363804e-01 2.779595e-02 1.521847e+00
 4.374394e-01 2.379690e-01 1.508645e+00
 4.896873e-01 4.189942e-01 1.459311e+00
 5.186112e-01 5.981648e-01 1.371608e+00
 5.340383e-01 7.916241e-01 1.221665e+00
 5.132853e-01 9.423950e-01 1.060277e+00
 4.596264e-01 1.060250e+00 8.875301e-01
 3.826223e-01 1.137938e+00 7.210891e-01
 2.509603e-01 1.197720e+00 4.453977e-01
 1.433871e-01 1.299994e+00 -9.991157e-04
 1.548703e-02 1.418058e+00 -2.141013e-01
 -2.107805e-01 1.751713e+00 -4.595530e-01
 -3.864904e-01 1.932507e+00 -8.222793e-01
 -5.261912e-01 1.938620e+00 -1.269371e+00
 -5.692578e-01 1.773480e+00 -1.653248e+00
 -5.552780e-01 1.450432e+00 -1.951698e+00
 -4.960631e-01 1.024619e+00 -2.097109e+00
 -3.845179e-01 5.975057e-01 -2.054705e+00
 -2.413256e-01 2.409711e-01 -1.837602e+00
 -9.277313e-02 2.034944e-02 -1.489083e+00
 1.251986e-01 -4.433139e-02 -8.776937e-01
 2.134803e-01 -1.695290e-01 -6.080150e-01
 4.067193e-01 -3.611059e-01 -3.998155e-01
 9.067694e-01 -6.593175e-01 -2.533949e-01
 1.124155e+00 -9.151500e-01 -9.015557e-02
 1.213799e+00 -1.235784e+00 1.190961e-01
 1.152500e+00 -1.585574e+00 3.121420e-01
 9.553479e-01 -1.895795e+00 4.453125e-01
 6.447797e-01 -2.119516e+00 5.259406e-01
 3.020760e-01 -2.209018e+00 5.523037e-01
 -8.650425e-02 -2.197161e+00 4.900204e-01
 -3.508359e-01 -2.104467e+00 3.705469e-01
 -5.786298e-01 -1.994633e+00 1.293034e-01
 -9.249290e-01 -1.974087e+00 -5.055419e-01
 -1.059129e+00 -1.857341e+00 -7.891730e-01
 -1.183334e+00 -1.642184e+00 -1.020324e+00
 -1.278642e+00 -1.359050e+00 -1.167912e+00
 -1.316897e+00 -1.041152e+00 -1.227630e+00
 -1.292815e+00 -7.173251e-01 -1.198181e+00
 -1.204892e+00 -4.153196e-01 -1.082320e+00
 -1.059306e+00 -1.703520e-01 -8.956200e-01
 -8.088248e-01 6.145035e-02 -5.215782e-01
 -6.661622e-01 2.829412e-01 -3.021644e-01
 -6.461297e-01 4.200291e-01 -2.003016e-01
 -6.996147e-01 6.929631e-01 -6.487767e-02
 -8.352301e-01 9.980910e-01 1.527356e-01
 -8.320972e-01 1.300567e+00 3.417082e-01
 -7.088389e-01 1.634807e+00 4.777698e-01
 -5.004823e-01 1.916291e+00 5.340753e-01
 -2.258689e-01 2.124704e+00 5.125904e-01
 8.956571e-02 2.240796e+00 4.159588e-01
 4.048062e-01 2.259575e+00 2.371407e-01
 6.654562e-01 2.183866e+00 -1.294010e-02
 8.196993e-01 2.033188e+00 -2.702043e-01
 9.701925e-01 1.689463e+00 -5.621550e-01
 1.236522e+00 1.494592e+00 -7.563547e-01
 1.560155e+00 1.294112e+00 -7.964978e-01
 1.872469e+00 1.001326e+00 -6.505136e-01
 2.010768e+00 7.118924e-01 -4.310703e-01
 1.982864e+00 3.768263e-01 -1.642489e-01
 1.802230e+00 1.190189e-01 1.064975e-01
 1.506620e+00 -1.921993e-02 3.573913e-01
 1.090394e+00 -5.477931e-02 5.282567e-01
 4.318689e-02 1.521784e-01 5.104521e-01
 -3.480881e-01 4.219452e-01 8.479246e-01
 -4.851446e-01 5.766132e-01 1.198485e+00
 -5.174515e-01 5.918078e-01 1.644589e+00
 -4.207663e-01 4.639147e-01 2.056371e+00
 -2.676685e-01 2.073799e-01 2.348282e+00
 -1.060603e-01 -1.557594e-01 2.499101e+00
 4.684003e-02 -5.398460e-01 2.479566e+00
 1.808837e-01 -8.856145e-01 2.297866e+00
 2.750034e-01 -1.136526e+00 1.987264e+00
 3.150263e-01 -1.254759e+00 1.598898e+00
 2.121835e-01 -1.189406e+00 4.601696e-01
 1.835145e-01 -1.266401e+00 1.639185e-01
 2.128182e-01 -1.368863e+00 -3.366948e-02
 2.625989e-01 -1.496972e+00 -1.878076e-01
 2.805249e-01 -1.780797e+00 -3.889918e-01
 2.324902e-01 -2.143394e+00 -4.869685e-01
 9.372568e-02 -2.507755e+00 -4.687442e-01
 -1.416797e-01 -2.798810e+00 -3.604223e-01
 -4.325977e-01 -2.976432e+00 -1.724153e-01
 -7.269780e-01 -3.019483e+00 8.021881e-02
 -9.812135e-01 -2.921041e+00 3.594996e-01
 -1.158485e+00 -2.695169e+00 6.242722e-01
 -1.232923e+00 -2.374450e+00 8.352789e-01
 -1.193478e+00 -2.005500e+00 9.608549e-01
 -1.049854e+00 -1.652613e+00 9.810053e-01
 -7.851887e-01 -1.219710e+00 8.244337e-01
 -7.095982e-01 -7.997921e-01 6.766436e-01
 -7.712575e-01 -5.543236e-01 6.190823e-01
 -1.018999e+00 -2.428862e-01 5.151457e-01
 -1.390446e+00 7.176705e-03 3.685387e-01
 -1.629990e+00 2.677859e-01 8.168448e-02
 -1.690160e+00 5.225672e-01 -2.713041e-01
 -1.565191e+00 7.484697e-01 -6.066811e-01
 -1.292082e+00 9.011499e-01 -8.705904e-01
 -9.102697e-01 9.532746e-01 -1.044782e+00
 -3.666746e-01 9.310957e-01 -1.072647e+00
 -1.362180e-01 9.823583e-01 -1.135215e+00
 8.228978e-02 1.101926e+00 -1.221906e+00
 2.650035e-01 1.280095e+00 -1.312454e+00
 5.681819e-01 1.789762e+00 -1.495898e+00
 7.571329e-01 2.030079e+00 -1.503670e+00
 9.774042e-01 2.233648e+00 -1.431842e+00
 1.210343e+00 2.380017e+00 -1.285530e+00
 1.435419e+00 2.452779e+00 -1.076490e+00
 1.631276e+00 2.441028e+00 -8.231386e-01
 1.777516e+00 2.341325e+00 -5.500478e-01
 1.853354e+00 2.163093e+00 -2.849484e-01
 1.835008e+00 1.938774e+00 -4.507328e-02
 1.727927e+00 1.694641e+00 1.357107e-01
 1.546462e+00 1.416766e+00 2.372587e-01
 1.349869e+00 1.157523e+00 2.233507e-01
 1.157647e+00 9.229174e-01 9.989892e-02
 1.019613e+00 7.622969e-01 -9.159462e-02
 9.813052e-01 5.410456e-01 -3.721523e-01
 1.105965e+00 2.935054e-01 -7.834218e-01
 1.127799e+00 4.030304e-02 -1.034714e+00
 1.069730e+00 -2.127307e-01 -1.201018e+00
 9.428447e-01 -4.711983e-01 -1.295895e+00
 7.684147e-01 -7.036212e-01 -1.312516e+00
 5.370531e-01 -8.954310e-01 -1.266531e+00
 2.371953e-01 -1.019828e+00 -1.176336e+00
 -4.785044e-02 -1.046880e+00 -1.050006e+00
 -3.333603e-01 -9.994034e-01 -8.369125e-01
 -6.505741e-01 -9.901350e-01 -4.405542e-01
 -8.282537e-01 -9.774647e-01 -3.219928e-01
 -1.161045e+00 -9.990207e-01 -2.150218e-01
 -1.441341e+00 -1.036158e+00 2.320800e-04
 -1.641979e+00 -1.027584e+00 2.822549e-01
