 7.809056e-01 1.960972e+00 1.343891e-02
 6.335992e-01 2.068631e+00 3.065299e-01
 4.677993e-01 2.058152e+00 6.068623e-01
 2.959327e-01 1.930605e+00 8.802528e-01
 1.313784e-01 1.703971e+00 1.086640e+00
 5.411190e-03 1.399352e+00 1.210105e+00
 -6.285799e-02 1.054670e+00 1.237713e+00
 -6.330856e-02 4.278846e-01 1.112324e+00
 -6.398681e-02 1.254224e-01 1.094302e+00
 -3.854067e-02 -9.998030e-02 1.166447e+00
 -3.324587e-02 -8.502133e-01 1.700844e+00
 -9.496118e-02 -1.158300e+00 1.811906e+00
 -2.276006e-01 -1.464982e+00 1.838219e+00
 -4.269013e-01 -1.751309e+00 1.772186e+00
 -6.561234e-01 -1.945863e+00 1.645803e+00
 -9.034665e-01 -2.050311e+00 1.467283e+00
 -1.132241e+00 -2.056871e+00 1.245909e+00
 -1.318578e+00 -1.968990e+00 9.883034e-01
 -1.435168e+00 -1.791506e+00 6.989019e-01
 -1.461060e+00 -1.552246e+00 4.549810e-01
 -1.401499e+00 -1.268925e+00 2.735642e-01
 -1.256366e+00 -9.041382e-01 1.677614e-01
 -1.221746e+00 -6.043499e-01 9.618229e-02
 -1.262638e+00 -3.544413e-01 3.436930e-02
 -1.440988e+00 -9.231530e-02 -4.869114e-02
 -1.597864e+00 7.757368e-02 -2.105479e-01
 -1.736501e+00 2.039498e-01 -4.854284e-01
 -1.791010e+00 2.726440e-01 -7.943345e-01
 -1.741920e+00 3.072092e-01 -1.112660e+00
 -1.601612e+00 3.071482e-01 -1.396523e+00
 -1.375760e+00 2.877770e-01 -1.626599e+00
 -1.090850e+00 2.551175e-01 -1.772943e+00
 -7.722269e-01 1.943506e-01 -1.824338e+00
 -4.585789e-01 1.051938e-01 -1.775049e+00
 -1.827080e-01 -1.130721e-03 -1.629534e+00
 8.859437e-02 -1.467386e-01 -1.336683e+00
 2.224175e-01 -2.171472e-01 -1.240254e+00
 4.567980e-01 -2.985006e-01 -1.126083e+00
 7.015657e-01 -4.298308e-01 -1.109895e+00
 1.006698e+00 -5.375039e-01 -1.190680e+00
 1.325749e+00 -5.512303e-01 -1.361601e+00
 1.590979e+00 -4.548706e-01 -1.590996e+00
 1.777715e+00 -2.543796e-01 -1.837153e+00
 1.864897e+00 2.385580e-02 -2.048843e+00
 1.848526e+00 3.469646e-01 -2.203786e+00
 1.733472e+00 6.651359e-01 -2.285412e+00
 1.549327e+00 9.486334e-01 -2.276993e+00
 1.321632e+00 1.179237e+00 -2.172739e+00
 1.058502e+00 1.328793e+00 -1.991769e+00
 8.089699e-01 1.371195e+00 -1.768937e+00
 5.927531e-01 1.310944e+00 -1.520662e+00
 4.310957e-01 1.156240e+00 -1.276141e+00
 2.936404e-01 7.895023e-01 -9.175353e-01
 2.552077e-01 5.413641e-01 -5.835530e-01
 1.120609e-01 3.128673e-01 -3.301722e-01
 -8.309498e-02 2.243087e-01 -6.275708e-02
 -5.100569e-01 3.216850e-01 2.013858e-01
 -1.123372e+00 7.749723e-01 6.314272e-01
 -1.310621e+00 8.565248e-01 8.038165e-01
 -1.498484e+00 8.709494e-01 1.007718e+00
 -1.672001e+00 8.086835e-01 1.230500e+00
 -1.813263e+00 6.659058e-01 1.453559e+00
 -1.912085e+00 4.223900e-01 1.683914e+00
 -1.928319e+00 1.579779e-01 1.845361e+00
 -1.875364e+00 -1.305357e-01 1.939320e+00
 -1.754255e+00 -4.179032e-01 1.957200e+00
 -1.575607e+00 -6.845131e-01 1.887790e+00
 -1.359774e+00 -9.121350e-01 1.717243e+00
 -1.150313e+00 -1.037702e+00 1.494293e+00
 -8.511747e-01 -1.071480e+00 1.124125e+00
 -6.899761e-01 -1.155752e+00 9.878170e-01
 -5.600903e-01 -1.296462e+00 8.702603e-01
 -4.064193e-01 -1.558684e+00 7.054808e-01
 -1.910530e-01 -1.731392e+00 5.248455e-01
 6.833822e-02 -1.808115e+00 3.372982e-01
 3.426204e-01 -1.780426e+00 1.572276e-01
 6.190186e-01 -1.641824e+00 -6.924892e-03
 8.297289e-01 -1.417900e+00 -1.255506e-01
 9.548259e-01 -1.122162e+00 -2.043598e-01
 1.010516e+00 -7.888187e-01 -2.061033e-01
 9.846890e-01 -4.392213e-01 -1.233844e-01
 9.087185e-01 -1.981583e-01 2.934794e-02
 8.575806e-01 -4.365056e-02 2.496524e-01
 8.628846e-01 7.612982e-02 5.137334e-01
 9.520867e-01 1.857338e-01 1.132380e+00
 8.744246e-01 2.249254e-01 1.492676e+00
 6.745456e-01 2.581087e-01 1.802612e+00
 3.825385e-01 2.964129e-01 2.018710e+00
 4.221938e-02 3.107247e-01 2.116943e+00
 -3.077286e-01 2.882772e-01 2.091134e+00
 -6.277629e-01 2.308280e-01 1.946057e+00
 -8.907595e-01 1.284057e-01 1.688690e+00
 -1.106306e+00 -4.480186e-02 1.239463e+00
 -1.312585e+00 -1.284012e-01 1.058146e+00
 -1.757745e+00 -2.978041e-01 9.219751e-01
 -2.009153e+00 -4.512931e-01 7.327000e-01
 -2.185726e+00 -5.816808e-01 4.504873e-01
 -2.253270e+00 -6.790745e-01 1.239844e-01
 -2.195923e+00 -7.572640e-01 -2.057072e-01
 -2.036125e+00 -8.020704e-01 -4.904491e-01
 -1.759433e+00 -7.847123e-01 -7.544363e-01
 -1.433590e+00 -6.761407e-01 -9.175422e-01
 -1.127519e+00 -4.936209e-01 -9.649895e-01
 -9.059940e-01 -2.657005e-01 -9.134348e-01
 -7.841646e-01 2.900116e-02 -8.131158e-01
 -7.713862e-01 4.585071e-01 -8.068492e-01
 -7.357188e-01 7.859719e-01 -6.914104e-01
 -6.305285e-01 1.049376e+00 -5.043695e-01
 -4.535314e-01 1.214586e+00 -2.991974e-01
 -2.151331e-01 1.275154e+00 -6.155205e-02
 3.521110e-02 1.226987e+00 1.476867e-01
 4.408958e-01 1.045179e+00 3.541131e-01
 6.515412e-01 1.062133e+00 4.936314e-01
 8.553844e-01 1.113028e+00 5.834594e-01
 1.136696e+00 1.211841e+00 6.107826e-01
 1.429792e+00 1.329224e+00 5.352211e-01
 1.705323e+00 1.427681e+00 3.504748e-01
 1.890569e+00 1.477848e+00 1.182243e-01
 2.023301e+00 1.462281e+00 -1.693803e-01
 2.081810e+00 1.376646e+00 -4.647920e-01
 2.052066e+00 1.236411e+00 -7.568841e-01
 1.930067e+00 1.056516e+00 -1.016936e+00
 1.741492e+00 8.672980e-01 -1.195036e+00
 1.248337e+00 5.128809e-01 -1.387892e+00
 1.057877e+00 4.101622e-01 -1.554953e+00
 9.298418e-01 3.302033e-01 -1.756735e+00
 8.364358e-01 1.172243e-01 -1.987948e+00
 7.217790e-01 -2.340846e-01 -2.132901e+00
 5.765314e-01 -5.913994e-01 -2.121059e+00
 4.106374e-01 -9.029147e-01 -1.970027e+00
 2.515838e-01 -1.123946e+00 -1.711191e+00
 1.116049e-01 -1.231072e+00 -1.374422e+00
 1.713871e-02 -1.209685e+00 -1.003476e+00
 -4.519797e-02 -8.941708e-01 -2.264620e-01
 2.038196e-02 -8.130476e-01 7.812364e-02
 1.654351e-01 -7.887291e-01 3.703056e-01
 3.031942e-01 -8.402165e-01 5.356783e-01
 5.263284e-01 -8.945386e-01 6.964463e-01
 8.414312e-01 -9.035418e-01 7.984353e-01
 1.171889e+00 -8.577856e-01 8.013589e-01
 1.456967e+00 -7.308387e-01 7.318278e-01
 1.701321e+00 -5.033022e-01 6.056413e-01
 1.845821e+00 -2.285332e-01 4.405800e-01
 1.876544e+00 5.215546e-02 2.501154e-01
 1.795131e+00 3.136039e-01 4.711994e-02
 1.621458e+00 5.136338e-01 -1.341678e-01
 1.318283e+00 7.160428e-01 -2.711890e-01
 1.176672e+00 8.943935e-01 -3.523680e-01
 1.087394e+00 1.165492e+00 -4.219675e-01
 9.973875e-01 1.457565e+00 -3.893401e-01
 8.989959e-01 1.745949e+00 -2.315315e-01
