 3.193160e-01 -1.362805e+00 -3.733066e-01
 1.997015e-01 -1.421658e+00 -7.812802e-01
 8.125645e-02 -1.255136e+00 -1.227477e+00
 -1.780263e-02 -9.022623e-01 -1.540966e+00
 -1.255606e-01 -4.494574e-01 -1.643791e+00
 -2.247160e-01 1.828166e-02 -1.518525e+00
 -2.786815e-01 3.694611e-01 -1.208413e+00
 -2.530634e-01 6.046331e-01 -6.689200e-01
 -2.632616e-01 8.412130e-01 -4.271662e-01
 -1.685262e-01 1.177449e+00 -2.458261e-01
 -4.912175e-02 1.600734e+00 -2.354583e-01
 3.035847e-03 2.008545e+00 -4.117640e-01
 -2.659544e-02 2.315484e+00 -7.356810e-01
 -1.390109e-01 2.465571e+00 -1.147768e+00
 -3.394899e-01 2.439321e+00 -1.548150e+00
 -5.898388e-01 2.245916e+00 -1.859808e+00
 -8.430201e-01 1.923134e+00 -2.027141e+00
 -1.051818e+00 1.533095e+00 -2.020057e+00
 -1.201395e+00 1.159407e+00 -1.834362e+00
 -1.272778e+00 8.783787e-01 -1.494998e+00
 -1.250596e+00 7.559840e-01 -1.100786e+00
 -1.229246e+00 7.972579e-01 -8.010335e-01
 -1.255836e+00 8.859472e-01 -5.578770e-01
 -1.308158e+00 1.223959e+00 -1.299662e-01
 -1.302336e+00 1.339237e+00 2.386017e-01
 -1.261655e+00 1.312130e+00 6.341186e-01
 -1.219054e+00 1.155634e+00 9.693800e-01
 -1.178942e+00 9.009838e-01 1.213400e+00
 -1.104468e+00 5.832126e-01 1.344371e+00
 -1.001913e+00 2.067913e-01 1.346966e+00
 -9.065578e-01 -1.288171e-01 1.218853e+00
 -8.223769e-01 -3.838583e-01 9.942475e-01
 -6.888362e-01 -7.549315e-01 3.197489e-01
 -7.338199e-01 -1.175983e+00 1.099930e-01
 -6.625416e-01 -1.535815e+00 7.067151e-02
 -4.620228e-01 -1.869399e+00 1.225226e-01
 -1.655393e-01 -2.089048e+00 2.012456e-01
 2.013553e-01 -2.179232e+00 2.676893e-01
 5.866382e-01 -2.125961e+00 2.979236e-01
 9.349525e-01 -1.930226e+00 2.836587e-01
 1.187193e+00 -1.608656e+00 2.556007e-01
 1.294923e+00 -1.215334e+00 2.197373e-01
 1.230317e+00 -6.786047e-01 1.162208e-01
 1.293639e+00 -3.557313e-01 9.658010e-03
 1.467551e+00 -8.658251e-02 -1.503362e-01
 1.777011e+00 1.195417e-01 -2.712844e-01
 2.161185e+00 2.306181e-01 -2.838740e-01
 2.550576e+00 2.292282e-01 -1.829137e-01
 2.881442e+00 1.339788e-01 3.446966e-02
 3.093537e+00 -2.722068e-02 3.359266e-01
 3.156621e+00 -2.255632e-01 6.793254e-01
 3.060664e+00 -4.328784e-01 1.010781e+00
 2.820710e+00 -6.173834e-01 1.276868e+00
 2.468958e+00 -7.394780e-01 1.446530e+00
 2.063811e+00 -7.654975e-01 1.493993e+00
 1.670285e+00 -6.877191e-01 1.413819e+00
 1.363106e+00 -5.103754e-01 1.231104e+00
 1.194146e+00 -2.514243e-01 1.027532e+00
 1.142729e+00 3.638982e-02 9.211705e-01
 1.081602e+00 2.440264e-01 9.170459e-01
 9.507234e-01 4.600583e-01 9.449884e-01
 7.695170e-01 6.264888e-01 9.593772e-01
 5.477697e-01 7.393320e-01 9.459759e-01
 3.033501e-01 7.974644e-01 9.044838e-01
 2.570028e-02 8.026896e-01 8.109598e-01
 -1.999943e-01 7.498181e-01 7.056029e-01
 -6.846943e-01 4.818285e-01 4.130448e-01
 -9.510190e-01 3.835892e-01 3.344721e-01
 -1.173316e+00 3.253746e-01 3.452539e-01
 -1.612373e+00 3.322588e-01 4.617620e-01
 -1.965667e+00 2.448850e-01 4.633575e-01
 -2.297954e+00 7.119842e-02 3.611154e-01
 -2.522961e+00 -1.471270e-01 1.924291e-01
 -2.628889e+00 -3.742592e-01 -2.411957e-02
 -2.623884e+00 -6.009120e-01 -2.638181e-01
 -2.500768e+00 -8.243008e-01 -5.179928e-01
 -2.312196e+00 -9.699523e-01 -7.185512e-01
 -2.062882e+00 -1.059350e+00 -8.733331e-01
 -1.778625e+00 -1.086581e+00 -9.706710e-01
 -1.485375e+00 -1.051792e+00 -1.005206e+00
 -1.210390e+00 -9.607595e-01 -9.770919e-01
 -3.958704e-01 -5.351956e-01 -6.508842e-01
 -1.400443e-01 -4.625039e-01 -6.022130e-01
 7.421904e-02 -4.043623e-01 -6.278477e-01
 2.980444e-01 -3.922814e-01 -7.041692e-01
 4.961733e-01 -4.293215e-01 -7.614061e-01
 1.099468e+00 -7.019399e-01 -9.305769e-01
 1.466334e+00 -8.240140e-01 -8.873418e-01
 1.804745e+00 -8.853482e-01 -7.152685e-01
 2.075683e+00 -8.630906e-01 -4.460251e-01
 2.225603e+00 -7.952336e-01 -1.276019e-01
 2.252403e+00 -6.668523e-01 2.246666e-01
 2.184880e+00 -4.825936e-01 4.768661e-01
 2.131196e+00 -2.764846e-01 6.002087e-01
 2.144480e+00 -7.385430e-02 7.206796e-01
 2.160050e+00 1.275340e-01 9.829689e-01
 2.050151e+00 2.689981e-01 1.331673e+00
 1.801640e+00 3.263393e-01 1.651237e+00
 1.441530e+00 3.010302e-01 1.872742e+00
 1.022918e+00 1.914566e-01 1.942284e+00
 6.242741e-01 5.435283e-02 1.828165e+00
 3.178205e-01 -8.506854e-02 1.544608e+00
 1.589102e-01 -1.902682e-01 1.136389e+00
 1.783212e-01 -2.069066e-01 7.198362e-01
 2.864178e-01 -8.368148e-02 3.555197e-01
 7.277531e-01 6.173879e-01 -3.081328e-01
 7.508903e-01 8.569363e-01 -6.304394e-01
 6.082874e-01 1.105063e+00 -9.313468e-01
 3.126870e-01 1.315930e+00 -1.159056e+00
 -4.615069e-02 1.425867e+00 -1.264217e+00
 -3.987009e-01 1.465651e+00 -1.215988e+00
 -6.105634e-01 1.550291e+00 -1.092418e+00
 -8.520302e-01 1.717389e+00 -1.009341e+00
 -1.269963e+00 1.813396e+00 -1.033450e+00
 -1.707311e+00 1.697089e+00 -1.032036e+00
 -2.095839e+00 1.353741e+00 -9.535218e-01
 -2.262341e+00 8.811026e-01 -8.387886e-01
 -2.174797e+00 3.919128e-01 -7.038841e-01
 -1.815042e+00 -3.648965e-02 -5.380290e-01
 -1.647896e+00 -2.806375e-01 -3.587815e-01
 -1.603325e+00 -4.982282e-01 -1.497980e-01
 -1.723727e+00 -8.452876e-01 2.779365e-01
 -1.646224e+00 -1.091258e+00 6.080499e-01
 -1.414697e+00 -1.319735e+00 8.703200e-01
 -1.074822e+00 -1.463336e+00 1.035218e+00
 -6.740945e-01 -1.486819e+00 1.100171e+00
 -2.474450e-01 -1.402753e+00 1.016935e+00
 9.034612e-02 -1.273996e+00 7.713567e-01
 2.568818e-01 -1.164623e+00 4.430553e-01
 2.850195e-01 -1.147758e+00 7.539314e-02
