 -2.046188e-01 -1.944215e+00 -9.643205e-01
 -1.012977e-01 -1.681297e+00 -7.128390e-01
 6.581850e-02 -1.483638e+00 -5.903866e-01
 1.973242e-01 -1.332876e+00 -5.649482e-01
 2.671064e-01 -1.217807e+00 -5.559751e-01
 7.524958e-01 -3.064342e-01 -6.296255e-01
 8.627654e-01 5.928245e-02 -6.591317e-01
 8.306908e-01 4.412579e-01 -6.698776e-01
 6.760534e-01 7.573653e-01 -6.505435e-01
 4.526321e-01 9.775233e-01 -6.593001e-01
 2.448397e-01 1.087288e+00 -7.212257e-01
 -2.791324e-02 1.251687e+00 -8.963252e-01
 -1.820923e-01 1.634492e+00 -1.154368e+00
 -1.731928e-01 2.168246e+00 -1.238165e+00
 -1.881428e-02 2.625644e+00 -1.116409e+00
 1.954307e-01 2.933176e+00 -8.306716e-01
 4.264775e-01 3.052866e+00 -4.565395e-01
 6.430163e-01 2.971454e+00 -5.654554e-02
 7.921673e-01 2.682954e+00 3.104260e-01
 8.068901e-01 2.221884e+00 5.571324e-01
 6.294776e-01 1.677145e+00 5.936283e-01
 3.261036e-01 1.313736e+00 3.973019e-01
 -8.690052e-02 1.199592e+00 2.310898e-01
 -6.611312e-01 1.269063e+00 -9.690944e-02
 -1.026393e+00 1.211068e+00 -1.951604e-01
 -1.402758e+00 1.091657e+00 -1.660027e-01
 -2.427168e+00 5.252667e-01 2.760135e-01
 -2.651657e+00 8.029564e-03 5.757796e-01
 -2.523279e+00 -5.401949e-01 8.066369e-01
 -2.136712e+00 -9.171705e-01 9.375251e-01
 -1.650804e+00 -1.052932e+00 9.707463e-01
 -1.197575e+00 -9.821161e-01 8.711738e-01
 -8.742340e-01 -7.860175e-01 6.337583e-01
 -7.082785e-01 -6.212242e-01 2.866303e-01
 -5.639492e-01 -7.659958e-01 -9.914755e-01
 -2.528343e-01 -9.095529e-01 -1.401926e+00
 1.693419e-01 -1.178984e+00 -1.586524e+00
 5.498435e-01 -1.490448e+00 -1.517611e+00
 7.730198e-01 -1.755822e+00 -1.287855e+00
 8.060694e-01 -1.947042e+00 -1.089943e+00
 8.136365e-01 -2.134583e+00 -9.735376e-01
 9.451012e-01 -2.390090e+00 -8.252419e-01
 1.167486e+00 -2.567830e+00 -5.997226e-01
 1.414073e+00 -2.613008e+00 -3.033506e-01
 1.627690e+00 -2.505798e+00 4.422208e-02
 1.754194e+00 -2.221216e+00 3.919486e-01
 1.688621e+00 -1.813000e+00 6.892571e-01
 1.386427e+00 -1.359530e+00 8.261650e-01
 8.779746e-01 -1.025227e+00 7.174051e-01
 3.317324e-01 -1.036472e+00 4.793082e-01
 -2.489339e-01 -1.558795e+00 3.674735e-01
 -6.112316e-01 -1.679632e+00 1.725593e-01
 -1.101455e+00 -1.587952e+00 4.834579e-03
 -1.467544e+00 -1.309089e+00 -7.467857e-02
 -1.681274e+00 -8.669789e-01 -5.905255e-02
 -1.713990e+00 -3.589096e-01 1.516856e-01
 -1.610715e+00 -1.036598e-01 4.696869e-01
 -1.600067e+00 2.546789e-02 1.131285e+00
 -1.308236e+00 2.550990e-01 1.585127e+00
 -8.634542e-01 6.148699e-01 1.768199e+00
 -4.532518e-01 9.190149e-01 1.604614e+00
 -3.100505e-01 1.247057e+00 1.301206e+00
 -3.260927e-01 1.731077e+00 1.085001e+00
 -3.365842e-01 1.933549e+00 9.083092e-01
 -3.158369e-01 2.082787e+00 6.961203e-01
 -2.675218e-01 2.174070e+00 4.764007e-01
 -1.856357e-01 2.218697e+00 2.291427e-01
 -9.626722e-02 2.208369e+00 4.379846e-02
 3.915844e-02 2.143152e+00 -1.521125e-01
 1.794802e-01 2.073196e+00 -2.686642e-01
 3.254227e-01 2.033834e+00 -3.413071e-01
 4.811963e-01 2.025771e+00 -4.395462e-01
 6.063044e-01 2.018701e+00 -5.707364e-01
 7.445404e-01 1.964613e+00 -7.924087e-01
 8.313956e-01 1.840176e+00 -1.074767e+00
 8.383401e-01 1.602380e+00 -1.384394e+00
 7.353223e-01 1.218219e+00 -1.628172e+00
 4.822634e-01 7.466807e-01 -1.683891e+00
 1.262792e-01 3.320156e-01 -1.443137e+00
 -1.569979e-01 1.544638e-01 -9.415161e-01
 -1.424723e-01 1.777304e-01 -3.530940e-01
 3.969163e-01 2.808120e-01 4.776115e-01
 5.338219e-01 4.333457e-01 8.471520e-01
 6.431053e-01 1.061711e+00 1.690904e+00
 3.988422e-01 1.439983e+00 2.046266e+00
 -4.302334e-02 1.717367e+00 2.199090e+00
 -5.430462e-01 1.830477e+00 2.144830e+00
 -9.762478e-01 1.770704e+00 1.931474e+00
 -1.254675e+00 1.604717e+00 1.596130e+00
 -1.344082e+00 1.350885e+00 1.196454e+00
 -1.223670e+00 1.025404e+00 8.597963e-01
 -1.009331e+00 7.767379e-01 7.246946e-01
 -8.431717e-01 6.077613e-01 6.943316e-01
 -6.108363e-01 2.897284e-01 7.839200e-01
 -3.765491e-01 -1.557805e-02 1.069338e+00
 -2.750704e-01 -1.981203e-01 1.185922e+00
 -2.130957e-01 -3.628335e-01 1.260715e+00
 6.021791e-02 -1.177811e+00 1.475511e+00
 2.803326e-01 -1.615727e+00 1.374479e+00
 4.768638e-01 -1.919199e+00 1.107759e+00
 6.338372e-01 -2.075118e+00 7.330235e-01
 7.265878e-01 -2.041039e+00 3.595111e-01
 8.440311e-01 -1.825067e+00 2.884568e-02
 1.148164e+00 -1.588476e+00 -1.802141e-01
 1.567501e+00 -1.594392e+00 -4.681503e-01
 1.829661e+00 -1.828843e+00 -9.386328e-01
 1.775021e+00 -2.146279e+00 -1.405268e+00
 1.463778e+00 -2.410009e+00 -1.738596e+00
 1.039774e+00 -2.562642e+00 -1.882906e+00
 6.188747e-01 -2.593533e+00 -1.867458e+00
 2.607871e-01 -2.524298e+00 -1.739144e+00
 -8.261811e-03 -2.382767e+00 -1.528854e+00
 -1.720476e-01 -2.184032e+00 -1.260194e+00
