 -2.008527e+00 -7.473643e-01 1.075083e+00
 -2.072713e+00 -1.107531e+00 8.105417e-01
 -1.912905e+00 -1.431361e+00 4.883293e-01
 -1.580110e+00 -1.648183e+00 2.449855e-01
 -1.199437e+00 -1.760187e+00 1.814945e-01
 -8.569438e-01 -1.846582e+00 2.954445e-01
 -2.279207e-01 -2.312435e+00 7.417171e-01
 6.004656e-01 -2.037224e+00 1.083201e+00
 1.056094e+00 -1.222821e+00 9.379327e-01
 7.082346e-01 -3.930472e-01 6.603620e-01
 -1.952728e-01 -1.818344e-01 2.284369e-01
 -8.552760e-01 -5.539775e-02 -4.287434e-01
 -1.017980e+00 1.673404e-01 -8.999803e-01
 -9.111518e-01 4.609507e-01 -1.343210e+00
 -5.791767e-01 7.594273e-01 -1.624949e+00
 -1.193995e-01 9.782355e-01 -1.687610e+00
 3.467780e-01 1.099552e+00 -1.508072e+00
 6.383350e-01 1.147775e+00 -1.147310e+00
 6.976125e-01 1.264455e+00 -7.496557e-01
 6.960680e-01 1.524315e+00 -4.250260e-01
 7.104459e-01 1.970364e+00 -2.373474e-01
 8.433448e-01 2.470867e+00 -2.708288e-01
 1.089642e+00 2.858714e+00 -5.141290e-01
 1.381795e+00 3.036399e+00 -9.021403e-01
 1.655734e+00 2.960689e+00 -1.333264e+00
 1.844275e+00 2.653596e+00 -1.696444e+00
 1.925158e+00 2.191446e+00 -1.889051e+00
 1.884019e+00 1.683057e+00 -1.865969e+00
 1.760475e+00 1.240924e+00 -1.611904e+00
 1.634567e+00 1.042657e+00 -1.251418e+00
 1.654448e+00 1.001093e+00 -8.961635e-01
 1.752650e+00 9.278684e-01 -6.363465e-01
 1.877483e+00 6.693487e-01 -3.491713e-01
 1.899847e+00 2.961946e-01 -1.569981e-01
 1.762683e+00 -1.151089e-01 -6.665490e-02
 1.481448e+00 -4.633922e-01 -8.989279e-02
 1.114398e+00 -6.734593e-01 -2.218664e-01
 4.093108e-01 -7.060913e-01 -4.676764e-01
 1.934049e-01 -7.630453e-01 -5.048330e-01
 8.703744e-02 -8.133334e-01 -5.392541e-01
 -6.863604e-02 -9.357124e-01 -5.902952e-01
 -2.080954e-01 -1.096843e+00 -6.305463e-01
 -2.979538e-01 -1.254583e+00 -6.555788e-01
 -6.764440e-01 -2.236471e+00 -6.557883e-01
 -9.577904e-01 -2.666861e+00 -3.491842e-01
 -1.236824e+00 -2.822842e+00 1.578767e-01
 -1.429006e+00 -2.652152e+00 6.912119e-01
 -1.429659e+00 -2.227571e+00 1.103801e+00
 -1.245198e+00 -1.690233e+00 1.256073e+00
 -1.061166e+00 -1.196637e+00 1.078231e+00
 -1.035246e+00 -8.821165e-01 6.893240e-01
 -1.199127e+00 -6.813821e-01 3.866501e-01
 -1.559117e+00 -4.666683e-01 1.625687e-01
 -1.998274e+00 -2.682345e-01 1.503070e-01
 -2.398737e+00 -1.050186e-01 3.594604e-01
 -2.672126e+00 -1.439810e-02 7.416516e-01
 -2.753882e+00 7.431905e-03 1.209605e+00
 -2.631968e+00 -4.017037e-02 1.659707e+00
 -2.338126e+00 -1.391023e-01 2.000401e+00
 -1.931992e+00 -2.525142e-01 2.168784e+00
 -1.500963e+00 -3.618809e-01 2.139133e+00
 -1.095564e+00 -4.119806e-01 1.918971e+00
 -8.637617e-01 -3.704972e-01 1.624045e+00
 -7.501750e-01 -2.233597e-01 1.395878e+00
 -6.734563e-01 -1.231356e-01 1.303771e+00
 -6.092168e-01 -3.273185e-02 1.240368e+00
 -5.542604e-01 4.899879e-02 1.197252e+00
 -2.070548e-01 5.007584e-01 1.017721e+00
 1.152890e-01 7.150661e-01 7.219224e-01
 4.272116e-01 7.260850e-01 3.483665e-01
 8.423367e-01 3.932499e-01 -2.760056e-01
 1.035386e+00 2.089670e-01 -7.496142e-01
 1.283100e+00 4.577219e-02 -9.724756e-01
 1.745797e+00 -1.149370e-04 -1.145443e+00
 2.208530e+00 1.675035e-01 -1.201467e+00
 2.551745e+00 5.412151e-01 -1.176506e+00
 2.676602e+00 1.030369e+00 -1.101898e+00
 2.551206e+00 1.512673e+00 -9.866120e-01
 2.199718e+00 1.882388e+00 -8.872870e-01
 1.743484e+00 2.023007e+00 -8.715044e-01
 1.415500e+00 1.999696e+00 -9.960493e-01
 1.172642e+00 2.049398e+00 -1.184443e+00
 8.120835e-01 2.177475e+00 -1.269074e+00
 2.876671e-01 2.139543e+00 -1.191238e+00
 -1.458514e-01 1.854522e+00 -9.739710e-01
 -3.404115e-01 1.374240e+00 -7.412978e-01
 -2.564247e-01 8.731926e-01 -6.374082e-01
 -5.764495e-02 5.388767e-01 -7.224839e-01
 2.260723e-01 -2.788003e-01 -1.402623e+00
 3.949876e-01 -6.553066e-01 -1.505088e+00
 5.341871e-01 -1.072346e+00 -1.425020e+00
 6.203070e-01 -1.427769e+00 -1.170023e+00
 6.396566e-01 -1.653853e+00 -7.880978e-01
 5.691975e-01 -1.718709e+00 -3.684788e-01
 3.848193e-01 -1.608939e+00 4.648608e-02
 1.396253e-01 -1.350908e+00 3.337174e-01
 5.070816e-02 -1.271378e+00 4.856449e-01
 -2.820847e-02 -1.225336e+00 6.709069e-01
 -5.473119e-02 -1.157718e+00 8.972468e-01
 -4.282769e-02 -1.046162e+00 1.141816e+00
 1.748262e-01 -5.761737e-01 1.702335e+00
 9.191428e-02 -1.392267e-01 2.000501e+00
 -2.214589e-01 2.604442e-01 2.154190e+00
 -6.608744e-01 5.361321e-01 2.103246e+00
 -1.115027e+00 6.280419e-01 1.860236e+00
 -1.491982e+00 4.852879e-01 1.525595e+00
 -1.694990e+00 1.464571e-01 1.236458e+00
 -1.740811e+00 -1.995899e-01 1.146926e+00
 -1.828475e+00 -4.582345e-01 1.165498e+00
