 -4.283449e-01 -6.749865e-01 -2.479606e+00
 -3.412565e-01 -1.052702e+00 -2.390252e+00
 -2.088405e-01 -1.358103e+00 -2.169535e+00
 -4.928604e-02 -1.543271e+00 -1.850053e+00
 1.115801e-01 -1.577522e+00 -1.479606e+00
 2.359166e-01 -1.455593e+00 -1.112433e+00
 2.887801e-01 -1.205205e+00 -8.124440e-01
 2.483899e-01 -9.121106e-01 -6.277745e-01
 1.289740e-01 -6.611020e-01 -5.369824e-01
 -5.836184e-02 -4.629855e-01 -4.411643e-01
 -7.428315e-01 -2.837560e-02 -3.337313e-01
 -9.758724e-01 2.388659e-01 -2.160696e-01
 -1.088267e+00 5.390726e-01 -5.369249e-02
 -1.076790e+00 8.754219e-01 8.840791e-02
 -9.419604e-01 1.154198e+00 2.191268e-01
 -7.106913e-01 1.365680e+00 3.192896e-01
 -4.431900e-01 1.520672e+00 3.158707e-01
 -1.855669e-01 1.690022e+00 1.947259e-01
 9.702997e-02 2.126913e+00 -9.633671e-02
 3.522834e-01 2.292510e+00 -3.180191e-01
 6.715751e-01 2.336155e+00 -5.136648e-01
 1.014993e+00 2.257014e+00 -6.456755e-01
 1.334503e+00 2.073509e+00 -6.899882e-01
 1.576679e+00 1.804371e+00 -6.610083e-01
 1.711943e+00 1.468981e+00 -5.797261e-01
 1.718044e+00 1.131063e+00 -4.818441e-01
 1.600524e+00 8.150491e-01 -3.849537e-01
 1.324909e+00 4.889648e-01 -1.889693e-01
 1.242638e+00 2.246710e-01 -5.012777e-02
 1.288023e+00 -5.467033e-02 1.407663e-01
 1.441295e+00 -3.699399e-01 5.030251e-01
 1.346831e+00 -6.690542e-01 9.286053e-01
 1.027677e+00 -9.259544e-01 1.245274e+00
 5.934044e-01 -1.036857e+00 1.386986e+00
 6.732922e-02 -9.769154e-01 1.350274e+00
 -3.369441e-01 -7.884334e-01 1.144731e+00
 -5.181509e-01 -6.169998e-01 8.840707e-01
 -7.119194e-01 -5.348212e-01 6.684871e-01
 -9.719261e-01 -4.327493e-01 5.643029e-01
 -1.311036e+00 -3.722878e-01 5.247131e-01
 -1.714614e+00 -4.353844e-01 5.799221e-01
 -2.053361e+00 -6.391666e-01 7.123932e-01
 -2.266714e+00 -9.488292e-01 8.887383e-01
 -2.321902e+00 -1.312614e+00 1.074985e+00
 -2.219538e+00 -1.674502e+00 1.219732e+00
 -1.984252e+00 -1.979051e+00 1.304060e+00
 -1.657551e+00 -2.186035e+00 1.318391e+00
 -1.289591e+00 -2.270563e+00 1.266209e+00
 -9.334903e-01 -2.229326e+00 1.153022e+00
 -6.419695e-01 -2.082824e+00 9.853545e-01
 -4.500600e-01 -1.858927e+00 7.744163e-01
 -3.921036e-01 -1.624501e+00 5.622972e-01
 -4.295630e-01 -1.477156e+00 3.746303e-01
 -4.791767e-01 -1.362292e+00 1.509525e-01
 -7.157853e-01 -1.242488e+00 -5.298936e-01
 -7.327198e-01 -1.116175e+00 -8.584433e-01
 -6.490477e-01 -9.281705e-01 -1.141836e+00
 -4.591678e-01 -7.335394e-01 -1.363967e+00
 -2.423319e-01 -6.050882e-01 -1.474173e+00
 -4.223387e-02 -5.697667e-01 -1.535792e+00
 1.502266e-01 -5.547058e-01 -1.641151e+00
 3.797373e-01 -4.215953e-01 -1.822237e+00
 6.121592e-01 -1.491573e-01 -1.957303e+00
 7.910043e-01 1.847594e-01 -1.973659e+00
 9.127514e-01 5.126342e-01 -1.858716e+00
 9.570300e-01 8.087243e-01 -1.636744e+00
 9.134365e-01 1.033760e+00 -1.338135e+00
 7.072330e-01 1.260976e+00 -6.321546e-01
 7.216259e-01 1.335638e+00 -3.162711e-01
 8.256391e-01 1.411885e+00 -7.931991e-02
 1.017686e+00 1.670917e+00 2.238971e-01
 1.147182e+00 1.781327e+00 5.638094e-01
 1.221927e+00 1.767447e+00 9.797550e-01
 1.215233e+00 1.624088e+00 1.341038e+00
 1.140433e+00 1.360014e+00 1.620052e+00
 1.020819e+00 1.015505e+00 1.772613e+00
 8.627944e-01 6.226684e-01 1.779673e+00
 6.984559e-01 2.805355e-01 1.627046e+00
 5.512403e-01 3.526194e-02 1.345206e+00
 4.595349e-01 -1.312917e-01 8.844705e-01
 4.087939e-01 -3.400608e-01 5.919638e-01
 4.198987e-01 -5.983003e-01 4.502396e-01
 5.577649e-01 -1.236188e+00 2.785695e-01
 5.426746e-01 -1.589768e+00 9.147738e-02
 3.801692e-01 -1.906856e+00 -7.219702e-02
 9.722221e-02 -2.158858e+00 -1.740337e-01
 -2.623720e-01 -2.310166e+00 -1.949780e-01
 -6.428873e-01 -2.341154e+00 -1.305822e-01
 -1.002766e+00 -2.239188e+00 6.203660e-05
 -1.280191e+00 -2.013195e+00 1.799134e-01
 -1.420208e+00 -1.719408e+00 4.080396e-01
 -1.406914e+00 -1.470622e+00 6.247517e-01
 -1.324728e+00 -1.344665e+00 8.359518e-01
 -1.295624e+00 -1.267393e+00 1.047845e+00
 -1.327901e+00 -1.091263e+00 1.282734e+00
 -1.336316e+00 -7.958585e-01 1.467416e+00
 -1.263257e+00 -4.210018e-01 1.553256e+00
 -1.107865e+00 -6.525681e-02 1.510085e+00
 -8.896781e-01 2.201013e-01 1.350527e+00
 -6.386181e-01 3.881881e-01 1.104145e+00
 -1.710460e-01 4.931489e-01 4.022967e-01
 -5.524670e-02 6.259478e-01 3.997785e-02
 -7.087246e-02 7.227924e-01 -1.766231e-01
 -1.636155e-01 8.287081e-01 -3.690768e-01
 -3.025818e-01 1.011644e+00 -5.703758e-01
 -5.086573e-01 1.298101e+00 -6.958881e-01
 -7.155092e-01 1.611351e+00 -6.803261e-01
 -8.939597e-01 1.921069e+00 -5.224565e-01
 -9.817253e-01 2.183370e+00 -2.549798e-01
 -9.514575e-01 2.382800e+00 8.271208e-02
 -8.229831e-01 2.468184e+00 4.463702e-01
 -6.205919e-01 2.421900e+00 7.833614e-01
 -3.734079e-01 2.251187e+00 1.041876e+00
 -1.174536e-01 1.982245e+00 1.181900e+00
 1.086558e-01 1.657857e+00 1.181215e+00
 4.037091e-01 1.134458e+00 9.397831e-01
 6.709018e-01 9.023847e-01 8.082502e-01
 9.241039e-01 8.015276e-01 7.659703e-01
 1.442623e+00 7.267287e-01 8.219770e-01
 1.839158e+00 6.327306e-01 6.924456e-01
 2.160232e+00 4.281190e-01 4.235593e-01
 2.286414e+00 1.876137e-01 1.045840e-01
 2.230828e+00 -2.605285e-02 -2.764098e-01
 1.981869e+00 -1.644161e-01 -6.547871e-01
 1.637446e+00 -1.995481e-01 -9.015162e-01
 1.231972e+00 -1.431222e-01 -1.010353e+00
 6.585011e-01 8.410617e-02 -9.571961e-01
 3.239364e-01 2.531148e-01 -1.040145e+00
 5.506779e-02 4.157124e-01 -1.292651e+00
 -1.644093e-01 4.382474e-01 -1.615537e+00
 -3.245888e-01 3.181477e-01 -1.947924e+00
 -4.216256e-01 6.736203e-02 -2.237126e+00
 -4.559492e-01 -2.819914e-01 -2.425960e+00
