 1.110263e+00 8.442073e-01 2.021863e-01
 9.688328e-01 1.208072e+00 1.353243e-01
 7.827177e-01 1.449589e+00 5.065089e-02
 5.349921e-01 1.619714e+00 -4.640343e-02
 2.277109e-01 1.708832e+00 -1.397689e-01
 -6.784350e-02 1.702594e+00 -2.145666e-01
 -3.297637e-01 1.607752e+00 -2.643258e-01
 -5.664765e-01 1.419864e+00 -2.959226e-01
 -7.408277e-01 1.147503e+00 -3.385037e-01
 -7.952053e-01 9.249851e-01 -3.612963e-01
 -8.602451e-01 6.825293e-01 -3.150767e-01
 -1.081762e+00 4.093835e-01 -2.883445e-01
 -1.369397e+00 1.773144e-01 -4.106483e-01
 -1.613087e+00 5.732096e-02 -4.573633e-01
 -2.464551e+00 -4.015604e-01 -3.736285e-01
 -2.685257e+00 -6.100317e-01 -2.927260e-01
 -2.828824e+00 -8.619228e-01 -1.708660e-01
 -2.881038e+00 -1.133324e+00 -2.071124e-02
 -2.836635e+00 -1.398752e+00 1.424973e-01
 -2.699480e+00 -1.633201e+00 3.022304e-01
 -2.482247e+00 -1.814480e+00 4.422030e-01
 -2.206693e+00 -1.924713e+00 5.473445e-01
 -1.894403e+00 -1.947938e+00 6.204186e-01
 -1.593526e+00 -1.874732e+00 6.663046e-01
 -1.330595e+00 -1.723003e+00 6.675600e-01
 -1.098664e+00 -1.499005e+00 5.934072e-01
 -9.647933e-01 -1.296209e+00 4.734256e-01
 -8.973034e-01 -1.131296e+00 3.186074e-01
 -8.657681e-01 -9.800636e-01 8.625763e-02
 -7.720528e-01 -9.105543e-01 -2.721676e-01
 -6.248102e-01 -1.025749e+00 -8.830813e-01
 -4.600932e-01 -1.014783e+00 -1.188912e+00
 -2.481648e-01 -9.173580e-01 -1.435014e+00
 -9.565542e-03 -7.488529e-01 -1.593123e+00
 2.490267e-01 -5.280173e-01 -1.647699e+00
 5.088578e-01 -3.028201e-01 -1.583764e+00
 7.324941e-01 -1.018358e-01 -1.409118e+00
 9.213744e-01 1.240545e-01 -1.074740e+00
 1.013679e+00 3.061537e-01 -9.136390e-01
 1.107961e+00 5.055290e-01 -8.156953e-01
 1.165080e+00 6.870019e-01 -7.896260e-01
 1.276432e+00 9.052724e-01 -7.988158e-01
 1.511046e+00 1.129694e+00 -8.566817e-01
 1.829238e+00 1.264446e+00 -9.311949e-01
 2.191344e+00 1.275970e+00 -9.957581e-01
 2.542132e+00 1.170500e+00 -9.938073e-01
 2.836217e+00 9.589821e-01 -9.327827e-01
 3.032626e+00 6.614261e-01 -8.425879e-01
 3.105618e+00 3.200914e-01 -7.350710e-01
 3.048377e+00 -2.031893e-02 -6.234011e-01
 2.870379e+00 -3.169621e-01 -5.207401e-01
 2.595392e+00 -5.333959e-01 -4.388203e-01
 2.262129e+00 -6.422213e-01 -3.872607e-01
 1.819484e+00 -6.243478e-01 -3.332305e-01
 1.505252e+00 -6.172416e-01 -1.990201e-01
 1.268103e+00 -6.565536e-01 -4.568679e-03
 1.134074e+00 -7.245758e-01 2.224258e-01
 1.054115e+00 -8.246960e-01 6.547928e-01
 9.188332e-01 -8.651353e-01 9.144770e-01
 7.141460e-01 -8.827294e-01 1.122863e+00
 4.599112e-01 -8.487847e-01 1.275144e+00
 1.829454e-01 -7.720835e-01 1.352314e+00
 -1.044362e-01 -6.731587e-01 1.342652e+00
 -3.756547e-01 -5.542208e-01 1.245976e+00
 -9.437557e-01 -2.496286e-01 7.993745e-01
 -1.159802e+00 -1.891196e-01 6.514259e-01
 -1.415657e+00 -9.282429e-02 5.593092e-01
 -1.660313e+00 2.373895e-02 5.513146e-01
 -1.877593e+00 1.613861e-01 6.208421e-01
 -2.093701e+00 4.244465e-01 7.964809e-01
 -2.173491e+00 6.890399e-01 9.692321e-01
 -2.137341e+00 9.828733e-01 1.127638e+00
 -1.994519e+00 1.273177e+00 1.236339e+00
 -1.719819e+00 1.563033e+00 1.287933e+00
 -1.384901e+00 1.739844e+00 1.267405e+00
 -1.016424e+00 1.794598e+00 1.181516e+00
 -6.664596e-01 1.716829e+00 1.040706e+00
 -3.866574e-01 1.515449e+00 8.641209e-01
 -1.240041e-01 1.048794e+00 5.578260e-01
 -5.150872e-02 9.067304e-01 4.178135e-01
 2.076855e-02 7.870758e-01 2.353159e-01
 1.294886e-01 6.683395e-01 -4.724347e-02
 1.965332e-01 7.099560e-01 -3.482925e-01
 1.579650e-01 8.807170e-01 -8.213123e-01
 2.642694e-01 9.463538e-01 -1.198325e+00
 5.043884e-01 9.588874e-01 -1.518032e+00
 8.464763e-01 9.060261e-01 -1.735453e+00
 1.201952e+00 7.767259e-01 -1.812043e+00
 1.551325e+00 5.950208e-01 -1.739708e+00
 1.837925e+00 4.146435e-01 -1.524305e+00
 2.031170e+00 2.880064e-01 -1.190922e+00
 2.084067e+00 2.572067e-01 -8.714525e-01
 2.096744e+00 3.693167e-01 -4.976586e-01
 2.232607e+00 7.252007e-01 -6.859854e-02
 2.213078e+00 9.013819e-01 1.717365e-01
 2.120740e+00 1.023944e+00 4.536223e-01
 1.969278e+00 1.065411e+00 7.309674e-01
 1.765043e+00 1.032593e+00 9.671798e-01
 1.521245e+00 9.357542e-01 1.135160e+00
 1.253080e+00 7.879442e-01 1.218047e+00
 9.554111e-01 5.846136e-01 1.201702e+00
 7.204851e-01 3.691870e-01 1.084664e+00
 2.944736e-01 -1.491351e-01 5.567058e-01
 1.860553e-01 -3.459036e-01 4.248150e-01
 1.304976e-01 -4.964916e-01 3.699946e-01
 8.706230e-02 -7.276090e-01 3.420893e-01
 1.330472e-01 -1.142838e+00 2.691016e-01
 2.834881e-02 -1.510266e+00 7.333286e-02
 -2.532511e-01 -1.799538e+00 -1.235161e-01
 -6.626676e-01 -1.945419e+00 -2.654346e-01
 -1.081223e+00 -1.901461e+00 -3.470651e-01
 -1.443014e+00 -1.706615e+00 -3.559634e-01
 -1.728116e+00 -1.421155e+00 -2.389881e-01
 -1.850857e+00 -1.174659e+00 -5.242266e-02
 -1.906884e+00 -9.707059e-01 2.696706e-01
 -2.002163e+00 -9.187166e-01 7.247515e-01
 -1.954952e+00 -8.160098e-01 1.059747e+00
 -1.844188e+00 -5.847281e-01 1.356730e+00
 -1.688565e+00 -2.676759e-01 1.536659e+00
 -1.488081e+00 1.280202e-01 1.576574e+00
 -1.318320e+00 4.212803e-01 1.467312e+00
 -1.175735e+00 6.589017e-01 1.224933e+00
 -1.129373e+00 8.055367e-01 9.249166e-01
 -1.216878e+00 9.419420e-01 6.255743e-01
 -1.486417e+00 1.135028e+00 3.480306e-01
 -1.680820e+00 1.167094e+00 9.120698e-02
 -1.788686e+00 1.155800e+00 -3.037395e-01
 -1.741482e+00 1.096317e+00 -7.003247e-01
 -1.567240e+00 9.818075e-01 -1.020770e+00
 -1.305856e+00 7.856866e-01 -1.239397e+00
 -9.987286e-01 5.188220e-01 -1.321250e+00
 -7.084050e-01 2.620829e-01 -1.244606e+00
 -8.467204e-02 -1.759201e-01 -7.507372e-01
 3.038595e-02 -2.722401e-01 -6.854887e-01
 1.595316e-01 -4.206949e-01 -6.306707e-01
 7.184616e-01 -1.213538e+00 -6.444322e-01
 9.204572e-01 -1.457615e+00 -5.276053e-01
 1.198007e+00 -1.621637e+00 -3.219062e-01
 1.491706e+00 -1.651261e+00 -7.153912e-02
 1.754370e+00 -1.540923e+00 1.892191e-01
 1.982849e+00 -1.271163e+00 4.481825e-01
 2.084581e+00 -9.395683e-01 6.056359e-01
 2.063978e+00 -5.672265e-01 6.660067e-01
 1.907376e+00 -1.821996e-01 6.445101e-01
 1.665199e+00 9.691056e-02 5.527475e-01
 1.399895e+00 3.016723e-01 3.300070e-01
 1.270581e+00 5.111850e-01 2.244882e-01
