 -8.715661e-02 1.951147e+00 6.982885e-01
 -9.459955e-02 1.926618e+00 4.082392e-01
 -1.753717e-01 1.899976e+00 2.018481e-01
 -2.735279e-01 1.917648e+00 3.592173e-02
 -3.514652e-01 1.984871e+00 -2.051902e-01
 -3.471686e-01 1.994748e+00 -5.296051e-01
 -2.788209e-01 1.884217e+00 -8.769489e-01
 -1.749274e-01 1.647221e+00 -1.164638e+00
 -5.305152e-02 1.317233e+00 -1.339849e+00
 8.008409e-02 9.420811e-01 -1.372245e+00
 3.575324e-01 1.671838e-01 -1.119612e+00
 4.984001e-01 -1.258372e-01 -1.114399e+00
 6.325415e-01 -3.406114e-01 -1.178130e+00
 7.342372e-01 -4.943402e-01 -1.308339e+00
 8.674921e-01 -6.135476e-01 -1.446683e+00
 1.124958e+00 -6.859787e-01 -1.622840e+00
 1.484631e+00 -6.737577e-01 -1.742898e+00
 1.860555e+00 -5.870720e-01 -1.737210e+00
 2.164885e+00 -4.846888e-01 -1.614203e+00
 2.421416e+00 -3.681642e-01 -1.370704e+00
 2.564900e+00 -2.509794e-01 -1.051340e+00
 2.578543e+00 -1.481921e-01 -6.922053e-01
 2.456228e+00 -5.869865e-02 -3.475803e-01
 2.214249e+00 1.023519e-03 -6.491646e-02
 1.887864e+00 1.779519e-02 1.176492e-01
 1.045016e+00 -1.087261e-01 2.835972e-01
 6.649198e-01 -3.359815e-01 4.513267e-01
 5.334444e-01 -5.210988e-01 5.491312e-01
 4.812560e-01 -8.001801e-01 7.323781e-01
 4.597985e-01 -9.946551e-01 1.025759e+00
 4.198268e-01 -1.053054e+00 1.340037e+00
 2.623439e-01 -1.008909e+00 1.701418e+00
 -3.730257e-03 -8.360186e-01 2.005734e+00
 -2.846098e-01 -5.865328e-01 2.161059e+00
 -5.491682e-01 -2.690788e-01 2.167089e+00
 -7.508618e-01 6.176859e-02 2.017001e+00
 -9.265798e-01 4.475214e-01 1.605670e+00
 -1.122562e+00 6.333992e-01 1.389170e+00
 -1.414944e+00 7.571051e-01 1.253686e+00
 -1.779694e+00 7.282540e-01 1.005076e+00
 -2.072738e+00 5.170002e-01 7.107155e-01
 -2.190876e+00 1.924549e-01 4.210214e-01
 -2.107944e+00 -1.717213e-01 1.583337e-01
 -1.832613e+00 -4.962991e-01 -3.325384e-02
 -1.429871e+00 -7.218566e-01 -9.101494e-02
 -7.155718e-01 -8.602778e-01 5.498475e-02
 -4.922913e-01 -9.321245e-01 8.359056e-02
 -3.790577e-01 -1.007240e+00 1.032644e-01
 -2.171289e-01 -1.160584e+00 1.079745e-01
 2.639024e-01 -1.828970e+00 7.017967e-02
 6.071642e-01 -2.050271e+00 -2.322180e-02
 9.895275e-01 -2.120928e+00 -1.927251e-01
 1.320989e+00 -2.034045e+00 -4.172917e-01
 1.580910e+00 -1.787434e+00 -6.318683e-01
 1.745478e+00 -1.415684e+00 -7.653977e-01
 1.783715e+00 -9.983334e-01 -7.816153e-01
 1.669140e+00 -6.219903e-01 -7.300526e-01
 1.579521e+00 -3.707426e-01 -7.703989e-01
 1.565986e+00 -6.797923e-02 -8.899949e-01
 1.511465e+00 1.839385e-01 -1.161003e+00
 1.328907e+00 3.253446e-01 -1.526262e+00
 1.056837e+00 3.107357e-01 -1.867006e+00
 7.088417e-01 1.686572e-01 -2.093865e+00
 3.152077e-01 -4.691434e-02 -2.131759e+00
 -2.823729e-02 -3.251676e-01 -1.978909e+00
 -2.262076e-01 -6.229098e-01 -1.673388e+00
 -2.549505e-01 -9.063452e-01 -1.179340e+00
 -3.729460e-01 -1.075079e+00 -9.666860e-01
 -6.669491e-01 -1.515345e+00 -7.379406e-01
 -8.481773e-01 -1.727716e+00 -4.656308e-01
 -9.529432e-01 -1.835616e+00 -1.243199e-01
 -9.800719e-01 -1.824437e+00 2.545596e-01
 -9.432183e-01 -1.691922e+00 6.053304e-01
 -8.596716e-01 -1.450269e+00 8.838542e-01
 -7.366729e-01 -1.137014e+00 1.050749e+00
 -3.288801e-01 -3.315145e-01 1.145878e+00
 -5.539726e-02 -1.149119e-01 1.274674e+00
 1.976358e-01 -3.539956e-02 1.376646e+00
 5.126097e-01 -3.846863e-02 1.445427e+00
 8.460454e-01 -1.349048e-01 1.442619e+00
 1.157861e+00 -3.110766e-01 1.341960e+00
 1.363761e+00 -5.299547e-01 1.185898e+00
 1.467751e+00 -7.503324e-01 9.787730e-01
 1.484252e+00 -9.500955e-01 6.965623e-01
 1.401915e+00 -1.074602e+00 3.908276e-01
 1.223293e+00 -1.131779e+00 9.964348e-02
 9.407621e-01 -1.094029e+00 -1.946887e-01
 7.864281e-01 -1.134914e+00 -4.996188e-01
 4.391533e-01 -1.665410e+00 -1.199450e+00
 1.788537e-01 -1.792664e+00 -1.464201e+00
 -1.537776e-01 -1.799174e+00 -1.673375e+00
 -5.228667e-01 -1.682579e+00 -1.796531e+00
 -8.475078e-01 -1.493075e+00 -1.796531e+00
 -1.095735e+00 -1.251282e+00 -1.690511e+00
 -1.238963e+00 -9.586100e-01 -1.506894e+00
 -1.248627e+00 -6.521243e-01 -1.292470e+00
 -1.123620e+00 -3.738489e-01 -1.064150e+00
 -8.930797e-01 -1.846374e-01 -8.481304e-01
 -3.212704e-01 -5.325794e-02 -4.191618e-01
 -1.878006e-01 6.063684e-02 1.936065e-02
 -1.593196e-01 2.673447e-01 3.225710e-01
 -2.065352e-01 4.761046e-01 4.794556e-01
 -3.053494e-01 6.705782e-01 5.725179e-01
 -4.934860e-01 9.383891e-01 6.299699e-01
 -6.248866e-01 1.079962e+00 6.406521e-01
 -9.158474e-01 1.336089e+00 6.022206e-01
 -1.079435e+00 1.659615e+00 6.100178e-01
 -1.105863e+00 2.032143e+00 6.124678e-01
 -1.001103e+00 2.389509e+00 5.704354e-01
 -7.854546e-01 2.680387e+00 4.751054e-01
 -4.920297e-01 2.866074e+00 3.385646e-01
 -1.534286e-01 2.922737e+00 1.775234e-01
 1.817482e-01 2.836596e+00 1.041178e-02
 4.531600e-01 2.619014e+00 -1.565643e-01
 6.229152e-01 2.296899e+00 -2.948311e-01
 6.646232e-01 1.912518e+00 -3.812200e-01
 5.630462e-01 1.527315e+00 -4.039678e-01
 3.392357e-01 1.221148e+00 -3.780205e-01
 3.405725e-02 1.031036e+00 -3.567299e-01
 -5.936134e-01 9.497350e-01 -4.114307e-01
 -1.024864e+00 7.121131e-01 -2.243146e-01
 -1.171512e+00 3.972604e-01 7.605619e-02
 -1.163295e+00 3.485320e-02 5.612937e-01
 -1.253108e+00 -1.151361e-01 7.260962e-01
 -1.398197e+00 -2.378966e-01 9.268436e-01
 -1.605138e+00 -2.665009e-01 1.264506e+00
 -1.771607e+00 -1.437655e-01 1.609741e+00
 -1.846968e+00 1.016667e-01 1.917412e+00
 -1.802560e+00 4.234848e-01 2.146724e+00
 -1.657646e+00 7.773760e-01 2.260530e+00
 -1.432943e+00 1.112935e+00 2.239996e+00
 -1.159419e+00 1.375671e+00 2.088149e+00
 -3.209428e-01 1.841521e+00 1.273563e+00
 -1.633674e-01 1.924611e+00 9.995455e-01
