 -2.152837e-01 2.092677e+00 -1.690763e+00
 -2.122081e-01 1.851388e+00 -1.852285e+00
 -1.915212e-01 1.545256e+00 -1.945654e+00
 -1.483117e-01 1.188502e+00 -1.933113e+00
 -8.512414e-02 8.349097e-01 -1.778941e+00
 -5.002330e-02 5.106004e-01 -1.437853e+00
 -5.127492e-02 3.980908e-01 -1.348748e+00
 -5.443318e-03 1.497951e-01 -1.203543e+00
 5.105881e-02 1.673900e-02 -1.155531e+00
 2.257475e-01 -2.535195e-01 -1.113860e+00
 6.786675e-01 -6.194628e-01 -1.152292e+00
 9.224889e-01 -8.395712e-01 -1.063922e+00
 1.106794e+00 -1.074146e+00 -8.749309e-01
 1.197982e+00 -1.286049e+00 -6.030772e-01
 1.192757e+00 -1.435700e+00 -2.742209e-01
 1.076837e+00 -1.511543e+00 4.780063e-02
 8.683228e-01 -1.543367e+00 2.972929e-01
 6.956086e-01 -1.582642e+00 3.900626e-01
 5.065118e-01 -1.667134e+00 5.114810e-01
 2.876055e-01 -1.725300e+00 8.339895e-01
 1.307861e-01 -1.635766e+00 1.210122e+00
 4.414730e-02 -1.400464e+00 1.537239e+00
 4.177076e-02 -1.050124e+00 1.770585e+00
 1.288473e-01 -4.198233e-01 1.877326e+00
 7.714697e-02 -8.436479e-02 2.044899e+00
 -1.475106e-01 2.334739e-01 2.148909e+00
 -4.191808e-01 5.202388e-01 2.103224e+00
 -6.689929e-01 7.612035e-01 1.891666e+00
 -8.386051e-01 9.216222e-01 1.553152e+00
 -8.912517e-01 9.811544e-01 1.134270e+00
 -8.503080e-01 8.943250e-01 7.169544e-01
 -7.294068e-01 6.944698e-01 3.921398e-01
 -4.261143e-01 8.937415e-02 -4.176086e-02
 -4.400854e-01 -1.624282e-01 -2.995691e-01
 -7.886079e-01 -1.005840e+00 -7.616509e-01
 -8.889218e-01 -1.225682e+00 -9.920101e-01
 -1.048540e+00 -1.364723e+00 -1.368699e+00
 -1.238394e+00 -1.300217e+00 -1.819162e+00
 -1.407689e+00 -9.811691e-01 -2.214815e+00
 -1.497726e+00 -4.679726e-01 -2.408585e+00
 -1.433294e+00 8.750224e-02 -2.342689e+00
 -1.240083e+00 5.107844e-01 -2.032328e+00
 -1.073485e+00 6.922590e-01 -1.540825e+00
 -1.014332e+00 6.194503e-01 -1.182626e+00
 -1.066910e+00 5.327080e-01 -8.873559e-01
 -1.210934e+00 4.182613e-01 -6.455208e-01
 -1.425824e+00 1.559154e-01 -3.742295e-01
 -1.447942e+00 -1.248998e-01 -4.556485e-02
 -1.308787e+00 -3.561239e-01 2.362248e-01
 -1.091320e+00 -5.424319e-01 4.079886e-01
 -8.631863e-01 -6.671566e-01 4.894595e-01
 -3.780581e-01 -7.883160e-01 5.857172e-01
 2.499544e-01 -6.957108e-01 8.238597e-01
 5.190418e-01 -7.171442e-01 9.079768e-01
 8.289434e-01 -8.732725e-01 1.108624e+00
 1.052717e+00 -1.159830e+00 1.245577e+00
 1.192746e+00 -1.514060e+00 1.275252e+00
 1.257247e+00 -1.856215e+00 1.191714e+00
 1.255043e+00 -2.149323e+00 1.022332e+00
 1.192159e+00 -2.378485e+00 7.856598e-01
 1.070152e+00 -2.525404e+00 4.949367e-01
 8.900836e-01 -2.561099e+00 1.680469e-01
 6.615019e-01 -2.448146e+00 -1.574747e-01
 4.179426e-01 -2.157932e+00 -4.163312e-01
 2.213023e-01 -1.712584e+00 -5.174215e-01
 1.796317e-01 -1.215796e+00 -4.238404e-01
 3.357438e-01 -8.372025e-01 -2.149705e-01
 6.401999e-01 -5.861908e-01 -9.598716e-02
 1.510377e+00 -2.857116e-01 1.864194e-01
 1.782243e+00 -9.085486e-02 3.656652e-01
 1.951013e+00 2.080219e-01 6.433519e-01
 1.920752e+00 5.731751e-01 9.651980e-01
 1.677604e+00 9.075695e-01 1.218007e+00
 1.277239e+00 1.109814e+00 1.350013e+00
 8.261822e-01 1.122264e+00 1.393702e+00
 4.210872e-01 9.686064e-01 1.357531e+00
 1.854431e-01 7.748461e-01 1.259399e+00
 -1.632120e-01 2.192349e-01 1.096013e+00
 -5.013601e-01 2.741927e-02 1.188566e+00
 -7.756352e-01 -1.900542e-01 1.433848e+00
 -9.001232e-01 -3.871292e-01 1.805958e+00
 -8.503534e-01 -5.313232e-01 2.189376e+00
 -6.779268e-01 -6.217806e-01 2.496186e+00
 -4.068827e-01 -6.958258e-01 2.719429e+00
 -7.330259e-02 -7.239337e-01 2.843183e+00
 2.848251e-01 -6.931467e-01 2.858646e+00
 6.278356e-01 -6.062439e-01 2.757939e+00
 9.091889e-01 -4.722973e-01 2.544434e+00
 1.079589e+00 -3.124494e-01 2.246430e+00
 1.112667e+00 -1.698904e-01 1.946652e+00
 1.027093e+00 9.547578e-02 1.324180e+00
 9.543324e-01 2.066698e-01 9.087298e-01
 9.293461e-01 3.492628e-01 7.230234e-01
 9.790014e-01 5.605729e-01 5.268504e-01
 1.173956e+00 9.786915e-01 2.570347e-01
 1.157403e+00 1.295466e+00 -1.663948e-02
 1.045618e+00 1.486386e+00 -2.522753e-01
 9.026399e-01 1.586166e+00 -4.594063e-01
 7.509455e-01 1.620360e+00 -6.389556e-01
 5.770867e-01 1.608237e+00 -7.903617e-01
 3.895830e-01 1.551388e+00 -9.036449e-01
 1.254339e-01 1.459126e+00 -9.700205e-01
 -8.402300e-02 1.420905e+00 -9.441485e-01
 -2.736309e-01 1.421608e+00 -9.303964e-01
 -9.849474e-01 1.606569e+00 -9.042223e-01
 -1.397838e+00 1.532326e+00 -9.447486e-01
 -1.691436e+00 1.354040e+00 -1.001279e+00
 -1.887213e+00 1.128331e+00 -1.059276e+00
 -2.006596e+00 8.618515e-01 -1.128075e+00
 -2.041534e+00 5.720924e-01 -1.217263e+00
 -1.976816e+00 2.598769e-01 -1.297553e+00
 -1.819639e+00 -1.716192e-02 -1.335198e+00
 -1.534186e+00 -2.490831e-01 -1.365330e+00
 -1.243930e+00 -3.409786e-01 -1.402269e+00
 -9.501755e-01 -3.442163e-01 -1.514509e+00
 -3.591262e-01 -3.781472e-01 -2.035064e+00
 2.398988e-01 -2.019820e-01 -2.172425e+00
 7.723210e-01 1.211874e-01 -1.951036e+00
 9.928269e-01 4.114526e-01 -1.457225e+00
 8.943304e-01 5.457010e-01 -8.501512e-01
 3.263660e-01 7.057292e-01 -2.794845e-01
 7.606466e-02 1.204784e+00 7.791206e-02
 -4.108636e-02 1.854018e+00 1.167372e-02
 -1.169004e-01 2.284263e+00 -3.723466e-01
 -1.489762e-01 2.438621e+00 -8.235347e-01
 -1.737220e-01 2.405712e+00 -1.195236e+00
 -2.025283e-01 2.278021e+00 -1.475607e+00
