 -1.721702e+00 1.298572e+00 -1.182064e-01
 -1.398238e+00 1.529052e+00 -2.563355e-01
 -6.194204e-01 1.719367e+00 -7.591333e-01
 -4.384011e-01 1.904742e+00 -9.770567e-01
 -2.114167e-01 2.133809e+00 -1.075102e+00
 1.733428e-01 2.303372e+00 -1.096846e+00
 5.830902e-01 2.315791e+00 -1.038295e+00
 9.644006e-01 2.158070e+00 -9.352060e-01
 1.243919e+00 1.854192e+00 -8.183374e-01
 1.369346e+00 1.456369e+00 -6.875804e-01
 1.315847e+00 1.034729e+00 -5.660037e-01
 1.026887e+00 5.585800e-01 -4.528532e-01
 9.511442e-01 3.795949e-01 -4.343350e-01
 9.140145e-01 2.268788e-01 -4.271557e-01
 9.001523e-01 2.334095e-02 -4.292094e-01
 9.638633e-01 -2.573929e-01 -4.470901e-01
 1.270152e+00 -8.778755e-01 -4.909866e-01
 1.347801e+00 -1.321020e+00 -3.653818e-01
 1.286584e+00 -1.696240e+00 -1.067793e-01
 1.110014e+00 -1.925582e+00 2.289193e-01
 8.521881e-01 -1.980384e+00 5.232229e-01
 5.648509e-01 -1.926387e+00 6.752596e-01
 2.317172e-01 -1.950187e+00 7.378679e-01
 -6.128585e-02 -2.026752e+00 9.534963e-01
 -3.251214e-01 -1.945674e+00 1.343758e+00
 -4.453178e-01 -1.692145e+00 1.728619e+00
 -4.179144e-01 -1.302151e+00 2.011864e+00
 -2.188152e-01 -8.725214e-01 2.148943e+00
 1.054551e-01 -5.130061e-01 2.107641e+00
 5.790722e-01 -1.564556e-01 1.766915e+00
 7.933302e-01 2.150437e-01 1.639253e+00
 7.614209e-01 6.791390e-01 1.420766e+00
 5.703015e-01 9.781822e-01 1.000021e+00
 3.059398e-01 9.841345e-01 4.696933e-01
 4.135037e-02 6.865269e-01 7.255620e-02
 -2.850717e-01 -8.818912e-01 -7.539907e-01
 -5.238592e-01 -1.172373e+00 -1.058279e+00
 -9.021373e-01 -1.263768e+00 -1.383797e+00
 -1.320705e+00 -1.123142e+00 -1.631294e+00
 -1.676385e+00 -7.876476e-01 -1.742054e+00
 -1.871568e+00 -3.300102e-01 -1.714411e+00
 -1.866174e+00 1.467355e-01 -1.549055e+00
 -1.676751e+00 5.075938e-01 -1.274684e+00
 -1.403308e+00 6.646602e-01 -9.117292e-01
 -1.152692e+00 6.053351e-01 -6.161940e-01
 -1.053521e+00 4.501350e-01 -2.545215e-01
 -1.047197e+00 2.215761e-01 2.401854e-02
 -9.900125e-01 8.852852e-03 1.965278e-01
 -6.305460e-01 -5.911823e-01 6.010638e-01
 -5.354642e-01 -7.032764e-01 6.929843e-01
 -4.250925e-01 -7.967927e-01 7.919437e-01
 -3.083175e-01 -8.650558e-01 8.881645e-01
 3.235097e-01 -1.117132e+00 1.305782e+00
 5.237479e-01 -1.356860e+00 1.538072e+00
 6.427811e-01 -1.765827e+00 1.692108e+00
 6.765308e-01 -2.228280e+00 1.653568e+00
 6.383889e-01 -2.628592e+00 1.429183e+00
 5.620265e-01 -2.890214e+00 1.054837e+00
 4.584102e-01 -2.958215e+00 6.089468e-01
 3.439926e-01 -2.819713e+00 1.837044e-01
 2.555889e-01 -2.501157e+00 -1.405858e-01
 2.151935e-01 -2.064851e+00 -2.953810e-01
 2.457006e-01 -1.604766e+00 -2.527662e-01
 3.656000e-01 -1.212818e+00 -3.304315e-02
 5.708884e-01 -9.936501e-01 2.614779e-01
 1.123985e+00 -9.371704e-01 6.672920e-01
 1.531457e+00 -5.516079e-01 1.850382e+00
 1.461924e+00 -3.314068e-01 2.284683e+00
 1.202028e+00 -4.388350e-02 2.594491e+00
 8.148375e-01 2.478150e-01 2.702592e+00
 3.929022e-01 4.808938e-01 2.581646e+00
 3.377398e-02 5.987591e-01 2.260917e+00
 -1.965243e-01 5.433368e-01 1.853060e+00
 -2.414109e-01 3.573407e-01 1.385956e+00
 -4.992560e-02 1.309013e-01 9.866435e-01
 2.754542e-01 -3.969662e-02 7.785459e-01
 5.729990e-01 -8.311108e-03 6.569427e-01
 1.356169e+00 1.277639e-01 5.014005e-01
 1.767197e+00 9.445736e-02 1.560706e-01
 1.948305e+00 7.921332e-02 -3.939224e-01
 1.825664e+00 8.952607e-02 -9.217558e-01
 1.421084e+00 1.205215e-01 -1.330398e+00
 8.849628e-01 1.516962e-01 -1.464671e+00
 1.783711e-01 2.602494e-01 -1.250694e+00
 -2.454534e-01 5.478320e-01 -1.156400e+00
 -6.877922e-01 1.043870e+00 -1.514462e+00
 -9.824999e-01 1.282806e+00 -1.623580e+00
 -1.250376e+00 1.668139e+00 -1.585121e+00
 -1.368597e+00 2.086436e+00 -1.394913e+00
 -1.309752e+00 2.447240e+00 -1.089117e+00
 -1.096763e+00 2.658111e+00 -7.164963e-01
 -7.645758e-01 2.676967e+00 -3.610806e-01
 -3.694758e-01 2.500802e+00 -1.181198e-01
 -4.736747e-03 2.169655e+00 -5.527266e-02
 2.553168e-01 1.773015e+00 -2.000847e-01
 3.488930e-01 1.474935e+00 -4.862680e-01
 3.509855e-01 1.323256e+00 -7.431498e-01
 4.751262e-01 1.290429e+00 -1.478763e+00
 2.728654e-01 9.372033e-01 -2.081047e+00
 -1.461518e-01 3.805819e-01 -2.263681e+00
 -6.454954e-01 -8.969831e-02 -1.934677e+00
 -1.005636e+00 -2.605105e-01 -1.140864e+00
 -1.184733e+00 -3.616717e-01 -9.329087e-01
 -1.520301e+00 -3.658021e-01 -7.053301e-01
 -1.855594e+00 -1.701968e-01 -4.831366e-01
 -2.051218e+00 1.709373e-01 -2.855779e-01
 -2.077281e+00 5.489340e-01 -1.323371e-01
 -1.962118e+00 9.529445e-01 -7.429004e-02
