 7.795040e-01 2.234129e+00 7.805649e-01
 8.805861e-01 2.140487e+00 1.041660e+00
 9.191101e-01 2.101872e+00 1.375722e+00
 7.724082e-01 1.920737e+00 1.797035e+00
 5.205023e-01 1.542867e+00 2.075746e+00
 2.819985e-01 1.045039e+00 2.096716e+00
 1.216404e-01 5.677973e-01 1.823076e+00
 1.002580e-01 2.693195e-01 1.315082e+00
 3.334864e-01 2.558869e-01 3.268868e-01
 4.920776e-01 2.497009e-01 -1.304976e-02
 8.983712e-01 2.493405e-01 -4.965789e-01
 1.098157e+00 1.097370e-01 -7.735040e-01
 1.187787e+00 -1.403789e-01 -1.132782e+00
 1.106742e+00 -4.390335e-01 -1.449747e+00
 8.630287e-01 -7.236533e-01 -1.670430e+00
 5.051259e-01 -9.642457e-01 -1.744451e+00
 1.126742e-01 -1.103522e+00 -1.659623e+00
 -3.197499e-01 -1.052766e+00 -1.465448e+00
 -5.682489e-01 -8.871130e-01 -1.317841e+00
 -7.566781e-01 -6.100694e-01 -1.283589e+00
 -1.047030e+00 -2.986562e-01 -1.408856e+00
 -1.497982e+00 -1.620457e-01 -1.752466e+00
 -1.922950e+00 -3.512244e-01 -2.107937e+00
 -2.201482e+00 -7.889628e-01 -2.323800e+00
 -2.280873e+00 -1.339206e+00 -2.334871e+00
 -2.132477e+00 -1.848954e+00 -2.160469e+00
 -1.808729e+00 -2.171921e+00 -1.861622e+00
 -1.415138e+00 -2.232860e+00 -1.519808e+00
 -5.919169e-01 -1.771363e+00 -7.734790e-01
 -3.905689e-01 -1.432259e+00 -4.562240e-01
 -3.824964e-01 -6.368068e-01 5.745708e-03
 -4.739656e-01 -3.861543e-01 4.238107e-01
 -6.037388e-01 -3.789907e-01 9.748635e-01
 -9.317913e-01 -6.807653e-01 1.422735e+00
 -1.284133e+00 -1.116425e+00 1.542441e+00
 -1.576023e+00 -1.521674e+00 1.375056e+00
 -1.763068e+00 -1.797032e+00 1.022504e+00
 -1.825133e+00 -1.916845e+00 5.938481e-01
 -1.783241e+00 -1.882504e+00 1.795309e-01
 -1.667923e+00 -1.716525e+00 -1.673009e-01
 -1.504516e+00 -1.443032e+00 -4.068380e-01
 -1.377883e+00 -1.156358e+00 -4.880544e-01
 -1.340803e+00 -9.026644e-01 -5.038636e-01
 -1.298804e+00 -5.717991e-01 -4.258026e-01
 -1.254497e+00 -3.579863e-01 -4.116635e-01
 -1.141980e+00 -1.120042e-01 -4.103643e-01
 -8.263474e-01 2.844034e-01 -3.431326e-01
 -3.894418e-01 7.708003e-01 -2.341244e-01
 -1.454400e-01 1.022805e+00 -1.712830e-01
 1.560193e-02 1.135113e+00 -1.245572e-01
 1.968830e-01 1.213323e+00 -6.834643e-02
 1.007642e+00 1.377538e+00 2.176959e-01
 1.314757e+00 1.475604e+00 3.855353e-01
 1.572550e+00 1.656108e+00 4.572919e-01
 1.772860e+00 1.993179e+00 5.629404e-01
 1.810594e+00 2.390801e+00 6.902104e-01
 1.673076e+00 2.770145e+00 8.595381e-01
 1.368526e+00 3.050924e+00 1.053514e+00
 9.352073e-01 3.160058e+00 1.233517e+00
 4.548089e-01 3.044737e+00 1.348734e+00
 5.327353e-02 2.693412e+00 1.376103e+00
 -1.356933e-01 2.178775e+00 1.292370e+00
 -2.321318e-02 1.633326e+00 1.151083e+00
 3.030030e-01 1.301766e+00 1.045267e+00
 6.808661e-01 1.126066e+00 1.133254e+00
 1.456299e+00 9.612555e-01 1.408443e+00
 1.909734e+00 7.250483e-01 1.353348e+00
 2.204465e+00 3.545791e-01 1.137187e+00
 2.263150e+00 -3.944498e-02 8.235173e-01
 2.089031e+00 -3.641717e-01 4.773594e-01
 1.775091e+00 -5.250739e-01 2.226456e-01
 1.376679e+00 -5.877499e-01 1.035144e-01
 1.054933e+00 -5.939938e-01 1.520393e-01
 7.350430e-01 -6.809136e-01 3.152732e-01
 2.073771e-01 -1.178375e+00 6.607003e-01
 -1.611115e-01 -1.340063e+00 7.476665e-01
 -5.470590e-01 -1.398107e+00 7.250286e-01
 -8.588081e-01 -1.357044e+00 6.195513e-01
 -1.107105e+00 -1.188936e+00 5.067466e-01
 -1.318424e+00 -1.010500e+00 5.075526e-01
 -1.644669e+00 -9.077380e-01 4.872868e-01
 -2.007252e+00 -8.508551e-01 2.844445e-01
 -2.271825e+00 -8.326798e-01 -7.864502e-02
 -2.367513e+00 -8.719371e-01 -4.800758e-01
 -2.305420e+00 -9.549876e-01 -8.696674e-01
 -2.110375e+00 -1.054318e+00 -1.187355e+00
 -1.494641e+00 -1.210337e+00 -1.645213e+00
 -1.240896e+00 -1.179797e+00 -2.073060e+00
 -7.404002e-01 -6.926306e-01 -2.387978e+00
 -1.919924e-01 -1.739216e-01 -2.104555e+00
 1.173696e-01 -2.043997e-02 -1.403965e+00
 2.034316e-01 -3.751251e-01 -8.835297e-01
 7.710759e-01 -1.354410e+00 -5.153336e-01
 1.060273e+00 -1.623171e+00 -7.058596e-02
 1.305008e+00 -1.567564e+00 4.698543e-01
 1.390182e+00 -1.245769e+00 9.136234e-01
 1.352137e+00 -7.684356e-01 1.150564e+00
 1.275297e+00 -2.599416e-01 1.116194e+00
 1.215608e+00 8.454901e-02 8.833992e-01
 1.322587e+00 3.436802e-01 5.621832e-01
 1.712044e+00 6.148984e-01 -2.850451e-03
 1.774031e+00 9.088197e-01 -3.497529e-01
 1.713714e+00 1.353791e+00 -5.664048e-01
 1.533756e+00 1.818663e+00 -5.756657e-01
 1.275212e+00 2.196590e+00 -3.744232e-01
 9.976952e-01 2.392323e+00 -1.516698e-02
 8.071152e-01 2.384234e+00 4.379332e-01
