 -6.973676e-01 2.206346e+00 -1.218939e+00
 -4.875817e-01 1.994976e+00 -1.396106e+00
 -2.402727e-01 1.879736e+00 -1.649684e+00
 3.196404e-01 1.805135e+00 -1.755188e+00
 8.848073e-01 1.615676e+00 -1.495029e+00
 1.160071e+00 1.363364e+00 -9.520321e-01
 1.027251e+00 1.160089e+00 -3.097687e-01
 1.020590e+00 1.087169e+00 -1.495853e-01
 1.056852e+00 9.854844e-01 5.430974e-02
 1.228099e+00 9.249142e-01 7.202847e-01
 1.236645e+00 6.653708e-01 1.155563e+00
 1.109568e+00 2.599443e-01 1.438744e+00
 8.824288e-01 -1.934554e-01 1.492083e+00
 6.953448e-01 -6.098943e-01 1.287296e+00
 6.835980e-01 -8.518987e-01 9.896123e-01
 7.840610e-01 -1.045061e+00 8.075481e-01
 1.160351e+00 -1.522174e+00 1.784711e-01
 1.109643e+00 -1.922201e+00 -2.133943e-01
 7.985960e-01 -2.344085e+00 -4.383488e-01
 3.172468e-01 -2.651263e+00 -4.273596e-01
 -1.889904e-01 -2.745494e+00 -1.893365e-01
 -5.392057e-01 -2.636650e+00 2.179878e-01
 -5.871906e-01 -2.502067e+00 5.829290e-01
 -5.774664e-01 -2.503098e+00 9.676835e-01
 -7.721993e-01 -2.403393e+00 1.399864e+00
 -9.735008e-01 -1.926635e+00 1.768896e+00
 -1.002969e+00 -1.290674e+00 1.828379e+00
 -8.097641e-01 -7.283298e-01 1.575292e+00
 -4.843790e-01 -4.535645e-01 1.086971e+00
 -6.703955e-02 -6.054088e-01 3.654221e-01
 3.695203e-01 -7.793671e-01 -1.346100e-01
 4.365948e-01 -8.308375e-01 -6.458003e-01
 3.750923e-01 -5.812860e-01 -1.162886e+00
 2.860481e-01 -6.358093e-02 -1.460975e+00
 2.002073e-01 5.436562e-01 -1.416611e+00
 9.997164e-02 1.268686e+00 -8.636177e-01
 1.314265e-01 1.508163e+00 -7.608649e-01
 2.008461e-01 1.754363e+00 -6.894594e-01
 2.913207e-01 2.113636e+00 -7.459264e-01
 2.972945e-01 2.482308e+00 -9.515049e-01
 1.889696e-01 2.762339e+00 -1.268771e+00
 -3.758985e-02 2.903303e+00 -1.616257e+00
 -3.464833e-01 2.877808e+00 -1.927486e+00
 -6.884810e-01 2.686857e+00 -2.143067e+00
 -1.011750e+00 2.372920e+00 -2.204029e+00
 -1.250932e+00 1.995583e+00 -2.090581e+00
 -1.349918e+00 1.627520e+00 -1.823030e+00
 -1.288100e+00 1.353384e+00 -1.455894e+00
 -1.105330e+00 1.248244e+00 -1.040593e+00
 -8.811835e-01 1.360682e+00 -6.668629e-01
 -8.133499e-01 1.558871e+00 -4.260663e-01
 -8.314650e-01 1.703740e+00 -1.720212e-01
 -8.615682e-01 1.724647e+00 2.929145e-01
 -8.047499e-01 1.560140e+00 6.950078e-01
 -6.051036e-01 1.282289e+00 1.002442e+00
 -3.125115e-01 9.441687e-01 1.130034e+00
 1.035242e-02 5.982308e-01 1.046104e+00
 5.098277e-01 1.814627e-01 5.904137e-01
 7.303434e-01 4.026167e-02 4.933671e-01
 1.016478e+00 -6.093766e-02 4.389662e-01
 1.386340e+00 -2.263803e-01 5.640913e-01
 1.651568e+00 -4.928845e-01 8.490039e-01
 1.713079e+00 -8.020659e-01 1.176768e+00
 1.574464e+00 -1.138253e+00 1.459477e+00
 1.258577e+00 -1.419753e+00 1.644449e+00
 8.270104e-01 -1.592904e+00 1.693228e+00
 3.865178e-01 -1.628155e+00 1.587887e+00
 -5.698790e-01 -1.480330e+00 8.682377e-01
 -1.053709e+00 -1.577776e+00 7.614291e-01
 -1.461143e+00 -1.950195e+00 7.387810e-01
 -1.619609e+00 -2.474306e+00 7.505439e-01
 -1.489579e+00 -3.004420e+00 7.630393e-01
 -1.111120e+00 -3.393459e+00 7.693374e-01
 -5.918661e-01 -3.537879e+00 7.724568e-01
 -7.152351e-02 -3.403319e+00 7.611994e-01
 3.051049e-01 -3.030570e+00 7.280203e-01
 4.501299e-01 -2.519894e+00 6.313043e-01
 3.486938e-01 -2.116199e+00 5.046388e-01
 1.622040e-01 -1.863903e+00 2.473046e-01
 -3.708550e-01 -1.504673e+00 -2.611227e-01
 -5.670042e-01 -1.140860e+00 -4.701796e-01
 -5.952447e-01 -6.901085e-01 -5.915509e-01
 -4.492065e-01 -2.527711e-01 -5.897970e-01
 -1.641950e-01 5.235497e-02 -5.084908e-01
 2.404776e-01 2.000685e-01 -4.233153e-01
 1.356076e+00 1.569459e-01 -6.244450e-01
 2.029233e+00 7.096514e-01 -3.874783e-01
 2.017847e+00 1.529755e+00 -1.350455e-02
 1.339495e+00 2.034704e+00 3.048836e-01
 4.632500e-01 1.846077e+00 4.177406e-01
 -1.626049e-01 9.564476e-01 9.500799e-02
 -6.161899e-01 6.917660e-01 1.271284e-01
 -1.229404e+00 7.455610e-01 1.153075e-01
 -1.700684e+00 1.111636e+00 -4.780022e-02
 -1.866572e+00 1.630826e+00 -3.660872e-01
 -1.658445e+00 2.102172e+00 -7.329392e-01
 -1.163877e+00 2.322983e+00 -1.059455e+00
