 -2.313676e+00 1.012488e+00 -6.442656e-01
 -2.032093e+00 1.314711e+00 -8.054056e-01
 -1.588639e+00 1.476520e+00 -9.474517e-01
 -1.104245e+00 1.419414e+00 -1.011681e+00
 -6.737040e-01 1.151014e+00 -9.441904e-01
 -4.142464e-01 6.809185e-01 -8.002499e-01
 -4.515730e-01 8.802666e-02 -5.882597e-01
 -8.696623e-01 -3.932321e-01 -7.520263e-01
 -1.931011e+00 -8.687895e-01 -9.329187e-01
 -2.438516e+00 -9.145545e-01 -8.160348e-01
 -2.856003e+00 -8.025562e-01 -5.068979e-01
 -3.066307e+00 -5.713105e-01 -6.986708e-02
 -3.006941e+00 -2.819040e-01 3.767128e-01
 -2.695864e+00 1.881585e-02 6.940984e-01
 -2.206018e+00 2.460362e-01 7.963382e-01
 -1.662371e+00 2.664792e-01 7.001333e-01
 -1.311958e+00 9.018012e-02 4.961233e-01
 -1.088418e+00 -1.677134e-01 2.868752e-01
 -9.721594e-01 -5.359090e-01 2.355118e-01
 -9.703297e-01 -9.408679e-01 2.110126e-01
 -8.244860e-01 -1.310888e+00 2.443155e-01
 -5.456395e-01 -1.607946e+00 2.442776e-01
 -1.993929e-01 -1.764971e+00 2.103952e-01
 1.816252e-01 -1.768212e+00 1.528008e-01
 5.742722e-01 -1.604822e+00 7.824663e-02
 9.237162e-01 -1.240378e+00 -2.755784e-03
 1.056520e+00 -1.145276e+00 -3.747382e-02
 1.215704e+00 -1.078736e+00 -7.698806e-02
 1.421907e+00 -1.055701e+00 -1.310537e-01
 1.748371e+00 -1.070442e+00 -2.714173e-01
 2.042706e+00 -9.698912e-01 -4.190964e-01
 2.289958e+00 -7.663052e-01 -5.415498e-01
 2.462280e+00 -4.878265e-01 -6.219689e-01
 2.536547e+00 -1.631588e-01 -6.717881e-01
 2.499982e+00 1.839049e-01 -6.862204e-01
 2.352521e+00 5.097463e-01 -6.493355e-01
 2.111111e+00 7.668969e-01 -5.551363e-01
 1.826501e+00 9.174413e-01 -3.983932e-01
 1.556800e+00 9.451651e-01 -2.004026e-01
 1.405684e+00 8.937059e-01 -2.288570e-03
 1.319170e+00 8.758812e-01 1.841235e-01
 1.166869e+00 9.303053e-01 4.024094e-01
 8.982743e-01 9.780101e-01 5.825382e-01
 5.372735e-01 9.469096e-01 6.931117e-01
 -1.642329e-01 7.926130e-01 6.538881e-01
 -5.578691e-01 7.199712e-01 8.053505e-01
 -7.856596e-01 7.419659e-01 1.051015e+00
 -9.519457e-01 6.682873e-01 1.392182e+00
 -9.794807e-01 4.858077e-01 1.780715e+00
 -8.553894e-01 1.485766e-01 2.122527e+00
 -6.199884e-01 -2.982396e-01 2.262044e+00
 -3.529802e-01 -7.572267e-01 2.118321e+00
 -9.066068e-02 -1.068136e+00 1.699140e+00
 8.069141e-02 -1.096877e+00 1.126208e+00
 4.215135e-02 -7.951904e-01 4.556422e-01
 2.387084e-02 -7.283612e-01 1.022142e-01
 -2.483647e-02 -7.965246e-01 -1.545620e-01
 -2.055988e-01 -1.186427e+00 -7.577105e-01
 -1.238360e-01 -1.257205e+00 -1.375206e+00
 2.235372e-01 -1.132106e+00 -1.853725e+00
 7.251190e-01 -8.337527e-01 -2.041011e+00
 1.236998e+00 -4.704023e-01 -1.853474e+00
 1.523654e+00 -2.035294e-01 -1.375223e+00
 1.524895e+00 -8.445426e-02 -5.387391e-01
 1.583715e+00 -6.583743e-02 -3.003332e-01
 1.712185e+00 -6.060923e-02 -8.255969e-02
 1.854699e+00 -5.576088e-03 7.840366e-02
 2.019212e+00 1.294191e-01 2.416393e-01
 2.172814e+00 3.498695e-01 3.808548e-01
 2.271841e+00 6.642876e-01 4.889730e-01
 2.263274e+00 1.057389e+00 5.421095e-01
 2.091036e+00 1.478828e+00 5.112883e-01
 1.727603e+00 1.821484e+00 3.504178e-01
 1.220783e+00 1.922959e+00 6.342069e-02
 7.146659e-01 1.657538e+00 -2.210344e-01
 4.500228e-01 1.096055e+00 -3.830614e-01
 4.534717e-01 4.176678e-01 -2.250891e-01
 1.178557e+00 -7.066403e-01 9.514159e-01
 1.512157e+00 -1.489986e+00 8.902969e-01
 1.606059e+00 -2.056056e+00 2.349984e-01
 1.397041e+00 -2.063704e+00 -5.370727e-01
 1.029459e+00 -1.489883e+00 -1.064303e+00
 7.216668e-01 -7.572319e-01 -9.816106e-01
 6.126323e-01 -5.838556e-01 -1.014055e+00
 3.582109e-01 -3.331522e-01 -1.177143e+00
 -1.418476e-01 -8.958027e-02 -1.562563e+00
 -5.422632e-01 6.803363e-02 -1.657813e+00
 -8.930384e-01 2.206622e-01 -1.592267e+00
 -1.168404e+00 3.287899e-01 -1.418370e+00
 -1.358735e+00 4.032917e-01 -1.175650e+00
 -1.444131e+00 4.512089e-01 -8.970651e-01
 -1.428270e+00 4.956691e-01 -6.473686e-01
 -1.394667e+00 5.834187e-01 -4.459274e-01
 -1.333193e+00 7.740095e-01 -2.332016e-01
 -9.937119e-01 1.479554e+00 3.066973e-01
 -8.590702e-01 1.634179e+00 4.942042e-01
 -6.745268e-01 1.731400e+00 7.462867e-01
 -4.564445e-01 1.719226e+00 1.052547e+00
 -2.310320e-01 1.549160e+00 1.363975e+00
 -6.653419e-02 1.212340e+00 1.612780e+00
 3.721582e-02 7.923003e-01 1.688689e+00
 2.922424e-02 2.976222e-01 1.560134e+00
 -1.774113e-01 -5.934073e-02 1.343850e+00
 -4.977866e-01 -2.296591e-01 1.212981e+00
 -1.212861e+00 -6.417191e-01 1.272962e+00
 -1.826167e+00 -7.872404e-01 8.526687e-01
 -2.024734e+00 -6.501110e-01 1.973541e-01
 -2.061030e+00 -2.553358e-01 -1.127776e-01
 -2.379765e+00 2.915047e-01 -3.500869e-01
 -2.424900e+00 6.476799e-01 -4.831002e-01
