 -6.092594e-01 -2.056921e+00 -9.981581e-01
 -3.521031e-01 -2.258590e+00 -9.754094e-01
 -1.734997e-02 -2.440984e+00 -1.123231e+00
 3.662859e-01 -2.458514e+00 -1.408345e+00
 6.725566e-01 -2.273782e+00 -1.689012e+00
 8.921951e-01 -1.911584e+00 -1.895430e+00
 9.408408e-01 -1.460697e+00 -2.007565e+00
 8.131339e-01 -1.015958e+00 -2.004920e+00
 5.389192e-01 -6.658638e-01 -1.890786e+00
 1.758997e-01 -4.758214e-01 -1.685253e+00
 -1.968255e-01 -4.816445e-01 -1.415287e+00
 -6.268941e-01 -7.614460e-01 -1.038615e+00
 -1.340084e+00 -1.319309e+00 -1.539185e-01
 -1.510146e+00 -1.372504e+00 2.442433e-01
 -1.562570e+00 -1.285305e+00 6.606415e-01
 -1.499432e+00 -1.064482e+00 1.025894e+00
 -1.340739e+00 -7.550257e-01 1.263880e+00
 -1.060171e+00 -4.284723e-01 1.361642e+00
 -7.279230e-01 -1.803460e-01 1.304037e+00
 -3.929074e-01 -4.777720e-02 1.113862e+00
 -1.030617e-01 -6.622065e-02 8.654796e-01
 6.278439e-02 -1.509346e-01 6.987035e-01
 2.366542e-01 -3.243258e-01 5.765448e-01
 5.946891e-01 -7.177756e-01 5.227435e-01
 7.833101e-01 -8.977231e-01 4.034201e-01
 9.269304e-01 -1.091101e+00 1.952610e-01
 9.848666e-01 -1.268738e+00 -6.250930e-02
 9.516122e-01 -1.413076e+00 -3.428103e-01
 8.329400e-01 -1.509633e+00 -6.140228e-01
 6.491894e-01 -1.535990e+00 -8.675691e-01
 1.917061e-01 -1.438269e+00 -1.274880e+00
 -6.727797e-03 -1.493751e+00 -1.582836e+00
 -1.464889e-01 -1.647816e+00 -1.807572e+00
 -3.351412e-01 -1.928120e+00 -1.972816e+00
 -5.281860e-01 -2.272014e+00 -2.000199e+00
 -7.516580e-01 -2.579520e+00 -1.874403e+00
 -9.560429e-01 -2.802116e+00 -1.618194e+00
 -1.094808e+00 -2.921190e+00 -1.268424e+00
 -1.147806e+00 -2.921758e+00 -8.819933e-01
 -1.109170e+00 -2.807919e+00 -5.146527e-01
 -9.882150e-01 -2.597289e+00 -2.178778e-01
 -8.049619e-01 -2.319816e+00 -3.154664e-02
 -5.871300e-01 -2.013520e+00 2.025911e-02
 -1.116438e-01 -1.355755e+00 -1.757236e-01
 1.790565e-02 -1.019163e+00 -2.582442e-01
 1.213285e-01 -8.122242e-01 -3.712166e-01
 2.912865e-01 -6.427859e-01 -5.134757e-01
 7.687719e-01 -4.269997e-01 -8.767729e-01
 1.061984e+00 -2.305897e-01 -9.778166e-01
 1.331086e+00 2.351255e-02 -9.595217e-01
 1.562011e+00 3.204943e-01 -8.075789e-01
 1.686426e+00 5.760350e-01 -5.674683e-01
 1.697022e+00 8.163642e-01 -2.269158e-01
 1.588335e+00 9.454988e-01 5.724234e-02
 1.365667e+00 9.847899e-01 3.193422e-01
 1.189927e+00 9.051701e-01 5.495593e-01
 1.087425e+00 7.133024e-01 8.267126e-01
 7.596931e-01 -1.446590e-01 1.452742e+00
 5.047833e-01 -4.951168e-01 1.567859e+00
 2.324789e-01 -7.874706e-01 1.516544e+00
 -4.481718e-02 -9.965775e-01 1.325962e+00
 -3.016358e-01 -1.076764e+00 1.027798e+00
 -5.112147e-01 -1.003864e+00 6.978629e-01
 -6.796697e-01 -8.010729e-01 4.605198e-01
 -8.754717e-01 -5.523644e-01 3.590072e-01
 -1.359671e+00 -3.057460e-01 2.786841e-01
 -1.636708e+00 5.240664e-02 1.756989e-01
 -1.718729e+00 4.481005e-01 3.464559e-02
 -1.598468e+00 8.491103e-01 -1.543936e-01
 -1.294306e+00 1.168083e+00 -2.847310e-01
 -8.564018e-01 1.366135e+00 -2.963883e-01
 -4.274694e-01 1.389952e+00 -1.864516e-01
 -8.906269e-02 1.277595e+00 3.304981e-02
 1.554309e-01 1.043642e+00 4.535896e-01
 9.336426e-02 9.132501e-01 9.177481e-01
 -5.307607e-02 9.126795e-01 1.281648e+00
 -2.914669e-01 1.054796e+00 1.597539e+00
 -5.450398e-01 1.326660e+00 1.796791e+00
 -7.620424e-01 1.682916e+00 1.848000e+00
 -9.103455e-01 2.058386e+00 1.744639e+00
 -9.516558e-01 2.397440e+00 1.518101e+00
 -8.739039e-01 2.653925e+00 1.214190e+00
 -7.003347e-01 2.785186e+00 8.730034e-01
 -4.544716e-01 2.774335e+00 5.509672e-01
 -1.598390e-01 2.627319e+00 3.048438e-01
 1.449615e-01 2.385245e+00 1.916796e-01
 3.865427e-01 2.137364e+00 2.349302e-01
 6.617504e-01 1.923792e+00 4.391115e-01
 1.319406e+00 1.866681e+00 8.889027e-01
 1.685279e+00 1.653499e+00 1.055815e+00
 1.965502e+00 1.298590e+00 1.108206e+00
 2.108393e+00 8.738868e-01 1.031536e+00
 2.085266e+00 4.483721e-01 8.356191e-01
 1.902308e+00 1.286625e-01 5.908826e-01
 1.592821e+00 -4.568976e-02 3.459660e-01
 1.207078e+00 -3.086475e-02 1.052778e-01
 9.091964e-01 1.319950e-01 -3.612752e-02
 7.600895e-01 3.048717e-01 -1.496923e-01
 6.744164e-01 6.832393e-01 -3.877169e-01
 7.524132e-01 1.125128e+00 -5.213444e-01
 1.169076e+00 1.992494e+00 -4.543287e-01
 1.269521e+00 2.345644e+00 -2.850587e-01
 1.255699e+00 2.648818e+00 -1.457607e-02
 1.126676e+00 2.853879e+00 3.088496e-01
 9.168361e-01 2.922679e+00 6.392294e-01
 6.786079e-01 2.839437e+00 9.415013e-01
 4.070462e-01 2.610822e+00 1.171031e+00
 1.408015e-01 2.303777e+00 1.243391e+00
 -5.541658e-02 2.033084e+00 1.164395e+00
 -2.304730e-01 1.877896e+00 9.942484e-01
 -4.213179e-01 1.798842e+00 8.792797e-01
 -6.785951e-01 1.609946e+00 8.166233e-01
 -8.729773e-01 1.237623e+00 7.319613e-01
 -8.836505e-01 8.712360e-01 6.202737e-01
 -7.638956e-01 5.555800e-01 3.900451e-01
 -6.566328e-01 4.228051e-01 6.216254e-02
 -6.754483e-01 3.588637e-01 -1.347205e-01
 -8.473433e-01 2.081651e-01 -4.858622e-01
 -1.395959e+00 -6.093084e-02 -9.712713e-01
 -1.610734e+00 -4.133462e-01 -1.235611e+00
 -1.641581e+00 -8.704397e-01 -1.417051e+00
 -1.492327e+00 -1.337481e+00 -1.459842e+00
 -1.208611e+00 -1.719388e+00 -1.341139e+00
 -8.109163e-01 -1.957069e+00 -1.062542e+00
