 -1.745211e+00 4.939621e-01 -4.233370e-01
 -1.620943e+00 9.978632e-01 -2.907216e-02
 -1.422665e+00 1.250071e+00 1.959849e-01
 -1.160717e+00 1.405760e+00 3.576560e-01
 -8.378384e-01 1.487107e+00 4.539388e-01
 -4.958458e-01 1.484031e+00 4.731936e-01
 3.064455e-01 1.252748e+00 3.489478e-01
 6.760932e-01 1.021341e+00 2.645149e-01
 9.340915e-01 8.920036e-01 9.882069e-02
 1.212933e+00 8.554494e-01 -1.714591e-01
 1.361289e+00 9.115866e-01 -6.338989e-01
 1.244326e+00 8.543326e-01 -1.139921e+00
 8.746444e-01 6.660684e-01 -1.542804e+00
 3.686927e-01 4.251351e-01 -1.674424e+00
 -1.291983e-01 2.190498e-01 -1.505261e+00
 -5.947169e-01 7.601376e-02 -9.689823e-01
 -8.078518e-01 -2.602083e-02 -8.314022e-01
 -1.291307e+00 -4.427517e-01 -3.516517e-01
 -1.647788e+00 -4.820544e-01 -5.451018e-02
 -2.057986e+00 -3.324191e-01 1.418136e-01
 -2.421595e+00 -2.961133e-02 1.852462e-01
 -2.663354e+00 3.581091e-01 6.901453e-02
 -2.736397e+00 7.467387e-01 -1.795140e-01
 -2.631758e+00 1.054154e+00 -5.046941e-01
 -2.353269e+00 1.247301e+00 -8.250925e-01
 -1.952623e+00 1.263419e+00 -1.096379e+00
 -1.600204e+00 1.088700e+00 -1.253574e+00
 -1.360828e+00 7.370608e-01 -1.406309e+00
 -1.289662e+00 1.659853e-01 -1.724262e+00
 -1.166294e+00 -2.510007e-01 -1.770989e+00
 -9.258978e-01 -6.174009e-01 -1.667715e+00
 -6.368275e-01 -8.605832e-01 -1.413965e+00
 -3.627365e-01 -9.309487e-01 -1.055469e+00
 -1.575699e-01 -8.122300e-01 -6.636944e-01
 -1.872165e-03 -2.941881e-01 -9.350069e-03
 1.473337e-01 1.153154e-01 3.855578e-01
 8.097778e-03 4.104386e-01 8.145203e-01
 -3.430448e-01 6.321196e-01 1.090650e+00
 -8.303193e-01 6.376457e-01 1.283721e+00
 -1.289609e+00 4.119157e-01 1.352806e+00
 -1.600058e+00 -3.132930e-03 1.317602e+00
 -1.679997e+00 -4.965130e-01 1.197660e+00
 -1.517237e+00 -9.456369e-01 1.023070e+00
 -1.155548e+00 -1.246784e+00 8.415943e-01
 -6.844008e-01 -1.332560e+00 7.063402e-01
 -2.110243e-01 -1.197882e+00 6.658999e-01
 1.660108e-01 -9.030218e-01 7.806515e-01
 3.411319e-01 -6.262375e-01 1.030384e+00
 4.536332e-01 -4.991318e-01 1.335131e+00
 6.611222e-01 -5.412046e-01 1.723921e+00
 9.940140e-01 -7.659900e-01 2.028714e+00
 1.343177e+00 -1.080812e+00 2.113212e+00
 1.678099e+00 -1.379139e+00 1.979368e+00
 1.935254e+00 -1.605917e+00 1.653918e+00
 2.061086e+00 -1.709745e+00 1.193834e+00
 2.052743e+00 -1.625276e+00 7.087530e-01
 1.942621e+00 -1.382941e+00 3.647807e-01
 1.874589e+00 -1.092999e+00 2.237770e-01
 1.903845e+00 -8.850765e-01 1.336560e-01
 1.930748e+00 -6.595140e-01 -7.333051e-02
 1.774363e+00 -3.921144e-01 -3.771662e-01
 1.422169e+00 -1.715709e-01 -6.064230e-01
 8.769758e-01 -5.300016e-03 -6.669452e-01
 6.067087e-01 1.773082e-01 -6.554241e-01
 3.605636e-01 4.839872e-01 -6.279266e-01
 2.886850e-01 7.483776e-01 -6.827275e-01
 3.622948e-01 1.234052e+00 -7.114906e-01
 6.171679e-01 1.642021e+00 -5.828616e-01
 1.010855e+00 1.891208e+00 -2.271489e-01
 1.369755e+00 1.842678e+00 1.913102e-01
 1.638109e+00 1.517225e+00 5.541661e-01
 1.731047e+00 1.008966e+00 7.609253e-01
 1.615885e+00 4.646831e-01 7.581082e-01
 1.019638e+00 -4.015207e-01 3.302851e-01
 8.878713e-01 -7.395940e-01 1.064533e-01
 9.652711e-01 -1.062631e+00 -2.758477e-01
 1.294861e+00 -1.301453e+00 -6.112694e-01
 1.795328e+00 -1.442433e+00 -7.492272e-01
 2.320351e+00 -1.446815e+00 -6.440581e-01
 2.732169e+00 -1.309927e+00 -3.291921e-01
 2.917866e+00 -1.094321e+00 1.200886e-01
 2.831751e+00 -8.814300e-01 5.937782e-01
 2.499995e+00 -7.177174e-01 9.671052e-01
 2.012641e+00 -6.653299e-01 1.153895e+00
 1.563431e+00 -7.737582e-01 1.144065e+00
 1.282593e+00 -1.035206e+00 1.064030e+00
 1.051244e+00 -1.366489e+00 1.146659e+00
 6.665716e-01 -1.560169e+00 1.429829e+00
 1.552954e-01 -1.460967e+00 1.678338e+00
 -3.324026e-01 -1.079003e+00 1.717177e+00
 -6.165055e-01 -5.945466e-01 1.462183e+00
 -6.476562e-01 -3.687226e-01 1.114039e+00
 -7.268566e-01 -3.023009e-01 8.176137e-01
 -8.851914e-01 -1.109545e-01 5.513803e-01
 -8.897579e-01 2.638120e-01 2.767621e-01
 -6.757233e-01 5.996357e-01 -5.427442e-02
 -6.349061e-01 7.453990e-01 -2.080907e-01
 -6.772349e-01 1.072427e+00 -5.799616e-01
 -6.038434e-01 1.442746e+00 -1.209344e+00
 -7.515415e-01 1.553047e+00 -1.681107e+00
 -1.076013e+00 1.507117e+00 -2.070333e+00
 -1.500203e+00 1.315322e+00 -2.280236e+00
 -1.921441e+00 1.024077e+00 -2.256859e+00
 -2.235485e+00 7.056599e-01 -2.003302e+00
 -2.358285e+00 4.293250e-01 -1.582359e+00
 -2.243416e+00 2.504262e-01 -1.104187e+00
 -1.982821e+00 2.620773e-01 -7.280182e-01
