 -1.414872e+00 1.148001e+00 -7.957628e-01
 -1.534961e+00 8.470332e-01 -6.502141e-01
 -1.539130e+00 5.036998e-01 -4.600719e-01
 -1.567146e+00 3.422267e-01 -3.861107e-01
 -1.618251e+00 1.938155e-01 -3.299655e-01
 -1.782655e+00 -7.011014e-02 -2.704942e-01
 -2.062126e+00 -2.530679e-01 -1.500513e-01
 -2.379870e+00 -3.323795e-01 9.976287e-02
 -2.634476e+00 -2.761769e-01 4.454907e-01
 -2.749379e+00 -1.040470e-01 8.336073e-01
 -2.685342e+00 1.405184e-01 1.204007e+00
 -2.446850e+00 4.095766e-01 1.479844e+00
 -2.078632e+00 6.597678e-01 1.598159e+00
 -1.641238e+00 8.143530e-01 1.544691e+00
 -1.223035e+00 8.289348e-01 1.329714e+00
 -9.171618e-01 6.998644e-01 9.961852e-01
 -7.795497e-01 4.323866e-01 6.286691e-01
 -8.386598e-01 1.903705e-02 2.907365e-01
 -1.301762e+00 -1.113431e+00 2.519291e-01
 -1.288040e+00 -1.534282e+00 2.260314e-01
 -1.111382e+00 -1.922001e+00 1.261030e-01
 -8.117899e-01 -2.183665e+00 8.743124e-03
 -4.375479e-01 -2.292186e+00 -1.167338e-01
 -5.025690e-02 -2.229587e+00 -2.466370e-01
 2.922964e-01 -1.998827e+00 -3.812021e-01
 4.924947e-01 -1.660339e+00 -5.127822e-01
 5.183809e-01 -1.309173e+00 -6.260551e-01
 4.301275e-01 -1.035545e+00 -7.715500e-01
 3.142319e-01 -7.653301e-01 -1.174380e+00
 1.706321e-01 -5.094885e-01 -1.381765e+00
 2.687748e-02 -1.862712e-01 -1.471984e+00
 -1.033814e-01 1.366108e-01 -1.424270e+00
 -2.503442e-01 4.298319e-01 -1.242430e+00
 -4.102416e-01 6.129511e-01 -9.780708e-01
 -5.094685e-01 6.630717e-01 -7.473615e-01
 -5.451452e-01 7.382427e-01 -4.342829e-01
 -5.896912e-01 9.022192e-01 -2.500642e-01
 -5.765247e-01 1.145656e+00 -5.681742e-02
 -4.342639e-01 1.443217e+00 1.061034e-01
 -1.733840e-01 1.712635e+00 1.906827e-01
 1.615382e-01 1.882464e+00 2.032759e-01
 5.458476e-01 1.924067e+00 1.668015e-01
 8.993531e-01 1.824984e+00 1.034900e-01
 1.187715e+00 1.609984e+00 7.846707e-03
 1.372027e+00 1.314718e+00 -1.195888e-01
 1.453615e+00 8.459670e-01 -2.855493e-01
 1.574436e+00 6.446577e-01 -3.249904e-01
 1.728808e+00 4.886122e-01 -3.858057e-01
 2.059451e+00 2.767575e-01 -5.030083e-01
 2.302859e+00 -4.246752e-02 -5.397618e-01
 2.416491e+00 -4.286620e-01 -5.143243e-01
 2.382786e+00 -8.473641e-01 -4.193492e-01
 2.225672e+00 -1.165532e+00 -2.830443e-01
 1.959249e+00 -1.380033e+00 -1.377246e-01
 1.619016e+00 -1.469723e+00 2.209438e-02
 1.247325e+00 -1.410035e+00 1.924020e-01
 9.045707e-01 -1.201929e+00 3.041506e-01
 4.870264e-01 -6.756660e-01 3.178566e-01
 2.520416e-01 -5.098556e-01 4.612186e-01
 5.187373e-02 -4.323036e-01 6.383548e-01
 -8.648862e-02 -4.050277e-01 8.115099e-01
 -2.373213e-01 -4.208096e-01 9.885549e-01
 -4.429204e-01 -4.249358e-01 1.137516e+00
 -6.742339e-01 -3.984966e-01 1.239194e+00
 -9.069920e-01 -3.481947e-01 1.283781e+00
 -1.133219e+00 -2.851951e-01 1.272950e+00
 -1.346374e+00 -2.112068e-01 1.209769e+00
 -1.536466e+00 -1.199867e-01 1.092856e+00
 -1.657206e+00 -3.051805e-02 9.580490e-01
 -1.742157e+00 9.782782e-02 7.985704e-01
 -1.800144e+00 2.756144e-01 6.827315e-01
 -1.929304e+00 4.722729e-01 5.888522e-01
 -2.101074e+00 6.031159e-01 4.620017e-01
 -2.303213e+00 6.872237e-01 2.318870e-01
 -2.467801e+00 6.880668e-01 -6.318398e-02
 -2.549681e+00 6.112910e-01 -4.035875e-01
 -2.521924e+00 4.783037e-01 -7.234314e-01
 -2.392149e+00 3.329194e-01 -9.895137e-01
 -2.167257e+00 1.844618e-01 -1.193193e+00
 -1.880086e+00 2.393977e-02 -1.300183e+00
 -1.566812e+00 -1.241698e-01 -1.293915e+00
 -1.260633e+00 -2.353030e-01 -1.176934e+00
 -6.039782e-01 -3.515149e-01 -6.714030e-01
 -2.924485e-01 -2.979512e-01 -5.019914e-01
 -8.660343e-02 -1.889734e-01 -4.267541e-01
 2.162981e-01 -2.442720e-02 -4.530296e-01
 5.369030e-01 7.232585e-02 -6.236184e-01
 1.046938e+00 5.037210e-01 -1.179177e+00
 1.289370e+00 7.107940e-01 -1.297354e+00
 1.566977e+00 9.180394e-01 -1.304984e+00
 1.845386e+00 1.098926e+00 -1.197450e+00
 2.088926e+00 1.232196e+00 -9.853897e-01
 2.289029e+00 1.292280e+00 -6.797418e-01
 2.402227e+00 1.258953e+00 -3.479784e-01
 2.408666e+00 1.151169e+00 -1.151767e-02
 2.294604e+00 1.004788e+00 2.996559e-01
 2.061817e+00 8.375761e-01 5.492260e-01
 1.763776e+00 6.611083e-01 6.767133e-01
 1.359522e+00 3.931762e-01 6.683740e-01
 1.177508e+00 2.245783e-01 7.406910e-01
 1.048199e+00 3.138494e-02 8.804315e-01
 9.542667e-01 -2.885999e-01 1.156722e+00
 8.673418e-01 -5.255976e-01 1.268043e+00
 7.163578e-01 -7.947600e-01 1.323207e+00
 5.054921e-01 -1.067967e+00 1.297847e+00
 3.013125e-01 -1.266084e+00 1.182043e+00
 1.001315e-01 -1.385803e+00 9.961565e-01
 -9.246735e-02 -1.435395e+00 7.282960e-01
 -2.346328e-01 -1.405138e+00 4.154623e-01
 -3.254069e-01 -1.256518e+00 -3.941554e-02
 -4.161139e-01 -1.265358e+00 -2.401754e-01
 -5.171133e-01 -1.348974e+00 -5.272476e-01
 -4.669047e-01 -1.519454e+00 -9.055231e-01
 -2.211803e-01 -1.681076e+00 -1.263530e+00
 1.372854e-01 -1.755514e+00 -1.482844e+00
 5.630274e-01 -1.710032e+00 -1.570772e+00
 9.650685e-01 -1.525760e+00 -1.527370e+00
 1.267717e+00 -1.247501e+00 -1.343174e+00
 1.413391e+00 -9.439091e-01 -1.047124e+00
 1.387058e+00 -5.330625e-01 -3.756136e-01
 1.510481e+00 -4.391966e-01 -1.688710e-02
 1.833796e+00 -4.921688e-01 4.254742e-01
 1.968179e+00 -4.270588e-01 7.819465e-01
 1.997612e+00 -2.475768e-01 1.165643e+00
 1.926501e+00 -4.248225e-02 1.426244e+00
 1.763657e+00 1.860366e-01 1.606865e+00
 1.525125e+00 4.446963e-01 1.686868e+00
 1.233017e+00 7.243854e-01 1.632377e+00
 9.642342e-01 9.182722e-01 1.460693e+00
 7.329064e-01 1.027944e+00 1.187277e+00
 5.707019e-01 1.036295e+00 8.515388e-01
 4.665096e-01 8.957666e-01 2.139205e-01
 4.206553e-01 9.392975e-01 -1.286851e-01
 4.018477e-01 1.090882e+00 -4.137489e-01
 2.860373e-01 1.300153e+00 -6.297339e-01
 7.683540e-02 1.494030e+00 -7.847586e-01
 -2.202081e-01 1.627632e+00 -8.877127e-01
 -5.645415e-01 1.658879e+00 -9.430237e-01
 -9.018958e-01 1.580256e+00 -9.433017e-01
 -1.195924e+00 1.404735e+00 -8.907140e-01
