 -7.471910e-01 -1.453251e+00 8.528070e-01
 -6.103395e-01 -1.587531e+00 1.240635e+00
 -3.851949e-01 -1.561694e+00 1.609091e+00
 -9.952128e-02 -1.391731e+00 1.880028e+00
 2.341755e-01 -1.111500e+00 1.988072e+00
 5.428303e-01 -7.866441e-01 1.908035e+00
 7.542897e-01 -4.984990e-01 1.672499e+00
 8.391581e-01 -2.651325e-01 1.322669e+00
 7.395467e-01 -1.495990e-02 5.620145e-01
 7.138187e-01 1.352789e-01 3.229731e-01
 7.541364e-01 2.440900e-01 1.693273e-01
 8.777356e-01 4.019108e-01 1.049734e-02
 1.178417e+00 6.623885e-01 -3.319575e-01
 1.259069e+00 8.738597e-01 -5.810906e-01
 1.235369e+00 1.125694e+00 -8.153321e-01
 1.128550e+00 1.409080e+00 -9.781109e-01
 9.529937e-01 1.680457e+00 -1.051152e+00
 7.112766e-01 1.903896e+00 -1.043840e+00
 4.281224e-01 2.072818e+00 -9.426618e-01
 1.509945e-01 2.169811e+00 -7.465730e-01
 -8.145542e-02 2.175363e+00 -4.868471e-01
 -2.781978e-01 2.067912e+00 -1.946528e-01
 -4.425882e-01 2.004293e+00 -5.300104e-02
 -6.767788e-01 1.994124e+00 9.166789e-02
 -1.016301e+00 1.942972e+00 1.458957e-01
 -1.378097e+00 1.775134e+00 7.929582e-02
 -1.624764e+00 1.521870e+00 -3.683802e-02
 -1.744867e+00 1.190584e+00 -1.570454e-01
 -1.718999e+00 8.029486e-01 -2.840305e-01
 -1.548330e+00 4.678526e-01 -4.040628e-01
 -1.255626e+00 2.201073e-01 -5.088994e-01
 -8.937317e-01 9.732654e-02 -5.728285e-01
 -8.355396e-02 8.051287e-02 -5.240173e-01
 2.390932e-01 2.881796e-02 -6.742254e-01
 6.934722e-01 9.208940e-02 -1.027089e+00
 1.108570e+00 2.074985e-02 -1.144285e+00
 1.512866e+00 -1.984979e-01 -1.130742e+00
 1.778615e+00 -5.487325e-01 -1.055223e+00
 1.869179e+00 -9.372536e-01 -9.037124e-01
 1.777574e+00 -1.327565e+00 -6.421185e-01
 1.510153e+00 -1.598486e+00 -3.646329e-01
 1.122664e+00 -1.702219e+00 -1.358991e-01
 5.320339e-01 -1.628781e+00 3.640432e-03
 2.444437e-01 -1.705564e+00 7.894207e-02
 5.539913e-02 -1.832387e+00 1.176383e-01
 -1.889205e-01 -2.050234e+00 1.172850e-01
 -5.059742e-01 -2.181046e+00 9.731304e-02
 -8.605066e-01 -2.203142e+00 1.104337e-01
 -1.194473e+00 -2.117357e+00 1.771018e-01
 -1.460585e+00 -1.931225e+00 2.582297e-01
 -1.645935e+00 -1.651844e+00 3.272828e-01
 -1.731959e+00 -1.261885e+00 3.880894e-01
 -1.685020e+00 -9.081260e-01 4.202384e-01
 -1.516720e+00 -5.871372e-01 4.296703e-01
 -1.246243e+00 -3.434684e-01 4.163726e-01
 -8.181635e-01 -1.770494e-01 3.978234e-01
 -5.667529e-01 -5.352496e-02 4.409370e-01
 -3.715559e-01 7.963605e-02 5.152207e-01
 -2.715001e-01 1.744133e-01 6.103881e-01
 -1.549093e-01 3.292119e-01 8.617878e-01
 1.108026e-02 4.504004e-01 1.362161e+00
 1.854883e-01 6.594037e-01 1.648263e+00
 4.061665e-01 9.469859e-01 1.810035e+00
 6.383959e-01 1.268568e+00 1.821524e+00
 8.466540e-01 1.575544e+00 1.681199e+00
 1.007172e+00 1.827387e+00 1.401639e+00
 1.106156e+00 1.952440e+00 1.051284e+00
 1.111717e+00 1.964297e+00 6.603105e-01
 9.840393e-01 1.871003e+00 2.656896e-01
 7.619695e-01 1.665859e+00 -3.148366e-02
 4.431581e-01 1.350630e+00 -2.014937e-01
 2.774971e-01 1.192073e+00 -4.434256e-01
 1.642052e-01 1.043490e+00 -8.210787e-01
 6.011186e-03 9.338089e-01 -1.093785e+00
 -1.233401e-01 7.644463e-01 -1.289727e+00
 -2.181927e-01 5.284071e-01 -1.442409e+00
 -2.665048e-01 2.567168e-01 -1.531677e+00
 -2.856509e-01 -2.799208e-02 -1.542374e+00
 -2.951026e-01 -3.139333e-01 -1.466950e+00
 -2.886859e-01 -5.638463e-01 -1.311881e+00
 -2.408309e-01 -7.712100e-01 -1.092142e+00
 -1.818339e-01 -9.591883e-01 -9.501047e-01
 -1.323748e-01 -1.145534e+00 -8.694165e-01
 -8.382149e-02 -1.361310e+00 -8.373243e-01
 2.873220e-02 -1.746754e+00 -9.086234e-01
 1.683094e-01 -2.029054e+00 -8.814962e-01
 3.218148e-01 -2.284406e+00 -7.585742e-01
 4.709764e-01 -2.503241e+00 -5.331671e-01
 5.774381e-01 -2.633225e+00 -2.483106e-01
 6.489373e-01 -2.657941e+00 6.770326e-02
 6.970228e-01 -2.566709e+00 4.019691e-01
 7.089891e-01 -2.375075e+00 6.924997e-01
 6.747685e-01 -2.123809e+00 9.012763e-01
 6.047658e-01 -1.825618e+00 1.021562e+00
 5.074277e-01 -1.522298e+00 1.040310e+00
 3.233157e-01 -1.182854e+00 9.596255e-01
 1.119463e-01 -9.023434e-01 9.745421e-01
 -5.626359e-02 -7.229114e-01 1.075098e+00
 -3.570005e-01 -5.742270e-01 1.294101e+00
 -6.094487e-01 -4.286636e-01 1.379279e+00
 -8.091277e-01 -2.366719e-01 1.412961e+00
 -9.573759e-01 -1.812379e-02 1.389597e+00
 -1.054302e+00 2.008608e-01 1.309927e+00
 -1.117218e+00 4.342125e-01 1.152811e+00
 -1.126928e+00 6.252972e-01 9.498658e-01
 -1.069988e+00 7.948261e-01 6.952337e-01
 -9.609691e-01 8.992462e-01 4.557145e-01
 -7.690925e-01 9.401203e-01 9.207340e-02
 -7.095696e-01 1.037244e+00 -2.310441e-01
 -7.671652e-01 1.129177e+00 -4.497401e-01
 -8.550286e-01 1.321857e+00 -6.825400e-01
 -9.541284e-01 1.618692e+00 -8.418999e-01
 -1.026196e+00 1.961047e+00 -8.848012e-01
 -1.061039e+00 2.312266e+00 -8.099834e-01
 -1.011701e+00 2.622285e+00 -6.445031e-01
 -8.780840e-01 2.864371e+00 -4.087571e-01
 -6.930319e-01 2.996486e+00 -1.248127e-01
 -4.818902e-01 3.001266e+00 1.717022e-01
 -2.783360e-01 2.879012e+00 4.454595e-01
 -1.059945e-01 2.646990e+00 6.612428e-01
 1.672803e-02 2.335523e+00 7.913486e-01
 1.502311e-01 1.651937e+00 8.366428e-01
 2.494670e-01 1.432272e+00 8.375094e-01
 4.043548e-01 1.229051e+00 8.255352e-01
 6.216500e-01 1.070871e+00 8.064037e-01
 1.083230e+00 9.060949e-01 8.747006e-01
 1.370635e+00 7.389615e-01 8.317300e-01
 1.590586e+00 5.174420e-01 7.220455e-01
 1.717268e+00 2.566629e-01 5.606492e-01
 1.736900e+00 -6.514960e-03 3.656065e-01
 1.646626e+00 -2.543626e-01 1.534579e-01
 1.448634e+00 -4.648889e-01 -4.500779e-02
 1.082636e+00 -6.421425e-01 -2.933692e-01
 9.185645e-01 -7.652416e-01 -5.055397e-01
 8.472616e-01 -8.805065e-01 -7.135139e-01
 8.477531e-01 -1.005222e+00 -1.078420e+00
 7.523211e-01 -1.083177e+00 -1.362789e+00
 5.575499e-01 -1.176931e+00 -1.616046e+00
 2.840606e-01 -1.281658e+00 -1.797268e+00
 -3.459677e-03 -1.381514e+00 -1.869482e+00
 -2.943168e-01 -1.452713e+00 -1.842795e+00
 -5.769571e-01 -1.494738e+00 -1.722923e+00
 -8.373358e-01 -1.502597e+00 -1.508633e+00
 -1.008109e+00 -1.475506e+00 -1.259287e+00
 -1.098251e+00 -1.426150e+00 -9.790605e-01
 -1.104763e+00 -1.357862e+00 -6.944927e-01
 -1.037086e+00 -1.280804e+00 -4.473899e-01
 -7.688890e-01 -1.184114e+00 4.059416e-03
 -7.050185e-01 -1.210682e+00 3.801577e-01
