 8.560165e-01 2.312977e+00 -1.047966e+00
 1.072533e+00 2.176675e+00 -1.414397e+00
 1.145131e+00 1.793699e+00 -1.795793e+00
 1.039966e+00 1.273423e+00 -1.978917e+00
 8.061561e-01 7.922829e-01 -1.894104e+00
 6.250411e-01 4.735401e-01 -1.595644e+00
 5.903891e-01 3.424848e-01 -1.265985e+00
 6.699277e-01 2.301034e-01 -1.033195e+00
 7.256442e-01 1.708710e-01 -9.270424e-01
 1.154328e+00 -1.964978e-01 -3.525565e-01
 1.236098e+00 -5.066899e-01 -3.880181e-02
 1.158096e+00 -8.129647e-01 1.931539e-01
 9.818036e-01 -1.062259e+00 2.943922e-01
 8.371851e-01 -1.396427e+00 2.786347e-01
 7.475531e-01 -1.762714e+00 4.242766e-01
 4.810173e-01 -2.059183e+00 7.840358e-01
 1.545813e-01 -2.098293e+00 1.185651e+00
 -1.354706e-01 -1.887809e+00 1.535339e+00
 -4.616392e-01 -1.465659e+00 1.719877e+00
 -7.863199e-01 -1.310262e+00 1.899074e+00
 -1.204267e+00 -1.277542e+00 1.949470e+00
 -1.637160e+00 -1.291040e+00 1.791810e+00
 -1.960711e+00 -1.291710e+00 1.431935e+00
 -2.090913e+00 -1.235509e+00 9.324817e-01
 -1.980146e+00 -1.155498e+00 4.724314e-01
 -1.675294e+00 -1.025780e+00 1.239631e-01
 -1.260834e+00 -8.227172e-01 -2.484723e-02
 -9.421804e-01 -5.915247e-01 5.272128e-02
 -8.042422e-01 -4.006469e-01 1.359326e-01
 -7.303642e-01 6.208543e-02 2.079333e-01
 -8.421251e-01 7.489046e-01 1.666248e-01
 -7.655684e-01 1.128347e+00 8.141687e-02
 -5.589509e-01 1.434574e+00 -3.422548e-02
 -2.720196e-01 1.616059e+00 -1.623332e-01
 6.942032e-02 1.669117e+00 -2.226503e-01
 4.376349e-01 1.713055e+00 -1.176435e-01
 7.897650e-01 1.972991e+00 4.037568e-02
 1.058456e+00 2.414614e+00 2.944492e-02
 1.167238e+00 2.875774e+00 -1.945901e-01
 1.097048e+00 3.226938e+00 -5.890044e-01
 8.879844e-01 3.356660e+00 -1.060324e+00
 6.084778e-01 3.225116e+00 -1.490425e+00
 3.262659e-01 2.866220e+00 -1.766008e+00
 1.208435e-01 2.371093e+00 -1.813308e+00
 9.096833e-02 1.871106e+00 -1.646889e+00
 2.247357e-01 1.520855e+00 -1.341787e+00
 4.957018e-01 1.357873e+00 -1.083402e+00
 8.645440e-01 1.264194e+00 -9.238868e-01
 1.311972e+00 1.049502e+00 -9.901479e-01
 1.610013e+00 6.374869e-01 -1.231904e+00
 1.602153e+00 1.062447e-01 -1.491558e+00
 1.276964e+00 -3.666638e-01 -1.642139e+00
 7.415926e-01 -6.173307e-01 -1.658131e+00
 2.138166e-01 -5.796510e-01 -1.531294e+00
 -3.877612e-01 -2.722754e-01 -9.807147e-01
 -6.081760e-01 -2.247977e-01 -8.675058e-01
 -1.065407e+00 -4.905583e-02 -8.096348e-01
 -1.457868e+00 7.501437e-02 -5.473960e-01
 -1.706198e+00 1.045296e-01 -1.571160e-01
 -1.766160e+00 2.574251e-02 2.974439e-01
 -1.650942e+00 -1.453889e-01 6.857160e-01
 -1.387653e+00 -4.636696e-01 9.830116e-01
 -1.140134e+00 -8.063473e-01 1.026812e+00
 -1.052491e+00 -1.094852e+00 9.437927e-01
 -1.067893e+00 -1.391645e+00 8.982415e-01
 -1.127824e+00 -1.715308e+00 9.854466e-01
 -1.174733e+00 -2.031974e+00 1.230559e+00
 -1.152809e+00 -2.242380e+00 1.592435e+00
 -1.007936e+00 -2.320359e+00 1.984829e+00
 -7.710831e-01 -2.253528e+00 2.332241e+00
 -4.971171e-01 -2.048146e+00 2.579641e+00
 -2.407408e-01 -1.728136e+00 2.695422e+00
 -4.330074e-02 -1.350264e+00 2.654062e+00
 6.392752e-02 -9.828250e-01 2.458147e+00
 9.541188e-02 -2.336847e-01 1.602230e+00
 1.278303e-01 -7.402323e-02 1.196918e+00
 1.729775e-01 -7.572172e-02 8.051956e-01
 2.212971e-01 -2.655813e-01 3.179003e-01
 2.145435e-01 -6.401044e-01 -2.595683e-01
 4.422326e-01 -9.571302e-01 -5.779599e-01
 8.300240e-01 -1.162889e+00 -7.442062e-01
 1.305913e+00 -1.392644e+00 -6.557120e-01
 1.683217e+00 -1.555444e+00 -3.184778e-01
 1.856323e+00 -1.631777e+00 1.779285e-01
 1.780944e+00 -1.601993e+00 7.011518e-01
 1.481495e+00 -1.470228e+00 1.114496e+00
 1.033936e+00 -1.282863e+00 1.312107e+00
 5.604533e-01 -1.109694e+00 1.248053e+00
 2.210397e-01 -1.072252e+00 1.017075e+00
 -1.900858e-02 -1.139345e+00 7.896842e-01
 -3.279126e-01 -1.409486e+00 1.202661e-01
 -4.663835e-01 -1.432584e+00 -3.034787e-01
 -9.138215e-01 -1.112442e+00 -1.310138e+00
 -1.018299e+00 -7.445044e-01 -1.668269e+00
 -9.577725e-01 -2.779105e-01 -1.854137e+00
 -7.825479e-01 1.961691e-01 -1.815333e+00
 -5.723398e-01 5.791749e-01 -1.538599e+00
 -3.967801e-01 7.511780e-01 -1.123793e+00
 1.645109e-01 6.375900e-01 -1.150393e-01
 1.887845e-01 8.524269e-01 4.310214e-01
 7.852427e-02 1.281138e+00 7.736848e-01
 -1.659036e-02 1.855788e+00 8.217990e-01
 -6.084928e-02 2.364375e+00 5.572569e-01
 -7.074194e-03 2.666621e+00 8.207010e-02
 1.576930e-01 2.687187e+00 -4.468804e-01
 3.848789e-01 2.483946e+00 -7.923504e-01
 6.107927e-01 2.361879e+00 -9.004034e-01
