 -2.299521e+00 1.366080e-01 -1.168175e+00
 -2.302878e+00 -2.289530e-01 -1.192277e+00
 -2.191859e+00 -5.750842e-01 -1.153966e+00
 -1.982356e+00 -8.570011e-01 -1.058045e+00
 -1.702908e+00 -1.039402e+00 -9.168138e-01
 -1.390547e+00 -1.100671e+00 -7.482029e-01
 -5.703919e-01 -9.248422e-01 -2.527665e-01
 -3.306810e-01 -8.693068e-01 1.484518e-02
 -1.061203e-01 -9.307673e-01 2.671611e-01
 7.381511e-02 -1.073502e+00 4.278449e-01
 2.004224e-01 -1.347595e+00 6.557848e-01
 3.403635e-01 -1.496306e+00 9.011850e-01
 5.744020e-01 -1.578495e+00 1.169098e+00
 8.287523e-01 -1.556605e+00 1.372276e+00
 1.072307e+00 -1.433594e+00 1.522417e+00
 1.300994e+00 -1.227803e+00 1.609333e+00
 1.513482e+00 -9.308876e-01 1.622759e+00
 1.641419e+00 -6.384286e-01 1.554898e+00
 1.697307e+00 -3.515539e-01 1.412890e+00
 1.674164e+00 -9.683283e-02 1.213464e+00
 1.572138e+00 1.024602e-01 9.782008e-01
 1.092732e+00 4.477579e-01 2.868790e-01
 9.851229e-01 4.944355e-01 1.091715e-01
 8.818538e-01 5.107001e-01 -9.139220e-02
 6.602487e-01 4.647052e-01 -5.708917e-01
 5.783418e-01 5.758022e-01 -9.340045e-01
 5.992331e-01 6.868440e-01 -1.205646e+00
 7.501404e-01 8.762697e-01 -1.490908e+00
 9.674308e-01 1.129218e+00 -1.670022e+00
 1.204955e+00 1.415611e+00 -1.711701e+00
 1.420957e+00 1.701793e+00 -1.618260e+00
 1.585157e+00 1.957799e+00 -1.401811e+00
 1.681065e+00 2.143284e+00 -1.086396e+00
 1.681239e+00 2.240658e+00 -7.178428e-01
 1.573194e+00 2.244561e+00 -3.527560e-01
 1.369300e+00 2.153604e+00 -4.114444e-02
 1.092637e+00 1.975293e+00 1.742146e-01
 7.880349e-01 1.729913e+00 2.523846e-01
 4.894001e-01 1.484014e+00 1.757716e-01
 2.626025e-01 1.301949e+00 -1.367479e-02
 6.769778e-02 1.221609e+00 -2.795418e-01
 -1.216002e-01 1.267555e+00 -7.048851e-01
 -2.579823e-01 1.172732e+00 -9.925784e-01
 -4.604645e-01 9.721279e-01 -1.229761e+00
 -7.214848e-01 7.134519e-01 -1.353233e+00
 -9.929031e-01 3.974498e-01 -1.333416e+00
 -1.196587e+00 1.004330e-01 -1.149448e+00
 -1.339696e+00 -7.332851e-02 -8.603725e-01
 -1.515941e+00 -1.002363e-01 -5.283745e-01
 -1.860445e+00 3.808494e-02 -1.622217e-01
 -1.989061e+00 1.347106e-01 1.985092e-01
 -1.988355e+00 1.416614e-01 6.153415e-01
 -1.849754e+00 4.778373e-02 1.007566e+00
 -1.663711e+00 -1.103407e-01 1.224429e+00
 -1.548448e+00 -3.087531e-01 1.338752e+00
 -1.504760e+00 -5.059007e-01 1.475741e+00
 -1.411896e+00 -6.765119e-01 1.736257e+00
 -1.187677e+00 -7.962462e-01 1.975718e+00
 -8.224863e-01 -8.876294e-01 2.138823e+00
 -4.330238e-01 -9.067670e-01 2.171880e+00
 -5.996289e-02 -8.640268e-01 2.071647e+00
 2.453539e-01 -7.649481e-01 1.852475e+00
 5.359442e-01 -5.760232e-01 1.380488e+00
 7.170388e-01 -5.653937e-01 1.092018e+00
 8.775322e-01 -6.285714e-01 8.821698e-01
 1.027965e+00 -7.536244e-01 7.450496e-01
 1.259630e+00 -1.072048e+00 5.702294e-01
 1.408190e+00 -1.306928e+00 2.675700e-01
 1.522847e+00 -1.401061e+00 -1.332320e-01
 1.573380e+00 -1.327329e+00 -5.696138e-01
 1.503811e+00 -1.136162e+00 -9.148455e-01
 1.382642e+00 -8.231594e-01 -1.154141e+00
 1.298510e+00 -4.903122e-01 -1.223987e+00
 1.319782e+00 -1.200982e-01 -1.194937e+00
 1.543110e+00 2.991081e-01 -1.124376e+00
 1.608397e+00 6.369874e-01 -9.708799e-01
 1.522754e+00 9.857175e-01 -8.173328e-01
 1.313220e+00 1.258564e+00 -7.016696e-01
 1.070232e+00 1.423276e+00 -6.880481e-01
 9.016094e-01 1.569619e+00 -7.519690e-01
 7.558779e-01 1.803743e+00 -7.831125e-01
 6.043544e-01 2.001943e+00 -7.216056e-01
 3.698344e-01 2.174006e+00 -5.778624e-01
 8.346569e-02 2.250118e+00 -3.704345e-01
 -2.009833e-01 2.208607e+00 -1.571382e-01
 -4.353356e-01 2.055579e+00 5.332897e-02
 -5.987481e-01 1.807315e+00 2.405187e-01
 -7.984297e-01 9.569233e-01 6.135058e-01
 -8.381707e-01 7.535405e-01 6.598598e-01
 -8.766257e-01 5.481323e-01 6.626554e-01
 -9.179673e-01 3.157337e-01 6.159014e-01
 -1.004015e+00 -1.591563e-01 4.244951e-01
 -1.209679e+00 -5.103431e-01 4.073655e-01
 -1.428402e+00 -7.043051e-01 4.088485e-01
 -1.753254e+00 -8.586818e-01 5.058436e-01
 -2.075969e+00 -9.103299e-01 7.067120e-01
 -2.341132e+00 -8.554158e-01 9.916643e-01
 -2.495994e+00 -7.048787e-01 1.311301e+00
 -2.514350e+00 -5.008076e-01 1.638947e+00
 -2.393397e+00 -2.717652e-01 1.925144e+00
 -2.150027e+00 -4.511845e-02 2.127151e+00
 -1.817155e+00 1.420928e-01 2.215518e+00
 -1.440839e+00 2.449871e-01 2.188677e+00
 -1.071105e+00 2.385990e-01 2.055460e+00
 -7.661819e-01 1.299970e-01 1.827066e+00
 -5.703338e-01 -8.045023e-02 1.546075e+00
 -5.174828e-01 -3.568754e-01 1.304523e+00
 -5.404969e-01 -6.663814e-01 1.171432e+00
 -6.865267e-01 -1.030561e+00 1.102168e+00
 -7.994525e-01 -1.288216e+00 9.308288e-01
 -8.144513e-01 -1.548986e+00 6.649131e-01
 -7.024711e-01 -1.760766e+00 3.713091e-01
 -4.827750e-01 -1.885151e+00 1.033403e-01
 -2.223476e-01 -1.887332e+00 -1.219286e-01
 7.501631e-02 -1.746606e+00 -3.406391e-01
 3.294748e-01 -1.504370e+00 -4.669371e-01
 5.321481e-01 -1.191597e+00 -4.881592e-01
 6.835282e-01 -8.416334e-01 -3.817628e-01
 8.499264e-01 -6.388599e-01 -2.934971e-01
 1.085519e+00 -4.666975e-01 -2.363457e-01
 1.366256e+00 -3.857171e-01 -2.014646e-01
 1.682995e+00 -3.530199e-01 -2.680478e-01
 1.992175e+00 -3.606045e-01 -4.475126e-01
 2.195325e+00 -3.924838e-01 -6.981323e-01
 2.307158e+00 -4.070841e-01 -1.026165e+00
 2.304388e+00 -3.799810e-01 -1.398951e+00
 2.182564e+00 -3.437832e-01 -1.726355e+00
 1.957529e+00 -3.065500e-01 -1.990818e+00
 1.657992e+00 -2.722944e-01 -2.162095e+00
 1.320449e+00 -2.445110e-01 -2.222305e+00
 9.840364e-01 -2.257846e-01 -2.167114e+00
 6.869374e-01 -2.176180e-01 -2.005444e+00
 3.318329e-03 -1.937937e-01 -1.253192e+00
 -1.508092e-01 -1.221398e-01 -9.962024e-01
 -2.944986e-01 7.712148e-02 -6.521632e-01
 -4.305717e-01 2.601922e-01 -4.778039e-01
 -6.411781e-01 4.592136e-01 -3.549600e-01
 -8.229233e-01 6.315071e-01 -3.379440e-01
 -1.045660e+00 8.027898e-01 -3.802325e-01
 -1.386562e+00 9.232290e-01 -5.406235e-01
 -1.686986e+00 9.051749e-01 -7.387526e-01
 -1.954819e+00 7.560693e-01 -9.330652e-01
 -2.181517e+00 4.729131e-01 -1.085467e+00
