 1.149197e+00 7.790732e-01 -8.815278e-01
 1.463546e+00 7.689277e-01 -7.654874e-01
 1.732038e+00 8.884393e-01 -6.643582e-01
 1.969791e+00 1.120649e+00 -4.615763e-01
 2.070603e+00 1.370182e+00 -2.081630e-01
 2.035607e+00 1.598015e+00 9.508388e-02
 1.868205e+00 1.758733e+00 4.028457e-01
 1.565649e+00 1.840913e+00 6.817942e-01
 1.222540e+00 1.822043e+00 8.506444e-01
 8.581796e-01 1.718375e+00 9.048583e-01
 3.683969e-01 1.431542e+00 8.239873e-01
 1.058816e-01 1.264730e+00 8.764961e-01
 -9.023203e-02 1.138154e+00 1.001194e+00
 -5.036240e-01 1.033639e+00 1.395630e+00
 -8.582627e-01 7.590570e-01 1.590992e+00
 -1.149995e+00 3.602287e-01 1.598125e+00
 -1.297370e+00 -3.847799e-02 1.419739e+00
 -1.273944e+00 -3.690690e-01 1.159340e+00
 -1.095381e+00 -6.176034e-01 9.414567e-01
 -8.387880e-01 -8.139080e-01 8.655944e-01
 -6.440568e-01 -1.069267e+00 8.842555e-01
 -3.773626e-01 -1.623104e+00 1.031442e+00
 -2.677718e-01 -1.860657e+00 1.026307e+00
 -1.558210e-01 -2.089507e+00 9.541076e-01
 -4.697523e-02 -2.292693e+00 8.177818e-01
 5.340573e-02 -2.454388e+00 6.246935e-01
 1.400319e-01 -2.560405e+00 3.872493e-01
 2.022837e-01 -2.601329e+00 1.257627e-01
 2.236776e-01 -2.580443e+00 -1.508106e-01
 1.933578e-01 -2.504528e+00 -4.132398e-01
 1.337458e-01 -2.366580e+00 -6.398556e-01
 4.898457e-02 -2.170676e+00 -8.176814e-01
 -5.737643e-02 -1.908551e+00 -9.392113e-01
 -1.503295e-01 -1.596284e+00 -9.727817e-01
 -1.953143e-01 -1.399103e+00 -9.267289e-01
 -1.642527e-01 -1.117191e+00 -8.365471e-01
 -4.833722e-02 -5.762902e-01 -8.952895e-01
 -3.175088e-02 -4.627323e-01 -8.974500e-01
 -1.997165e-02 -3.408485e-01 -8.868782e-01
 -1.483338e-02 -2.175052e-01 -8.624901e-01
 -7.598273e-03 4.017283e-01 -6.588318e-01
 2.334157e-02 5.815664e-01 -5.710162e-01
 1.368912e-01 8.839714e-01 -4.590466e-01
 1.676607e-01 1.158372e+00 -4.936324e-01
 1.199694e-01 1.458747e+00 -5.587723e-01
 -7.920397e-02 1.776980e+00 -6.146989e-01
 -3.837252e-01 2.002889e+00 -6.280839e-01
 -7.626295e-01 2.114304e+00 -5.794422e-01
 -1.153202e+00 2.082882e+00 -4.589078e-01
 -1.469566e+00 1.929368e+00 -2.526874e-01
 -1.663214e+00 1.672704e+00 4.167316e-03
 -1.705161e+00 1.343555e+00 2.570224e-01
 -1.587912e+00 9.908552e-01 4.536150e-01
 -1.328127e+00 6.800407e-01 5.637823e-01
 -8.118498e-01 3.989034e-01 6.124027e-01
 -5.461443e-01 2.228602e-01 7.518990e-01
 -4.127578e-01 1.320471e-01 8.868410e-01
 -2.790980e-01 -1.739842e-02 1.180568e+00
 -2.829478e-01 -2.332480e-01 1.492438e+00
 -4.291708e-01 -5.003026e-01 1.750362e+00
 -7.003003e-01 -8.176282e-01 1.889273e+00
 -1.006246e+00 -1.109362e+00 1.847601e+00
 -1.290492e+00 -1.350447e+00 1.637040e+00
 -1.482699e+00 -1.507875e+00 1.294322e+00
 -1.569990e+00 -1.542010e+00 8.730919e-01
 -1.527667e+00 -1.448874e+00 4.519560e-01
 -1.244221e+00 -1.198927e+00 -6.747530e-02
 -1.166196e+00 -1.193500e+00 -3.078189e-01
 -1.149421e+00 -1.173465e+00 -5.017830e-01
 -1.179235e+00 -1.061473e+00 -1.002619e+00
 -1.012629e+00 -9.858778e-01 -1.413212e+00
 -6.864468e-01 -9.603010e-01 -1.721529e+00
 -2.656815e-01 -9.958131e-01 -1.869951e+00
 1.713758e-01 -1.068503e+00 -1.827835e+00
 5.457724e-01 -1.155853e+00 -1.599394e+00
 7.829066e-01 -1.260114e+00 -1.232764e+00
 8.358629e-01 -1.368708e+00 -8.022230e-01
 6.986452e-01 -1.458756e+00 -3.942748e-01
 3.905257e-01 -1.548380e+00 -7.807969e-02
 1.225270e-02 -1.607570e+00 5.091394e-02
 -3.037029e-01 -1.705237e+00 2.903326e-02
 -7.357888e-01 -2.108546e+00 -6.916320e-02
 -1.207630e+00 -2.230683e+00 -2.928735e-01
 -1.702534e+00 -2.067575e+00 -4.652627e-01
 -2.072433e+00 -1.657302e+00 -5.276945e-01
 -2.189728e+00 -1.111793e+00 -5.042350e-01
 -2.009521e+00 -5.868250e-01 -4.356131e-01
 -1.573507e+00 -2.334739e-01 -3.341472e-01
 -1.027537e+00 -1.699495e-01 -2.096944e-01
 -4.969990e-01 -4.272633e-01 -9.647976e-03
 -1.745503e-01 -5.408812e-01 1.430444e-01
 2.549732e-01 -7.002563e-01 4.678772e-01
 5.822533e-01 -7.191752e-01 5.943070e-01
 9.272349e-01 -6.184529e-01 6.770851e-01
 1.229925e+00 -4.136896e-01 6.930584e-01
 1.448706e+00 -1.334063e-01 6.458347e-01
 1.550253e+00 1.898599e-01 5.603034e-01
 1.523860e+00 5.314574e-01 4.575237e-01
 1.372904e+00 8.420017e-01 3.426494e-01
 1.108645e+00 1.108967e+00 1.188788e-01
 1.043108e+00 1.308575e+00 -1.696562e-02
 1.055971e+00 1.500027e+00 -1.619367e-01
 1.110708e+00 1.685255e+00 -4.219093e-01
 1.221446e+00 1.781607e+00 -7.148992e-01
 1.358565e+00 1.767772e+00 -1.025056e+00
 1.500435e+00 1.642481e+00 -1.311528e+00
 1.621700e+00 1.414774e+00 -1.544969e+00
 1.693084e+00 1.114775e+00 -1.698750e+00
 1.697093e+00 7.721701e-01 -1.761831e+00
 1.639264e+00 4.207198e-01 -1.716400e+00
 1.537258e+00 1.087475e-01 -1.556883e+00
 1.402329e+00 -1.198154e-01 -1.301234e+00
 1.247909e+00 -2.319616e-01 -9.827759e-01
 1.093718e+00 -2.105899e-01 -6.515530e-01
 5.500873e-01 2.490064e-01 2.580057e-01
 5.182409e-01 3.106206e-01 5.592883e-01
 6.711067e-01 4.575681e-01 1.162822e+00
 6.954556e-01 6.993452e-01 1.504623e+00
 6.023208e-01 1.030239e+00 1.752670e+00
 4.104443e-01 1.426036e+00 1.858979e+00
 1.978320e-01 1.761696e+00 1.786464e+00
 -5.541171e-02 2.014769e+00 1.564427e+00
 -3.338240e-01 2.117694e+00 1.237228e+00
 -5.549052e-01 2.053168e+00 8.853414e-01
 -6.795706e-01 1.843294e+00 5.380427e-01
 -6.846820e-01 1.306387e+00 6.406298e-02
 -8.281862e-01 1.121183e+00 -2.620755e-01
 -8.668651e-01 1.090940e+00 -6.683464e-01
 -6.921304e-01 1.100252e+00 -1.102047e+00
 -3.109073e-01 1.071778e+00 -1.414380e+00
 1.684931e-01 9.871709e-01 -1.511707e+00
 6.400481e-01 8.675901e-01 -1.370492e+00
