 -5.947495e-01 -9.003542e-01 2.269434e+00
 -8.139599e-01 -1.121891e+00 2.030321e+00
 -9.896742e-01 -1.232016e+00 1.688176e+00
 -1.074097e+00 -1.225519e+00 1.265186e+00
 -1.031557e+00 -1.091447e+00 8.594963e-01
 -8.671864e-01 -8.901269e-01 5.625441e-01
 -5.842896e-01 -6.860883e-01 3.826340e-01
 -2.159731e-01 -5.383047e-01 3.492983e-01
 3.797922e-02 -5.335679e-01 3.497225e-01
 3.448758e-01 -6.610390e-01 3.149997e-01
 1.050212e+00 -1.005498e+00 4.988365e-01
 1.385150e+00 -1.053502e+00 5.277798e-01
 1.726044e+00 -1.011950e+00 4.820360e-01
 2.028264e+00 -8.824015e-01 3.664716e-01
 2.255232e+00 -6.776987e-01 1.948945e-01
 2.385424e+00 -4.093619e-01 -2.902461e-02
 2.389502e+00 -1.127954e-01 -2.610625e-01
 2.271304e+00 1.362090e-01 -4.570051e-01
 2.036397e+00 3.357825e-01 -6.220076e-01
 1.663645e+00 4.887059e-01 -7.330451e-01
 1.289066e+00 5.217949e-01 -7.500722e-01
 8.453256e-01 4.287860e-01 -6.662720e-01
 6.175524e-01 4.420887e-01 -6.776686e-01
 3.303979e-01 5.360412e-01 -7.547833e-01
 -5.466951e-02 7.718713e-01 -9.262852e-01
 -3.891798e-01 8.799736e-01 -9.532056e-01
 -7.106207e-01 9.560091e-01 -8.663841e-01
 -1.014332e+00 1.016228e+00 -6.547751e-01
 -1.177369e+00 1.024552e+00 -4.379963e-01
 -1.267788e+00 1.029181e+00 -1.349332e-01
 -1.277859e+00 1.117208e+00 1.014156e-01
 -1.345407e+00 1.236317e+00 3.103821e-01
 -1.491667e+00 1.287856e+00 5.644361e-01
 -1.645680e+00 1.209361e+00 8.899406e-01
 -1.733645e+00 1.001329e+00 1.212681e+00
 -1.713082e+00 7.010126e-01 1.471312e+00
 -1.566288e+00 3.897434e-01 1.641480e+00
 -1.303120e+00 9.132198e-02 1.710128e+00
 -9.871035e-01 -1.508584e-01 1.639049e+00
 -6.166538e-01 -3.188985e-01 1.410815e+00
 -4.605038e-01 -4.077628e-01 1.360497e+00
 -2.419674e-01 -6.021836e-01 1.359414e+00
 -1.312044e-01 -8.113908e-01 1.324886e+00
 -5.944120e-02 -1.078202e+00 1.199733e+00
 -4.010532e-02 -1.329780e+00 9.879041e-01
 -5.547672e-02 -1.496078e+00 7.329905e-01
 -8.027050e-02 -1.570150e+00 4.438046e-01
 -1.007974e-01 -1.555452e+00 1.581840e-01
 -1.156805e-01 -1.456864e+00 -1.095243e-01
 -1.245642e-01 -1.280885e+00 -3.428668e-01
 -1.161643e-01 -1.012158e+00 -5.434607e-01
 -1.544266e-01 -5.795578e-01 -6.954258e-01
 -2.076874e-01 -3.004336e-01 -9.363215e-01
 -4.035508e-01 -1.203690e-01 -1.223949e+00
 -5.965195e-01 -8.912342e-02 -1.550045e+00
 -7.520936e-01 -1.909837e-01 -1.866185e+00
 -8.372575e-01 -4.069789e-01 -2.156893e+00
 -8.480181e-01 -7.125690e-01 -2.372255e+00
 -7.654187e-01 -1.056078e+00 -2.495560e+00
 -5.916545e-01 -1.385064e+00 -2.517378e+00
 -3.530634e-01 -1.658158e+00 -2.431652e+00
 -7.676418e-02 -1.837019e+00 -2.251736e+00
 1.956459e-01 -1.898315e+00 -1.995993e+00
 4.329951e-01 -1.826514e+00 -1.707708e+00
 6.083699e-01 -1.632419e+00 -1.440961e+00
 7.086563e-01 -1.343406e+00 -1.241951e+00
 7.336155e-01 -1.012088e+00 -1.143812e+00
 7.191948e-01 -7.403679e-01 -1.160047e+00
 7.328817e-01 -4.554193e-01 -1.253112e+00
 7.562608e-01 -3.387277e-02 -1.570168e+00
 7.691315e-01 2.819152e-01 -1.673290e+00
 7.820323e-01 6.513454e-01 -1.668131e+00
 7.980580e-01 9.748755e-01 -1.548536e+00
 8.144434e-01 1.224610e+00 -1.340320e+00
 8.059697e-01 1.387604e+00 -1.063563e+00
 7.866547e-01 1.452839e+00 -7.271559e-01
 7.757652e-01 1.400526e+00 -3.684023e-01
 7.608793e-01 1.258391e+00 -8.244665e-02
 7.453689e-01 1.050511e+00 1.283074e-01
 6.097166e-01 5.125546e-01 4.350411e-01
 6.252052e-01 2.406463e-01 6.743546e-01
 7.833518e-01 3.459984e-02 9.362796e-01
 9.315834e-01 -3.478904e-02 1.175081e+00
 1.062209e+00 -2.971460e-03 1.478920e+00
 1.121762e+00 1.255776e-01 1.791474e+00
 1.087885e+00 3.300344e-01 2.080733e+00
 9.508713e-01 5.836554e-01 2.312868e+00
 7.118008e-01 8.232353e-01 2.455328e+00
 4.041749e-01 1.010267e+00 2.495478e+00
 6.122920e-02 1.130956e+00 2.423483e+00
 -2.608854e-01 1.180879e+00 2.237189e+00
 -5.155330e-01 1.151995e+00 1.960627e+00
 -6.684804e-01 1.043612e+00 1.635221e+00
 -7.434755e-01 7.269230e-01 1.119057e+00
 -8.728291e-01 5.401457e-01 8.863922e-01
 -1.036382e+00 3.907543e-01 7.672262e-01
 -1.243030e+00 2.759625e-01 6.653747e-01
 -1.551352e+00 2.434867e-01 5.425622e-01
 -1.869034e+00 3.412286e-01 3.911452e-01
 -2.116104e+00 5.521572e-01 2.191394e-01
 -2.262684e+00 8.485695e-01 5.279867e-02
 -2.279872e+00 1.186410e+00 -1.055671e-01
 -2.162118e+00 1.514597e+00 -2.390023e-01
 -1.924524e+00 1.791333e+00 -3.251915e-01
 -1.596114e+00 1.977052e+00 -3.551703e-01
 -1.222126e+00 2.044888e+00 -3.202767e-01
 -8.517603e-01 1.975360e+00 -2.465082e-01
 -5.373349e-01 1.771075e+00 -1.499809e-01
 -3.309882e-01 1.466599e+00 -3.848940e-02
 -2.596601e-01 1.114789e+00 4.839010e-02
 -3.183778e-01 6.942840e-01 6.267534e-02
 -4.777522e-01 3.591741e-01 -6.619782e-02
 -9.854973e-01 -6.045099e-02 -3.165813e-01
 -1.148063e+00 -3.314074e-01 -5.186271e-01
 -1.181890e+00 -6.130511e-01 -7.617612e-01
 -1.087373e+00 -8.582874e-01 -1.009845e+00
 -8.674714e-01 -1.043113e+00 -1.280857e+00
 -6.010630e-01 -1.117892e+00 -1.456545e+00
 -2.810654e-01 -1.078783e+00 -1.590416e+00
 -9.676813e-02 -9.570036e-01 -1.726416e+00
 4.962351e-02 -8.842344e-01 -1.899255e+00
 2.837238e-01 -8.806181e-01 -2.076244e+00
 6.593503e-01 -9.128442e-01 -2.176786e+00
 1.039394e+00 -9.210592e-01 -2.122932e+00
 1.390330e+00 -8.841499e-01 -1.925331e+00
 1.632184e+00 -8.227957e-01 -1.617581e+00
 1.736812e+00 -7.404412e-01 -1.248347e+00
 1.693425e+00 -6.495747e-01 -8.769779e-01
 1.456660e+00 -4.975414e-01 -4.511666e-01
 1.372185e+00 -3.320597e-01 -1.916168e-01
 1.391914e+00 -1.401843e-01 3.874170e-02
 1.612753e+00 2.643987e-01 3.617166e-01
 1.621910e+00 5.478253e-01 6.332549e-01
 1.483064e+00 7.889868e-01 9.170226e-01
 1.210506e+00 9.553243e-01 1.149021e+00
 8.631592e-01 9.988442e-01 1.322536e+00
 5.429978e-01 9.141037e-01 1.440277e+00
 3.382867e-01 7.570338e-01 1.505757e+00
 1.633907e-01 4.501207e-01 1.642141e+00
 -4.226154e-03 6.313181e-02 2.142744e+00
 -1.685420e-01 -2.605779e-01 2.332740e+00
 -3.727959e-01 -5.997706e-01 2.375058e+00
