 9.198174e-01 1.294329e+00 1.035799e+00
 5.904135e-01 1.628130e+00 9.854498e-01
 2.103087e-01 1.795209e+00 8.362457e-01
 -1.880131e-01 1.778187e+00 6.400168e-01
 -5.234866e-01 1.582176e+00 4.283975e-01
 -7.325500e-01 1.247150e+00 2.339227e-01
 -8.133639e-01 5.585268e-01 4.502105e-03
 -9.483010e-01 2.672284e-01 -9.308189e-02
 -1.380519e+00 -1.622796e-01 -2.413352e-01
 -1.689802e+00 -7.053726e-01 -3.278416e-01
 -1.982686e+00 -1.029172e+00 -2.164592e-01
 -2.304419e+00 -1.218580e+00 3.856472e-02
 -2.593030e+00 -1.234895e+00 3.878545e-01
 -2.792516e+00 -1.072829e+00 7.632734e-01
 -2.863330e+00 -7.619361e-01 1.090356e+00
 -2.790975e+00 -3.636403e-01 1.301751e+00
 -2.568707e+00 3.863594e-02 1.371290e+00
 -2.231491e+00 3.740245e-01 1.265267e+00
 -1.921007e+00 5.461435e-01 9.967912e-01
 -1.801119e+00 6.059527e-01 7.036350e-01
 -1.764863e+00 6.753209e-01 4.979031e-01
 -1.802166e+00 8.527133e-01 -5.864619e-02
 -1.679442e+00 9.043119e-01 -4.477228e-01
 -1.439984e+00 8.448203e-01 -7.853448e-01
 -1.125145e+00 6.837265e-01 -1.010342e+00
 -6.196377e-01 3.217594e-01 -1.125487e+00
 -4.400340e-01 2.062651e-01 -1.223655e+00
 -2.720525e-01 1.033234e-01 -1.382786e+00
 3.488975e-02 1.007860e-01 -1.596004e+00
 4.022302e-01 1.629894e-01 -1.676191e+00
 7.949964e-01 2.354343e-01 -1.589096e+00
 1.132595e+00 2.791948e-01 -1.332640e+00
 1.345126e+00 2.620819e-01 -9.701573e-01
 1.410230e+00 2.268692e-01 -4.367549e-01
 1.553958e+00 2.685659e-01 -1.321532e-01
 1.848728e+00 3.425173e-01 1.269090e-01
 2.233142e+00 3.501987e-01 2.610564e-01
 2.640794e+00 2.613928e-01 2.508018e-01
 2.992907e+00 6.800456e-02 1.117236e-01
 3.221898e+00 -1.995394e-01 -1.334481e-01
 3.283581e+00 -5.073618e-01 -4.226328e-01
 3.166598e+00 -8.066673e-01 -7.030241e-01
 2.889010e+00 -1.046080e+00 -9.262062e-01
 2.497173e+00 -1.181957e+00 -1.051480e+00
 2.057754e+00 -1.201933e+00 -1.042588e+00
 1.657342e+00 -1.106550e+00 -8.856351e-01
 1.379781e+00 -9.330543e-01 -6.051009e-01
 1.273575e+00 -7.485647e-01 -2.480053e-01
 1.297499e+00 -6.779293e-01 7.277218e-02
 1.425221e+00 -7.469389e-01 5.898849e-01
 1.381478e+00 -6.839707e-01 1.028769e+00
 1.224384e+00 -4.802028e-01 1.396901e+00
 9.803646e-01 -1.755894e-01 1.621676e+00
 6.638617e-01 1.710995e-01 1.662405e+00
 3.643435e-01 4.216880e-01 1.513590e+00
 1.348856e-01 6.309273e-01 1.198559e+00
 6.488544e-02 7.676432e-01 7.592867e-01
 1.803601e-01 8.352900e-01 4.478340e-01
 3.761113e-01 9.825536e-01 2.047116e-01
 6.136363e-01 1.114401e+00 7.047078e-02
 1.495414e+00 1.264997e+00 -3.971970e-01
 1.870282e+00 1.147312e+00 -5.791053e-01
 2.209308e+00 8.466706e-01 -7.052739e-01
 2.380711e+00 4.442389e-01 -7.599435e-01
 2.380539e+00 1.789651e-02 -7.198895e-01
 2.287469e+00 -2.944767e-01 -5.616985e-01
 2.253611e+00 -4.547012e-01 -3.675927e-01
 2.294328e+00 -6.629769e-01 -1.723121e-01
 2.257219e+00 -1.057743e+00 -3.486064e-02
 2.031078e+00 -1.430424e+00 3.867372e-02
 1.643260e+00 -1.669969e+00 8.203159e-02
 1.151804e+00 -1.708075e+00 1.222890e-01
 7.284699e-01 -1.543930e+00 1.390215e-01
 1.825472e-01 -9.804283e-01 7.277886e-02
 -8.275187e-02 -7.382879e-01 -4.891378e-02
 -2.761964e-01 -6.389603e-01 -2.122624e-01
 -4.250213e-01 -6.092082e-01 -3.888351e-01
 -8.659131e-01 -7.061662e-01 -1.056743e+00
 -1.061368e+00 -5.851812e-01 -1.408099e+00
 -1.149972e+00 -3.237329e-01 -1.739446e+00
 -1.109412e+00 3.091243e-02 -1.984689e+00
 -9.415411e-01 4.112091e-01 -2.101620e+00
 -6.909677e-01 7.611053e-01 -2.056831e+00
 -3.957232e-01 1.022254e+00 -1.849095e+00
 -9.916437e-02 1.123729e+00 -1.533417e+00
 1.489275e-01 1.041906e+00 -1.171732e+00
 3.198318e-01 7.876070e-01 -8.562495e-01
 3.734864e-01 4.528492e-01 -6.648723e-01
 3.837064e-01 8.252483e-02 -6.026615e-01
 5.111178e-01 -3.652247e-01 -7.968927e-01
 4.479733e-01 -7.293913e-01 -9.451335e-01
 2.271613e-01 -1.199768e+00 -9.373963e-01
 -4.499362e-02 -1.502619e+00 -7.827284e-01
 -3.583554e-01 -1.640990e+00 -5.105298e-01
 -6.970819e-01 -1.575726e+00 -1.202320e-01
 -8.901875e-01 -1.338830e+00 2.280020e-01
 -9.460624e-01 -9.660291e-01 4.964678e-01
 -8.649985e-01 -5.010809e-01 6.253445e-01
 -8.530743e-01 2.468544e-02 9.155267e-01
 -8.920275e-01 7.079273e-01 1.152388e+00
 -1.027869e+00 1.068342e+00 1.184692e+00
 -1.287382e+00 1.367034e+00 1.153509e+00
 -1.632376e+00 1.549568e+00 1.063639e+00
 -2.012586e+00 1.583831e+00 9.291655e-01
 -2.369282e+00 1.459218e+00 7.719397e-01
 -2.643317e+00 1.191313e+00 6.192691e-01
 -2.782182e+00 8.249489e-01 4.839953e-01
 -2.753172e+00 4.217800e-01 3.702965e-01
 -2.564396e+00 2.894679e-02 3.316520e-01
 -2.280875e+00 -2.367980e-01 4.010414e-01
 -1.990386e+00 -4.147343e-01 6.261378e-01
 -1.685214e+00 -6.728312e-01 1.225614e+00
 -1.367416e+00 -7.895115e-01 1.478950e+00
 -9.771552e-01 -8.517740e-01 1.590556e+00
 -5.659192e-01 -8.346039e-01 1.557563e+00
 -2.069181e-01 -7.402909e-01 1.386846e+00
 4.175401e-01 -2.809789e-01 7.515769e-01
 6.956629e-01 -2.555128e-02 6.276756e-01
 9.265385e-01 1.742343e-01 6.538397e-01
 1.105935e+00 5.367088e-01 7.956162e-01
 1.092101e+00 9.527175e-01 9.556035e-01
