 -1.333131e+00 -1.009685e+00 1.256099e+00
 -1.304121e+00 -8.070681e-01 1.469165e+00
 -1.149871e+00 -5.478524e-01 1.685912e+00
 -8.374204e-01 -2.518617e-01 1.820506e+00
 -3.919355e-01 1.886484e-02 1.751555e+00
 6.381339e-02 1.491113e-01 1.413647e+00
 3.267017e-01 7.656492e-02 8.490903e-01
 2.326077e-01 -1.216277e-01 2.960225e-01
 -5.792901e-01 -2.162627e-01 -5.284174e-01
 -1.206929e+00 -4.370266e-01 -1.105393e+00
 -1.407633e+00 -7.987029e-01 -1.471209e+00
 -1.360219e+00 -1.272829e+00 -1.735234e+00
 -1.089914e+00 -1.721662e+00 -1.830303e+00
 -6.635044e-01 -2.043824e+00 -1.740553e+00
 -2.406983e-01 -2.142165e+00 -1.509787e+00
 1.395924e-01 -2.008534e+00 -1.149939e+00
 3.290938e-01 -1.696846e+00 -8.036439e-01
 3.492880e-01 -1.255676e+00 -5.815416e-01
 4.125255e-01 -1.090364e+00 -4.857417e-01
 6.396316e-01 -8.660851e-01 -2.881188e-01
 1.065150e+00 -6.625564e-01 -2.175422e-02
 1.344226e+00 -4.696242e-01 7.702957e-02
 2.002264e+00 2.408665e-01 2.103242e-01
 2.122949e+00 7.664563e-01 3.124123e-01
 1.993442e+00 1.245096e+00 3.711283e-01
 1.694491e+00 1.579333e+00 3.779071e-01
 1.372123e+00 1.706056e+00 3.822555e-01
 9.859735e-01 1.696611e+00 4.785895e-01
 6.836056e-01 1.687293e+00 7.509412e-01
 4.622203e-01 1.864652e+00 1.015084e+00
 1.910617e-01 2.238733e+00 1.160200e+00
 -2.942925e-02 2.639080e+00 1.091988e+00
 -1.841278e-01 2.957434e+00 8.585475e-01
 -2.694504e-01 3.154038e+00 5.371442e-01
 -2.843944e-01 3.233067e+00 1.903905e-01
 -2.497040e-01 3.205309e+00 -1.413320e-01
 -1.805235e-01 3.085104e+00 -4.342701e-01
 -8.017322e-02 2.884562e+00 -6.704538e-01
 4.787132e-02 2.615521e+00 -8.281640e-01
 1.858466e-01 2.295689e+00 -8.793931e-01
 3.165537e-01 1.967570e+00 -8.044960e-01
 3.964593e-01 1.673163e+00 -6.111755e-01
 3.870933e-01 1.450025e+00 -3.438391e-01
 3.106454e-01 1.341853e+00 -1.726483e-01
 2.472005e-01 1.262797e+00 -7.386768e-02
 1.572227e-01 1.172841e+00 1.361570e-02
 -5.196510e-01 5.933220e-01 5.080298e-01
 -6.473145e-01 3.733420e-01 6.315866e-01
 -7.193304e-01 1.247338e-01 7.127196e-01
 -7.171326e-01 -1.223564e-01 7.660388e-01
 -6.382444e-01 -3.670189e-01 8.136809e-01
 -5.382646e-01 -5.210102e-01 8.660934e-01
 -3.630833e-01 -7.371768e-01 1.018638e+00
 -2.925254e-01 -1.005129e+00 1.329696e+00
 -4.252837e-01 -1.326200e+00 1.627013e+00
 -7.040860e-01 -1.607018e+00 1.800085e+00
 -1.059387e+00 -1.822025e+00 1.826574e+00
 -1.414594e+00 -1.941917e+00 1.724051e+00
 -1.721076e+00 -1.978816e+00 1.515085e+00
 -1.945297e+00 -1.941154e+00 1.233465e+00
 -2.072567e+00 -1.829675e+00 9.141018e-01
 -2.085768e+00 -1.651412e+00 5.879300e-01
 -1.960807e+00 -1.431706e+00 2.838777e-01
 -1.687828e+00 -1.207591e+00 5.570559e-02
 -1.288144e+00 -1.043652e+00 -5.067611e-02
 -9.205435e-01 -9.995893e-01 1.065807e-03
 -5.522510e-01 -1.120711e+00 6.491720e-02
 -2.110414e-02 -1.518336e+00 3.479256e-01
 4.187627e-01 -1.716828e+00 3.389072e-01
 8.801204e-01 -1.790226e+00 1.323591e-01
 1.210241e+00 -1.729644e+00 -2.123365e-01
 1.358855e+00 -1.544737e+00 -6.039097e-01
 1.307428e+00 -1.266486e+00 -9.857312e-01
 1.060822e+00 -1.005733e+00 -1.273014e+00
 7.061004e-01 -6.596232e-01 -1.391763e+00
 5.816530e-01 -3.591417e-01 -1.564276e+00
 6.427714e-01 8.692151e-02 -1.714736e+00
 8.344514e-01 5.350585e-01 -1.656676e+00
 1.036077e+00 8.736183e-01 -1.379980e+00
 1.199686e+00 1.064244e+00 -8.744162e-01
 1.282008e+00 9.835857e-01 -4.281260e-01
 1.060453e+00 6.937589e-01 2.418993e-01
 1.147642e+00 7.048655e-01 7.000051e-01
 1.324900e+00 9.343447e-01 1.111960e+00
 1.459252e+00 1.341729e+00 1.354941e+00
 1.478295e+00 1.803079e+00 1.405344e+00
 1.407497e+00 2.195656e+00 1.292161e+00
 1.277824e+00 2.485391e+00 1.071688e+00
 1.100361e+00 2.652291e+00 8.194189e-01
 8.960718e-01 2.706774e+00 5.684751e-01
 6.630764e-01 2.655521e+00 3.336979e-01
 4.398301e-01 2.509056e+00 1.744587e-01
 2.194642e-01 2.343497e+00 1.362676e-01
 -2.290733e-02 2.246433e+00 1.353015e-01
 -3.634291e-01 2.113343e+00 -2.309209e-02
 -6.213661e-01 1.763196e+00 -3.619231e-01
 -5.909117e-01 1.287475e+00 -7.024329e-01
 -2.603118e-01 8.331691e-01 -8.871076e-01
 5.846119e-01 2.380821e-01 -6.954241e-01
 8.398700e-01 8.701764e-02 -6.840342e-01
 1.188797e+00 1.836936e-02 -7.918803e-01
 1.531559e+00 -5.563837e-02 -1.154725e+00
 1.641071e+00 -1.899761e-01 -1.601909e+00
 1.520318e+00 -4.260622e-01 -2.040617e+00
 1.155922e+00 -7.696968e-01 -2.345153e+00
 6.497089e-01 -1.050190e+00 -2.368740e+00
 1.401029e-01 -1.173176e+00 -2.107647e+00
 -3.054770e-01 -1.107690e+00 -1.474063e+00
 -4.509777e-01 -1.153846e+00 -1.233296e+00
 -5.732145e-01 -1.261526e+00 -1.054539e+00
 -6.777760e-01 -1.400456e+00 -9.257674e-01
 -8.024694e-01 -1.657491e+00 -7.762033e-01
 -8.787939e-01 -1.829623e+00 -6.029580e-01
 -9.448164e-01 -1.950022e+00 -3.910853e-01
 -9.939866e-01 -2.011983e+00 -1.689549e-01
 -1.025053e+00 -2.023080e+00 4.093353e-02
 -1.049620e+00 -1.990462e+00 2.651671e-01
 -1.067065e+00 -1.928748e+00 4.324980e-01
 -1.072021e+00 -1.836286e+00 5.864572e-01
 -1.077476e+00 -1.679329e+00 7.482027e-01
 -1.103247e+00 -1.517698e+00 8.497860e-01
 -1.156801e+00 -1.376979e+00 9.123533e-01
 -1.230890e+00 -1.261428e+00 9.845396e-01
 -1.299888e+00 -1.139015e+00 1.103808e+00
