 -6.517133e-01 2.336414e-01 -1.186979e+00
 -6.016736e-01 5.425756e-01 -1.194068e+00
 -5.339844e-01 7.936820e-01 -1.137472e+00
 -4.580708e-01 1.030704e+00 -1.006243e+00
 -3.838970e-01 1.196727e+00 -8.279883e-01
 -2.950500e-01 1.308761e+00 -5.817802e-01
 -2.337026e-01 1.350399e+00 -3.030822e-01
 -2.030471e-01 1.318185e+00 -1.150126e-02
 -2.286335e-01 1.155771e+00 4.424180e-01
 -2.556542e-01 1.162484e+00 8.035476e-01
 -2.982699e-01 1.262839e+00 1.049319e+00
 -2.704192e-01 1.438424e+00 1.290958e+00
 -1.670285e-01 1.651517e+00 1.482345e+00
 1.785871e-02 1.879317e+00 1.615698e+00
 2.861496e-01 2.057599e+00 1.688863e+00
 6.164395e-01 2.160027e+00 1.702150e+00
 9.381499e-01 2.178986e+00 1.643372e+00
 1.234322e+00 2.122210e+00 1.515126e+00
 1.474130e+00 1.995528e+00 1.330468e+00
 1.632524e+00 1.811428e+00 1.107724e+00
 1.691561e+00 1.588837e+00 8.699693e-01
 1.643457e+00 1.351021e+00 6.422061e-01
 1.494034e+00 1.127196e+00 4.521995e-01
 1.117448e+00 7.857531e-01 2.594331e-01
 9.045826e-01 4.559963e-01 2.028363e-01
 7.972472e-01 8.823167e-02 2.061227e-01
 8.147381e-01 -1.187730e-01 2.511923e-01
 9.231330e-01 -3.979322e-01 3.902959e-01
 1.076411e+00 -6.450344e-01 5.806717e-01
 1.263536e+00 -9.272748e-01 6.537421e-01
 1.416785e+00 -1.265821e+00 6.097152e-01
 1.493719e+00 -1.589631e+00 4.542246e-01
 1.468853e+00 -1.875534e+00 2.159651e-01
 1.349560e+00 -2.072032e+00 -6.308465e-02
 1.177431e+00 -2.148929e+00 -3.887141e-01
 9.998679e-01 -2.084570e+00 -7.151946e-01
 8.177206e-01 -1.886144e+00 -9.897864e-01
 6.482801e-01 -1.587094e+00 -1.160659e+00
 4.980810e-01 -1.242466e+00 -1.195852e+00
 3.750593e-01 -1.067528e+00 -1.235188e+00
 1.627128e-01 -8.566707e-01 -1.369725e+00
 -2.204972e-01 -6.300246e-01 -1.826423e+00
 -4.794713e-01 -5.322471e-01 -1.980050e+00
 -7.850261e-01 -4.214565e-01 -2.039783e+00
 -1.105549e+00 -3.071661e-01 -1.989047e+00
 -1.375428e+00 -2.023616e-01 -1.840199e+00
 -1.580915e+00 -1.058418e-01 -1.603544e+00
 -1.708182e+00 -4.442376e-02 -1.291240e+00
 -1.742012e+00 -4.683449e-02 -9.418041e-01
 -1.672916e+00 -1.181555e-01 -5.934632e-01
 -1.502400e+00 -2.206874e-01 -3.155811e-01
 -1.343733e+00 -3.195719e-01 -1.875821e-01
 -1.186982e+00 -4.769840e-01 -6.866878e-02
 -1.052458e+00 -9.207215e-01 2.257306e-01
 -9.369616e-01 -1.127700e+00 3.227744e-01
 -7.251462e-01 -1.353327e+00 4.065485e-01
 -4.955143e-01 -1.493832e+00 4.445591e-01
 -2.446377e-01 -1.571445e+00 4.391195e-01
 2.659712e-02 -1.587237e+00 3.827317e-01
 2.927252e-01 -1.543303e+00 2.705815e-01
 5.114596e-01 -1.455368e+00 1.064643e-01
 7.753545e-01 -1.226870e+00 -1.997532e-01
 1.042205e+00 -1.121861e+00 -3.344534e-01
 1.459126e+00 -1.147417e+00 -5.617982e-01
 1.719770e+00 -1.064920e+00 -7.708670e-01
 1.935127e+00 -8.680657e-01 -9.949056e-01
 2.065099e+00 -6.064575e-01 -1.162044e+00
 2.103875e+00 -3.143246e-01 -1.273952e+00
 2.039762e+00 -1.493055e-02 -1.352190e+00
 1.866411e+00 2.945796e-01 -1.381403e+00
 1.630067e+00 5.315243e-01 -1.350097e+00
 1.363011e+00 6.800861e-01 -1.274264e+00
 1.080950e+00 7.443317e-01 -1.152371e+00
 8.106971e-01 7.184430e-01 -9.988408e-01
 8.558505e-02 3.723741e-01 -4.530883e-01
 -1.999325e-01 3.353036e-01 -2.773503e-01
 -4.502268e-01 3.506822e-01 -1.986014e-01
 -6.171857e-01 4.049592e-01 -1.880667e-01
 -8.549847e-01 5.542296e-01 -2.076581e-01
 -1.104559e+00 7.061673e-01 -2.694308e-01
 -1.389420e+00 7.980101e-01 -2.531618e-01
 -1.685658e+00 8.024989e-01 -1.576852e-01
 -1.945980e+00 7.897996e-01 3.389312e-02
 -2.134772e+00 7.920652e-01 3.028535e-01
 -2.225314e+00 8.045640e-01 6.070482e-01
 -2.216431e+00 8.035054e-01 9.037619e-01
 -2.108744e+00 7.598228e-01 1.218916e+00
 -1.921758e+00 6.888711e-01 1.469121e+00
 -1.663206e+00 6.117562e-01 1.646595e+00
 -1.361066e+00 5.371432e-01 1.731493e+00
 -1.045756e+00 4.702415e-01 1.715283e+00
 -2.446167e-01 3.252531e-01 1.401737e+00
 -1.113905e-01 3.147090e-01 1.337872e+00
 2.130407e-01 3.314748e-01 1.198056e+00
 5.158321e-01 2.433314e-01 1.162516e+00
 7.122854e-01 2.003950e-01 1.202729e+00
 1.011758e+00 2.198577e-01 1.209540e+00
 1.415814e+00 2.044972e-01 1.060829e+00
 1.664544e+00 1.497056e-01 8.483258e-01
 1.797558e+00 9.042289e-02 5.862144e-01
 1.837976e+00 2.293904e-02 2.299228e-01
 1.760453e+00 -3.626936e-02 -1.246518e-01
 1.578402e+00 -7.443990e-02 -4.241225e-01
 1.265571e+00 -1.485423e-01 -6.855702e-01
 1.144361e+00 -2.309260e-01 -8.765234e-01
 1.082532e+00 -3.211852e-01 -1.155380e+00
 1.109454e+00 -4.452367e-01 -1.555891e+00
 1.074146e+00 -6.308143e-01 -1.831077e+00
 9.533650e-01 -8.651000e-01 -2.048540e+00
 7.618189e-01 -1.114409e+00 -2.177562e+00
 5.162503e-01 -1.358791e+00 -2.205329e+00
 2.504810e-01 -1.563914e+00 -2.128689e+00
 5.371841e-03 -1.685675e+00 -1.973813e+00
 -2.099159e-01 -1.747606e+00 -1.732959e+00
 -3.592091e-01 -1.752681e+00 -1.416125e+00
 -4.250708e-01 -1.676502e+00 -1.084531e+00
 -4.020526e-01 -1.536039e+00 -7.871018e-01
 -3.359184e-01 -1.329287e+00 -5.636833e-01
 -2.462662e-01 -1.057607e+00 -4.333231e-01
 -2.013220e-01 -8.620266e-01 -3.240908e-01
 -1.407693e-01 -7.267066e-01 -1.779245e-01
 -7.687317e-02 -6.040975e-01 1.365033e-01
 -7.795439e-02 -5.726052e-01 4.211597e-01
 1.072038e-01 -6.882165e-01 1.270243e+00
 1.970676e-01 -6.311327e-01 1.576371e+00
 2.890199e-01 -4.761541e-01 1.844972e+00
 3.689710e-01 -2.382325e-01 2.050246e+00
 4.307418e-01 5.239105e-02 2.166282e+00
 5.055151e-01 3.754057e-01 2.180661e+00
 5.876209e-01 6.877566e-01 2.084839e+00
 6.677318e-01 9.538829e-01 1.884219e+00
 7.378564e-01 1.117140e+00 1.631975e+00
 7.336892e-01 1.281297e+00 1.152801e+00
 6.661231e-01 1.566968e+00 8.657735e-01
 5.247130e-01 1.817897e+00 7.292562e-01
 2.755412e-01 2.029553e+00 6.363233e-01
 -6.125567e-02 2.163398e+00 6.003718e-01
 -4.083447e-01 2.165709e+00 5.816180e-01
 -7.665582e-01 2.027570e+00 5.631523e-01
 -1.042208e+00 1.785978e+00 5.805567e-01
 -1.218378e+00 1.466092e+00 6.368654e-01
 -1.265529e+00 1.148439e+00 7.191339e-01
 -1.205312e+00 7.967100e-01 7.472913e-01
 -1.245955e+00 5.182758e-01 7.207102e-01
 -1.378759e+00 2.397096e-01 7.236611e-01
 -1.745261e+00 -1.476785e-01 7.287733e-01
 -1.935596e+00 -3.874772e-01 6.342334e-01
 -2.064241e+00 -6.286439e-01 4.561437e-01
 -2.113510e+00 -8.547986e-01 2.051695e-01
 -2.068551e+00 -1.027273e+00 -6.409100e-02
 -1.934132e+00 -1.141689e+00 -3.332641e-01
 -1.727578e+00 -1.175703e+00 -5.913855e-01
 -1.472111e+00 -1.112116e+00 -8.179276e-01
 -1.208210e+00 -9.482573e-01 -9.815629e-01
 -9.641219e-01 -7.035158e-01 -1.054871e+00
 -8.343514e-01 -5.057045e-01 -1.029357e+00
 -7.491357e-01 -2.795352e-01 -1.019053e+00
