 7.251875e-01 -2.269640e-02 -2.662275e+00
 8.292387e-01 -4.359465e-01 -2.542229e+00
 8.293740e-01 -7.916269e-01 -2.266215e+00
 7.110644e-01 -1.021781e+00 -1.885978e+00
 4.798078e-01 -1.078230e+00 -1.481748e+00
 1.862992e-01 -9.371122e-01 -1.141483e+00
 -1.115347e-01 -6.658516e-01 -9.728394e-01
 -3.564855e-01 -4.286566e-01 -9.979272e-01
 -6.620787e-01 -2.491691e-01 -1.109789e+00
 -1.138686e+00 2.423073e-01 -1.413207e+00
 -1.533504e+00 6.892603e-01 -1.325265e+00
 -1.816992e+00 1.035658e+00 -9.332164e-01
 -1.895553e+00 1.156493e+00 -4.289954e-01
 -1.908426e+00 1.027763e+00 -7.511966e-02
 -2.028434e+00 8.950839e-01 1.777139e-01
 -2.155402e+00 8.901846e-01 5.852517e-01
 -1.985523e+00 9.325649e-01 1.142405e+00
 -1.537574e+00 9.182223e-01 1.525585e+00
 -9.970071e-01 7.923390e-01 1.615635e+00
 -5.680355e-01 5.483715e-01 1.444981e+00
 -4.125183e-01 2.367595e-01 1.226284e+00
 -3.630497e-01 -3.421905e-02 1.165161e+00
 -3.992443e-01 -8.115173e-01 9.345186e-01
 -1.530600e-01 -1.249198e+00 6.949126e-01
 3.110653e-01 -1.485720e+00 5.002461e-01
 8.410967e-01 -1.474398e+00 4.519927e-01
 1.173198e+00 -1.323663e+00 5.595379e-01
 1.404855e+00 -1.256706e+00 7.591452e-01
 1.730994e+00 -1.243808e+00 8.872133e-01
 2.175954e+00 -1.051692e+00 8.805642e-01
 2.491470e+00 -6.661087e-01 7.650796e-01
 2.577052e+00 -1.882994e-01 5.995233e-01
 2.409917e+00 2.779486e-01 4.543278e-01
 2.027954e+00 6.113724e-01 3.688314e-01
 1.538700e+00 7.330754e-01 3.804932e-01
 1.049351e+00 6.421745e-01 5.579845e-01
 8.234100e-01 4.852291e-01 8.044719e-01
 4.420805e-01 2.473314e-01 1.784269e+00
 1.592755e-01 5.476410e-02 2.064498e+00
 -2.533268e-01 -1.305362e-01 2.186602e+00
 -6.941971e-01 -2.412496e-01 2.115896e+00
 -1.080119e+00 -2.578396e-01 1.867369e+00
 -1.329877e+00 -1.916593e-01 1.483681e+00
 -1.397530e+00 -1.387396e-02 1.063088e+00
 -1.311492e+00 2.495773e-01 7.350107e-01
 -1.179338e+00 5.079136e-01 6.123016e-01
 -1.078374e+00 8.994709e-01 5.712497e-01
 -1.199325e+00 1.382526e+00 5.909993e-01
 -1.530194e+00 1.739253e+00 5.693097e-01
 -1.978559e+00 1.910263e+00 4.594020e-01
 -2.427251e+00 1.862220e+00 2.528455e-01
 -2.768388e+00 1.608242e+00 1.371729e-03
 -2.925426e+00 1.207460e+00 -2.398015e-01
 -2.860155e+00 7.575000e-01 -4.229992e-01
 -2.581843e+00 3.686221e-01 -5.252172e-01
 -2.145480e+00 1.261978e-01 -5.282919e-01
 -1.662337e+00 1.029678e-01 -4.518715e-01
 -1.266886e+00 2.895111e-01 -3.740000e-01
 -5.167508e-01 1.270915e+00 -4.542666e-01
 -5.940713e-02 1.478976e+00 -5.696949e-01
 4.118392e-01 1.452533e+00 -8.015278e-01
 7.605719e-01 1.199602e+00 -1.094713e+00
 9.059893e-01 7.832913e-01 -1.364458e+00
 8.077475e-01 3.166996e-01 -1.557861e+00
 5.205924e-01 -1.449156e-02 -1.648817e+00
 2.628425e-01 -1.070564e-01 -1.741346e+00
 5.060757e-02 -2.083974e-01 -1.901297e+00
 -2.122953e-01 -5.274584e-01 -2.024001e+00
 -5.258704e-01 -9.144514e-01 -1.911289e+00
 -8.001838e-01 -1.188767e+00 -1.565439e+00
 -9.753301e-01 -1.263290e+00 -1.075687e+00
 -9.951757e-01 -1.119880e+00 -5.645650e-01
 -8.615653e-01 -7.881109e-01 -1.701004e-01
 -4.872849e-01 -1.681073e-01 8.295265e-02
 -1.834956e-01 5.199404e-01 2.854862e-01
 7.964919e-02 1.204422e+00 6.730828e-01
 5.045701e-01 1.460166e+00 1.014549e+00
 1.030098e+00 1.397299e+00 1.298642e+00
 1.479709e+00 1.036283e+00 1.438186e+00
 1.702272e+00 5.058046e-01 1.403895e+00
 1.678868e+00 -9.299715e-03 1.147642e+00
 1.548672e+00 -2.306527e-01 7.987124e-01
 1.548055e+00 -3.067134e-01 4.461022e-01
 1.680933e+00 -4.828023e-01 1.355483e-01
 1.847424e+00 -8.838393e-01 -9.952260e-02
 1.945866e+00 -1.335355e+00 -1.286251e-01
 1.930394e+00 -1.775507e+00 2.004615e-02
 1.797721e+00 -2.111479e+00 3.120836e-01
 1.566315e+00 -2.277937e+00 6.754106e-01
 1.281535e+00 -2.245591e+00 1.033552e+00
 1.004613e+00 -2.023966e+00 1.318562e+00
 7.819646e-01 -1.662740e+00 1.470772e+00
 6.556542e-01 -1.239861e+00 1.463244e+00
 6.139482e-01 -8.560444e-01 1.289266e+00
 6.214602e-01 -5.971585e-01 1.001891e+00
 5.664894e-01 -4.752504e-01 6.140394e-01
 5.498526e-01 -3.972446e-01 4.180425e-01
 5.815279e-01 -1.644254e-01 -6.126414e-02
 5.374156e-01 -2.519708e-02 -2.808639e-01
 4.391004e-01 1.260976e-01 -4.645509e-01
 8.831655e-02 4.535621e-01 -8.058263e-01
 -6.681528e-02 5.630711e-01 -1.053381e+00
 -1.412190e-01 7.167295e-01 -1.302645e+00
 -8.971860e-02 8.507643e-01 -1.672153e+00
 7.544014e-02 8.436457e-01 -2.071272e+00
 2.981974e-01 6.744127e-01 -2.404739e+00
 5.347199e-01 3.697891e-01 -2.613089e+00
