 9.547864e-03 -1.661822e+00 -2.886208e-01
 1.577005e-01 -1.602013e+00 -1.354917e-01
 2.505952e-01 -1.545819e+00 4.884607e-02
 3.311348e-01 -1.545485e+00 2.323041e-01
 4.401040e-01 -1.606915e+00 6.603993e-01
 5.648806e-01 -1.488929e+00 1.055410e+00
 7.246524e-01 -1.213032e+00 1.365057e+00
 8.398153e-01 -8.891625e-01 1.504652e+00
 9.538840e-01 -5.074254e-01 1.497229e+00
 1.088820e+00 -2.463807e-01 1.356190e+00
 1.295176e+00 -7.101420e-02 1.238678e+00
 1.488741e+00 2.221607e-01 1.213589e+00
 1.544935e+00 5.856794e-01 1.151043e+00
 1.457432e+00 9.533843e-01 1.000104e+00
 1.202741e+00 1.268421e+00 7.965563e-01
 8.429111e-01 1.425463e+00 5.979406e-01
 3.071771e-01 1.385307e+00 3.198632e-01
 9.757892e-02 1.377015e+00 1.204090e-01
 -2.958230e-02 1.421158e+00 -7.403791e-02
 -1.041718e-01 1.472105e+00 -2.768159e-01
 -1.352063e-01 1.461447e+00 -5.518581e-01
 -1.483595e-01 1.385297e+00 -7.621083e-01
 -1.690230e-01 1.212330e+00 -9.958443e-01
 -1.742552e-01 9.859253e-01 -1.165738e+00
 -1.903224e-01 7.114226e-01 -1.269879e+00
 -2.326902e-01 1.947375e-01 -1.312030e+00
 -3.500499e-01 -1.619804e-01 -1.577993e+00
 -7.109171e-01 -4.230145e-01 -1.790333e+00
 -1.224131e+00 -5.664189e-01 -1.809022e+00
 -1.663938e+00 -6.048144e-01 -1.605850e+00
 -1.952793e+00 -5.831684e-01 -1.233170e+00
 -2.044120e+00 -5.153488e-01 -7.930534e-01
 -1.950017e+00 -4.102477e-01 -3.761342e-01
 -1.732545e+00 -2.933329e-01 -7.618810e-02
 -8.021738e-01 4.545898e-02 4.993578e-01
 -5.793592e-01 2.262414e-01 6.683746e-01
 -5.031918e-01 3.164172e-01 8.053955e-01
 -4.733357e-01 4.342933e-01 1.022767e+00
 -4.994232e-01 6.353113e-01 1.280174e+00
 -6.475957e-01 9.137161e-01 1.501208e+00
 -8.947881e-01 1.205962e+00 1.602271e+00
 -1.184368e+00 1.482584e+00 1.551904e+00
 -1.469472e+00 1.691459e+00 1.356997e+00
 -1.688475e+00 1.811616e+00 1.052760e+00
 -1.797363e+00 1.848839e+00 6.812296e-01
 -1.790599e+00 1.787474e+00 2.894459e-01
 -1.682486e+00 1.617745e+00 -5.641678e-02
 -1.485877e+00 1.368822e+00 -3.006274e-01
 -1.231102e+00 1.085820e+00 -4.048346e-01
 -6.172772e-01 5.841597e-01 -3.299894e-01
 -1.382328e-01 4.241386e-01 -2.677644e-01
 2.645627e-01 4.897980e-01 -3.794951e-01
 5.802531e-01 7.205089e-01 -5.113232e-01
 8.078948e-01 1.058036e+00 -5.458310e-01
 8.911108e-01 1.445252e+00 -5.271564e-01
 8.403774e-01 1.822510e+00 -4.412419e-01
 6.874556e-01 2.119671e+00 -2.830465e-01
 4.458431e-01 2.322012e+00 -8.253032e-02
 1.684313e-01 2.401464e+00 1.200104e-01
 -1.293069e-01 2.360942e+00 3.079595e-01
 -4.156455e-01 2.200040e+00 4.602291e-01
 -6.542362e-01 1.928544e+00 5.552851e-01
 -9.691588e-01 1.219552e+00 5.773139e-01
 -1.217280e+00 1.006589e+00 6.334199e-01
 -1.410892e+00 8.128402e-01 8.041936e-01
 -1.503258e+00 5.438506e-01 1.059102e+00
 -1.445387e+00 2.176313e-01 1.278518e+00
 -1.237126e+00 -1.246948e-01 1.410344e+00
 -9.186947e-01 -3.939832e-01 1.426427e+00
 -5.657469e-01 -5.584818e-01 1.321075e+00
 -2.918165e-01 -6.006377e-01 1.179911e+00
 3.825867e-01 -5.462015e-01 6.397018e-01
 7.787416e-01 -6.481125e-01 4.723435e-01
 1.143450e+00 -8.185451e-01 5.063074e-01
 1.522210e+00 -9.430467e-01 7.286723e-01
 1.788243e+00 -9.586614e-01 1.071108e+00
 1.925156e+00 -8.531372e-01 1.462495e+00
 1.927284e+00 -6.342099e-01 1.823797e+00
 1.800952e+00 -3.490650e-01 2.093921e+00
 1.581930e+00 -4.070658e-02 2.232468e+00
 1.307014e+00 2.402814e-01 2.229119e+00
 1.019317e+00 4.557114e-01 2.093648e+00
 7.698319e-01 5.861278e-01 1.850224e+00
 5.931738e-01 6.276395e-01 1.536725e+00
 5.125039e-01 5.890806e-01 1.173461e+00
 5.358359e-01 4.563756e-01 8.108304e-01
 7.338694e-01 3.941092e-01 5.242988e-01
 1.688121e+00 1.184223e-01 -2.060122e-01
 1.890628e+00 -7.703842e-02 -5.489458e-01
 1.909063e+00 -3.464937e-01 -9.264746e-01
 1.704846e+00 -6.544960e-01 -1.272119e+00
 1.293626e+00 -9.060159e-01 -1.490713e+00
 8.166663e-01 -1.013608e+00 -1.500658e+00
 3.240434e-01 -9.775194e-01 -1.270642e+00
 4.117696e-02 -8.171837e-01 -9.317032e-01
 -1.155596e-01 -6.221647e-01 -3.236061e-01
 -4.238248e-01 -7.710554e-01 3.168295e-02
 -6.629557e-01 -1.121000e+00 3.291830e-01
 -6.754367e-01 -1.665727e+00 4.979519e-01
 -4.753029e-01 -2.141862e+00 4.826352e-01
 -1.711502e-01 -2.433894e+00 3.651845e-01
 1.798740e-01 -2.556092e+00 2.216922e-01
 4.991641e-01 -2.536049e+00 7.918599e-02
 7.569790e-01 -2.420173e+00 -5.946482e-02
 9.457648e-01 -2.245025e+00 -1.793251e-01
 1.069696e+00 -2.036335e+00 -2.794331e-01
 1.134900e+00 -1.808277e+00 -3.575608e-01
 1.146079e+00 -1.570266e+00 -4.122087e-01
 9.874946e-01 -6.759818e-01 -5.241743e-01
 9.355608e-01 -4.507328e-01 -6.072252e-01
 9.061278e-01 -3.389695e-01 -6.882938e-01
 8.714072e-01 -1.872541e-01 -8.713287e-01
 8.466872e-01 -8.950976e-02 -1.045770e+00
 6.962027e-01 1.760477e-01 -1.723613e+00
 5.062433e-01 3.134120e-01 -2.009186e+00
 2.338333e-01 4.387073e-01 -2.203589e+00
 -7.898527e-02 5.303874e-01 -2.292521e+00
 -3.934394e-01 5.858044e-01 -2.278189e+00
 -6.803881e-01 6.011524e-01 -2.175373e+00
 -9.173539e-01 5.864988e-01 -2.001466e+00
 -1.092282e+00 5.409347e-01 -1.777812e+00
 -1.206156e+00 4.438273e-01 -1.507042e+00
 -1.244347e+00 3.098991e-01 -1.257978e+00
 -1.214094e+00 1.312357e-01 -1.043107e+00
 -1.140782e+00 -4.338995e-02 -9.110040e-01
 -1.054167e+00 -2.245579e-01 -8.339983e-01
 -1.015749e+00 -4.134774e-01 -8.006442e-01
 -1.030321e+00 -8.176795e-01 -8.009366e-01
 -9.610207e-01 -1.103077e+00 -7.694773e-01
 -8.274497e-01 -1.347335e+00 -7.065469e-01
 -6.540509e-01 -1.521031e+00 -6.385167e-01
 -4.772225e-01 -1.626841e+00 -5.567195e-01
 -2.957453e-01 -1.681224e+00 -4.715257e-01
 -1.264676e-01 -1.689659e+00 -3.812501e-01
