 -2.279693e-01 -1.845643e+00 1.181083e+00
 8.420687e-02 -1.791750e+00 9.657952e-01
 3.432572e-01 -1.604207e+00 7.488436e-01
 7.201261e-01 -1.025585e+00 4.671960e-01
 1.050451e+00 -8.102570e-01 4.172820e-01
 1.553479e+00 -6.868503e-01 5.140053e-01
 1.815476e+00 -5.232611e-01 5.473086e-01
 2.041374e+00 -2.892519e-01 5.126025e-01
 2.191739e+00 -2.007451e-02 4.139774e-01
 2.245633e+00 2.608900e-01 2.783556e-01
 2.196238e+00 5.422096e-01 1.299734e-01
 2.048480e+00 7.964732e-01 -3.038891e-03
 1.816735e+00 9.965917e-01 -1.082291e-01
 1.523429e+00 1.118031e+00 -1.820260e-01
 1.139978e+00 1.147431e+00 -2.426893e-01
 9.290351e-01 1.183898e+00 -3.279358e-01
 7.669392e-01 1.258323e+00 -4.205062e-01
 6.219430e-01 1.324163e+00 -5.725260e-01
 5.112302e-01 1.347847e+00 -7.350741e-01
 3.610779e-01 1.303927e+00 -9.733264e-01
 2.256037e-01 1.194723e+00 -1.148773e+00
 6.564012e-02 9.868005e-01 -1.312311e+00
 -5.600285e-02 7.401992e-01 -1.400832e+00
 -1.479872e-01 4.504811e-01 -1.415965e+00
 -2.121435e-01 8.770599e-02 -1.337317e+00
 -2.907591e-01 -1.353444e-01 -1.323062e+00
 -3.845395e-01 -3.264271e-01 -1.375580e+00
 -5.793231e-01 -5.161925e-01 -1.468098e+00
 -8.684758e-01 -6.452610e-01 -1.551496e+00
 -1.217509e+00 -6.811831e-01 -1.599667e+00
 -1.526846e+00 -6.214374e-01 -1.575389e+00
 -1.819322e+00 -4.940145e-01 -1.459554e+00
 -2.050425e+00 -3.125997e-01 -1.253336e+00
 -2.169872e+00 -1.138531e-01 -1.018450e+00
 -2.183267e+00 1.028779e-01 -7.629468e-01
 -2.086788e+00 3.184527e-01 -5.214400e-01
 -1.891776e+00 5.048797e-01 -3.223185e-01
 -1.514326e+00 6.718239e-01 -1.066799e-01
 -1.320068e+00 7.354482e-01 8.838237e-02
 -1.204998e+00 7.897406e-01 3.130272e-01
 -1.150683e+00 8.432460e-01 6.016743e-01
 -1.220384e+00 9.002906e-01 1.364530e+00
 -1.195119e+00 8.141034e-01 1.715916e+00
 -1.098819e+00 6.334583e-01 2.015904e+00
 -9.331401e-01 3.701814e-01 2.235289e+00
 -7.263729e-01 8.796615e-02 2.324965e+00
 -5.000639e-01 -1.909725e-01 2.281149e+00
 -3.034273e-01 -4.551112e-01 2.105663e+00
 -1.714782e-01 -6.732932e-01 1.812613e+00
 -1.370548e-01 -8.014873e-01 1.464007e+00
 -1.901406e-01 -8.280341e-01 1.166500e+00
 -2.855734e-01 -8.352987e-01 9.765088e-01
 -3.930766e-01 -8.959354e-01 8.178521e-01
 -5.950194e-01 -1.100177e+00 5.510069e-01
 -7.837684e-01 -1.180946e+00 3.226819e-01
 -9.587310e-01 -1.173240e+00 8.875120e-02
 -1.102822e+00 -1.091678e+00 -1.153708e-01
 -1.190120e+00 -9.621860e-01 -2.926256e-01
 -1.238253e+00 -7.508547e-01 -4.755649e-01
 -1.259632e+00 -5.146274e-01 -5.894338e-01
 -1.207482e+00 -2.024550e-01 -6.934007e-01
 -1.169651e+00 1.184770e-02 -8.368105e-01
 -1.196828e+00 1.929460e-01 -1.025758e+00
 -1.205236e+00 3.091180e-01 -1.304909e+00
 -1.150468e+00 3.385039e-01 -1.656505e+00
 -1.017103e+00 2.815529e-01 -1.950847e+00
 -7.868193e-01 1.786874e-01 -2.184606e+00
 -4.937656e-01 4.897855e-02 -2.319241e+00
 -1.514538e-01 -9.415359e-02 -2.337692e+00
 1.490814e-01 -2.280064e-01 -2.239597e+00
 3.997958e-01 -3.550383e-01 -2.036470e+00
 5.690418e-01 -4.603408e-01 -1.752883e+00
 7.132276e-01 -6.419778e-01 -1.018841e+00
 7.677701e-01 -7.305201e-01 -8.349572e-01
 8.015065e-01 -8.110725e-01 -7.384005e-01
 8.656745e-01 -9.412994e-01 -6.341923e-01
 9.342902e-01 -1.076844e+00 -5.593785e-01
 1.094773e+00 -1.339825e+00 -4.575073e-01
 1.250474e+00 -1.557964e+00 -2.556945e-01
 1.370449e+00 -1.703658e+00 2.231399e-02
 1.439942e+00 -1.761362e+00 3.457265e-01
 1.459805e+00 -1.715516e+00 7.245233e-01
 1.423428e+00 -1.592523e+00 1.008534e+00
 1.324873e+00 -1.407748e+00 1.234464e+00
 1.179093e+00 -1.149515e+00 1.390105e+00
 1.008407e+00 -8.200699e-01 1.446153e+00
 8.382156e-01 -5.135450e-01 1.374928e+00
 6.781505e-01 -2.694843e-01 1.197392e+00
 4.089146e-01 -5.837413e-02 8.273831e-01
 2.966406e-01 1.181478e-01 6.625161e-01
 2.446003e-01 3.633217e-01 5.780013e-01
 2.653805e-01 8.111769e-01 5.348298e-01
 5.135502e-01 1.516141e+00 5.389001e-01
 6.864031e-01 1.808817e+00 4.386725e-01
 8.832167e-01 2.030382e+00 2.389163e-01
 1.078017e+00 2.151988e+00 -3.805178e-02
 1.244664e+00 2.156958e+00 -3.598332e-01
 1.362147e+00 2.041995e+00 -6.831647e-01
 1.431212e+00 1.809085e+00 -9.672984e-01
 1.438603e+00 1.498004e+00 -1.158035e+00
 1.366195e+00 1.138898e+00 -1.247737e+00
 1.218332e+00 7.946554e-01 -1.222380e+00
 1.017316e+00 5.278654e-01 -1.097936e+00
 7.490785e-01 3.589549e-01 -9.069945e-01
 4.901273e-01 3.017424e-01 -6.303559e-01
 2.942176e-01 3.644257e-01 -4.854853e-01
 -1.308500e-01 6.134405e-01 -3.768882e-01
 -6.613126e-01 1.431091e+00 -2.735647e-01
 -9.399632e-01 1.647623e+00 -1.812020e-01
 -1.259217e+00 1.749817e+00 -4.044780e-02
 -1.577038e+00 1.726151e+00 1.299607e-01
 -1.853630e+00 1.581779e+00 3.084175e-01
 -2.055656e+00 1.335950e+00 4.732277e-01
 -2.162506e+00 1.009980e+00 6.063499e-01
 -2.156045e+00 6.654848e-01 6.900835e-01
 -2.054859e+00 3.742438e-01 7.125838e-01
 -1.841873e+00 6.876907e-02 6.625898e-01
 -1.582846e+00 -1.349681e-01 5.505435e-01
 -1.275748e+00 -2.298648e-01 4.159916e-01
 -1.050235e+00 -2.037721e-01 3.572067e-01
 -7.257153e-01 -1.383022e-01 2.031703e-01
 -4.916773e-01 -2.232725e-01 3.556377e-02
 -2.536192e-01 -5.268201e-01 -2.858928e-01
 -1.548311e-01 -1.163488e+00 -7.847354e-01
 2.446892e-02 -1.406015e+00 -1.023112e+00
 3.215842e-01 -1.562747e+00 -1.236090e+00
 6.981617e-01 -1.596131e+00 -1.403921e+00
 1.061504e+00 -1.495982e+00 -1.484124e+00
 1.378076e+00 -1.290382e+00 -1.457635e+00
 1.644325e+00 -9.826818e-01 -1.298197e+00
 1.765630e+00 -6.673267e-01 -1.050247e+00
 1.726041e+00 -3.766269e-01 -7.611931e-01
 1.273738e+00 1.395213e-01 -1.950612e-02
 1.217253e+00 2.322397e-01 2.207483e-01
 1.260821e+00 4.058290e-01 5.293534e-01
 1.231644e+00 5.421293e-01 7.959451e-01
 1.160205e+00 6.311160e-01 9.941765e-01
 1.045687e+00 6.924322e-01 1.175574e+00
 8.953664e-01 7.259004e-01 1.325707e+00
 7.076557e-01 7.296133e-01 1.446999e+00
 4.880253e-01 6.977793e-01 1.530369e+00
 2.429412e-01 6.289188e-01 1.564573e+00
 -5.283459e-02 5.006826e-01 1.538206e+00
 -2.479419e-01 3.915768e-01 1.469418e+00
 -4.370903e-01 2.276333e-01 1.351616e+00
 -6.251816e-01 7.752595e-02 1.294895e+00
 -7.819287e-01 -2.244313e-02 1.306017e+00
 -9.641228e-01 -1.873586e-01 1.371101e+00
 -1.127029e+00 -5.050780e-01 1.446961e+00
 -1.163214e+00 -8.826684e-01 1.495849e+00
 -1.064977e+00 -1.252255e+00 1.496833e+00
 -8.455672e-01 -1.556238e+00 1.460261e+00
 -5.494240e-01 -1.760836e+00 1.356787e+00
