 -6.283860e-01 -2.069075e+00 -8.052524e-01
 -5.840812e-01 -1.969906e+00 -3.967144e-01
 -5.711637e-01 -1.747875e+00 -9.157331e-02
 -6.089180e-01 -1.500366e+00 6.182979e-02
 -7.456165e-01 -1.194459e+00 1.628615e-01
 -1.135018e+00 -9.164244e-01 3.744062e-01
 -1.327401e+00 -6.892577e-01 4.413166e-01
 -1.439472e+00 -4.112962e-01 4.900619e-01
 -1.464387e+00 -1.000073e-01 5.077867e-01
 -1.398410e+00 2.198796e-01 4.787412e-01
 -1.238929e+00 4.999365e-01 4.234086e-01
 -7.550991e-01 9.372554e-01 2.557556e-01
 -6.413021e-01 1.098028e+00 1.911077e-01
 -5.589577e-01 1.290264e+00 1.005455e-01
 -5.341609e-01 1.523754e+00 5.628891e-03
 -5.443086e-01 1.834775e+00 7.042724e-04
 -5.303019e-01 2.186803e+00 1.360405e-01
 -4.732621e-01 2.459712e+00 3.766719e-01
 -3.617408e-01 2.630237e+00 6.926373e-01
 -1.773215e-01 2.674292e+00 1.035810e+00
 5.556189e-02 2.576407e+00 1.343818e+00
 2.929805e-01 2.337877e+00 1.575010e+00
 5.033686e-01 1.988968e+00 1.680386e+00
 6.717604e-01 1.623073e+00 1.620950e+00
 7.778027e-01 1.341464e+00 1.433250e+00
 8.635329e-01 1.209652e+00 1.214656e+00
 9.876357e-01 1.130062e+00 1.049128e+00
 1.157123e+00 9.486033e-01 8.971334e-01
 1.239748e+00 6.760882e-01 7.368812e-01
 1.204231e+00 3.749694e-01 5.515414e-01
 1.043145e+00 1.018969e-01 3.656051e-01
 6.071846e-01 -2.637716e-01 1.585691e-01
 4.844466e-01 -4.090944e-01 9.666930e-02
 3.268181e-01 -7.216644e-01 1.005335e-02
 3.131366e-01 -9.594926e-01 -3.182047e-02
 3.714923e-01 -1.314608e+00 -4.667749e-03
 4.410478e-01 -1.636404e+00 1.605115e-01
 5.132310e-01 -1.860702e+00 4.158888e-01
 5.540528e-01 -1.989947e+00 7.508457e-01
 5.465159e-01 -2.001620e+00 1.121250e+00
 4.949628e-01 -1.883663e+00 1.476913e+00
 3.811169e-01 -1.663367e+00 1.761406e+00
 2.133524e-01 -1.373001e+00 1.934481e+00
 1.287728e-02 -1.049665e+00 1.970481e+00
 -1.942498e-01 -7.363715e-01 1.858699e+00
 -3.644843e-01 -4.749883e-01 1.610134e+00
 -4.678275e-01 -3.135175e-01 1.269440e+00
 -4.524423e-01 -1.610739e-01 3.954472e-01
 -5.248112e-01 -1.480207e-01 7.587958e-02
 -7.726791e-01 -1.712038e-01 -2.544005e-01
 -9.904347e-01 -1.109608e-01 -5.782220e-01
 -1.087304e+00 -6.665182e-02 -8.670897e-01
 -1.185398e+00 9.197395e-02 -1.477838e+00
 -1.115981e+00 1.474147e-01 -1.831588e+00
 -9.307741e-01 1.590619e-01 -2.144642e+00
 -6.277229e-01 1.084127e-01 -2.405994e+00
 -2.911748e-01 6.513643e-03 -2.532925e+00
 5.224309e-02 -1.212592e-01 -2.520826e+00
 3.623098e-01 -2.614865e-01 -2.371572e+00
 6.097762e-01 -3.919875e-01 -2.088489e+00
 7.371691e-01 -4.810644e-01 -1.750511e+00
 7.368781e-01 -5.688143e-01 -1.189057e+00
 8.385471e-01 -6.548569e-01 -9.169340e-01
 1.219499e+00 -8.416977e-01 -5.078029e-01
 1.350033e+00 -9.458774e-01 -7.698198e-02
 1.279558e+00 -1.005390e+00 3.773865e-01
 1.013335e+00 -1.008442e+00 7.498565e-01
 6.222964e-01 -9.883913e-01 9.601141e-01
 2.715838e-01 -1.013965e+00 9.796312e-01
 -8.333891e-03 -1.159181e+00 9.380830e-01
 -4.588653e-01 -1.500314e+00 1.099381e+00
 -8.084736e-01 -1.707183e+00 1.057998e+00
 -1.136782e+00 -1.855629e+00 8.693297e-01
 -1.389600e+00 -1.918955e+00 5.715715e-01
 -1.551885e+00 -1.868776e+00 2.162394e-01
 -1.596452e+00 -1.718954e+00 -1.400886e-01
 -1.495329e+00 -1.497143e+00 -4.783049e-01
 -1.279123e+00 -1.267008e+00 -7.065513e-01
 -9.797510e-01 -1.099675e+00 -8.271867e-01
 -6.863069e-01 -1.033180e+00 -8.441842e-01
 -3.652804e-01 -1.065727e+00 -8.222769e-01
 -5.214921e-02 -1.220655e+00 -9.347661e-01
 3.202327e-01 -1.518531e+00 -1.142249e+00
 7.158952e-01 -1.598245e+00 -1.319658e+00
 1.127834e+00 -1.494829e+00 -1.445252e+00
 1.500842e+00 -1.207304e+00 -1.501045e+00
 1.710842e+00 -8.399101e-01 -1.469408e+00
 1.752971e+00 -4.298903e-01 -1.367051e+00
 1.613465e+00 -2.213937e-02 -1.184369e+00
 1.341962e+00 2.450870e-01 -9.754985e-01
 9.794427e-01 3.546638e-01 -7.830343e-01
 3.758888e-01 2.984432e-01 -6.354154e-01
 7.856886e-02 3.688091e-01 -5.797969e-01
 -1.683035e-01 5.564079e-01 -6.061724e-01
 -6.257097e-01 8.284335e-01 -7.997919e-01
 -9.646969e-01 9.660245e-01 -7.814983e-01
 -1.288638e+00 1.159155e+00 -6.079378e-01
 -1.499529e+00 1.366747e+00 -3.087659e-01
 -1.557788e+00 1.543682e+00 4.922969e-02
 -1.459416e+00 1.662722e+00 4.378192e-01
 -1.225979e+00 1.713810e+00 7.603812e-01
 -8.979823e-01 1.711017e+00 9.711765e-01
 -5.096853e-01 1.676743e+00 1.042400e+00
 -1.786260e-01 1.651660e+00 9.648259e-01
 6.164925e-02 1.693148e+00 8.048410e-01
 3.005699e-01 1.844645e+00 6.618576e-01
 6.117361e-01 2.021054e+00 6.494714e-01
 9.976509e-01 2.123816e+00 7.733986e-01
 1.352398e+00 2.090915e+00 1.004166e+00
 1.630659e+00 1.897922e+00 1.273166e+00
 1.775816e+00 1.581548e+00 1.525245e+00
 1.758609e+00 1.200198e+00 1.725174e+00
 1.583296e+00 8.177015e-01 1.832565e+00
 1.292003e+00 4.938567e-01 1.810227e+00
 9.360791e-01 2.896102e-01 1.658960e+00
 5.830231e-01 2.408389e-01 1.400623e+00
 3.192854e-01 3.521185e-01 1.099321e+00
 1.764057e-01 5.967058e-01 6.598183e-01
 5.031267e-01 1.166041e+00 -8.977168e-02
 5.097911e-01 1.319357e+00 -5.044106e-01
 4.510817e-01 1.305081e+00 -9.127086e-01
 3.642219e-01 1.125982e+00 -1.267609e+00
 2.377453e-01 8.135175e-01 -1.515348e+00
 4.457462e-02 4.261035e-01 -1.611297e+00
 -1.697789e-01 -6.774440e-02 -1.500921e+00
 -2.496211e-01 -3.139870e-01 -1.538075e+00
 -3.975111e-01 -7.293938e-01 -1.791935e+00
 -5.068135e-01 -1.102716e+00 -1.851227e+00
 -6.021507e-01 -1.464931e+00 -1.763855e+00
 -6.598009e-01 -1.787703e+00 -1.535573e+00
 -6.641393e-01 -1.999547e+00 -1.206659e+00
