 1.489039e+00 1.189201e-01 -3.562318e-02
 1.574797e+00 5.332885e-01 -2.088759e-01
 1.473742e+00 9.144915e-01 -4.711622e-01
 1.208728e+00 1.152547e+00 -7.707834e-01
 8.285085e-01 1.238818e+00 -9.746544e-01
 3.328767e-01 1.190483e+00 -1.032412e+00
 -9.072175e-02 9.793096e-01 -9.414987e-01
 -4.424980e-01 5.142266e-01 -7.206070e-01
 -7.186905e-01 2.834648e-01 -6.863999e-01
 -1.046978e+00 8.716244e-02 -8.140656e-01
 -1.411860e+00 4.279120e-02 -1.036028e+00
 -1.749171e+00 1.814690e-01 -1.263249e+00
 -1.998441e+00 4.743782e-01 -1.452460e+00
 -2.120666e+00 8.768641e-01 -1.566353e+00
 -2.103684e+00 1.311392e+00 -1.564683e+00
 -1.958691e+00 1.695647e+00 -1.443051e+00
 -1.719769e+00 1.966280e+00 -1.217779e+00
 -1.421207e+00 2.078094e+00 -9.389884e-01
 -1.120541e+00 2.013749e+00 -6.300076e-01
 -8.946665e-01 1.779104e+00 -3.408007e-01
 -7.943869e-01 1.430256e+00 -1.239763e-01
 -8.345127e-01 1.114806e+00 -1.876948e-02
 -9.971453e-01 8.444596e-01 9.821975e-02
 -1.378005e+00 5.186933e-01 2.347035e-01
 -1.545490e+00 1.937552e-01 3.998529e-01
 -1.560686e+00 -2.022938e-01 5.951070e-01
 -1.408678e+00 -5.441638e-01 7.772352e-01
 -1.131445e+00 -7.862032e-01 8.974436e-01
 -7.621755e-01 -9.094536e-01 9.653725e-01
 -3.708689e-01 -8.838851e-01 1.015146e+00
 -7.754683e-03 -7.179255e-01 1.015056e+00
 4.246312e-01 -2.774038e-01 9.397482e-01
 6.977239e-01 -1.477150e-01 1.017648e+00
 9.553978e-01 -1.085493e-01 1.082650e+00
 1.317177e+00 -1.554017e-01 1.075012e+00
 1.668558e+00 -3.166186e-01 9.733708e-01
 1.921223e+00 -5.131653e-01 7.510880e-01
 2.053699e+00 -6.964357e-01 4.363617e-01
 2.046660e+00 -8.386974e-01 7.346852e-02
 1.893015e+00 -9.296591e-01 -2.882375e-01
 1.613225e+00 -9.581713e-01 -5.845937e-01
 1.143187e+00 -8.927933e-01 -8.318862e-01
 9.367267e-01 -8.637854e-01 -1.025758e+00
 7.948295e-01 -8.650506e-01 -1.315349e+00
 6.636539e-01 -1.003330e+00 -1.593032e+00
 5.070103e-01 -1.260376e+00 -1.808341e+00
 3.250714e-01 -1.598085e+00 -1.900825e+00
 1.347472e-01 -1.935298e+00 -1.842366e+00
 -4.661104e-02 -2.220547e+00 -1.642969e+00
 -1.951658e-01 -2.409688e+00 -1.328044e+00
 -2.804389e-01 -2.474167e+00 -9.390570e-01
 -2.926269e-01 -2.393292e+00 -5.340188e-01
 -2.391127e-01 -2.168355e+00 -1.854606e-01
 -1.401772e-01 -1.829734e+00 4.085600e-02
 -9.431326e-03 -1.436282e+00 1.052454e-01
 1.167188e-01 -1.040490e+00 -9.119783e-03
 1.875218e-01 -7.313517e-01 -2.777252e-01
 1.107878e-01 -5.492289e-01 -5.455640e-01
 -1.493352e-01 -2.996898e-01 -1.320716e+00
 -3.621263e-01 -1.907777e-02 -1.614849e+00
 -6.275144e-01 3.471493e-01 -1.728717e+00
 -9.051536e-01 7.150439e-01 -1.635163e+00
 -1.096140e+00 9.716419e-01 -1.386619e+00
 -1.234121e+00 1.072947e+00 -1.067069e+00
 -1.393086e+00 1.051970e+00 -8.616462e-01
 -1.631075e+00 1.095499e+00 -6.685076e-01
 -1.819001e+00 1.302448e+00 -3.476145e-01
 -1.818140e+00 1.486520e+00 5.419311e-02
 -1.608635e+00 1.578946e+00 5.098085e-01
 -1.251856e+00 1.530375e+00 8.420816e-01
 -8.192878e-01 1.357480e+00 9.925745e-01
 -1.223892e-01 9.625949e-01 8.726687e-01
 2.319970e-01 8.142344e-01 9.253430e-01
 5.263127e-01 8.400227e-01 1.040455e+00
 8.300020e-01 8.621531e-01 1.359341e+00
 9.680822e-01 8.411403e-01 1.771898e+00
 9.240936e-01 7.844426e-01 2.198259e+00
 7.175531e-01 6.670932e-01 2.563450e+00
 3.885848e-01 5.190444e-01 2.797592e+00
 8.826713e-03 3.471932e-01 2.861933e+00
 -3.582145e-01 1.706566e-01 2.749856e+00
 -6.617916e-01 3.940626e-02 2.479260e+00
 -8.480762e-01 -1.741427e-02 2.097991e+00
 -8.812020e-01 4.468532e-03 1.672786e+00
 -6.642816e-01 1.197515e-01 1.031662e+00
 -5.602075e-01 6.205657e-02 6.479223e-01
 -5.464873e-01 -6.894015e-02 4.199568e-01
 -6.288574e-01 -2.656991e-01 1.652189e-01
 -8.148175e-01 -5.807564e-01 -9.883737e-02
 -8.442416e-01 -8.368869e-01 -3.306829e-01
 -7.531656e-01 -1.091982e+00 -5.576000e-01
 -5.605921e-01 -1.301670e+00 -7.522093e-01
 -3.059961e-01 -1.421944e+00 -8.882477e-01
 -6.040277e-03 -1.484896e+00 -9.333563e-01
 2.079369e-01 -1.571150e+00 -8.848258e-01
 4.394542e-01 -1.736513e+00 -8.777763e-01
 7.429854e-01 -1.867245e+00 -1.001817e+00
 1.100103e+00 -1.860500e+00 -1.212879e+00
 1.426558e+00 -1.679306e+00 -1.433116e+00
 1.650312e+00 -1.358616e+00 -1.599179e+00
 1.755517e+00 -9.704206e-01 -1.661080e+00
 1.740487e+00 -5.572361e-01 -1.601349e+00
 1.578769e+00 -1.869297e-01 -1.456085e+00
 1.304761e+00 6.541985e-02 -1.241164e+00
 7.713887e-01 2.172505e-01 -7.935172e-01
 6.044764e-01 3.362740e-01 -5.210290e-01
 5.545650e-01 4.677676e-01 -3.146895e-01
 5.164726e-01 7.375714e-01 -1.128518e-01
 5.371949e-01 1.273046e+00 7.530033e-02
 5.262658e-01 1.541258e+00 2.766395e-01
 4.858461e-01 1.734840e+00 5.458111e-01
 4.180816e-01 1.833414e+00 8.521636e-01
 3.330903e-01 1.827798e+00 1.165803e+00
 2.181159e-01 1.708560e+00 1.488814e+00
 1.074691e-01 1.506309e+00 1.718368e+00
 4.537499e-03 1.234437e+00 1.853965e+00
 -5.739187e-02 8.905265e-01 1.906836e+00
 -4.057776e-02 5.919439e-01 1.868529e+00
 7.310585e-02 3.448759e-01 1.822576e+00
 3.864894e-01 -3.245161e-01 1.988745e+00
 6.572096e-01 -7.271605e-01 1.871922e+00
 8.769612e-01 -1.009000e+00 1.568819e+00
 9.915915e-01 -1.142946e+00 1.137562e+00
 1.023447e+00 -1.075296e+00 6.803686e-01
 1.042436e+00 -8.330398e-01 3.227721e-01
 1.071762e+00 -4.435942e-01 1.149396e-01
