 -1.829974e+00 1.518965e+00 9.352912e-01
 -1.775377e+00 1.346246e+00 1.248646e+00
 -1.610073e+00 1.065126e+00 1.517952e+00
 -1.331080e+00 7.178482e-01 1.637596e+00
 -9.101730e-01 4.007642e-01 1.547831e+00
 -4.826975e-01 2.844497e-01 1.254637e+00
 -1.623267e-01 4.442136e-01 9.240855e-01
 1.832885e-01 8.439978e-01 8.105750e-01
 3.121139e-01 1.012683e+00 7.051317e-01
 4.801494e-01 1.188838e+00 4.949168e-01
 5.753225e-01 1.257929e+00 3.159453e-01
 6.506536e-01 1.284076e+00 5.545568e-02
 6.620372e-01 1.271899e+00 -1.302405e-01
 6.111058e-01 1.246790e+00 -3.769688e-01
 4.775984e-01 1.296181e+00 -6.549451e-01
 3.488882e-01 1.651587e+00 -1.228867e+00
 1.300364e-01 1.731021e+00 -1.631356e+00
 -1.722284e-01 1.619744e+00 -1.981095e+00
 -4.490796e-01 1.349890e+00 -2.205214e+00
 -6.506931e-01 9.856511e-01 -2.280021e+00
 -7.786961e-01 6.252207e-01 -2.195514e+00
 -8.706557e-01 2.857874e-01 -1.936992e+00
 -8.859729e-01 7.887824e-02 -1.606316e+00
 -7.576009e-01 -6.846805e-02 -1.185506e+00
 -7.306733e-01 -2.214950e-01 -9.809753e-01
 -7.009022e-01 -4.642533e-01 -8.208845e-01
 -6.638784e-01 -7.004542e-01 -7.441816e-01
 -5.605671e-01 -1.079202e+00 -7.014938e-01
 -4.067092e-01 -1.345179e+00 -5.933472e-01
 -2.448217e-01 -1.521127e+00 -4.437876e-01
 -7.108082e-02 -1.636107e+00 -2.560606e-01
 6.781484e-02 -1.678873e+00 -8.285263e-02
 1.891698e-01 -1.663370e+00 9.025950e-02
 2.989125e-01 -1.586667e+00 3.121588e-01
 3.340702e-01 -1.474221e+00 5.468314e-01
 2.566960e-01 -1.397811e+00 8.624744e-01
 2.094740e-01 -1.449410e+00 1.173765e+00
 3.011784e-01 -1.610420e+00 1.556952e+00
 5.672269e-01 -1.793071e+00 1.860687e+00
 9.628967e-01 -1.930990e+00 2.023207e+00
 1.410340e+00 -1.981588e+00 2.014077e+00
 1.821595e+00 -1.935745e+00 1.837864e+00
 2.117835e+00 -1.790209e+00 1.538002e+00
 2.248595e+00 -1.561750e+00 1.178353e+00
 2.185462e+00 -1.298548e+00 8.149219e-01
 1.930276e+00 -1.051926e+00 5.195432e-01
 1.539408e+00 -8.485814e-01 3.801256e-01
 1.137636e+00 -7.108436e-01 4.358641e-01
 8.606999e-01 -6.130203e-01 6.387719e-01
 7.215124e-01 -5.094882e-01 8.119704e-01
 6.284054e-01 -3.583146e-01 1.035150e+00
 5.464546e-01 1.661328e-01 1.624459e+00
 3.596849e-01 5.611315e-01 1.826559e+00
 1.060326e-01 8.896575e-01 1.851322e+00
 -1.469889e-01 1.130119e+00 1.746961e+00
 -3.790216e-01 1.289042e+00 1.551811e+00
 -5.762003e-01 1.352665e+00 1.294356e+00
 -7.268065e-01 1.312250e+00 1.035407e+00
 -9.028522e-01 1.126026e+00 7.574920e-01
 -1.091273e+00 8.534180e-01 6.326162e-01
 -1.390664e+00 6.489089e-01 5.965587e-01
 -1.760418e+00 5.943542e-01 4.745759e-01
 -2.117744e+00 6.717074e-01 1.775103e-01
 -2.306240e+00 8.393679e-01 -2.300116e-01
 -2.275221e+00 9.961160e-01 -6.697765e-01
 -2.042788e+00 1.093256e+00 -1.050621e+00
 -1.666746e+00 1.151910e+00 -1.297194e+00
 -1.224867e+00 1.162039e+00 -1.367572e+00
 -6.783636e-01 1.043359e+00 -1.248551e+00
 -3.450824e-01 8.830337e-01 -1.278489e+00
 -1.446782e-01 7.601442e-01 -1.392910e+00
 2.250906e-01 6.276417e-01 -1.781611e+00
 5.663766e-01 3.401194e-01 -1.979987e+00
 9.104917e-01 -8.043023e-03 -1.954495e+00
 1.146024e+00 -3.421422e-01 -1.724214e+00
 1.201514e+00 -6.445282e-01 -1.354277e+00
 1.062345e+00 -8.445758e-01 -9.200128e-01
 7.812695e-01 -8.746270e-01 -5.387940e-01
 1.751512e-01 -6.598088e-01 -9.476570e-02
 -2.063806e-01 -6.745006e-01 1.922778e-01
 -6.116467e-01 -1.027448e+00 3.891640e-01
 -7.285435e-01 -1.564353e+00 5.721345e-01
 -5.428914e-01 -2.042482e+00 7.170271e-01
 -1.679373e-01 -2.344574e+00 8.196861e-01
 2.324307e-01 -2.435313e+00 8.904261e-01
 5.753910e-01 -2.384427e+00 9.321641e-01
 8.336194e-01 -2.253192e+00 9.593655e-01
 1.024679e+00 -2.075002e+00 9.858078e-01
 1.150338e+00 -1.865926e+00 1.015462e+00
 1.214416e+00 -1.647836e+00 1.061995e+00
 1.226067e+00 -1.507276e+00 1.118845e+00
 1.235274e+00 -1.373230e+00 1.206397e+00
 1.291830e+00 -1.214921e+00 1.326672e+00
 1.394419e+00 -1.010730e+00 1.403465e+00
 1.511928e+00 -7.385212e-01 1.409851e+00
 1.599940e+00 -4.550938e-01 1.327553e+00
 1.623294e+00 -2.028007e-01 1.188000e+00
 1.569077e+00 3.580913e-02 9.983690e-01
 1.429790e+00 2.255861e-01 7.752806e-01
 1.234176e+00 3.272367e-01 5.235299e-01
 1.029858e+00 3.293018e-01 3.144069e-01
 6.129989e-01 2.545078e-01 6.707149e-02
 1.558450e-01 3.763479e-01 -1.079981e-01
 -1.219364e-01 5.869991e-01 -1.393558e-01
 -3.261739e-01 9.367387e-01 -8.506115e-02
 -3.724617e-01 1.437796e+00 -6.316489e-02
 -1.486129e-01 1.921530e+00 -1.061267e-01
 2.686134e-01 2.224732e+00 -2.241760e-01
 7.441049e-01 2.275388e+00 -3.760101e-01
 1.141938e+00 2.107354e+00 -5.729951e-01
 1.387407e+00 1.787708e+00 -7.875256e-01
 1.464559e+00 1.394644e+00 -9.395149e-01
 1.395646e+00 1.022805e+00 -1.013300e+00
 1.235834e+00 7.323372e-01 -1.024729e+00
 6.952719e-01 1.830642e-01 -9.636046e-01
 4.775160e-01 1.635201e-03 -9.977481e-01
 3.644947e-01 -9.930994e-02 -1.068547e+00
 2.769646e-01 -2.208468e-01 -1.165060e+00
 1.387113e-01 -5.230852e-01 -1.431689e+00
 -1.373142e-01 -7.506171e-01 -1.636616e+00
 -5.339160e-01 -9.094023e-01 -1.737971e+00
 -8.865942e-01 -9.594496e-01 -1.704258e+00
 -1.205011e+00 -9.151519e-01 -1.583831e+00
 -1.465204e+00 -7.783057e-01 -1.423341e+00
 -1.652473e+00 -5.638295e-01 -1.236074e+00
 -1.737329e+00 -3.350358e-01 -1.059615e+00
 -1.734263e+00 -8.885940e-02 -8.813755e-01
 -1.638881e+00 1.538548e-01 -7.168533e-01
 -1.403643e+00 4.508693e-01 -5.583349e-01
 -1.300226e+00 6.961294e-01 -4.487410e-01
 -1.276570e+00 8.633684e-01 -3.897768e-01
 -1.322079e+00 1.153853e+00 -3.100670e-01
 -1.433378e+00 1.379773e+00 -1.624982e-01
 -1.567037e+00 1.536019e+00 5.445998e-02
 -1.699086e+00 1.613978e+00 3.210153e-01
 -1.796459e+00 1.606828e+00 6.167644e-01
