 -2.789109e-01 -1.563660e+00 -6.264591e-01
 -7.088843e-01 -1.690006e+00 -4.906408e-01
 -1.058330e+00 -1.669397e+00 -2.406093e-01
 -1.317956e+00 -1.490032e+00 5.169026e-02
 -1.436267e+00 -1.214797e+00 3.302100e-01
 -1.399660e+00 -8.574139e-01 5.814662e-01
 -1.176029e+00 -4.695716e-01 7.530621e-01
 -8.109903e-01 -1.947168e-01 7.983767e-01
 -5.944878e-01 -5.937644e-02 8.776948e-01
 -3.729753e-01 1.412312e-01 1.045834e+00
 -1.701029e-01 2.752195e-01 1.474766e+00
 -2.300286e-01 3.816152e-01 1.970209e+00
 -5.054948e-01 4.820054e-01 2.349409e+00
 -8.644311e-01 5.566963e-01 2.540676e+00
 -1.246251e+00 6.103317e-01 2.574755e+00
 -1.589725e+00 6.855663e-01 2.474587e+00
 -1.859333e+00 7.546729e-01 2.272429e+00
 -2.052243e+00 8.188814e-01 1.978133e+00
 -2.129201e+00 8.760688e-01 1.598457e+00
 -2.044559e+00 9.592102e-01 1.191590e+00
 -1.851421e+00 1.037503e+00 9.428604e-01
 -1.641526e+00 1.203974e+00 8.069204e-01
 -1.509363e+00 1.439251e+00 6.204593e-01
 -1.416901e+00 1.577330e+00 3.003674e-01
 -1.279891e+00 1.566061e+00 -7.786501e-02
 -1.112086e+00 1.407097e+00 -4.006274e-01
 -9.291469e-01 1.132083e+00 -6.267351e-01
 -7.729261e-01 7.916279e-01 -7.148704e-01
 -5.221970e-01 3.942108e-01 -6.339093e-01
 -2.638507e-01 1.414841e-01 -6.176335e-01
 -8.463022e-02 -7.635005e-02 -6.737689e-01
 3.161692e-02 -3.568074e-01 -8.683686e-01
 8.836033e-02 -5.424557e-01 -1.135088e+00
 1.669397e-01 -7.142831e-01 -1.563010e+00
 4.272404e-01 -9.033434e-01 -1.886671e+00
 7.841668e-01 -1.061165e+00 -2.047647e+00
 1.173130e+00 -1.147907e+00 -2.061516e+00
 1.530173e+00 -1.170113e+00 -1.942299e+00
 1.821889e+00 -1.162896e+00 -1.696970e+00
 2.000064e+00 -1.145388e+00 -1.366551e+00
 2.046582e+00 -1.110661e+00 -1.002020e+00
 1.964339e+00 -1.045122e+00 -6.479905e-01
 1.662749e+00 -8.719629e-01 -1.945960e-01
 1.612719e+00 -7.578300e-01 9.816550e-02
 1.603658e+00 -5.394348e-01 3.580843e-01
 1.517782e+00 -1.821439e-01 5.477628e-01
 1.353871e+00 1.629378e-01 5.909599e-01
 1.099846e+00 4.705313e-01 5.087651e-01
 8.280575e-01 6.685901e-01 3.330094e-01
 4.287663e-01 8.087952e-01 -9.401076e-02
 2.641348e-01 9.397133e-01 -2.837629e-01
 1.412566e-01 1.184934e+00 -5.020128e-01
 1.550214e-01 1.433002e+00 -9.030649e-01
 3.165185e-01 1.523736e+00 -1.326110e+00
 5.520105e-01 1.451323e+00 -1.678554e+00
 7.885560e-01 1.233102e+00 -1.930197e+00
 9.964231e-01 9.161650e-01 -2.053247e+00
 1.143430e+00 5.534351e-01 -2.042001e+00
 1.215247e+00 2.158836e-01 -1.913668e+00
 1.217629e+00 -2.603981e-02 -1.738107e+00
 1.148886e+00 -4.930055e-01 -1.273069e+00
 1.097162e+00 -7.407755e-01 -1.112945e+00
 1.028385e+00 -9.947168e-01 -1.055750e+00
 1.040044e+00 -1.484375e+00 -1.051439e+00
 9.469413e-01 -1.873012e+00 -9.168932e-01
 7.647144e-01 -2.155800e+00 -6.914427e-01
 5.293092e-01 -2.299158e+00 -4.275554e-01
 2.948597e-01 -2.296703e+00 -1.341236e-01
 5.354176e-02 -2.137810e+00 1.652365e-01
 -1.616488e-01 -1.816305e+00 3.825881e-01
 -3.154312e-01 -1.422685e+00 4.370045e-01
 -4.158200e-01 -1.076347e+00 3.116011e-01
 -4.998847e-01 -8.334268e-01 6.393502e-02
 -7.010021e-01 -7.041033e-01 -1.736873e-01
 -9.145988e-01 -6.598783e-01 -4.966690e-01
 -9.915253e-01 -5.215118e-01 -9.357584e-01
 -8.905265e-01 -2.741648e-01 -1.334805e+00
 -6.753957e-01 -1.860355e-02 -1.562378e+00
 -3.920834e-01 2.049857e-01 -1.638724e+00
 -1.376629e-02 3.954003e-01 -1.580858e+00
 2.569142e-01 4.755626e-01 -1.453054e+00
 6.332820e-01 5.413094e-01 -1.145611e+00
 9.172516e-01 7.316293e-01 -1.047889e+00
 1.130481e+00 1.039847e+00 -8.323027e-01
 1.166094e+00 1.361861e+00 -5.501782e-01
 1.052435e+00 1.607032e+00 -2.565181e-01
 8.274959e-01 1.746795e+00 3.154552e-02
 5.193783e-01 1.764024e+00 2.751221e-01
 1.840394e-01 1.668271e+00 4.272666e-01
 -1.299345e-01 1.472512e+00 4.891809e-01
 -4.625064e-01 1.120476e+00 4.423316e-01
 -7.620525e-01 7.835817e-01 3.492648e-01
 -1.119103e+00 5.609753e-01 2.192672e-01
 -1.468453e+00 5.451035e-01 3.780023e-02
 -1.892833e+00 7.273063e-01 -7.084519e-02
 -2.236712e+00 1.047421e+00 -2.199452e-02
 -2.433807e+00 1.375032e+00 1.652763e-01
 -2.497863e+00 1.646870e+00 4.339614e-01
 -2.446669e+00 1.842740e+00 7.341278e-01
 -2.302140e+00 1.955235e+00 1.029688e+00
 -2.091684e+00 1.975334e+00 1.300523e+00
 -1.827639e+00 1.898785e+00 1.529270e+00
 -1.520526e+00 1.711121e+00 1.685169e+00
 -1.241832e+00 1.398944e+00 1.728551e+00
 -1.091619e+00 1.039712e+00 1.649497e+00
 -1.120149e+00 6.922503e-01 1.550095e+00
 -1.218128e+00 3.699683e-01 1.575274e+00
 -1.172656e+00 -2.086814e-03 1.728175e+00
 -9.741064e-01 -3.181393e-01 1.806895e+00
 -6.532479e-01 -6.064450e-01 1.740610e+00
 -3.155525e-01 -7.659768e-01 1.566722e+00
 2.976396e-03 -7.925750e-01 1.297841e+00
 2.610520e-01 -6.702665e-01 9.422059e-01
 4.003974e-01 -5.312219e-01 6.161636e-01
 5.510391e-01 -3.732965e-01 1.894233e-01
 7.761759e-01 -2.418522e-01 -1.735748e-01
 1.018378e+00 -5.792191e-02 -3.691205e-01
 1.402169e+00 9.194422e-02 -4.407841e-01
 1.758267e+00 1.229124e-01 -4.201415e-01
 2.109164e+00 4.467086e-02 -3.250456e-01
 2.406091e+00 -1.571402e-01 -1.721119e-01
 2.586980e+00 -4.496515e-01 1.062612e-02
 2.633837e+00 -7.898102e-01 1.612388e-01
 2.550285e+00 -1.139300e+00 2.642147e-01
 2.341655e+00 -1.445441e+00 3.294563e-01
 2.027463e+00 -1.668140e+00 3.501121e-01
 1.630761e+00 -1.771046e+00 3.148973e-01
 1.197462e+00 -1.706064e+00 2.115977e-01
 8.448375e-01 -1.456870e+00 5.183121e-02
 6.740069e-01 -1.341467e+00 -7.066137e-02
 3.898307e-01 -1.265814e+00 -2.877788e-01
 9.447203e-02 -1.378098e+00 -5.619978e-01
