 -2.986586e-01 2.446210e-01 -2.052631e+00
 -6.725255e-01 3.801679e-01 -1.877455e+00
 -9.342722e-01 5.460773e-01 -1.536082e+00
 -1.007191e+00 7.207891e-01 -1.069486e+00
 -8.259083e-01 8.905740e-01 -5.766329e-01
 -8.020443e-01 9.604308e-01 -3.795437e-01
 -8.229912e-01 1.041481e+00 -2.065323e-01
 -9.040004e-01 1.110332e+00 1.562876e-02
 -9.831184e-01 1.102108e+00 2.186310e-01
 -1.052642e+00 1.017009e+00 4.739447e-01
 -1.068091e+00 8.061118e-01 7.954760e-01
 -9.993317e-01 3.105764e-01 1.201842e+00
 -1.002330e+00 1.905162e-01 1.387833e+00
 -1.043889e+00 9.132867e-02 1.598770e+00
 -1.202113e+00 -1.171526e-01 1.821556e+00
 -1.363370e+00 -3.973478e-01 1.935561e+00
 -1.466423e+00 -6.994016e-01 1.948229e+00
 -1.507580e+00 -9.844324e-01 1.886001e+00
 -1.489311e+00 -1.241828e+00 1.767963e+00
 -1.413593e+00 -1.459403e+00 1.618901e+00
 -1.290700e+00 -1.628637e+00 1.439419e+00
 -1.122910e+00 -1.741132e+00 1.226346e+00
 -9.154577e-01 -1.773638e+00 9.851567e-01
 -5.050806e-01 -1.638837e+00 5.206704e-01
 -2.938307e-01 -1.731373e+00 2.617754e-01
 -2.172243e-01 -1.817111e+00 -2.039142e-02
 -1.964221e-01 -1.792355e+00 -3.428227e-01
 -1.635225e-01 -1.633228e+00 -6.693907e-01
 -1.236824e-01 -1.363237e+00 -9.222306e-01
 -1.138023e-01 -9.994780e-01 -1.073751e+00
 -1.638217e-01 -3.185295e-01 -1.091250e+00
 -1.482139e-01 3.064357e-02 -1.044620e+00
 1.204873e-02 5.179549e-01 -1.066344e+00
 2.913493e-02 8.599602e-01 -1.297698e+00
 1.481257e-01 1.062216e+00 -1.562321e+00
 3.727384e-01 1.166500e+00 -1.839558e+00
 6.697166e-01 1.191920e+00 -2.038891e+00
 9.574021e-01 1.153283e+00 -2.135161e+00
 1.231724e+00 1.075184e+00 -2.150059e+00
 1.482193e+00 9.866465e-01 -2.090537e+00
 1.693886e+00 8.851797e-01 -1.971672e+00
 1.864761e+00 7.691182e-01 -1.796284e+00
 1.980848e+00 6.386598e-01 -1.568362e+00
 2.020190e+00 4.986630e-01 -1.301965e+00
 1.968259e+00 3.688574e-01 -1.022977e+00
 1.767964e+00 2.109994e-01 -6.678616e-01
 1.694311e+00 7.282796e-02 -4.715576e-01
 1.682775e+00 -1.014120e-01 -2.741602e-01
 1.622675e+00 -4.092741e-01 -1.327038e-01
 1.459720e+00 -6.793147e-01 -6.064263e-02
 1.135444e+00 -9.180393e-01 -1.123932e-02
 7.836269e-01 -1.016192e+00 -1.131817e-02
 4.615923e-01 -9.955249e-01 -6.149650e-02
 -2.034977e-01 -7.435819e-01 -7.111118e-02
 -7.794647e-01 -9.220353e-01 -1.996519e-01
 -1.133542e+00 -1.358452e+00 -2.718641e-01
 -1.245850e+00 -1.888704e+00 -1.681076e-01
 -1.109207e+00 -2.342242e+00 3.479593e-02
 -8.131192e-01 -2.621235e+00 2.937686e-01
 -4.839940e-01 -2.689458e+00 5.784533e-01
 -1.756507e-01 -2.577714e+00 8.338129e-01
 7.958758e-02 -2.332156e+00 1.015035e+00
 2.544912e-01 -2.006277e+00 1.101994e+00
 3.318018e-01 -1.658111e+00 1.099443e+00
 2.867228e-01 -8.502987e-01 9.345468e-01
 2.088917e-01 -5.889942e-01 9.039311e-01
 1.402440e-01 -4.135807e-01 9.319760e-01
 8.650144e-02 -2.340259e-01 1.032358e+00
 -5.008181e-02 5.410243e-01 1.599505e+00
 -3.914756e-01 9.150317e-01 1.813080e+00
 -9.015750e-01 1.087718e+00 1.897598e+00
 -1.409816e+00 1.028938e+00 1.841469e+00
 -1.779340e+00 8.067689e-01 1.674370e+00
 -1.975877e+00 5.028717e-01 1.464405e+00
 -2.014371e+00 1.718050e-01 1.258184e+00
 -1.918565e+00 -1.362536e-01 1.088750e+00
 -1.707321e+00 -4.134016e-01 9.722343e-01
 -1.404049e+00 -6.251081e-01 9.315874e-01
 -1.069316e+00 -7.423143e-01 9.917739e-01
 -8.017269e-01 -7.774037e-01 1.142015e+00
 -5.991144e-01 -8.681795e-01 1.446295e+00
 -3.872153e-01 -8.312991e-01 1.712958e+00
 -6.378212e-04 -7.540975e-01 1.916016e+00
 4.388752e-01 -6.309050e-01 1.926910e+00
 8.414315e-01 -4.410027e-01 1.715765e+00
 1.096958e+00 -2.087546e-01 1.284496e+00
 1.086862e+00 -2.478587e-02 7.721044e-01
 8.049817e-01 4.224845e-02 2.597039e-01
 6.924491e-01 8.502245e-04 8.106916e-03
 6.741052e-01 -2.805358e-02 -3.020553e-01
 7.042749e-01 -1.400047e-01 -5.436086e-01
 8.331494e-01 -3.785930e-01 -8.397590e-01
 1.259524e+00 -6.388204e-01 -1.090782e+00
 1.824945e+00 -7.503831e-01 -1.101430e+00
 2.358829e+00 -6.327631e-01 -8.763894e-01
 2.683814e+00 -2.847159e-01 -5.296047e-01
 2.691549e+00 1.921823e-01 -1.645189e-01
 2.364112e+00 6.202912e-01 1.161484e-01
 1.833498e+00 8.534551e-01 1.988626e-01
 5.666139e-01 1.009007e+00 -2.893790e-01
 -1.887148e-02 1.573290e+00 -5.434561e-01
 -1.695279e-01 1.705749e+00 -6.109962e-01
 -3.286627e-01 1.802136e+00 -6.635928e-01
 -5.464169e-01 1.879773e+00 -7.116369e-01
 -8.395440e-01 1.909282e+00 -7.421028e-01
 -1.197389e+00 1.838754e+00 -7.286555e-01
 -1.557346e+00 1.617218e+00 -6.393182e-01
 -1.814828e+00 1.204873e+00 -4.764412e-01
 -1.812619e+00 6.959511e-01 -2.864900e-01
 -1.486942e+00 2.310671e-01 -7.322585e-02
 -9.322765e-01 3.944164e-02 1.029856e-01
 -3.575975e-01 2.176132e-01 2.308336e-01
 1.761531e-01 1.107494e+00 6.618926e-01
 4.567762e-01 1.542284e+00 6.020696e-01
 7.284429e-01 1.857912e+00 3.265215e-01
 9.329835e-01 1.984441e+00 -4.502553e-02
 1.071984e+00 1.937580e+00 -4.263548e-01
 1.151233e+00 1.759317e+00 -7.518843e-01
 1.185386e+00 1.488551e+00 -9.899714e-01
 1.173322e+00 1.176708e+00 -1.120093e+00
 1.036516e+00 7.299838e-01 -1.191318e+00
 9.845731e-01 4.558689e-01 -1.384706e+00
 8.264622e-01 2.596371e-01 -1.644503e+00
 5.139152e-01 1.474621e-01 -1.893408e+00
 1.097856e-01 1.552696e-01 -2.053392e+00
