 -1.906267e+00 2.973487e-01 -4.451862e-01
 -1.777231e+00 -3.177139e-02 -4.604108e-01
 -1.792109e+00 -3.600284e-01 -5.003103e-01
 -1.867875e+00 -6.799180e-01 -3.970728e-01
 -1.884417e+00 -9.483762e-01 -1.727665e-01
 -1.805030e+00 -1.164352e+00 1.486919e-01
 -1.587909e+00 -1.281408e+00 4.735616e-01
 -1.212313e+00 -1.290498e+00 7.452487e-01
 -8.135067e-01 -1.155143e+00 8.876026e-01
 -4.670468e-01 -8.958538e-01 8.912909e-01
 -3.043652e-01 -7.845399e-01 9.357192e-01
 -1.761132e-01 -7.295557e-01 9.891534e-01
 -1.507912e-02 -6.411229e-01 1.111018e+00
 1.131098e-01 -5.657481e-01 1.263181e+00
 2.772097e-01 -4.212733e-01 1.589709e+00
 4.481035e-01 -2.393233e-01 1.785497e+00
 6.734383e-01 -1.718622e-02 1.903491e+00
 9.054142e-01 2.088100e-01 1.914622e+00
 1.112509e+00 4.235810e-01 1.830219e+00
 1.277347e+00 5.951433e-01 1.661102e+00
 1.419777e+00 6.961511e-01 1.424212e+00
 1.577231e+00 6.946297e-01 1.243351e+00
 1.810056e+00 7.479310e-01 1.076203e+00
 2.020230e+00 9.560669e-01 8.441359e-01
 2.085807e+00 1.247932e+00 5.268579e-01
 1.958485e+00 1.524800e+00 1.976378e-01
 1.660069e+00 1.707454e+00 -9.786593e-02
 1.241070e+00 1.725811e+00 -3.201101e-01
 7.789207e-01 1.578815e+00 -3.917372e-01
 3.910961e-01 1.310208e+00 -2.771988e-01
 -1.224117e-01 3.629366e-01 2.427548e-01
 -3.380641e-01 2.381006e-01 4.709070e-01
 -7.229280e-01 1.518637e-01 1.187389e+00
 -8.197955e-01 -2.658367e-01 1.693608e+00
 -6.332700e-01 -8.790172e-01 1.941811e+00
 -2.465315e-01 -1.425105e+00 1.788946e+00
 1.012471e-01 -1.717453e+00 1.251033e+00
 2.805259e-01 -1.600264e+00 5.971914e-01
 1.739119e-01 -9.168553e-01 -1.729969e-01
 8.790862e-02 -8.189714e-01 -4.995244e-01
 3.978247e-02 -8.232016e-01 -7.603089e-01
 6.578111e-02 -8.957448e-01 -1.086531e+00
 2.227770e-01 -1.034573e+00 -1.408803e+00
 5.128538e-01 -1.191386e+00 -1.648016e+00
 8.963230e-01 -1.327673e+00 -1.749904e+00
 1.312490e+00 -1.401871e+00 -1.692033e+00
 1.693098e+00 -1.389248e+00 -1.475683e+00
 1.959964e+00 -1.291219e+00 -1.126507e+00
 2.051531e+00 -1.115748e+00 -7.094968e-01
 1.945397e+00 -8.776926e-01 -3.205529e-01
 1.659043e+00 -6.151227e-01 -5.140371e-02
 1.274339e+00 -3.994164e-01 3.152453e-02
 8.120150e-01 -1.448546e-01 -1.221012e-01
 4.575410e-01 1.771720e-01 -7.259614e-01
 -4.778844e-02 6.274635e-01 -1.146282e+00
 -2.991591e-01 7.535947e-01 -1.272608e+00
 -5.990910e-01 8.064835e-01 -1.361677e+00
 -9.302083e-01 7.687280e-01 -1.398643e+00
 -1.221002e+00 6.320082e-01 -1.381352e+00
 -1.402612e+00 4.424346e-01 -1.356228e+00
 -1.521100e+00 2.733810e-01 -1.394627e+00
 -1.746929e+00 9.647971e-02 -1.471781e+00
 -2.140169e+00 -5.041012e-02 -1.423415e+00
 -2.476864e+00 -1.275294e-01 -1.227854e+00
 -2.704921e+00 -1.778876e-01 -9.200521e-01
 -2.800930e+00 -2.030023e-01 -5.593578e-01
 -2.755533e+00 -2.104553e-01 -1.604028e-01
 -2.565182e+00 -1.993775e-01 1.839971e-01
 -2.203756e+00 -2.019856e-01 4.608685e-01
 -1.756324e+00 -2.103269e-01 5.499332e-01
 -1.331254e+00 -2.816989e-01 4.342201e-01
 -1.042582e+00 -4.319343e-01 1.786353e-01
 -8.891124e-01 -7.197589e-01 -6.857707e-02
 -8.199623e-01 -1.245138e+00 -2.841362e-01
 -6.042691e-01 -1.575975e+00 -4.306194e-01
 -2.516491e-01 -1.789714e+00 -5.749276e-01
 1.588778e-01 -1.841021e+00 -6.667787e-01
 5.537066e-01 -1.722999e+00 -7.029214e-01
 8.639399e-01 -1.462427e+00 -7.199880e-01
 1.009425e+00 -1.168434e+00 -7.356772e-01
 1.045754e+00 -9.270919e-01 -8.154975e-01
 1.117391e+00 -7.156530e-01 -9.480305e-01
 1.335753e+00 -4.203445e-01 -1.021769e+00
 1.524751e+00 -6.479836e-02 -9.259165e-01
 1.582771e+00 2.994459e-01 -6.993261e-01
 1.511859e+00 5.809391e-01 -3.715606e-01
 1.147181e+00 8.708513e-01 2.949411e-01
 1.047679e+00 1.145364e+00 5.158548e-01
 1.059982e+00 1.357876e+00 6.729134e-01
 1.191383e+00 1.580062e+00 9.242958e-01
 1.404790e+00 1.698467e+00 1.201394e+00
 1.645169e+00 1.691778e+00 1.460225e+00
 1.872295e+00 1.570751e+00 1.683339e+00
 2.053327e+00 1.364075e+00 1.854176e+00
 2.182534e+00 1.100055e+00 1.960827e+00
 2.255754e+00 7.919661e-01 2.000011e+00
 2.257680e+00 4.482197e-01 1.963093e+00
 2.160084e+00 9.887689e-02 1.834648e+00
 1.936668e+00 -1.926254e-01 1.612549e+00
 1.596157e+00 -3.325769e-01 1.318554e+00
 1.185985e+00 -2.420695e-01 1.025498e+00
 8.660999e-01 3.447149e-02 8.908147e-01
 6.561326e-01 2.569663e-01 9.163447e-01
 4.508446e-01 5.438512e-01 1.055706e+00
 3.394119e-01 7.075307e-01 1.078899e+00
 1.511725e-01 9.307461e-01 1.058632e+00
 -7.024320e-02 1.096180e+00 9.896028e-01
 -3.205852e-01 1.201037e+00 8.585904e-01
 -5.821914e-01 1.219787e+00 6.600535e-01
 -8.153703e-01 1.137897e+00 3.866747e-01
 -9.550604e-01 9.546880e-01 6.145502e-02
 -9.684654e-01 6.713212e-01 -2.487902e-01
 -7.790678e-01 1.604803e-01 -5.975630e-01
 -7.225900e-01 -4.543781e-02 -7.898512e-01
 -6.704479e-01 -1.670797e-01 -1.022003e+00
 -6.175920e-01 -2.205785e-01 -1.378023e+00
 -6.791465e-01 -1.476920e-01 -1.795840e+00
 -8.494563e-01 2.616210e-02 -2.122393e+00
 -1.097670e+00 2.496545e-01 -2.321240e+00
 -1.380628e+00 4.809214e-01 -2.381603e+00
 -1.660616e+00 6.972417e-01 -2.312151e+00
 -1.915893e+00 8.751562e-01 -2.124020e+00
 -2.124357e+00 9.812309e-01 -1.835150e+00
 -2.254223e+00 9.985016e-01 -1.459180e+00
 -2.263047e+00 9.031727e-01 -1.036609e+00
 -2.131648e+00 6.623225e-01 -6.575149e-01
