 1.883633e+00 -9.840246e-01 1.524150e-01
 2.017760e+00 -6.472011e-01 6.738873e-02
 2.020706e+00 -2.870379e-01 -4.155622e-02
 1.888524e+00 6.553492e-02 -1.514924e-01
 1.649441e+00 3.335625e-01 -2.312580e-01
 1.337379e+00 4.995669e-01 -2.749312e-01
 6.659782e-01 5.865881e-01 -3.669468e-01
 3.882425e-01 7.498459e-01 -3.700191e-01
 8.242627e-02 1.027252e+00 -4.766181e-01
 -4.253361e-01 1.311506e+00 -6.569548e-01
 -9.282759e-01 1.461544e+00 -8.666713e-01
 -1.321080e+00 1.461796e+00 -9.111280e-01
 -1.698675e+00 1.367651e+00 -8.368334e-01
 -2.004913e+00 1.196895e+00 -6.509908e-01
 -2.193721e+00 9.755558e-01 -3.799917e-01
 -2.235406e+00 7.324013e-01 -6.225893e-02
 -2.130219e+00 4.982507e-01 2.158051e-01
 -1.904377e+00 2.993712e-01 4.161874e-01
 -1.644749e+00 2.032006e-01 5.432048e-01
 -1.356409e+00 2.236799e-01 6.887772e-01
 -9.769946e-01 3.331863e-01 1.110248e+00
 -6.366568e-01 4.007063e-01 1.293047e+00
 -3.142340e-01 4.020807e-01 1.350711e+00
 -5.983215e-03 3.773835e-01 1.280507e+00
 2.334984e-01 4.092325e-01 1.134268e+00
 4.450553e-01 5.255111e-01 9.922539e-01
 6.124407e-01 7.093966e-01 8.177767e-01
 8.580972e-01 1.305216e+00 3.447385e-01
 9.319039e-01 1.468838e+00 1.009690e-01
 9.847148e-01 1.553052e+00 -1.849337e-01
 1.006477e+00 1.551407e+00 -4.912760e-01
 9.744033e-01 1.467155e+00 -8.075051e-01
 8.763027e-01 1.322395e+00 -1.076227e+00
 6.489361e-01 1.029405e+00 -1.377588e+00
 5.890127e-01 8.598711e-01 -1.565052e+00
 5.856776e-01 6.809515e-01 -1.857749e+00
 7.927003e-01 3.672019e-01 -2.155733e+00
 1.064397e+00 -2.604677e-02 -2.233715e+00
 1.287988e+00 -4.416768e-01 -2.071594e+00
 1.395753e+00 -7.912693e-01 -1.689305e+00
 1.386219e+00 -9.397564e-01 -1.210975e+00
 1.266497e+00 -8.726626e-01 -7.328385e-01
 1.081132e+00 -5.779618e-01 -3.353335e-01
 1.000576e+00 -4.348149e-01 -5.522545e-02
 1.022905e+00 -3.640759e-01 1.953552e-01
 1.181173e+00 -3.780091e-01 6.071258e-01
 1.473062e+00 -5.797742e-01 1.064521e+00
 1.535368e+00 -7.599574e-01 1.386985e+00
 1.456144e+00 -9.324314e-01 1.723741e+00
 1.237984e+00 -1.073206e+00 2.020544e+00
 9.290897e-01 -1.134413e+00 2.234371e+00
 5.795530e-01 -1.112342e+00 2.337230e+00
 1.915865e-01 -1.049756e+00 2.298173e+00
 -1.656314e-01 -9.630272e-01 2.101737e+00
 -4.036047e-01 -8.492439e-01 1.802799e+00
 -5.007429e-01 -7.149858e-01 1.436763e+00
 -4.023510e-01 -4.848764e-01 8.456076e-01
 -3.128293e-01 -2.772574e-01 5.720209e-01
 -3.226682e-01 1.220578e-02 3.738794e-01
 -3.551013e-01 4.431294e-01 2.831816e-01
 -3.441317e-01 9.074107e-01 4.442193e-01
 -2.739833e-01 1.223121e+00 7.393655e-01
 -1.298023e-01 1.377462e+00 1.068364e+00
 9.866306e-02 1.391125e+00 1.425501e+00
 3.325207e-01 1.240333e+00 1.734270e+00
 5.302386e-01 9.518466e-01 1.954148e+00
 6.632659e-01 5.758290e-01 2.049344e+00
 7.146937e-01 1.739078e-01 2.005514e+00
 6.805887e-01 -1.901692e-01 1.830019e+00
 5.607154e-01 -4.737341e-01 1.538425e+00
 5.207252e-01 -6.472397e-01 1.413569e+00
 5.120754e-01 -8.851593e-01 1.322463e+00
 4.427430e-01 -1.440423e+00 1.323465e+00
 3.581149e-01 -1.827690e+00 1.151489e+00
 2.849854e-01 -2.106283e+00 8.341285e-01
 2.518756e-01 -2.233519e+00 4.282104e-01
 2.568426e-01 -2.187606e+00 1.319118e-02
 2.564573e-01 -1.967943e+00 -3.551853e-01
 2.209668e-01 -1.612568e+00 -6.024500e-01
 1.791421e-01 -1.191090e+00 -6.784794e-01
 8.879518e-02 -5.343921e-01 -5.127101e-01
 2.207338e-02 -3.059208e-01 -5.176039e-01
 -6.615909e-02 -1.451311e-01 -5.825557e-01
 -2.482145e-01 9.974050e-02 -8.124809e-01
 -3.731723e-01 4.640228e-01 -1.264147e+00
 -4.221832e-01 9.223488e-01 -1.636947e+00
 -3.313172e-01 1.203301e+00 -1.829839e+00
 -1.253118e-01 1.442131e+00 -1.998542e+00
 1.683962e-01 1.604015e+00 -2.121140e+00
 5.129881e-01 1.668309e+00 -2.184587e+00
 8.659555e-01 1.626714e+00 -2.183338e+00
 1.184880e+00 1.484793e+00 -2.117782e+00
 1.427679e+00 1.261736e+00 -1.998855e+00
 1.572342e+00 9.962215e-01 -1.819941e+00
 1.599796e+00 7.044211e-01 -1.595644e+00
 1.487525e+00 4.178425e-01 -1.380177e+00
 1.260251e+00 1.662755e-01 -1.234934e+00
 1.018130e+00 2.971658e-02 -1.182911e+00
 7.706082e-01 -9.699304e-02 -1.218065e+00
 3.986769e-01 -3.692203e-01 -1.473935e+00
 7.007335e-02 -5.258997e-01 -1.554793e+00
 -2.468820e-01 -6.393325e-01 -1.509553e+00
 -5.337702e-01 -7.162190e-01 -1.346496e+00
 -7.583760e-01 -7.482021e-01 -1.078749e+00
 -8.956684e-01 -7.278577e-01 -7.163516e-01
 -9.211818e-01 -6.461546e-01 -3.082312e-01
 -9.874555e-01 -6.123323e-01 -1.226823e-01
 -1.113689e+00 -6.267403e-01 8.471428e-02
 -1.353541e+00 -7.952549e-01 5.685260e-01
 -1.548883e+00 -7.612133e-01 9.126413e-01
 -1.733138e+00 -5.788657e-01 1.214075e+00
 -1.880309e+00 -2.764577e-01 1.425404e+00
 -1.970483e+00 9.964111e-02 1.513733e+00
 -1.992351e+00 4.891545e-01 1.465429e+00
 -1.923504e+00 8.373780e-01 1.302265e+00
 -1.770129e+00 1.100062e+00 1.042888e+00
 -1.574009e+00 1.226770e+00 7.134974e-01
 -1.385389e+00 1.196339e+00 3.684415e-01
 -1.252524e+00 1.014623e+00 3.339282e-02
 -1.201856e+00 7.752284e-01 -1.636905e-01
 -1.266394e+00 5.341121e-01 -3.565044e-01
 -1.424425e+00 2.726030e-01 -4.981629e-01
 -1.764467e+00 -1.250569e-01 -5.721681e-01
 -1.911893e+00 -5.006630e-01 -5.499338e-01
 -1.906842e+00 -8.900425e-01 -5.020207e-01
 -1.760979e+00 -1.237148e+00 -4.137320e-01
 -1.493864e+00 -1.496654e+00 -2.938015e-01
 -1.163465e+00 -1.624655e+00 -1.476361e-01
 -8.089164e-01 -1.608665e+00 2.749201e-02
 -1.668081e-01 -1.292565e+00 3.015147e-01
 1.613788e-01 -1.207623e+00 3.540741e-01
 4.355602e-01 -1.215746e+00 3.195394e-01
 8.441419e-01 -1.370097e+00 3.301516e-01
 1.284121e+00 -1.367314e+00 2.964964e-01
 1.664704e+00 -1.209413e+00 2.171632e-01
