 3.872349e-01 2.148358e+00 -1.137629e+00
 2.881965e-01 1.956459e+00 -1.537600e+00
 3.600778e-01 1.566259e+00 -1.884817e+00
 5.780334e-01 1.102866e+00 -2.014622e+00
 8.545242e-01 6.649893e-01 -1.876627e+00
 1.112062e+00 3.753268e-01 -1.506265e+00
 1.275674e+00 3.103948e-01 -1.009162e+00
 1.249182e+00 4.754040e-01 -4.022282e-01
 1.252540e+00 4.689738e-01 -2.016286e-01
 1.279949e+00 4.602119e-01 -5.443379e-02
 1.575226e+00 4.521815e-01 8.226656e-01
 1.537401e+00 1.939183e-01 1.376861e+00
 1.289093e+00 -2.354393e-01 1.725875e+00
 9.102377e-01 -6.759733e-01 1.762088e+00
 5.054754e-01 -9.914552e-01 1.488247e+00
 2.092609e-01 -1.091802e+00 9.803975e-01
 4.237361e-02 -8.835150e-01 4.194870e-01
 -5.602664e-01 -5.701671e-01 -6.435127e-01
 -1.115583e+00 -5.397197e-01 -9.261321e-01
 -1.722796e+00 -7.062942e-01 -8.928832e-01
 -2.158198e+00 -9.947060e-01 -5.485427e-01
 -2.264241e+00 -1.338485e+00 -3.419448e-02
 -2.039915e+00 -1.581170e+00 3.530217e-01
 -1.816625e+00 -1.801281e+00 4.656704e-01
 -1.683590e+00 -2.048837e+00 6.164567e-01
 -1.507261e+00 -2.240351e+00 9.956360e-01
 -1.245242e+00 -2.201295e+00 1.430040e+00
 -9.630453e-01 -1.943389e+00 1.753931e+00
 -7.093361e-01 -1.533173e+00 1.890312e+00
 -5.490351e-01 -1.066173e+00 1.810098e+00
 -5.245275e-01 -6.593574e-01 1.542258e+00
 -6.002316e-01 -3.100373e-01 9.402882e-01
 -5.703117e-01 -6.170986e-02 6.555920e-01
 -7.159029e-01 3.430828e-01 1.517943e-01
 -7.054736e-01 5.028581e-01 -5.969847e-02
 -6.270598e-01 6.522592e-01 -2.640952e-01
 -4.861456e-01 7.799866e-01 -4.487331e-01
 -2.920428e-01 8.762131e-01 -6.023084e-01
 3.347426e-01 1.035172e+00 -8.974675e-01
 5.798886e-01 1.121562e+00 -9.642439e-01
 8.973364e-01 1.274760e+00 -1.028578e+00
 1.169306e+00 1.443219e+00 -1.220316e+00
 1.329662e+00 1.809169e+00 -1.493594e+00
 1.279402e+00 2.261654e+00 -1.693109e+00
 1.046233e+00 2.711703e+00 -1.728652e+00
 6.814398e-01 3.041176e+00 -1.588564e+00
 2.854128e-01 3.172762e+00 -1.293205e+00
 -4.442485e-02 3.071860e+00 -9.090694e-01
 -2.235699e-01 2.755998e+00 -5.302575e-01
 -1.838003e-01 2.315749e+00 -2.399849e-01
 8.277131e-02 1.881230e+00 -1.023957e-01
 4.330777e-01 1.660731e+00 -1.174356e-01
 9.387560e-01 1.568036e+00 -5.887834e-02
 1.740863e+00 1.381106e+00 -1.805236e-01
 2.119425e+00 1.032314e+00 -2.616006e-01
 2.282428e+00 5.369424e-01 -3.039156e-01
 2.182236e+00 2.344887e-02 -3.141582e-01
 1.845455e+00 -3.741939e-01 -2.966713e-01
 1.191003e+00 -6.192993e-01 -2.718460e-01
 1.020662e+00 -7.676001e-01 -2.366593e-01
 9.222661e-01 -8.833588e-01 -2.204220e-01
 8.425730e-01 -1.009712e+00 -2.139408e-01
 6.851147e-01 -1.373361e+00 -2.067360e-01
 4.427727e-01 -1.649538e+00 -1.225984e-01
 1.413762e-01 -1.818250e+00 2.669299e-02
 -1.986034e-01 -1.863128e+00 2.437505e-01
 -4.836552e-01 -1.775957e+00 4.864764e-01
 -9.100837e-01 -1.387076e+00 8.605966e-01
 -1.290485e+00 -1.193322e+00 1.075419e+00
 -1.618949e+00 -1.229659e+00 1.308524e+00
 -2.093613e+00 -1.477832e+00 1.413481e+00
 -2.475758e+00 -1.840686e+00 1.276106e+00
 -2.675097e+00 -2.195945e+00 9.199126e-01
 -2.643005e+00 -2.441865e+00 4.359484e-01
 -2.404693e+00 -2.488754e+00 -5.340826e-02
 -2.023925e+00 -2.322962e+00 -4.106091e-01
 -1.603467e+00 -1.995582e+00 -5.318619e-01
 -1.278840e+00 -1.576143e+00 -3.958908e-01
 -1.199339e+00 -1.220972e+00 -1.177273e-01
 -1.360422e+00 -7.288594e-01 1.637037e-01
 -1.618182e+00 -1.443929e-01 6.876059e-01
 -1.488294e+00 2.473642e-01 1.074975e+00
 -1.090948e+00 5.117511e-01 1.379267e+00
 -5.446827e-01 5.656997e-01 1.515615e+00
 -2.265900e-02 3.786018e-01 1.466257e+00
 8.409319e-01 -2.848073e-01 7.510245e-01
 1.440318e+00 -9.057549e-01 7.370482e-01
 1.724276e+00 -1.403396e+00 2.561048e-01
 1.729807e+00 -1.536891e+00 -4.667072e-01
 1.411685e+00 -1.284927e+00 -1.082381e+00
 9.055376e-01 -8.173296e-01 -1.293268e+00
 4.692684e-01 -3.124044e-01 -1.022100e+00
 2.793263e-01 2.205532e-01 -8.002386e-02
 3.354666e-01 1.199066e+00 8.133198e-01
 4.701887e-01 1.744409e+00 9.285216e-01
 6.361032e-01 2.259733e+00 7.294628e-01
 7.727282e-01 2.586514e+00 2.760243e-01
 8.234160e-01 2.627423e+00 -3.008778e-01
 7.468241e-01 2.397515e+00 -7.647259e-01
 5.667065e-01 2.231327e+00 -9.470402e-01
