 -1.394612e+00 2.078060e-01 1.507077e+00
 -9.716614e-01 3.223804e-01 1.556724e+00
 -5.854078e-01 4.737151e-01 1.423598e+00
 -3.413440e-01 5.908819e-01 1.181955e+00
 -2.458538e-01 7.275255e-01 9.446185e-01
 -1.803982e-01 9.403705e-01 7.794349e-01
 -1.372446e-01 1.279538e+00 6.072301e-01
 -1.058484e-01 1.523937e+00 3.407399e-01
 -9.430413e-02 1.693467e+00 -4.333326e-02
 -1.616540e-01 1.757211e+00 -2.772033e-01
 -2.351287e-01 1.853296e+00 -4.638577e-01
 -2.241524e-01 2.004442e+00 -7.356589e-01
 -1.053671e-01 2.098870e+00 -1.069709e+00
 1.003094e-01 2.100373e+00 -1.368233e+00
 3.514216e-01 1.996942e+00 -1.608101e+00
 6.200971e-01 1.799091e+00 -1.760312e+00
 8.698369e-01 1.520177e+00 -1.804206e+00
 1.069022e+00 1.191560e+00 -1.719990e+00
 1.187732e+00 8.676344e-01 -1.498146e+00
 1.193595e+00 6.370605e-01 -1.202521e+00
 1.056800e+00 4.466471e-01 -9.285183e-01
 9.309923e-01 2.471912e-01 -7.736111e-01
 8.439163e-01 1.859713e-02 -6.794197e-01
 8.183704e-01 -6.521121e-02 -6.607400e-01
 8.043252e-01 -1.532852e-01 -6.523128e-01
 8.000289e-01 -2.426693e-01 -6.564884e-01
 8.141909e-01 -4.838850e-01 -7.031126e-01
 8.631438e-01 -7.205462e-01 -7.921454e-01
 9.665244e-01 -9.496566e-01 -9.283429e-01
 9.955680e-01 -1.067995e+00 -1.054603e+00
 9.754835e-01 -1.237749e+00 -1.247485e+00
 8.690267e-01 -1.444340e+00 -1.448890e+00
 6.700290e-01 -1.655480e+00 -1.603942e+00
 3.966180e-01 -1.855100e+00 -1.671110e+00
 8.070207e-02 -2.009148e+00 -1.632509e+00
 -2.589026e-01 -2.081686e+00 -1.488844e+00
 -5.782216e-01 -2.027353e+00 -1.283512e+00
 -8.381979e-01 -1.833919e+00 -1.020584e+00
 -9.598443e-01 -1.515380e+00 -7.146307e-01
 -8.802545e-01 -1.127851e+00 -4.461766e-01
 -3.691692e-01 -5.806993e-01 -7.873671e-02
 -3.563898e-02 -3.861465e-01 2.993955e-01
 9.017419e-02 -3.143766e-01 1.213345e+00
 -1.057947e-01 -3.859079e-01 1.670264e+00
 -4.565639e-01 -5.954498e-01 1.971026e+00
 -7.994447e-01 -9.532337e-01 2.066259e+00
 -1.038220e+00 -1.342310e+00 1.954361e+00
 -1.147223e+00 -1.667655e+00 1.701910e+00
 -1.143353e+00 -1.885189e+00 1.393348e+00
 -1.061088e+00 -1.997502e+00 1.092566e+00
 -9.336817e-01 -2.024891e+00 8.258707e-01
 -7.760087e-01 -1.986368e+00 5.981336e-01
 -5.898760e-01 -1.891368e+00 4.127809e-01
 -3.830207e-01 -1.750638e+00 2.890503e-01
 -1.733594e-01 -1.591391e+00 2.430106e-01
 1.456455e-02 -1.455616e+00 2.716142e-01
 1.976587e-01 -1.378868e+00 3.188519e-01
 5.671971e-01 -1.210756e+00 5.259317e-01
 7.564037e-01 -1.129721e+00 6.408986e-01
 1.422261e+00 -7.720441e-01 1.020230e+00
 1.710506e+00 -4.266102e-01 1.113311e+00
 1.868006e+00 -2.584320e-02 1.075012e+00
 1.886148e+00 3.592453e-01 9.264659e-01
 1.785904e+00 6.648616e-01 6.967927e-01
 1.585350e+00 8.581766e-01 4.481282e-01
 1.290178e+00 9.559280e-01 2.393573e-01
 9.660285e-01 9.505112e-01 1.111461e-01
 6.497848e-02 6.035214e-01 -1.661550e-01
 -4.655820e-01 7.466905e-01 -2.510109e-01
 -9.485042e-01 1.083083e+00 -2.639161e-01
 -1.150225e+00 1.540284e+00 -5.833602e-02
 -1.077023e+00 2.016157e+00 1.273904e-01
 -8.089388e-01 2.405128e+00 1.936187e-01
 -4.563217e-01 2.635120e+00 1.619250e-01
 -1.067706e-01 2.712243e+00 7.498491e-02
 1.927122e-01 2.678149e+00 -4.076899e-02
 4.316803e-01 2.569899e+00 -1.698415e-01
 6.149750e-01 2.404092e+00 -3.083479e-01
 7.400378e-01 2.181352e+00 -4.533483e-01
 7.885877e-01 1.907539e+00 -5.938146e-01
 7.340118e-01 1.613151e+00 -7.314750e-01
 5.937119e-01 1.377958e+00 -8.268326e-01
 4.380279e-01 1.253239e+00 -9.163321e-01
 3.289817e-01 1.169395e+00 -1.012628e+00
 2.432776e-01 1.115355e+00 -1.106933e+00
 -1.120504e-01 9.081211e-01 -1.597118e+00
 -3.876292e-01 6.267353e-01 -1.961234e+00
 -5.621188e-01 1.881183e-01 -2.145765e+00
 -6.110031e-01 -3.024878e-01 -2.127112e+00
 -5.377419e-01 -7.250601e-01 -1.928933e+00
 -3.719984e-01 -1.004931e+00 -1.608405e+00
 -1.125438e-01 -1.118340e+00 -1.168712e+00
 -6.344353e-03 -1.225525e+00 -9.798495e-01
 8.094868e-02 -1.417494e+00 -7.826891e-01
 3.423391e-01 -1.836722e+00 -6.145449e-01
 4.662847e-01 -2.086533e+00 -3.884693e-01
 5.257405e-01 -2.256625e+00 -9.594876e-02
 5.202692e-01 -2.339384e+00 2.239011e-01
 4.552155e-01 -2.335837e+00 5.403923e-01
 3.426843e-01 -2.246671e+00 8.270520e-01
 1.979346e-01 -2.071923e+00 1.063796e+00
 3.647419e-02 -1.829758e+00 1.218128e+00
 -1.506133e-01 -1.546602e+00 1.270569e+00
 -3.223414e-01 -1.302766e+00 1.212412e+00
 -4.531661e-01 -1.187035e+00 1.123562e+00
 -6.463516e-01 -1.056673e+00 1.035440e+00
 -8.137239e-01 -8.716259e-01 9.542204e-01
 -9.325810e-01 -6.451647e-01 8.597892e-01
 -9.894491e-01 -4.015340e-01 7.564255e-01
 -9.792596e-01 -4.669319e-02 5.983926e-01
 -1.012369e+00 1.877563e-01 5.388587e-01
 -1.108192e+00 4.128670e-01 5.226665e-01
 -1.199184e+00 6.532259e-01 6.058135e-01
 -1.225477e+00 9.257512e-01 7.514455e-01
 -1.149941e+00 1.203550e+00 9.761789e-01
 -9.909552e-01 1.391378e+00 1.199007e+00
 -7.773060e-01 1.487819e+00 1.403017e+00
 -4.975913e-01 1.521541e+00 1.556507e+00
 -1.923396e-01 1.489948e+00 1.635179e+00
 1.056598e-01 1.378087e+00 1.653854e+00
 3.603291e-01 1.206420e+00 1.607643e+00
 5.499806e-01 1.004890e+00 1.504695e+00
 6.586259e-01 8.090597e-01 1.378534e+00
 9.244217e-01 9.734328e-02 6.894215e-01
 1.061251e+00 -2.864199e-02 4.041612e-01
 1.672742e+00 -2.102501e-01 -5.167803e-02
 1.857277e+00 -2.824386e-01 -7.251908e-01
 1.606963e+00 -3.000025e-01 -1.418195e+00
 1.174862e+00 -2.802734e-01 -1.689024e+00
 5.075987e-01 -1.360259e-01 -1.649119e+00
 -9.095694e-01 -3.159284e-03 -7.439818e-01
 -1.323447e+00 -5.966265e-02 -4.518114e-01
 -1.737959e+00 -1.210438e-01 -1.003944e-01
 -1.924197e+00 -1.232484e-01 2.018421e-01
 -2.002587e+00 -8.479613e-02 5.697612e-01
 -1.942726e+00 6.059859e-03 9.525178e-01
 -1.729736e+00 1.103015e-01 1.291359e+00
