 5.473960e-01 -9.510747e-01 2.986645e-01
 1.182832e+00 -1.496993e+00 6.470515e-02
 1.378028e+00 -1.711780e+00 -1.297528e-01
 1.495459e+00 -1.892789e+00 -4.069942e-01
 1.523261e+00 -2.013946e+00 -7.387823e-01
 1.458661e+00 -2.055009e+00 -1.080375e+00
 1.289448e+00 -2.033949e+00 -1.388746e+00
 1.025610e+00 -1.933253e+00 -1.641814e+00
 7.319306e-01 -1.744577e+00 -1.787684e+00
 4.409005e-01 -1.486593e+00 -1.806059e+00
 2.116462e-01 -1.190938e+00 -1.694066e+00
 7.497476e-02 -9.021516e-01 -1.457091e+00
 6.599205e-02 -6.642317e-01 -1.144762e+00
 1.979902e-01 -4.868195e-01 -8.131273e-01
 4.261346e-01 -3.955475e-01 -5.697326e-01
 7.404688e-01 -3.181614e-01 -4.577165e-01
 1.061553e+00 -3.407218e-01 -3.502942e-01
 1.403628e+00 -2.802069e-01 -6.072518e-02
 1.618257e+00 -7.000565e-02 2.726401e-01
 1.665082e+00 2.519098e-01 5.855272e-01
 1.530929e+00 5.952014e-01 7.891883e-01
 1.338626e+00 8.877700e-01 8.329735e-01
 1.221181e+00 1.168548e+00 7.554178e-01
 1.219048e+00 1.766090e+00 7.356139e-01
 1.135868e+00 2.102005e+00 6.288651e-01
 9.726760e-01 2.371514e+00 4.475736e-01
 7.522907e-01 2.536125e+00 2.222895e-01
 4.808179e-01 2.584058e+00 -7.009343e-03
 2.014996e-01 2.509280e+00 -2.050386e-01
 -4.383729e-02 2.314087e+00 -3.775820e-01
 -2.133894e-01 2.019981e+00 -5.164939e-01
 -2.832847e-01 1.684316e+00 -5.891932e-01
 -2.461819e-01 1.356350e+00 -6.057159e-01
 -1.606187e-01 1.159414e+00 -5.888593e-01
 -3.049262e-02 9.786218e-01 -5.931667e-01
 1.725591e-01 7.291696e-01 -7.306908e-01
 6.201791e-01 3.626407e-01 -1.223375e+00
 7.757613e-01 1.499196e-01 -1.367466e+00
 9.113940e-01 -1.141710e-01 -1.440829e+00
 1.018321e+00 -4.069614e-01 -1.430627e+00
 1.074837e+00 -6.956634e-01 -1.336803e+00
 1.063653e+00 -9.433900e-01 -1.189390e+00
 9.967502e-01 -1.107696e+00 -1.035741e+00
 8.678842e-01 -1.249562e+00 -8.950612e-01
 6.995489e-01 -1.405118e+00 -8.227528e-01
 5.739667e-01 -1.632810e+00 -7.747265e-01
 4.543398e-01 -2.095029e+00 -7.207340e-01
 2.753516e-01 -2.393102e+00 -5.954746e-01
 2.323391e-02 -2.594136e+00 -4.142423e-01
 -2.702134e-01 -2.671407e+00 -2.043190e-01
 -5.665099e-01 -2.614711e+00 1.620800e-02
 -8.000206e-01 -2.441175e+00 2.285726e-01
 -9.579469e-01 -2.163389e+00 4.110011e-01
 -1.015139e+00 -1.823986e+00 5.183912e-01
 -9.982242e-01 -1.448690e+00 5.183320e-01
 -9.495988e-01 -1.148505e+00 3.947208e-01
 -9.032504e-01 -9.093873e-01 1.418984e-01
 -9.865597e-01 -7.362106e-01 -9.841778e-02
 -1.115701e+00 -6.339081e-01 -3.212963e-01
 -1.411159e+00 -5.167353e-01 -6.274408e-01
 -1.647719e+00 -2.883613e-01 -8.259618e-01
 -1.815537e+00 3.825137e-02 -9.436719e-01
 -1.886069e+00 4.092911e-01 -9.649903e-01
 -1.835704e+00 7.925399e-01 -9.074218e-01
 -1.679424e+00 1.098526e+00 -7.765892e-01
 -1.467343e+00 1.316828e+00 -5.498746e-01
 -1.242273e+00 1.409041e+00 -2.581721e-01
 -1.046465e+00 1.364276e+00 1.984064e-02
 -8.438284e-01 1.242724e+00 2.005827e-01
 -4.994476e-01 9.579617e-01 3.445366e-01
 -3.031239e-01 8.306283e-01 4.831717e-01
 -1.776506e-01 7.884544e-01 6.428327e-01
 -1.979170e-02 8.005911e-01 8.975504e-01
 6.596590e-01 1.104814e+00 1.602897e+00
 9.823150e-01 1.227866e+00 1.747661e+00
 1.342187e+00 1.330812e+00 1.763261e+00
 1.691585e+00 1.394019e+00 1.649771e+00
 1.980490e+00 1.419172e+00 1.422248e+00
 2.169978e+00 1.409640e+00 1.110562e+00
 2.236954e+00 1.371239e+00 7.524462e-01
 2.173109e+00 1.302325e+00 3.927016e-01
 1.996717e+00 1.184749e+00 8.868904e-02
 1.732588e+00 1.030988e+00 -1.182592e-01
 1.419135e+00 8.788159e-01 -2.018543e-01
 1.096354e+00 7.018411e-01 -1.554461e-01
 8.428654e-01 5.933260e-01 -1.149241e-03
 6.936525e-01 4.683320e-01 1.790981e-01
 6.453787e-01 2.115210e-01 4.313747e-01
 6.509866e-01 9.453609e-02 6.266498e-01
 7.549448e-01 -1.459607e-01 9.630298e-01
 7.838243e-01 -4.694507e-01 1.184528e+00
 7.180991e-01 -8.600122e-01 1.300684e+00
 5.609792e-01 -1.218165e+00 1.282471e+00
 3.513666e-01 -1.522182e+00 1.122653e+00
 1.543166e-01 -1.731765e+00 8.289643e-01
 8.782095e-03 -1.807645e+00 4.592166e-01
 -4.405838e-02 -1.760969e+00 2.016300e-01
 -1.752422e-01 -1.648081e+00 -4.535637e-02
 -3.910330e-01 -1.659899e+00 -3.068513e-01
 -6.414801e-01 -1.696361e+00 -4.484394e-01
 -9.798036e-01 -1.694774e+00 -5.001215e-01
 -1.325333e+00 -1.641907e+00 -4.425804e-01
 -1.638111e+00 -1.508535e+00 -2.787314e-01
 -1.835100e+00 -1.317619e+00 -8.210759e-02
 -1.928317e+00 -1.073475e+00 1.162624e-01
 -1.915370e+00 -8.105753e-01 3.153062e-01
 -1.795615e+00 -5.663666e-01 5.106159e-01
 -1.598768e+00 -3.833645e-01 6.623313e-01
 -1.267683e+00 -1.674914e-01 7.569227e-01
 -1.141039e+00 7.822119e-03 8.144210e-01
 -1.050122e+00 2.648155e-01 9.391252e-01
 -1.037479e+00 6.661524e-01 1.170806e+00
 -9.686521e-01 1.003278e+00 1.249792e+00
 -8.228080e-01 1.318645e+00 1.250811e+00
 -6.267206e-01 1.563294e+00 1.173653e+00
 -4.011151e-01 1.735951e+00 1.014152e+00
 -1.687668e-01 1.808462e+00 8.023626e-01
 9.359904e-02 1.768182e+00 5.519100e-01
 4.036630e-01 1.557046e+00 1.565518e-01
 5.892439e-01 1.572777e+00 -5.710581e-02
 7.074596e-01 1.622111e+00 -3.005422e-01
 7.440395e-01 1.638199e+00 -6.711835e-01
 6.485841e-01 1.601866e+00 -1.041034e+00
 4.320635e-01 1.514151e+00 -1.349421e+00
 1.598957e-01 1.375215e+00 -1.538924e+00
 -1.286301e-01 1.181850e+00 -1.606704e+00
 -4.181664e-01 9.375890e-01 -1.549353e+00
 -6.568955e-01 7.113029e-01 -1.360894e+00
 -8.147338e-01 5.353884e-01 -1.072440e+00
 -9.220452e-01 4.248176e-01 -6.035490e-01
 -1.081746e+00 3.984638e-01 -3.170453e-01
 -1.300899e+00 3.871583e-01 -1.260086e-01
 -1.649830e+00 5.047738e-01 8.115394e-02
 -1.883583e+00 5.887310e-01 4.085490e-01
 -2.024926e+00 5.519855e-01 7.813997e-01
 -2.057191e+00 4.068987e-01 1.136032e+00
 -1.951344e+00 2.070797e-01 1.441048e+00
 -1.691037e+00 -4.607394e-02 1.684947e+00
 -1.354935e+00 -2.844754e-01 1.774464e+00
 -9.975068e-01 -4.772739e-01 1.703886e+00
 -6.701338e-01 -6.002832e-01 1.486591e+00
 -1.376645e-01 -6.725488e-01 7.730028e-01
 -1.173790e-02 -7.249375e-01 5.854738e-01
 1.940661e-01 -8.006749e-01 4.079896e-01
 3.832773e-01 -8.603981e-01 3.307595e-01
