 2.696519e+00 1.348320e+00 4.839309e-01
 2.800497e+00 1.283613e+00 9.332307e-02
 2.733489e+00 1.161321e+00 -3.259820e-01
 2.491486e+00 9.768632e-01 -6.704813e-01
 2.107025e+00 7.718019e-01 -8.548847e-01
 1.614713e+00 6.386533e-01 -8.359209e-01
 1.174958e+00 6.452471e-01 -6.137145e-01
 8.380819e-01 8.585969e-01 -2.484041e-01
 6.523891e-01 1.464779e+00 3.685549e-02
 4.634537e-01 1.718942e+00 3.057556e-01
 9.604482e-02 1.862559e+00 5.783459e-01
 -3.500082e-01 1.813528e+00 7.546473e-01
 -7.764502e-01 1.575589e+00 7.860585e-01
 -1.080144e+00 1.198381e+00 6.643204e-01
 -1.194204e+00 7.874416e-01 4.162959e-01
 -1.117403e+00 4.534120e-01 1.200153e-01
 -6.980044e-01 4.916181e-02 -4.334915e-01
 -6.319520e-01 -1.171309e-01 -6.868592e-01
 -6.360954e-01 -2.138620e-01 -9.827555e-01
 -8.351089e-01 -3.750676e-01 -1.345152e+00
 -1.148193e+00 -5.743904e-01 -1.548825e+00
 -1.498105e+00 -8.025465e-01 -1.577862e+00
 -1.804620e+00 -1.051038e+00 -1.440698e+00
 -1.988343e+00 -1.283407e+00 -1.197788e+00
 -2.040246e+00 -1.481622e+00 -9.111310e-01
 -1.973814e+00 -1.637123e+00 -6.930902e-01
 -1.894749e+00 -1.786871e+00 -5.793908e-01
 -1.858650e+00 -1.991403e+00 -4.533065e-01
 -1.876128e+00 -2.176056e+00 -2.525254e-01
 -1.897398e+00 -2.305582e+00 6.554555e-02
 -1.895017e+00 -2.314754e+00 4.399854e-01
 -1.843115e+00 -2.176854e+00 8.253749e-01
 -1.718347e+00 -1.884134e+00 1.142834e+00
 -1.510319e+00 -1.479092e+00 1.296347e+00
 -1.278675e+00 -1.041212e+00 1.214174e+00
 -1.045282e+00 -7.141089e-01 9.013310e-01
 -8.330696e-01 -6.139849e-01 4.934486e-01
 -6.695809e-01 -7.130521e-01 2.149698e-01
 -4.174936e-01 -8.703487e-01 5.368476e-03
 -1.527770e-01 -1.004506e+00 -6.907996e-02
 2.044405e-01 -1.073023e+00 -6.048956e-02
 5.307184e-01 -1.036840e+00 3.369262e-03
 8.394470e-01 -8.823574e-01 8.813234e-02
 1.080091e+00 -6.173329e-01 2.054718e-01
 1.201801e+00 -2.712365e-01 3.549894e-01
 1.160716e+00 1.782699e-01 5.393446e-01
 1.067932e+00 5.951083e-01 6.951040e-01
 1.049917e+00 9.091002e-01 8.159028e-01
 1.035480e+00 1.053351e+00 9.161571e-01
 1.058265e+00 1.255036e+00 1.141847e+00
 1.166921e+00 1.411949e+00 1.423745e+00
 1.380069e+00 1.492593e+00 1.706323e+00
 1.673804e+00 1.483536e+00 1.932289e+00
 2.020322e+00 1.383999e+00 2.064213e+00
 2.376755e+00 1.194958e+00 2.073372e+00
 2.689080e+00 9.355151e-01 1.933944e+00
 2.891544e+00 6.582201e-01 1.638468e+00
 2.926528e+00 4.319593e-01 1.216294e+00
 2.747990e+00 3.051909e-01 7.655400e-01
 2.392076e+00 3.581645e-01 3.706290e-01
 2.019510e+00 5.938598e-01 1.821222e-01
 1.832522e+00 9.176311e-01 1.340316e-01
 1.767737e+00 1.221320e+00 4.246758e-02
 1.689437e+00 1.505616e+00 -2.480529e-01
 1.523220e+00 1.633719e+00 -5.715969e-01
 1.224115e+00 1.653155e+00 -8.614271e-01
 8.658984e-01 1.559323e+00 -1.040143e+00
 5.008578e-01 1.346644e+00 -1.096849e+00
 1.787886e-01 1.057138e+00 -1.005573e+00
 2.508178e-02 9.524964e-01 -9.913416e-01
 -1.199558e-01 8.700850e-01 -1.010360e+00
 -3.674306e-01 8.049661e-01 -1.064719e+00
 -7.879771e-01 7.978250e-01 -1.141398e+00
 -1.186178e+00 6.473369e-01 -1.117266e+00
 -1.499943e+00 3.584725e-01 -1.008008e+00
 -1.644230e+00 4.569502e-02 -8.561668e-01
 -1.633793e+00 -3.240681e-01 -6.689707e-01
 -1.483248e+00 -6.565021e-01 -5.538263e-01
 -1.297717e+00 -8.692058e-01 -5.607621e-01
 -1.065432e+00 -1.172123e+00 -7.008207e-01
 -9.883705e-01 -1.525352e+00 -1.003052e+00
 -1.161008e+00 -1.901040e+00 -1.295875e+00
 -1.528170e+00 -2.208581e+00 -1.445952e+00
 -1.990824e+00 -2.387524e+00 -1.412842e+00
 -2.435349e+00 -2.402655e+00 -1.210101e+00
 -2.753119e+00 -2.282925e+00 -8.796650e-01
 -2.888158e+00 -2.064215e+00 -4.890064e-01
 -2.818000e+00 -1.780992e+00 -1.150660e-01
 -2.540144e+00 -1.497305e+00 1.703890e-01
 -2.104408e+00 -1.311368e+00 3.109379e-01
 -1.690982e+00 -1.295429e+00 2.856410e-01
 -1.367751e+00 -1.456181e+00 2.566059e-01
 -1.071999e+00 -1.642953e+00 3.635289e-01
 -6.573599e-01 -1.669931e+00 6.452258e-01
 -2.395147e-01 -1.395495e+00 9.049530e-01
 8.843573e-02 -8.556100e-01 9.523093e-01
 1.698612e-01 -3.169906e-01 6.928645e-01
 1.961450e-01 -8.651310e-02 2.397545e-01
 4.999419e-01 6.910616e-02 -1.267563e+00
 3.859983e-01 3.448635e-01 -1.761505e+00
 1.292181e-01 8.164465e-01 -2.026394e+00
 -1.942415e-01 1.343569e+00 -1.946738e+00
 -4.104705e-01 1.739309e+00 -1.545226e+00
 -5.258183e-01 1.843312e+00 -9.308836e-01
 -5.321572e-01 1.578658e+00 -3.528409e-01
 -2.323625e-01 9.664139e-01 1.018910e-01
 1.868800e-01 5.979181e-01 1.287303e+00
 5.376042e-01 4.527158e-01 1.592319e+00
 9.981761e-01 3.971199e-01 1.717968e+00
 1.446970e+00 4.419499e-01 1.650873e+00
 1.797462e+00 5.876382e-01 1.444406e+00
 1.952038e+00 7.738837e-01 1.237187e+00
 2.029044e+00 9.520829e-01 1.139099e+00
 2.203455e+00 1.159143e+00 1.049448e+00
 2.468451e+00 1.307324e+00 8.364379e-01
