 -4.777524e-01 -1.610561e+00 2.133223e+00
 -8.422092e-01 -1.330855e+00 1.992436e+00
 -1.066672e+00 -1.039254e+00 1.673985e+00
 -1.097902e+00 -8.053083e-01 1.242484e+00
 -9.277162e-01 -6.926840e-01 7.998323e-01
 -6.225671e-01 -7.504599e-01 4.387560e-01
 -3.049623e-01 -9.630859e-01 2.359083e-01
 -1.679348e-01 -1.243746e+00 1.272593e-01
 5.148096e-02 -1.742586e+00 9.008078e-02
 4.029985e-01 -2.079197e+00 -1.196365e-01
 7.520482e-01 -2.204263e+00 -5.059911e-01
 1.018199e+00 -2.066730e+00 -9.411368e-01
 1.134630e+00 -1.700739e+00 -1.318787e+00
 1.070643e+00 -1.195408e+00 -1.532875e+00
 6.274760e-01 -1.727888e-01 -1.491716e+00
 5.298113e-01 -1.742123e-02 -1.442072e+00
 3.764291e-01 1.361296e-01 -1.352466e+00
 2.758682e-02 3.476531e-01 -1.124655e+00
 -9.323203e-02 5.020968e-01 -1.035069e+00
 -1.515795e-01 5.890231e-01 -1.000697e+00
 -2.162176e-01 6.882547e-01 -9.770361e-01
 -5.328512e-01 1.155531e+00 -9.346666e-01
 -6.950173e-01 1.453480e+00 -7.855047e-01
 -7.863800e-01 1.711575e+00 -5.341371e-01
 -7.922879e-01 1.898434e+00 -2.133736e-01
 -7.180035e-01 1.982429e+00 1.299309e-01
 -5.830865e-01 1.954726e+00 4.568217e-01
 -4.220800e-01 1.813565e+00 7.195708e-01
 -2.944463e-01 1.590386e+00 8.948245e-01
 -2.838252e-01 1.390543e+00 1.021289e+00
 -2.638509e-01 1.196728e+00 1.244063e+00
 -6.527144e-02 9.895188e-01 1.528375e+00
 3.038184e-01 7.888858e-01 1.703515e+00
 7.518407e-01 6.378964e-01 1.687062e+00
 1.165359e+00 5.360856e-01 1.456198e+00
 1.442691e+00 5.097614e-01 1.055499e+00
 1.512031e+00 5.563326e-01 5.768534e-01
 1.365865e+00 6.712156e-01 1.294287e-01
 1.038766e+00 8.072928e-01 -1.842765e-01
 9.217587e-01 8.339635e-01 -3.445967e-01
 8.562128e-01 8.502184e-01 -5.001845e-01
 8.004016e-01 9.040777e-01 -6.792162e-01
 7.136751e-01 1.127886e+00 -1.130699e+00
 5.017173e-01 1.179591e+00 -1.528234e+00
 1.765875e-01 1.079508e+00 -1.843194e+00
 -2.123516e-01 8.691125e-01 -1.989037e+00
 -5.781889e-01 5.931864e-01 -1.934736e+00
 -9.877150e-01 6.965928e-02 -1.576307e+00
 -1.282004e+00 -3.550750e-01 -1.547129e+00
 -1.233495e+00 -1.048494e+00 -1.636562e+00
 -7.488502e-01 -1.589923e+00 -1.493294e+00
 -7.092927e-02 -1.665873e+00 -1.139826e+00
 4.429183e-01 -1.201327e+00 -7.074926e-01
 1.432485e+00 -1.083101e+00 -2.445960e-02
 1.657972e+00 -9.126359e-01 3.968712e-01
 1.629814e+00 -7.667161e-01 9.131887e-01
 1.341897e+00 -6.950678e-01 1.362158e+00
 8.666201e-01 -7.118706e-01 1.621226e+00
 3.423952e-01 -8.253749e-01 1.618154e+00
 -3.801401e-02 -1.017022e+00 1.399933e+00
 -1.589148e-01 -1.229687e+00 1.222621e+00
 -2.711705e-01 -1.452098e+00 1.130721e+00
 -5.710620e-01 -1.658932e+00 9.800073e-01
 -8.677417e-01 -1.730832e+00 7.064322e-01
 -1.090513e+00 -1.667147e+00 2.964377e-01
 -1.144264e+00 -1.476148e+00 -1.193674e-01
 -1.023855e+00 -1.197229e+00 -4.706625e-01
 -7.107846e-01 -8.628743e-01 -7.180342e-01
 -6.169535e-01 -7.894631e-01 -7.994149e-01
 -3.873741e-01 -6.187572e-01 -1.071987e+00
 -2.627047e-01 -6.395790e-01 -1.389844e+00
 -2.563358e-01 -6.309501e-01 -1.835267e+00
 -5.148611e-01 -5.328089e-01 -2.297286e+00
 -9.319034e-01 -3.148781e-01 -2.563239e+00
 -1.370252e+00 2.335457e-03 -2.561046e+00
 -1.725946e+00 3.089262e-01 -2.287088e+00
 -1.907705e+00 5.088521e-01 -1.814523e+00
 -1.859918e+00 5.545083e-01 -1.274600e+00
 -1.594588e+00 4.429841e-01 -8.223380e-01
 -4.815569e-01 1.168845e-02 -2.019178e-01
 1.463414e-01 -1.563811e-01 -2.364549e-01
 1.232931e+00 -1.527648e-01 -6.466933e-01
 1.762267e+00 4.115863e-01 -8.966046e-01
 1.832517e+00 1.231963e+00 -7.856706e-01
 1.334776e+00 1.830693e+00 -4.717548e-01
 5.375033e-01 1.842646e+00 -1.873298e-01
 -2.526688e-01 1.020258e+00 3.730532e-02
 -7.372826e-01 9.516399e-01 2.006068e-01
 -1.119240e+00 1.066931e+00 5.103886e-01
 -1.307088e+00 1.311889e+00 9.081229e-01
 -1.250476e+00 1.601319e+00 1.317318e+00
 -9.687559e-01 1.866647e+00 1.635523e+00
 -5.313611e-01 2.037423e+00 1.796547e+00
 -4.357673e-02 2.059932e+00 1.779880e+00
 3.869058e-01 1.932991e+00 1.594879e+00
 6.615576e-01 1.699195e+00 1.286222e+00
 7.414628e-01 1.372255e+00 9.596161e-01
 6.460035e-01 1.106946e+00 7.556196e-01
 5.257491e-01 8.485794e-01 7.025125e-01
 4.764925e-01 5.767909e-01 6.789386e-01
 5.557903e-01 -1.705149e-01 6.791977e-01
 6.158301e-01 -7.526432e-01 6.151481e-01
 6.410851e-01 -9.211089e-01 6.293326e-01
 6.771824e-01 -1.107348e+00 6.738142e-01
 7.559556e-01 -1.342922e+00 7.891833e-01
 7.766737e-01 -1.621778e+00 1.087234e+00
 6.482715e-01 -1.814883e+00 1.477536e+00
 3.538395e-01 -1.878443e+00 1.842329e+00
 -4.901567e-02 -1.805986e+00 2.077788e+00
