 1.455948e+00 2.759906e-01 -1.609285e+00
 1.224084e+00 5.411362e-01 -1.676110e+00
 9.306763e-01 7.574752e-01 -1.634664e+00
 5.934883e-01 8.963645e-01 -1.484278e+00
 2.335812e-01 9.329077e-01 -1.215670e+00
 5.341518e-02 9.860611e-01 -1.131161e+00
 -1.201939e-01 1.067631e+00 -1.086832e+00
 -4.859333e-01 1.307844e+00 -1.080621e+00
 -8.271230e-01 1.433397e+00 -9.815699e-01
 -1.135387e+00 1.453706e+00 -8.152413e-01
 -1.366062e+00 1.399013e+00 -5.919212e-01
 -1.514473e+00 1.274703e+00 -3.306820e-01
 -1.573727e+00 1.088023e+00 -6.952015e-02
 -1.526722e+00 8.625097e-01 1.927815e-01
 -1.297262e+00 5.302867e-01 5.280799e-01
 -1.267677e+00 3.713737e-01 7.498845e-01
 -1.332395e+00 2.295642e-01 1.182966e+00
 -1.288212e+00 1.029230e-01 1.459926e+00
 -1.178197e+00 -8.407958e-02 1.696179e+00
 -1.012470e+00 -3.028375e-01 1.856164e+00
 -8.002076e-01 -5.111162e-01 1.925594e+00
 -5.471643e-01 -6.966965e-01 1.907648e+00
 -2.905631e-01 -8.576331e-01 1.789910e+00
 -7.253113e-02 -9.923913e-01 1.577627e+00
 7.710774e-02 -1.074134e+00 1.298846e+00
 1.304280e-01 -1.115419e+00 9.949931e-01
 9.723954e-02 -1.120702e+00 7.495669e-01
 7.480445e-04 -1.128148e+00 5.055172e-01
 -3.257597e-01 -1.337490e+00 1.205055e-01
 -5.377733e-01 -1.351555e+00 -2.012415e-01
 -6.482921e-01 -1.255790e+00 -5.358196e-01
 -6.864666e-01 -1.037100e+00 -8.218232e-01
 -6.347725e-01 -6.928044e-01 -1.049178e+00
 -4.540178e-01 -2.485296e-01 -1.177232e+00
 -4.075373e-01 -7.305272e-02 -1.266555e+00
 -3.924663e-01 9.083990e-02 -1.401902e+00
 -4.206281e-01 3.427641e-01 -1.753959e+00
 -3.935001e-01 5.986512e-01 -1.955078e+00
 -3.210979e-01 8.949554e-01 -2.071578e+00
 -1.996152e-01 1.236254e+00 -2.093007e+00
 -6.209375e-02 1.517819e+00 -2.010835e+00
 8.746163e-02 1.741009e+00 -1.837496e+00
 2.356008e-01 1.886897e+00 -1.586693e+00
 3.791248e-01 1.943592e+00 -1.249433e+00
 4.729050e-01 1.886988e+00 -9.194079e-01
 5.153868e-01 1.726989e+00 -6.136372e-01
 5.024919e-01 1.482755e+00 -3.687308e-01
 4.416190e-01 1.138459e+00 -1.966303e-01
 4.353301e-01 8.534274e-01 -2.840727e-02
 4.823155e-01 6.733827e-01 9.258076e-02
 6.438284e-01 5.096980e-01 2.432577e-01
 9.556633e-01 3.665937e-01 4.179670e-01
 1.281183e+00 2.899910e-01 5.100922e-01
 1.556135e+00 1.476483e-01 5.328204e-01
 1.791768e+00 -8.708899e-02 5.307096e-01
 1.944963e+00 -3.665205e-01 4.880382e-01
 2.006529e+00 -6.622510e-01 4.130507e-01
 1.970357e+00 -9.620307e-01 3.236960e-01
 1.858003e+00 -1.198483e+00 2.320525e-01
 1.664052e+00 -1.399932e+00 1.462775e-01
 1.424465e+00 -1.537396e+00 9.294908e-02
 1.170529e+00 -1.608267e+00 9.260428e-02
 8.861423e-01 -1.673705e+00 2.104816e-01
 4.853246e-01 -2.024509e+00 4.544702e-01
 2.017749e-01 -2.128723e+00 6.381114e-01
 -1.022788e-01 -2.114394e+00 8.152927e-01
 -3.995268e-01 -1.989611e+00 9.460383e-01
 -6.499112e-01 -1.769369e+00 1.022657e+00
 -8.258238e-01 -1.478495e+00 1.040228e+00
 -9.007150e-01 -1.157862e+00 1.005738e+00
 -8.683748e-01 -8.400402e-01 9.464385e-01
 -7.514670e-01 -5.820118e-01 9.150782e-01
 -5.377470e-01 -3.515546e-01 9.342675e-01
 -3.852017e-01 -1.588998e-01 1.057363e+00
 -2.747402e-01 2.024499e-02 1.231709e+00
 -1.588415e-01 3.452470e-01 1.657928e+00
 -1.164767e-01 6.485926e-01 1.851240e+00
 -9.943756e-02 1.002405e+00 1.928151e+00
 -1.108133e-01 1.378693e+00 1.876722e+00
 -1.467636e-01 1.713939e+00 1.697992e+00
 -1.956671e-01 1.928263e+00 1.462427e+00
 -2.502302e-01 2.045522e+00 1.171371e+00
 -3.175010e-01 2.055244e+00 8.303050e-01
 -3.984068e-01 1.953301e+00 4.961497e-01
 -4.661930e-01 1.754284e+00 2.285696e-01
 -5.170607e-01 1.474655e+00 4.032074e-02
 -5.558100e-01 1.099113e+00 -5.784313e-02
 -5.807990e-01 7.996602e-01 -1.987046e-01
 -6.631720e-01 6.525378e-01 -3.124885e-01
 -8.973287e-01 4.998154e-01 -5.603983e-01
 -1.214059e+00 3.636780e-01 -8.296696e-01
 -1.373943e+00 2.048159e-01 -1.113101e+00
 -1.412672e+00 1.272561e-02 -1.417495e+00
 -1.320343e+00 -2.044715e-01 -1.720124e+00
 -1.137482e+00 -3.886874e-01 -1.933644e+00
 -8.764323e-01 -5.332679e-01 -2.071276e+00
 -5.606077e-01 -6.262596e-01 -2.121176e+00
 -1.988324e-01 -6.541300e-01 -2.075633e+00
 1.100099e-01 -6.104051e-01 -1.954783e+00
 3.582499e-01 -5.102237e-01 -1.766853e+00
 5.272497e-01 -3.620637e-01 -1.529719e+00
 6.495824e-01 -5.780365e-02 -1.088538e+00
 7.325990e-01 7.459583e-02 -8.900810e-01
 8.367557e-01 2.145722e-01 -7.666966e-01
 1.181036e+00 5.003657e-01 -6.342212e-01
 1.391171e+00 7.977245e-01 -4.082632e-01
 1.452615e+00 1.050020e+00 -1.621630e-01
 1.411452e+00 1.221412e+00 9.021458e-02
 1.263631e+00 1.337319e+00 3.740157e-01
 1.021744e+00 1.388921e+00 6.170245e-01
 6.899266e-01 1.357016e+00 8.219383e-01
 3.752585e-01 1.254594e+00 9.172331e-01
 9.198737e-03 1.090614e+00 9.028087e-01
 -2.283219e-01 1.042375e+00 9.167065e-01
 -3.893004e-01 1.043569e+00 9.522619e-01
 -5.835909e-01 1.089037e+00 1.019244e+00
 -8.926322e-01 1.233431e+00 1.151717e+00
 -1.215598e+00 1.290529e+00 1.203201e+00
 -1.574926e+00 1.248222e+00 1.203291e+00
 -1.877516e+00 1.109941e+00 1.160733e+00
 -2.106487e+00 9.048580e-01 1.067211e+00
 -2.247251e+00 6.554800e-01 9.317360e-01
 -2.291145e+00 3.851041e-01 7.615945e-01
 -2.233044e+00 1.122233e-01 5.492098e-01
 -2.085189e+00 -1.000648e-01 3.606179e-01
 -1.860408e+00 -2.561994e-01 2.022143e-01
 -1.582685e+00 -3.426409e-01 8.685005e-02
 -8.676954e-01 -3.699743e-01 -5.784341e-02
 -5.418071e-01 -3.405767e-01 -7.884648e-02
 -1.752808e-01 -3.600269e-01 -1.849890e-01
 -9.355620e-03 -4.248652e-01 -2.642916e-01
 1.214603e-01 -5.439366e-01 -3.629827e-01
 2.457855e-01 -7.745791e-01 -5.116577e-01
 3.068379e-01 -9.016883e-01 -5.589295e-01
 5.527062e-01 -1.732111e+00 -7.446767e-01
 6.749304e-01 -2.026305e+00 -7.187220e-01
 8.268272e-01 -2.286390e+00 -6.033486e-01
 9.980443e-01 -2.484773e+00 -4.085800e-01
 1.174541e+00 -2.597060e+00 -1.543646e-01
 1.326734e+00 -2.612516e+00 1.395174e-01
 1.435806e+00 -2.525646e+00 4.428147e-01
 1.482696e+00 -2.344549e+00 7.266723e-01
 1.465714e+00 -2.075355e+00 9.593430e-01
 1.401954e+00 -1.742784e+00 1.091837e+00
 1.299328e+00 -1.388046e+00 1.100798e+00
 1.168971e+00 -1.067674e+00 9.807431e-01
 1.057471e+00 -8.130782e-01 7.419626e-01
 9.735220e-01 -6.846656e-01 4.663852e-01
 9.696753e-01 -6.326124e-01 2.279946e-01
 1.149642e+00 -5.606242e-01 -1.254803e-01
 1.460448e+00 -5.605295e-01 -5.446844e-01
 1.602023e+00 -4.588270e-01 -8.702787e-01
 1.649468e+00 -2.647569e-01 -1.188964e+00
 1.602477e+00 -3.493308e-03 -1.441515e+00
