 -1.143699e+00 1.156571e+00 -6.873896e-01
 -1.040027e+00 1.425706e+00 -3.536310e-01
 -8.073950e-01 1.540816e+00 4.351698e-02
 -5.164610e-01 1.485881e+00 3.574493e-01
 -1.607038e-01 1.305400e+00 5.493750e-01
 3.815503e-02 1.261332e+00 6.782845e-01
 2.118035e-01 1.240889e+00 9.149667e-01
 3.984652e-01 1.335644e+00 1.247125e+00
 5.420642e-01 1.639640e+00 1.573130e+00
 5.945766e-01 2.067248e+00 1.747159e+00
 5.628861e-01 2.521524e+00 1.737009e+00
 4.778756e-01 2.916418e+00 1.544015e+00
 3.577695e-01 3.180325e+00 1.212571e+00
 2.259411e-01 3.271306e+00 8.070499e-01
 1.052535e-01 3.178689e+00 4.021277e-01
 3.968274e-02 2.929379e+00 6.461915e-02
 3.956479e-02 2.575227e+00 -1.510077e-01
 1.218772e-01 2.182065e+00 -2.226967e-01
 2.700708e-01 1.890136e+00 -1.678802e-01
 5.116543e-01 1.672238e+00 -1.086798e-01
 1.295712e+00 1.294996e+00 -7.141630e-02
 1.567166e+00 9.934605e-01 -5.702643e-02
 1.696819e+00 6.259266e-01 -4.891510e-02
 1.675561e+00 2.403752e-01 -2.273820e-02
 1.501525e+00 -1.195425e-01 5.399473e-03
 1.130954e+00 -4.553520e-01 6.251907e-04
 1.004219e+00 -6.175113e-01 -2.044615e-02
 9.219762e-01 -7.881756e-01 -3.728704e-02
 8.659723e-01 -1.021014e+00 -9.373663e-02
 8.207388e-01 -1.536245e+00 -3.244719e-01
 5.683943e-01 -1.913107e+00 -4.857575e-01
 1.628034e-01 -2.159772e+00 -5.489858e-01
 -1.936535e-01 -2.204802e+00 -5.054437e-01
 -4.282650e-01 -2.221601e+00 -3.564640e-01
 -6.444462e-01 -2.327717e+00 -2.119376e-01
 -9.502709e-01 -2.447643e+00 -1.786402e-01
 -1.379146e+00 -2.454787e+00 -2.466919e-01
 -1.766614e+00 -2.300434e+00 -4.034527e-01
 -2.040048e+00 -1.979935e+00 -5.741223e-01
 -2.140299e+00 -1.559382e+00 -7.071162e-01
 -2.042664e+00 -1.126944e+00 -8.000815e-01
 -1.779928e+00 -7.593283e-01 -7.937059e-01
 -1.448763e+00 -5.241052e-01 -6.704399e-01
 -1.108274e+00 -4.423340e-01 -4.419118e-01
 -8.605276e-01 -5.003232e-01 -1.474397e-01
 -7.763370e-01 -5.586944e-01 2.100790e-01
 -7.974903e-01 -6.892563e-01 6.711998e-01
 -7.002502e-01 -6.810732e-01 1.070621e+00
 -4.865539e-01 -5.717399e-01 1.406715e+00
 -1.562298e-01 -3.696468e-01 1.642498e+00
 1.500926e-01 -1.173260e-01 1.699341e+00
 4.244634e-01 1.418532e-01 1.591656e+00
 7.008155e-01 3.514813e-01 1.302223e+00
 8.526642e-01 4.559145e-01 9.203502e-01
 8.336940e-01 5.186394e-01 5.392451e-01
 6.973515e-01 4.980297e-01 1.627601e-01
 6.709984e-01 4.790242e-01 -6.798006e-02
 7.174699e-01 4.748278e-01 -2.831800e-01
 8.208372e-01 5.599896e-01 -7.384164e-01
 7.456604e-01 5.414439e-01 -1.149088e+00
 5.655766e-01 3.831922e-01 -1.516145e+00
 3.707262e-01 7.896317e-02 -1.767504e+00
 1.806413e-01 -2.926876e-01 -1.845660e+00
 -3.155844e-03 -6.634974e-01 -1.734407e+00
 -1.432906e-01 -9.983160e-01 -1.433159e+00
 -1.909832e-01 -1.185743e+00 -1.030209e+00
 -1.700485e-01 -1.197157e+00 -3.549042e-01
 -1.448086e-01 -1.310194e+00 3.688302e-03
 -2.057697e-02 -1.546914e+00 2.967101e-01
 1.091769e-01 -1.931349e+00 4.667915e-01
 1.746167e-01 -2.377050e+00 4.603588e-01
 1.437882e-01 -2.790819e+00 2.834434e-01
 2.392195e-02 -3.091194e+00 -2.365973e-02
 -1.760650e-01 -3.227378e+00 -3.903283e-01
 -4.228332e-01 -3.180409e+00 -7.468976e-01
 -6.675176e-01 -2.959693e+00 -1.033600e+00
 -8.763566e-01 -2.609332e+00 -1.192900e+00
 -1.024891e+00 -2.199653e+00 -1.187908e+00
 -1.089951e+00 -1.823907e+00 -1.022495e+00
 -1.105746e+00 -1.578214e+00 -7.544931e-01
 -1.136993e+00 -1.470050e+00 -4.289751e-01
 -1.303069e+00 -1.416317e+00 -1.120489e-01
 -1.578558e+00 -1.210352e+00 1.227436e-01
 -1.789895e+00 -7.966248e-01 2.726770e-01
 -1.771253e+00 -2.941031e-01 3.440909e-01
 -1.548469e+00 1.380421e-01 3.145217e-01
 -1.171444e+00 4.236371e-01 2.003720e-01
 -4.931606e-01 5.581557e-01 -1.212028e-01
 -2.792814e-01 7.217187e-01 -2.874923e-01
 7.401690e-02 1.276332e+00 -9.588703e-01
 3.303541e-01 1.501440e+00 -1.120822e+00
 6.280256e-01 1.811023e+00 -1.133101e+00
 8.810889e-01 2.118752e+00 -9.702990e-01
 1.045767e+00 2.368532e+00 -6.603061e-01
 1.100253e+00 2.511794e+00 -2.502466e-01
 1.018714e+00 2.522877e+00 1.881775e-01
 7.942799e-01 2.419041e+00 5.520992e-01
 5.136894e-01 2.282321e+00 7.332086e-01
 2.832572e-01 2.245266e+00 7.837873e-01
 2.088930e-02 2.255469e+00 8.907518e-01
 -2.755821e-01 2.130106e+00 1.162561e+00
 -5.102630e-01 1.830182e+00 1.369614e+00
 -6.583314e-01 1.406616e+00 1.440312e+00
 -6.714705e-01 9.658717e-01 1.373957e+00
 -5.725266e-01 5.990275e-01 1.172903e+00
 -1.316499e-01 1.237782e-01 7.126767e-01
 9.466043e-02 -1.776650e-01 6.482586e-01
 3.198618e-01 -4.313300e-01 7.352814e-01
 6.837779e-01 -6.803448e-01 9.575076e-01
 1.095284e+00 -8.803447e-01 9.734808e-01
 1.482934e+00 -1.048774e+00 7.858081e-01
 1.763647e+00 -1.149373e+00 4.328936e-01
 1.884995e+00 -1.156799e+00 -1.863872e-02
 1.832125e+00 -1.057945e+00 -4.505878e-01
 1.599153e+00 -8.969933e-01 -8.112668e-01
 1.222068e+00 -7.258712e-01 -1.022125e+00
 7.944647e-01 -5.550661e-01 -1.029831e+00
 3.689852e-01 -3.524136e-01 -8.100435e-01
 7.016016e-02 -1.880959e-01 -8.077935e-01
 -5.303403e-01 9.070182e-02 -1.061635e+00
 -8.723689e-01 4.033746e-01 -1.076557e+00
 -1.095500e+00 7.811532e-01 -9.354977e-01
