 -6.633227e-01 1.356105e+00 -1.422722e+00
 -9.182108e-01 1.138520e+00 -1.669862e+00
 -1.046976e+00 8.415936e-01 -1.852913e+00
 -1.082361e+00 4.695255e-01 -1.947037e+00
 -1.005934e+00 7.959323e-02 -1.936813e+00
 -8.260599e-01 -2.542463e-01 -1.836133e+00
 -5.633603e-01 -4.863596e-01 -1.666256e+00
 -2.558926e-01 -5.864693e-01 -1.451516e+00
 1.843440e-01 -5.233057e-01 -1.105246e+00
 3.688937e-01 -5.431718e-01 -9.754224e-01
 4.858561e-01 -5.746456e-01 -9.258530e-01
 9.453728e-01 -7.509718e-01 -8.524954e-01
 1.351758e+00 -8.581517e-01 -5.775738e-01
 1.579944e+00 -8.554558e-01 -2.488153e-01
 1.652568e+00 -7.698412e-01 1.144859e-01
 1.532679e+00 -5.956887e-01 5.726717e-01
 1.286597e+00 -4.438427e-01 8.694985e-01
 9.429729e-01 -1.927273e-01 1.050913e+00
 8.174236e-01 -3.578363e-02 1.245400e+00
 7.739024e-01 1.201882e-01 1.387636e+00
 7.611750e-01 3.703771e-01 1.519157e+00
 7.958467e-01 6.936563e-01 1.582923e+00
 8.614102e-01 1.044586e+00 1.531405e+00
 9.146690e-01 1.323437e+00 1.378867e+00
 9.241973e-01 1.545972e+00 1.142123e+00
 8.997813e-01 1.686138e+00 8.330527e-01
 8.750088e-01 1.715704e+00 4.842022e-01
 8.373174e-01 1.626773e+00 1.441282e-01
 7.824729e-01 1.428719e+00 -1.486301e-01
 6.611471e-01 8.927013e-01 -5.411781e-01
 6.231211e-01 7.472438e-01 -6.997091e-01
 6.495562e-01 6.127602e-01 -8.855350e-01
 7.790434e-01 4.066916e-01 -1.157904e+00
 8.711741e-01 1.305353e-01 -1.548546e+00
 8.774652e-01 -1.486094e-01 -1.763961e+00
 8.360703e-01 -4.750512e-01 -1.884433e+00
 7.576515e-01 -8.123953e-01 -1.893203e+00
 6.491070e-01 -1.118406e+00 -1.793308e+00
 5.125098e-01 -1.356982e+00 -1.601105e+00
 3.527362e-01 -1.504573e+00 -1.336009e+00
 1.854161e-01 -1.544359e+00 -1.009166e+00
 -2.545374e-02 -1.417958e+00 -4.940913e-01
 -1.372109e-01 -1.446957e+00 -2.834949e-01
 -1.951320e-01 -1.490114e+00 -1.681473e-01
 -2.502583e-01 -1.551168e+00 -6.175018e-02
 -3.423102e-01 -1.705700e+00 1.495511e-01
 -4.327245e-01 -1.792853e+00 3.878764e-01
 -5.245702e-01 -1.810492e+00 6.397438e-01
 -6.162094e-01 -1.758135e+00 8.829970e-01
 -6.983809e-01 -1.641938e+00 1.101809e+00
 -7.782100e-01 -1.453767e+00 1.299633e+00
 -8.325816e-01 -1.228578e+00 1.432026e+00
 -8.627550e-01 -9.797337e-01 1.495859e+00
 -9.050876e-01 -7.335233e-01 1.485006e+00
 -9.972046e-01 -5.385822e-01 1.426477e+00
 -1.143319e+00 -3.340266e-01 1.412120e+00
 -1.242244e+00 -2.726416e-02 1.481380e+00
 -1.225706e+00 2.713646e-01 1.524245e+00
 -1.106091e+00 6.008691e-01 1.504764e+00
 -8.827225e-01 8.880745e-01 1.421734e+00
 -6.100430e-01 1.069773e+00 1.284474e+00
 -3.112640e-01 1.138144e+00 1.105330e+00
 -3.077022e-02 1.086512e+00 9.087991e-01
 4.107041e-01 8.068511e-01 6.369006e-01
 7.278101e-01 7.027451e-01 5.588471e-01
 1.104737e+00 7.070407e-01 5.886030e-01
 1.434076e+00 6.540027e-01 7.699174e-01
 1.680127e+00 5.271693e-01 1.081147e+00
 1.784465e+00 3.016808e-01 1.420942e+00
 1.734259e+00 -7.615953e-03 1.712868e+00
 1.550710e+00 -3.581390e-01 1.884746e+00
 1.267019e+00 -6.844475e-01 1.905151e+00
 9.163331e-01 -9.138817e-01 1.785707e+00
 5.613313e-01 -1.002577e+00 1.550021e+00
 -2.411512e-01 -8.261121e-01 6.969506e-01
 -5.433084e-01 -7.949135e-01 5.430276e-01
 -8.756785e-01 -8.611133e-01 4.651118e-01
 -1.239862e+00 -9.608592e-01 5.321784e-01
 -1.552631e+00 -1.038399e+00 7.345282e-01
 -1.772329e+00 -1.071766e+00 1.038041e+00
 -1.875082e+00 -1.058343e+00 1.396485e+00
 -1.858235e+00 -9.840620e-01 1.752731e+00
 -1.737267e+00 -8.548910e-01 2.060157e+00
 -1.531774e+00 -6.907218e-01 2.286410e+00
 -1.269472e+00 -5.126016e-01 2.410715e+00
 -9.818385e-01 -3.425155e-01 2.425364e+00
 -7.011845e-01 -1.905362e-01 2.332914e+00
 -4.692860e-01 -5.910638e-02 2.146845e+00
 -3.034414e-01 3.970049e-02 1.887429e+00
 -2.194979e-01 9.322037e-02 1.581376e+00
 -2.342822e-01 1.136201e-01 1.264964e+00
 -3.391010e-01 1.215885e-01 1.008457e+00
 -4.609222e-01 1.626992e-01 8.464565e-01
 -5.663453e-01 1.833717e-01 7.496705e-01
 -8.218949e-01 2.083700e-01 5.778432e-01
 -1.005929e+00 2.423322e-01 3.724205e-01
 -1.123225e+00 2.800978e-01 1.403576e-01
 -1.175725e+00 3.227008e-01 -1.047993e-01
 -1.164315e+00 3.670454e-01 -3.499662e-01
 -1.091597e+00 3.993070e-01 -5.737797e-01
 -9.641680e-01 4.094349e-01 -7.756049e-01
 -7.719201e-01 4.012711e-01 -9.580256e-01
 -4.506006e-01 3.925846e-01 -1.135904e+00
 -2.751398e-01 4.198074e-01 -1.294195e+00
 -1.910009e-01 4.398613e-01 -1.442000e+00
 -9.773312e-02 5.136717e-01 -1.661482e+00
 -2.768821e-02 6.827630e-01 -1.896857e+00
 -8.196393e-04 9.112488e-01 -2.078227e+00
 -1.382403e-02 1.184748e+00 -2.192627e+00
 -5.024852e-02 1.486536e+00 -2.226474e+00
 -9.112616e-02 1.783710e+00 -2.166525e+00
 -1.213256e-01 2.047228e+00 -2.020281e+00
 -1.494210e-01 2.257497e+00 -1.796867e+00
 -1.841783e-01 2.391035e+00 -1.518574e+00
 -2.230756e-01 2.433421e+00 -1.210919e+00
 -2.610684e-01 2.378513e+00 -9.027197e-01
 -2.929816e-01 2.229605e+00 -6.240985e-01
 -3.140798e-01 1.999531e+00 -4.030795e-01
 -3.205163e-01 1.711923e+00 -2.637516e-01
 -2.494449e-01 7.558939e-01 -1.220486e-01
 -1.402017e-01 3.513239e-01 -1.610458e-01
 -1.557543e-01 1.581957e-01 -1.831348e-01
 -2.811133e-01 -1.476181e-01 -2.391113e-01
 -9.110813e-01 -8.869602e-01 -6.484895e-01
 -1.019106e+00 -1.279264e+00 -7.748152e-01
 -9.701914e-01 -1.701232e+00 -8.219452e-01
 -7.717941e-01 -2.077359e+00 -7.833669e-01
 -4.385453e-01 -2.359782e+00 -6.578197e-01
 -7.540705e-02 -2.460129e+00 -5.042690e-01
 2.818517e-01 -2.390410e+00 -3.171613e-01
 5.895922e-01 -2.145986e+00 -8.750164e-02
 7.558501e-01 -1.778022e+00 9.532582e-02
 7.583641e-01 -1.366557e+00 1.981319e-01
 6.093218e-01 -8.119783e-01 1.427832e-01
 6.294021e-01 -4.399374e-01 8.691486e-02
 7.341495e-01 -2.467674e-01 2.898673e-02
 9.163235e-01 -6.560979e-02 -7.646535e-02
 1.363164e+00 1.885667e-01 -2.779696e-01
 1.567581e+00 4.275755e-01 -4.706053e-01
 1.651095e+00 7.077977e-01 -6.834011e-01
 1.606970e+00 9.803521e-01 -9.007440e-01
 1.442000e+00 1.216618e+00 -1.108351e+00
 1.172510e+00 1.406218e+00 -1.259056e+00
 8.380812e-01 1.526590e+00 -1.323888e+00
 4.901732e-01 1.556527e+00 -1.301456e+00
 -3.548352e-02 1.423027e+00 -1.199040e+00
 -3.904103e-01 1.419866e+00 -1.260439e+00
