 -1.161000e+00 2.275936e+00 1.000694e-01
 -9.598904e-01 2.460780e+00 -4.901866e-02
 -7.103636e-01 2.562839e+00 -2.013387e-01
 -4.220361e-01 2.569686e+00 -3.661288e-01
 -1.175626e-01 2.459380e+00 -5.195988e-01
 1.617394e-01 2.220537e+00 -6.416858e-01
 3.673073e-01 1.860891e+00 -6.992654e-01
 4.739628e-01 1.334917e+00 -6.331021e-01
 5.500516e-01 1.159911e+00 -5.930323e-01
 6.411660e-01 1.026891e+00 -5.588374e-01
 7.358567e-01 9.252409e-01 -5.257676e-01
 8.382338e-01 8.434406e-01 -4.925818e-01
 1.050284e+00 7.319235e-01 -4.792749e-01
 1.440975e+00 5.872075e-01 -5.301430e-01
 1.752621e+00 2.931219e-01 -5.162967e-01
 1.933458e+00 -7.813018e-02 -4.104650e-01
 1.962263e+00 -4.249823e-01 -2.502060e-01
 1.851311e+00 -7.189804e-01 -3.733651e-02
 1.666252e+00 -9.008329e-01 2.269222e-01
 1.531028e+00 -9.291103e-01 4.611028e-01
 1.460168e+00 -9.248928e-01 7.631823e-01
 1.491359e+00 -1.040172e+00 1.110344e+00
 1.530217e+00 -1.326276e+00 1.414929e+00
 1.533874e+00 -1.714701e+00 1.577261e+00
 1.471022e+00 -2.130735e+00 1.579076e+00
 1.347974e+00 -2.496175e+00 1.429564e+00
 1.188405e+00 -2.760276e+00 1.154147e+00
 1.007149e+00 -2.880538e+00 7.902675e-01
 8.261857e-01 -2.821225e+00 3.929894e-01
 6.706671e-01 -2.566243e+00 3.882987e-02
 5.875269e-01 -2.146185e+00 -1.874030e-01
 5.659086e-01 -1.622024e+00 -1.969624e-01
 5.998910e-01 -1.221852e+00 2.017396e-02
 5.453766e-01 -1.028529e+00 3.063573e-01
 4.562592e-01 -9.120845e-01 4.954943e-01
 2.827183e-01 -8.095816e-01 6.832591e-01
 6.255834e-02 -7.152010e-01 8.111573e-01
 -1.692391e-01 -6.304721e-01 8.699440e-01
 -3.997982e-01 -5.466115e-01 8.650285e-01
 -6.428559e-01 -4.430721e-01 7.928490e-01
 -1.279955e+00 -1.175248e-01 3.571229e-01
 -1.522498e+00 -8.023290e-02 2.866076e-01
 -1.793547e+00 -9.070531e-02 1.707284e-01
 -2.092841e+00 -1.965539e-01 -1.081148e-01
 -2.253941e+00 -3.851695e-01 -4.595282e-01
 -2.229446e+00 -6.108591e-01 -8.295782e-01
 -2.006205e+00 -7.940335e-01 -1.187877e+00
 -1.635488e+00 -8.686286e-01 -1.447531e+00
 -1.193548e+00 -8.486900e-01 -1.543147e+00
 -8.122104e-01 -7.652591e-01 -1.472583e+00
 1.608338e-01 -1.423685e-01 -1.031649e+00
 8.637858e-01 6.062115e-01 -1.507895e+00
 1.167637e+00 1.093358e+00 -1.458324e+00
 1.399498e+00 1.503230e+00 -1.098934e+00
 1.451812e+00 1.699591e+00 -5.270035e-01
 1.215633e+00 1.651367e+00 5.770313e-02
 8.236587e-01 1.364211e+00 4.173166e-01
 4.326883e-01 9.548366e-01 4.639358e-01
 -2.728110e-01 -5.369649e-01 -1.870886e-01
 -4.337964e-01 -1.116117e+00 -1.631256e-02
 -3.910483e-01 -1.482130e+00 2.801883e-01
 -1.117326e-01 -1.775557e+00 5.840096e-01
 3.026252e-01 -1.905002e+00 7.872555e-01
 7.150741e-01 -1.888776e+00 8.249070e-01
 9.928373e-01 -1.849730e+00 7.190594e-01
 1.205723e+00 -1.889551e+00 6.052464e-01
 1.489485e+00 -1.943894e+00 5.709337e-01
 1.850052e+00 -1.884994e+00 6.034755e-01
 2.166610e+00 -1.696348e+00 6.827566e-01
 2.402352e+00 -1.373635e+00 7.752738e-01
 2.495541e+00 -9.696275e-01 8.316594e-01
 2.411129e+00 -5.214372e-01 8.390866e-01
 2.131935e+00 -1.298997e-01 7.686164e-01
 1.697683e+00 8.448199e-02 6.173552e-01
 1.246139e+00 5.593437e-02 3.593210e-01
 1.027426e+00 -1.206951e-01 1.019528e-01
 9.557573e-01 -2.345244e-01 -1.421112e-01
 9.481076e-01 -3.497940e-01 -3.480472e-01
 1.046318e+00 -6.616106e-01 -8.640399e-01
 9.492042e-01 -7.622928e-01 -1.348263e+00
 7.058783e-01 -6.872615e-01 -1.772290e+00
 3.864539e-01 -4.508707e-01 -2.053978e+00
 7.790526e-02 -1.070452e-01 -2.143458e+00
 -1.871502e-01 2.270387e-01 -2.025991e+00
 -3.982353e-01 4.916717e-01 -1.717196e+00
 -4.711159e-01 6.459584e-01 -1.309073e+00
 -4.908416e-01 6.241017e-01 -9.067496e-01
 -6.533229e-01 5.658463e-01 -4.801880e-01
 -7.717953e-01 5.782619e-01 -3.344883e-01
 -9.279280e-01 6.213552e-01 -2.386561e-01
 -1.304112e+00 7.924677e-01 -1.582484e-01
 -1.634038e+00 8.600574e-01 -1.256511e-01
 -1.948127e+00 9.807977e-01 4.114486e-02
 -2.166594e+00 1.182779e+00 2.803965e-01
 -2.253029e+00 1.419668e+00 5.532731e-01
 -2.204371e+00 1.669906e+00 8.252256e-01
 -2.019646e+00 1.912655e+00 1.063021e+00
 -1.701596e+00 2.124491e+00 1.222118e+00
 -1.269546e+00 2.262698e+00 1.251145e+00
 -7.857761e-01 2.259332e+00 1.108691e+00
 -3.905030e-01 2.081198e+00 7.753557e-01
 -2.419496e-01 1.785063e+00 2.899081e-01
 -4.047901e-01 1.560344e+00 -1.000939e-01
 -9.476667e-01 1.581785e+00 -8.191835e-01
 -1.436185e+00 1.093594e+00 -1.162291e+00
 -1.518981e+00 3.355540e-01 -1.123873e+00
 -1.228185e+00 -3.524475e-01 -6.433482e-01
 -1.236698e+00 -6.085143e-01 -5.319058e-01
 -1.356904e+00 -8.885778e-01 -3.355396e-01
 -1.505765e+00 -1.089651e+00 6.312726e-02
 -1.663768e+00 -1.074835e+00 5.283716e-01
 -1.775180e+00 -8.276395e-01 9.545416e-01
 -1.782063e+00 -3.918725e-01 1.240235e+00
 -1.676269e+00 1.387551e-01 1.294401e+00
 -1.266160e+00 1.249282e+00 7.672337e-01
 -1.224440e+00 1.478224e+00 5.815411e-01
 -1.259929e+00 1.613001e+00 4.481278e-01
 -1.303682e+00 1.779313e+00 3.385609e-01
 -1.285394e+00 2.019080e+00 2.347963e-01
