 -7.886393e-01 -3.687521e-01 -9.141366e-01
 -8.251123e-01 -9.517235e-02 -8.905816e-01
 -9.607697e-01 3.145488e-01 -9.546012e-01
 -1.461408e+00 1.311064e+00 -7.839221e-01
 -1.498798e+00 1.782901e+00 -4.966720e-01
 -1.296129e+00 2.132361e+00 -9.356630e-02
 -9.100245e-01 2.245112e+00 3.018000e-01
 -4.602039e-01 2.091890e+00 5.695438e-01
 -8.301121e-02 1.710488e+00 6.636465e-01
 1.283045e-01 1.236087e+00 5.450134e-01
 1.901989e-01 9.480182e-01 2.984240e-01
 2.053724e-01 7.862996e-01 3.677242e-02
 1.758856e-01 7.254353e-01 -2.258335e-01
 1.853421e-01 7.579185e-01 -6.483637e-01
 3.238038e-01 1.035230e+00 -1.086361e+00
 5.893845e-01 1.460563e+00 -1.312472e+00
 9.312577e-01 1.875516e+00 -1.263969e+00
 1.284681e+00 2.147406e+00 -9.700280e-01
 1.547450e+00 2.219634e+00 -4.985392e-01
 1.622792e+00 2.085021e+00 2.869748e-02
 1.502057e+00 1.766504e+00 4.580713e-01
 1.045817e+00 8.914510e-01 8.516698e-01
 8.550540e-01 1.465443e-01 7.933863e-01
 9.196552e-01 -3.070013e-01 1.041702e+00
 1.181049e+00 -6.203164e-01 1.335676e+00
 1.588132e+00 -7.497794e-01 1.573311e+00
 2.040839e+00 -6.938129e-01 1.688041e+00
 2.442325e+00 -4.876738e-01 1.665747e+00
 2.727349e+00 -2.045128e-01 1.512812e+00
 2.862374e+00 9.600187e-02 1.278240e+00
 2.851007e+00 3.685610e-01 1.011396e+00
 2.715719e+00 5.837573e-01 7.526835e-01
 2.488519e+00 7.205925e-01 5.261164e-01
 2.209106e+00 7.575397e-01 3.412255e-01
 1.901089e+00 6.827144e-01 1.913474e-01
 1.677226e+00 5.332950e-01 1.170799e-01
 1.498559e+00 3.023660e-01 3.230154e-04
 1.173361e+00 -5.421157e-01 -1.988713e-01
 1.004090e+00 -8.752751e-01 -2.798130e-01
 7.647057e-01 -1.104873e+00 -3.326336e-01
 4.671619e-01 -1.244157e+00 -3.560172e-01
 1.404327e-01 -1.282925e+00 -3.547077e-01
 -1.605222e-01 -1.220824e+00 -3.255246e-01
 -4.218752e-01 -1.096362e+00 -2.342407e-01
 -6.519513e-01 -9.042858e-01 -6.087603e-02
 -1.026558e+00 -6.780604e-01 5.993936e-01
 -1.251047e+00 -3.385825e-01 8.955289e-01
 -1.355781e+00 7.036007e-02 1.027939e+00
 -1.324961e+00 5.032727e-01 1.016145e+00
 -1.197433e+00 8.859756e-01 8.342266e-01
 -1.044804e+00 1.153658e+00 4.811202e-01
 -6.862969e-01 1.274167e+00 -9.679692e-02
 -3.936960e-01 1.585565e+00 -3.508408e-01
 1.208558e-01 1.791814e+00 -3.700972e-01
 6.662988e-01 1.655003e+00 -2.728438e-01
 9.743623e-01 1.356309e+00 -3.336150e-01
 1.577683e+00 1.004572e+00 -7.870594e-01
 1.911161e+00 7.340585e-01 -8.620893e-01
 2.192277e+00 4.160931e-01 -7.675716e-01
 2.372694e+00 1.079924e-01 -5.201181e-01
 2.420239e+00 -1.313921e-01 -1.666471e-01
 2.330625e+00 -2.645818e-01 2.319918e-01
 2.128277e+00 -2.429361e-01 6.266871e-01
 1.944886e+00 -1.084372e-01 8.419341e-01
 1.859728e+00 1.177165e-01 1.054317e+00
 1.769131e+00 2.516342e-01 1.361273e+00
 1.498297e+00 3.122596e-01 1.666042e+00
 1.058225e+00 3.585711e-01 1.833132e+00
 5.760992e-01 3.824603e-01 1.782227e+00
 1.461552e-01 3.504485e-01 1.515240e+00
 -3.931356e-01 2.157873e-01 6.639733e-01
 -6.182216e-01 2.247090e-01 2.827795e-01
 -8.344282e-01 2.095340e-01 1.091459e-01
 -1.153181e+00 2.250799e-01 3.784407e-02
 -1.670433e+00 3.817147e-01 -2.237486e-02
 -2.088017e+00 3.312636e-01 -9.721575e-02
 -2.451870e+00 1.136574e-01 -2.074793e-01
 -2.690803e+00 -2.447213e-01 -3.284530e-01
 -2.744691e+00 -6.712798e-01 -4.745608e-01
 -2.586625e+00 -1.089687e+00 -6.183258e-01
 -2.211171e+00 -1.424515e+00 -6.953225e-01
 -1.773017e+00 -1.557685e+00 -6.434166e-01
 -1.443494e+00 -1.584773e+00 -4.001194e-01
 -1.068010e+00 -1.835252e+00 1.220027e-01
 -7.336430e-01 -1.816658e+00 4.450590e-01
 -3.487790e-01 -1.624682e+00 6.502791e-01
 -2.945866e-02 -1.270724e+00 7.111097e-01
 1.761296e-01 -8.147302e-01 5.771271e-01
 2.284396e-01 -4.621178e-01 2.646542e-01
 1.830384e-01 -2.891662e-01 -7.252153e-02
 2.057046e-01 -2.096946e-01 -1.106307e+00
 1.011815e-02 -1.333385e-01 -1.519602e+00
 -3.481005e-01 -8.915848e-02 -1.807396e+00
 -7.941922e-01 -9.946769e-02 -1.921880e+00
 -1.205539e+00 -1.652347e-01 -1.854820e+00
 -1.530612e+00 -2.373507e-01 -1.637237e+00
 -1.742541e+00 -3.153109e-01 -1.304405e+00
 -1.809862e+00 -4.106870e-01 -9.181843e-01
 -1.692113e+00 -5.711133e-01 -3.942854e-01
 -1.785830e+00 -6.700777e-01 -8.551851e-02
 -1.958610e+00 -9.197022e-01 1.994017e-01
 -2.124845e+00 -1.342423e+00 3.404113e-01
 -2.197624e+00 -1.808300e+00 2.854151e-01
 -2.129837e+00 -2.217450e+00 8.003628e-02
 -1.918008e+00 -2.500195e+00 -2.136442e-01
 -1.623764e+00 -2.597583e+00 -5.628082e-01
 -1.319786e+00 -2.483597e+00 -9.005503e-01
 -1.063281e+00 -2.181054e+00 -1.151739e+00
 -9.018106e-01 -1.752725e+00 -1.258717e+00
 -8.061725e-01 -7.762133e-01 -1.112866e+00
