 -4.541650e-01 -1.798302e+00 1.147974e+00
 -3.159696e-01 -1.524183e+00 1.159817e+00
 1.854920e-01 -1.000884e+00 1.442841e+00
 4.403187e-01 -5.684750e-01 1.417817e+00
 5.486986e-01 -1.372862e-01 1.195514e+00
 5.085036e-01 1.453564e-01 8.540505e-01
 4.180721e-01 2.400886e-01 4.059369e-01
 6.136888e-01 -1.271758e-01 -9.033090e-01
 8.570573e-01 -1.382426e-02 -1.401530e+00
 1.219279e+00 2.912595e-01 -1.695003e+00
 1.581363e+00 6.918802e-01 -1.714446e+00
 1.840817e+00 1.075888e+00 -1.482558e+00
 1.981762e+00 1.333087e+00 -1.061080e+00
 1.998245e+00 1.358252e+00 -6.377975e-01
 2.057663e+00 1.272880e+00 -3.971022e-01
 2.184176e+00 1.242811e+00 -1.088433e-01
 2.199497e+00 1.359131e+00 3.408512e-01
 1.955517e+00 1.497716e+00 7.790932e-01
 1.529531e+00 1.570945e+00 1.050231e+00
 1.024532e+00 1.566521e+00 1.096520e+00
 5.626798e-01 1.489807e+00 9.098545e-01
 2.562972e-01 1.364703e+00 5.423066e-01
 2.089419e-02 8.570508e-01 -6.145259e-01
 -1.337679e-01 8.762102e-01 -1.011331e+00
 -4.255897e-01 1.024225e+00 -1.324278e+00
 -8.272032e-01 1.233524e+00 -1.463998e+00
 -1.253019e+00 1.445717e+00 -1.381791e+00
 -1.608955e+00 1.597555e+00 -1.095491e+00
 -1.826124e+00 1.637791e+00 -6.699098e-01
 -1.854329e+00 1.562813e+00 -1.969478e-01
 -1.691678e+00 1.383993e+00 2.190544e-01
 -1.391930e+00 1.133561e+00 4.795817e-01
 -1.054041e+00 8.476711e-01 5.369898e-01
 -7.523750e-01 5.893051e-01 4.093789e-01
 -5.475182e-01 3.508766e-01 1.360735e-01
 -5.126644e-01 1.594530e-01 -1.299823e-01
 -5.741451e-01 -1.213987e-03 -4.047258e-01
 -6.967123e-01 -1.029551e-01 -6.265065e-01
 -1.416789e+00 -4.903050e-01 -1.323177e+00
 -1.810580e+00 -9.272089e-01 -1.448213e+00
 -2.045727e+00 -1.444447e+00 -1.288690e+00
 -2.052896e+00 -1.881543e+00 -9.148339e-01
 -1.881907e+00 -2.092044e+00 -4.254483e-01
 -1.588978e+00 -2.028581e+00 3.503244e-02
 -1.177735e+00 -1.763761e+00 2.849393e-01
 -7.912698e-01 -1.565174e+00 2.283552e-01
 -4.604470e-01 -1.551420e+00 1.449159e-01
 -5.829405e-02 -1.694727e+00 1.768629e-01
 3.142978e-01 -1.887583e+00 4.261005e-01
 5.170766e-01 -2.063555e+00 8.549812e-01
 5.025413e-01 -2.146134e+00 1.355067e+00
 2.840405e-01 -2.108820e+00 1.799431e+00
 -6.370046e-02 -1.939944e+00 2.093104e+00
 -4.672660e-01 -1.681191e+00 2.179473e+00
 -8.493362e-01 -1.415032e+00 2.039057e+00
 -1.123118e+00 -1.196190e+00 1.707762e+00
 -1.321905e+00 -8.887603e-01 7.939326e-01
 -1.301206e+00 -7.122221e-01 5.121109e-01
 -1.289030e+00 -5.082636e-01 3.683905e-01
 -1.338397e+00 -3.314601e-01 2.469523e-01
 -1.557684e+00 7.018895e-02 -2.750819e-02
 -1.476451e+00 5.217648e-01 -3.615834e-01
 -1.158704e+00 8.555443e-01 -5.208801e-01
 -9.636502e-01 1.095628e+00 -4.522950e-01
 -8.588590e-01 1.364574e+00 -4.187978e-01
 -6.352349e-01 1.699213e+00 -5.536244e-01
 -1.747936e-01 1.896159e+00 -7.498618e-01
 3.472761e-01 1.816458e+00 -9.004174e-01
 7.794817e-01 1.478396e+00 -9.544241e-01
 1.141445e+00 7.880760e-01 -7.723463e-01
 1.410462e+00 5.209287e-01 -6.779649e-01
 1.860856e+00 3.108271e-01 -7.561991e-01
 2.428699e+00 4.039884e-01 -8.290400e-01
 2.853390e+00 7.695465e-01 -8.392078e-01
 3.039066e+00 1.282372e+00 -7.449341e-01
 2.946235e+00 1.786819e+00 -5.831547e-01
 2.624765e+00 2.148554e+00 -3.901729e-01
 2.170405e+00 2.287529e+00 -2.022789e-01
 1.692033e+00 2.180625e+00 -6.329382e-02
 1.318054e+00 1.852218e+00 3.002872e-02
 1.177965e+00 1.484852e+00 5.312381e-02
 1.201486e+00 1.109351e+00 1.748851e-01
 1.339339e+00 7.452449e-01 3.027832e-01
 1.470819e+00 1.563982e-01 3.691282e-01
 1.304014e+00 -3.689369e-01 4.135057e-01
 8.967468e-01 -7.318654e-01 4.145281e-01
 3.959517e-01 -8.253877e-01 4.084301e-01
 -1.046806e-01 -6.529900e-01 4.809429e-01
 -7.225512e-01 -3.811931e-02 1.201349e+00
 -1.679473e+00 7.913374e-02 1.226786e+00
 -2.352717e+00 -4.125746e-01 7.193086e-01
 -2.216805e+00 -9.198742e-01 -1.052888e-01
 -1.393448e+00 -1.151277e+00 -5.147939e-01
 -1.167878e+00 -1.361682e+00 -7.006990e-01
 -9.748648e-01 -1.720313e+00 -7.755628e-01
 -7.932078e-01 -2.136890e+00 -6.386652e-01
 -6.732232e-01 -2.432590e+00 -3.472628e-01
 -5.868629e-01 -2.585720e+00 5.749337e-02
 -5.361895e-01 -2.557078e+00 4.748783e-01
 -5.205997e-01 -2.366666e+00 8.291538e-01
 -4.938850e-01 -2.049831e+00 1.075097e+00
