 -1.649958e+00 -7.517225e-01 -7.591931e-01
 -1.663415e+00 -7.193548e-01 -1.003981e+00
 -1.587822e+00 -7.185645e-01 -1.307167e+00
 -1.450361e+00 -7.232506e-01 -1.530195e+00
 -1.235973e+00 -7.055521e-01 -1.718213e+00
 -9.826045e-01 -6.549604e-01 -1.838404e+00
 -6.688006e-01 -5.717236e-01 -1.888010e+00
 -3.878306e-01 -4.784103e-01 -1.846276e+00
 -1.366718e-01 -3.802278e-01 -1.722113e+00
 6.400635e-02 -2.860256e-01 -1.527713e+00
 4.461846e-01 -4.347514e-02 -8.223150e-01
 5.153209e-01 4.289284e-02 -6.462968e-01
 6.170948e-01 3.033497e-01 -2.499311e-01
 8.519109e-01 5.031080e-01 -1.315925e-03
 1.217186e+00 7.108602e-01 8.430046e-02
 1.537574e+00 9.404348e-01 6.801028e-03
 1.784129e+00 1.163040e+00 -2.106707e-01
 1.914503e+00 1.368444e+00 -5.355149e-01
 1.906231e+00 1.508450e+00 -9.083265e-01
 1.755203e+00 1.599976e+00 -1.253280e+00
 1.489836e+00 1.638107e+00 -1.524078e+00
 1.150970e+00 1.599845e+00 -1.697421e+00
 7.893887e-01 1.494443e+00 -1.747281e+00
 4.567744e-01 1.334318e+00 -1.671690e+00
 1.956860e-01 1.145425e+00 -1.482048e+00
 -1.214320e-01 7.804591e-01 -9.266617e-01
 -2.983032e-01 6.718003e-01 -6.357456e-01
 -4.194350e-01 6.642777e-01 -4.976862e-01
 -6.747025e-01 7.226766e-01 -3.345357e-01
 -1.056241e+00 8.967922e-01 -1.773959e-01
 -1.311366e+00 9.998149e-01 7.247397e-02
 -1.464253e+00 1.065178e+00 4.004680e-01
 -1.495103e+00 1.098030e+00 7.820961e-01
 -1.410401e+00 1.103533e+00 1.116384e+00
 -1.231325e+00 1.071416e+00 1.394387e+00
 -9.620269e-01 1.001468e+00 1.597954e+00
 -6.347595e-01 9.182766e-01 1.693989e+00
 -2.561105e-01 8.061840e-01 1.665805e+00
 6.256865e-02 7.003530e-01 1.509257e+00
 3.664138e-01 5.821965e-01 1.173354e+00
 5.713865e-01 5.117696e-01 1.065272e+00
 8.845869e-01 4.464308e-01 1.022303e+00
 1.353693e+00 4.090917e-01 1.056520e+00
 1.652777e+00 3.027779e-01 1.023378e+00
 1.907650e+00 1.107670e-01 9.574538e-01
 2.086623e+00 -1.458456e-01 8.620292e-01
 2.169869e+00 -4.436919e-01 7.474475e-01
 2.146539e+00 -7.508356e-01 6.375144e-01
 2.020498e+00 -1.026951e+00 5.168541e-01
 1.783625e+00 -1.261332e+00 3.988921e-01
 1.477697e+00 -1.407004e+00 3.274939e-01
 1.132589e+00 -1.454882e+00 3.144795e-01
 8.668261e-01 -1.422579e+00 3.675738e-01
 6.896205e-01 -1.385706e+00 4.768527e-01
 5.249359e-01 -1.396547e+00 5.842655e-01
 3.303872e-01 -1.422202e+00 6.426703e-01
 4.717300e-02 -1.414590e+00 6.506757e-01
 -1.814761e-01 -1.365706e+00 6.108829e-01
 -4.074842e-01 -1.252659e+00 5.490282e-01
 -5.950724e-01 -1.084396e+00 4.690652e-01
 -7.316925e-01 -8.729104e-01 3.593400e-01
 -8.249077e-01 -5.515242e-01 1.831364e-01
 -9.536094e-01 -3.397687e-01 7.855314e-02
 -1.103564e+00 -1.869971e-01 2.006057e-02
 -1.310442e+00 -5.965083e-02 -5.341866e-03
 -1.596950e+00 2.693749e-02 -3.943133e-02
 -1.955438e+00 -1.411726e-03 -1.050545e-01
 -2.281882e+00 -1.642375e-01 -2.001300e-01
 -2.522386e+00 -4.345651e-01 -3.260132e-01
 -2.636009e+00 -7.748156e-01 -4.879048e-01
 -2.596655e+00 -1.129009e+00 -6.713177e-01
 -2.401342e+00 -1.442294e+00 -8.450689e-01
 -2.073517e+00 -1.664329e+00 -9.728889e-01
 -1.658588e+00 -1.745874e+00 -1.045047e+00
 -1.234166e+00 -1.656978e+00 -1.055184e+00
 -8.856253e-01 -1.410970e+00 -1.004115e+00
 -6.710654e-01 -1.030364e+00 -9.349269e-01
 -6.460365e-01 -6.100638e-01 -8.552326e-01
 -7.646729e-01 -2.447650e-01 -9.200480e-01
 -1.023215e+00 1.794113e-01 -1.168812e+00
 -1.108173e+00 5.936211e-01 -1.262816e+00
 -1.073607e+00 1.026937e+00 -1.232863e+00
 -9.357796e-01 1.369099e+00 -1.103802e+00
 -7.347780e-01 1.597987e+00 -8.854154e-01
 -4.678169e-01 1.695882e+00 -5.946492e-01
 -1.575991e-01 1.634897e+00 -3.094914e-01
 1.748665e-01 1.380428e+00 -1.539335e-02
 3.213187e-01 1.353321e+00 1.272483e-01
 4.868229e-01 1.384878e+00 3.556486e-01
 8.398506e-01 1.525463e+00 1.096037e+00
 9.854662e-01 1.286956e+00 1.652344e+00
 1.000906e+00 7.867044e-01 2.010315e+00
 8.555262e-01 2.049138e-01 2.042736e+00
 5.464125e-01 -2.706592e-01 1.763689e+00
 2.507193e-01 -4.409867e-01 1.324938e+00
 1.420363e-01 -3.895131e-01 6.856124e-01
 2.124495e-01 -4.817164e-01 2.328593e-01
 1.749401e-01 -7.614873e-01 -1.483611e-01
 1.242341e-01 -1.127776e+00 -3.333117e-01
 1.311208e-01 -1.571263e+00 -3.663818e-01
 2.223708e-01 -1.998519e+00 -2.015790e-01
 3.799807e-01 -2.286056e+00 9.084331e-02
 5.893947e-01 -2.407006e+00 4.328206e-01
 8.024134e-01 -2.363021e+00 7.651272e-01
 9.901763e-01 -2.183748e+00 1.039468e+00
 1.128676e+00 -1.911679e+00 1.229243e+00
 1.211115e+00 -1.594171e+00 1.321233e+00
 1.241542e+00 -1.277557e+00 1.317695e+00
 1.236534e+00 -9.976918e-01 1.231807e+00
 1.205971e+00 -7.821039e-01 1.095493e+00
 1.175667e+00 -6.069029e-01 9.014825e-01
 1.151499e+00 -5.089388e-01 6.816381e-01
 1.199931e+00 -4.170053e-01 4.189771e-01
 1.441288e+00 -3.247096e-01 -6.699328e-02
 1.531152e+00 -1.830225e-01 -3.513112e-01
 1.558214e+00 1.257848e-02 -5.867393e-01
 1.515613e+00 2.602052e-01 -7.853693e-01
 1.399088e+00 5.125983e-01 -9.135974e-01
 1.232316e+00 7.297963e-01 -9.582231e-01
 1.044725e+00 9.479929e-01 -9.096538e-01
 9.501827e-01 1.151322e+00 -7.997018e-01
 9.089181e-01 1.346609e+00 -7.360259e-01
 9.161289e-01 1.794385e+00 -5.943658e-01
 8.016935e-01 2.145506e+00 -3.198155e-01
 5.679823e-01 2.350445e+00 1.162515e-03
 2.570573e-01 2.382046e+00 3.064520e-01
 -5.613833e-02 2.229976e+00 5.590045e-01
 -3.153240e-01 1.916295e+00 7.228495e-01
 -4.701999e-01 1.476886e+00 7.764944e-01
 -4.879958e-01 9.233844e-01 6.750196e-01
 -5.534251e-01 7.033164e-01 6.926206e-01
 -7.219068e-01 4.145858e-01 7.953577e-01
 -1.064719e+00 8.291498e-02 1.006424e+00
 -1.334609e+00 -1.959037e-01 1.018784e+00
 -1.572586e+00 -4.937286e-01 8.829620e-01
 -1.735163e+00 -7.512488e-01 6.188833e-01
 -1.771257e+00 -9.297442e-01 2.980599e-01
 -1.710769e+00 -1.009160e+00 -6.841282e-02
 -1.632386e+00 -9.532056e-01 -3.712723e-01
 -1.614833e+00 -8.370158e-01 -5.748222e-01
