 -1.176085e+00 1.376661e-01 -1.096529e+00
 -1.236843e+00 1.698266e-01 -7.356799e-01
 -1.475029e+00 1.557629e-01 -4.418162e-01
 -1.943755e+00 1.012983e-01 -1.078593e-01
 -2.174867e+00 -3.817364e-02 1.884184e-01
 -2.273807e+00 -2.288406e-01 5.352286e-01
 -2.224401e+00 -4.391139e-01 8.658452e-01
 -2.042540e+00 -6.435387e-01 1.130106e+00
 -1.756762e+00 -8.148988e-01 1.298518e+00
 -1.403357e+00 -9.343486e-01 1.350732e+00
 -1.025377e+00 -9.837265e-01 1.278143e+00
 -6.750654e-01 -9.545870e-01 1.084397e+00
 -4.121033e-01 -8.531526e-01 7.978765e-01
 -2.518703e-01 -6.656201e-01 3.981984e-01
 -7.466813e-02 -5.636696e-01 1.355070e-01
 1.385738e-01 -6.152632e-01 -1.099407e-01
 5.181219e-01 -8.521826e-01 -4.346799e-01
 1.169415e+00 -9.985207e-01 -7.990870e-01
 1.502785e+00 -1.028469e+00 -8.622491e-01
 1.843502e+00 -1.031285e+00 -8.133385e-01
 2.151964e+00 -1.007195e+00 -6.543260e-01
 2.390433e+00 -9.595368e-01 -4.001363e-01
 2.527776e+00 -8.867141e-01 -7.961427e-02
 2.545598e+00 -7.789628e-01 2.535430e-01
 2.444594e+00 -6.688987e-01 5.633809e-01
 2.231444e+00 -5.972316e-01 8.371925e-01
 1.989992e+00 -5.924599e-01 1.000145e+00
 1.768036e+00 -6.802453e-01 1.104941e+00
 1.612934e+00 -7.894406e-01 1.235672e+00
 1.430627e+00 -8.340748e-01 1.445901e+00
 1.193502e+00 -7.938858e-01 1.623327e+00
 9.016225e-01 -6.942690e-01 1.725731e+00
 5.719015e-01 -5.444042e-01 1.728596e+00
 2.947099e-01 -3.620232e-01 1.627331e+00
 8.880132e-02 -1.616001e-01 1.434703e+00
 -1.727021e-01 2.366337e-01 8.456670e-01
 -2.553671e-01 3.154227e-01 6.300067e-01
 -3.827557e-01 3.548686e-01 4.554178e-01
 -5.345481e-01 4.355281e-01 3.055176e-01
 -7.631724e-01 5.758996e-01 1.775102e-01
 -9.952741e-01 8.024651e-01 1.548805e-01
 -1.152619e+00 1.102115e+00 1.749387e-01
 -1.210181e+00 1.441569e+00 2.531523e-01
 -1.151134e+00 1.767634e+00 3.624971e-01
 -1.005242e+00 2.018143e+00 4.660064e-01
 -7.642413e-01 2.224228e+00 5.507974e-01
 -4.683632e-01 2.348658e+00 6.052566e-01
 -1.437853e-01 2.375141e+00 6.332597e-01
 1.767765e-01 2.299317e+00 6.342063e-01
 4.589263e-01 2.126040e+00 6.118855e-01
 6.714115e-01 1.872960e+00 5.655817e-01
 7.899201e-01 1.568054e+00 4.974563e-01
 8.291100e-01 6.425235e-01 2.165651e-01
 8.322202e-01 3.046757e-01 -3.461916e-02
 8.262759e-01 1.431136e-01 -2.727073e-01
 8.543116e-01 9.732155e-02 -5.048450e-01
 8.318066e-01 9.656618e-02 -8.130651e-01
 7.317037e-01 1.905342e-01 -1.133190e+00
 5.633165e-01 3.353156e-01 -1.371594e+00
 3.106389e-01 5.072642e-01 -1.526786e+00
 7.063455e-03 7.146900e-01 -1.569389e+00
 -2.988605e-01 9.076019e-01 -1.482451e+00
 -5.004237e-01 1.025993e+00 -1.330388e+00
 -7.877992e-01 1.075470e+00 -1.058115e+00
 -1.099326e+00 1.155546e+00 -9.645411e-01
 -1.404031e+00 1.150310e+00 -9.633773e-01
 -1.716248e+00 1.029330e+00 -1.001127e+00
 -1.977128e+00 8.002164e-01 -1.068870e+00
 -2.127456e+00 5.367633e-01 -1.128268e+00
 -2.193764e+00 1.995094e-01 -1.171098e+00
 -2.156486e+00 -1.245904e-01 -1.157442e+00
 -2.025091e+00 -4.291929e-01 -1.076921e+00
 -1.793376e+00 -6.742732e-01 -9.607789e-01
 -1.491267e+00 -8.179505e-01 -8.245428e-01
 -1.139005e+00 -8.429244e-01 -6.599733e-01
 -9.630730e-01 -8.947443e-01 -5.593655e-01
 -8.007719e-01 -1.013604e+00 -4.585040e-01
 -5.358003e-01 -1.369278e+00 -3.026439e-01
 -2.849165e-01 -1.547565e+00 -1.169244e-01
 -2.582575e-02 -1.610334e+00 1.008225e-01
 2.206834e-01 -1.561280e+00 3.050435e-01
 4.350710e-01 -1.417151e+00 4.668498e-01
 6.137974e-01 -1.159719e+00 6.207927e-01
 6.817885e-01 -9.300010e-01 7.086161e-01
 8.235054e-01 -3.409107e-01 7.415529e-01
 1.014221e+00 -1.620551e-02 9.543299e-01
 1.175667e+00 1.450437e-01 1.207791e+00
 1.425895e+00 1.949260e-01 1.498141e+00
 1.695499e+00 1.065341e-01 1.747206e+00
 1.958264e+00 -9.744137e-02 1.918640e+00
 2.176358e+00 -3.870548e-01 1.993042e+00
 2.330591e+00 -7.156550e-01 1.959338e+00
 2.411394e+00 -1.036433e+00 1.819596e+00
 2.413546e+00 -1.309276e+00 1.593447e+00
 2.336827e+00 -1.505352e+00 1.310154e+00
 2.189953e+00 -1.603335e+00 1.001075e+00
 1.992914e+00 -1.584910e+00 6.982682e-01
 1.790376e+00 -1.453169e+00 4.487000e-01
 1.625762e+00 -1.224096e+00 2.595010e-01
 1.535014e+00 -9.720674e-01 1.676194e-01
 1.536749e+00 -7.066469e-01 1.029996e-01
 1.591671e+00 -4.886750e-01 2.803814e-02
 1.793676e+00 -1.164101e-01 -1.111963e-01
 1.841730e+00 2.036526e-01 -2.441142e-01
 1.774108e+00 5.170553e-01 -3.773480e-01
 1.600610e+00 7.856048e-01 -5.061658e-01
 1.331665e+00 9.870674e-01 -6.236560e-01
 1.030751e+00 1.090008e+00 -6.883726e-01
 6.951001e-01 1.109042e+00 -6.898599e-01
 3.826343e-01 1.017856e+00 -6.350874e-01
 1.105275e-01 7.999387e-01 -5.580143e-01
 -7.662962e-03 6.347170e-01 -5.392463e-01
 -1.379057e-01 3.474244e-01 -6.234190e-01
 -1.992243e-01 1.289292e-01 -7.259325e-01
 -2.945457e-01 -6.554002e-01 -1.280196e+00
 -3.914348e-01 -9.202097e-01 -1.395148e+00
 -5.381543e-01 -1.187420e+00 -1.432459e+00
 -7.205588e-01 -1.432590e+00 -1.386183e+00
 -9.420947e-01 -1.643987e+00 -1.252450e+00
 -1.159682e+00 -1.790936e+00 -1.034314e+00
 -1.339841e+00 -1.843227e+00 -7.683348e-01
 -1.476048e+00 -1.795678e+00 -4.786221e-01
 -1.557696e+00 -1.648341e+00 -1.894929e-01
 -1.587492e+00 -1.383256e+00 8.298433e-02
 -1.538924e+00 -1.073630e+00 2.590911e-01
 -1.259860e+00 -4.203484e-01 4.367033e-01
 -1.250704e+00 7.080239e-02 9.378183e-01
 -1.172286e+00 3.933414e-01 1.106702e+00
 -1.002285e+00 7.497518e-01 1.169590e+00
 -7.895666e-01 1.016702e+00 1.131304e+00
 -5.675649e-01 1.199760e+00 1.009291e+00
 -3.682066e-01 1.304804e+00 8.211026e-01
 -2.261580e-01 1.360142e+00 5.612427e-01
 -1.936018e-01 1.407016e+00 3.096000e-01
 -2.006162e-01 1.517900e+00 8.187941e-02
 -5.093211e-01 2.022947e+00 -8.274799e-01
 -6.418668e-01 2.079492e+00 -1.130723e+00
 -7.990525e-01 2.030375e+00 -1.424749e+00
 -9.694495e-01 1.880967e+00 -1.675999e+00
 -1.128251e+00 1.647841e+00 -1.856082e+00
 -1.242301e+00 1.348688e+00 -1.958685e+00
 -1.301262e+00 1.017806e+00 -1.968154e+00
 -1.306194e+00 6.873424e-01 -1.873139e+00
 -1.257801e+00 3.974773e-01 -1.672408e+00
 -1.191989e+00 1.986727e-01 -1.369097e+00
