 -9.444108e-01 1.188218e+00 1.440680e+00
 -1.098542e+00 1.089575e+00 1.205237e+00
 -1.174376e+00 9.363811e-01 9.576058e-01
 -1.172137e+00 7.426468e-01 7.404331e-01
 -1.108781e+00 4.752023e-01 5.785347e-01
 -1.036998e+00 1.972785e-01 5.304985e-01
 -1.055015e+00 -1.705532e-01 5.603168e-01
 -1.225789e+00 -7.051150e-01 7.595044e-01
 -1.373299e+00 -1.097756e+00 7.272544e-01
 -1.486720e+00 -1.455587e+00 5.254616e-01
 -1.547307e+00 -1.709639e+00 1.907760e-01
 -1.540591e+00 -1.828921e+00 -2.546914e-01
 -1.475344e+00 -1.774388e+00 -6.530777e-01
 -1.355350e+00 -1.569432e+00 -9.790804e-01
 -1.182722e+00 -1.206235e+00 -1.212796e+00
 -1.028798e+00 -8.180879e-01 -1.257267e+00
 -8.344188e-01 -4.372060e-01 -1.122136e+00
 -6.925642e-01 -2.048935e-01 -1.131552e+00
 -5.569009e-01 3.658229e-02 -1.222091e+00
 -2.506928e-01 5.210547e-01 -1.598410e+00
 3.153675e-02 7.348543e-01 -1.742079e+00
 4.044895e-01 8.713417e-01 -1.800390e+00
 7.584368e-01 9.026853e-01 -1.752125e+00
 1.087334e+00 8.406599e-01 -1.602885e+00
 1.351689e+00 6.676770e-01 -1.409299e+00
 1.493011e+00 4.339335e-01 -1.248308e+00
 1.559776e+00 2.311094e-01 -1.203235e+00
 1.691026e+00 8.961368e-03 -1.175496e+00
 1.925188e+00 -2.418206e-01 -9.812024e-01
 2.087801e+00 -4.402034e-01 -6.177939e-01
 2.088890e+00 -5.522745e-01 -1.844657e-01
 1.904851e+00 -5.871493e-01 2.187313e-01
 1.567304e+00 -5.206127e-01 5.357007e-01
 9.320369e-01 -2.928584e-01 7.604447e-01
 6.207854e-01 -2.616033e-01 9.300208e-01
 3.916069e-01 -3.327240e-01 1.159073e+00
 2.566672e-01 -3.761788e-01 1.558335e+00
 2.710340e-01 -2.910169e-01 1.999512e+00
 4.271209e-01 -7.748341e-02 2.372612e+00
 6.749916e-01 2.446643e-01 2.594590e+00
 9.488889e-01 5.974493e-01 2.620206e+00
 1.180616e+00 9.217602e-01 2.461616e+00
 1.319177e+00 1.187767e+00 2.153496e+00
 1.362193e+00 1.337190e+00 1.737405e+00
 1.306257e+00 1.334360e+00 1.317151e+00
 1.157200e+00 1.192795e+00 9.484721e-01
 6.278197e-01 5.753448e-01 3.272958e-01
 3.998567e-01 3.929573e-01 1.758275e-01
 7.244068e-02 3.138420e-01 6.347593e-02
 -3.174446e-01 4.255373e-01 -1.576846e-01
 -1.116150e+00 1.065257e+00 -4.834110e-01
 -1.421207e+00 1.174208e+00 -5.522986e-01
 -1.758752e+00 1.173974e+00 -6.182133e-01
 -2.083163e+00 1.058102e+00 -6.687267e-01
 -2.357437e+00 8.341694e-01 -6.977298e-01
 -2.535517e+00 5.377066e-01 -7.235094e-01
 -2.601089e+00 1.966352e-01 -7.443861e-01
 -2.543747e+00 -1.498389e-01 -7.324664e-01
 -2.376121e+00 -4.640885e-01 -6.626892e-01
 -2.118340e+00 -6.992794e-01 -5.352499e-01
 -1.802479e+00 -8.141549e-01 -3.930391e-01
 -1.342652e+00 -8.079805e-01 -2.706522e-01
 -1.081085e+00 -8.962951e-01 -2.358204e-01
 -8.520911e-01 -1.060574e+00 -2.343773e-01
 -5.700483e-01 -1.392519e+00 -2.877720e-01
 -3.336920e-01 -1.549827e+00 -3.368036e-01
 5.062672e-03 -1.657418e+00 -3.822036e-01
 2.943548e-01 -1.654742e+00 -4.235517e-01
 5.466536e-01 -1.567966e+00 -4.470524e-01
 7.764314e-01 -1.394574e+00 -4.473190e-01
 9.905652e-01 -1.092489e+00 -4.429886e-01
 1.085146e+00 -7.950445e-01 -4.306716e-01
 1.090152e+00 -3.236902e-01 -3.734072e-01
 1.187338e+00 -2.801393e-02 -2.875247e-01
 1.417754e+00 2.323226e-01 -1.962780e-01
 1.722220e+00 4.436716e-01 -2.213486e-01
 2.039014e+00 5.892133e-01 -3.787051e-01
 2.302513e+00 6.656878e-01 -6.545932e-01
 2.460984e+00 6.744325e-01 -1.008835e+00
 2.488966e+00 6.214081e-01 -1.388944e+00
 2.386348e+00 5.122005e-01 -1.740188e+00
 2.168090e+00 3.654929e-01 -2.015086e+00
 1.866932e+00 1.993203e-01 -2.176093e+00
 1.521594e+00 4.273828e-02 -2.203599e+00
 1.180832e+00 -7.568813e-02 -2.096043e+00
 8.883100e-01 -1.320795e-01 -1.875093e+00
 6.743652e-01 -1.034572e-01 -1.575933e+00
 5.785229e-01 -1.502957e-03 -1.296510e+00
 5.432061e-01 1.198563e-01 -1.089853e+00
 5.023409e-01 3.897714e-01 -8.920646e-01
 4.429424e-01 8.403594e-01 -7.454738e-01
 3.582913e-01 1.104485e+00 -5.539110e-01
 2.321664e-01 1.282530e+00 -3.090353e-01
 8.542877e-02 1.365125e+00 -1.209520e-02
 -4.336658e-02 1.331718e+00 2.591045e-01
 -1.449585e-01 1.208404e+00 5.174137e-01
 -1.792981e-01 1.019394e+00 7.602099e-01
 -1.654833e-01 8.505738e-01 8.907771e-01
 -2.130606e-01 5.472316e-01 1.039524e+00
 -3.164251e-01 4.001588e-01 1.216145e+00
 -5.147463e-01 2.631934e-01 1.403850e+00
 -8.519662e-01 1.548118e-01 1.534409e+00
 -1.209142e+00 1.027121e-01 1.544048e+00
 -1.551388e+00 8.779673e-02 1.424709e+00
 -1.788480e+00 9.281943e-02 1.237135e+00
 -1.970698e+00 8.685370e-02 9.516803e-01
 -2.049633e+00 8.715239e-02 6.491025e-01
 -2.035545e+00 1.128909e-01 3.354442e-01
 -1.932508e+00 1.574296e-01 5.214307e-02
 -1.655507e+00 1.965309e-01 -3.117111e-01
 -1.568854e+00 1.648329e-01 -6.302986e-01
 -1.626571e+00 2.180605e-01 -1.184307e+00
 -1.551863e+00 1.516595e-01 -1.568584e+00
 -1.354447e+00 1.291624e-02 -1.887908e+00
 -1.052777e+00 -1.769011e-01 -2.096898e+00
 -7.137432e-01 -3.705270e-01 -2.152233e+00
 -3.739142e-01 -5.607679e-01 -2.043120e+00
 -1.074446e-01 -7.425397e-01 -1.786393e+00
 3.133597e-02 -8.703645e-01 -1.444355e+00
 1.021139e-01 -8.580671e-01 -1.066311e+00
 8.188639e-02 -6.561626e-01 -6.102975e-01
 8.930047e-02 -6.215361e-01 -2.947943e-01
 1.501615e-01 -7.102164e-01 -9.382377e-03
 2.130721e-01 -8.628988e-01 2.140596e-01
 3.270249e-01 -1.089779e+00 4.308382e-01
 4.795768e-01 -1.223373e+00 6.347549e-01
 6.555601e-01 -1.280684e+00 8.678137e-01
 8.277166e-01 -1.253530e+00 1.098479e+00
 9.775826e-01 -1.149219e+00 1.314032e+00
 1.110256e+00 -9.741775e-01 1.497729e+00
 1.212579e+00 -7.521211e-01 1.623503e+00
 1.263188e+00 -4.978167e-01 1.701688e+00
 1.261843e+00 -2.252219e-01 1.728791e+00
 1.207426e+00 2.549705e-02 1.704775e+00
 1.091109e+00 2.547619e-01 1.657454e+00
 9.786850e-01 3.778082e-01 1.618976e+00
 8.000648e-01 4.916228e-01 1.601409e+00
 6.437541e-01 6.065738e-01 1.628785e+00
 3.595885e-01 9.035172e-01 1.798167e+00
 1.051013e-01 1.062794e+00 1.862386e+00
 -1.826405e-01 1.170193e+00 1.860082e+00
 -4.680422e-01 1.226411e+00 1.784530e+00
 -7.312037e-01 1.232049e+00 1.639991e+00
