 -1.271952e+00 -1.248387e+00 -1.179064e+00
 -1.645293e+00 -9.565190e-01 -1.105382e+00
 -1.878231e+00 -3.498240e-01 -1.277758e+00
 -1.621751e+00 3.356344e-01 -1.333667e+00
 -9.864654e-01 7.186994e-01 -1.170132e+00
 -8.687610e-02 5.602305e-01 -7.807191e-01
 2.126224e-01 5.994760e-01 -7.675269e-01
 5.656889e-01 5.851910e-01 -8.620853e-01
 8.665215e-01 4.527460e-01 -1.021690e+00
 1.092269e+00 1.872564e-01 -1.183832e+00
 1.198409e+00 -1.572868e-01 -1.293436e+00
 1.175360e+00 -5.338823e-01 -1.343969e+00
 1.000715e+00 -9.532660e-01 -1.324860e+00
 7.095273e-01 -1.245048e+00 -1.245352e+00
 5.540298e-02 -1.512474e+00 -9.917981e-01
 -1.474892e-01 -1.644588e+00 -8.225805e-01
 -2.816207e-01 -1.836362e+00 -6.260256e-01
 -3.408573e-01 -1.980611e+00 -3.332747e-01
 -4.020240e-01 -1.991431e+00 6.245853e-02
 -4.629077e-01 -1.845209e+00 4.156390e-01
 -5.292580e-01 -1.575069e+00 6.868482e-01
 -6.076008e-01 -1.208681e+00 8.394074e-01
 -6.694155e-01 -8.066020e-01 8.369191e-01
 -6.545377e-01 -4.423734e-01 7.066664e-01
 -5.605257e-01 9.100403e-02 2.638582e-01
 -5.701845e-01 2.843088e-01 1.490467e-01
 -6.553588e-01 4.759657e-01 6.225374e-02
 -1.116164e+00 1.065243e+00 -1.344356e-01
 -1.202566e+00 1.509819e+00 -2.459218e-01
 -1.079978e+00 1.949719e+00 -3.287925e-01
 -7.715755e-01 2.311495e+00 -3.408083e-01
 -3.633318e-01 2.501078e+00 -2.681760e-01
 9.465536e-02 2.484502e+00 -1.844906e-01
 5.042646e-01 2.259782e+00 -1.279187e-01
 7.712323e-01 1.872270e+00 -7.625696e-02
 8.351068e-01 1.411008e+00 -1.046188e-02
 5.004401e-01 4.947010e-01 2.163836e-01
 4.374637e-01 2.825897e-01 3.758253e-01
 3.337554e-01 -5.792728e-01 8.737150e-01
 2.706300e-01 -8.274609e-01 1.296039e+00
 3.263376e-01 -8.645785e-01 1.817182e+00
 4.998321e-01 -6.730850e-01 2.271329e+00
 7.425465e-01 -3.055863e-01 2.544113e+00
 9.904785e-01 1.428171e-01 2.572534e+00
 1.181880e+00 5.627302e-01 2.355971e+00
 1.254493e+00 8.651476e-01 1.958353e+00
 1.222410e+00 9.486543e-01 1.497182e+00
 1.234873e+00 8.328745e-01 1.152026e+00
 1.293972e+00 7.065872e-01 9.302777e-01
 1.447122e+00 3.393300e-01 5.685641e-01
 1.442659e+00 1.060225e-01 3.078857e-01
 1.331768e+00 -8.764980e-02 5.586876e-02
 1.113855e+00 -2.433361e-01 -1.764936e-01
 6.188689e-01 -3.863337e-01 -4.733419e-01
 2.821142e-01 -4.093715e-01 -8.124033e-01
 1.942768e-01 -3.741987e-01 -1.064994e+00
 1.869280e-01 -2.304970e-01 -1.401563e+00
 1.240844e-01 1.575698e-01 -1.711424e+00
 1.232073e-01 6.473622e-01 -1.808664e+00
 1.193495e-01 1.114336e+00 -1.660569e+00
 5.248004e-02 1.465286e+00 -1.305473e+00
 -6.284343e-02 1.602148e+00 -8.341164e-01
 -1.667515e-01 1.473597e+00 -2.467848e-01
 -2.092470e-01 1.529640e+00 7.391280e-02
 -4.627779e-01 1.793227e+00 5.901952e-01
 -5.319994e-01 1.837136e+00 1.029613e+00
 -4.802685e-01 1.730339e+00 1.459290e+00
 -3.467002e-01 1.468497e+00 1.794890e+00
 -1.420474e-01 1.099872e+00 1.977594e+00
 8.684892e-02 7.180036e-01 1.961610e+00
 5.474303e-01 1.613756e-01 1.607000e+00
 9.374072e-01 -5.822137e-02 1.542111e+00
 1.325338e+00 -1.050081e-01 1.570576e+00
 1.730572e+00 2.841057e-02 1.572658e+00
 2.059681e+00 3.231245e-01 1.508551e+00
 2.231025e+00 6.947524e-01 1.386520e+00
 2.227704e+00 1.097011e+00 1.247806e+00
 2.053699e+00 1.458352e+00 1.116589e+00
 1.742192e+00 1.718835e+00 1.014192e+00
 1.347828e+00 1.837251e+00 9.564362e-01
 9.412675e-01 1.797256e+00 9.514161e-01
 5.860954e-01 1.602227e+00 9.630154e-01
 2.052684e-01 1.118237e+00 9.994363e-01
 5.839425e-02 9.976296e-01 9.750156e-01
 -1.368424e-01 8.807283e-01 9.630504e-01
 -8.003683e-01 7.142587e-01 1.058560e+00
 -1.258755e+00 5.178868e-01 9.095587e-01
 -1.527509e+00 2.803224e-01 6.162502e-01
 -1.595601e+00 4.772052e-02 2.192134e-01
 -1.432959e+00 -1.437780e-01 -2.389736e-01
 -1.022363e+00 -2.292513e-01 -6.514199e-01
 -8.151591e-01 -3.300759e-01 -9.439407e-01
 -8.065270e-01 -3.498835e-01 -1.406215e+00
 -9.584948e-01 -4.957835e-01 -1.811117e+00
 -1.235559e+00 -7.418325e-01 -2.082843e+00
 -1.549249e+00 -1.081074e+00 -2.167883e+00
 -1.832644e+00 -1.435197e+00 -2.040721e+00
 -2.021427e+00 -1.733116e+00 -1.727439e+00
 -2.059039e+00 -1.923665e+00 -1.296855e+00
 -1.942444e+00 -1.962166e+00 -8.363864e-01
 -1.703880e+00 -1.828686e+00 -4.419358e-01
 -1.388443e+00 -1.557305e+00 -2.042840e-01
 -9.070934e-01 -1.122764e+00 -1.708981e-01
 -4.528615e-01 -9.437420e-01 -1.564278e-01
 -1.176563e-01 -9.785773e-01 -3.613803e-02
 3.075145e-01 -1.234353e+00 1.296125e-02
 6.071275e-01 -1.624979e+00 -1.123237e-01
 7.063635e-01 -2.033910e+00 -3.705124e-01
 6.193287e-01 -2.341651e+00 -7.309486e-01
 3.649727e-01 -2.500930e+00 -1.102768e+00
 -1.129390e-02 -2.493162e+00 -1.395768e+00
 -4.245293e-01 -2.318577e+00 -1.550999e+00
 -7.843608e-01 -2.012601e+00 -1.541327e+00
