 -8.486822e-01 -1.732039e-01 -1.857173e+00
 -1.098939e+00 -1.360755e-01 -1.545620e+00
 -1.193429e+00 -8.710394e-02 -1.217850e+00
 -1.165014e+00 2.478881e-02 -8.793949e-01
 -1.110061e+00 2.065006e-01 -6.883638e-01
 -1.126435e+00 3.876634e-01 -5.215334e-01
 -1.332724e+00 8.828738e-01 -1.135855e-01
 -1.322774e+00 1.143604e+00 2.565248e-01
 -1.154895e+00 1.292576e+00 6.396631e-01
 -8.569066e-01 1.302619e+00 9.887019e-01
 -4.961725e-01 1.138147e+00 1.199130e+00
 -2.255189e-01 1.017602e+00 1.194883e+00
 -9.546307e-03 9.790155e-01 1.184453e+00
 5.540537e-01 1.008601e+00 1.108492e+00
 1.137073e+00 8.897850e-01 9.770965e-01
 1.487539e+00 7.172152e-01 6.966603e-01
 1.659436e+00 4.839857e-01 2.816313e-01
 1.613376e+00 2.746539e-01 -7.491461e-02
 1.422298e+00 1.231565e-01 -3.376986e-01
 1.153027e+00 8.625518e-02 -5.730965e-01
 9.552697e-01 1.684240e-01 -7.247762e-01
 8.130733e-01 2.881268e-01 -8.859103e-01
 7.238745e-01 5.482552e-01 -1.373037e+00
 4.557996e-01 8.007324e-01 -2.111840e+00
 3.019144e-01 7.883365e-01 -2.440586e+00
 1.377374e-01 6.490680e-01 -2.738764e+00
 -1.296296e-02 3.954596e-01 -2.967409e+00
 -1.263383e-01 5.583767e-02 -3.093672e+00
 -1.813433e-01 -3.262219e-01 -3.095809e+00
 -1.734380e-01 -6.899212e-01 -2.965989e+00
 -1.304124e-01 -9.797425e-01 -2.709042e+00
 -3.027456e-02 -1.159365e+00 -2.352782e+00
 1.347335e-01 -1.186355e+00 -1.978256e+00
 3.612075e-01 -1.060601e+00 -1.649010e+00
 5.595294e-01 -8.480451e-01 -1.477726e+00
 7.732555e-01 -6.426434e-01 -1.416242e+00
 1.302971e+00 -3.797546e-01 -1.515944e+00
 1.609407e+00 -3.421386e-02 -1.495747e+00
 1.767153e+00 3.467703e-01 -1.348275e+00
 1.744436e+00 7.267249e-01 -1.122821e+00
 1.562512e+00 1.005211e+00 -8.589530e-01
 1.258943e+00 1.136328e+00 -5.145322e-01
 9.532976e-01 1.059205e+00 -2.134976e-01
 7.040646e-01 8.129013e-01 2.255816e-02
 6.059497e-01 5.133372e-01 1.702494e-01
 6.569999e-01 1.988544e-01 3.432770e-01
 8.929474e-01 -2.170208e-01 5.213561e-01
 9.585062e-01 -5.140086e-01 7.325819e-01
 9.164984e-01 -7.590330e-01 1.000918e+00
 7.900718e-01 -9.109665e-01 1.306068e+00
 6.226303e-01 -9.556712e-01 1.556982e+00
 4.163527e-01 -9.038934e-01 1.788379e+00
 2.516268e-01 -7.678499e-01 1.978972e+00
 1.928895e-01 -6.136942e-01 2.135190e+00
 1.482100e-01 -4.911567e-01 2.352323e+00
 -2.736753e-02 -4.006385e-01 2.618086e+00
 -3.175157e-01 -3.020829e-01 2.811001e+00
 -6.396100e-01 -1.889514e-01 2.879352e+00
 -9.538404e-01 -5.556372e-02 2.831041e+00
 -1.227110e+00 8.562732e-02 2.671415e+00
 -1.433878e+00 2.081382e-01 2.411795e+00
 -1.542997e+00 3.043519e-01 2.079586e+00
 -1.534755e+00 3.626616e-01 1.718490e+00
 -1.411981e+00 3.702097e-01 1.380071e+00
 -9.906899e-01 2.939197e-01 8.571921e-01
 -8.587110e-01 3.086982e-01 7.116089e-01
 -7.213816e-01 3.623060e-01 5.717424e-01
 -4.556756e-01 5.461567e-01 3.223645e-01
 -3.084129e-01 9.319510e-01 1.711207e-01
 -1.363031e-01 1.389669e+00 2.375547e-01
 -2.167750e-02 1.773299e+00 5.180792e-01
 5.067850e-02 1.987412e+00 9.471465e-01
 7.451962e-02 1.980474e+00 1.433002e+00
 2.750155e-02 1.758975e+00 1.867844e+00
 -8.851406e-02 1.373345e+00 2.151946e+00
 -2.392059e-01 9.105558e-01 2.218531e+00
 -6.186146e-01 -5.694825e-02 1.849457e+00
 -8.022403e-01 -4.589562e-01 1.885072e+00
 -7.896679e-01 -9.608316e-01 2.151038e+00
 -4.783334e-01 -1.333777e+00 2.485223e+00
 3.945235e-02 -1.462307e+00 2.733216e+00
 6.047536e-01 -1.328708e+00 2.786369e+00
 1.039591e+00 -9.664987e-01 2.641669e+00
 1.211307e+00 -4.950174e-01 2.329938e+00
 1.068939e+00 -8.866185e-02 1.930182e+00
 6.770285e-01 9.643296e-02 1.547979e+00
 2.547356e-01 -4.071332e-03 1.302091e+00
 3.191588e-02 -2.531045e-01 1.103737e+00
 -7.755671e-02 -4.730599e-01 1.000945e+00
 -1.846220e-01 -1.065017e+00 7.292405e-01
 -2.793240e-01 -1.387487e+00 2.619096e-01
 -3.767267e-01 -1.418776e+00 -2.713017e-01
 -4.155036e-01 -1.170268e+00 -7.418394e-01
 -3.610123e-01 -7.070949e-01 -1.035384e+00
 -2.047790e-01 -3.042302e-01 -1.074571e+00
 -1.651637e-01 3.424581e-02 -1.086820e+00
 -2.639304e-01 4.003453e-01 -1.223416e+00
 -5.057189e-01 6.841668e-01 -1.360471e+00
 -8.746328e-01 8.725277e-01 -1.426915e+00
 -1.297351e+00 9.209044e-01 -1.398794e+00
 -1.696211e+00 8.283740e-01 -1.259947e+00
 -1.990338e+00 6.199416e-01 -1.033715e+00
 -2.132776e+00 3.475252e-01 -7.428859e-01
 -2.095930e+00 5.158675e-02 -4.309527e-01
 -1.884414e+00 -2.271780e-01 -1.723604e-01
 -1.535697e+00 -4.320722e-01 -1.064157e-02
 -1.125653e+00 -5.239131e-01 2.389782e-02
 -2.791227e-01 -3.812907e-01 -5.662392e-02
 -3.797953e-02 -4.229594e-01 -7.682702e-02
 2.773466e-01 -6.134173e-01 -1.960172e-01
 9.647865e-01 -1.276659e+00 -6.304950e-01
 1.173741e+00 -1.446904e+00 -9.103951e-01
 1.307891e+00 -1.516141e+00 -1.266686e+00
 1.346470e+00 -1.478327e+00 -1.647028e+00
 1.284633e+00 -1.321202e+00 -2.034472e+00
 1.149808e+00 -1.078112e+00 -2.304343e+00
 9.549624e-01 -7.721955e-01 -2.448565e+00
 7.299228e-01 -4.700500e-01 -2.436321e+00
 4.709280e-01 -2.399141e-01 -2.298436e+00
 1.335537e-01 -1.678282e-01 -2.116485e+00
 -4.943384e-01 -1.696608e-01 -2.054464e+00
