 -1.047055e+00 2.108410e+00 4.996740e-02
 -1.235940e+00 1.814310e+00 6.251168e-02
 -1.315206e+00 1.477052e+00 5.651973e-02
 -1.278089e+00 1.134030e+00 3.300133e-02
 -1.022835e+00 6.018174e-01 -4.417579e-02
 -9.233082e-01 2.193970e-01 -9.030084e-02
 -1.051409e+00 -1.919479e-01 -2.564909e-01
 -1.502945e+00 -7.076822e-01 -4.365567e-01
 -1.695339e+00 -9.805004e-01 -4.151930e-01
 -1.830537e+00 -1.286886e+00 -2.964810e-01
 -1.871268e+00 -1.590226e+00 -1.003664e-01
 -1.805475e+00 -1.840153e+00 1.414463e-01
 -1.651302e+00 -2.000509e+00 4.069125e-01
 -1.434576e+00 -2.050103e+00 6.857923e-01
 -1.190562e+00 -1.970990e+00 9.563068e-01
 -9.369716e-01 -1.769637e+00 1.166518e+00
 -7.209854e-01 -1.484415e+00 1.269943e+00
 -2.472879e-01 -6.603530e-01 1.204080e+00
 -1.837424e-01 -5.026935e-01 1.206979e+00
 -1.559271e-01 -3.978871e-01 1.226126e+00
 -1.149185e-01 -2.333211e-01 1.296560e+00
 7.574607e-03 6.754319e-02 1.522148e+00
 8.260284e-02 4.304472e-01 1.627345e+00
 1.060462e-01 8.051705e-01 1.604204e+00
 9.822944e-02 1.123757e+00 1.461474e+00
 6.567705e-02 1.361083e+00 1.221504e+00
 -2.441292e-02 1.522699e+00 8.637459e-01
 -1.521554e-01 1.547934e+00 5.235251e-01
 -2.883432e-01 1.412557e+00 7.377424e-02
 -3.256845e-01 1.426251e+00 -1.787130e-01
 -3.244004e-01 1.465771e+00 -3.706615e-01
 -2.458715e-01 1.504673e+00 -6.088213e-01
 -1.082460e-01 1.507797e+00 -8.204861e-01
 5.755247e-02 1.440534e+00 -1.017657e+00
 2.656939e-01 1.289159e+00 -1.191161e+00
 4.415124e-01 1.123061e+00 -1.281801e+00
 5.938899e-01 9.404166e-01 -1.313351e+00
 8.626913e-01 6.179447e-01 -1.263956e+00
 1.052194e+00 4.675920e-01 -1.330605e+00
 1.315628e+00 3.576047e-01 -1.409846e+00
 1.673554e+00 3.268523e-01 -1.416765e+00
 2.034779e+00 3.614835e-01 -1.296464e+00
 2.342023e+00 4.649899e-01 -1.048620e+00
 2.513254e+00 5.957011e-01 -7.290885e-01
 2.540169e+00 7.162224e-01 -3.582652e-01
 2.418860e+00 7.976795e-01 8.130079e-03
 2.166847e+00 8.229201e-01 3.137203e-01
 1.811860e+00 8.051472e-01 5.102403e-01
 5.711145e-01 6.097652e-01 6.748585e-01
 1.049560e-01 5.366560e-01 6.091686e-01
 -2.332211e-01 5.365690e-01 6.361662e-01
 -5.023565e-01 6.143407e-01 8.111278e-01
 -8.579795e-01 8.304373e-01 1.067682e+00
 -1.175530e+00 8.645738e-01 1.263619e+00
 -1.505537e+00 7.682347e-01 1.414549e+00
 -1.815557e+00 5.443351e-01 1.504875e+00
 -2.016750e+00 2.675257e-01 1.534546e+00
 -2.125793e+00 -4.588466e-02 1.500188e+00
 -2.136593e+00 -3.664006e-01 1.402156e+00
 -2.049466e+00 -6.627393e-01 1.242008e+00
 -1.875906e+00 -8.988158e-01 1.013189e+00
 -1.636065e+00 -1.025328e+00 7.785682e-01
 -1.281333e+00 -1.042628e+00 5.257248e-01
 -1.119303e+00 -1.108082e+00 4.128310e-01
 -9.896129e-01 -1.225303e+00 2.867873e-01
 -8.531509e-01 -1.456596e+00 3.100986e-02
 -6.706220e-01 -1.586703e+00 -1.829164e-01
 -4.297904e-01 -1.650596e+00 -3.654331e-01
 -1.514700e-01 -1.652846e+00 -4.876507e-01
 1.581535e-01 -1.584006e+00 -5.501407e-01
 4.381014e-01 -1.446395e+00 -5.336234e-01
 6.564946e-01 -1.304817e+00 -4.363444e-01
 7.883465e-01 -1.245647e+00 -3.242588e-01
 9.308953e-01 -1.210020e+00 -2.304507e-01
 1.161873e+00 -1.130334e+00 -1.609571e-01
 1.385101e+00 -9.959990e-01 -1.406247e-01
 1.585982e+00 -7.795676e-01 -1.516861e-01
 1.715722e+00 -5.131954e-01 -1.848105e-01
 1.762574e+00 -2.189806e-01 -2.359669e-01
 1.718452e+00 7.537323e-02 -2.939228e-01
 1.523150e+00 4.785483e-01 -4.156193e-01
 1.527535e+00 7.406438e-01 -4.844696e-01
 1.565981e+00 9.780605e-01 -6.126234e-01
 1.607901e+00 1.199144e+00 -8.759311e-01
 1.593108e+00 1.331238e+00 -1.209511e+00
 1.519096e+00 1.349748e+00 -1.575697e+00
 1.384077e+00 1.255883e+00 -1.902044e+00
 1.186702e+00 1.063868e+00 -2.152034e+00
 9.335376e-01 7.999341e-01 -2.287308e+00
 6.479168e-01 5.108173e-01 -2.271002e+00
 3.916435e-01 2.178499e-01 -2.086185e+00
 -1.018846e-02 -3.658987e-01 -1.266891e+00
 -1.899833e-01 -5.915569e-01 -6.009062e-01
 -1.239866e-01 -6.970566e-01 -9.869512e-02
 -3.240743e-03 -9.408121e-01 2.555279e-01
 1.048435e-01 -1.278496e+00 4.285280e-01
 2.623999e-01 -1.599248e+00 4.689977e-01
 4.551084e-01 -1.884538e+00 3.914272e-01
 6.773286e-01 -2.100445e+00 2.141266e-01
 9.075908e-01 -2.214222e+00 -3.721958e-02
 1.120049e+00 -2.208919e+00 -3.272586e-01
 1.295426e+00 -2.080623e+00 -6.178202e-01
 1.404994e+00 -1.843159e+00 -8.759957e-01
 1.427356e+00 -1.527336e+00 -1.068818e+00
 1.365795e+00 -1.169440e+00 -1.161853e+00
 1.230354e+00 -8.144843e-01 -1.134528e+00
 1.049202e+00 -5.148622e-01 -9.824200e-01
 8.777394e-01 -3.214401e-01 -7.343161e-01
 7.515012e-01 -2.316746e-01 -4.306222e-01
 7.505108e-01 -1.977034e-01 -4.339106e-02
 8.395020e-01 -6.182272e-01 1.320771e+00
 6.842876e-01 -7.413651e-01 1.704244e+00
 3.608386e-01 -7.903009e-01 2.026819e+00
 -4.532527e-02 -7.290286e-01 2.205271e+00
 -4.623459e-01 -5.796916e-01 2.207343e+00
 -8.226764e-01 -3.996731e-01 2.019788e+00
 -1.072984e+00 -2.587601e-01 1.670349e+00
 -1.187840e+00 -1.437717e-01 1.057375e+00
 -1.314738e+00 -5.705915e-02 8.408974e-01
 -1.692829e+00 6.304163e-02 5.612551e-01
 -1.884738e+00 1.377643e-01 2.836193e-01
 -1.973544e+00 2.323229e-01 -3.311883e-02
 -1.948405e+00 3.197643e-01 -3.585503e-01
 -1.801554e+00 3.823246e-01 -6.629199e-01
 -1.548479e+00 4.355590e-01 -9.075597e-01
 -1.208665e+00 4.745657e-01 -1.054529e+00
 -8.298583e-01 5.010636e-01 -1.072724e+00
 -4.665613e-01 5.065407e-01 -9.549698e-01
 1.403362e-02 5.059782e-01 -5.628282e-01
 3.370969e-01 6.892074e-01 -3.621553e-01
 5.518541e-01 9.184741e-01 -2.884814e-01
 6.839302e-01 1.269214e+00 -2.204797e-01
 6.783342e-01 1.637258e+00 -1.842314e-01
 5.278210e-01 1.997652e+00 -1.578358e-01
 2.751259e-01 2.255739e+00 -1.369659e-01
 -5.245447e-02 2.406603e+00 -8.656531e-02
 -4.243122e-01 2.429737e+00 -2.579396e-02
 -7.665405e-01 2.323618e+00 1.961332e-02
