 1.334057e+00 -4.250612e-01 1.296599e+00
 1.007164e+00 -3.047117e-01 1.321908e+00
 6.750875e-01 -2.407899e-01 1.241506e+00
 2.879811e-01 -1.513944e-01 9.853383e-01
 6.066316e-02 -5.773664e-02 9.266985e-01
 -2.425097e-01 1.367263e-01 9.620973e-01
 -6.026687e-01 4.820949e-01 1.132881e+00
 -8.291031e-01 7.654203e-01 1.132598e+00
 -1.039277e+00 1.046027e+00 1.006590e+00
 -1.193055e+00 1.271914e+00 7.774353e-01
 -1.266135e+00 1.429768e+00 4.766596e-01
 -1.248582e+00 1.509251e+00 1.374514e-01
 -1.138883e+00 1.500409e+00 -2.093466e-01
 -9.543195e-01 1.401019e+00 -5.137554e-01
 -7.281341e-01 1.229616e+00 -7.207016e-01
 -7.659810e-02 7.677982e-01 -9.500716e-01
 4.472347e-02 6.203298e-01 -1.038795e+00
 1.203459e-01 4.818273e-01 -1.162158e+00
 4.173475e-01 8.976463e-02 -1.700312e+00
 5.599876e-01 -1.810294e-01 -1.870736e+00
 6.785035e-01 -5.062959e-01 -1.935355e+00
 7.572097e-01 -8.481328e-01 -1.885023e+00
 7.846547e-01 -1.165726e+00 -1.723803e+00
 7.550683e-01 -1.419241e+00 -1.469427e+00
 6.698398e-01 -1.574650e+00 -1.153090e+00
 5.514793e-01 -1.607572e+00 -7.989783e-01
 4.208153e-01 -1.507997e+00 -4.797341e-01
 2.610469e-01 -1.285578e+00 -2.139377e-01
 9.980186e-02 -9.924369e-01 -6.875483e-02
 2.526402e-02 -6.510555e-01 -2.009940e-02
 -6.609660e-02 -3.742699e-01 -9.800600e-02
 -2.441528e-01 -1.821383e-01 -2.771062e-01
 -5.303073e-01 -6.927021e-02 -5.829961e-01
 -7.162799e-01 -2.952145e-02 -8.304033e-01
 -8.335408e-01 1.148403e-01 -1.205003e+00
 -8.180211e-01 3.380842e-01 -1.531709e+00
 -6.869470e-01 6.210848e-01 -1.770157e+00
 -4.479469e-01 9.125236e-01 -1.895061e+00
 -1.175323e-01 1.154953e+00 -1.898327e+00
 2.418311e-01 1.299603e+00 -1.776125e+00
 5.897758e-01 1.351108e+00 -1.511656e+00
 7.517469e-01 1.426511e+00 -1.383965e+00
 9.471705e-01 1.559879e+00 -1.285296e+00
 1.094857e+00 1.802585e+00 -1.139038e+00
 1.143331e+00 2.085515e+00 -9.049852e-01
 1.086255e+00 2.295699e+00 -6.042152e-01
 9.473368e-01 2.390228e+00 -2.624731e-01
 7.334539e-01 2.356781e+00 7.260594e-02
 4.650298e-01 2.209603e+00 3.212607e-01
 1.888236e-01 1.963429e+00 4.572601e-01
 -5.429074e-02 1.658338e+00 4.626203e-01
 -4.233285e-01 9.017866e-01 2.057482e-01
 -5.425526e-01 7.528852e-01 1.551766e-01
 -6.584596e-01 6.696804e-01 1.307853e-01
 -8.207153e-01 5.882849e-01 1.257236e-01
 -1.543909e+00 2.002088e-01 9.840577e-02
 -1.793899e+00 -6.582145e-02 1.457488e-01
 -1.940209e+00 -3.946426e-01 2.495672e-01
 -1.961300e+00 -7.450221e-01 4.004436e-01
 -1.860833e+00 -1.036671e+00 5.578548e-01
 -1.682630e+00 -1.231603e+00 6.928857e-01
 -1.451877e+00 -1.337193e+00 8.593540e-01
 -1.302766e+00 -1.357869e+00 1.044903e+00
 -1.209140e+00 -1.410610e+00 1.238870e+00
 -1.088737e+00 -1.535211e+00 1.411329e+00
 -9.054049e-01 -1.687874e+00 1.538829e+00
 -6.612951e-01 -1.811538e+00 1.609285e+00
 -3.885669e-01 -1.878392e+00 1.623991e+00
 -8.854411e-02 -1.886890e+00 1.581277e+00
 1.932019e-01 -1.835440e+00 1.478369e+00
 4.249927e-01 -1.725474e+00 1.332772e+00
 5.945284e-01 -1.567967e+00 1.154522e+00
 9.247485e-01 -8.971029e-01 4.926977e-01
 9.703511e-01 -6.655104e-01 3.618344e-01
 1.020474e+00 -4.995075e-01 3.231874e-01
 1.130957e+00 -3.101979e-01 3.059343e-01
 1.384133e+00 -4.206275e-03 3.236085e-01
 1.513971e+00 3.161136e-01 2.933101e-01
 1.547199e+00 6.396475e-01 1.990420e-01
 1.469484e+00 9.324029e-01 8.083797e-02
 1.290320e+00 1.171356e+00 -5.352147e-02
 1.023465e+00 1.336639e+00 -1.800910e-01
 6.116247e-01 1.420460e+00 -3.217132e-01
 3.957893e-01 1.524727e+00 -4.404631e-01
 2.482454e-01 1.701836e+00 -5.440632e-01
 1.351686e-01 1.936923e+00 -7.603119e-01
 1.275264e-01 2.149129e+00 -1.035502e+00
 2.175955e-01 2.290614e+00 -1.346718e+00
 3.881881e-01 2.344877e+00 -1.642530e+00
 6.024326e-01 2.291890e+00 -1.909713e+00
 8.223853e-01 2.132972e+00 -2.121850e+00
 1.036275e+00 1.894994e+00 -2.247317e+00
 1.220353e+00 1.609255e+00 -2.271562e+00
 1.357173e+00 1.311192e+00 -2.194031e+00
 1.434447e+00 1.033529e+00 -2.025628e+00
 1.443887e+00 8.038826e-01 -1.787332e+00
 1.384462e+00 6.442762e-01 -1.506831e+00
 1.006355e+00 4.067975e-01 -6.732902e-01
 8.462848e-01 3.593981e-01 -4.800053e-01
 5.751481e-01 4.048809e-01 -1.766467e-01
 5.040993e-01 4.750569e-01 9.002910e-02
 5.874418e-01 7.578535e-01 6.160657e-01
 5.523079e-01 8.384523e-01 9.554739e-01
 4.546158e-01 8.042484e-01 1.328406e+00
 3.230751e-01 6.488873e-01 1.653001e+00
 1.775731e-01 4.183522e-01 1.861528e+00
 1.147403e-02 1.256097e-01 1.955053e+00
 -1.330271e-01 -2.189774e-01 1.926080e+00
 -2.425832e-01 -5.784807e-01 1.755305e+00
 -2.908513e-01 -8.437892e-01 1.480196e+00
 -2.782168e-01 -1.031523e+00 1.057569e+00
 -3.045324e-01 -1.226112e+00 8.263091e-01
 -3.706248e-01 -1.533568e+00 6.611445e-01
 -5.490091e-01 -1.878742e+00 5.952372e-01
 -8.224015e-01 -2.157604e+00 6.344471e-01
 -1.145652e+00 -2.324319e+00 7.617944e-01
 -1.482136e+00 -2.360742e+00 9.552882e-01
 -1.781663e+00 -2.255847e+00 1.169962e+00
 -2.012342e+00 -2.027461e+00 1.364836e+00
 -2.147258e+00 -1.710376e+00 1.508875e+00
 -2.165461e+00 -1.348269e+00 1.595617e+00
 -2.068731e+00 -9.949214e-01 1.611866e+00
 -1.887788e+00 -6.842215e-01 1.533025e+00
 -1.653179e+00 -4.612836e-01 1.373267e+00
 -1.390587e+00 -3.510193e-01 1.157129e+00
 -1.156186e+00 -3.596962e-01 9.097916e-01
 -9.930676e-01 -4.595001e-01 6.518088e-01
 -9.446791e-01 -5.821446e-01 4.036293e-01
 -9.788407e-01 -8.316892e-01 4.024148e-02
 -8.882567e-01 -1.003796e+00 -3.452696e-01
 -7.312931e-01 -1.064233e+00 -6.401898e-01
 -5.148514e-01 -1.040203e+00 -8.742480e-01
 -2.763891e-01 -9.502044e-01 -1.020850e+00
 -1.509825e-02 -8.037893e-01 -1.078822e+00
 2.116548e-01 -6.683433e-01 -1.035931e+00
 4.434314e-01 -5.944262e-01 -9.451566e-01
 7.153202e-01 -5.952195e-01 -8.462531e-01
 1.463998e+00 -8.344280e-01 -5.241528e-01
 1.705546e+00 -9.027784e-01 -3.072454e-01
 1.874832e+00 -9.299213e-01 -2.240995e-02
 1.953681e+00 -9.111578e-01 2.994549e-01
 1.934646e+00 -8.374187e-01 6.522691e-01
 1.816646e+00 -7.199944e-01 9.481861e-01
 1.611088e+00 -5.762794e-01 1.169563e+00
