 4.172815e-01 -1.480257e+00 -1.166630e+00
 3.765506e-01 -1.164022e+00 -1.505190e+00
 2.130455e-01 -8.142694e-01 -1.674948e+00
 -2.478548e-03 -6.360751e-01 -1.753453e+00
 -2.707164e-01 -5.197111e-01 -1.818921e+00
 -5.163062e-01 -4.780097e-01 -1.849083e+00
 -9.250175e-01 -4.991168e-01 -1.854925e+00
 -1.292316e+00 -5.208802e-01 -1.829168e+00
 -1.535112e+00 -4.977355e-01 -1.757394e+00
 -1.734654e+00 -4.458325e-01 -1.650725e+00
 -1.888416e+00 -3.753358e-01 -1.524511e+00
 -1.998649e+00 -2.952801e-01 -1.391598e+00
 -2.097685e+00 -1.838466e-01 -1.213550e+00
 -2.143180e+00 -8.974816e-02 -1.056213e+00
 -2.153250e+00 8.892119e-03 -8.912784e-01
 -2.121240e+00 1.057525e-01 -7.340319e-01
 -2.064938e+00 1.896326e-01 -6.235467e-01
 -1.978208e+00 2.932641e-01 -5.282026e-01
 -1.880566e+00 4.320118e-01 -4.511128e-01
 -1.812880e+00 6.117796e-01 -3.863102e-01
 -1.742806e+00 8.955429e-01 -3.409583e-01
 -1.585866e+00 1.149103e+00 -2.827615e-01
 -1.338641e+00 1.371851e+00 -1.724226e-01
 -1.065451e+00 1.497116e+00 -2.317249e-02
 -7.563762e-01 1.516135e+00 1.302718e-01
 -4.796897e-01 1.429511e+00 2.497515e-01
 -2.297014e-01 1.221496e+00 3.497369e-01
 -7.746408e-02 9.500992e-01 4.262477e-01
 -8.368290e-03 5.749757e-01 4.901599e-01
 -1.017335e-01 2.425848e-01 6.858592e-01
 -4.080874e-01 -4.074298e-02 1.000886e+00
 -5.353511e-01 -2.261727e-01 1.322979e+00
 -4.742527e-01 -4.787417e-01 1.735155e+00
 -1.959470e-01 -7.307727e-01 2.055495e+00
 2.124272e-01 -9.410305e-01 2.174600e+00
 7.411103e-01 -1.011621e+00 2.108473e+00
 1.194589e+00 -8.700077e-01 1.892809e+00
 1.431762e+00 -5.897297e-01 1.648246e+00
 1.493258e+00 -2.447981e-01 1.533880e+00
 1.563643e+00 -6.335154e-03 1.537659e+00
 1.657278e+00 3.786453e-01 1.646863e+00
 1.654425e+00 7.527796e-01 1.638443e+00
 1.620889e+00 1.090236e+00 1.504583e+00
 1.544361e+00 1.333406e+00 1.297290e+00
 1.412704e+00 1.487030e+00 1.048228e+00
 1.252861e+00 1.542447e+00 7.570083e-01
 1.101991e+00 1.490439e+00 4.623103e-01
 9.586082e-01 1.338016e+00 1.990166e-01
 7.225930e-01 8.951344e-01 -1.826188e-01
 5.723462e-01 6.822657e-01 -3.541681e-01
 5.249892e-01 5.541435e-01 -4.818773e-01
 5.122449e-01 4.567614e-01 -6.558785e-01
 5.192507e-01 3.925313e-01 -9.382094e-01
 7.373899e-01 4.876885e-03 -2.042362e+00
 7.077331e-01 -2.201780e-01 -2.366919e+00
 5.611458e-01 -5.389882e-01 -2.612567e+00
 3.066475e-01 -9.050895e-01 -2.704960e+00
 -8.883314e-03 -1.240674e+00 -2.596684e+00
 -3.118336e-01 -1.463634e+00 -2.296549e+00
 -5.438289e-01 -1.516466e+00 -1.856825e+00
 -6.265413e-01 -1.407890e+00 -1.428874e+00
 -5.746480e-01 -1.164564e+00 -1.077789e+00
 -4.091762e-01 -9.188240e-01 -8.690227e-01
 -2.969177e-01 -7.389074e-01 -7.922136e-01
 -2.195687e-01 -6.545212e-01 -7.693508e-01
 -1.243454e-01 -5.903727e-01 -7.483154e-01
 -1.662129e-02 -5.502164e-01 -7.281141e-01
 9.752245e-02 -5.363489e-01 -7.080006e-01
 4.549127e-01 -5.715172e-01 -6.697281e-01
 6.734828e-01 -5.883730e-01 -7.035379e-01
 1.200761e+00 -7.288757e-01 -8.809213e-01
 1.620725e+00 -7.154915e-01 -8.848371e-01
 1.991293e+00 -5.981746e-01 -7.681285e-01
 2.271264e+00 -3.968405e-01 -5.516793e-01
 2.413746e+00 -1.415273e-01 -3.058646e-01
 2.415307e+00 1.327110e-01 -6.132962e-02
 2.286846e+00 3.678497e-01 1.695414e-01
 2.022730e+00 5.361234e-01 4.082675e-01
 1.693188e+00 5.900245e-01 5.923709e-01
 1.191138e+00 5.091226e-01 7.357200e-01
 9.107220e-01 5.969299e-01 9.564468e-01
 6.775670e-01 7.768489e-01 1.202004e+00
 4.640128e-01 8.670639e-01 1.334225e+00
 1.918071e-01 9.123510e-01 1.432133e+00
 -1.254360e-01 9.362632e-01 1.452448e+00
 -4.396532e-01 9.474095e-01 1.375894e+00
 -7.374910e-01 9.168943e-01 1.201039e+00
 -9.400688e-01 8.399572e-01 9.720082e-01
 -1.040365e+00 7.242222e-01 7.295839e-01
 -1.048179e+00 5.872173e-01 4.269185e-01
 -9.489157e-01 4.684630e-01 1.213299e-01
 -8.337294e-01 4.800866e-01 -9.965765e-02
 -5.870133e-01 6.822252e-01 -4.449543e-01
 -1.922935e-01 1.198091e+00 -8.613290e-01
 2.636779e-01 1.395997e+00 -1.027203e+00
 7.264108e-01 1.383961e+00 -1.095075e+00
 1.101646e+00 1.217576e+00 -1.075824e+00
 1.361653e+00 9.642804e-01 -9.742710e-01
 1.502364e+00 6.659529e-01 -8.062399e-01
 1.522702e+00 3.558078e-01 -5.661321e-01
 1.387724e+00 2.703865e-02 -2.091390e-01
 1.420659e+00 -2.124984e-01 -1.106354e-03
 1.654513e+00 -4.405033e-01 3.479647e-01
 2.272528e+00 -5.318803e-01 9.483306e-01
 2.435334e+00 -5.125825e-01 1.265623e+00
 2.482419e+00 -4.669987e-01 1.611936e+00
 2.416109e+00 -4.008154e-01 1.941315e+00
 2.251272e+00 -3.173795e-01 2.220551e+00
 2.005343e+00 -2.353295e-01 2.427338e+00
 1.715330e+00 -1.658487e-01 2.537906e+00
 1.410161e+00 -8.602384e-02 2.547045e+00
 1.117181e+00 -1.337526e-02 2.456826e+00
 8.441414e-01 2.503651e-02 2.267574e+00
 6.579912e-01 2.267533e-02 2.035015e+00
 5.279738e-01 -4.347901e-02 1.772533e+00
 4.855761e-01 -1.677227e-01 1.522635e+00
 4.880999e-01 -3.959362e-01 1.309296e+00
 4.111463e-01 -6.384367e-01 1.196356e+00
 2.338773e-01 -9.541411e-01 1.135700e+00
 -1.553499e-01 -1.348887e+00 1.135977e+00
 -5.303929e-01 -1.594730e+00 9.489527e-01
 -8.432327e-01 -1.700648e+00 6.534378e-01
 -1.083757e+00 -1.672152e+00 3.179136e-01
 -1.252361e+00 -1.521682e+00 -1.181593e-02
 -1.345022e+00 -1.277773e+00 -2.819984e-01
 -1.373232e+00 -1.008053e+00 -4.532928e-01
 -1.345929e+00 -6.739928e-01 -5.789486e-01
 -1.280896e+00 -4.656367e-01 -6.618320e-01
 -1.112284e+00 -1.059069e-01 -8.983086e-01
 -1.165186e+00 2.629610e-01 -1.166580e+00
 -1.439848e+00 5.900384e-01 -1.369682e+00
 -1.851667e+00 8.563773e-01 -1.389462e+00
 -2.277681e+00 9.940495e-01 -1.225426e+00
 -2.594978e+00 1.012895e+00 -9.225821e-01
 -2.769057e+00 9.393327e-01 -5.430451e-01
 -2.797844e+00 7.967530e-01 -1.868529e-01
 -2.710760e+00 6.096665e-01 1.099813e-01
 -2.537062e+00 4.001391e-01 3.228864e-01
 -2.297935e+00 1.914952e-01 4.417099e-01
 -1.485133e+00 -3.211058e-01 5.001159e-01
 -6.064613e-02 -1.055293e+00 1.412097e-01
 1.287763e-01 -1.413157e+00 -1.065971e-01
 3.383534e-01 -1.600831e+00 -6.472266e-01
