 7.027845e-01 8.380436e-01 1.615665e+00
 3.576754e-01 6.238192e-01 1.802485e+00
 4.789232e-02 3.661464e-01 1.830117e+00
 -1.653261e-01 1.647613e-01 1.732894e+00
 -3.315718e-01 4.675908e-02 1.675438e+00
 -5.767171e-01 -8.256924e-02 1.693937e+00
 -9.104239e-01 -1.179152e-01 1.737760e+00
 -1.261472e+00 -1.641909e-02 1.733280e+00
 -1.579828e+00 2.108553e-01 1.635653e+00
 -1.792456e+00 5.132438e-01 1.430749e+00
 -1.855076e+00 7.915105e-01 1.148439e+00
 -1.778301e+00 9.997716e-01 8.153092e-01
 -1.577693e+00 1.109170e+00 4.834084e-01
 -1.290224e+00 1.108504e+00 2.146422e-01
 -9.543979e-01 1.012403e+00 4.975972e-02
 -4.823060e-01 6.970601e-01 -6.466385e-02
 -2.227994e-01 6.113334e-01 -1.453015e-01
 2.624914e-02 6.196024e-01 -2.181306e-01
 3.107021e-01 7.267670e-01 -3.511448e-01
 5.566169e-01 9.135108e-01 -4.623934e-01
 1.380522e+00 1.425234e+00 -5.771988e-01
 1.711453e+00 1.497999e+00 -6.268162e-01
 2.045925e+00 1.456582e+00 -6.889784e-01
 2.345354e+00 1.306129e+00 -7.598764e-01
 2.575267e+00 1.064645e+00 -8.346541e-01
 2.710837e+00 7.595324e-01 -8.998482e-01
 2.737311e+00 4.253623e-01 -9.505543e-01
 2.654326e+00 1.048528e-01 -9.784326e-01
 2.476916e+00 -1.762255e-01 -9.608126e-01
 2.219598e+00 -3.865079e-01 -9.132972e-01
 1.906950e+00 -5.021529e-01 -8.680236e-01
 1.583754e+00 -5.057676e-01 -8.266934e-01
 1.268741e+00 -4.050927e-01 -8.233879e-01
 1.076903e+00 -2.572878e-01 -8.513564e-01
 9.207883e-01 -1.020704e-01 -9.288104e-01
 7.000377e-01 7.301199e-02 -1.169881e+00
 4.367658e-01 2.550111e-01 -1.714269e+00
 1.152415e-01 3.128986e-01 -1.993645e+00
 -3.307124e-01 3.230638e-01 -2.133216e+00
 -7.634365e-01 2.990960e-01 -2.068437e+00
 -1.113501e+00 2.116671e-01 -1.835350e+00
 -1.301206e+00 4.301499e-02 -1.571170e+00
 -1.368187e+00 -1.356241e-01 -1.433308e+00
 -1.465549e+00 -3.079001e-01 -1.344100e+00
 -1.640812e+00 -4.532365e-01 -1.194105e+00
 -1.820879e+00 -5.358797e-01 -9.716158e-01
 -1.946304e+00 -5.580334e-01 -7.016171e-01
 -1.991816e+00 -5.348680e-01 -3.810179e-01
 -1.959275e+00 -4.653072e-01 -9.282431e-02
 -1.856565e+00 -3.490571e-01 1.657408e-01
 -1.689611e+00 -1.987649e-01 3.712521e-01
 -1.052516e+00 2.780025e-01 7.608505e-01
 -9.381256e-01 3.945052e-01 8.593953e-01
 -8.606739e-01 5.799270e-01 9.838230e-01
 -8.329292e-01 7.598218e-01 1.164214e+00
 -8.327086e-01 8.791843e-01 1.399773e+00
 -8.448011e-01 9.226658e-01 1.704664e+00
 -8.383972e-01 8.665615e-01 2.027429e+00
 -7.961830e-01 7.253554e-01 2.300649e+00
 -7.129744e-01 5.225213e-01 2.510995e+00
 -5.914636e-01 2.733589e-01 2.646259e+00
 -4.345978e-01 9.939660e-03 2.695868e+00
 -2.759525e-01 -2.393244e-01 2.654805e+00
 -1.250650e-01 -4.621724e-01 2.531025e+00
 9.028250e-03 -6.399586e-01 2.336947e+00
 1.142289e-01 -7.599492e-01 2.089597e+00
 3.665302e-01 -9.635552e-01 1.034240e+00
 3.546063e-01 -1.022506e+00 7.692929e-01
 3.032713e-01 -1.153818e+00 5.373056e-01
 1.844247e-01 -1.280992e+00 3.532479e-01
 -2.371255e-02 -1.366566e+00 1.720699e-01
 -2.545864e-01 -1.379329e+00 2.892277e-02
 -4.607062e-01 -1.314215e+00 -9.878832e-02
 -6.561146e-01 -1.164805e+00 -2.336603e-01
 -8.394211e-01 -9.160652e-01 -3.536122e-01
 -9.447835e-01 -6.409546e-01 -4.206110e-01
 -1.014575e+00 -2.446129e-01 -4.167267e-01
 -1.145948e+00 4.460883e-02 -4.500885e-01
 -1.390348e+00 2.839473e-01 -5.062494e-01
 -1.696717e+00 4.330044e-01 -6.556958e-01
 -1.992458e+00 4.710732e-01 -9.025534e-01
 -2.213170e+00 3.963974e-01 -1.223754e+00
 -2.315286e+00 2.259599e-01 -1.569081e+00
 -2.275792e+00 -1.633414e-03 -1.891601e+00
 -2.098724e+00 -2.480025e-01 -2.146264e+00
 -1.811196e+00 -4.791047e-01 -2.292975e+00
 -1.453787e+00 -6.575052e-01 -2.310170e+00
 -1.081079e+00 -7.578252e-01 -2.190960e+00
 -7.496307e-01 -7.476582e-01 -1.964936e+00
 -5.103273e-01 -6.263897e-01 -1.679658e+00
 -3.913993e-01 -4.114995e-01 -1.416438e+00
 -3.697629e-01 -1.250576e-01 -1.184062e+00
 -3.984004e-01 2.208911e-01 -1.097595e+00
 -4.335959e-01 7.089124e-01 -1.142311e+00
 -3.999907e-01 1.099937e+00 -1.028746e+00
 -3.088013e-01 1.439621e+00 -7.590224e-01
 -1.816101e-01 1.629742e+00 -4.057835e-01
 -5.312877e-02 1.636715e+00 -3.020565e-02
 5.413746e-02 1.461246e+00 3.703950e-01
 9.917285e-02 1.162325e+00 6.583838e-01
 9.604916e-02 8.387518e-01 7.863765e-01
 1.712619e-01 4.886666e-01 7.973206e-01
 3.439602e-01 1.820602e-01 8.636042e-01
 4.997771e-01 4.918691e-02 9.688876e-01
 8.685706e-01 -6.585574e-02 1.125243e+00
 1.182888e+00 -7.840309e-02 1.155622e+00
 1.520645e+00 -3.186689e-02 1.065913e+00
 1.810991e+00 2.809722e-02 8.493594e-01
 2.017006e+00 1.137783e-01 5.239767e-01
 2.087479e+00 2.236100e-01 1.712724e-01
 2.024345e+00 3.532393e-01 -1.747250e-01
 1.820472e+00 4.621658e-01 -5.074548e-01
 1.742700e+00 4.870845e-01 -7.103294e-01
 1.719265e+00 5.171685e-01 -9.909663e-01
 1.718289e+00 4.199344e-01 -1.295312e+00
 1.642660e+00 1.594673e-01 -1.610871e+00
 1.493085e+00 -1.525294e-01 -1.793583e+00
 1.255530e+00 -4.840512e-01 -1.841638e+00
 9.670506e-01 -7.391772e-01 -1.749039e+00
 6.648029e-01 -9.200801e-01 -1.512004e+00
 4.388387e-01 -9.809558e-01 -1.184228e+00
 2.692459e-01 -8.921969e-01 -8.203564e-01
 1.077262e-01 -4.959893e-01 -3.379710e-01
 -1.929228e-02 -3.770945e-01 -6.538980e-02
 -1.951132e-01 -3.416639e-01 2.039779e-01
 -4.043823e-01 -4.271461e-01 4.272323e-01
 -5.792356e-01 -6.310714e-01 6.420305e-01
 -6.552076e-01 -9.153878e-01 8.447651e-01
 -6.163245e-01 -1.260301e+00 9.967162e-01
 -4.519476e-01 -1.575718e+00 1.095869e+00
 -1.736558e-01 -1.823214e+00 1.148036e+00
 1.740190e-01 -1.963285e+00 1.147706e+00
 5.364460e-01 -1.980911e+00 1.093704e+00
 8.721742e-01 -1.882958e+00 9.801731e-01
 1.136593e+00 -1.681707e+00 8.238689e-01
 1.295977e+00 -1.402717e+00 6.467242e-01
 1.330152e+00 -1.082301e+00 4.737218e-01
 1.125052e+00 -3.488807e-01 1.716032e-01
 1.076869e+00 5.056040e-02 1.188209e-01
 1.067084e+00 2.922930e-01 1.645013e-01
 1.116263e+00 5.580793e-01 3.139403e-01
 1.132673e+00 8.103431e-01 6.267487e-01
 1.091429e+00 9.296972e-01 1.002084e+00
 9.516664e-01 9.278733e-01 1.343866e+00
