 1.648208e+00 6.093811e-02 9.443142e-01
 1.643124e+00 4.820427e-01 1.396605e+00
 1.373822e+00 9.159691e-01 1.638157e+00
 8.822218e-01 1.290789e+00 1.600834e+00
 3.273021e-01 1.426352e+00 1.281453e+00
 -4.934235e-02 1.254509e+00 7.962024e-01
 -1.781951e-01 5.528719e-01 -1.164965e-02
 -2.233696e-01 4.748504e-01 -2.549436e-01
 -2.193165e-01 4.761966e-01 -6.340923e-01
 -5.490927e-02 5.047530e-01 -9.807027e-01
 2.651389e-01 5.529562e-01 -1.248967e+00
 6.587581e-01 5.210809e-01 -1.376754e+00
 1.056067e+00 4.120007e-01 -1.353555e+00
 1.601053e+00 2.526985e-01 -1.079175e+00
 1.997721e+00 2.556644e-01 -1.041744e+00
 2.332469e+00 4.293475e-01 -1.008520e+00
 2.579806e+00 7.011477e-01 -8.808392e-01
 2.707855e+00 9.878808e-01 -6.449016e-01
 2.708550e+00 1.225509e+00 -3.360064e-01
 2.562659e+00 1.405236e+00 3.076186e-02
 2.305284e+00 1.479485e+00 3.303930e-01
 1.965599e+00 1.451220e+00 5.424500e-01
 1.604089e+00 1.325785e+00 6.340254e-01
 1.085949e+00 9.456768e-01 6.184583e-01
 8.198475e-01 6.640006e-01 7.427409e-01
 6.960357e-01 5.006716e-01 9.162820e-01
 5.808834e-01 2.188376e-01 1.398759e+00
 3.656471e-01 -1.673486e-01 1.656530e+00
 3.474662e-02 -5.738783e-01 1.670346e+00
 -2.875837e-01 -9.142532e-01 1.417104e+00
 -7.431485e-01 -1.181015e+00 6.392760e-01
 -9.304135e-01 -1.194060e+00 2.812054e-01
 -9.793721e-01 -1.236829e+00 -9.136599e-03
 -9.743427e-01 -1.346565e+00 -2.759570e-01
 -8.363418e-01 -1.453485e+00 -5.678723e-01
 -5.626704e-01 -1.424214e+00 -8.806604e-01
 -2.518027e-01 -1.268695e+00 -1.098786e+00
 8.006198e-02 -1.030993e+00 -1.180556e+00
 3.637197e-01 -7.606964e-01 -1.116384e+00
 5.621571e-01 -4.826631e-01 -9.253921e-01
 6.695794e-01 -1.610648e-02 -4.800011e-01
 8.063389e-01 4.004555e-01 -3.418393e-01
 7.182327e-01 9.017297e-01 -3.886574e-01
 3.970356e-01 1.303068e+00 -4.695437e-01
 -6.460668e-02 1.492446e+00 -4.996214e-01
 -5.642155e-01 1.450068e+00 -4.160967e-01
 -9.990774e-01 1.160349e+00 -2.458821e-01
 -1.204506e+00 7.380287e-01 -4.890576e-02
 -1.140473e+00 6.447659e-02 2.589795e-01
 -1.205315e+00 -2.522315e-01 5.445934e-01
 -1.339043e+00 -4.169023e-01 1.004836e+00
 -1.692301e+00 -3.444329e-01 1.466929e+00
 -2.179298e+00 -6.007288e-02 1.689196e+00
 -2.651492e+00 3.181324e-01 1.564894e+00
 -2.962982e+00 6.166573e-01 1.122216e+00
 -2.992416e+00 7.445734e-01 5.149798e-01
 -2.735612e+00 6.455054e-01 -3.928117e-02
 -2.323993e+00 3.125401e-01 -3.604150e-01
 -1.972940e+00 -8.319132e-02 -3.339594e-01
 -1.881402e+00 -4.998410e-01 -1.760383e-01
 -2.012667e+00 -1.389695e+00 9.084464e-02
 -1.721195e+00 -1.938375e+00 2.349553e-01
 -1.154720e+00 -2.233834e+00 2.859518e-01
 -5.312389e-01 -2.172353e+00 2.073361e-01
 -5.605961e-02 -1.758929e+00 7.013422e-02
 6.922419e-02 -1.136516e+00 -9.445076e-02
 -1.359624e-01 -7.253786e-01 -2.255209e-01
 -3.418802e-01 -5.316555e-01 -3.741198e-01
 -7.412278e-01 -4.125530e-01 -6.694989e-01
 -1.505518e+00 -6.301519e-01 -1.117186e+00
 -1.823290e+00 -7.122702e-01 -1.176167e+00
 -2.156230e+00 -7.575859e-01 -1.129559e+00
 -2.460239e+00 -7.588443e-01 -9.831745e-01
 -2.702023e+00 -7.158635e-01 -7.557727e-01
 -2.856930e+00 -6.335259e-01 -4.745069e-01
 -2.909221e+00 -5.303431e-01 -1.682086e-01
 -2.855444e+00 -4.286297e-01 1.339925e-01
 -2.704193e+00 -3.120106e-01 4.019344e-01
 -2.487041e+00 -1.702313e-01 5.805363e-01
 -2.304129e+00 -4.267034e-02 6.403480e-01
 -2.170003e+00 1.042756e-01 6.550207e-01
 -2.059920e+00 2.874174e-01 6.949971e-01
 -1.877435e+00 4.870968e-01 8.456965e-01
 -1.600284e+00 6.047680e-01 1.019821e+00
 -1.175221e+00 6.173477e-01 1.137704e+00
 -7.631863e-01 4.714541e-01 1.150677e+00
 -4.466252e-01 2.105692e-01 1.055707e+00
 -2.226458e-01 -6.365488e-02 8.063618e-01
 9.251144e-03 -2.538024e-01 6.578350e-01
 2.646579e-01 -4.463933e-01 6.657588e-01
 9.904356e-01 -9.681389e-01 8.173283e-01
 1.365276e+00 -1.073820e+00 8.206281e-01
 1.747025e+00 -1.049320e+00 7.550234e-01
 2.106274e+00 -8.834384e-01 6.316514e-01
 2.349632e+00 -6.146901e-01 4.841942e-01
 2.455383e+00 -2.839947e-01 3.264827e-01
 2.412664e+00 6.290039e-02 1.714624e-01
 2.245406e+00 3.557058e-01 6.128157e-02
 1.838681e+00 6.765248e-01 -1.309975e-01
 1.731515e+00 9.019450e-01 -2.939178e-01
 1.697329e+00 1.137894e+00 -5.452930e-01
 1.721604e+00 1.274762e+00 -9.812516e-01
 1.814332e+00 1.212640e+00 -1.431705e+00
 1.893990e+00 9.715695e-01 -1.787743e+00
 1.917149e+00 5.889210e-01 -2.021651e+00
 1.905227e+00 1.491381e-01 -2.073610e+00
 1.875466e+00 -2.683690e-01 -1.937394e+00
 1.830168e+00 -5.869986e-01 -1.642922e+00
 1.774329e+00 -7.523057e-01 -1.247461e+00
 1.715577e+00 -7.394691e-01 -8.304436e-01
 1.419029e+00 -2.199973e-01 2.596373e-01
 1.425422e+00 -1.281502e-01 4.335668e-01
