 3.300843e-02 1.547057e+00 -9.247225e-01
 -3.583111e-01 1.544580e+00 -1.019465e+00
 -7.358810e-01 1.396972e+00 -1.032803e+00
 -1.029620e+00 1.124522e+00 -9.990614e-01
 -1.200021e+00 7.734836e-01 -9.115917e-01
 -1.221753e+00 4.475027e-01 -7.993647e-01
 -1.140563e+00 3.279573e-03 -4.640330e-01
 -1.145867e+00 -2.981517e-01 -3.211616e-01
 -1.268416e+00 -7.636651e-01 -3.005651e-01
 -1.304432e+00 -1.145292e+00 -1.274241e-01
 -1.243409e+00 -1.467597e+00 1.913288e-01
 -1.122371e+00 -1.613353e+00 5.276602e-01
 -9.302081e-01 -1.610351e+00 8.743685e-01
 -6.629257e-01 -1.443795e+00 1.199558e+00
 -4.223279e-01 -1.162071e+00 1.388481e+00
 -2.267942e-01 -7.994221e-01 1.436595e+00
 -1.115864e-01 -4.181706e-01 1.339533e+00
 -4.196306e-03 4.153779e-01 7.421149e-01
 9.034372e-02 8.831830e-01 7.690314e-01
 3.076428e-01 1.235970e+00 9.228081e-01
 6.843920e-01 1.438725e+00 1.152816e+00
 1.126378e+00 1.418383e+00 1.372672e+00
 1.515570e+00 1.204164e+00 1.484586e+00
 1.825373e+00 8.682772e-01 1.443410e+00
 1.990084e+00 4.703568e-01 1.260506e+00
 1.955031e+00 6.786440e-02 9.966656e-01
 1.611929e+00 -3.872901e-01 5.243210e-01
 1.581334e+00 -6.484020e-01 3.023977e-01
 1.687075e+00 -1.154377e+00 6.470304e-02
 1.687667e+00 -1.426686e+00 -1.955912e-01
 1.607023e+00 -1.607234e+00 -5.236537e-01
 1.452805e+00 -1.677880e+00 -8.365018e-01
 1.244266e+00 -1.639653e+00 -1.117980e+00
 1.006772e+00 -1.495072e+00 -1.335606e+00
 7.729526e-01 -1.256630e+00 -1.467188e+00
 5.755980e-01 -9.119855e-01 -1.505925e+00
 4.905982e-01 -5.577164e-01 -1.447277e+00
 5.373642e-01 -2.317128e-01 -1.329185e+00
 7.067779e-01 3.559560e-02 -1.235559e+00
 1.007293e+00 4.146270e-01 -1.311655e+00
 1.292531e+00 6.788926e-01 -1.231215e+00
 1.537112e+00 9.339585e-01 -9.981945e-01
 1.654192e+00 1.107356e+00 -6.943551e-01
 1.674647e+00 1.177098e+00 -3.303557e-01
 1.594889e+00 1.111855e+00 1.175006e-01
 1.418563e+00 9.317842e-01 4.588949e-01
 1.137591e+00 6.326841e-01 6.978065e-01
 1.045904e+00 5.241870e-01 8.411913e-01
 9.647803e-01 4.250877e-01 1.093169e+00
 8.259817e-01 4.310429e-01 1.369998e+00
 6.667509e-01 4.943947e-01 1.566081e+00
 4.511708e-01 5.810952e-01 1.704004e+00
 1.891949e-01 6.658920e-01 1.772389e+00
 -9.196858e-02 7.255307e-01 1.760456e+00
 -3.596014e-01 7.499467e-01 1.678270e+00
 -6.004894e-01 7.456439e-01 1.527911e+00
 -7.991875e-01 7.173450e-01 1.313131e+00
 -9.298588e-01 6.655710e-01 1.063993e+00
 -1.012996e+00 6.257184e-01 6.822316e-01
 -1.167332e+00 6.786988e-01 3.574776e-01
 -1.294473e+00 7.742074e-01 2.021927e-01
 -1.518192e+00 8.966867e-01 5.870219e-02
 -1.853730e+00 9.611606e-01 -3.163113e-02
 -2.200868e+00 9.439260e-01 -2.920710e-02
 -2.525041e+00 8.286025e-01 4.062025e-02
 -2.789651e+00 6.185216e-01 1.647020e-01
 -2.950083e+00 3.359071e-01 3.022889e-01
 -2.992248e+00 1.838072e-02 4.511416e-01
 -2.911688e+00 -2.906643e-01 6.007322e-01
 -2.720330e+00 -5.531461e-01 7.335142e-01
 -2.440928e+00 -7.387846e-01 8.360547e-01
 -2.106065e+00 -8.269214e-01 8.938716e-01
 -1.756277e+00 -8.080453e-01 8.975356e-01
 -1.278520e+00 -6.396709e-01 8.006572e-01
 -9.926256e-01 -5.976782e-01 6.908124e-01
 -7.577649e-01 -6.320961e-01 5.780764e-01
 -5.425988e-01 -7.451285e-01 4.440792e-01
 -2.606573e-01 -1.087080e+00 2.480390e-01
 -8.667864e-02 -1.218214e+00 1.089153e-01
 9.826623e-02 -1.282939e+00 -2.952634e-02
 3.017370e-01 -1.286333e+00 -1.633072e-01
 5.110629e-01 -1.222713e+00 -3.017745e-01
 6.999958e-01 -1.095457e+00 -4.247917e-01
 9.842219e-01 -7.819111e-01 -5.803289e-01
 1.154767e+00 -7.086158e-01 -6.849430e-01
 1.363032e+00 -6.565962e-01 -8.725903e-01
 1.497824e+00 -5.977995e-01 -1.161804e+00
 1.523706e+00 -5.222779e-01 -1.486618e+00
 1.441086e+00 -4.146700e-01 -1.800925e+00
 1.272334e+00 -2.792453e-01 -2.049031e+00
 1.034651e+00 -1.119687e-01 -2.213069e+00
 7.624559e-01 7.732710e-02 -2.272812e+00
 4.908843e-01 2.715753e-01 -2.218839e+00
 2.315047e-01 4.369336e-01 -2.051671e+00
 1.791992e-02 5.433258e-01 -1.790897e+00
 -1.203024e-01 5.797349e-01 -1.466068e+00
 -1.737212e-01 5.407700e-01 -9.810673e-01
 -1.894163e-01 5.555196e-01 -8.248137e-01
 -2.502041e-01 6.096225e-01 -5.723832e-01
 -3.106202e-01 7.235616e-01 -3.912631e-01
 -3.433846e-01 9.218328e-01 -2.027425e-01
 -4.267407e-01 1.305734e+00 1.983646e-02
 -6.462576e-01 1.567595e+00 3.074225e-01
 -9.804410e-01 1.671517e+00 5.911701e-01
 -1.374586e+00 1.589467e+00 8.248676e-01
 -1.717522e+00 1.338490e+00 9.662530e-01
 -1.950617e+00 9.423557e-01 9.982203e-01
 -2.033634e+00 5.180157e-01 8.916598e-01
 -1.999836e+00 1.896082e-01 6.657945e-01
 -1.969907e+00 4.946582e-02 3.975235e-01
 -2.010459e+00 -4.430915e-02 1.824925e-01
 -2.150849e+00 -1.352879e-01 -2.367066e-01
 -2.135086e+00 -2.215758e-01 -5.990954e-01
 -1.992983e+00 -3.311490e-01 -9.241229e-01
 -1.748576e+00 -4.387703e-01 -1.164979e+00
 -1.426464e+00 -5.110288e-01 -1.303020e+00
 -1.060929e+00 -5.597736e-01 -1.318192e+00
 -7.065275e-01 -5.852348e-01 -1.201425e+00
 -4.192649e-01 -5.669564e-01 -9.778640e-01
 1.930405e-01 -2.527934e-01 -1.444993e-01
 3.379146e-01 -2.831851e-01 8.002750e-02
 4.985089e-01 -4.056713e-01 2.941761e-01
 6.938566e-01 -7.860736e-01 7.987602e-01
 9.220308e-01 -9.815754e-01 1.017471e+00
 1.240156e+00 -1.117371e+00 1.153504e+00
 1.603444e+00 -1.174015e+00 1.190025e+00
 1.962172e+00 -1.144367e+00 1.125421e+00
 2.288167e+00 -1.038798e+00 9.530884e-01
 2.502063e+00 -8.902436e-01 7.139423e-01
 2.601471e+00 -6.909470e-01 4.385611e-01
 2.576024e+00 -4.403352e-01 1.508716e-01
 2.424783e+00 -2.063285e-01 -8.740120e-02
 2.166168e+00 -1.432267e-02 -2.614918e-01
 1.837726e+00 1.107157e-01 -3.473787e-01
 1.274759e+00 2.170171e-01 -3.042431e-01
 9.705269e-01 3.971300e-01 -2.929893e-01
 7.757571e-01 6.593323e-01 -3.245742e-01
 6.208045e-01 1.138204e+00 -5.196104e-01
 3.814542e-01 1.408625e+00 -7.409509e-01
