 -1.317961e+00 8.999531e-01 -5.169414e-01
 -1.235700e+00 1.115460e+00 -2.419501e-01
 -1.101402e+00 1.223756e+00 7.042668e-02
 -8.505893e-01 1.218997e+00 4.774955e-01
 -6.771646e-01 1.329572e+00 7.403710e-01
 -5.902396e-01 1.560179e+00 1.035047e+00
 -5.543364e-01 1.938472e+00 1.229974e+00
 -5.477577e-01 2.354505e+00 1.256731e+00
 -5.667032e-01 2.752463e+00 1.111600e+00
 -6.067935e-01 3.061702e+00 8.105270e-01
 -6.232472e-01 3.220275e+00 4.061170e-01
 -6.159186e-01 3.196833e+00 -2.816784e-02
 -5.829362e-01 2.993500e+00 -4.151479e-01
 -5.351344e-01 2.646615e+00 -6.802349e-01
 -4.479559e-01 2.229064e+00 -7.767317e-01
 -3.201147e-01 1.816918e+00 -6.870662e-01
 -1.959098e-01 1.494646e+00 -4.289272e-01
 -3.669868e-02 1.341000e+00 -9.379597e-02
 1.659500e-01 1.332016e+00 1.983246e-01
 4.881518e-01 1.533607e+00 6.575942e-01
 8.236848e-01 1.527368e+00 9.411843e-01
 1.170846e+00 1.340209e+00 1.155134e+00
 1.467468e+00 9.936908e-01 1.256208e+00
 1.631002e+00 6.138092e-01 1.225533e+00
 1.649772e+00 2.268924e-01 1.088758e+00
 1.520215e+00 -1.326028e-01 8.275294e-01
 1.304535e+00 -3.315650e-01 5.277344e-01
 1.011655e+00 -3.754664e-01 2.306162e-01
 6.922526e-01 -2.760555e-01 2.232390e-02
 4.448217e-01 -2.634649e-01 -1.362948e-01
 3.056504e-01 -2.954737e-01 -3.412474e-01
 1.571634e-01 -4.423790e-01 -9.205236e-01
 -2.273166e-01 -7.858073e-01 -1.543545e+00
 -4.238601e-01 -1.127318e+00 -1.762693e+00
 -5.506675e-01 -1.558430e+00 -1.818229e+00
 -5.805683e-01 -1.995809e+00 -1.698216e+00
 -5.065322e-01 -2.354086e+00 -1.423462e+00
 -3.841240e-01 -2.544884e+00 -1.057662e+00
 -1.886973e-01 -2.560941e+00 -6.603775e-01
 1.924360e-02 -2.447676e+00 -4.081899e-01
 2.437070e-01 -2.330242e+00 -3.073469e-01
 4.870805e-01 -2.286562e+00 -2.164343e-01
 7.341241e-01 -2.238101e+00 4.871800e-02
 8.825090e-01 -2.070629e+00 3.575095e-01
 9.270664e-01 -1.766277e+00 6.555882e-01
 8.427607e-01 -1.427762e+00 8.527002e-01
 6.477451e-01 -1.083807e+00 9.358343e-01
 2.596032e-01 -6.565439e-01 8.680652e-01
 -6.986930e-03 -3.083663e-01 7.749712e-01
 -1.838909e-01 -1.343295e-01 8.137757e-01
 -5.130966e-01 1.473113e-01 1.048377e+00
 -1.231464e+00 6.497966e-01 1.264465e+00
 -1.465277e+00 9.372118e-01 1.264985e+00
 -1.604079e+00 1.272731e+00 1.182421e+00
 -1.629708e+00 1.610419e+00 1.024138e+00
 -1.540184e+00 1.900304e+00 8.102045e-01
 -1.315179e+00 2.138191e+00 5.645728e-01
 -1.045166e+00 2.227566e+00 3.636687e-01
 -7.356160e-01 2.210586e+00 2.401633e-01
 -4.829203e-01 2.209326e+00 2.467841e-01
 -2.254973e-01 2.282804e+00 2.456116e-01
 8.637447e-02 2.360164e+00 9.674053e-02
 3.621951e-01 2.308364e+00 -9.827824e-02
 6.489332e-01 2.089407e+00 -3.084288e-01
 8.125329e-01 1.776071e+00 -4.832962e-01
 8.530967e-01 1.400314e+00 -5.945041e-01
 7.703096e-01 8.756651e-01 -5.936324e-01
 8.310072e-01 5.951493e-01 -6.308625e-01
 1.106021e+00 1.385647e-01 -8.176018e-01
 1.214269e+00 -2.135638e-01 -8.467476e-01
 1.213335e+00 -5.659705e-01 -7.999999e-01
 1.109150e+00 -8.738275e-01 -6.921531e-01
 9.221452e-01 -1.110493e+00 -5.199460e-01
 6.996017e-01 -1.243401e+00 -2.926543e-01
 3.280393e-01 -1.291465e+00 -2.501665e-02
 1.163190e-01 -1.404294e+00 1.189692e-01
 -5.595821e-02 -1.619415e+00 3.651422e-01
 -1.196693e-01 -1.968971e+00 5.762571e-01
 -8.459090e-02 -2.370460e+00 6.587146e-01
 3.400820e-02 -2.761421e+00 5.956061e-01
 2.142588e-01 -3.079757e+00 3.919907e-01
 4.083316e-01 -3.272114e+00 7.415230e-02
 5.770519e-01 -3.306721e+00 -3.051378e-01
 6.881464e-01 -3.179810e+00 -6.866384e-01
 7.277855e-01 -2.908433e+00 -1.005743e+00
 6.824005e-01 -2.535881e+00 -1.209889e+00
 5.528896e-01 -2.138181e+00 -1.261262e+00
 3.346133e-01 -1.805825e+00 -1.177684e+00
 1.165436e-01 -1.623825e+00 -1.017154e+00
 -2.013505e-01 -1.545700e+00 -8.387864e-01
 -8.931411e-01 -1.597043e+00 -6.507292e-01
 -1.226970e+00 -1.495349e+00 -5.120974e-01
 -1.488680e+00 -1.278601e+00 -3.530009e-01
 -1.643218e+00 -9.777375e-01 -2.005788e-01
 -1.670281e+00 -6.038732e-01 -3.833916e-02
 -1.548693e+00 -2.652053e-01 8.417916e-02
 -1.317279e+00 -1.199527e-02 1.619777e-01
 -9.825932e-01 1.905782e-01 1.478984e-01
 -7.115241e-01 2.841155e-01 3.665804e-02
 -4.648064e-01 3.971987e-01 -2.080037e-01
 -1.758289e-02 6.383479e-01 -1.207967e+00
 2.366876e-01 7.322523e-01 -1.458556e+00
 5.683512e-01 8.283003e-01 -1.598468e+00
 9.353774e-01 9.144547e-01 -1.605258e+00
 1.321980e+00 9.756183e-01 -1.462102e+00
 1.602061e+00 9.922540e-01 -1.217086e+00
 1.771764e+00 9.708907e-01 -8.871681e-01
 1.804627e+00 9.173410e-01 -5.049637e-01
 1.675482e+00 8.494754e-01 -9.993845e-02
 1.416989e+00 7.777926e-01 1.990956e-01
 9.441299e-01 6.325594e-01 4.314632e-01
 7.243489e-01 5.186080e-01 6.905586e-01
 5.817470e-01 3.485963e-01 1.285793e+00
 4.684908e-01 1.754543e-01 1.537956e+00
 2.589665e-01 -7.707425e-02 1.743856e+00
 1.568712e-02 -3.245920e-01 1.818277e+00
 -2.329728e-01 -5.557302e-01 1.767818e+00
 -4.654727e-01 -7.443801e-01 1.603226e+00
 -6.555276e-01 -8.795812e-01 1.336007e+00
 -7.691806e-01 -9.566608e-01 9.852133e-01
 -7.885147e-01 -9.465138e-01 6.322124e-01
 -6.232599e-01 -7.177614e-01 -1.843315e-01
 -7.459870e-01 -5.872022e-01 -4.868237e-01
 -9.204797e-01 -3.738363e-01 -7.250810e-01
 -1.126657e+00 -7.613887e-02 -8.474302e-01
 -1.271431e+00 2.407244e-01 -8.403501e-01
 -1.339839e+00 6.073723e-01 -7.146684e-01
