 -1.629966e+00 3.578418e-01 7.342012e-01
 -1.531524e+00 1.876706e-01 8.575201e-01
 -1.383117e+00 5.251014e-03 9.390984e-01
 -1.209701e+00 -1.550059e-01 9.689130e-01
 -1.009629e+00 -3.152018e-01 9.379292e-01
 -8.530967e-01 -4.303225e-01 8.654963e-01
 -5.368497e-01 -5.684047e-01 6.911852e-01
 -3.377444e-01 -6.689342e-01 6.689085e-01
 -6.048498e-02 -9.136868e-01 7.330531e-01
 2.812799e-01 -1.301561e+00 9.883639e-01
 6.854703e-01 -1.442173e+00 1.182080e+00
 1.164725e+00 -1.402346e+00 1.266413e+00
 1.570709e+00 -1.186394e+00 1.223426e+00
 1.840454e+00 -8.109053e-01 1.120651e+00
 1.905720e+00 -3.530376e-01 1.019193e+00
 1.790200e+00 -2.624878e-02 9.244771e-01
 1.695765e+00 2.129553e-01 7.458124e-01
 1.741290e+00 5.000623e-01 5.339677e-01
 1.869410e+00 6.712957e-01 2.609671e-01
 2.015008e+00 7.101332e-01 -1.454249e-01
 2.097906e+00 5.649081e-01 -5.597811e-01
 2.048296e+00 3.150235e-01 -8.897843e-01
 1.848251e+00 -8.436376e-03 -1.125678e+00
 1.570131e+00 -3.613164e-01 -1.182576e+00
 1.295489e+00 -6.612969e-01 -1.051592e+00
 9.626007e-01 -8.322535e-01 -7.868370e-01
 7.010847e-01 -9.725910e-01 -7.133842e-01
 4.729909e-01 -1.142674e+00 -7.150508e-01
 -6.810964e-02 -1.608883e+00 -9.257647e-01
 -4.591466e-01 -1.725636e+00 -1.035834e+00
 -8.625773e-01 -1.680484e+00 -1.092391e+00
 -1.225254e+00 -1.475604e+00 -1.096981e+00
 -1.479720e+00 -1.139991e+00 -1.073102e+00
 -1.576103e+00 -7.355824e-01 -1.045402e+00
 -1.501002e+00 -3.223966e-01 -1.026187e+00
 -1.337608e+00 -8.356283e-02 -1.027945e+00
 -1.152427e+00 1.470379e-01 -1.101860e+00
 -1.009658e+00 8.886462e-01 -1.468403e+00
 -8.151103e-01 1.350448e+00 -1.471457e+00
 -5.207244e-01 1.722217e+00 -1.263167e+00
 -2.360135e-01 1.894070e+00 -8.939533e-01
 1.289274e-02 1.830133e+00 -4.524834e-01
 2.017629e-01 1.521589e+00 -7.545798e-02
 2.838610e-01 1.056980e+00 1.194562e-01
 2.664324e-01 5.288909e-01 7.753459e-02
 1.616540e-01 1.584034e-01 -1.494206e-01
 1.526385e-01 -5.354883e-02 -5.024969e-01
 2.963779e-01 -1.443387e-01 -1.195507e+00
 3.730488e-01 -4.589242e-01 -1.556781e+00
 5.070441e-01 -9.035330e-01 -1.730018e+00
 7.750076e-01 -1.327689e+00 -1.692143e+00
 1.052071e+00 -1.657177e+00 -1.414808e+00
 1.236391e+00 -1.819934e+00 -9.873286e-01
 1.324528e+00 -1.773203e+00 -5.015922e-01
 1.291300e+00 -1.529426e+00 -7.168301e-02
 9.900962e-01 -7.171540e-01 5.056092e-01
 9.269083e-01 -5.302591e-01 7.384155e-01
 8.712130e-01 -4.508012e-01 9.789396e-01
 9.045181e-01 -3.966374e-01 1.293706e+00
 9.239253e-01 -2.320026e-01 1.595462e+00
 8.528574e-01 -3.086981e-02 1.848569e+00
 7.126563e-01 1.857490e-01 2.019846e+00
 5.161227e-01 4.318354e-01 2.093937e+00
 2.537320e-01 6.746391e-01 2.058752e+00
 -6.437106e-02 8.798948e-01 1.898377e+00
 -3.212104e-01 9.799564e-01 1.657567e+00
 -5.219485e-01 9.815729e-01 1.349410e+00
 -6.369011e-01 8.858563e-01 1.013424e+00
 -6.810672e-01 5.181651e-01 4.036561e-01
 -8.372718e-01 1.793817e-01 3.717519e-02
 -1.008139e+00 -3.532701e-02 -5.980407e-02
 -1.332480e+00 -2.681739e-01 -2.862435e-02
 -1.801064e+00 -3.334227e-01 -2.111232e-02
 -2.223064e+00 -2.004011e-01 7.307730e-03
 -2.553119e+00 1.075181e-01 1.913709e-02
 -2.720012e+00 5.278290e-01 8.862359e-03
 -2.694596e+00 9.745280e-01 -3.820455e-02
 -2.486256e+00 1.360332e+00 -1.392272e-01
 -2.128157e+00 1.614349e+00 -2.555478e-01
 -1.688326e+00 1.685464e+00 -3.513948e-01
 -1.254636e+00 1.557541e+00 -4.125458e-01
 -8.101651e-01 1.159986e+00 -4.468549e-01
 -6.729740e-01 1.046819e+00 -4.909188e-01
 -4.594858e-01 9.155854e-01 -5.900271e-01
 -2.961156e-01 8.703889e-01 -7.197536e-01
 -1.250343e-01 8.701791e-01 -8.284599e-01
 6.503588e-02 8.957287e-01 -8.905786e-01
 2.313347e-01 9.084357e-01 -9.030524e-01
 4.419308e-01 8.823813e-01 -8.880105e-01
 6.237800e-01 8.238715e-01 -8.436837e-01
 7.963540e-01 7.280571e-01 -7.680014e-01
 9.576126e-01 5.783134e-01 -6.733314e-01
 1.069016e+00 4.196388e-01 -5.602877e-01
 1.155394e+00 1.967944e-01 -3.944965e-01
 1.234492e+00 6.278602e-02 -3.063550e-01
 1.381445e+00 -1.008350e-01 -1.975576e-01
 1.631762e+00 -2.670968e-01 -1.517748e-01
 1.936349e+00 -3.304596e-01 -8.002905e-02
 2.256305e+00 -2.763619e-01 4.784470e-02
 2.505946e+00 -1.346797e-01 2.025461e-01
 2.683142e+00 8.197086e-02 4.409474e-01
 2.732491e+00 3.114223e-01 7.269991e-01
 2.645628e+00 5.287990e-01 1.022787e+00
 2.431684e+00 7.168451e-01 1.270359e+00
 2.115908e+00 8.576085e-01 1.432257e+00
 1.740904e+00 9.266528e-01 1.484395e+00
 1.361123e+00 9.097380e-01 1.418982e+00
 7.539913e-01 6.918129e-01 1.128297e+00
 4.203412e-01 4.865992e-01 1.065524e+00
 1.864486e-01 2.922625e-01 1.096004e+00
 3.488752e-02 1.244920e-01 1.215422e+00
 -1.167576e-01 -1.532431e-01 1.528130e+00
 -2.012513e-01 -4.327732e-01 1.667219e+00
 -3.765991e-01 -7.768123e-01 1.706679e+00
 -5.825544e-01 -1.083591e+00 1.607606e+00
 -7.576099e-01 -1.322265e+00 1.372900e+00
 -8.824151e-01 -1.478454e+00 1.017170e+00
 -9.234257e-01 -1.512047e+00 5.952219e-01
 -8.826326e-01 -1.404499e+00 2.054520e-01
 -6.333781e-01 -8.411820e-01 -5.467442e-01
 -5.991208e-01 -7.526071e-01 -7.268144e-01
 -5.639601e-01 -7.140134e-01 -8.913576e-01
 -5.458775e-01 -7.068400e-01 -1.111661e+00
 -6.199580e-01 -6.835018e-01 -1.449742e+00
 -8.440800e-01 -5.670821e-01 -1.789549e+00
 -1.151597e+00 -3.756079e-01 -1.997577e+00
 -1.486764e+00 -1.308989e-01 -2.044410e+00
 -1.801247e+00 1.166059e-01 -1.920508e+00
 -2.031700e+00 3.361403e-01 -1.649670e+00
 -2.115313e+00 5.259541e-01 -1.291856e+00
 -2.041503e+00 6.520541e-01 -8.975023e-01
 -1.739447e+00 6.530692e-01 -3.080588e-01
 -1.706266e+00 6.965350e-01 -5.280277e-02
 -1.710762e+00 6.789508e-01 1.656178e-01
 -1.717664e+00 6.176348e-01 3.649744e-01
 -1.693281e+00 5.003221e-01 5.700264e-01
