 1.074097e-01 1.387749e+00 4.088289e-01
 2.442783e-01 1.732653e+00 -4.001522e-02
 2.568526e-01 1.858227e+00 -4.004892e-01
 1.952351e-01 1.862667e+00 -7.771094e-01
 5.574349e-02 1.742540e+00 -1.134437e+00
 -1.101471e-01 1.523340e+00 -1.383621e+00
 -2.818043e-01 1.224231e+00 -1.517054e+00
 -4.688651e-01 8.916228e-01 -1.513903e+00
 -6.500715e-01 5.811613e-01 -1.368161e+00
 -7.943914e-01 3.463338e-01 -1.101798e+00
 -8.619008e-01 1.733969e-01 -7.080360e-01
 -9.097556e-01 5.587069e-03 -5.284254e-01
 -1.037292e+00 -2.212173e-01 -3.950771e-01
 -1.304243e+00 -6.434965e-01 -2.706191e-01
 -1.337879e+00 -1.106065e+00 -2.905069e-02
 -1.123655e+00 -1.500960e+00 3.406348e-01
 -7.275160e-01 -1.647413e+00 7.000074e-01
 -2.546662e-01 -1.510551e+00 9.412044e-01
 1.982570e-01 -1.120649e+00 1.001230e+00
 4.641917e-01 -6.518748e-01 8.050385e-01
 6.290185e-01 -4.999357e-01 7.625101e-01
 1.361536e+00 6.047750e-02 8.562669e-01
 1.730424e+00 2.824124e-01 6.978170e-01
 2.046628e+00 3.831173e-01 3.766014e-01
 2.281497e+00 3.029379e-01 -1.877262e-02
 2.372761e+00 6.788834e-02 -4.081583e-01
 2.291942e+00 -2.581520e-01 -7.226386e-01
 2.083581e+00 -6.235118e-01 -8.812861e-01
 1.839428e+00 -9.537874e-01 -8.504679e-01
 1.718617e+00 -1.169579e+00 -7.050981e-01
 1.677380e+00 -1.361579e+00 -6.036927e-01
 1.568196e+00 -1.617432e+00 -5.627603e-01
 1.384484e+00 -1.829230e+00 -5.424070e-01
 1.137005e+00 -1.978454e+00 -5.160479e-01
 8.493643e-01 -2.047889e+00 -4.746167e-01
 5.523378e-01 -2.029019e+00 -4.164080e-01
 2.707356e-01 -1.918690e+00 -3.445771e-01
 3.861976e-02 -1.730973e+00 -2.576097e-01
 -1.204838e-01 -1.487587e+00 -1.679667e-01
 -2.445413e-01 -1.034667e+00 3.851023e-03
 -3.914547e-01 -7.489716e-01 2.185330e-01
 -5.191063e-01 -6.352261e-01 4.136012e-01
 -7.318440e-01 -6.044083e-01 7.188742e-01
 -1.063187e+00 -6.985592e-01 1.144937e+00
 -1.373627e+00 -6.535539e-01 1.387958e+00
 -1.696399e+00 -4.885700e-01 1.543748e+00
 -1.984190e+00 -2.298270e-01 1.588214e+00
 -2.195951e+00 8.751466e-02 1.516751e+00
 -2.300421e+00 4.260025e-01 1.338299e+00
 -2.274256e+00 7.299921e-01 1.071845e+00
 -2.131864e+00 9.344775e-01 7.353150e-01
 -1.948067e+00 9.786971e-01 4.045529e-01
 -1.793290e+00 8.810641e-01 1.350158e-01
 -1.696798e+00 6.418188e-01 -1.524698e-01
 -1.880850e+00 3.211130e-01 -6.655845e-01
 -1.839248e+00 2.800972e-02 -9.908529e-01
 -1.618549e+00 -2.895448e-01 -1.249079e+00
 -1.285156e+00 -5.424937e-01 -1.346327e+00
 -8.607851e-01 -6.895667e-01 -1.295406e+00
 -4.063042e-01 -6.548440e-01 -1.136838e+00
 -8.830855e-02 -4.765280e-01 -9.092704e-01
 2.984444e-01 9.151760e-03 -1.146123e-01
 3.920188e-01 1.591381e-01 3.174433e-02
 4.884820e-01 3.183102e-01 1.201474e-01
 9.956706e-01 8.912863e-01 3.506364e-01
 1.113001e+00 1.222852e+00 5.050923e-01
 1.087145e+00 1.576285e+00 6.611013e-01
 9.225737e-01 1.895223e+00 7.966661e-01
 6.485870e-01 2.138231e+00 8.805825e-01
 3.037160e-01 2.280588e+00 8.967952e-01
 -6.931042e-02 2.301072e+00 8.509739e-01
 -4.176248e-01 2.193938e+00 7.590904e-01
 -6.954909e-01 1.971116e+00 6.479630e-01
 -8.663270e-01 1.662075e+00 5.372846e-01
 -9.096367e-01 1.311989e+00 4.445688e-01
 -8.249267e-01 9.508626e-01 4.044493e-01
 -6.676786e-01 7.180195e-01 3.862191e-01
 -5.652775e-01 5.859920e-01 4.311489e-01
 -4.161241e-01 4.026416e-01 5.893617e-01
 -2.447601e-01 2.712159e-01 8.221787e-01
 1.410939e-01 2.512059e-02 1.514421e+00
 4.533492e-01 -2.539705e-01 1.757059e+00
 8.069704e-01 -6.133590e-01 1.784046e+00
 1.098958e+00 -9.352390e-01 1.588643e+00
 1.270883e+00 -1.176182e+00 1.217517e+00
 1.265315e+00 -1.312848e+00 7.534543e-01
 1.079665e+00 -1.316839e+00 3.147897e-01
 8.631492e-01 -1.155233e+00 1.217304e-02
 7.513528e-01 -9.994716e-01 -3.654416e-01
 7.017232e-01 -1.085712e+00 -7.728495e-01
 7.924526e-01 -1.224302e+00 -1.123862e+00
 1.003433e+00 -1.403660e+00 -1.393154e+00
 1.322248e+00 -1.572522e+00 -1.553771e+00
 1.692534e+00 -1.695138e+00 -1.579278e+00
 2.059365e+00 -1.754757e+00 -1.471203e+00
 2.371984e+00 -1.739313e+00 -1.252083e+00
 2.589267e+00 -1.649022e+00 -9.603340e-01
 2.688897e+00 -1.493824e+00 -6.404668e-01
 2.660847e+00 -1.301238e+00 -3.313625e-01
 2.513053e+00 -1.093731e+00 -7.109023e-02
 2.269243e+00 -8.923677e-01 1.019414e-01
 1.987519e+00 -7.079498e-01 1.568619e-01
 1.740459e+00 -5.700653e-01 1.053668e-01
 1.585904e+00 -4.572271e-01 1.112421e-04
 1.465591e+00 -3.251127e-01 -1.073307e-01
 1.188503e+00 1.368303e-01 -5.853249e-01
 1.097715e+00 2.571746e-01 -6.830909e-01
 9.850414e-01 3.792621e-01 -7.571211e-01
 8.461529e-01 5.031989e-01 -8.051605e-01
 6.784714e-01 6.248093e-01 -8.215662e-01
 4.987666e-01 7.252025e-01 -8.022567e-01
 3.082631e-01 7.968261e-01 -7.502892e-01
 -1.050139e-01 8.988991e-01 -5.544652e-01
 -3.315368e-01 1.030910e+00 -5.039952e-01
 -5.211080e-01 1.155898e+00 -5.286962e-01
 -1.524214e+00 1.453176e+00 -7.390757e-01
 -1.892617e+00 1.456782e+00 -7.381693e-01
 -2.235259e+00 1.365143e+00 -6.612731e-01
 -2.509551e+00 1.187834e+00 -5.270631e-01
 -2.687084e+00 9.504648e-01 -3.490590e-01
 -2.752760e+00 6.740474e-01 -1.582298e-01
 -2.700904e+00 3.983200e-01 2.801538e-02
 -2.534840e+00 1.540283e-01 2.069275e-01
 -2.258240e+00 -2.777719e-02 3.762557e-01
 -1.959509e+00 -7.988597e-02 5.193912e-01
 -1.705436e+00 -2.078565e-02 6.233251e-01
 -1.456869e+00 1.674048e-01 7.806031e-01
 -1.247579e+00 4.199125e-01 1.187078e+00
 -9.949754e-01 7.186903e-01 1.382951e+00
 -6.719094e-01 9.867485e-01 1.416494e+00
 -3.455696e-01 1.169748e+00 1.297647e+00
 -6.049350e-02 1.262039e+00 1.037071e+00
 9.616322e-02 1.298849e+00 6.980264e-01
