 1.596306e+00 4.267603e-01 6.108262e-01
 1.626800e+00 7.540511e-01 6.497415e-01
 1.494357e+00 1.126535e+00 7.467806e-01
 1.224375e+00 1.423365e+00 8.380458e-01
 8.666778e-01 1.588932e+00 8.723307e-01
 4.798966e-01 1.624648e+00 8.270669e-01
 1.199415e-01 1.527041e+00 7.101744e-01
 -1.685813e-01 1.301314e+00 5.464769e-01
 -3.377762e-01 9.818411e-01 3.585934e-01
 -3.703467e-01 4.606724e-01 9.923720e-02
 -4.424162e-01 2.747620e-01 -3.037562e-02
 -5.990027e-01 2.301932e-02 -2.475287e-01
 -8.498838e-01 -6.335486e-01 -6.105134e-01
 -1.212104e+00 -9.940956e-01 -6.966698e-01
 -1.681423e+00 -1.194905e+00 -6.103739e-01
 -2.143030e+00 -1.184172e+00 -3.765356e-01
 -2.478284e+00 -9.653627e-01 -5.180439e-02
 -2.611987e+00 -5.860990e-01 2.638495e-01
 -2.538049e+00 -1.664771e-01 4.436283e-01
 -2.456845e+00 1.036682e-01 4.183200e-01
 -2.450957e+00 3.436561e-01 3.859470e-01
 -2.428242e+00 7.091970e-01 4.955877e-01
 -2.230338e+00 1.063897e+00 7.478215e-01
 -1.878816e+00 1.248316e+00 1.026000e+00
 -1.443441e+00 1.235056e+00 1.230247e+00
 -1.023973e+00 1.027340e+00 1.326592e+00
 -7.070335e-01 6.725683e-01 1.293004e+00
 -5.625415e-01 2.494586e-01 1.141902e+00
 -6.216563e-01 -3.373177e-01 7.446107e-01
 -5.770766e-01 -5.298514e-01 5.981997e-01
 -5.236293e-01 -7.515333e-01 5.267573e-01
 -3.681415e-01 -1.020500e+00 4.931414e-01
 -1.403383e-01 -1.217992e+00 4.804805e-01
 1.758713e-01 -1.339296e+00 4.462761e-01
 4.983779e-01 -1.350173e+00 3.811623e-01
 8.245262e-01 -1.245633e+00 2.707287e-01
 1.055983e+00 -1.066475e+00 1.380440e-01
 1.282377e+00 -7.217899e-01 1.663344e-02
 1.441609e+00 -6.084386e-01 -3.707159e-02
 1.747012e+00 -4.938723e-01 -8.037105e-02
 2.092300e+00 -3.654437e-01 3.803459e-02
 2.356323e+00 -2.362091e-01 3.038839e-01
 2.493800e+00 -8.908027e-02 6.824406e-01
 2.450495e+00 8.802365e-02 1.078718e+00
 2.236881e+00 2.800541e-01 1.400665e+00
 1.885233e+00 4.363431e-01 1.601951e+00
 1.469776e+00 5.286957e-01 1.642813e+00
 1.036632e+00 5.834829e-01 1.497351e+00
 7.173546e-01 5.945800e-01 1.185715e+00
 5.820243e-01 6.010600e-01 7.964968e-01
 6.391254e-01 6.843867e-01 3.682936e-01
 7.365072e-01 1.085911e+00 -5.316655e-02
 8.602474e-01 1.227906e+00 -4.125404e-01
 9.654276e-01 1.213474e+00 -8.156394e-01
 1.050872e+00 1.019429e+00 -1.187412e+00
 1.119940e+00 7.290992e-01 -1.408934e+00
 1.214682e+00 4.463369e-01 -1.474621e+00
 1.348459e+00 2.737362e-01 -1.498858e+00
 1.519296e+00 7.430733e-02 -1.615616e+00
 1.596280e+00 -2.006214e-01 -1.801223e+00
 1.532649e+00 -5.623118e-01 -1.969096e+00
 1.324378e+00 -9.271257e-01 -2.037526e+00
 1.034933e+00 -1.227945e+00 -1.962565e+00
 7.377731e-01 -1.422684e+00 -1.750568e+00
 4.788064e-01 -1.488689e+00 -1.431862e+00
 2.819860e-01 -1.400867e+00 -1.070187e+00
 1.811653e-01 -1.171994e+00 -7.316689e-01
 2.223780e-01 -6.172012e-01 -2.726758e-01
 2.514472e-01 -4.965465e-01 -1.168287e-01
 3.252971e-01 -3.432620e-01 1.488145e-01
 4.114949e-01 -3.352561e-01 4.665982e-01
 4.122200e-01 -4.200427e-01 8.510475e-01
 2.382307e-01 -6.238331e-01 1.233143e+00
 -9.598510e-02 -8.398850e-01 1.472016e+00
 -5.303349e-01 -9.952030e-01 1.529299e+00
 -9.705656e-01 -1.046638e+00 1.405772e+00
 -1.332533e+00 -9.849526e-01 1.130317e+00
 -1.541486e+00 -8.405522e-01 7.517122e-01
 -1.594254e+00 -4.512966e-01 1.101939e-01
 -1.670802e+00 -3.002664e-01 -7.715879e-02
 -1.841585e+00 -1.849465e-01 -3.462307e-01
 -2.205060e+00 -7.634366e-02 -5.579556e-01
 -2.645236e+00 1.686007e-02 -5.872612e-01
 -3.057147e+00 1.053895e-01 -4.174685e-01
 -3.349151e+00 1.869830e-01 -9.353741e-02
 -3.473392e+00 2.563117e-01 3.200414e-01
 -3.414399e+00 2.928186e-01 7.477011e-01
 -3.185182e+00 3.009864e-01 1.113819e+00
 -2.830383e+00 2.863889e-01 1.353267e+00
 -2.417012e+00 2.580837e-01 1.427384e+00
 -2.019042e+00 2.271995e-01 1.331513e+00
 -1.704570e+00 2.308882e-01 1.094090e+00
 -1.545134e+00 2.814360e-01 8.303051e-01
 -1.456120e+00 3.920184e-01 6.348148e-01
 -1.412368e+00 4.990940e-01 4.726638e-01
 -1.325453e+00 7.917179e-01 -9.960717e-02
 -1.128309e+00 9.230641e-01 -4.239474e-01
 -8.286059e-01 9.651083e-01 -6.772390e-01
 -4.747124e-01 8.996914e-01 -8.372847e-01
 -1.221419e-01 7.356649e-01 -8.820339e-01
 5.250209e-01 2.814216e-01 -6.952254e-01
 9.052743e-01 1.950548e-01 -5.442036e-01
 1.184335e+00 2.586919e-01 -4.803081e-01
 1.548243e+00 4.125264e-01 -4.982229e-01
 1.892240e+00 6.529192e-01 -7.101196e-01
 2.101711e+00 8.490009e-01 -1.098154e+00
 2.120396e+00 9.528324e-01 -1.569822e+00
 1.940261e+00 9.387008e-01 -2.026932e+00
 1.611148e+00 7.898052e-01 -2.363236e+00
 1.223292e+00 5.217518e-01 -2.503583e+00
 8.577512e-01 1.952935e-01 -2.412284e+00
 6.036396e-01 -1.009438e-01 -2.108526e+00
 5.498859e-01 -3.466082e-01 -1.687303e+00
 6.781851e-01 -4.690287e-01 -1.349312e+00
 9.657586e-01 -6.260090e-01 -1.112935e+00
 1.561592e+00 -1.278497e+00 -8.367464e-01
 1.898988e+00 -1.510348e+00 -3.390771e-01
 2.041820e+00 -1.445878e+00 2.322460e-01
 1.941972e+00 -1.142254e+00 7.303990e-01
 1.674248e+00 -6.588434e-01 9.788857e-01
 1.472983e+00 -2.163401e-01 9.047771e-01
 1.479610e+00 1.208524e-01 6.925561e-01
