 -1.436826e+00 1.627777e+00 -6.461398e-01
 -1.601779e+00 1.466759e+00 -1.636252e-01
 -1.589073e+00 1.142247e+00 2.407084e-01
 -1.402050e+00 7.862430e-01 4.800526e-01
 -1.114560e+00 4.529570e-01 5.202039e-01
 -8.314169e-01 1.700765e-01 3.549987e-01
 -6.967896e-01 -3.614709e-02 1.310094e-01
 -7.849027e-01 -7.168621e-01 -5.621198e-01
 -7.304625e-01 -8.932618e-01 -9.637868e-01
 -5.826838e-01 -9.076364e-01 -1.380791e+00
 -3.640200e-01 -7.552568e-01 -1.728499e+00
 -1.478186e-01 -4.757428e-01 -1.930015e+00
 -4.493632e-02 -1.662654e-01 -2.000980e+00
 -8.447721e-02 1.765965e-01 -2.072342e+00
 -2.509954e-01 7.317131e-01 -2.492565e+00
 -3.284916e-01 1.145574e+00 -2.583321e+00
 -3.546270e-01 1.566646e+00 -2.500512e+00
 -3.272511e-01 1.919598e+00 -2.260219e+00
 -2.537368e-01 2.143973e+00 -1.905644e+00
 -1.490490e-01 2.202556e+00 -1.498185e+00
 -2.615442e-02 2.078838e+00 -1.081687e+00
 8.049849e-02 1.769277e+00 -7.649652e-01
 1.971480e-01 1.374108e+00 -6.235117e-01
 2.501767e-01 1.052803e+00 -6.500002e-01
 4.505748e-01 7.608814e-01 -7.903684e-01
 6.989975e-01 5.462451e-01 -1.066980e+00
 9.422029e-01 2.027083e-01 -2.081219e+00
 8.526822e-01 6.969737e-02 -2.489834e+00
 5.905001e-01 -6.774492e-02 -2.820644e+00
 2.035927e-01 -1.898110e-01 -3.006308e+00
 -2.337318e-01 -2.741547e-01 -3.009033e+00
 -6.395789e-01 -2.795458e-01 -2.836229e+00
 -9.462048e-01 -1.940605e-01 -2.520308e+00
 -1.083454e+00 -7.596385e-02 -2.112776e+00
 -1.030724e+00 3.356207e-02 -1.693280e+00
 -8.031483e-01 1.003759e-01 -1.336196e+00
 -5.146946e-01 9.708458e-02 -1.137595e+00
 -2.427111e-01 3.085826e-02 -1.028020e+00
 1.698161e-02 -1.845426e-01 -9.630021e-01
 3.878162e-01 -5.386744e-01 -9.646785e-01
 7.461955e-01 -8.040063e-01 -7.628775e-01
 1.026810e+00 -9.277905e-01 -4.186663e-01
 1.177749e+00 -9.269301e-01 5.362419e-02
 1.129356e+00 -7.834535e-01 4.533361e-01
 1.056633e+00 -5.561702e-01 6.684229e-01
 1.060561e+00 -3.397784e-01 8.154769e-01
 1.095097e+00 4.278803e-03 9.405984e-01
 1.065761e+00 2.965853e-01 1.056263e+00
 8.714621e-01 8.716802e-01 1.282158e+00
 6.189803e-01 1.271265e+00 1.264072e+00
 3.004320e-01 1.561570e+00 1.069997e+00
 -4.730856e-02 1.658437e+00 7.725173e-01
 -3.554446e-01 1.542614e+00 4.274724e-01
 -7.436956e-01 8.920717e-01 -3.567025e-01
 -9.318024e-01 7.365679e-01 -4.847598e-01
 -1.175800e+00 5.915784e-01 -5.314051e-01
 -1.524066e+00 2.878826e-01 -4.282675e-01
 -1.717930e+00 -1.533546e-02 -1.839518e-01
 -1.720497e+00 -3.263063e-01 1.415576e-01
 -1.513824e+00 -5.839630e-01 4.983481e-01
 -1.184932e+00 -7.153025e-01 7.529038e-01
 -7.832820e-01 -7.011137e-01 9.175775e-01
 -1.549758e-01 -4.141242e-01 1.040954e+00
 1.631650e-01 -2.713466e-01 1.273885e+00
 3.446993e-01 -4.387246e-02 1.673409e+00
 2.937294e-01 5.485840e-02 2.241430e+00
 3.338190e-02 -1.072803e-01 2.754931e+00
 -3.512103e-01 -4.926526e-01 3.027698e+00
 -6.838514e-01 -9.993456e-01 2.972067e+00
 -8.435311e-01 -1.461899e+00 2.606957e+00
 -7.905547e-01 -1.708429e+00 2.048643e+00
 -4.981665e-01 -1.685963e+00 1.507173e+00
 -1.251304e-01 -1.460648e+00 1.236720e+00
 2.985723e-01 -1.296353e+00 1.240363e+00
 1.228681e+00 -1.248696e+00 1.422317e+00
 1.726915e+00 -1.031875e+00 1.304841e+00
 2.037505e+00 -6.919778e-01 9.940504e-01
 2.074012e+00 -3.308094e-01 5.738143e-01
 1.829731e+00 -5.733113e-02 1.678680e-01
 1.373697e+00 9.914627e-02 -7.708197e-02
 8.214623e-01 5.045136e-02 -1.447682e-01
 3.590538e-01 -1.787658e-01 8.949020e-03
 1.669044e-01 -6.734257e-01 1.081345e-01
 1.517561e-01 -9.779647e-01 1.616294e-01
 3.358236e-01 -1.653448e+00 2.857242e-01
 4.264632e-01 -1.941388e+00 4.579642e-01
 4.889300e-01 -2.158354e+00 7.211317e-01
 5.142570e-01 -2.280210e+00 1.042255e+00
 4.984324e-01 -2.295718e+00 1.383561e+00
 4.462605e-01 -2.204559e+00 1.705837e+00
 3.762527e-01 -2.015040e+00 1.974103e+00
 2.990030e-01 -1.744867e+00 2.163120e+00
 2.122772e-01 -1.439678e+00 2.246364e+00
 8.825014e-02 -1.162036e+00 2.229738e+00
 -2.846102e-02 -9.797180e-01 2.152731e+00
 -1.832512e-01 -8.540973e-01 2.056748e+00
 -3.760699e-01 -7.379564e-01 2.003180e+00
 -5.713846e-01 -4.849568e-01 1.986204e+00
 -6.666841e-01 -1.993462e-01 1.918876e+00
 -6.831665e-01 1.710829e-01 1.711166e+00
 -5.592578e-01 4.597062e-01 1.442791e+00
 -3.281481e-01 6.225844e-01 1.152578e+00
 1.535090e-01 6.370735e-01 5.608179e-01
 3.738197e-01 8.079195e-01 3.747502e-01
 8.333386e-01 1.054786e+00 1.865766e-01
 1.083964e+00 1.236091e+00 -8.464878e-02
 1.211428e+00 1.377930e+00 -4.454907e-01
 1.193121e+00 1.471462e+00 -8.337207e-01
 1.024744e+00 1.520269e+00 -1.206985e+00
 7.776344e-01 1.489433e+00 -1.474033e+00
 4.605874e-01 1.367651e+00 -1.647478e+00
 1.182709e-01 1.205020e+00 -1.650239e+00
 -3.652110e-01 1.160787e+00 -1.505791e+00
 -1.135856e+00 1.570012e+00 -1.061105e+00
