 -2.037540e+00 -1.629033e+00 9.391586e-01
 -2.033602e+00 -1.425486e+00 1.305910e+00
 -1.901664e+00 -1.143289e+00 1.584785e+00
 -1.662623e+00 -8.247778e-01 1.729207e+00
 -1.371726e+00 -5.129548e-01 1.705109e+00
 -1.080696e+00 -2.644510e-01 1.515882e+00
 -8.345877e-01 -1.259243e-01 1.196169e+00
 -5.719441e-01 -1.265633e-01 5.744769e-01
 -3.413490e-01 -1.128990e-01 1.669206e-01
 -2.791181e-01 -5.727129e-02 -9.048370e-02
 -3.105512e-01 2.236322e-02 -4.094233e-01
 -5.526334e-01 6.784594e-02 -1.003069e+00
 -6.438595e-01 2.084114e-01 -1.324212e+00
 -6.698301e-01 4.525845e-01 -1.603505e+00
 -6.156600e-01 7.694436e-01 -1.801437e+00
 -5.007528e-01 1.115904e+00 -1.878648e+00
 -3.699422e-01 1.451008e+00 -1.821598e+00
 -2.222215e-01 1.719615e+00 -1.654419e+00
 -7.532438e-02 1.893116e+00 -1.411338e+00
 8.166444e-02 1.964128e+00 -1.122635e+00
 2.396504e-01 1.922983e+00 -8.793131e-01
 4.909294e-01 1.776678e+00 -6.609538e-01
 1.011271e+00 1.636408e+00 -5.193078e-01
 1.259844e+00 1.477242e+00 -3.919592e-01
 1.440087e+00 1.275343e+00 -1.913034e-01
 1.516871e+00 1.042965e+00 6.239317e-02
 1.472502e+00 8.363691e-01 3.647574e-01
 1.369537e+00 7.667147e-01 5.803363e-01
 1.299155e+00 7.542094e-01 7.906430e-01
 1.270196e+00 6.441755e-01 1.109023e+00
 1.184027e+00 3.843158e-01 1.385746e+00
 1.009857e+00 2.996496e-02 1.540271e+00
 7.433745e-01 -3.395913e-01 1.524758e+00
 4.598308e-01 -6.279972e-01 1.337899e+00
 -8.496310e-02 -1.026545e+00 5.707245e-01
 -2.193170e-01 -1.110930e+00 4.187131e-01
 -3.914805e-01 -1.313541e+00 2.194798e-01
 -5.253900e-01 -1.683005e+00 1.184227e-01
 -4.999542e-01 -2.089474e+00 5.249598e-02
 -3.098574e-01 -2.454867e+00 2.875557e-02
 1.174621e-02 -2.714418e+00 1.062152e-02
 4.077007e-01 -2.825206e+00 -1.198987e-02
 8.170261e-01 -2.770469e+00 -3.659036e-02
 1.176781e+00 -2.553423e+00 -5.671189e-02
 1.423839e+00 -2.199950e+00 -6.586991e-02
 1.502959e+00 -1.763684e+00 -6.833608e-02
 1.384159e+00 -1.326474e+00 -7.225095e-02
 1.075615e+00 -9.748401e-01 -1.100913e-01
 7.221771e-01 -8.305762e-01 -1.674478e-01
 4.574155e-01 -7.999782e-01 -2.660558e-01
 -1.396692e-01 -9.436268e-01 -7.468889e-01
 -7.429401e-01 -9.326450e-01 -1.143798e+00
 -1.023790e+00 -8.822923e-01 -1.238412e+00
 -1.370245e+00 -8.189346e-01 -1.235700e+00
 -1.723494e+00 -7.481788e-01 -1.096028e+00
 -2.035784e+00 -6.865738e-01 -7.902973e-01
 -2.203228e+00 -6.653356e-01 -3.702260e-01
 -2.171743e+00 -6.567060e-01 7.801725e-02
 -1.940287e+00 -6.628389e-01 4.571256e-01
 -1.557625e+00 -7.376056e-01 6.972095e-01
 -1.272775e+00 -9.505140e-01 7.774692e-01
 -9.323980e-01 -1.420528e+00 1.095732e+00
 -6.324477e-01 -1.683066e+00 1.165042e+00
 -2.506845e-01 -1.899521e+00 1.085691e+00
 1.207619e-01 -1.980902e+00 8.752108e-01
 4.005274e-01 -1.928229e+00 5.580038e-01
 5.005482e-01 -1.806758e+00 1.977351e-01
 4.644464e-01 -1.806819e+00 -1.601933e-01
 5.476277e-01 -1.820173e+00 -4.509083e-01
 7.045489e-01 -1.700797e+00 -7.598527e-01
 8.567558e-01 -1.435985e+00 -1.005575e+00
 9.465454e-01 -1.076688e+00 -1.142754e+00
 9.720946e-01 -6.534151e-01 -1.147588e+00
 9.319953e-01 -2.831267e-01 -1.016071e+00
 5.023037e-01 9.195681e-01 -2.745099e-03
 5.021407e-01 1.076026e+00 1.630595e-01
 5.478648e-01 1.304165e+00 3.303627e-01
 7.529517e-01 1.584635e+00 5.091757e-01
 1.115456e+00 1.761166e+00 6.900238e-01
 1.535488e+00 1.753988e+00 8.373226e-01
 1.922778e+00 1.557833e+00 9.470451e-01
 2.198726e+00 1.211253e+00 9.998221e-01
 2.314220e+00 7.834389e-01 9.837120e-01
 2.248773e+00 3.535238e-01 9.082934e-01
 2.013241e+00 -2.027700e-03 7.936680e-01
 1.649476e+00 -2.154262e-01 6.655570e-01
 1.217733e+00 -2.506176e-01 5.659337e-01
 8.685612e-01 -1.228348e-01 5.242827e-01
 6.055084e-01 4.381565e-02 5.671888e-01
 2.839622e-01 3.725062e-01 8.426377e-01
 -3.594704e-02 6.296746e-01 1.019041e+00
 -6.662783e-01 9.856821e-01 1.164406e+00
 -1.103742e+00 1.263163e+00 9.905031e-01
 -1.408163e+00 1.491337e+00 5.495930e-01
 -1.458699e+00 1.596177e+00 6.437197e-03
 -1.252447e+00 1.534295e+00 -5.016907e-01
 -8.355895e-01 1.303595e+00 -8.355611e-01
 -1.971813e-01 1.011918e+00 -8.800068e-01
 8.102477e-02 9.163747e-01 -1.063854e+00
 4.285278e-01 9.853516e-01 -1.327447e+00
 7.544612e-01 1.287627e+00 -1.542388e+00
 9.671350e-01 1.730437e+00 -1.595829e+00
 1.061870e+00 2.163582e+00 -1.455847e+00
 1.041370e+00 2.505897e+00 -1.172670e+00
 8.972257e-01 2.719374e+00 -8.331759e-01
 6.767907e-01 2.782873e+00 -5.070773e-01
 4.311425e-01 2.714496e+00 -2.418177e-01
 2.004666e-01 2.552224e+00 -5.875374e-02
 6.761146e-03 2.334532e+00 4.256442e-02
 -3.955682e-01 1.622848e+00 1.438612e-01
 -5.216658e-01 1.095996e+00 1.436749e-01
 -6.466075e-01 9.102244e-01 1.173643e-01
 -1.082348e+00 5.878103e-01 -2.176748e-03
 -1.257200e+00 2.946952e-01 -9.975918e-02
 -1.310201e+00 -1.004777e-01 -2.024408e-01
 -1.159908e+00 -6.301795e-01 -2.421238e-01
 -1.181978e+00 -9.002505e-01 -2.357990e-01
 -1.302038e+00 -1.137768e+00 -2.327198e-01
 -1.511184e+00 -1.439179e+00 -8.938476e-02
 -1.741433e+00 -1.638826e+00 1.779576e-01
 -1.928154e+00 -1.707426e+00 5.431237e-01
