 -1.655316e+00 1.994877e+00 -2.703514e-01
 -1.768520e+00 1.816175e+00 -6.060688e-01
 -1.776351e+00 1.553286e+00 -8.752294e-01
 -1.669261e+00 1.258697e+00 -1.076435e+00
 -1.464406e+00 9.644424e-01 -1.185346e+00
 -1.182451e+00 7.062122e-01 -1.183135e+00
 -8.329812e-01 4.773066e-01 -1.030494e+00
 -6.678638e-01 2.846845e-01 -9.164984e-01
 -5.401716e-01 -1.420601e-02 -7.711453e-01
 -5.404581e-01 -3.477187e-01 -7.100929e-01
 -6.202500e-01 -7.292250e-01 -7.760196e-01
 -8.428710e-01 -1.101799e+00 -8.801403e-01
 -1.089703e+00 -1.442975e+00 -7.998372e-01
 -1.291258e+00 -1.718867e+00 -5.629990e-01
 -1.421432e+00 -1.887432e+00 -2.276149e-01
 -1.461562e+00 -1.948765e+00 1.746534e-01
 -1.402644e+00 -1.895055e+00 5.565278e-01
 -1.260213e+00 -1.716036e+00 8.759147e-01
 -1.059625e+00 -1.396893e+00 1.105579e+00
 -8.471027e-01 -1.023723e+00 1.163382e+00
 -6.563508e-01 -7.485271e-01 1.057896e+00
 -4.883680e-01 -5.742550e-01 1.005137e+00
 -2.183205e-01 -3.069824e-01 1.107839e+00
 9.466470e-02 -2.550531e-02 1.394789e+00
 3.474386e-01 1.095045e-01 1.514810e+00
 6.630819e-01 2.259429e-01 1.550343e+00
 1.025884e+00 3.042871e-01 1.472945e+00
 1.326974e+00 3.234251e-01 1.295971e+00
 1.549718e+00 2.923518e-01 1.026107e+00
 1.678740e+00 1.809171e-01 6.910670e-01
 1.696004e+00 -1.467381e-02 3.709385e-01
 1.591019e+00 -2.590550e-01 9.174336e-02
 1.291190e+00 -5.714879e-01 -1.875567e-01
 1.177717e+00 -7.228449e-01 -4.409859e-01
 1.167199e+00 -8.859482e-01 -7.076706e-01
 1.261761e+00 -9.981153e-01 -1.034601e+00
 1.435417e+00 -1.000395e+00 -1.362775e+00
 1.658004e+00 -8.785836e-01 -1.647006e+00
 1.904527e+00 -6.441961e-01 -1.837863e+00
 2.118132e+00 -3.292286e-01 -1.910049e+00
 2.253925e+00 3.095075e-02 -1.863933e+00
 2.295724e+00 3.768039e-01 -1.704765e+00
 2.239153e+00 6.607978e-01 -1.461096e+00
 2.098323e+00 8.455860e-01 -1.168717e+00
 1.883025e+00 9.200088e-01 -8.824543e-01
 1.611637e+00 8.855291e-01 -6.456763e-01
 1.321658e+00 7.419101e-01 -4.785306e-01
 1.048867e+00 5.159028e-01 -4.146038e-01
 8.173393e-01 2.657112e-01 -4.723130e-01
 6.259563e-01 9.267202e-02 -6.257081e-01
 4.858108e-01 -7.381075e-02 -8.590630e-01
 3.477524e-01 -2.007986e-01 -1.233944e+00
 1.377878e-01 -2.647536e-01 -1.492963e+00
 -1.503532e-01 -3.126508e-01 -1.667905e+00
 -4.703047e-01 -3.405565e-01 -1.738754e+00
 -8.347321e-01 -3.453094e-01 -1.704034e+00
 -1.126403e+00 -3.407573e-01 -1.574687e+00
 -1.353617e+00 -3.304565e-01 -1.365841e+00
 -1.492385e+00 -2.978448e-01 -1.102141e+00
 -1.551446e+00 -2.102476e-01 -7.643200e-01
 -1.515039e+00 -1.123133e-01 -4.822047e-01
 -1.414460e+00 -2.229251e-02 -2.644551e-01
 -1.207967e+00 4.066081e-02 1.659447e-02
 -1.164466e+00 6.974479e-02 3.092034e-01
 -1.194041e+00 1.289554e-01 7.858554e-01
 -1.205339e+00 1.278205e-01 1.189440e+00
 -1.110608e+00 1.939135e-02 1.563559e+00
 -9.335682e-01 -1.631148e-01 1.843086e+00
 -7.076132e-01 -3.936303e-01 2.008411e+00
 -4.667236e-01 -6.386811e-01 2.053168e+00
 -2.317626e-01 -8.521564e-01 1.980744e+00
 -3.035033e-02 -1.040357e+00 1.807862e+00
 1.210307e-01 -1.198911e+00 1.539108e+00
 1.975630e-01 -1.281537e+00 1.244652e+00
 2.602102e-01 -1.265848e+00 8.070063e-01
 3.983758e-01 -1.289448e+00 5.438805e-01
 6.295430e-01 -1.363166e+00 3.365471e-01
 8.636817e-01 -1.457773e+00 2.178816e-01
 1.298758e+00 -1.573894e+00 1.134293e-01
 1.664313e+00 -1.531761e+00 -4.108829e-02
 1.962369e+00 -1.358063e+00 -2.423732e-01
 2.149138e+00 -1.075003e+00 -4.591796e-01
 2.187517e+00 -7.179371e-01 -6.828593e-01
 2.069540e+00 -3.754618e-01 -8.482095e-01
 1.820654e+00 -1.256430e-01 -9.487753e-01
 1.597216e+00 -3.762668e-02 -1.072428e+00
 1.429775e+00 6.218810e-02 -1.256689e+00
 1.235248e+00 3.377376e-01 -1.429314e+00
 9.492817e-01 6.509396e-01 -1.437569e+00
 5.900621e-01 8.958846e-01 -1.268298e+00
 2.930053e-01 9.993652e-01 -9.820346e-01
 7.408708e-02 9.617641e-01 -6.393630e-01
 -4.067570e-02 8.109534e-01 -3.389441e-01
 -1.813463e-01 6.480203e-01 -6.095869e-02
 -3.127756e-01 5.936638e-01 2.982293e-01
 -3.392115e-01 6.464613e-01 7.187705e-01
 -2.436780e-01 9.295744e-01 1.145454e+00
 -1.361108e-01 1.371000e+00 1.361890e+00
 -4.979244e-02 1.827892e+00 1.346780e+00
 -1.093361e-02 2.208947e+00 1.153740e+00
 -2.086048e-02 2.464239e+00 8.625207e-01
 -7.628314e-02 2.592239e+00 5.430966e-01
 -1.618425e-01 2.611178e+00 2.360485e-01
 -2.636385e-01 2.540802e+00 -3.727666e-02
 -3.698139e-01 2.398902e+00 -2.628729e-01
 -4.806214e-01 2.197752e+00 -4.346989e-01
 -5.963025e-01 1.944020e+00 -5.396022e-01
 -7.110747e-01 1.670516e+00 -5.592938e-01
 -8.396245e-01 1.406380e+00 -4.826102e-01
 -9.772643e-01 1.214010e+00 -3.240869e-01
 -1.184528e+00 1.080297e+00 -1.839206e-01
 -1.625001e+00 9.637955e-01 4.274029e-02
 -1.878355e+00 7.963727e-01 1.764521e-01
 -2.080458e+00 5.234830e-01 2.974488e-01
 -2.182774e+00 1.772779e-01 3.780470e-01
 -2.153211e+00 -1.791129e-01 4.196618e-01
 -2.001618e+00 -5.001718e-01 4.225304e-01
 -1.764615e+00 -7.511718e-01 3.707523e-01
 -1.513738e+00 -8.954013e-01 2.757905e-01
 -1.060009e+00 -9.940939e-01 1.425802e-01
 -7.718925e-01 -1.174354e+00 1.424886e-01
 -5.584133e-01 -1.453997e+00 1.661315e-01
 -4.011371e-01 -1.844119e+00 2.569722e-01
 -2.251582e-01 -2.077747e+00 3.864964e-01
 1.838635e-02 -2.235193e+00 5.486428e-01
 2.977507e-01 -2.290123e+00 7.240668e-01
 5.817293e-01 -2.234784e+00 8.956187e-01
 8.801909e-01 -2.052982e+00 1.051536e+00
 1.089380e+00 -1.795048e+00 1.152239e+00
 1.215740e+00 -1.467775e+00 1.177418e+00
 1.228906e+00 -1.047229e+00 1.110679e+00
 1.078899e+00 -6.434652e-01 9.716630e-01
 7.934375e-01 -3.548001e-01 7.263693e-01
 7.247048e-01 -2.086966e-01 6.254364e-01
 6.738870e-01 8.093450e-02 5.313626e-01
 6.653911e-01 3.540993e-01 5.213774e-01
 6.825591e-01 7.634028e-01 5.151255e-01
 5.626338e-01 1.112326e+00 4.801276e-01
 3.592708e-01 1.372468e+00 4.283874e-01
 8.824410e-02 1.544923e+00 3.654277e-01
 -2.001086e-01 1.603142e+00 3.441143e-01
 -4.065220e-01 1.633635e+00 4.045792e-01
 -6.782124e-01 1.760975e+00 4.858840e-01
 -1.055037e+00 1.959300e+00 3.827299e-01
 -1.415612e+00 2.049143e+00 9.699150e-02
