 2.533417e-01 3.232021e+00 1.484001e+00
 -9.996820e-02 3.188859e+00 1.625796e+00
 -4.421057e-01 3.022343e+00 1.690044e+00
 -7.233969e-01 2.752863e+00 1.667227e+00
 -9.057199e-01 2.425347e+00 1.548876e+00
 -9.626084e-01 2.095977e+00 1.344492e+00
 -8.889686e-01 1.813951e+00 1.075939e+00
 -6.927944e-01 1.631052e+00 7.819646e-01
 -3.656065e-01 1.581928e+00 4.228384e-01
 1.004250e-02 1.970896e+00 -1.132385e-01
 2.877554e-01 2.042098e+00 -3.834363e-01
 5.646184e-01 1.950679e+00 -6.823586e-01
 7.966529e-01 1.708061e+00 -9.229359e-01
 9.567588e-01 1.343332e+00 -1.067907e+00
 1.009377e+00 9.301574e-01 -1.083527e+00
 9.119416e-01 5.349652e-01 -9.865186e-01
 6.549159e-01 2.315075e-01 -8.731252e-01
 3.065367e-01 9.096274e-02 -8.302034e-01
 -3.997912e-02 -4.305057e-02 -9.649496e-01
 -4.039664e-01 -1.438590e-01 -1.306760e+00
 -6.255420e-01 -3.333420e-01 -1.513753e+00
 -8.560475e-01 -6.229017e-01 -1.622507e+00
 -1.047328e+00 -9.536599e-01 -1.599282e+00
 -1.153611e+00 -1.290693e+00 -1.457716e+00
 -1.156923e+00 -1.571493e+00 -1.230493e+00
 -1.057290e+00 -1.775171e+00 -9.752198e-01
 -8.760603e-01 -1.901892e+00 -7.820761e-01
 -6.240540e-01 -2.053804e+00 -6.744756e-01
 -2.552565e-01 -2.633192e+00 -5.127970e-01
 5.656633e-02 -2.854364e+00 -3.550623e-01
 4.220066e-01 -2.921428e+00 -1.695437e-01
 7.793721e-01 -2.822826e+00 8.510823e-03
 1.060582e+00 -2.574876e+00 1.796751e-01
 1.219994e+00 -2.210808e+00 3.180863e-01
 1.225606e+00 -1.783146e+00 3.779932e-01
 1.090987e+00 -1.363825e+00 3.154854e-01
 8.814987e-01 -1.062778e+00 1.074297e-01
 7.022292e-01 -9.383141e-01 -1.666544e-01
 6.422133e-01 -8.532595e-01 -5.148823e-01
 7.159149e-01 -8.213651e-01 -1.030514e+00
 6.848022e-01 -6.782255e-01 -1.396310e+00
 6.104316e-01 -4.106306e-01 -1.685572e+00
 5.161038e-01 -6.805000e-02 -1.843887e+00
 3.717201e-01 3.049807e-01 -1.860484e+00
 1.943053e-01 6.327811e-01 -1.722398e+00
 2.960169e-02 9.042722e-01 -1.407388e+00
 -2.432321e-02 1.043945e+00 -9.914567e-01
 5.740704e-02 1.059407e+00 -6.202240e-01
 2.516692e-01 1.010323e+00 -3.578174e-01
 5.308262e-01 1.054482e+00 -1.797513e-01
 1.066275e+00 1.012697e+00 1.165160e-02
 1.387055e+00 1.054682e+00 3.045256e-01
 1.572247e+00 1.201526e+00 6.724461e-01
 1.581497e+00 1.406736e+00 1.053198e+00
 1.410407e+00 1.628244e+00 1.387966e+00
 1.099862e+00 1.841310e+00 1.600935e+00
 7.221458e-01 2.024905e+00 1.651182e+00
 3.465091e-01 2.159428e+00 1.531992e+00
 9.617078e-02 2.233837e+00 1.305090e+00
 -4.330838e-03 2.322962e+00 1.082622e+00
 -8.647717e-02 2.453236e+00 9.151412e-01
 -3.196533e-01 2.605901e+00 7.230271e-01
 -6.095553e-01 2.625954e+00 5.128973e-01
 -8.761689e-01 2.508408e+00 2.749145e-01
 -1.067852e+00 2.271149e+00 5.100835e-02
 -1.166743e+00 1.936543e+00 -1.226630e-01
 -1.154691e+00 1.551198e+00 -2.215971e-01
 -8.467037e-01 4.965764e-01 -2.120944e-01
 -7.892670e-01 1.865320e-01 -1.146347e-01
 -7.564342e-01 -2.064947e-02 1.650638e-02
 -7.619748e-01 -1.972357e-01 2.147854e-01
 -9.264557e-01 -4.184836e-01 6.597282e-01
 -9.344761e-01 -6.892522e-01 9.595391e-01
 -8.179566e-01 -1.005626e+00 1.172126e+00
 -6.088409e-01 -1.321816e+00 1.258834e+00
 -3.541458e-01 -1.615168e+00 1.199345e+00
 -1.110959e-01 -1.852021e+00 9.997863e-01
 7.762538e-02 -1.999884e+00 6.895806e-01
 1.822379e-01 -2.030036e+00 3.525418e-01
 3.072504e-01 -1.894754e+00 -8.126156e-02
 5.022847e-01 -1.909521e+00 -3.729434e-01
 7.830335e-01 -1.881601e+00 -5.506243e-01
 1.092507e+00 -1.769242e+00 -6.427015e-01
 1.395759e+00 -1.547366e+00 -6.514607e-01
 1.588296e+00 -1.262926e+00 -6.087233e-01
 1.672793e+00 -9.017667e-01 -5.297176e-01
 1.626787e+00 -5.466924e-01 -3.957348e-01
 1.452759e+00 -2.457637e-01 -2.219758e-01
 1.177482e+00 -4.758505e-02 -3.624316e-02
 5.495015e-01 1.019138e-01 2.178982e-01
 2.547042e-01 2.236715e-01 3.117721e-01
 -1.463115e-01 5.455073e-01 6.011405e-01
 -4.771238e-01 6.151248e-01 7.726733e-01
 -9.137802e-01 6.377075e-01 8.096230e-01
 -1.278698e+00 5.687772e-01 7.195881e-01
 -1.576194e+00 4.000991e-01 5.135443e-01
 -1.753726e+00 1.216274e-01 2.249856e-01
 -1.761597e+00 -2.115677e-01 -7.054532e-02
 -1.586826e+00 -5.133470e-01 -3.332988e-01
 -1.261021e+00 -7.355698e-01 -5.211130e-01
 -7.535855e-01 -8.520892e-01 -6.251906e-01
 -4.417105e-01 -9.915412e-01 -7.416751e-01
 -2.856192e-01 -1.087626e+00 -9.160051e-01
 -1.629282e-01 -1.287174e+00 -1.184827e+00
 -1.494136e-01 -1.544837e+00 -1.423556e+00
 -2.385673e-01 -1.844959e+00 -1.598174e+00
 -4.151110e-01 -2.161929e+00 -1.671519e+00
 -6.435969e-01 -2.454750e+00 -1.620783e+00
 -9.005836e-01 -2.676203e+00 -1.453492e+00
 -1.138610e+00 -2.801624e+00 -1.187514e+00
 -1.306978e+00 -2.824710e+00 -8.498711e-01
 -1.381834e+00 -2.740238e+00 -4.841136e-01
 -1.359609e+00 -2.549246e+00 -1.451055e-01
 -1.249248e+00 -2.271901e+00 1.104770e-01
 -1.061293e+00 -1.952306e+00 2.443531e-01
 -5.651405e-01 -1.338913e+00 2.364460e-01
 -3.666086e-01 -1.177579e+00 2.655577e-01
 -1.723166e-01 -1.059825e+00 3.568685e-01
 -3.734091e-02 -9.073759e-01 5.221138e-01
 2.877489e-01 -4.655398e-01 1.050640e+00
 4.020616e-01 -2.646243e-01 1.185197e+00
 5.159987e-01 -9.740984e-03 1.272515e+00
 6.017361e-01 2.649816e-01 1.295969e+00
 6.496397e-01 5.478461e-01 1.258394e+00
 6.509821e-01 8.207861e-01 1.166426e+00
 5.688482e-01 1.297695e+00 8.885873e-01
 5.971337e-01 1.532417e+00 7.626502e-01
 6.993359e-01 1.747525e+00 6.464696e-01
 8.337042e-01 1.983945e+00 6.160556e-01
 9.321337e-01 2.327879e+00 6.870187e-01
 9.256457e-01 2.659531e+00 8.430650e-01
 8.038474e-01 2.947001e+00 1.058274e+00
 5.699604e-01 3.146511e+00 1.286353e+00
