 3.500388e-01 -3.391769e-01 -1.613024e+00
 6.312897e-01 -1.444357e-01 -1.822275e+00
 7.373442e-01 1.405771e-01 -2.193273e+00
 6.456838e-01 5.279087e-01 -2.463556e+00
 4.402199e-01 9.168163e-01 -2.542511e+00
 1.680550e-01 1.232341e+00 -2.461482e+00
 -1.400953e-01 1.424591e+00 -2.276834e+00
 -4.083591e-01 1.485660e+00 -2.032250e+00
 -6.220459e-01 1.436001e+00 -1.758572e+00
 -7.652008e-01 1.292408e+00 -1.490229e+00
 -8.360549e-01 9.737990e-01 -1.074073e+00
 -8.726606e-01 8.705478e-01 -7.175713e-01
 -9.029442e-01 9.010863e-01 -4.243752e-01
 -1.137991e+00 1.046208e+00 2.705001e-02
 -1.203900e+00 1.048776e+00 4.415676e-01
 -1.110660e+00 9.672140e-01 8.385856e-01
 -8.839127e-01 7.614907e-01 1.163818e+00
 -5.410410e-01 4.697150e-01 1.349418e+00
 -4.111662e-01 3.727473e-01 1.456270e+00
 -2.967306e-01 2.866248e-01 1.601100e+00
 -1.805257e-01 2.329745e-01 1.803463e+00
 -5.473443e-02 2.270440e-01 2.060441e+00
 1.013248e-01 1.882042e-01 2.256929e+00
 2.870567e-01 1.047866e-01 2.415675e+00
 4.872032e-01 -1.561969e-02 2.522008e+00
 6.885820e-01 -1.652196e-01 2.570570e+00
 8.786798e-01 -3.378160e-01 2.559438e+00
 1.056446e+00 -5.213386e-01 2.481673e+00
 1.215598e+00 -7.081442e-01 2.324241e+00
 1.329392e+00 -8.852979e-01 2.080625e+00
 1.359318e+00 -1.030651e+00 1.775093e+00
 1.275230e+00 -1.132821e+00 1.431891e+00
 1.068493e+00 -1.174082e+00 1.130578e+00
 8.405185e-01 -1.190001e+00 9.918238e-01
 6.545605e-01 -1.250885e+00 9.131968e-01
 5.034968e-01 -1.340931e+00 7.842896e-01
 3.863141e-01 -1.386931e+00 6.321762e-01
 2.518936e-01 -1.383335e+00 4.219475e-01
 1.071549e-01 -1.300048e+00 1.847419e-01
 -2.636838e-02 -1.115349e+00 -5.046134e-02
 -2.178567e-01 -5.294452e-01 -4.450475e-01
 -2.778255e-01 -3.599285e-01 -5.585964e-01
 -3.372786e-01 -2.576639e-01 -6.502603e-01
 -4.632250e-01 -7.879617e-02 -8.774251e-01
 -6.479536e-01 -2.846988e-02 -1.128582e+00
 -9.281266e-01 -5.434317e-02 -1.375915e+00
 -1.368905e+00 -1.787683e-01 -1.501265e+00
 -1.818382e+00 -3.565308e-01 -1.401208e+00
 -2.157894e+00 -4.930291e-01 -1.103073e+00
 -2.348605e+00 -5.435526e-01 -6.590858e-01
 -2.333127e+00 -5.099850e-01 -1.826922e-01
 -2.116385e+00 -4.145223e-01 2.279498e-01
 -1.754612e+00 -2.761392e-01 4.854978e-01
 -1.334533e+00 -1.229619e-01 5.469176e-01
 -7.259100e-01 1.463004e-01 3.418357e-01
 -4.485446e-01 3.366468e-01 3.276124e-01
 -3.223112e-01 4.901590e-01 3.393706e-01
 -2.366130e-01 6.934515e-01 3.708044e-01
 -1.430795e-01 1.119522e+00 4.176799e-01
 1.840265e-01 1.474246e+00 4.461672e-01
 6.088478e-01 1.666802e+00 6.153097e-01
 1.001868e+00 1.632091e+00 8.413705e-01
 1.308778e+00 1.411265e+00 1.094293e+00
 1.469489e+00 1.037605e+00 1.366425e+00
 1.439609e+00 6.149029e-01 1.550254e+00
 1.235486e+00 2.069639e-01 1.622337e+00
 7.776901e-01 -2.036173e-01 1.561301e+00
 6.509271e-01 -3.220141e-01 1.573161e+00
 5.501269e-01 -4.399833e-01 1.605726e+00
 4.363450e-01 -5.819405e-01 1.682146e+00
 3.713262e-01 -7.486339e-01 1.765280e+00
 3.434534e-01 -9.628834e-01 1.837884e+00
 3.562986e-01 -1.175927e+00 1.878198e+00
 3.975757e-01 -1.388862e+00 1.880268e+00
 4.682746e-01 -1.607731e+00 1.840607e+00
 5.823160e-01 -1.840528e+00 1.735334e+00
 7.402840e-01 -2.061325e+00 1.526773e+00
 9.422982e-01 -2.199804e+00 1.188492e+00
 1.160490e+00 -2.146801e+00 7.417817e-01
 1.290638e+00 -1.816622e+00 2.828666e-01
 1.218423e+00 -1.228602e+00 3.073919e-03
 9.357641e-01 -6.521972e-01 9.673483e-02
 4.778929e-01 -3.262399e-01 4.363014e-01
 -7.351216e-01 -6.326410e-01 1.282319e+00
 -1.150161e+00 -3.249730e-01 1.791971e+00
 -1.189869e+00 2.817022e-01 2.183842e+00
 -8.520358e-01 9.284913e-01 2.258193e+00
 -2.764991e-01 1.278566e+00 2.000237e+00
 2.857091e-01 1.173902e+00 1.577556e+00
 5.262607e-01 7.245208e-01 1.083420e+00
 6.266100e-01 6.525873e-01 9.166860e-01
 7.847527e-01 6.465898e-01 6.282547e-01
 8.818615e-01 6.939411e-01 4.255597e-01
 1.151374e+00 1.006816e+00 -2.382857e-01
 1.159504e+00 1.093272e+00 -6.022790e-01
 1.071517e+00 1.102631e+00 -9.249291e-01
 9.287527e-01 1.057222e+00 -1.174730e+00
 7.514654e-01 9.887978e-01 -1.352849e+00
 5.651896e-01 9.182314e-01 -1.463758e+00
 4.255421e-01 8.680046e-01 -1.509539e+00
 7.634659e-02 6.866814e-01 -1.583878e+00
 -1.077798e-01 5.603358e-01 -1.734063e+00
 -1.956592e-01 4.847876e-01 -1.867261e+00
 -2.761081e-01 3.253041e-01 -2.052145e+00
 -2.931876e-01 1.643665e-01 -2.209096e+00
 -2.662708e-01 -1.664542e-03 -2.340888e+00
 -2.047456e-01 -1.752460e-01 -2.444902e+00
 -1.070697e-01 -3.556729e-01 -2.521020e+00
 2.950456e-02 -5.493949e-01 -2.560231e+00
 2.148115e-01 -7.509150e-01 -2.545966e+00
 4.417530e-01 -9.469766e-01 -2.445179e+00
 6.943912e-01 -1.101072e+00 -2.226788e+00
 9.422534e-01 -1.144805e+00 -1.891952e+00
 1.121511e+00 -1.021997e+00 -1.487264e+00
 1.163959e+00 -7.285550e-01 -1.102942e+00
 1.041899e+00 -3.380240e-01 -8.490682e-01
 3.020072e-01 5.341846e-01 -5.614938e-01
 1.997558e-01 7.519658e-01 -5.341927e-01
 -1.457780e-02 1.459114e+00 -5.870431e-01
 -4.729935e-01 1.842371e+00 -5.790705e-01
 -1.065750e+00 1.915906e+00 -6.466630e-01
 -1.578901e+00 1.654411e+00 -7.627018e-01
 -1.885295e+00 1.131541e+00 -7.667521e-01
 -1.872063e+00 5.424756e-01 -6.344555e-01
 -1.439224e+00 -6.241833e-02 -4.764022e-01
 -1.344685e+00 -3.675272e-01 -4.688908e-01
 -1.269819e+00 -6.652818e-01 -5.818882e-01
 -1.103130e+00 -9.119803e-01 -8.144951e-01
 -8.383466e-01 -1.039214e+00 -1.075127e+00
 -5.401150e-01 -1.031217e+00 -1.280091e+00
 -2.741832e-01 -9.326509e-01 -1.412843e+00
 -6.970385e-02 -7.940377e-01 -1.481640e+00
