 2.822455e+00 8.245763e-01 3.054470e-01
 2.766073e+00 9.501957e-01 -5.298945e-02
 2.571038e+00 1.065308e+00 -3.659128e-01
 2.263360e+00 1.156211e+00 -5.864608e-01
 1.887206e+00 1.204169e+00 -6.822570e-01
 1.504418e+00 1.192661e+00 -6.424710e-01
 1.174185e+00 1.099621e+00 -4.909968e-01
 9.598115e-01 9.514957e-01 -2.803312e-01
 8.440635e-01 7.736857e-01 -6.448056e-02
 7.871181e-01 5.084264e-01 8.570455e-02
 8.152664e-01 3.024428e-01 2.018522e-01
 1.182812e+00 -4.010179e-01 8.233337e-01
 1.207129e+00 -6.703745e-01 1.005000e+00
 1.139707e+00 -9.611521e-01 1.139423e+00
 9.867680e-01 -1.242555e+00 1.211819e+00
 7.636964e-01 -1.484702e+00 1.214005e+00
 4.557509e-01 -1.687842e+00 1.134061e+00
 1.561618e-01 -1.764968e+00 9.934655e-01
 -6.107461e-02 -1.750200e+00 8.078207e-01
 -1.762671e-01 -1.744369e+00 6.036203e-01
 -2.767956e-01 -1.799466e+00 4.011981e-01
 -4.754551e-01 -1.881802e+00 2.236487e-01
 -6.853150e-01 -1.892452e+00 1.014150e-01
 -9.514545e-01 -1.810171e+00 -3.310802e-02
 -1.223612e+00 -1.634102e+00 -1.281817e-01
 -1.432211e+00 -1.390977e+00 -1.683952e-01
 -1.554775e+00 -1.130432e+00 -1.562238e-01
 -1.609672e+00 -7.016991e-01 -1.554403e-01
 -1.739613e+00 -3.772559e-01 -2.777356e-01
 -1.855941e+00 -1.381517e-01 -5.171306e-01
 -1.835489e+00 5.630278e-02 -8.177026e-01
 -1.622932e+00 2.455289e-01 -1.192240e+00
 -1.303954e+00 2.941570e-01 -1.483193e+00
 -9.593562e-01 2.242458e-01 -1.641197e+00
 -5.538949e-01 1.543814e-01 -1.639540e+00
 -2.269695e-01 2.063120e-01 -1.718686e+00
 2.152601e-02 3.613370e-01 -1.794769e+00
 2.348428e-01 5.966003e-01 -1.799007e+00
 3.996101e-01 8.668438e-01 -1.700320e+00
 5.041026e-01 1.163212e+00 -1.493275e+00
 5.069105e-01 1.403507e+00 -1.233776e+00
 4.166858e-01 1.572488e+00 -9.437262e-01
 2.950123e-01 1.622414e+00 -6.615090e-01
 1.591499e-01 1.560868e+00 -3.641079e-01
 -2.236151e-02 1.273991e+00 1.928289e-02
 -1.224727e-01 1.180862e+00 1.961500e-01
 -2.024405e-01 1.146884e+00 3.430307e-01
 -4.258568e-01 1.165871e+00 6.653396e-01
 -6.326869e-01 1.019900e+00 1.023021e+00
 -7.578270e-01 7.258170e-01 1.347355e+00
 -7.667803e-01 4.535643e-01 1.509417e+00
 -6.983671e-01 1.516020e-01 1.576834e+00
 -5.063137e-01 -2.708392e-01 1.524813e+00
 -2.449526e-01 -5.848141e-01 1.340298e+00
 9.604331e-03 -7.346226e-01 1.089112e+00
 2.409616e-01 -7.843745e-01 6.725316e-01
 4.233401e-01 -9.540411e-01 3.956646e-01
 6.056782e-01 -1.196491e+00 2.400470e-01
 7.176044e-01 -1.562185e+00 1.501625e-01
 7.169583e-01 -1.945209e+00 1.545896e-01
 6.021337e-01 -2.304068e+00 2.444738e-01
 3.862974e-01 -2.579560e+00 4.038800e-01
 8.508074e-02 -2.738050e+00 5.867048e-01
 -2.543613e-01 -2.754810e+00 7.673792e-01
 -5.819250e-01 -2.626886e+00 9.269349e-01
 -8.511435e-01 -2.373785e+00 1.038121e+00
 -1.034064e+00 -2.042410e+00 1.064300e+00
 -1.112154e+00 -1.678190e+00 1.000799e+00
 -1.068372e+00 -1.327511e+00 8.662894e-01
 -9.277113e-01 -1.054185e+00 6.605669e-01
 -7.608308e-01 -9.167418e-01 4.404144e-01
 -5.978662e-01 -8.521177e-01 1.247680e-01
 -2.894380e-01 -1.014418e+00 -3.379734e-01
 -2.026681e-01 -1.061241e+00 -5.434916e-01
 -1.532657e-01 -1.076280e+00 -7.554588e-01
 -1.386152e-01 -1.059879e+00 -9.895885e-01
 -1.608384e-01 -1.015372e+00 -1.230877e+00
 -3.945216e-01 -7.101719e-01 -2.174202e+00
 -4.891037e-01 -4.658252e-01 -2.460478e+00
 -5.712010e-01 -1.270303e-01 -2.633476e+00
 -6.269461e-01 2.584724e-01 -2.667315e+00
 -6.458189e-01 6.341542e-01 -2.555546e+00
 -6.351306e-01 9.702655e-01 -2.288423e+00
 -6.136607e-01 1.160326e+00 -1.920952e+00
 -5.676618e-01 1.182919e+00 -1.534476e+00
 -4.591665e-01 1.052499e+00 -1.159846e+00
 -3.243859e-01 8.772634e-01 -9.555398e-01
 -1.028821e-01 6.713829e-01 -8.244070e-01
 1.517479e-01 4.627003e-01 -7.871349e-01
 5.633875e-01 2.053247e-01 -8.701798e-01
 9.001920e-01 1.040112e-01 -8.481630e-01
 1.231598e+00 7.273038e-02 -7.225871e-01
 1.527709e+00 1.315506e-01 -5.120888e-01
 1.721243e+00 2.589542e-01 -2.559935e-01
 1.818189e+00 4.753780e-01 3.508088e-02
 1.813654e+00 6.844947e-01 2.108191e-01
 1.800044e+00 8.831464e-01 2.809532e-01
 1.835369e+00 1.095718e+00 3.505813e-01
 1.889864e+00 1.329205e+00 5.531244e-01
 1.865841e+00 1.530565e+00 8.809483e-01
 1.736451e+00 1.626557e+00 1.246384e+00
 1.503206e+00 1.614087e+00 1.567901e+00
 1.207824e+00 1.499387e+00 1.795129e+00
 8.943711e-01 1.302189e+00 1.900289e+00
 6.068867e-01 1.053339e+00 1.872797e+00
 3.838569e-01 7.875130e-01 1.720390e+00
 2.612044e-01 5.556286e-01 1.480889e+00
 1.705212e-01 3.607095e-01 1.052985e+00
 -1.572327e-02 2.322635e-01 7.632899e-01
 -1.777721e-01 1.708739e-01 6.505025e-01
 -5.316309e-01 9.922707e-02 5.516718e-01
 -9.342361e-01 6.297394e-02 5.815040e-01
 -1.795361e+00 -2.038902e-01 7.339501e-01
 -2.109401e+00 -3.477251e-01 6.809867e-01
 -2.375719e+00 -5.137714e-01 5.183456e-01
 -2.560269e+00 -6.825608e-01 2.615111e-01
 -2.636158e+00 -8.327887e-01 -6.155778e-02
 -2.588163e+00 -9.435007e-01 -4.114089e-01
 -2.417800e+00 -9.973867e-01 -7.404516e-01
 -2.118617e+00 -9.977031e-01 -1.017502e+00
 -1.770467e+00 -9.387846e-01 -1.155410e+00
 -1.383816e+00 -8.046041e-01 -1.156151e+00
 -1.068676e+00 -6.163589e-01 -1.032015e+00
 -9.162205e-01 -4.303293e-01 -8.671585e-01
 -8.388209e-01 -2.279138e-01 -7.152831e-01
 -8.346611e-01 -3.222188e-03 -5.664707e-01
 -8.981035e-01 1.873110e-01 -4.367400e-01
 -1.042284e+00 5.514030e-01 -3.067225e-01
 -1.049171e+00 1.406494e+00 -1.606204e-01
 -9.412147e-01 1.731343e+00 -5.585481e-02
 -7.462438e-01 1.986122e+00 1.058705e-01
 -4.915402e-01 2.134952e+00 3.007543e-01
 -1.971083e-01 2.164917e+00 4.824779e-01
 1.111472e-01 2.073680e+00 6.372738e-01
 3.922213e-01 1.861545e+00 7.568896e-01
 9.491094e-01 1.062650e+00 9.094507e-01
 1.055336e+00 9.168166e-01 9.647778e-01
 1.198661e+00 7.603555e-01 1.083603e+00
 1.464889e+00 6.375861e-01 1.207497e+00
 1.820384e+00 5.678680e-01 1.248222e+00
 2.192518e+00 5.650612e-01 1.165707e+00
 2.513751e+00 6.168028e-01 9.601005e-01
 2.734055e+00 7.091391e-01 6.599549e-01
