 8.535178e-01 2.955345e+00 8.289802e-01
 6.562654e-01 3.158384e+00 5.433889e-01
 4.164470e-01 3.209309e+00 2.210849e-01
 1.911386e-01 3.099503e+00 -9.937468e-02
 1.856055e-02 2.847508e+00 -3.661008e-01
 -7.865741e-02 2.493241e+00 -5.355870e-01
 -8.956369e-02 2.093882e+00 -5.794248e-01
 2.952083e-02 1.230986e+00 -3.562788e-01
 -5.110032e-02 7.855101e-01 -9.840958e-02
 -1.762461e-01 5.985674e-01 6.080486e-02
 -3.635176e-01 5.005901e-01 1.759439e-01
 -9.485583e-01 4.330007e-01 3.617891e-01
 -1.261212e+00 2.302754e-01 5.392218e-01
 -1.501817e+00 -1.391552e-01 6.745773e-01
 -1.583141e+00 -5.570067e-01 7.131381e-01
 -1.500305e+00 -9.527762e-01 6.784237e-01
 -1.284328e+00 -1.283633e+00 5.629229e-01
 -9.468546e-01 -1.511087e+00 3.640126e-01
 -5.804609e-01 -1.552962e+00 1.497084e-01
 -7.035581e-02 -1.346892e+00 -2.319305e-01
 3.336185e-01 -1.468983e+00 -4.493021e-01
 6.068106e-01 -1.746184e+00 -6.461685e-01
 7.176615e-01 -2.122960e+00 -8.372104e-01
 6.432872e-01 -2.517964e+00 -1.004851e+00
 4.014866e-01 -2.853927e+00 -1.123007e+00
 4.387954e-02 -3.076556e+00 -1.168765e+00
 -3.645703e-01 -3.145359e+00 -1.157388e+00
 -7.570561e-01 -3.053399e+00 -1.105383e+00
 -1.074889e+00 -2.824054e+00 -1.011354e+00
 -1.271448e+00 -2.495525e+00 -8.954144e-01
 -1.321630e+00 -2.107853e+00 -7.913435e-01
 -1.222467e+00 -1.726618e+00 -7.425363e-01
 -1.033649e+00 -1.463049e+00 -7.646363e-01
 -8.308407e-01 -1.265312e+00 -8.994492e-01
 -7.205465e-01 -1.097026e+00 -1.066556e+00
 -6.107086e-01 -8.300213e-01 -1.430030e+00
 -4.740591e-01 -5.901480e-01 -1.612574e+00
 -2.537986e-01 -2.911276e-01 -1.717160e+00
 -3.355020e-02 -1.035712e-02 -1.689576e+00
 1.723937e-01 2.309652e-01 -1.544381e+00
 3.495384e-01 3.883835e-01 -1.304676e+00
 4.858392e-01 4.395588e-01 -1.024440e+00
 6.162408e-01 3.719434e-01 -7.203296e-01
 7.711926e-01 2.110752e-01 -4.932949e-01
 1.152705e+00 -1.055176e-01 -3.249399e-01
 1.333164e+00 -3.531703e-01 -1.004797e-01
 1.437935e+00 -5.660572e-01 2.674167e-01
 1.446730e+00 -6.353107e-01 6.436308e-01
 1.351091e+00 -6.041953e-01 9.768193e-01
 1.082386e+00 -4.890918e-01 1.315252e+00
 7.062860e-01 -2.688874e-01 1.517917e+00
 3.508922e-01 -7.024542e-03 1.522013e+00
 -1.269129e-01 3.397435e-01 1.251689e+00
 -4.207483e-01 4.497477e-01 1.245060e+00
 -6.820396e-01 6.060493e-01 1.318611e+00
 -9.092797e-01 9.354975e-01 1.417510e+00
 -9.911603e-01 1.356478e+00 1.463544e+00
 -9.185960e-01 1.763989e+00 1.427240e+00
 -7.167766e-01 2.100463e+00 1.301491e+00
 -4.332455e-01 2.319536e+00 1.078358e+00
 -1.307911e-01 2.376162e+00 7.934940e-01
 3.818105e-01 2.176126e+00 3.245524e-01
 6.606670e-01 2.211919e+00 1.464147e-01
 9.742705e-01 2.218020e+00 9.596999e-02
 1.396852e+00 2.083072e+00 1.404549e-01
 1.716486e+00 1.806152e+00 2.724266e-01
 1.865494e+00 1.444689e+00 4.190647e-01
 1.833086e+00 1.025449e+00 5.518027e-01
 1.643443e+00 6.603132e-01 6.270691e-01
 1.325497e+00 3.999484e-01 6.690873e-01
 9.209028e-01 2.564695e-01 6.230399e-01
 6.779744e-01 9.303272e-02 5.541531e-01
 5.369953e-01 -1.245446e-01 5.054409e-01
 4.315331e-01 -5.056354e-01 5.048588e-01
 4.793597e-01 -1.401233e+00 6.258035e-01
 4.447417e-01 -1.770790e+00 5.574331e-01
 3.483016e-01 -2.083397e+00 3.867277e-01
 1.950258e-01 -2.304739e+00 1.393347e-01
 -3.767295e-03 -2.407815e+00 -1.410780e-01
 -1.906424e-01 -2.379771e+00 -4.206931e-01
 -3.004889e-01 -2.253208e+00 -6.602538e-01
 -3.055703e-01 -2.155191e+00 -8.710353e-01
 -3.390309e-01 -2.115049e+00 -1.161552e+00
 -5.247507e-01 -2.066136e+00 -1.456972e+00
 -8.407665e-01 -1.922259e+00 -1.687122e+00
 -1.185828e+00 -1.687474e+00 -1.769095e+00
 -1.480934e+00 -1.395415e+00 -1.692654e+00
 -1.655344e+00 -1.084739e+00 -1.494943e+00
 -1.692684e+00 -7.961206e-01 -1.208920e+00
 -1.603175e+00 -5.928268e-01 -8.624150e-01
 -1.398764e+00 -5.062677e-01 -5.181585e-01
 -9.187641e-01 -5.583002e-01 -6.223277e-02
 -7.225145e-01 -5.353756e-01 1.178952e-01
 -6.091377e-01 -5.396298e-01 3.253479e-01
 -5.530727e-01 -5.522958e-01 6.743917e-01
 -6.457186e-01 -5.396216e-01 1.436619e+00
 -6.478585e-01 -3.613270e-01 1.830800e+00
 -5.673651e-01 -6.047598e-02 2.120553e+00
 -3.985746e-01 2.973684e-01 2.265098e+00
 -2.006555e-01 6.704108e-01 2.232155e+00
 -4.857696e-02 1.019431e+00 2.025364e+00
 3.716055e-02 1.259952e+00 1.693130e+00
 3.159067e-02 1.368532e+00 1.294616e+00
 -7.863820e-02 1.366264e+00 9.779431e-01
 -2.241380e-01 1.348171e+00 7.755547e-01
 -6.490519e-01 1.478432e+00 4.130854e-01
 -8.795794e-01 1.443247e+00 8.824405e-02
 -9.898920e-01 1.298468e+00 -2.118486e-01
 -9.899562e-01 1.062322e+00 -4.867828e-01
 -8.866794e-01 7.226983e-01 -6.965735e-01
 -6.806068e-01 3.052752e-01 -7.826084e-01
 -1.078383e-01 -3.341073e-01 -6.825592e-01
 1.090282e-01 -5.091881e-01 -7.811382e-01
 3.494892e-01 -6.033997e-01 -9.508022e-01
 7.179755e-01 -5.642525e-01 -1.180122e+00
 1.023077e+00 -3.832438e-01 -1.329086e+00
 1.294268e+00 -8.639406e-02 -1.363961e+00
 1.483341e+00 2.520367e-01 -1.261777e+00
 1.567310e+00 6.022805e-01 -1.033509e+00
 1.512735e+00 8.822609e-01 -7.485301e-01
 1.335052e+00 1.067524e+00 -4.476157e-01
 9.779089e-01 1.140843e+00 -2.166549e-02
 8.286929e-01 1.236280e+00 3.441780e-01
 8.552397e-01 1.317074e+00 6.059662e-01
 9.354394e-01 1.507875e+00 8.685764e-01
 9.936183e-01 1.836187e+00 1.067920e+00
 1.024802e+00 2.227734e+00 1.123983e+00
 9.774879e-01 2.627861e+00 1.038957e+00
