 -2.343857e+00 1.352096e-01 2.651153e-01
 -2.335511e+00 4.243050e-01 1.967271e-01
 -2.208008e+00 7.678672e-01 -1.172943e-02
 -1.974570e+00 9.820178e-01 -2.616955e-01
 -1.680522e+00 1.054155e+00 -4.931995e-01
 -1.378609e+00 9.915921e-01 -6.902211e-01
 -1.092620e+00 8.263479e-01 -8.183221e-01
 -5.188567e-01 2.471511e-01 -9.391579e-01
 7.430085e-02 -3.759747e-01 -9.096256e-01
 2.969267e-01 -5.940410e-01 -1.076735e+00
 4.642362e-01 -7.867961e-01 -1.355456e+00
 4.744404e-01 -1.017812e+00 -1.734088e+00
 2.920102e-01 -1.214242e+00 -2.094475e+00
 -5.338511e-02 -1.374450e+00 -2.342412e+00
 -4.840794e-01 -1.462031e+00 -2.426075e+00
 -9.143804e-01 -1.462276e+00 -2.338911e+00
 -1.270522e+00 -1.377002e+00 -2.104285e+00
 -1.495366e+00 -1.217739e+00 -1.760768e+00
 -1.539982e+00 -1.012764e+00 -1.359766e+00
 -1.368750e+00 -8.293986e-01 -9.421379e-01
 -1.072962e+00 -7.561716e-01 -6.973289e-01
 -8.383544e-01 -7.700459e-01 -5.536856e-01
 -3.248719e-01 -1.120722e+00 -2.608975e-01
 1.457423e-01 -1.329988e+00 2.528545e-01
 4.157525e-01 -1.348269e+00 5.177123e-01
 7.931681e-01 -1.231586e+00 7.533636e-01
 1.187519e+00 -9.314521e-01 8.844248e-01
 1.479551e+00 -4.512424e-01 8.760266e-01
 1.733903e+00 1.437653e-01 7.722725e-01
 1.886221e+00 3.444214e-01 6.719743e-01
 2.085766e+00 4.994000e-01 5.545119e-01
 2.392776e+00 6.998989e-01 5.642991e-01
 2.644459e+00 9.877422e-01 7.146221e-01
 2.756233e+00 1.228016e+00 9.128324e-01
 2.771719e+00 1.432657e+00 1.112714e+00
 2.715861e+00 1.611024e+00 1.307067e+00
 2.583629e+00 1.769850e+00 1.515817e+00
 2.333265e+00 1.900060e+00 1.739754e+00
 1.921516e+00 1.951807e+00 1.922352e+00
 1.380471e+00 1.835335e+00 1.947461e+00
 8.963976e-01 1.491369e+00 1.706995e+00
 7.440994e-01 1.053140e+00 1.215661e+00
 9.776951e-01 8.490108e-01 6.089960e-01
 1.478060e+00 1.122959e+00 -1.274272e-01
 1.691671e+00 1.114420e+00 -3.956880e-01
 1.891686e+00 9.519095e-01 -7.347393e-01
 1.994915e+00 6.039661e-01 -1.054593e+00
 1.932220e+00 1.010387e-01 -1.246788e+00
 1.680897e+00 -4.030378e-01 -1.212911e+00
 1.385157e+00 -7.529522e-01 -9.166923e-01
 1.038749e+00 -8.382931e-01 -4.234979e-01
 7.635997e-01 -6.396647e-01 -1.623205e-01
 5.011330e-01 -3.446091e-02 6.638344e-01
 2.421645e-01 1.630289e-01 9.496022e-01
 -1.324574e-01 3.750040e-01 1.060272e+00
 -5.679805e-01 4.800639e-01 1.001990e+00
 -9.641730e-01 5.014705e-01 7.618555e-01
 -1.240107e+00 4.287368e-01 3.843738e-01
 -1.363749e+00 1.910177e-01 -4.947409e-02
 -1.489015e+00 5.784538e-02 -2.781800e-01
 -1.767182e+00 2.171312e-02 -5.894180e-01
 -2.166995e+00 4.232053e-02 -7.607090e-01
 -2.575944e+00 9.029452e-02 -7.556905e-01
 -2.945621e+00 1.141706e-01 -5.923396e-01
 -3.216305e+00 1.125105e-01 -3.111654e-01
 -3.360342e+00 8.930124e-02 3.742632e-02
 -3.369468e+00 4.947699e-02 4.144847e-01
 -3.229331e+00 -3.570940e-03 7.894713e-01
 -2.918201e+00 -8.636403e-02 1.106758e+00
 -2.448126e+00 -1.849523e-01 1.258023e+00
 -1.935072e+00 -2.962150e-01 1.143781e+00
 -1.580566e+00 -4.394598e-01 7.897087e-01
 -1.490861e+00 -6.965508e-01 4.052310e-01
 -1.421936e+00 -1.379934e+00 3.526631e-02
 -1.323290e+00 -1.636419e+00 -2.410409e-01
 -1.148765e+00 -1.780159e+00 -5.811977e-01
 -9.084165e-01 -1.764073e+00 -9.271069e-01
 -6.561927e-01 -1.553396e+00 -1.238715e+00
 -5.042568e-01 -1.196099e+00 -1.416025e+00
 -5.469167e-01 -8.000690e-01 -1.611480e+00
 -4.096175e-01 -4.822111e-01 -1.846578e+00
 -1.433750e-01 -1.872054e-01 -1.940910e+00
 1.925925e-01 7.657289e-02 -1.863316e+00
 5.484644e-01 2.823553e-01 -1.574705e+00
 8.256889e-01 3.179596e-01 -1.139156e+00
 1.093214e+00 2.462086e-01 -6.361849e-01
 1.267654e+00 1.858307e-01 -4.474977e-01
 1.416568e+00 1.273557e-01 -3.360401e-01
 1.594023e+00 4.745691e-02 -2.684187e-01
 1.973664e+00 -2.457577e-01 -1.719027e-01
 2.321359e+00 -4.137682e-01 1.178140e-01
 2.562441e+00 -4.181161e-01 5.074435e-01
 2.665799e+00 -2.832020e-01 9.087635e-01
 2.637947e+00 -3.598479e-02 1.256718e+00
 2.479750e+00 2.837564e-01 1.505075e+00
 2.218651e+00 6.481699e-01 1.595888e+00
 1.925366e+00 9.832108e-01 1.473645e+00
 1.794121e+00 1.175405e+00 1.247535e+00
 1.757857e+00 1.374741e+00 1.067251e+00
 1.634619e+00 1.620584e+00 9.532066e-01
 1.314593e+00 1.858240e+00 7.793647e-01
 9.356125e-01 1.917634e+00 5.862385e-01
 5.690800e-01 1.787802e+00 3.893194e-01
 2.693946e-01 1.496223e+00 2.388562e-01
 -1.530326e-01 5.374924e-01 5.111958e-02
 -2.261931e-01 3.484134e-01 3.676909e-02
 -3.407113e-01 2.755196e-02 8.329150e-02
 -3.986460e-01 -1.290061e-01 1.739930e-01
 -5.812535e-01 -8.241616e-01 8.915790e-01
 -8.654619e-01 -1.165937e+00 1.106771e+00
 -1.318804e+00 -1.380378e+00 1.195053e+00
 -1.813683e+00 -1.410012e+00 1.122361e+00
 -2.231561e+00 -1.274497e+00 8.811831e-01
 -2.480938e+00 -9.847812e-01 5.514494e-01
 -2.518521e+00 -5.692636e-01 2.786558e-01
 -2.398095e+00 -2.263975e-01 2.079061e-01
