 1.685555e+00 5.759430e-02 1.884525e+00
 1.721840e+00 1.270578e-01 1.505011e+00
 1.767265e+00 6.172185e-02 1.203102e+00
 1.896851e+00 -9.971353e-02 9.416370e-01
 2.162877e+00 -1.911247e-01 6.932291e-01
 2.470548e+00 -6.218404e-02 3.529398e-01
 2.625609e+00 2.625124e-01 -1.101122e-02
 2.553040e+00 7.019257e-01 -3.047346e-01
 2.263295e+00 1.166296e+00 -4.209703e-01
 1.381388e+00 1.852031e+00 -2.151959e-01
 1.118535e+00 1.961583e+00 -1.632736e-01
 7.526390e-01 2.001605e+00 -1.215611e-01
 3.871553e-01 1.916685e+00 -9.601051e-02
 7.366113e-02 1.716295e+00 -7.766479e-02
 -1.963856e-01 1.373462e+00 -6.681166e-02
 -3.989100e-01 1.218360e+00 -8.514424e-02
 -5.670834e-01 1.145033e+00 -1.182563e-01
 -7.591979e-01 1.099904e+00 -1.136258e-01
 -1.074454e+00 1.067266e+00 -7.147778e-02
 -1.371001e+00 9.648535e-01 -9.706972e-02
 -1.619145e+00 8.079380e-01 -1.800719e-01
 -1.783820e+00 6.242347e-01 -2.806708e-01
 -1.886521e+00 4.243233e-01 -4.280467e-01
 -1.921687e+00 3.122866e-01 -5.534061e-01
 -1.961407e+00 2.321988e-01 -7.178945e-01
 -2.062689e+00 1.448461e-01 -9.126725e-01
 -2.215609e+00 -5.073397e-02 -1.088132e+00
 -2.333179e+00 -3.573679e-01 -1.213865e+00
 -2.368469e+00 -7.156855e-01 -1.255594e+00
 -2.297274e+00 -1.086726e+00 -1.216142e+00
 -2.111167e+00 -1.418736e+00 -1.088229e+00
 -1.801499e+00 -1.647816e+00 -8.998159e-01
 -1.396551e+00 -1.701107e+00 -6.731558e-01
 -9.935645e-01 -1.526178e+00 -4.371020e-01
 -7.235205e-01 -1.159247e+00 -2.624206e-01
 -5.998739e-01 -1.035901e+00 -1.633532e-01
 -5.056773e-01 -9.824951e-01 -1.087248e-01
 -4.530987e-01 -9.566043e-01 -7.406881e-02
 -3.711040e-01 -9.202837e-01 -5.594674e-03
 -2.329646e-01 -8.711530e-01 1.466316e-01
 -1.136464e-01 -8.479828e-01 3.347683e-01
 1.472049e-01 -8.793419e-01 9.807212e-01
 3.346823e-01 -8.869957e-01 1.261617e+00
 6.462453e-01 -8.501694e-01 1.483962e+00
 9.796480e-01 -7.986638e-01 1.560816e+00
 1.246147e+00 -7.930909e-01 1.519584e+00
 1.441364e+00 -8.510496e-01 1.485294e+00
 1.723100e+00 -9.219210e-01 1.523050e+00
 2.067674e+00 -8.588588e-01 1.602650e+00
 2.388567e+00 -6.552872e-01 1.645795e+00
 2.624405e+00 -3.480468e-01 1.621886e+00
 2.743786e+00 1.013306e-02 1.526133e+00
 2.737243e+00 3.580733e-01 1.352184e+00
 2.604962e+00 6.457018e-01 1.126936e+00
 2.359484e+00 8.321081e-01 8.647461e-01
 2.047930e+00 8.646824e-01 6.170327e-01
 1.753505e+00 7.325807e-01 3.721767e-01
 1.455875e+00 1.786817e-01 -1.531564e-01
 8.813146e-01 -5.145404e-02 -3.279859e-01
 7.704724e-02 6.905298e-02 -3.313116e-02
 -4.370786e-01 5.617410e-01 7.388210e-01
 -6.508694e-01 1.114775e+00 9.328634e-01
 -8.136544e-01 1.701620e+00 7.479437e-01
 -9.133120e-01 2.066083e+00 2.665890e-01
 -8.953257e-01 2.113998e+00 -3.447019e-01
 -6.755133e-01 1.874265e+00 -8.592694e-01
 -3.682352e-01 1.427287e+00 -1.108784e+00
 9.402761e-02 5.389079e-01 -9.796852e-01
 4.552326e-01 2.432979e-01 -1.195896e+00
 5.795250e-01 -7.934742e-02 -1.544755e+00
 4.584136e-01 -4.474457e-01 -1.880872e+00
 1.263900e-01 -7.683029e-01 -2.090189e+00
 -3.131640e-01 -9.882791e-01 -2.102460e+00
 -7.624890e-01 -1.079534e+00 -1.909115e+00
 -1.127821e+00 -1.003303e+00 -1.558348e+00
 -1.338716e+00 -7.485971e-01 -1.070405e+00
 -1.397116e+00 -6.998336e-01 -9.252182e-01
 -1.490690e+00 -6.710281e-01 -7.384877e-01
 -1.650903e+00 -7.055994e-01 -5.071048e-01
 -1.935924e+00 -7.088725e-01 -3.255498e-01
 -2.306508e+00 -5.833737e-01 -2.080654e-01
 -2.643630e+00 -3.277283e-01 -1.969756e-01
 -2.869066e+00 2.728909e-02 -2.802588e-01
 -2.936561e+00 4.330326e-01 -4.450986e-01
 -2.809468e+00 8.247840e-01 -6.761312e-01
 -2.469585e+00 1.110443e+00 -9.380436e-01
 -1.955024e+00 1.178881e+00 -1.151951e+00
 -1.396753e+00 9.719644e-01 -1.195765e+00
 -1.054105e+00 5.789972e-01 -1.053656e+00
 -8.766066e-01 2.220752e-01 -6.192051e-01
 -1.151985e+00 -4.063172e-01 5.587447e-01
 -1.018323e+00 -1.241261e+00 8.230674e-01
 -4.737637e-01 -1.858582e+00 5.426921e-01
 5.654437e-02 -1.917144e+00 -1.434428e-01
 1.585635e-01 -1.422571e+00 -8.527810e-01
 -3.628243e-01 -3.898774e-01 -1.225528e+00
 -5.139689e-01 -7.670099e-02 -1.603329e+00
 -2.534953e-01 4.110241e-01 -2.011475e+00
 2.667529e-01 8.878164e-01 -2.023749e+00
 7.176947e-01 1.168797e+00 -1.644136e+00
 9.242066e-01 1.212778e+00 -1.032966e+00
 8.307852e-01 1.018625e+00 -4.092205e-01
 7.207348e-01 9.395949e-01 1.177962e-01
 7.016076e-01 8.359083e-01 3.671943e-01
 7.289827e-01 7.085572e-01 5.518986e-01
 7.599785e-01 5.438225e-01 6.581888e-01
 8.485581e-01 1.502294e-01 7.514090e-01
 9.035506e-01 -1.576683e-01 7.267157e-01
 1.061012e+00 -7.279168e-01 4.997439e-01
 1.057322e+00 -1.308614e+00 6.247678e-01
 1.054305e+00 -1.720527e+00 1.055642e+00
 1.119705e+00 -1.830949e+00 1.618374e+00
 1.232083e+00 -1.647742e+00 2.113091e+00
 1.342221e+00 -1.278086e+00 2.423090e+00
 1.460131e+00 -8.569391e-01 2.518748e+00
 1.564148e+00 -4.686839e-01 2.434017e+00
 1.639056e+00 -1.508779e-01 2.210838e+00
