 -1.805809e+00 -9.644098e-02 2.305895e+00
 -2.014826e+00 -2.975323e-01 2.127209e+00
 -2.136810e+00 -4.905443e-01 1.876004e+00
 -2.158678e+00 -6.551934e-01 1.580917e+00
 -2.079646e+00 -7.717967e-01 1.273591e+00
 -1.910647e+00 -8.256272e-01 9.883289e-01
 -1.576323e+00 -7.837256e-01 6.359750e-01
 -1.425863e+00 -7.218391e-01 3.751036e-01
 -1.361931e+00 -6.458486e-01 1.020203e-01
 -1.392015e+00 -5.744108e-01 -1.489425e-01
 -1.558959e+00 -3.877372e-01 -5.542644e-01
 -1.503143e+00 -1.319266e-01 -9.696436e-01
 -1.224278e+00 9.868012e-02 -1.315573e+00
 -8.408849e-01 2.299934e-01 -1.474953e+00
 -4.157362e-01 2.129005e-01 -1.509259e+00
 -1.521117e-01 6.419087e-02 -1.511008e+00
 2.864797e-02 -1.048166e-01 -1.575381e+00
 2.680948e-01 -2.638443e-01 -1.766380e+00
 5.997994e-01 -2.743118e-01 -2.030610e+00
 9.446178e-01 -1.015020e-01 -2.244769e+00
 1.253117e+00 2.254974e-01 -2.337832e+00
 1.459943e+00 6.281512e-01 -2.268373e+00
 1.534772e+00 1.018837e+00 -2.044154e+00
 1.458385e+00 1.323395e+00 -1.715537e+00
 1.251697e+00 1.479342e+00 -1.338756e+00
 9.605556e-01 1.444510e+00 -9.735044e-01
 6.620263e-01 1.226107e+00 -7.086971e-01
 4.329419e-01 8.538750e-01 -5.635881e-01
 3.373104e-01 3.912378e-01 -5.674272e-01
 4.297601e-01 2.026753e-02 -6.463909e-01
 5.564460e-01 -2.036016e-01 -7.287804e-01
 9.694364e-01 -6.875335e-01 -1.099693e+00
 1.262187e+00 -9.822729e-01 -1.151016e+00
 1.557406e+00 -1.253476e+00 -1.033478e+00
 1.802723e+00 -1.459349e+00 -7.676152e-01
 1.954753e+00 -1.569615e+00 -4.000857e-01
 2.001022e+00 -1.557870e+00 1.357989e-03
 1.951914e+00 -1.417463e+00 3.758675e-01
 1.796038e+00 -1.184903e+00 6.737166e-01
 1.547135e+00 -9.087787e-01 8.440152e-01
 1.260806e+00 -6.401665e-01 8.582469e-01
 9.258860e-01 -4.353106e-01 7.305221e-01
 6.348240e-01 -3.594445e-01 4.828552e-01
 4.339389e-01 -3.964212e-01 2.908985e-01
 1.420552e-01 -5.789067e-01 1.271024e-01
 -2.168417e-01 -9.636562e-01 5.878979e-02
 -8.431516e-01 -1.495321e+00 -1.168659e-01
 -1.215601e+00 -1.617934e+00 -1.685036e-01
 -1.619742e+00 -1.592738e+00 -1.801476e-01
 -1.991357e+00 -1.416358e+00 -1.485932e-01
 -2.265288e+00 -1.111052e+00 -8.054601e-02
 -2.403310e+00 -6.924133e-01 2.613376e-02
 -2.345033e+00 -2.943062e-01 1.578574e-01
 -2.081505e+00 7.310887e-02 2.795563e-01
 -1.694689e+00 2.959624e-01 3.337892e-01
 -1.268018e+00 3.279263e-01 3.953437e-01
 -1.069118e+00 3.886891e-01 4.765339e-01
 -8.450555e-01 5.529961e-01 5.602970e-01
 -6.778218e-01 7.628851e-01 6.238926e-01
 -5.360225e-01 9.513811e-01 7.329795e-01
 -7.836729e-02 1.344625e+00 1.125448e+00
 2.461063e-01 1.460733e+00 1.271324e+00
 6.109981e-01 1.480308e+00 1.331083e+00
 1.018409e+00 1.379556e+00 1.308857e+00
 1.321353e+00 1.183008e+00 1.215965e+00
 1.520732e+00 9.272182e-01 1.050293e+00
 1.584025e+00 6.565541e-01 8.386027e-01
 1.522041e+00 3.919061e-01 5.293607e-01
 1.404134e+00 3.003957e-01 2.412185e-01
 1.290759e+00 3.235286e-01 -6.951667e-02
 1.371482e+00 4.044199e-01 -5.465012e-01
 1.344148e+00 4.394462e-01 -8.183135e-01
 1.239178e+00 4.593694e-01 -1.084788e+00
 1.084107e+00 4.664822e-01 -1.281488e+00
 9.224240e-01 5.010876e-01 -1.401501e+00
 7.842934e-01 5.748205e-01 -1.490627e+00
 6.553982e-01 6.843880e-01 -1.625394e+00
 5.103602e-01 7.528742e-01 -1.855762e+00
 3.295329e-01 7.196638e-01 -2.120475e+00
 1.069210e-01 5.750532e-01 -2.352424e+00
 -1.371500e-01 3.354446e-01 -2.494922e+00
 -3.483559e-01 6.360393e-02 -2.520027e+00
 -5.261602e-01 -2.196496e-01 -2.429008e+00
 -6.600111e-01 -4.861678e-01 -2.220338e+00
 -7.224591e-01 -6.816704e-01 -1.943188e+00
 -7.294331e-01 -7.818985e-01 -1.617636e+00
 -6.825002e-01 -7.774624e-01 -1.280763e+00
 -6.087330e-01 -6.570481e-01 -9.649203e-01
 -5.488650e-01 -4.839180e-01 -7.615380e-01
 -5.309509e-01 -2.588826e-01 -6.154788e-01
 -5.868790e-01 -1.818508e-02 -5.053324e-01
 -6.492095e-01 2.288247e-01 -4.680157e-01
 -8.516659e-01 6.951646e-01 -4.737605e-01
 -1.060484e+00 1.009393e+00 -3.409306e-01
 -1.270475e+00 1.226413e+00 -8.909568e-02
 -1.456938e+00 1.328076e+00 2.655385e-01
 -1.556222e+00 1.291498e+00 6.358202e-01
 -1.589832e+00 1.112935e+00 9.890093e-01
 -1.589987e+00 8.046304e-01 1.252942e+00
 -1.548143e+00 4.244491e-01 1.379682e+00
 -1.428510e+00 7.039756e-02 1.375052e+00
 -1.291096e+00 -1.456031e-01 1.418539e+00
 -1.160118e+00 -3.836614e-01 1.563218e+00
 -9.018031e-01 -5.558684e-01 1.828553e+00
 -5.262921e-01 -5.627456e-01 2.066509e+00
 -1.220637e-01 -4.522173e-01 2.151383e+00
 3.035937e-01 -2.602458e-01 2.038490e+00
 5.898110e-01 9.848335e-03 1.777741e+00
 6.797823e-01 2.983224e-01 1.438988e+00
 5.477865e-01 6.237181e-01 7.502365e-01
 6.083324e-01 8.672427e-01 5.073924e-01
 7.936830e-01 1.129113e+00 3.399752e-01
 1.119482e+00 1.303060e+00 1.828433e-01
 1.501082e+00 1.321429e+00 5.017861e-02
 1.888004e+00 1.171965e+00 -3.661322e-02
 2.164595e+00 9.081232e-01 -9.029651e-02
 2.317509e+00 5.542190e-01 -1.376127e-01
 2.323174e+00 1.695221e-01 -1.832785e-01
 2.180833e+00 -1.912594e-01 -2.165370e-01
 1.909981e+00 -4.793641e-01 -2.245436e-01
 1.354441e+00 -7.580593e-01 -1.520077e-01
 1.154809e+00 -9.913861e-01 -1.168019e-01
 9.962604e-01 -1.211189e+00 3.049650e-02
 7.674624e-01 -1.375667e+00 3.170644e-01
 5.572742e-01 -1.387841e+00 6.304338e-01
 3.684377e-01 -1.283210e+00 8.695469e-01
 1.613430e-01 -1.078810e+00 1.038091e+00
 -6.067180e-02 -7.426033e-01 1.129356e+00
 -1.914720e-01 -2.798751e-01 1.125586e+00
 -2.977044e-01 4.581134e-02 1.240237e+00
 -3.591235e-01 2.545246e-01 1.437631e+00
 -4.769286e-01 3.976101e-01 1.689951e+00
 -6.831224e-01 4.537422e-01 1.974483e+00
 -9.499147e-01 3.947779e-01 2.221962e+00
 -1.223357e+00 2.710271e-01 2.357836e+00
 -1.537103e+00 9.022116e-02 2.388089e+00
