 7.670696e-01 -2.165101e+00 3.982063e-01
 8.711645e-01 -2.115113e+00 -1.019971e-01
 8.048164e-01 -1.893400e+00 -5.463976e-01
 5.977137e-01 -1.615052e+00 -7.930368e-01
 2.115713e-01 -1.413316e+00 -9.122995e-01
 -3.384009e-01 -1.438762e+00 -1.109954e+00
 -6.913078e-01 -1.346390e+00 -1.144311e+00
 -1.037032e+00 -1.088328e+00 -1.148369e+00
 -1.227951e+00 -7.784435e-01 -1.067230e+00
 -1.268358e+00 -3.932279e-01 -9.697112e-01
 -1.202022e+00 -4.587768e-02 -1.016413e+00
 -1.238724e+00 4.652729e-01 -1.264914e+00
 -1.085786e+00 8.952846e-01 -1.374120e+00
 -8.389600e-01 1.268020e+00 -1.322523e+00
 -5.440682e-01 1.507226e+00 -1.146012e+00
 -2.304550e-01 1.582204e+00 -8.923655e-01
 5.091322e-02 1.490918e+00 -5.773296e-01
 2.351224e-01 1.248168e+00 -2.516082e-01
 2.631291e-01 7.632528e-01 1.977642e-01
 2.968921e-01 6.618168e-01 5.478308e-01
 3.383218e-01 6.974053e-01 8.678604e-01
 5.608211e-01 8.192508e-01 1.235278e+00
 8.923779e-01 1.021423e+00 1.457671e+00
 1.281620e+00 1.250763e+00 1.490233e+00
 1.654487e+00 1.439735e+00 1.331103e+00
 1.956450e+00 1.527718e+00 1.020025e+00
 2.129412e+00 1.510181e+00 6.099805e-01
 2.129130e+00 1.409796e+00 1.752829e-01
 1.958637e+00 1.241368e+00 -1.994350e-01
 1.653798e+00 1.032354e+00 -4.435450e-01
 1.021552e+00 6.384834e-01 -5.572799e-01
 7.728782e-01 3.395719e-01 -6.288731e-01
 7.062917e-01 1.279621e-01 -6.942353e-01
 6.988287e-01 -1.256061e-01 -8.259944e-01
 7.437136e-01 -3.553891e-01 -1.019091e+00
 7.534530e-01 -9.342632e-01 -1.632345e+00
 6.801355e-01 -1.275987e+00 -1.812411e+00
 5.501320e-01 -1.645679e+00 -1.856029e+00
 3.877438e-01 -1.991343e+00 -1.753952e+00
 2.224558e-01 -2.263938e+00 -1.518656e+00
 8.043098e-02 -2.418970e+00 -1.190559e+00
 -4.763723e-02 -2.427809e+00 -8.228827e-01
 -1.435363e-01 -2.288839e+00 -4.712634e-01
 -1.635603e-01 -2.008564e+00 -1.597764e-01
 -6.398217e-02 -1.659861e+00 5.056820e-02
 1.264102e-01 -1.393414e+00 1.072869e-01
 4.922444e-01 -1.166694e+00 1.335733e-01
 1.198755e+00 -1.116087e+00 5.170172e-01
 1.504341e+00 -9.538112e-01 7.059018e-01
 1.738888e+00 -6.718721e-01 8.379957e-01
 1.860353e+00 -3.159210e-01 8.976775e-01
 1.851626e+00 7.094588e-02 8.824793e-01
 1.712274e+00 4.386349e-01 7.842395e-01
 1.281406e+00 9.196360e-01 5.072707e-01
 1.140566e+00 1.228723e+00 4.588218e-01
 8.801555e-01 1.548062e+00 5.597620e-01
 5.152407e-01 1.701493e+00 6.760360e-01
 6.983237e-02 1.676372e+00 7.279915e-01
 -3.255657e-01 1.475178e+00 6.838981e-01
 -6.695922e-01 1.052400e+00 6.978438e-01
 -1.002837e+00 9.032680e-01 7.873788e-01
 -1.255182e+00 8.034661e-01 1.004720e+00
 -1.424270e+00 6.888102e-01 1.393517e+00
 -1.406285e+00 5.606111e-01 1.787036e+00
 -1.231084e+00 3.787629e-01 2.118009e+00
 -9.439994e-01 1.788902e-01 2.324359e+00
 -5.944424e-01 -1.034029e-02 2.381477e+00
 -2.213723e-01 -1.491708e-01 2.291340e+00
 1.142044e-01 -2.096986e-01 2.073634e+00
 6.933778e-01 -1.836107e-01 1.327030e+00
 8.063307e-01 -1.842194e-01 1.074374e+00
 9.209719e-01 -1.299097e-01 4.459364e-01
 1.016762e+00 -1.334075e-01 2.848896e-01
 1.450260e+00 -2.109787e-01 -6.718786e-02
 1.677169e+00 -1.698022e-01 -4.997704e-01
 1.717867e+00 -2.805349e-02 -9.326134e-01
 1.595429e+00 1.615508e-01 -1.264504e+00
 1.319415e+00 3.432319e-01 -1.510405e+00
 8.816252e-01 5.009236e-01 -1.640225e+00
 4.490564e-01 5.842456e-01 -1.579367e+00
 7.360740e-02 5.978765e-01 -1.350026e+00
 -3.289735e-01 5.490801e-01 -7.597538e-01
 -5.048625e-01 6.068983e-01 -5.608713e-01
 -7.748646e-01 8.846782e-01 -3.654680e-01
 -1.102143e+00 1.378646e+00 -1.690221e-01
 -1.248979e+00 1.663855e+00 1.058681e-01
 -1.313504e+00 1.842952e+00 4.830856e-01
 -1.283268e+00 1.885088e+00 8.908299e-01
 -1.143497e+00 1.800555e+00 1.271948e+00
 -9.186634e-01 1.606490e+00 1.555078e+00
 -6.708929e-01 1.331054e+00 1.694771e+00
 -4.620408e-01 9.582969e-01 1.694194e+00
 -3.875560e-01 6.205061e-01 1.581248e+00
 -4.671131e-01 2.726304e-01 1.389135e+00
 -7.582205e-01 -1.281667e-01 1.341337e+00
 -9.735565e-01 -3.817696e-01 1.175761e+00
 -1.068565e+00 -6.727747e-01 9.036952e-01
 -1.022659e+00 -8.730462e-01 5.976548e-01
 -8.880924e-01 -9.514924e-01 2.181833e-01
 -6.731529e-01 -8.611907e-01 -1.825374e-01
 -3.895409e-01 -6.133357e-01 -4.819792e-01
 -2.641628e-01 -4.593486e-01 -7.766722e-01
 -2.528699e-01 -4.130833e-01 -1.188980e+00
 -3.982706e-01 -3.907195e-01 -1.548316e+00
 -6.528662e-01 -3.689337e-01 -1.816391e+00
 -9.943904e-01 -3.482603e-01 -1.975065e+00
 -1.377469e+00 -3.294509e-01 -1.995946e+00
 -1.740725e+00 -2.732806e-01 -1.875562e+00
 -2.026254e+00 -1.776623e-01 -1.634220e+00
 -2.196737e+00 -6.800654e-02 -1.295903e+00
 -2.223131e+00 2.117455e-02 -9.091577e-01
 -2.098246e+00 7.989333e-02 -5.345641e-01
 -1.838959e+00 1.034990e-01 -2.304881e-01
 -9.945034e-01 8.574487e-02 2.082349e-01
 -5.159275e-01 3.429912e-02 3.411684e-01
 -2.544159e-01 -1.678778e-01 4.527996e-01
 -1.008615e-01 -4.179956e-01 6.119825e-01
 1.921792e-03 -8.687701e-01 1.008617e+00
 1.816577e-01 -1.278604e+00 1.140552e+00
 3.807511e-01 -1.695603e+00 1.061594e+00
 5.827837e-01 -2.020974e+00 7.888789e-01
