 -2.356599e-01 6.524886e-01 -5.576643e-01
 -5.981821e-01 8.298120e-01 -6.573781e-01
 -9.641950e-01 8.640480e-01 -6.348039e-01
 -1.366841e+00 7.654691e-01 -4.871101e-01
 -1.659791e+00 5.904799e-01 -2.018601e-01
 -1.789613e+00 3.730623e-01 1.585629e-01
 -1.737431e+00 1.264392e-01 5.305535e-01
 -1.502267e+00 -6.833148e-02 8.630760e-01
 -1.319721e+00 -1.561379e-01 1.237217e+00
 -1.351386e+00 -3.432838e-01 1.717817e+00
 -1.636343e+00 -4.213401e-01 2.141743e+00
 -2.026160e+00 -3.281812e-01 2.415349e+00
 -2.396386e+00 -1.021796e-01 2.520851e+00
 -2.686670e+00 1.848424e-01 2.474877e+00
 -2.873926e+00 4.797480e-01 2.312311e+00
 -2.945874e+00 7.535053e-01 2.074110e+00
 -2.897632e+00 9.855853e-01 1.795220e+00
 -2.729915e+00 1.153487e+00 1.502055e+00
 -2.445504e+00 1.227408e+00 1.225856e+00
 -2.048078e+00 1.190922e+00 1.029384e+00
 -1.606037e+00 1.028207e+00 9.986719e-01
 -1.338491e+00 8.875143e-01 1.137277e+00
 -1.121667e+00 8.273814e-01 1.295757e+00
 -3.874180e-01 8.456347e-01 1.725978e+00
 -2.678728e-02 7.359353e-01 1.851520e+00
 3.614303e-01 4.911846e-01 1.859681e+00
 6.339370e-01 1.432191e-01 1.707756e+00
 6.675519e-01 -1.911398e-01 1.523989e+00
 6.260246e-01 -5.762391e-01 1.463930e+00
 7.413622e-01 -8.955890e-01 1.360920e+00
 8.871517e-01 -1.167237e+00 1.083540e+00
 9.984769e-01 -1.301148e+00 7.290835e-01
 1.070142e+00 -1.301220e+00 3.652158e-01
 1.117817e+00 -1.108205e+00 -1.490246e-01
 1.142440e+00 -8.589176e-01 -6.397707e-01
 1.159325e+00 -6.042728e-01 -1.040316e+00
 1.209537e+00 -2.898747e-01 -1.276476e+00
 1.325643e+00 6.027896e-02 -1.363625e+00
 1.593867e+00 3.481018e-01 -1.422017e+00
 2.058256e+00 5.084049e-01 -1.619659e+00
 2.462705e+00 4.281825e-01 -1.897334e+00
 2.704574e+00 1.923424e-01 -2.198155e+00
 2.781114e+00 -1.110830e-01 -2.453082e+00
 2.721705e+00 -4.216085e-01 -2.646830e+00
 2.555505e+00 -7.140781e-01 -2.770110e+00
 2.293401e+00 -9.745326e-01 -2.812707e+00
 1.927368e+00 -1.165004e+00 -2.764392e+00
 1.491725e+00 -1.213891e+00 -2.592329e+00
 1.108757e+00 -1.049594e+00 -2.337460e+00
 8.792695e-01 -7.133663e-01 -2.156244e+00
 7.467462e-01 -3.476800e-01 -2.171979e+00
 4.911662e-01 -6.428822e-02 -2.314822e+00
 1.673573e-01 7.274095e-02 -2.357057e+00
 -2.633783e-01 1.582943e-01 -2.209372e+00
 -6.231474e-01 1.589073e-01 -1.857331e+00
 -7.775020e-01 8.971382e-02 -1.523911e+00
 -8.678784e-01 -1.499760e-01 -8.155569e-01
 -8.794426e-01 -1.473371e-01 -4.130731e-01
 -8.430705e-01 1.107508e-04 -1.254440e-02
 -7.728561e-01 1.900276e-01 1.901412e-01
 -7.675320e-01 5.401036e-01 3.153787e-01
 -6.328532e-01 1.132699e+00 4.148503e-01
 -7.102618e-01 1.583127e+00 6.912261e-01
 -9.202950e-01 1.834453e+00 1.092855e+00
 -1.194078e+00 1.843483e+00 1.513457e+00
 -1.488230e+00 1.631468e+00 1.848823e+00
 -1.758630e+00 1.212728e+00 2.035773e+00
 -1.916454e+00 7.082352e-01 1.975438e+00
 -2.017785e+00 4.531075e-01 1.745739e+00
 -2.197240e+00 2.700464e-01 1.561510e+00
 -2.350202e+00 -6.631148e-02 1.465572e+00
 -2.319116e+00 -5.013270e-01 1.328967e+00
 -2.105747e+00 -8.507945e-01 1.181421e+00
 -1.785558e+00 -1.059160e+00 1.045687e+00
 -1.430308e+00 -1.125746e+00 9.260971e-01
 -8.874592e-01 -1.019381e+00 7.710258e-01
 -3.862473e-01 -8.677742e-01 6.247353e-01
 8.809754e-02 -6.980816e-01 4.848150e-01
 6.259842e-01 -3.743855e-01 4.648786e-01
 1.004651e+00 -2.778138e-01 5.489889e-01
 1.375638e+00 -3.106459e-01 7.676422e-01
 1.631711e+00 -3.840393e-01 1.187508e+00
 1.658872e+00 -4.653224e-01 1.668280e+00
 1.467767e+00 -5.180610e-01 2.096480e+00
 1.127294e+00 -5.382305e-01 2.384623e+00
 7.218700e-01 -5.306298e-01 2.501540e+00
 3.249207e-01 -5.034861e-01 2.453141e+00
 -5.092683e-03 -4.412220e-01 2.272731e+00
 -2.338097e-01 -3.537138e-01 2.000012e+00
 -3.473714e-01 -2.390887e-01 1.666679e+00
 -3.250043e-01 -1.061015e-01 1.326722e+00
 -2.054940e-01 7.551023e-02 1.072272e+00
 1.219254e-01 4.324931e-01 8.147277e-01
 4.762338e-01 9.662744e-01 3.290232e-01
 6.013526e-01 1.128824e+00 2.042024e-02
 6.806496e-01 1.185817e+00 -4.505722e-01
 6.757487e-01 1.053842e+00 -8.784987e-01
 5.791725e-01 7.733457e-01 -1.202182e+00
 4.000695e-01 4.515409e-01 -1.362992e+00
 1.662132e-01 -2.709950e-01 -1.316460e+00
 -1.757770e-02 -6.377220e-01 -1.551701e+00
 -1.579457e-01 -8.611216e-01 -2.005542e+00
 -6.754425e-02 -9.238584e-01 -2.545150e+00
 2.327530e-01 -8.363022e-01 -2.962033e+00
 6.036861e-01 -6.499443e-01 -3.165426e+00
 9.990742e-01 -4.341214e-01 -3.170020e+00
 1.372274e+00 -2.574389e-01 -2.984617e+00
 1.651942e+00 -1.762565e-01 -2.639308e+00
 1.774940e+00 -2.465366e-01 -2.287146e+00
 1.877547e+00 -4.137992e-01 -2.064378e+00
 2.042795e+00 -5.178718e-01 -1.841304e+00
 2.194851e+00 -5.189598e-01 -1.473487e+00
 2.214287e+00 -4.089493e-01 -1.070718e+00
 2.078870e+00 -2.310107e-01 -7.076549e-01
 1.778941e+00 -3.226623e-02 -4.322410e-01
 1.381461e+00 1.354530e-01 -3.360019e-01
 6.514117e-01 1.584848e-01 -3.846637e-01
 3.416356e-01 1.990139e-01 -3.389566e-01
 9.809389e-02 3.206762e-01 -3.664293e-01
