 -1.944306e+00 9.816020e-01 -9.248234e-01
 -1.623734e+00 1.219047e+00 -8.581289e-01
 -1.296469e+00 1.356764e+00 -6.668016e-01
 -1.013930e+00 1.372790e+00 -3.845197e-01
 -5.911421e-01 1.133501e+00 2.413287e-01
 -4.150300e-01 1.134378e+00 5.039698e-01
 -2.370459e-01 1.317321e+00 8.265295e-01
 6.856426e-02 1.622295e+00 9.985893e-01
 4.546342e-01 1.934385e+00 9.393872e-01
 8.290658e-01 2.100138e+00 6.961197e-01
 1.160165e+00 2.065852e+00 3.559294e-01
 1.375994e+00 1.844871e+00 3.620031e-03
 1.427424e+00 1.485929e+00 -3.079102e-01
 1.292063e+00 1.077622e+00 -5.190231e-01
 6.570099e-01 3.026102e-01 -6.766487e-01
 4.848273e-01 4.432312e-02 -8.633491e-01
 3.822127e-01 -4.318525e-02 -1.000779e+00
 2.401493e-01 -1.397074e-01 -1.277643e+00
 1.961242e-01 -1.791541e-01 -1.676779e+00
 3.026598e-01 -1.502597e-01 -2.064860e+00
 5.433036e-01 -7.468442e-02 -2.378925e+00
 8.822307e-01 2.652089e-02 -2.570560e+00
 1.262961e+00 1.247271e-01 -2.613009e+00
 1.631471e+00 1.985065e-01 -2.505738e+00
 1.934732e+00 2.394997e-01 -2.267677e+00
 2.131215e+00 2.419357e-01 -1.935036e+00
 2.194588e+00 2.071117e-01 -1.553772e+00
 2.119256e+00 1.272375e-01 -1.185907e+00
 1.929668e+00 4.416683e-03 -8.905916e-01
 1.663574e+00 -1.630143e-01 -7.039412e-01
 1.437960e+00 -3.302805e-01 -6.637724e-01
 1.275891e+00 -5.395429e-01 -6.578593e-01
 9.168216e-01 -1.201120e+00 -7.610122e-01
 6.710508e-01 -1.478245e+00 -7.025109e-01
 3.814786e-01 -1.676604e+00 -5.336021e-01
 1.207969e-01 -1.748532e+00 -3.178197e-01
 -9.415108e-02 -1.707455e+00 -7.557029e-02
 -2.162314e-01 -1.601599e+00 1.904477e-01
 -2.211221e-01 -1.512831e+00 5.014505e-01
 -2.299044e-01 -1.595680e+00 1.118735e+00
 -1.868302e-01 -1.478754e+00 1.536043e+00
 -1.188282e-01 -1.202558e+00 1.867355e+00
 -3.131487e-02 -8.242142e-01 2.048164e+00
 2.657810e-02 -3.857790e-01 2.053882e+00
 3.523647e-02 1.406888e-02 1.871366e+00
 3.382749e-02 3.007228e-01 1.531394e+00
 8.330912e-02 4.134544e-01 1.143723e+00
 1.827955e-01 3.642597e-01 7.963251e-01
 3.540221e-01 2.119274e-01 5.349364e-01
 5.465824e-01 1.253347e-01 3.964423e-01
 8.737234e-01 3.794847e-02 2.964586e-01
 1.528882e+00 -4.239781e-01 3.472866e-01
 1.808355e+00 -6.779972e-01 2.236418e-01
 2.029380e+00 -8.916544e-01 -4.282700e-02
 2.147935e+00 -1.029013e+00 -4.093795e-01
 2.144438e+00 -1.065223e+00 -8.204224e-01
 2.017488e+00 -9.897293e-01 -1.207941e+00
 1.788267e+00 -8.124136e-01 -1.506427e+00
 1.505932e+00 -5.499467e-01 -1.664649e+00
 1.275773e+00 -2.617083e-01 -1.660074e+00
 1.202194e+00 -2.576732e-02 -1.600285e+00
 1.164835e+00 1.914241e-01 -1.595594e+00
 1.008338e+00 4.649094e-01 -1.637969e+00
 7.350665e-01 6.979916e-01 -1.629159e+00
 3.946627e-01 8.526605e-01 -1.508222e+00
 7.591740e-02 8.877594e-01 -1.299842e+00
 -1.852051e-01 8.053435e-01 -1.030208e+00
 -3.446183e-01 6.244343e-01 -7.398858e-01
 -3.931503e-01 2.026271e-01 -1.577910e-01
 -4.987593e-01 3.419017e-02 3.693590e-02
 -6.360216e-01 -1.849382e-01 1.745282e-01
 -1.182568e+00 -1.234057e+00 3.240251e-01
 -1.233211e+00 -1.556957e+00 3.891110e-01
 -1.173724e+00 -1.881291e+00 4.560623e-01
 -1.008291e+00 -2.171054e+00 5.146108e-01
 -7.532640e-01 -2.393817e+00 5.552505e-01
 -4.359950e-01 -2.522756e+00 5.732659e-01
 -9.752696e-02 -2.538606e+00 5.757079e-01
 2.291977e-01 -2.438511e+00 5.771262e-01
 5.133472e-01 -2.227627e+00 5.622222e-01
 7.105888e-01 -1.933070e+00 5.154178e-01
 7.943786e-01 -1.595066e+00 4.364943e-01
 7.530886e-01 -1.260245e+00 3.240087e-01
 6.059301e-01 -9.897760e-01 1.990460e-01
 4.205573e-01 -8.307417e-01 5.443411e-02
 2.169201e-01 -7.257796e-01 -1.618526e-01
 -1.598121e-01 -7.520055e-01 -5.403349e-01
 -4.047102e-01 -6.700865e-01 -7.084802e-01
 -6.772738e-01 -5.339816e-01 -7.971019e-01
 -9.424014e-01 -3.826705e-01 -7.874537e-01
 -1.174788e+00 -1.838943e-01 -6.967922e-01
 -1.332617e+00 5.940830e-02 -5.473377e-01
 -1.476289e+00 4.856598e-01 -1.452405e-01
 -1.692901e+00 7.046592e-01 4.169794e-02
 -1.938736e+00 7.804867e-01 2.497340e-01
 -2.168955e+00 7.513119e-01 5.898711e-01
 -2.243956e+00 6.452752e-01 9.691757e-01
 -2.176068e+00 4.797234e-01 1.329009e+00
 -1.992954e+00 2.625628e-01 1.601768e+00
 -1.720604e+00 2.084644e-02 1.755008e+00
 -1.392017e+00 -2.011228e-01 1.769284e+00
 -1.063275e+00 -3.689704e-01 1.643603e+00
 -5.269272e-01 -5.279702e-01 1.193324e+00
 -2.609310e-01 -5.663965e-01 1.071813e+00
 -9.070151e-02 -5.849685e-01 1.036638e+00
 2.022120e-01 -6.345611e-01 1.066863e+00
 4.622652e-01 -5.886508e-01 1.149272e+00
 7.464274e-01 -4.016281e-01 1.250285e+00
 9.821714e-01 -6.552046e-02 1.317534e+00
 1.095062e+00 2.882201e-01 1.268160e+00
 1.123732e+00 6.297550e-01 1.097718e+00
 1.067174e+00 8.919082e-01 8.445955e-01
 9.205602e-01 1.060893e+00 5.471695e-01
 5.959041e-01 1.181162e+00 2.312387e-01
 4.379683e-01 1.407548e+00 2.835501e-02
 2.860966e-01 1.631247e+00 -3.995879e-02
 5.982433e-02 1.877535e+00 -1.558869e-02
 -1.900960e-01 2.064814e+00 1.021553e-01
 -4.082305e-01 2.148664e+00 2.421158e-01
 -6.496591e-01 2.150058e+00 4.086721e-01
 -8.828472e-01 2.064704e+00 5.602794e-01
 -1.086152e+00 1.891910e+00 7.104479e-01
 -1.228167e+00 1.648045e+00 8.549726e-01
 -1.293495e+00 1.367007e+00 9.614188e-01
 -1.285231e+00 1.077218e+00 1.015987e+00
 -1.217337e+00 7.155378e-01 9.894031e-01
 -1.244739e+00 3.816863e-01 9.008322e-01
 -1.355562e+00 1.350019e-01 8.080041e-01
 -1.527047e+00 -4.839590e-02 7.388038e-01
 -1.807368e+00 -2.160017e-01 5.225035e-01
 -2.080218e+00 -2.394629e-01 2.611247e-01
 -2.303249e+00 -1.289930e-01 -5.043814e-02
 -2.412624e+00 9.141684e-02 -3.698828e-01
 -2.375739e+00 3.710005e-01 -6.562432e-01
 -2.208783e+00 6.824973e-01 -8.542588e-01
