 -1.088352e+00 -1.799274e+00 -1.603021e+00
 -1.050248e+00 -2.107715e+00 -1.366787e+00
 -1.178631e+00 -2.344378e+00 -8.937029e-01
 -1.414490e+00 -2.304718e+00 -3.925224e-01
 -1.632951e+00 -1.978127e+00 1.376008e-02
 -1.778725e+00 -1.461493e+00 1.920079e-01
 -1.820556e+00 -9.224485e-01 8.735157e-02
 -1.492469e+00 5.848312e-02 -6.240707e-01
 -1.561096e+00 5.003524e-01 -7.232705e-01
 -1.626787e+00 1.007836e+00 -5.534895e-01
 -1.573134e+00 1.381365e+00 -1.254337e-01
 -1.360752e+00 1.497999e+00 3.904129e-01
 -1.066325e+00 1.324453e+00 8.428190e-01
 -7.838625e-01 9.275375e-01 1.092420e+00
 -1.621628e-01 -1.204574e-01 1.006935e+00
 1.239418e-02 -4.561786e-01 1.179749e+00
 3.743107e-01 -6.480601e-01 1.522399e+00
 8.827862e-01 -5.412989e-01 1.832832e+00
 1.365384e+00 -1.607804e-01 1.903902e+00
 1.663478e+00 2.534265e-01 1.668527e+00
 1.772449e+00 4.776099e-01 1.259139e+00
 1.931734e+00 4.644455e-01 8.743380e-01
 2.254911e+00 5.077776e-01 6.162217e-01
 2.689494e+00 7.912090e-01 4.446466e-01
 2.987782e+00 1.242888e+00 4.638025e-01
 3.040675e+00 1.762166e+00 6.210125e-01
 2.837079e+00 2.198053e+00 8.689031e-01
 2.427023e+00 2.442390e+00 1.122351e+00
 1.924350e+00 2.429265e+00 1.315823e+00
 1.467370e+00 2.168727e+00 1.389755e+00
 1.157945e+00 1.744917e+00 1.298805e+00
 1.068490e+00 1.287084e+00 1.028722e+00
 1.133821e+00 1.071552e+00 7.139064e-01
 1.197968e+00 9.719865e-01 3.868314e-01
 1.071075e+00 9.941095e-01 -1.283025e-01
 6.786412e-01 1.036617e+00 -5.021846e-01
 1.417033e-01 1.027995e+00 -6.245495e-01
 -3.718740e-01 9.324397e-01 -4.666376e-01
 -9.236284e-01 5.928365e-01 9.467581e-02
 -1.196812e+00 4.582359e-01 2.619823e-01
 -1.608123e+00 4.566246e-01 3.591114e-01
 -2.103555e+00 4.326401e-01 1.940243e-01
 -2.459852e+00 3.129818e-01 -2.218940e-01
 -2.547156e+00 6.324956e-02 -7.347789e-01
 -2.328871e+00 -2.200699e-01 -1.187716e+00
 -1.872705e+00 -4.450381e-01 -1.448964e+00
 -1.056411e+00 -6.419988e-01 -1.419582e+00
 -7.198549e-01 -8.033924e-01 -1.452939e+00
 -4.153288e-01 -9.926707e-01 -1.692125e+00
 -2.722541e-01 -1.318638e+00 -2.038654e+00
 -3.680239e-01 -1.696237e+00 -2.352237e+00
 -6.596945e-01 -2.072259e+00 -2.515758e+00
 -1.070005e+00 -2.351068e+00 -2.491937e+00
 -1.501403e+00 -2.474632e+00 -2.290173e+00
 -1.857451e+00 -2.417523e+00 -1.962789e+00
 -2.061397e+00 -2.197930e+00 -1.582240e+00
 -2.070362e+00 -1.871481e+00 -1.239979e+00
 -1.871919e+00 -1.550300e+00 -9.690734e-01
 -1.545033e+00 -1.342471e+00 -8.208447e-01
 -3.378242e-01 -1.272073e+00 -3.773647e-01
 -6.919494e-02 -1.163321e+00 -2.878410e-01
 1.593825e-01 -9.664550e-01 -1.791244e-01
 3.118045e-01 -7.031975e-01 -6.938322e-02
 3.716806e-01 -3.973414e-01 2.686280e-02
 2.896787e-01 2.405026e-01 1.696631e-01
 1.757702e-01 8.479844e-01 4.220073e-01
 1.721189e-01 1.277771e+00 3.947477e-01
 4.395300e-01 1.728510e+00 2.989027e-01
 8.913428e-01 1.979839e+00 2.504060e-01
 1.443254e+00 1.990492e+00 3.120681e-01
 1.884740e+00 1.765312e+00 5.099382e-01
 2.035055e+00 1.536127e+00 7.670038e-01
 2.126607e+00 1.445651e+00 1.041628e+00
 2.384165e+00 1.315911e+00 1.322716e+00
 2.685269e+00 9.254575e-01 1.498544e+00
 2.794309e+00 3.597573e-01 1.499381e+00
 2.605097e+00 -1.833557e-01 1.368681e+00
 2.163375e+00 -5.235755e-01 1.160887e+00
 1.615750e+00 -5.363637e-01 9.408647e-01
 1.129558e+00 -2.435015e-01 8.524933e-01
 8.819622e-01 8.268319e-02 9.616425e-01
 6.900116e-01 3.635978e-01 1.282617e+00
 4.455964e-01 4.065358e-01 1.678297e+00
 5.627911e-02 2.388106e-01 1.990867e+00
 -4.131935e-01 -4.586470e-02 2.045857e+00
 -8.329430e-01 -3.285145e-01 1.802617e+00
 -1.069988e+00 -5.336471e-01 1.326320e+00
 -1.058669e+00 -5.839771e-01 7.572322e-01
 -6.932733e-01 -4.084942e-01 4.876710e-02
 -5.294996e-01 -2.104347e-01 -4.605882e-01
 -4.262091e-01 1.777965e-01 -1.215760e+00
 -5.049369e-01 1.870639e-01 -1.750592e+00
 -6.924994e-01 -4.847297e-02 -2.199067e+00
 -9.437274e-01 -4.602027e-01 -2.439062e+00
 -1.193026e+00 -9.255851e-01 -2.407436e+00
 -1.321949e+00 -1.349970e+00 -2.135347e+00
 -1.274015e+00 -1.564069e+00 -1.830957e+00
