 -2.585779e-01 -3.934532e-02 1.378575e+00
 -1.832294e-01 -2.818105e-01 1.536094e+00
 -7.878606e-02 -4.770944e-01 1.615702e+00
 6.230763e-02 -7.568079e-01 1.636790e+00
 1.804586e-01 -1.052567e+00 1.566630e+00
 2.484718e-01 -1.302808e+00 1.415390e+00
 2.970530e-01 -1.495432e+00 1.169612e+00
 3.246445e-01 -1.609043e+00 8.560298e-01
 3.125720e-01 -1.629815e+00 5.398429e-01
 2.572472e-01 -1.563717e+00 2.285937e-01
 1.705936e-01 -1.412886e+00 -4.452307e-02
 1.233479e-01 -1.359358e+00 -2.042990e-01
 8.679182e-02 -1.345508e+00 -3.740619e-01
 1.062512e-01 -1.358452e+00 -6.685865e-01
 3.518833e-01 -1.439016e+00 -1.439606e+00
 4.150209e-01 -1.353940e+00 -1.789719e+00
 4.185980e-01 -1.161324e+00 -2.097242e+00
 3.773177e-01 -8.801501e-01 -2.319996e+00
 3.062609e-01 -5.474958e-01 -2.428006e+00
 1.886765e-01 -2.054081e-01 -2.414909e+00
 1.483723e-02 9.135302e-02 -2.292750e+00
 -1.838874e-01 3.033783e-01 -2.073263e+00
 -3.866590e-01 4.035901e-01 -1.785443e+00
 -5.119629e-01 3.916019e-01 -1.513737e+00
 -5.817574e-01 3.383764e-01 -1.361484e+00
 -6.668632e-01 2.670977e-01 -1.230777e+00
 -8.575409e-01 1.935239e-01 -1.071867e+00
 -1.211389e+00 9.971845e-02 -8.983994e-01
 -1.455816e+00 -8.267108e-02 -7.189032e-01
 -1.603135e+00 -3.308720e-01 -5.064792e-01
 -1.630015e+00 -5.816235e-01 -3.056647e-01
 -1.547220e+00 -8.143982e-01 -1.135550e-01
 -1.361322e+00 -1.052077e+00 3.693455e-02
 -1.163068e+00 -1.226251e+00 8.286418e-02
 -1.016458e+00 -1.368361e+00 5.531807e-02
 -9.192738e-01 -1.506428e+00 2.776177e-02
 -6.515961e-01 -2.019976e+00 -1.407492e-01
 -3.625083e-01 -2.257425e+00 -2.655836e-01
 5.158263e-04 -2.362859e+00 -3.853580e-01
 3.678041e-01 -2.329972e+00 -4.592009e-01
 7.020960e-01 -2.169272e+00 -4.856079e-01
 9.580244e-01 -1.893954e+00 -4.784893e-01
 1.095582e+00 -1.537419e+00 -4.571431e-01
 1.092019e+00 -1.149580e+00 -4.381305e-01
 9.537468e-01 -8.036516e-01 -4.049406e-01
 5.693025e-01 -3.929104e-01 -3.674631e-01
 3.465374e-01 -7.962063e-02 -4.557624e-01
 2.466339e-01 1.554337e-01 -5.879218e-01
 2.381303e-01 3.352160e-01 -7.421317e-01
 3.710346e-01 6.537060e-01 -1.107760e+00
 3.593940e-01 8.708377e-01 -1.281876e+00
 2.296682e-01 1.134693e+00 -1.427012e+00
 8.015281e-02 1.457144e+00 -1.466890e+00
 -4.703463e-02 1.766656e+00 -1.386180e+00
 -1.617435e-01 2.012474e+00 -1.201110e+00
 -2.518232e-01 2.190924e+00 -9.279184e-01
 -3.136510e-01 2.283710e+00 -5.712963e-01
 -3.317863e-01 2.259351e+00 -2.261778e-01
 -3.046607e-01 2.128152e+00 9.460128e-02
 -2.376774e-01 1.908251e+00 3.480964e-01
 -3.948555e-02 1.479879e+00 6.096922e-01
 1.871030e-01 1.255602e+00 8.596281e-01
 3.646439e-01 1.201378e+00 1.058854e+00
 6.661589e-01 1.270821e+00 1.330574e+00
 9.474502e-01 1.256145e+00 1.468636e+00
 1.253101e+00 1.117523e+00 1.600553e+00
 1.489111e+00 8.774268e-01 1.710019e+00
 1.632005e+00 5.645363e-01 1.781012e+00
 1.675256e+00 2.228056e-01 1.772674e+00
 1.627778e+00 -1.532816e-01 1.654704e+00
 1.491557e+00 -4.436618e-01 1.461017e+00
 1.263728e+00 -6.368761e-01 1.222275e+00
 9.819359e-01 -6.994232e-01 9.761181e-01
 6.148812e-01 -6.221596e-01 7.464043e-01
 2.875064e-01 -6.031287e-01 6.541008e-01
 -7.231216e-02 -6.823947e-01 6.124087e-01
 -3.833487e-01 -8.827747e-01 7.169511e-01
 -6.640609e-01 -1.101914e+00 9.675965e-01
 -8.827305e-01 -1.337410e+00 1.063768e+00
 -1.138666e+00 -1.587691e+00 1.042094e+00
 -1.386155e+00 -1.805292e+00 8.981596e-01
 -1.594967e+00 -1.962235e+00 6.486452e-01
 -1.738801e+00 -2.037188e+00 3.234990e-01
 -1.797600e+00 -2.019393e+00 -3.705214e-02
 -1.757658e+00 -1.913329e+00 -3.879344e-01
 -1.615659e+00 -1.736535e+00 -6.833750e-01
 -1.394620e+00 -1.505934e+00 -8.805098e-01
 -1.132597e+00 -1.252865e+00 -9.482279e-01
 -8.865847e-01 -9.889074e-01 -8.802151e-01
 -7.078265e-01 -7.735376e-01 -7.056209e-01
 -5.997933e-01 -6.163667e-01 -4.939157e-01
 -6.129585e-01 -4.004753e-01 -2.200227e-01
 -7.348483e-01 -2.111962e-01 1.221917e-02
 -8.662872e-01 -1.368798e-01 2.158156e-01
 -1.243945e+00 -4.790620e-02 1.091583e+00
 -1.280130e+00 -1.392280e-02 1.370100e+00
 -1.237296e+00 3.049281e-02 1.650802e+00
 -1.113623e+00 8.098964e-02 1.913554e+00
 -9.241952e-01 1.433624e-01 2.125688e+00
 -6.472826e-01 2.195269e-01 2.291841e+00
 -3.604316e-01 2.977979e-01 2.350347e+00
 -5.410798e-02 3.709510e-01 2.306273e+00
 2.465161e-01 3.961919e-01 2.164933e+00
 4.962202e-01 3.649153e-01 1.944759e+00
 6.443056e-01 2.932743e-01 1.704129e+00
 7.462284e-01 2.520292e-01 1.331896e+00
 8.917575e-01 3.075509e-01 1.099054e+00
 1.124294e+00 3.458566e-01 9.123883e-01
 1.524436e+00 4.253044e-01 7.504922e-01
 1.800710e+00 6.093886e-01 5.411681e-01
 1.951650e+00 8.521117e-01 2.591768e-01
 1.947052e+00 1.135357e+00 -8.508841e-02
 1.788989e+00 1.346536e+00 -3.709012e-01
 1.498159e+00 1.492087e+00 -5.911510e-01
 1.112564e+00 1.581602e+00 -6.938781e-01
 7.019118e-01 1.608177e+00 -6.470568e-01
 4.414728e-01 1.562426e+00 -5.210987e-01
 2.099923e-01 1.410947e+00 -4.375991e-01
 -4.598480e-02 1.304858e+00 -4.486036e-01
 -4.120085e-01 1.219168e+00 -5.951845e-01
 -1.033138e+00 1.206951e+00 -1.081471e+00
 -1.256908e+00 1.097968e+00 -1.336314e+00
 -1.410775e+00 8.830924e-01 -1.584492e+00
 -1.472407e+00 5.887026e-01 -1.791005e+00
 -1.437750e+00 2.519456e-01 -1.914432e+00
 -1.296344e+00 -8.934413e-02 -1.955136e+00
 -1.043269e+00 -3.838022e-01 -1.920288e+00
 -7.277045e-01 -5.678547e-01 -1.813796e+00
 -3.800222e-01 -6.176458e-01 -1.667353e+00
 -1.666857e-01 -5.599489e-01 -1.521742e+00
 5.950823e-02 -4.552333e-01 -1.427127e+00
 5.114098e-01 -3.732944e-01 -1.415528e+00
 7.602372e-01 -2.881269e-01 -1.369179e+00
 9.554758e-01 -1.811935e-01 -1.287672e+00
 1.098391e+00 -6.890386e-02 -1.178445e+00
 1.199897e+00 4.747718e-02 -1.033332e+00
 1.258365e+00 1.795270e-01 -8.565253e-01
 1.261783e+00 3.170078e-01 -6.651016e-01
 1.202304e+00 4.669642e-01 -4.428094e-01
 9.576624e-01 7.838232e-01 -5.510287e-02
 9.450860e-01 1.059323e+00 1.904703e-01
 1.033916e+00 1.384292e+00 3.169516e-01
 1.009470e+00 1.652035e+00 3.996841e-01
 8.853425e-01 1.956211e+00 5.844923e-01
 7.187354e-01 2.147271e+00 7.993234e-01
 5.129289e-01 2.237968e+00 1.033026e+00
 2.743807e-01 2.218515e+00 1.251787e+00
 2.249855e-02 2.088694e+00 1.445646e+00
 -2.246229e-01 1.848584e+00 1.587331e+00
 -3.986095e-01 1.557592e+00 1.642053e+00
 -4.958214e-01 1.229158e+00 1.618251e+00
 -5.060915e-01 9.116242e-01 1.520690e+00
 -3.827528e-01 5.282243e-01 1.349147e+00
 -2.905326e-01 2.041727e-01 1.318968e+00
