 2.008692e+00 3.617849e-01 5.316843e-02
 2.206424e+00 8.607971e-02 -1.161380e-01
 2.302566e+00 -3.343831e-01 -2.142270e-01
 2.218608e+00 -7.268637e-01 -2.506745e-01
 1.931486e+00 -1.103344e+00 -2.619370e-01
 1.523715e+00 -1.321927e+00 -1.936157e-01
 1.062799e+00 -1.341694e+00 -6.164314e-02
 6.576767e-01 -1.157279e+00 1.111614e-01
 1.558025e-01 -4.944536e-01 5.160616e-01
 -4.202975e-02 -3.431927e-01 7.202942e-01
 -2.601712e-01 -1.128826e-01 1.520102e+00
 -7.187192e-01 3.755933e-02 1.897756e+00
 -1.347561e+00 1.146996e-01 1.958789e+00
 -1.869237e+00 9.107876e-02 1.682985e+00
 -2.165238e+00 4.361691e-03 1.122962e+00
 -2.092590e+00 -1.213624e-01 5.204850e-01
 -1.686574e+00 -2.510836e-01 7.067250e-02
 -5.654752e-01 -4.110970e-01 -1.927922e-01
 -2.400827e-01 -5.266266e-01 -4.353362e-01
 -6.199068e-02 -7.108933e-01 -7.694119e-01
 -4.550125e-02 -9.972985e-01 -1.105916e+00
 -1.925191e-01 -1.329810e+00 -1.354133e+00
 -4.676511e-01 -1.645966e+00 -1.466760e+00
 -8.099348e-01 -1.895090e+00 -1.427529e+00
 -1.151011e+00 -2.047949e+00 -1.243033e+00
 -1.434423e+00 -2.085500e+00 -9.499562e-01
 -1.620997e+00 -2.004826e+00 -6.007986e-01
 -1.684427e+00 -1.827522e+00 -2.570043e-01
 -1.615351e+00 -1.605436e+00 4.433616e-02
 -1.427430e+00 -1.384214e+00 2.699525e-01
 -1.189369e+00 -1.231784e+00 3.823212e-01
 -9.001559e-01 -1.183838e+00 4.611024e-01
 -6.533854e-01 -1.205356e+00 6.042649e-01
 -2.792417e-01 -1.311369e+00 9.725768e-01
 3.102131e-02 -1.255182e+00 1.201912e+00
 3.371742e-01 -1.108580e+00 1.325874e+00
 6.023148e-01 -8.866193e-01 1.352379e+00
 7.965423e-01 -5.870618e-01 1.302774e+00
 8.770589e-01 -2.634803e-01 1.202858e+00
 8.598706e-01 4.222983e-02 1.029396e+00
 7.880540e-01 3.503674e-01 6.268922e-01
 7.674605e-01 6.165106e-01 4.383772e-01
 7.970381e-01 1.588050e+00 3.385452e-01
 7.045800e-01 1.930339e+00 2.133302e-01
 5.278757e-01 2.193027e+00 1.151506e-02
 2.637747e-01 2.352928e+00 -2.473539e-01
 -2.400114e-02 2.365658e+00 -4.923292e-01
 -2.997563e-01 2.237136e+00 -7.068885e-01
 -5.228100e-01 1.978656e+00 -8.812568e-01
 -6.394874e-01 1.631488e+00 -1.008720e+00
 -6.398323e-01 1.245214e+00 -1.055873e+00
 -5.563494e-01 8.870423e-01 -9.868142e-01
 -5.481387e-01 6.727370e-01 -9.554476e-01
 -5.739873e-01 5.250277e-01 -9.512651e-01
 -6.182110e-01 3.748327e-01 -9.688953e-01
 -6.947660e-01 1.977274e-01 -1.019289e+00
 -8.605188e-01 -7.159092e-02 -1.127423e+00
 -9.830606e-01 -3.877598e-01 -1.141975e+00
 -1.055553e+00 -7.442710e-01 -1.049156e+00
 -1.050309e+00 -1.031051e+00 -8.706165e-01
 -9.654768e-01 -1.218150e+00 -6.719395e-01
 -8.342199e-01 -1.349553e+00 -5.550148e-01
 -7.088023e-01 -1.543204e+00 -4.656911e-01
 -6.599056e-01 -1.790612e+00 -3.206903e-01
 -6.858442e-01 -2.036554e+00 -5.364201e-02
 -7.818881e-01 -2.182414e+00 2.783133e-01
 -9.239035e-01 -2.196132e+00 6.371772e-01
 -1.074813e+00 -2.067515e+00 9.656236e-01
 -1.203132e+00 -1.822176e+00 1.217858e+00
 -1.277012e+00 -1.489208e+00 1.371608e+00
 -1.297472e+00 -1.109293e+00 1.403509e+00
 -1.272129e+00 -7.367961e-01 1.299584e+00
 -1.184859e+00 -4.002681e-01 1.057487e+00
 -1.151349e+00 -2.263011e-01 9.767821e-01
 -1.134307e+00 -7.509264e-02 9.435199e-01
 -1.134122e+00 5.594926e-02 9.305200e-01
 -1.141501e+00 1.720059e-01 9.326176e-01
 -1.199685e+00 5.951220e-01 9.876129e-01
 -1.166385e+00 9.559253e-01 9.343723e-01
 -1.048123e+00 1.254935e+00 8.017971e-01
 -8.585847e-01 1.467606e+00 6.058910e-01
 -6.125682e-01 1.571516e+00 3.656341e-01
 -3.319371e-01 1.547202e+00 9.540646e-02
 -2.727876e-02 1.358809e+00 -2.333097e-01
 1.628322e-01 1.345200e+00 -4.283080e-01
 4.047359e-01 1.467784e+00 -8.373101e-01
 6.432564e-01 1.421024e+00 -1.157940e+00
 9.395868e-01 1.243182e+00 -1.404475e+00
 1.181260e+00 9.716626e-01 -1.520180e+00
 1.378178e+00 5.937914e-01 -1.499981e+00
 1.486498e+00 2.292928e-01 -1.334130e+00
 1.485521e+00 -8.288590e-02 -1.054241e+00
 1.391742e+00 -2.732722e-01 -7.160697e-01
 1.260784e+00 -3.145518e-01 -2.824197e-01
 1.287786e+00 -3.474347e-01 9.328831e-02
 1.429995e+00 -4.460967e-01 3.494773e-01
 1.735013e+00 -4.591373e-01 6.480831e-01
 2.123118e+00 -3.252480e-01 8.356699e-01
 2.484429e+00 -4.479913e-02 8.837767e-01
 2.730087e+00 3.311786e-01 7.929407e-01
 2.797843e+00 7.397208e-01 6.039821e-01
 2.682094e+00 1.096836e+00 3.409411e-01
 2.414094e+00 1.321038e+00 4.158155e-02
 2.045172e+00 1.368049e+00 -2.296921e-01
 1.647141e+00 1.230387e+00 -4.146050e-01
 1.054224e+00 7.111165e-01 -5.362072e-01
 7.915933e-01 5.434485e-01 -6.260975e-01
 5.210717e-01 4.003241e-01 -9.522216e-01
 2.375783e-01 3.931272e-01 -1.558123e+00
 -7.267248e-02 4.600585e-01 -1.841999e+00
 -4.767402e-01 5.481124e-01 -1.971831e+00
 -9.173356e-01 6.448712e-01 -1.916402e+00
 -1.287947e+00 7.065483e-01 -1.684423e+00
 -1.511991e+00 7.272413e-01 -1.336436e+00
 -1.571861e+00 7.461901e-01 -8.896703e-01
 -1.452782e+00 7.515830e-01 -4.764113e-01
 -1.185437e+00 7.279657e-01 -1.566722e-01
 -5.410943e-01 5.498868e-01 1.866828e-01
 -3.630676e-01 5.615562e-01 3.852320e-01
 -6.045041e-02 8.122944e-01 1.007917e+00
 2.105515e-01 9.173211e-01 1.258686e+00
 5.480943e-01 9.958068e-01 1.394836e+00
 9.014658e-01 1.026468e+00 1.408679e+00
 1.236297e+00 9.897073e-01 1.310261e+00
 1.521499e+00 8.918685e-01 1.102558e+00
 1.717278e+00 7.581780e-01 8.006423e-01
 1.833173e+00 4.989059e-01 2.869511e-01
