 3.069637e-01 -1.405237e+00 2.291544e+00
 -2.479439e-02 -1.481685e+00 2.135782e+00
 -2.950779e-01 -1.487844e+00 1.878063e+00
 -4.655990e-01 -1.425568e+00 1.559633e+00
 -5.143705e-01 -1.326257e+00 1.207292e+00
 -4.270318e-01 -1.224094e+00 8.692299e-01
 -2.480532e-01 -1.155719e+00 6.311440e-01
 5.762144e-02 -1.163420e+00 3.902487e-01
 5.449903e-01 -1.505337e+00 3.709655e-02
 8.087381e-01 -1.569801e+00 -2.069078e-01
 1.050448e+00 -1.508578e+00 -4.704785e-01
 1.228940e+00 -1.337089e+00 -7.241296e-01
 1.313060e+00 -1.085583e+00 -9.588652e-01
 1.301864e+00 -7.865449e-01 -1.130919e+00
 1.214635e+00 -4.582498e-01 -1.209327e+00
 1.080095e+00 -1.306618e-01 -1.174732e+00
 9.223429e-01 1.428978e-01 -1.030757e+00
 7.450091e-01 3.343893e-01 -8.012019e-01
 4.604551e-01 4.515707e-01 -4.255090e-01
 3.159211e-01 6.114495e-01 -2.195648e-01
 2.452942e-01 8.713474e-01 -5.183108e-02
 1.517059e-01 1.239957e+00 1.098146e-02
 4.474216e-02 1.547892e+00 -5.510787e-02
 -1.111571e-01 1.817922e+00 -2.368464e-01
 -3.164605e-01 1.991299e+00 -5.015842e-01
 -5.286284e-01 2.032976e+00 -7.699615e-01
 -7.532563e-01 1.952639e+00 -1.023713e+00
 -9.768545e-01 1.768167e+00 -1.215960e+00
 -1.164063e+00 1.500506e+00 -1.329810e+00
 -1.292315e+00 1.175274e+00 -1.357464e+00
 -1.349597e+00 8.310780e-01 -1.290965e+00
 -1.304875e+00 1.537055e-01 -9.684658e-01
 -1.348888e+00 -4.776453e-02 -8.992734e-01
 -1.420447e+00 -2.282284e-01 -8.408251e-01
 -1.540510e+00 -4.733048e-01 -8.521302e-01
 -1.636345e+00 -7.817375e-01 -9.737239e-01
 -1.657114e+00 -1.068591e+00 -1.196789e+00
 -1.573398e+00 -1.294735e+00 -1.472888e+00
 -1.391633e+00 -1.433712e+00 -1.759673e+00
 -1.130191e+00 -1.467903e+00 -2.019710e+00
 -8.243291e-01 -1.384437e+00 -2.222513e+00
 -5.092595e-01 -1.192780e+00 -2.332526e+00
 -2.289970e-01 -9.200610e-01 -2.324836e+00
 -2.708527e-02 -6.061351e-01 -2.194668e+00
 6.165199e-02 -3.016687e-01 -1.962023e+00
 4.116521e-02 -7.017562e-02 -1.647323e+00
 -8.496679e-02 5.387053e-02 -1.289711e+00
 -2.581788e-01 4.622407e-02 -1.004764e+00
 -4.244857e-01 -1.861675e-01 -5.308121e-01
 -6.212444e-01 -6.303170e-01 -3.416208e-01
 -7.122556e-01 -1.356423e+00 -2.786604e-01
 -6.367945e-01 -1.739791e+00 -1.330598e-01
 -4.709794e-01 -2.028822e+00 1.246778e-01
 -2.479213e-01 -2.169595e+00 4.502392e-01
 2.040808e-02 -2.141769e+00 7.810455e-01
 2.885310e-01 -1.951755e+00 1.035049e+00
 4.877935e-01 -1.610197e+00 1.219765e+00
 5.287272e-01 -1.257518e+00 1.300620e+00
 4.313044e-01 -9.841014e-01 1.359036e+00
 3.332756e-01 -7.793976e-01 1.484338e+00
 3.458946e-01 -5.060948e-01 1.641500e+00
 3.890514e-01 -2.126994e-01 1.685677e+00
 4.148689e-01 1.268567e-01 1.608091e+00
 4.254515e-01 4.080994e-01 1.438812e+00
 4.930502e-01 7.534661e-01 1.031188e+00
 5.701124e-01 1.077535e+00 9.114427e-01
 6.994396e-01 1.293982e+00 8.672291e-01
 9.541795e-01 1.490482e+00 8.177626e-01
 1.309270e+00 1.597045e+00 7.522408e-01
 1.639748e+00 1.576084e+00 6.625379e-01
 1.936949e+00 1.442928e+00 5.343504e-01
 2.157707e+00 1.213113e+00 3.655278e-01
 2.264531e+00 9.266381e-01 1.723200e-01
 2.246882e+00 6.034849e-01 -4.419872e-03
 2.107971e+00 2.819517e-01 -1.286033e-01
 1.863023e+00 8.824611e-03 -1.888640e-01
 1.071555e+00 -4.374329e-01 -1.969829e-01
 7.676067e-01 -5.447283e-01 -2.782106e-01
 5.232822e-01 -6.169214e-01 -4.710746e-01
 3.190322e-01 -8.393462e-01 -7.910273e-01
 1.592297e-01 -9.226446e-01 -9.713945e-01
 -4.983763e-02 -9.626111e-01 -1.135629e+00
 -2.966338e-01 -9.547013e-01 -1.258003e+00
 -5.486416e-01 -8.707663e-01 -1.354679e+00
 -7.212143e-01 -7.356411e-01 -1.441572e+00
 -8.172590e-01 -6.111294e-01 -1.550046e+00
 -9.874826e-01 -4.886689e-01 -1.739787e+00
 -1.334638e+00 -3.625319e-01 -1.872509e+00
 -1.746126e+00 -2.114664e-01 -1.831755e+00
 -2.099100e+00 -5.014228e-02 -1.601962e+00
 -2.305951e+00 1.302147e-01 -1.233908e+00
 -2.318014e+00 2.838586e-01 -7.996254e-01
 -2.136721e+00 3.634827e-01 -3.825913e-01
 -1.803948e+00 3.557539e-01 -7.376973e-02
 -1.185725e+00 2.894038e-01 1.212223e-01
 -8.178833e-01 4.110298e-01 2.716343e-01
 -6.330648e-01 6.022854e-01 3.996718e-01
 -5.051285e-01 8.081230e-01 6.501134e-01
 -4.572675e-01 1.107339e+00 1.131611e+00
 -3.123382e-01 1.243501e+00 1.434458e+00
 -6.035667e-02 1.334750e+00 1.683150e+00
 2.630627e-01 1.372557e+00 1.840036e+00
 6.105130e-01 1.336725e+00 1.896203e+00
 9.479075e-01 1.222828e+00 1.852944e+00
 1.226764e+00 1.049673e+00 1.707864e+00
 1.410856e+00 8.547252e-01 1.479810e+00
 1.500794e+00 6.832882e-01 1.176129e+00
 1.483481e+00 5.827149e-01 8.407713e-01
 1.388253e+00 5.749337e-01 5.701045e-01
 1.253559e+00 6.913195e-01 2.586955e-01
 1.260024e+00 1.008817e+00 -1.255643e-01
 1.132088e+00 1.241753e+00 -4.032889e-01
 8.867323e-01 1.368156e+00 -7.003626e-01
 5.728754e-01 1.362321e+00 -9.196194e-01
 2.228995e-01 1.249260e+00 -1.024715e+00
 -1.441627e-01 1.101326e+00 -9.864869e-01
 -4.364335e-01 1.009213e+00 -8.025817e-01
 -6.633234e-01 1.019874e+00 -5.650776e-01
 -1.013705e+00 1.225693e+00 -3.252020e-01
 -1.235805e+00 1.323465e+00 -7.081036e-03
 -1.401122e+00 1.278504e+00 3.726738e-01
 -1.490283e+00 1.095998e+00 6.993828e-01
 -1.488663e+00 8.043260e-01 9.635997e-01
 -1.363199e+00 5.009743e-01 1.137068e+00
 -1.095970e+00 1.967099e-01 1.235289e+00
 -7.629385e-01 -3.742761e-02 1.198445e+00
 -4.319651e-01 -1.786911e-01 1.029986e+00
 -2.859399e-02 -1.785786e-01 7.339220e-01
 2.908125e-01 -2.223954e-01 6.419704e-01
 5.250575e-01 -2.368288e-01 6.494318e-01
 8.744357e-01 -2.615808e-01 7.784538e-01
 1.164320e+00 -3.562932e-01 1.030461e+00
 1.326870e+00 -4.968366e-01 1.349138e+00
 1.351322e+00 -6.897796e-01 1.684685e+00
 1.229648e+00 -8.962481e-01 1.989526e+00
 9.841276e-01 -1.095271e+00 2.215001e+00
 6.597321e-01 -1.272344e+00 2.320106e+00
