 1.256430e+00 2.097934e+00 -2.299884e-01
 9.261184e-01 2.417875e+00 -3.911132e-01
 4.514475e-01 2.549390e+00 -4.931357e-01
 -4.370473e-02 2.464040e+00 -4.820117e-01
 -4.366995e-01 2.192575e+00 -3.605325e-01
 -6.456888e-01 1.815326e+00 -1.468222e-01
 -6.352278e-01 1.442596e+00 1.315714e-01
 -4.547918e-01 1.201523e+00 4.273032e-01
 -2.230176e-01 1.091026e+00 6.879178e-01
 2.289740e-01 1.306992e+00 1.477210e+00
 5.929415e-01 1.096450e+00 1.927041e+00
 8.099025e-01 5.944119e-01 2.212495e+00
 7.974413e-01 -2.969703e-02 2.232978e+00
 5.898727e-01 -5.481362e-01 1.954349e+00
 3.125342e-01 -7.768255e-01 1.455799e+00
 6.887468e-02 -6.450462e-01 9.070290e-01
 -1.979000e-01 -1.596160e-01 5.159091e-01
 -4.038600e-01 1.185902e-01 2.730757e-01
 -1.028626e+00 5.194634e-01 -2.004411e-01
 -1.330508e+00 5.498831e-01 -6.510232e-01
 -1.493755e+00 3.363674e-01 -1.120787e+00
 -1.460090e+00 -4.955406e-02 -1.490884e+00
 -1.246460e+00 -5.001280e-01 -1.660282e+00
 -8.657899e-01 -8.872018e-01 -1.615041e+00
 -5.025583e-01 -1.021830e+00 -1.439686e+00
 -1.602182e-01 -9.575854e-01 -1.355453e+00
 1.695201e-01 -9.288066e-01 -1.391287e+00
 5.569189e-01 -1.081845e+00 -1.485285e+00
 8.495979e-01 -1.397425e+00 -1.545028e+00
 9.941418e-01 -1.801442e+00 -1.545276e+00
 9.814510e-01 -2.216862e+00 -1.466657e+00
 8.259554e-01 -2.569130e+00 -1.316069e+00
 5.590012e-01 -2.805868e+00 -1.123618e+00
 2.275072e-01 -2.896553e+00 -9.189006e-01
 -1.138268e-01 -2.834093e+00 -7.310383e-01
 -4.079030e-01 -2.632840e+00 -5.732133e-01
 -6.132930e-01 -2.329727e+00 -4.716811e-01
 -7.010873e-01 -1.963474e+00 -4.192410e-01
 -6.505744e-01 -1.591824e+00 -4.193097e-01
 -4.907221e-01 -1.310936e+00 -4.339543e-01
 -1.224901e-01 -9.680570e-01 -3.312203e-01
 3.568307e-01 -3.940382e-01 -2.939681e-01
 4.840527e-01 -1.699430e-01 -2.323801e-01
 5.625292e-01 5.738976e-02 -1.251279e-01
 6.352204e-01 6.346603e-01 2.698423e-01
 7.049299e-01 7.985751e-01 4.065990e-01
 8.399879e-01 9.613287e-01 5.831871e-01
 1.067612e+00 1.077188e+00 7.606135e-01
 1.394513e+00 1.195752e+00 8.445276e-01
 1.730243e+00 1.299324e+00 7.999224e-01
 2.040342e+00 1.402443e+00 6.262859e-01
 2.271354e+00 1.499619e+00 3.375255e-01
 2.381544e+00 1.576299e+00 -3.051393e-02
 2.341073e+00 1.634708e+00 -4.238235e-01
 2.146289e+00 1.665629e+00 -7.801491e-01
 1.819737e+00 1.661351e+00 -1.038698e+00
 1.409942e+00 1.621092e+00 -1.148435e+00
 9.849407e-01 1.570450e+00 -1.079992e+00
 6.278890e-01 1.522150e+00 -8.394907e-01
 4.117662e-01 1.510825e+00 -4.867271e-01
 3.562129e-01 1.566749e+00 -1.382423e-01
 3.637097e-01 1.721425e+00 1.259262e-01
 2.819387e-01 1.929776e+00 3.443150e-01
 -2.371840e-02 2.133204e+00 6.329061e-01
 -3.943639e-01 2.135535e+00 8.799066e-01
 -7.445872e-01 1.924128e+00 1.100790e+00
 -9.795662e-01 1.549356e+00 1.251249e+00
 -1.061489e+00 1.078841e+00 1.289116e+00
 -9.358906e-01 4.047839e-01 1.157747e+00
 -9.073268e-01 1.628141e-01 1.168719e+00
 -8.872848e-01 -8.732131e-02 1.249322e+00
 -9.729485e-01 -3.722466e-01 1.377525e+00
 -1.237458e+00 -7.294478e-01 1.398853e+00
 -1.541001e+00 -1.027151e+00 1.225875e+00
 -1.770429e+00 -1.216698e+00 8.889677e-01
 -1.870627e+00 -1.293400e+00 4.719254e-01
 -1.837887e+00 -1.240925e+00 4.176371e-02
 -1.684360e+00 -1.061937e+00 -3.271817e-01
 -1.438558e+00 -8.022290e-01 -5.605028e-01
 -9.412430e-01 -4.212814e-01 -6.730870e-01
 -7.009903e-01 -2.761203e-01 -7.845281e-01
 -5.261926e-01 -5.432811e-02 -1.025378e+00
 -3.746725e-01 4.515401e-02 -1.450714e+00
 -2.588678e-01 -8.549632e-02 -1.891939e+00
 -1.808418e-01 -4.047872e-01 -2.229991e+00
 -1.063408e-01 -8.404007e-01 -2.388046e+00
 -5.236482e-02 -1.295948e+00 -2.336017e+00
 -3.239401e-02 -1.682271e+00 -2.092639e+00
 -2.941310e-02 -1.922463e+00 -1.702203e+00
 -4.755676e-03 -1.958943e+00 -1.290137e+00
 1.105166e-01 -1.883352e+00 -1.030203e+00
 2.529041e-01 -1.873199e+00 -8.273392e-01
 3.417045e-01 -1.934213e+00 -4.689403e-01
 2.546924e-01 -1.919475e+00 -2.446398e-02
 2.193374e-02 -1.792688e+00 3.385054e-01
 -3.034455e-01 -1.559271e+00 5.576462e-01
 -6.408318e-01 -1.282620e+00 5.818848e-01
 -9.867424e-01 -7.698435e-01 3.925436e-01
 -1.150102e+00 -5.565983e-01 3.873225e-01
 -1.411368e+00 -3.643107e-01 4.173302e-01
 -1.738117e+00 -1.754978e-01 6.624007e-01
 -1.915877e+00 -1.966857e-02 1.063639e+00
 -1.876703e+00 1.261991e-01 1.512101e+00
 -1.629106e+00 2.296268e-01 1.907566e+00
 -1.210849e+00 3.051998e-01 2.152541e+00
 -7.234740e-01 3.581801e-01 2.172077e+00
 -2.764308e-01 3.450638e-01 1.970599e+00
 1.324896e-01 2.591741e-01 1.461459e+00
 3.432454e-01 2.705026e-01 1.332151e+00
 5.190971e-01 2.357277e-01 1.257552e+00
 9.378430e-01 6.905931e-02 1.101690e+00
 1.300952e+00 6.216588e-02 8.186424e-01
 1.557700e+00 2.180557e-01 4.649638e-01
 1.649230e+00 5.036051e-01 1.182323e-01
 1.585059e+00 8.743402e-01 -1.292553e-01
 1.435374e+00 1.209182e+00 -1.962840e-01
 1.368958e+00 1.449051e+00 -1.381849e-01
 1.364425e+00 1.722488e+00 -1.133703e-01
