 -2.893372e-02 2.427889e+00 -2.780778e-01
 3.199621e-01 2.359215e+00 -5.947419e-01
 5.546264e-01 2.106445e+00 -9.025195e-01
 7.392331e-01 1.534013e+00 -1.178605e+00
 1.145840e+00 1.157493e+00 -1.350262e+00
 1.706955e+00 8.105838e-01 -1.044492e+00
 1.883166e+00 5.009472e-01 -3.676132e-01
 1.521818e+00 3.346352e-01 2.698155e-01
 9.277586e-01 3.639942e-01 5.101712e-01
 7.088068e-01 3.140696e-01 6.456160e-01
 5.207542e-01 2.961861e-01 8.813311e-01
 3.424814e-01 2.920386e-01 1.261780e+00
 1.411986e-01 1.830842e-01 1.543062e+00
 -7.441403e-02 -7.293607e-03 1.735820e+00
 -2.831529e-01 -2.350364e-01 1.818166e+00
 -4.978751e-01 -4.820250e-01 1.789884e+00
 -6.535491e-01 -7.241782e-01 1.675178e+00
 -7.402772e-01 -9.954826e-01 1.474592e+00
 -7.293686e-01 -1.176501e+00 1.281282e+00
 -6.355324e-01 -1.358828e+00 1.123471e+00
 -3.922017e-01 -2.140475e+00 7.987582e-01
 -1.395854e-01 -2.438362e+00 4.126439e-01
 1.279070e-01 -2.460230e+00 -5.477990e-02
 3.128243e-01 -2.219127e+00 -4.690837e-01
 4.727111e-01 -1.771738e+00 -6.875403e-01
 6.093577e-01 -1.476918e+00 -6.588820e-01
 7.744318e-01 -1.302743e+00 -6.114350e-01
 9.635995e-01 -1.138087e+00 -6.480377e-01
 1.058104e+00 -9.872577e-01 -7.015258e-01
 1.128913e+00 -7.299560e-01 -7.547719e-01
 1.140184e+00 -4.462575e-01 -7.624075e-01
 1.083294e+00 -1.612157e-01 -7.255436e-01
 8.334303e-01 3.516809e-01 -5.717413e-01
 8.090166e-01 7.234347e-01 -4.518485e-01
 8.456797e-01 8.653787e-01 -3.839497e-01
 1.051558e+00 1.172464e+00 -2.455218e-01
 1.371244e+00 1.549861e+00 -3.450420e-01
 1.606315e+00 1.851123e+00 -6.592586e-01
 1.645120e+00 2.079299e+00 -1.092468e+00
 1.491675e+00 2.170922e+00 -1.552833e+00
 1.200174e+00 2.081937e+00 -1.944161e+00
 8.342721e-01 1.837593e+00 -2.171875e+00
 4.732279e-01 1.498849e+00 -2.182030e+00
 1.959275e-01 1.149078e+00 -1.970872e+00
 -1.950721e-01 5.017172e-01 -9.872106e-01
 -4.802205e-01 4.276695e-01 -3.530396e-01
 -8.579535e-01 3.491951e-01 -3.312877e-02
 -1.344501e+00 2.327457e-01 2.605086e-02
 -1.761149e+00 -1.285090e-01 -1.251079e-01
 -1.890013e+00 -6.751673e-01 -3.631272e-01
 -1.672274e+00 -1.219768e+00 -5.131572e-01
 -1.209217e+00 -1.602062e+00 -4.559553e-01
 -6.537415e-01 -1.684679e+00 -2.626114e-01
 -5.221803e-02 -1.399679e+00 1.296321e-01
 4.181378e-01 -1.537507e+00 3.739951e-01
 9.910013e-01 -1.833859e+00 2.663338e-01
 1.372566e+00 -2.066693e+00 -1.952796e-01
 1.489393e+00 -2.045608e+00 -8.574922e-01
 1.260354e+00 -1.774105e+00 -1.438868e+00
 8.231571e-01 -1.320378e+00 -1.681725e+00
 3.661900e-01 -8.556213e-01 -1.486589e+00
 9.273169e-02 -5.689579e-01 -9.336601e-01
 2.025138e-01 -4.764091e-01 -2.481262e-01
 9.933887e-01 -6.613579e-01 4.475927e-01
 1.198678e+00 -5.785469e-01 8.902836e-01
 1.365148e+00 -1.922033e-01 1.286256e+00
 1.403356e+00 3.594756e-01 1.438752e+00
 1.241412e+00 8.934063e-01 1.349454e+00
 9.119930e-01 1.255045e+00 1.061231e+00
 2.552321e-01 1.400962e+00 3.308777e-01
 8.488919e-02 1.393861e+00 4.928189e-02
 -5.110913e-02 1.388602e+00 -3.989170e-01
 -2.814718e-01 1.517966e+00 -7.472495e-01
 -5.871934e-01 1.815163e+00 -9.512653e-01
 -1.031618e+00 2.084027e+00 -9.242883e-01
 -1.490054e+00 2.171110e+00 -6.855150e-01
 -1.859803e+00 2.048943e+00 -2.781770e-01
 -1.996225e+00 1.767640e+00 1.521899e-01
 -1.880711e+00 1.404749e+00 5.214166e-01
 -1.149839e+00 5.901228e-01 9.718927e-01
 -8.769316e-01 2.721860e-01 9.934023e-01
 -4.204261e-01 -2.623106e-01 7.908312e-01
 -9.893949e-02 -5.201466e-01 8.224312e-01
 1.818231e-01 -7.364163e-01 1.060135e+00
 2.997575e-01 -1.025913e+00 1.392184e+00
 1.988395e-01 -1.342159e+00 1.729352e+00
 -9.600351e-02 -1.642992e+00 1.959022e+00
 -5.139289e-01 -1.861797e+00 2.023750e+00
 -9.566074e-01 -1.968347e+00 1.902571e+00
 -1.333281e+00 -1.943145e+00 1.621518e+00
 -1.572790e+00 -1.776854e+00 1.253825e+00
 -1.626610e+00 -1.506889e+00 8.768546e-01
 -1.486383e+00 -1.195959e+00 5.683410e-01
 -1.095714e+00 -8.753789e-01 3.059361e-01
 -8.937655e-01 -7.002362e-01 1.275854e-02
 -8.167163e-01 -6.318798e-01 -3.355924e-01
 -9.374785e-01 -4.285379e-01 -7.416449e-01
 -1.151594e+00 -9.488741e-02 -9.689911e-01
 -1.293147e+00 3.198040e-01 -1.017037e+00
 -1.323648e+00 8.074619e-01 -8.698667e-01
 -1.300429e+00 1.135557e+00 -5.436504e-01
 -1.090787e+00 1.345300e+00 -1.521261e-01
 -9.608073e-01 1.608385e+00 3.234381e-02
 -7.718299e-01 1.994765e+00 7.726959e-02
 -4.550339e-01 2.288599e+00 -2.801700e-02
