 -4.378429e-02 -1.620717e+00 1.744665e+00
 3.138487e-01 -1.699686e+00 1.702414e+00
 6.543974e-01 -1.679011e+00 1.573647e+00
 9.333309e-01 -1.579929e+00 1.361926e+00
 1.114777e+00 -1.426160e+00 1.089778e+00
 1.179929e+00 -1.233249e+00 7.961468e-01
 1.068587e+00 -7.607051e-01 2.127221e-01
 1.070095e+00 -5.235801e-01 2.056439e-02
 1.150028e+00 -2.703724e-01 -1.013650e-01
 1.437605e+00 2.893959e-02 -3.464851e-01
 1.553115e+00 3.234586e-01 -5.090281e-01
 1.553978e+00 6.323319e-01 -6.449849e-01
 1.458655e+00 9.331288e-01 -7.060744e-01
 1.368964e+00 1.147332e+00 -6.741805e-01
 1.334909e+00 1.343197e+00 -5.926215e-01
 1.339495e+00 1.643767e+00 -5.507480e-01
 1.232039e+00 2.001768e+00 -6.282165e-01
 9.575525e-01 2.308280e+00 -7.633329e-01
 5.615553e-01 2.463861e+00 -9.053139e-01
 1.364478e-01 2.443624e+00 -9.806522e-01
 -2.526498e-01 2.265059e+00 -9.748432e-01
 -5.356472e-01 1.959408e+00 -9.049477e-01
 -6.652010e-01 1.601473e+00 -7.741693e-01
 -6.525005e-01 1.240521e+00 -5.467889e-01
 -5.143586e-01 1.011937e+00 -2.983764e-01
 -3.490728e-01 9.054430e-01 -7.598004e-02
 -2.276736e-01 9.042981e-01 2.345844e-01
 -9.064520e-02 1.013803e+00 6.651550e-01
 2.236057e-02 9.437264e-01 1.058389e+00
 1.308232e-01 7.205258e-01 1.383245e+00
 1.903856e-01 3.719917e-01 1.606421e+00
 2.023578e-01 -3.489222e-02 1.673292e+00
 2.386678e-01 -4.472927e-01 1.560408e+00
 2.836164e-01 -7.337675e-01 1.318295e+00
 2.015485e-01 -9.939067e-01 9.377466e-01
 1.333942e-01 -1.269350e+00 7.967479e-01
 -3.807966e-02 -1.563058e+00 7.139464e-01
 -4.004149e-01 -1.834089e+00 7.067107e-01
 -8.115855e-01 -1.919139e+00 7.432598e-01
 -1.250763e+00 -1.812827e+00 7.446258e-01
 -1.593589e+00 -1.541513e+00 7.457968e-01
 -1.790381e+00 -1.156846e+00 7.657024e-01
 -1.822004e+00 -5.216614e-01 7.535478e-01
 -1.973493e+00 -2.019014e-01 7.005029e-01
 -2.127615e+00 5.506923e-02 5.096054e-01
 -2.189088e+00 3.012195e-01 1.517694e-01
 -2.107919e+00 4.444080e-01 -1.746454e-01
 -1.872963e+00 5.468134e-01 -4.874676e-01
 -1.551342e+00 5.469376e-01 -7.200866e-01
 -1.194465e+00 4.325621e-01 -8.568407e-01
 -8.488748e-01 2.457658e-01 -8.609818e-01
 -5.607872e-01 7.656163e-02 -7.218907e-01
 -1.616441e-01 -3.145550e-01 -2.791572e-01
 8.243479e-02 -7.125567e-01 -1.090050e-01
 2.098459e-01 -1.133804e+00 -1.952300e-01
 3.227503e-01 -1.440726e+00 -4.160390e-01
 4.389585e-01 -1.631083e+00 -7.369768e-01
 5.482137e-01 -1.678643e+00 -1.121299e+00
 6.366339e-01 -1.585726e+00 -1.464236e+00
 7.282311e-01 -1.366484e+00 -1.748920e+00
 8.125548e-01 -1.037326e+00 -1.941771e+00
 8.621512e-01 -6.659580e-01 -2.001484e+00
 8.644883e-01 -2.928176e-01 -1.927547e+00
 8.205387e-01 2.912304e-02 -1.729356e+00
 7.383617e-01 2.534827e-01 -1.435615e+00
 5.402521e-01 4.701810e-01 -6.451945e-01
 5.797239e-01 5.872339e-01 -3.060896e-01
 7.623952e-01 7.420806e-01 3.538894e-02
 1.090031e+00 8.282463e-01 2.600726e-01
 1.478193e+00 9.380545e-01 3.335419e-01
 1.852335e+00 1.064390e+00 2.416825e-01
 2.157081e+00 1.195622e+00 -3.172388e-03
 2.331618e+00 1.339235e+00 -3.567517e-01
 2.341922e+00 1.463815e+00 -7.579074e-01
 2.187554e+00 1.554753e+00 -1.133361e+00
 1.896361e+00 1.610168e+00 -1.417548e+00
 1.516467e+00 1.622328e+00 -1.568073e+00
 1.103473e+00 1.588576e+00 -1.562923e+00
 7.278033e-01 1.517790e+00 -1.395726e+00
 4.656024e-01 1.461744e+00 -1.109202e+00
 3.541242e-01 1.449735e+00 -8.098788e-01
 3.273902e-01 1.537122e+00 -5.117550e-01
 2.463002e-01 1.715355e+00 -2.581816e-01
 -5.978127e-02 1.902489e+00 1.907815e-02
 -4.881201e-01 1.907075e+00 2.325686e-01
 -8.668271e-01 1.705739e+00 3.778255e-01
 -1.151959e+00 1.318602e+00 4.553355e-01
 -1.252301e+00 8.589322e-01 4.278479e-01
 -1.153176e+00 1.884671e-01 1.726742e-01
 -1.249727e+00 -1.365202e-01 -7.234599e-03
 -1.416441e+00 -3.091961e-01 -1.687765e-01
 -1.714997e+00 -5.191404e-01 -2.632025e-01
 -2.059152e+00 -6.620342e-01 -2.338029e-01
 -2.402610e+00 -7.458155e-01 -7.069084e-02
 -2.658099e+00 -7.806404e-01 1.964113e-01
 -2.802040e+00 -7.853520e-01 5.346784e-01
 -2.820252e+00 -7.534821e-01 8.992847e-01
 -2.718451e+00 -6.684625e-01 1.242728e+00
 -2.510723e+00 -5.446646e-01 1.517260e+00
 -2.224232e+00 -4.005226e-01 1.689469e+00
 -1.895129e+00 -2.565012e-01 1.739328e+00
 -1.564366e+00 -1.327722e-01 1.662155e+00
 -8.249363e-01 7.464663e-02 1.177735e+00
 -6.013925e-01 7.696606e-02 1.007512e+00
 -3.541107e-01 1.934445e-02 8.064189e-01
 -8.299119e-02 -1.374301e-02 6.840436e-01
 3.008307e-01 3.332130e-02 6.202921e-01
 9.714737e-01 3.818734e-02 8.725269e-01
 1.370503e+00 -3.197309e-02 8.759324e-01
 1.722924e+00 -1.714520e-01 7.433542e-01
 1.974439e+00 -3.722888e-01 5.023531e-01
 2.085143e+00 -6.052627e-01 1.978360e-01
 2.041793e+00 -8.095154e-01 -1.378053e-01
 1.863099e+00 -9.280268e-01 -4.818207e-01
 1.579946e+00 -9.346346e-01 -7.706850e-01
 1.224868e+00 -8.454421e-01 -9.489685e-01
 6.922686e-01 -6.677441e-01 -9.818400e-01
 4.343065e-01 -6.564857e-01 -1.073187e+00
 1.752593e-01 -7.249317e-01 -1.158946e+00
 -1.008300e-01 -8.622867e-01 -1.147910e+00
 -3.311335e-01 -9.758819e-01 -1.054013e+00
 -5.837502e-01 -1.073036e+00 -8.407132e-01
 -7.545395e-01 -1.124621e+00 -5.697975e-01
 -8.414839e-01 -1.136742e+00 -2.482644e-01
 -8.354776e-01 -1.110869e+00 1.283852e-02
 -7.968839e-01 -8.680020e-01 6.064460e-01
 -8.093602e-01 -9.151338e-01 9.948589e-01
 -7.624367e-01 -1.038358e+00 1.268297e+00
 -6.029409e-01 -1.248395e+00 1.534926e+00
 -3.659140e-01 -1.456748e+00 1.685763e+00
