 1.140886e+00 -6.685160e-01 3.180526e-01
 1.488484e+00 -4.577927e-01 3.335631e-01
 1.727753e+00 -1.982465e-01 2.734424e-01
 1.866877e+00 1.100612e-01 1.639564e-01
 1.889197e+00 4.361111e-01 3.238207e-02
 1.801904e+00 7.355099e-01 -6.917894e-02
 1.632504e+00 9.650737e-01 -1.608411e-01
 1.394412e+00 1.119447e+00 -2.553259e-01
 1.065505e+00 1.196243e+00 -3.619262e-01
 8.193359e-01 1.186078e+00 -4.367897e-01
 5.798634e-01 1.113555e+00 -4.924890e-01
 3.763512e-01 9.951474e-01 -5.188689e-01
 1.266143e-02 7.081604e-01 -4.695755e-01
 -3.008506e-01 5.427641e-01 -5.672663e-01
 -5.687948e-01 5.137252e-01 -7.158936e-01
 -1.585362e+00 6.627395e-01 -1.047241e+00
 -1.929229e+00 7.230404e-01 -1.039219e+00
 -2.250716e+00 7.812205e-01 -9.166487e-01
 -2.512064e+00 8.265217e-01 -6.955681e-01
 -2.681012e+00 8.673341e-01 -4.056296e-01
 -2.742657e+00 8.996584e-01 -7.813264e-02
 -2.691459e+00 9.201688e-01 2.527387e-01
 -2.531239e+00 9.266586e-01 5.535653e-01
 -2.284836e+00 8.995028e-01 7.886351e-01
 -1.988100e+00 8.299470e-01 9.312266e-01
 -1.670447e+00 7.323746e-01 9.682255e-01
 -1.373245e+00 6.242973e-01 8.981264e-01
 -1.125870e+00 4.812530e-01 7.359905e-01
 -9.511213e-01 3.580049e-01 4.975380e-01
 -8.911188e-01 2.296693e-01 2.749200e-01
 -8.960948e-01 1.079156e-01 1.471170e-01
 -9.697577e-01 -1.283761e-01 -3.698439e-02
 -1.091897e+00 -3.749533e-01 -1.823760e-01
 -1.131645e+00 -6.919421e-01 -3.444705e-01
 -1.078696e+00 -9.607463e-01 -5.111635e-01
 -9.469692e-01 -1.175954e+00 -6.601505e-01
 -7.512508e-01 -1.333233e+00 -7.830571e-01
 -5.052964e-01 -1.424630e+00 -8.772268e-01
 -2.212629e-01 -1.444994e+00 -9.340857e-01
 8.670685e-02 -1.384680e+00 -9.502207e-01
 3.858463e-01 -1.237910e+00 -9.311893e-01
 5.708727e-01 -1.110357e+00 -8.679671e-01
 7.173976e-01 -1.042951e+00 -8.205201e-01
 9.869505e-01 -9.894294e-01 -7.932547e-01
 1.289972e+00 -1.038350e+00 -6.919685e-01
 1.545419e+00 -1.156462e+00 -5.008646e-01
 1.721825e+00 -1.318658e+00 -2.167255e-01
 1.775974e+00 -1.437136e+00 8.863850e-02
 1.724064e+00 -1.496176e+00 4.377882e-01
 1.565155e+00 -1.500357e+00 7.514265e-01
 1.312697e+00 -1.466818e+00 9.979730e-01
 1.001028e+00 -1.399172e+00 1.145286e+00
 6.472321e-01 -1.272685e+00 1.189948e+00
 4.674184e-01 -1.187729e+00 1.256724e+00
 3.220134e-01 -1.129181e+00 1.352758e+00
 1.774570e-01 -1.010656e+00 1.512832e+00
 9.945543e-02 -8.849249e-01 1.633167e+00
 2.855085e-02 -7.131624e-01 1.729197e+00
 -2.689531e-02 -5.210019e-01 1.782574e+00
 -7.210099e-02 -3.029789e-01 1.790122e+00
 -1.143170e-01 -7.121254e-02 1.741086e+00
 -1.463384e-01 1.525226e-01 1.631378e+00
 -1.702132e-01 3.826546e-01 1.437536e+00
 -1.593131e-01 5.448793e-01 1.208124e+00
 -7.805619e-02 6.898018e-01 8.548142e-01
 -3.711844e-04 8.277018e-01 6.616506e-01
 6.261410e-02 9.723905e-01 5.352179e-01
 1.335229e-01 1.127001e+00 4.663687e-01
 1.833745e-01 1.363228e+00 3.986042e-01
 1.403175e-01 1.666948e+00 3.323377e-01
 -5.611235e-04 1.945350e+00 2.777749e-01
 -2.415114e-01 2.181819e+00 2.229810e-01
 -5.160940e-01 2.314531e+00 1.727242e-01
 -8.195512e-01 2.351816e+00 1.144073e-01
 -1.119645e+00 2.291802e+00 4.177243e-02
 -1.379081e+00 2.145335e+00 -3.206755e-02
 -1.589492e+00 1.921338e+00 -8.280738e-02
 -1.726611e+00 1.642816e+00 -1.070154e-01
 -1.776936e+00 1.335931e+00 -1.048644e-01
 -1.706218e+00 7.912776e-01 -4.743038e-02
 -1.809599e+00 5.000043e-01 -3.277165e-02
 -1.925226e+00 1.984554e-01 1.253562e-01
 -1.897385e+00 -1.189041e-01 4.134958e-01
 -1.680068e+00 -3.760048e-01 6.721049e-01
 -1.278001e+00 -5.577815e-01 8.481388e-01
 -8.051763e-01 -5.796679e-01 9.086178e-01
 8.210111e-02 -3.352768e-01 7.453818e-01
 4.160940e-01 -2.400140e-01 8.724415e-01
 7.070775e-01 -1.945902e-01 1.145800e+00
 9.492145e-01 -3.181838e-01 1.504744e+00
 1.057115e+00 -5.889327e-01 1.844846e+00
 1.021773e+00 -9.491876e-01 2.091800e+00
 8.842340e-01 -1.322593e+00 2.189850e+00
 6.851237e-01 -1.697521e+00 2.122482e+00
 4.579149e-01 -1.974633e+00 1.915062e+00
 2.233237e-01 -2.117613e+00 1.608944e+00
 1.950672e-02 -2.106572e+00 1.255834e+00
 -1.199808e-01 -1.947543e+00 9.101375e-01
 -2.366491e-01 -1.295279e+00 2.346250e-01
 -2.217663e-01 -1.168572e+00 1.096667e-01
 -1.032381e-01 -6.174354e-01 -2.886286e-01
 -1.407989e-01 -4.647574e-01 -5.331747e-01
 -4.691763e-01 -4.061240e-01 -1.272999e+00
 -4.273094e-01 -3.041358e-01 -1.779600e+00
 -1.561727e-01 -1.197921e-01 -2.186485e+00
 2.880759e-01 1.203472e-01 -2.392415e+00
 7.552583e-01 3.232137e-01 -2.321366e+00
 1.173988e+00 4.375987e-01 -2.001232e+00
 1.402303e+00 4.347927e-01 -1.521733e+00
 1.386530e+00 3.207979e-01 -1.017210e+00
 1.001858e+00 1.539520e-01 -4.085674e-01
 8.378547e-01 2.735963e-01 3.680771e-02
 1.014047e+00 6.452741e-01 6.745808e-01
 9.762190e-01 8.412131e-01 9.668951e-01
 8.270613e-01 1.061743e+00 1.208854e+00
 5.844917e-01 1.282154e+00 1.364454e+00
 2.709751e-01 1.473560e+00 1.415002e+00
 -5.527696e-02 1.574955e+00 1.367816e+00
 -3.871568e-01 1.592634e+00 1.219236e+00
 -6.678957e-01 1.546764e+00 9.564449e-01
 -8.351993e-01 1.448634e+00 6.134342e-01
 -8.436157e-01 1.358608e+00 3.286120e-01
 -7.624666e-01 1.314372e+00 1.321666e-02
 -6.645756e-01 1.485797e+00 -4.396256e-01
 -5.727495e-01 1.528235e+00 -6.542061e-01
 -4.621137e-01 1.504722e+00 -9.012470e-01
 -3.543708e-01 1.412175e+00 -1.126922e+00
 -2.401380e-01 1.267039e+00 -1.303901e+00
 -1.141854e-01 1.074932e+00 -1.427973e+00
 2.072762e-02 8.514974e-01 -1.488865e+00
 1.683223e-01 6.181391e-01 -1.477872e+00
 3.095374e-01 3.679036e-01 -1.388220e+00
 3.761511e-01 2.263651e-01 -1.362754e+00
 4.388826e-01 8.171788e-02 -1.361746e+00
 4.967692e-01 -5.027425e-02 -1.385774e+00
 5.567793e-01 -1.735950e-01 -1.432323e+00
 6.263168e-01 -3.135083e-01 -1.516130e+00
 7.332047e-01 -5.326614e-01 -1.692610e+00
 8.339912e-01 -7.834368e-01 -1.792107e+00
 9.257701e-01 -1.053306e+00 -1.814054e+00
 1.000034e+00 -1.320966e+00 -1.758274e+00
 1.057181e+00 -1.564786e+00 -1.629544e+00
 1.094136e+00 -1.762629e+00 -1.441897e+00
 1.095451e+00 -1.911203e+00 -1.207755e+00
 1.059887e+00 -1.998797e+00 -9.438863e-01
 9.926360e-01 -2.012655e+00 -6.733582e-01
 9.045233e-01 -1.944287e+00 -3.962407e-01
 8.211392e-01 -1.796157e+00 -1.547091e-01
 7.678061e-01 -1.601471e+00 1.639697e-02
 7.613598e-01 -1.367405e+00 1.373983e-01
 7.966172e-01 -1.091621e+00 1.975901e-01
 9.436306e-01 -8.512722e-01 2.644227e-01
