 1.638232e+00 6.001404e-01 -1.101954e+00
 1.548567e+00 7.577024e-01 -6.861257e-01
 1.207579e+00 8.225535e-01 -1.656592e-01
 1.100754e+00 8.241599e-01 1.198575e-01
 1.081050e+00 8.091902e-01 3.498657e-01
 1.230705e+00 8.393554e-01 8.212836e-01
 1.206097e+00 7.918964e-01 1.246279e+00
 1.014962e+00 7.109247e-01 1.630174e+00
 7.384115e-01 5.827740e-01 1.858634e+00
 3.547234e-01 3.968723e-01 1.953432e+00
 -5.964521e-02 2.367542e-01 1.859704e+00
 -4.045532e-01 1.022275e-01 1.582479e+00
 -6.080754e-01 2.319041e-02 1.177907e+00
 -6.346597e-01 1.770851e-02 6.823376e-01
 -6.601807e-01 1.357060e-02 5.451139e-01
 -7.692931e-01 7.190053e-03 2.345527e-01
 -9.702812e-01 1.304676e-01 -9.283062e-03
 -1.290579e+00 2.627578e-01 -1.940940e-01
 -1.736365e+00 3.494557e-01 -2.245275e-01
 -2.175400e+00 3.367145e-01 -7.263883e-02
 -2.511598e+00 2.102072e-01 2.271217e-01
 -2.681128e+00 -3.769967e-02 5.724376e-01
 -2.654730e+00 -3.584598e-01 9.037122e-01
 -2.429805e+00 -6.629235e-01 1.172875e+00
 -2.054802e+00 -8.886012e-01 1.321983e+00
 -1.609048e+00 -9.971924e-01 1.317750e+00
 -5.492969e-01 -9.872906e-01 8.880665e-01
 -2.370399e-01 -9.189799e-01 5.662647e-01
 -6.624821e-02 -7.200468e-01 6.941974e-02
 1.063793e-01 -7.140666e-01 -2.923708e-01
 3.452373e-01 -8.680381e-01 -5.666049e-01
 5.206367e-01 -1.190404e+00 -8.172478e-01
 5.677053e-01 -1.633043e+00 -9.538546e-01
 4.590421e-01 -2.081353e+00 -9.487620e-01
 2.147809e-01 -2.437767e+00 -8.263950e-01
 -1.199334e-01 -2.642538e+00 -6.211096e-01
 -4.777450e-01 -2.664286e+00 -3.684258e-01
 -7.915230e-01 -2.505738e+00 -1.160338e-01
 -1.017193e+00 -2.200850e+00 7.804804e-02
 -1.121499e+00 -1.824329e+00 1.756323e-01
 -1.128801e+00 -1.418723e+00 1.434934e-01
 -1.055595e+00 -1.118278e+00 -4.509577e-03
 -1.016028e+00 -8.876044e-01 -2.272075e-01
 -1.235288e+00 -3.377844e-01 -1.208148e+00
 -1.098130e+00 -1.646156e-02 -1.589643e+00
 -7.482555e-01 3.064266e-01 -1.823924e+00
 -3.054328e-01 5.232900e-01 -1.845090e+00
 1.304196e-01 6.373205e-01 -1.638221e+00
 4.666278e-01 5.840891e-01 -1.297750e+00
 6.281549e-01 3.963184e-01 -1.020731e+00
 7.561732e-01 9.477545e-02 -8.182127e-01
 1.399820e+00 -5.337310e-01 -7.397289e-01
 1.693988e+00 -7.941649e-01 -5.059796e-01
 1.888851e+00 -9.820967e-01 -9.572763e-02
 1.937924e+00 -1.019690e+00 3.383453e-01
 1.845317e+00 -9.285300e-01 7.380976e-01
 1.590855e+00 -7.453748e-01 1.068720e+00
 1.247921e+00 -5.202583e-01 1.239249e+00
 8.908963e-01 -2.809347e-01 1.224747e+00
 4.903977e-01 8.819770e-02 9.730028e-01
 2.829366e-01 4.468876e-01 9.007477e-01
 1.880221e-01 8.346956e-01 1.028416e+00
 2.646415e-01 1.618201e+00 1.334973e+00
 3.489731e-01 2.036699e+00 1.319421e+00
 4.444798e-01 2.409070e+00 1.132203e+00
 5.298736e-01 2.671102e+00 8.057523e-01
 5.858193e-01 2.778655e+00 3.968507e-01
 6.066277e-01 2.713640e+00 -1.774180e-02
 6.229272e-01 2.485573e+00 -3.680602e-01
 6.143162e-01 2.124032e+00 -6.042073e-01
 5.349847e-01 1.707807e+00 -6.788445e-01
 3.959881e-01 1.313104e+00 -5.811242e-01
 2.373187e-01 1.045433e+00 -3.561635e-01
 7.238556e-02 9.124440e-01 -1.111508e-01
 -1.784629e-01 8.880198e-01 7.838964e-02
 -6.876039e-01 1.036233e+00 4.082255e-01
 -1.087185e+00 9.454626e-01 6.132161e-01
 -1.434558e+00 6.591001e-01 7.581653e-01
 -1.628734e+00 2.454025e-01 8.024069e-01
 -1.659357e+00 -1.153576e-01 7.194460e-01
 -1.697944e+00 -4.012665e-01 4.842251e-01
 -1.981967e+00 -7.254184e-01 1.319160e-01
 -2.049659e+00 -9.297834e-01 -1.172706e-01
 -2.008485e+00 -1.152016e+00 -3.660825e-01
 -1.849160e+00 -1.388024e+00 -5.965622e-01
 -1.610121e+00 -1.566715e+00 -7.477072e-01
 -1.305144e+00 -1.667666e+00 -8.396357e-01
 -9.379746e-01 -1.710778e+00 -8.367312e-01
 -6.153592e-01 -1.695908e+00 -7.251329e-01
 -3.856600e-01 -1.652136e+00 -5.395519e-01
 -2.726170e-01 -1.657608e+00 -3.621790e-01
 -1.352358e-01 -1.707063e+00 -1.887763e-01
 1.415036e-01 -1.731277e+00 -1.613665e-02
 4.364106e-01 -1.628491e+00 1.237903e-01
 7.159964e-01 -1.370471e+00 2.488332e-01
 8.920028e-01 -1.036711e+00 3.006224e-01
 9.812820e-01 -6.334159e-01 2.469636e-01
 1.082292e+00 -4.148374e-01 2.302931e-01
 1.252737e+00 -2.268836e-01 2.455142e-01
 1.705714e+00 8.723142e-03 2.572825e-01
 1.971948e+00 2.976864e-01 2.729649e-01
 2.108192e+00 6.409282e-01 2.837112e-01
 2.109850e+00 9.895515e-01 2.826977e-01
 1.988329e+00 1.316906e+00 2.753593e-01
 1.753901e+00 1.589229e+00 2.809626e-01
 1.441755e+00 1.766481e+00 3.102709e-01
 1.100016e+00 1.825149e+00 3.509573e-01
 5.331382e-01 1.737919e+00 3.507719e-01
 1.711263e-01 1.833539e+00 3.016138e-01
 -1.465898e-01 1.924745e+00 6.949211e-02
 -3.862593e-01 1.875467e+00 -2.114487e-01
 -5.833434e-01 1.657304e+00 -4.971687e-01
 -6.903252e-01 1.274947e+00 -7.275859e-01
 -6.687437e-01 8.620386e-01 -8.283889e-01
 -3.931652e-01 2.173792e-01 -8.390377e-01
 -2.621608e-01 -7.862969e-02 -9.742783e-01
 -1.328053e-01 -2.871460e-01 -1.228837e+00
 1.917851e-01 -4.091334e-01 -1.523790e+00
 5.650422e-01 -3.590296e-01 -1.736786e+00
 9.748053e-01 -1.705910e-01 -1.815769e+00
 1.311086e+00 1.084099e-01 -1.731740e+00
 1.546358e+00 3.794008e-01 -1.479194e+00
