 7.387516e-01 -1.045135e+00 -1.465469e+00
 4.864822e-02 -7.133898e-01 -1.388462e+00
 -3.406514e-01 -6.155328e-01 -1.502972e+00
 -7.343389e-01 -7.215045e-01 -1.653844e+00
 -1.101012e+00 -1.028049e+00 -1.699292e+00
 -1.336684e+00 -1.400554e+00 -1.593491e+00
 -1.424465e+00 -1.769652e+00 -1.354039e+00
 -1.333003e+00 -2.087666e+00 -1.047374e+00
 -1.081001e+00 -2.290018e+00 -7.341143e-01
 -7.187329e-01 -2.337433e+00 -4.727020e-01
 -3.170787e-01 -2.220392e+00 -3.112617e-01
 4.271745e-02 -1.963458e+00 -2.788030e-01
 5.833152e-01 -1.127615e+00 -4.340769e-01
 7.238149e-01 -7.977570e-01 -4.601391e-01
 8.779941e-01 -4.497202e-01 -6.062138e-01
 1.019037e+00 -1.151272e-01 -6.361869e-01
 1.340114e+00 7.666943e-01 -4.411043e-01
 1.289278e+00 1.240508e+00 -2.464328e-01
 1.026732e+00 1.598951e+00 -3.538635e-02
 6.260621e-01 1.766728e+00 1.798992e-01
 2.127011e-01 1.717074e+00 3.207246e-01
 -1.823553e-01 1.524847e+00 3.104477e-01
 -5.608938e-01 1.350804e+00 4.867630e-02
 -8.824781e-01 1.410031e+00 -2.970200e-01
 -1.191667e+00 1.706269e+00 -5.658852e-01
 -1.431579e+00 2.153277e+00 -6.387501e-01
 -1.571737e+00 2.617980e+00 -4.757717e-01
 -1.576635e+00 2.984036e+00 -1.267108e-01
 -1.455761e+00 3.166197e+00 3.241713e-01
 -1.242023e+00 3.127406e+00 7.675905e-01
 -1.007670e+00 2.875765e+00 1.111423e+00
 -8.050418e-01 2.478493e+00 1.282701e+00
 -7.070880e-01 2.000194e+00 1.270365e+00
 -7.570517e-01 1.634074e+00 1.125375e+00
 -9.585325e-01 1.374410e+00 9.919922e-01
 -1.206814e+00 1.073988e+00 1.010053e+00
 -1.292920e+00 5.931308e-01 1.159048e+00
 -1.079186e+00 9.035474e-02 1.281717e+00
 -6.316922e-01 -2.786076e-01 1.235064e+00
 -1.513205e-01 -3.674151e-01 1.069103e+00
 3.401159e-01 -2.394088e-01 6.147718e-01
 6.135756e-01 -2.637122e-01 4.105529e-01
 1.274095e+00 -2.017831e-01 3.522244e-01
 1.899460e+00 -1.896659e-01 1.788024e-01
 2.339029e+00 -4.350788e-01 3.461225e-02
 2.606104e+00 -8.764835e-01 -6.621271e-02
 2.633073e+00 -1.401962e+00 -8.724943e-02
 2.406347e+00 -1.872545e+00 -4.203682e-02
 1.974708e+00 -2.167310e+00 3.715600e-02
 1.456701e+00 -2.210569e+00 1.725664e-01
 1.003432e+00 -1.982451e+00 3.503049e-01
 7.891019e-01 -1.616598e+00 5.227829e-01
 7.597101e-01 -1.301304e+00 6.737075e-01
 9.162939e-01 -8.474549e-01 1.249863e+00
 1.012832e+00 -2.504597e-01 1.425316e+00
 9.173068e-01 3.537452e-01 1.255873e+00
 7.605002e-01 7.319297e-01 7.640524e-01
 3.546468e-01 7.541333e-01 -1.158349e-01
 2.813199e-01 1.054445e+00 -5.167240e-01
 1.527427e-01 1.501821e+00 -7.099914e-01
 -6.775222e-02 1.986118e+00 -6.463211e-01
 -3.559780e-01 2.324296e+00 -3.512520e-01
 -6.721705e-01 2.410091e+00 2.514184e-02
 -9.122172e-01 2.284232e+00 2.680219e-01
 -1.162550e+00 2.164361e+00 3.620970e-01
 -1.483249e+00 2.138929e+00 5.404824e-01
 -1.729059e+00 2.075128e+00 9.904457e-01
 -1.716002e+00 1.870455e+00 1.518089e+00
 -1.449656e+00 1.562696e+00 1.909738e+00
 -1.040920e+00 1.214768e+00 2.038548e+00
 -6.095837e-01 9.334580e-01 1.885271e+00
 -2.902308e-01 7.479027e-01 1.486924e+00
 -2.200682e-01 6.703088e-01 1.027767e+00
 -3.500916e-01 5.924547e-01 7.163217e-01
 -4.500530e-01 4.936018e-01 5.546519e-01
 -5.468651e-01 4.182091e-01 4.517742e-01
 -1.092746e+00 -6.440652e-02 2.620101e-02
 -1.220425e+00 -3.527647e-01 -2.062255e-01
 -1.206113e+00 -6.689730e-01 -4.353035e-01
 -1.055043e+00 -9.750328e-01 -6.211429e-01
 -7.186467e-01 -1.290339e+00 -7.756943e-01
 -5.530764e-01 -1.423155e+00 -9.172044e-01
 -4.082198e-01 -1.609916e+00 -1.167280e+00
 -2.934717e-01 -1.675687e+00 -1.585404e+00
 -1.728320e-01 -1.514322e+00 -2.021505e+00
 -4.165212e-02 -1.200742e+00 -2.314016e+00
 1.109528e-01 -7.790499e-01 -2.433695e+00
 2.114999e-01 -3.238665e-01 -2.347440e+00
 2.368033e-01 6.303654e-02 -2.064282e+00
 1.809221e-01 2.922606e-01 -1.640292e+00
 5.686611e-02 3.066653e-01 -1.168491e+00
 -7.360493e-02 1.257725e-01 -8.091132e-01
 -3.146235e-01 -9.750828e-01 1.977995e-01
 -2.064547e-01 -1.529327e+00 9.315971e-01
 3.937556e-02 -1.751674e+00 1.256581e+00
 4.324862e-01 -1.901825e+00 1.458361e+00
 8.915194e-01 -1.959559e+00 1.488812e+00
 1.316616e+00 -1.885550e+00 1.371532e+00
 1.640502e+00 -1.694721e+00 1.129568e+00
 1.792436e+00 -1.437491e+00 7.884406e-01
 1.744478e+00 -1.219059e+00 4.347560e-01
 1.616806e+00 -1.183251e+00 8.835230e-02
 1.621196e+00 -1.268575e+00 -6.208511e-01
 1.447247e+00 -1.262848e+00 -1.025239e+00
 1.132800e+00 -1.189002e+00 -1.323907e+00
