 9.906217e-01 1.670418e+00 8.292060e-02
 7.416924e-01 2.070215e+00 9.416742e-02
 3.837012e-01 2.314456e+00 2.992238e-02
 -2.801011e-02 2.379293e+00 -5.904540e-02
 -4.156489e-01 2.272007e+00 -1.390819e-01
 -7.181702e-01 2.030432e+00 -1.980414e-01
 -9.002055e-01 1.710053e+00 -2.560214e-01
 -9.561091e-01 1.374175e+00 -3.027779e-01
 -9.090560e-01 1.069531e+00 -3.304515e-01
 -5.878522e-01 4.084989e-01 -4.161421e-01
 -5.710945e-01 1.070468e-01 -4.910458e-01
 -6.418503e-01 -2.814214e-01 -8.050397e-01
 -6.536017e-01 -7.107015e-01 -1.086777e+00
 -7.380425e-01 -1.097881e+00 -1.170517e+00
 -9.233514e-01 -1.459885e+00 -1.128427e+00
 -1.176929e+00 -1.733058e+00 -9.696929e-01
 -1.465455e+00 -1.875670e+00 -7.242246e-01
 -1.733875e+00 -1.868677e+00 -4.162163e-01
 -1.934911e+00 -1.712047e+00 -9.149970e-02
 -2.063982e+00 -1.411970e+00 1.699553e-01
 -2.103627e+00 -1.074552e+00 2.868502e-01
 -2.144941e+00 -8.079518e-01 2.568222e-01
 -2.251299e+00 -5.783020e-01 2.319858e-01
 -2.353152e+00 -2.717417e-01 3.428616e-01
 -2.330057e+00 4.133139e-02 4.927332e-01
 -2.155646e+00 3.574102e-01 6.441670e-01
 -1.874271e+00 5.895355e-01 7.437866e-01
 -1.518831e+00 7.143923e-01 7.865739e-01
 -1.144532e+00 7.188314e-01 7.673212e-01
 -7.734504e-01 6.051193e-01 6.786688e-01
 -3.157499e-01 4.236317e-01 5.460296e-01
 -2.896315e-02 4.029032e-01 4.641590e-01
 2.299018e-01 4.511255e-01 4.399605e-01
 5.634625e-01 5.816805e-01 5.073433e-01
 1.108095e+00 8.126599e-01 9.519769e-01
 1.426334e+00 8.498892e-01 1.089930e+00
 1.767372e+00 8.151101e-01 1.136148e+00
 2.095597e+00 7.028166e-01 1.090975e+00
 2.368865e+00 5.217575e-01 9.611069e-01
 2.548738e+00 3.064001e-01 7.568385e-01
 2.629706e+00 9.857505e-02 4.730845e-01
 2.597082e+00 -6.089005e-02 1.469504e-01
 2.448509e+00 -1.560113e-01 -1.736854e-01
 2.204994e+00 -1.769118e-01 -4.418083e-01
 1.674064e+00 -1.509935e-01 -7.242679e-01
 1.429507e+00 -2.514394e-01 -9.451151e-01
 1.229339e+00 -4.237833e-01 -1.071685e+00
 9.276193e-01 -6.612458e-01 -1.085382e+00
 5.890137e-01 -8.372443e-01 -9.530200e-01
 2.781167e-01 -9.132980e-01 -6.925650e-01
 9.184535e-02 -8.966260e-01 -4.016781e-01
 -2.118081e-01 -5.755467e-01 1.802663e-01
 -3.944507e-01 -5.824168e-01 5.028154e-01
 -4.675175e-01 -6.906662e-01 8.701404e-01
 -3.400788e-01 -8.655826e-01 1.289984e+00
 -4.303362e-02 -1.003500e+00 1.595306e+00
 3.534945e-01 -1.031345e+00 1.769332e+00
 7.517950e-01 -9.610694e-01 1.793902e+00
 1.095218e+00 -8.229779e-01 1.688996e+00
 1.347182e+00 -6.455106e-01 1.491184e+00
 1.494459e+00 -4.575118e-01 1.236257e+00
 1.584232e+00 -7.097734e-02 6.278727e-01
 1.624747e+00 1.926276e-01 3.252036e-01
 1.689166e+00 4.291415e-01 1.971043e-01
 1.952810e+00 7.632016e-01 1.997568e-02
 2.049558e+00 1.073541e+00 -1.858804e-01
 2.008190e+00 1.375910e+00 -3.987887e-01
 1.843291e+00 1.626675e+00 -6.021064e-01
 1.559881e+00 1.798030e+00 -7.868166e-01
 1.214577e+00 1.864969e+00 -9.003642e-01
 8.294057e-01 1.825112e+00 -9.271714e-01
 4.929754e-01 1.720206e+00 -8.435582e-01
 2.281996e-01 1.567611e+00 -6.572214e-01
 8.649021e-02 1.419187e+00 -4.135010e-01
 3.431459e-02 1.332973e+00 -8.064692e-02
 -6.539905e-02 1.427306e+00 3.875642e-01
 -3.256591e-02 1.386947e+00 7.844034e-01
 1.723300e-02 1.199841e+00 1.127864e+00
 6.114732e-02 9.039683e-01 1.364839e+00
 1.331186e-01 5.609442e-01 1.462646e+00
 2.719893e-01 1.820946e-01 1.427920e+00
 4.143282e-01 -1.068477e-01 1.275898e+00
 5.377231e-01 -4.513798e-01 9.017343e-01
 5.737751e-01 -7.696489e-01 8.054929e-01
 5.145655e-01 -1.032379e+00 7.264850e-01
 3.493875e-01 -1.295612e+00 6.503542e-01
 1.105323e-01 -1.485183e+00 5.627440e-01
 -1.737630e-01 -1.584587e+00 4.439460e-01
 -4.717580e-01 -1.579057e+00 2.937145e-01
 -7.375884e-01 -1.468774e+00 1.176159e-01
 -1.209607e+00 -9.956647e-01 -2.515752e-01
 -1.369883e+00 -9.116533e-01 -3.896227e-01
 -1.545720e+00 -8.612998e-01 -5.564338e-01
 -1.842704e+00 -8.900895e-01 -7.122681e-01
 -2.216125e+00 -9.569095e-01 -7.476896e-01
 -2.567437e+00 -1.036140e+00 -6.416181e-01
 -2.850318e+00 -1.095422e+00 -4.219926e-01
 -3.038525e+00 -1.121005e+00 -1.301188e-01
 -3.123253e+00 -1.109653e+00 2.064696e-01
 -3.091698e+00 -1.060515e+00 5.625253e-01
 -2.925145e+00 -9.727130e-01 9.036808e-01
 -2.613161e+00 -8.485405e-01 1.169941e+00
 -2.188914e+00 -6.769598e-01 1.277964e+00
 -1.738220e+00 -5.000031e-01 1.153776e+00
 -1.400213e+00 -3.367772e-01 7.999309e-01
 -1.311137e+00 -2.031791e-01 3.595556e-01
 -1.395568e+00 -2.668799e-02 8.309251e-02
 -1.563541e+00 9.685048e-02 -2.244056e-01
 -1.586631e+00 2.120571e-01 -6.581541e-01
 -1.448356e+00 3.501242e-01 -1.016922e+00
 -1.178210e+00 4.842455e-01 -1.272081e+00
 -8.010248e-01 5.643664e-01 -1.408869e+00
 -3.970876e-01 5.571868e-01 -1.411352e+00
 -3.499252e-02 4.734071e-01 -1.286703e+00
 2.429077e-01 3.476447e-01 -1.053462e+00
 6.002013e-01 2.772552e-02 -3.964804e-01
 8.060153e-01 -1.998103e-01 -1.424234e-01
 9.484200e-01 -4.604679e-01 -6.939255e-02
 1.143831e+00 -7.526166e-01 -7.404007e-02
 1.427047e+00 -1.040192e+00 -2.579781e-01
 1.720381e+00 -1.175227e+00 -5.669651e-01
 1.967120e+00 -1.131494e+00 -9.198278e-01
 2.143870e+00 -9.329853e-01 -1.227745e+00
 2.242202e+00 -6.297704e-01 -1.448730e+00
 2.239060e+00 -2.790841e-01 -1.579785e+00
 2.147911e+00 6.614006e-02 -1.611807e+00
 1.990541e+00 3.673496e-01 -1.551136e+00
 1.790672e+00 5.978547e-01 -1.411666e+00
 1.573317e+00 7.393721e-01 -1.212788e+00
 1.184984e+00 8.420400e-01 -7.190379e-01
 1.020362e+00 1.011205e+00 -3.301682e-01
 1.051291e+00 1.310585e+00 -3.823563e-02
