 -7.338109e-01 -2.772522e+00 -2.644325e-01
 -1.106871e+00 -2.656868e+00 -4.794465e-01
 -1.394595e+00 -2.384984e+00 -6.474633e-01
 -1.560861e+00 -1.999726e+00 -7.451785e-01
 -1.573256e+00 -1.569736e+00 -7.592210e-01
 -1.241308e+00 -7.073390e-01 -6.502617e-01
 -1.012407e+00 -3.398702e-01 -7.364462e-01
 -8.140625e-01 -1.237766e-01 -8.972326e-01
 -6.734928e-01 -4.690071e-02 -1.054882e+00
 -5.226680e-01 4.207369e-03 -1.446586e+00
 -5.913518e-01 1.725857e-01 -1.847433e+00
 -7.417636e-01 4.826599e-01 -2.122360e+00
 -8.688584e-01 9.062273e-01 -2.216253e+00
 -9.227469e-01 1.333890e+00 -2.128900e+00
 -8.958616e-01 1.726500e+00 -1.859610e+00
 -8.289640e-01 1.956866e+00 -1.454817e+00
 -7.279040e-01 1.983411e+00 -9.966128e-01
 -5.738491e-01 1.783455e+00 -5.338873e-01
 -4.570930e-01 1.720224e+00 -3.317670e-01
 -2.897265e-01 1.705496e+00 -1.036825e-01
 -1.070794e-01 1.784596e+00 7.384168e-02
 5.362239e-02 1.977362e+00 3.428329e-01
 3.977876e-02 2.206836e+00 7.441972e-01
 -1.538064e-01 2.294034e+00 1.183433e+00
 -4.621977e-01 2.184829e+00 1.550936e+00
 -8.122596e-01 1.899130e+00 1.765372e+00
 -1.090539e+00 1.481674e+00 1.786806e+00
 -1.217948e+00 1.025626e+00 1.617184e+00
 -1.170468e+00 6.422309e-01 1.282931e+00
 -9.462806e-01 4.260794e-01 8.697418e-01
 -6.193899e-01 4.287596e-01 5.150460e-01
 -1.709433e-01 5.728662e-01 3.244985e-01
 6.869382e-01 1.181108e+00 4.147333e-01
 1.298662e+00 1.231096e+00 2.611289e-01
 1.872595e+00 8.699288e-01 2.339508e-01
 2.093956e+00 2.307369e-01 2.546967e-01
 1.890505e+00 -4.097111e-01 2.664336e-01
 1.371573e+00 -7.877582e-01 3.393290e-01
 1.172067e+00 -9.755632e-01 4.355578e-01
 1.065375e+00 -1.204123e+00 5.426805e-01
 9.827843e-01 -1.511365e+00 8.315137e-01
 7.590267e-01 -1.752671e+00 1.057292e+00
 4.289475e-01 -1.980446e+00 1.156946e+00
 1.741075e-02 -2.124817e+00 1.125093e+00
 -3.675795e-01 -2.127647e+00 9.712628e-01
 -6.800057e-01 -2.027034e+00 6.708299e-01
 -8.362457e-01 -1.881091e+00 2.699457e-01
 -7.902022e-01 -1.754712e+00 -8.322308e-02
 -6.205635e-01 -1.736990e+00 -4.051395e-01
 -3.569691e-01 -1.944815e+00 -7.960081e-01
 -5.120308e-02 -1.972845e+00 -1.030843e+00
 2.695393e-01 -1.794514e+00 -1.330817e+00
 4.862286e-01 -1.444023e+00 -1.548392e+00
 6.103140e-01 -9.777711e-01 -1.591383e+00
 6.124097e-01 -5.038379e-01 -1.436232e+00
 3.049064e-01 2.180187e-01 -8.679082e-01
 2.664632e-01 3.947826e-01 -7.782308e-01
 2.761387e-01 6.029495e-01 -6.752713e-01
 3.145081e-01 7.486609e-01 -6.308990e-01
 3.977125e-01 1.049285e+00 -6.197310e-01
 4.856874e-01 1.630186e+00 -7.611521e-01
 4.256689e-01 2.002408e+00 -7.762175e-01
 2.734228e-01 2.338520e+00 -6.947352e-01
 5.493458e-02 2.587691e+00 -5.299493e-01
 -2.120712e-01 2.715578e+00 -3.359067e-01
 -4.820991e-01 2.720013e+00 -1.369824e-01
 -7.187992e-01 2.614241e+00 9.389500e-02
 -8.925797e-01 2.402097e+00 3.259257e-01
 -9.650601e-01 2.146394e+00 5.143950e-01
 -9.391690e-01 1.864178e+00 6.649050e-01
 -8.047455e-01 1.577975e+00 7.834987e-01
 -6.470307e-01 1.430270e+00 8.555516e-01
 -4.711133e-01 1.339174e+00 9.608194e-01
 -3.376613e-01 1.241909e+00 1.119836e+00
 -2.370924e-01 1.083223e+00 1.251173e+00
 -1.123122e-01 8.236321e-01 1.341800e+00
 2.777715e-02 4.986570e-01 1.341580e+00
 1.613551e-01 1.150768e-01 1.204209e+00
 2.991774e-01 -1.229376e-01 1.147054e+00
 4.769347e-01 -3.301327e-01 1.142739e+00
 6.742987e-01 -4.841756e-01 1.203134e+00
 1.069231e+00 -6.243840e-01 1.393431e+00
 1.452839e+00 -7.589990e-01 1.398466e+00
 1.793541e+00 -9.951876e-01 1.257445e+00
 1.995653e+00 -1.277291e+00 9.974999e-01
 2.041629e+00 -1.514298e+00 6.275673e-01
 1.938557e+00 -1.640413e+00 2.147198e-01
 1.687708e+00 -1.641893e+00 -1.613112e-01
 1.328334e+00 -1.525592e+00 -4.177618e-01
 3.270211e-01 -1.058361e+00 -6.010834e-01
 8.319144e-02 -1.005162e+00 -6.938680e-01
 -9.545836e-02 -9.496759e-01 -8.324059e-01
 -2.015683e-01 -9.448235e-01 -9.624547e-01
 -4.699093e-01 -1.031671e+00 -1.287663e+00
 -7.771958e-01 -9.856309e-01 -1.529473e+00
 -1.071728e+00 -8.278088e-01 -1.661336e+00
 -1.334908e+00 -5.759913e-01 -1.687386e+00
 -1.527848e+00 -2.210890e-01 -1.625049e+00
 -1.568564e+00 1.656842e-01 -1.517391e+00
 -1.455294e+00 5.265663e-01 -1.381086e+00
 -1.198507e+00 8.147480e-01 -1.246328e+00
 -8.721103e-01 9.489895e-01 -1.168667e+00
 -5.244963e-01 9.956491e-01 -1.213207e+00
 -8.417881e-02 1.064150e+00 -1.529401e+00
 3.480136e-01 9.449956e-01 -1.660299e+00
 8.516089e-01 8.104654e-01 -1.529625e+00
 1.204526e+00 6.530924e-01 -1.163982e+00
 1.303246e+00 4.311996e-01 -6.513458e-01
 1.068669e+00 2.308923e-01 -4.804618e-02
 1.026592e+00 1.995284e-01 3.093097e-01
 1.078660e+00 2.222219e-01 5.413493e-01
 1.182450e+00 3.385350e-01 8.477321e-01
 1.167512e+00 4.229041e-01 1.198807e+00
 1.068459e+00 4.006139e-01 1.581662e+00
 9.105144e-01 2.795769e-01 1.878059e+00
 6.888977e-01 7.029402e-02 2.079433e+00
 4.170503e-01 -2.204739e-01 2.160504e+00
 1.751558e-01 -4.988946e-01 2.103571e+00
 -1.596774e-02 -7.587694e-01 1.924254e+00
 -1.363668e-01 -9.671575e-01 1.645133e+00
 -1.738577e-01 -1.094151e+00 1.303238e+00
 -1.087709e-01 -1.136432e+00 8.941950e-01
 -4.804089e-02 -1.188342e+00 7.046307e-01
 2.637580e-02 -1.308220e+00 4.839328e-01
 1.051840e-01 -1.471185e+00 3.050644e-01
 2.212422e-01 -1.782041e+00 1.689117e-01
 1.688823e-01 -2.187497e+00 9.100097e-02
 -3.941599e-02 -2.513796e+00 2.604737e-02
 -3.724091e-01 -2.721506e+00 -1.000293e-01
