 2.563577e-01 1.261902e+00 -1.090993e+00
 -2.252692e-02 1.729111e+00 -1.054634e+00
 -2.659584e-01 2.057540e+00 -8.123536e-01
 -4.493290e-01 2.221618e+00 -3.979195e-01
 -5.312775e-01 2.182445e+00 1.173610e-01
 -4.812976e-01 1.989347e+00 5.289345e-01
 -3.326983e-01 1.667626e+00 8.174247e-01
 -1.205248e-01 1.298326e+00 9.225649e-01
 2.841196e-01 3.972889e-01 7.279212e-01
 4.019364e-01 1.568205e-01 7.828786e-01
 7.635399e-01 -5.499483e-01 1.239246e+00
 8.111025e-01 -1.065493e+00 1.317461e+00
 6.424257e-01 -1.575404e+00 1.228070e+00
 3.154760e-01 -1.899947e+00 9.953258e-01
 -3.286924e-02 -2.002437e+00 5.992324e-01
 -2.925089e-01 -1.842455e+00 1.535909e-01
 -4.539985e-01 -1.319980e+00 -3.293529e-01
 -6.325701e-01 -1.127970e+00 -5.927782e-01
 -8.790649e-01 -1.092931e+00 -9.330407e-01
 -1.254339e+00 -1.224503e+00 -1.201662e+00
 -1.675301e+00 -1.465626e+00 -1.268304e+00
 -2.043990e+00 -1.740301e+00 -1.109445e+00
 -2.277083e+00 -1.990790e+00 -7.690828e-01
 -2.342847e+00 -2.140689e+00 -3.226574e-01
 -2.239618e+00 -2.154650e+00 1.312848e-01
 -1.998565e+00 -2.031040e+00 5.038794e-01
 -1.666423e+00 -1.802614e+00 7.236741e-01
 -1.341163e+00 -1.504126e+00 7.564588e-01
 -1.101746e+00 -1.174601e+00 6.244604e-01
 -1.008731e+00 -9.037831e-01 3.954466e-01
 -1.058544e+00 -6.223921e-01 1.652016e-01
 -1.287345e+00 -3.071931e-01 -1.777959e-01
 -1.369306e+00 9.800368e-03 -3.622515e-01
 -1.338416e+00 3.692959e-01 -4.775974e-01
 -1.197085e+00 7.162372e-01 -5.096002e-01
 -9.654878e-01 9.777742e-01 -4.874969e-01
 -6.718914e-01 1.149794e+00 -3.945926e-01
 -1.336241e-01 1.254254e+00 -1.203614e-01
 1.450984e-01 1.413831e+00 -6.381307e-02
 4.324356e-01 1.737487e+00 -1.134472e-01
 7.051752e-01 2.251726e+00 -3.336309e-01
 1.008982e+00 2.476852e+00 -5.450885e-01
 1.391428e+00 2.534775e+00 -7.457878e-01
 1.781402e+00 2.415249e+00 -8.953789e-01
 2.109747e+00 2.142459e+00 -9.651078e-01
 2.319599e+00 1.768363e+00 -9.413264e-01
 2.369259e+00 1.350330e+00 -8.458237e-01
 2.243540e+00 9.613013e-01 -7.049641e-01
 1.964669e+00 6.761487e-01 -5.225993e-01
 1.620928e+00 5.598926e-01 -2.719503e-01
 1.364010e+00 6.348639e-01 -5.432902e-02
 1.206573e+00 7.405013e-01 2.824540e-01
 1.197763e+00 8.235132e-01 8.786049e-01
 1.078729e+00 7.757366e-01 1.256654e+00
 8.345338e-01 6.801395e-01 1.560224e+00
 5.072960e-01 5.499288e-01 1.739738e+00
 1.607185e-01 3.931017e-01 1.767334e+00
 -1.591596e-01 2.121501e-01 1.646384e+00
 -5.720331e-01 -4.010771e-02 1.235638e+00
 -8.388588e-01 -1.640492e-01 1.136752e+00
 -1.423882e+00 -2.557801e-01 1.090187e+00
 -1.822169e+00 -4.458855e-01 8.622544e-01
 -2.037120e+00 -7.299953e-01 5.143294e-01
 -2.018431e+00 -1.037132e+00 1.120635e-01
 -1.776337e+00 -1.279889e+00 -1.826549e-01
 -1.541154e+00 -1.484908e+00 -2.469447e-01
 -1.414505e+00 -1.693645e+00 -2.770074e-01
 -1.268438e+00 -1.948082e+00 -4.459039e-01
 -1.013701e+00 -2.109136e+00 -7.116735e-01
 -6.156301e-01 -2.101146e+00 -9.910926e-01
 -2.210422e-01 -1.913212e+00 -1.150869e+00
 1.107879e-01 -1.584725e+00 -1.165793e+00
 3.078329e-01 -1.180895e+00 -1.034491e+00
 3.367968e-01 -7.343330e-01 -7.396366e-01
 3.808391e-01 -5.552020e-01 -5.468568e-01
 5.392882e-01 -3.218263e-01 -2.786229e-01
 7.515164e-01 -2.509717e-01 -9.889829e-02
 1.289704e+00 -3.398629e-01 2.855459e-01
 1.727710e+00 -1.608000e-01 5.092861e-01
 2.082936e+00 2.362094e-01 6.024898e-01
 2.230982e+00 7.212365e-01 5.507818e-01
 2.135252e+00 1.217420e+00 3.662758e-01
 1.868076e+00 1.537694e+00 7.165673e-02
 1.548427e+00 1.616175e+00 -2.585222e-01
 1.360177e+00 1.504543e+00 -6.171028e-01
 1.337471e+00 1.348152e+00 -1.239025e+00
 1.220128e+00 1.149939e+00 -1.565417e+00
 9.746469e-01 9.228240e-01 -1.799057e+00
 6.645785e-01 6.903593e-01 -1.884096e+00
 3.426202e-01 4.610049e-01 -1.804219e+00
 3.313391e-02 2.798302e-01 -1.559354e+00
 -1.799145e-01 1.989023e-01 -1.213695e+00
 -3.772558e-01 1.865148e-01 -1.704016e-01
 -4.767552e-01 2.552876e-01 8.415622e-02
 -6.319407e-01 3.568799e-01 2.570583e-01
 -8.877565e-01 6.688508e-01 5.371734e-01
 -1.054153e+00 8.200200e-01 9.093250e-01
 -1.161098e+00 8.023621e-01 1.333676e+00
 -1.209512e+00 6.022926e-01 1.740717e+00
 -1.195816e+00 2.671932e-01 2.018982e+00
 -1.083438e+00 -1.377441e-01 2.143577e+00
 -8.653930e-01 -5.577182e-01 2.092548e+00
 -6.199838e-01 -8.737541e-01 1.858053e+00
 -3.969884e-01 -1.033001e+00 1.487445e+00
 -3.969268e-02 -9.575919e-01 6.836639e-01
 2.477945e-01 -9.973128e-01 4.481023e-01
 6.121023e-01 -1.232344e+00 2.113468e-01
 9.030091e-01 -1.297245e+00 -7.628520e-02
 1.164826e+00 -1.196575e+00 -3.573744e-01
 1.323317e+00 -9.686570e-01 -6.093514e-01
 1.367455e+00 -6.051726e-01 -8.467310e-01
 1.281022e+00 -2.339345e-01 -9.849064e-01
 1.087016e+00 9.884460e-02 -1.024211e+00
 7.039101e-01 6.225655e-01 -8.487245e-01
 5.180874e-01 8.588796e-01 -8.608111e-01
