 -5.964266e-01 2.319453e+00 -8.734024e-02
 -8.071195e-01 2.176313e+00 1.090854e-01
 -1.056937e+00 1.828507e+00 3.452457e-01
 -1.375781e+00 1.647783e+00 4.560997e-01
 -1.675179e+00 1.499789e+00 4.166128e-01
 -1.940711e+00 1.296739e+00 2.455563e-01
 -2.103020e+00 1.038460e+00 -3.795426e-02
 -2.100719e+00 7.771699e-01 -3.078590e-01
 -1.938470e+00 4.972722e-01 -5.626313e-01
 -1.646854e+00 2.930498e-01 -7.570216e-01
 -1.267467e+00 1.962182e-01 -8.712180e-01
 -8.663131e-01 2.063160e-01 -8.706564e-01
 -4.062025e-01 2.994284e-01 -6.875210e-01
 -1.517193e-01 3.085833e-01 -6.605140e-01
 1.023857e-01 3.428854e-01 -7.158448e-01
 5.621952e-01 5.372414e-01 -9.323892e-01
 9.626193e-01 5.431866e-01 -1.031164e+00
 1.349619e+00 3.890966e-01 -1.080687e+00
 1.655605e+00 9.135032e-02 -1.075380e+00
 1.815713e+00 -2.502846e-01 -1.000091e+00
 1.836247e+00 -6.212209e-01 -8.479575e-01
 1.694798e+00 -9.697656e-01 -6.797233e-01
 1.420470e+00 -1.238898e+00 -5.636509e-01
 1.129769e+00 -1.371899e+00 -5.508891e-01
 7.958922e-01 -1.455878e+00 -6.632807e-01
 4.983191e-01 -1.668288e+00 -9.669442e-01
 2.621485e-01 -1.714956e+00 -1.157401e+00
 -5.255684e-02 -1.707145e+00 -1.288032e+00
 -3.814694e-01 -1.639645e+00 -1.323873e+00
 -6.809896e-01 -1.522893e+00 -1.266382e+00
 -9.175520e-01 -1.355596e+00 -1.139924e+00
 -1.077878e+00 -1.145247e+00 -9.565005e-01
 -1.150314e+00 -9.296199e-01 -7.184000e-01
 -1.125139e+00 -7.373681e-01 -4.675145e-01
 -1.010087e+00 -5.746847e-01 -2.366091e-01
 -6.288404e-01 -2.777226e-01 1.040283e-01
 -4.991265e-01 -1.273848e-01 3.157672e-01
 -4.795412e-01 -3.353640e-02 6.287893e-01
 -4.023706e-01 3.579639e-02 1.377838e+00
 -3.286052e-01 2.030605e-01 1.713588e+00
 -2.251295e-01 4.793673e-01 1.959747e+00
 -1.056799e-01 8.268945e-01 2.079646e+00
 1.315603e-02 1.196015e+00 2.053595e+00
 1.212389e-01 1.575668e+00 1.862618e+00
 1.963004e-01 1.824854e+00 1.555011e+00
 2.151440e-01 1.927598e+00 1.192267e+00
 1.713434e-01 1.893555e+00 7.766410e-01
 9.693341e-02 1.744540e+00 4.588611e-01
 -6.916524e-02 1.484894e+00 1.840942e-01
 -1.612668e-01 1.391310e+00 -6.640488e-02
 -1.625859e-01 1.335632e+00 -4.715782e-01
 -2.328465e-01 1.291644e+00 -9.088759e-01
 -2.696689e-01 1.159633e+00 -1.214466e+00
 -2.794445e-01 9.586316e-01 -1.446887e+00
 -2.563253e-01 6.977942e-01 -1.611123e+00
 -2.076809e-01 4.197810e-01 -1.685022e+00
 -1.662642e-01 1.146912e-01 -1.668099e+00
 -1.466645e-01 -1.726543e-01 -1.560012e+00
 -1.470200e-01 -4.274747e-01 -1.360843e+00
 -1.619362e-01 -6.508148e-01 -1.039687e+00
 -1.232287e-01 -8.754004e-01 -6.963356e-01
 -1.683549e-01 -1.072510e+00 -4.930876e-01
 -2.384701e-01 -1.255903e+00 -3.952952e-01
 -2.932422e-01 -2.206147e+00 -1.672553e-02
 -2.083037e-01 -2.494452e+00 1.389271e-01
 -3.247853e-02 -2.723326e+00 3.194169e-01
 2.140843e-01 -2.865102e+00 5.097864e-01
 5.039976e-01 -2.902628e+00 6.861338e-01
 8.098237e-01 -2.834888e+00 8.171693e-01
 1.099900e+00 -2.667114e+00 8.887446e-01
 1.341433e+00 -2.414294e+00 8.903786e-01
 1.498069e+00 -2.098042e+00 8.320025e-01
 1.536774e+00 -1.751788e+00 7.354078e-01
 1.454312e+00 -1.427032e+00 6.017589e-01
 1.259574e+00 -1.166063e+00 4.673914e-01
 9.750673e-01 -9.895647e-01 3.610155e-01
 6.691259e-01 -9.231028e-01 3.092899e-01
 4.358953e-01 -9.186341e-01 3.188216e-01
 1.575390e-01 -9.211022e-01 4.619507e-01
 -2.390306e-01 -1.049756e+00 6.630917e-01
 -5.575193e-01 -1.048621e+00 7.681664e-01
 -8.818710e-01 -9.476941e-01 8.273907e-01
 -1.163095e+00 -7.550140e-01 8.379696e-01
 -1.362947e+00 -5.019526e-01 7.921494e-01
 -1.476277e+00 -2.171036e-01 6.846122e-01
 -1.489705e+00 8.336748e-02 5.244678e-01
 -1.394375e+00 3.604320e-01 3.582486e-01
 -1.133921e+00 6.774722e-01 6.595340e-02
 -1.074581e+00 9.332350e-01 -1.886913e-01
 -1.127928e+00 1.086070e+00 -3.658353e-01
 -1.242518e+00 1.319167e+00 -5.211055e-01
 -1.400333e+00 1.578705e+00 -5.833035e-01
 -1.580013e+00 1.856928e+00 -5.403495e-01
 -1.728536e+00 2.118903e+00 -3.911383e-01
 -1.802019e+00 2.350817e+00 -1.585198e-01
 -1.797368e+00 2.525903e+00 1.335689e-01
 -1.726255e+00 2.613611e+00 4.503709e-01
 -1.601574e+00 2.603772e+00 7.621966e-01
 -1.436581e+00 2.498457e+00 1.034326e+00
 -1.248547e+00 2.310045e+00 1.237233e+00
 -1.057191e+00 2.059830e+00 1.348908e+00
 -8.848331e-01 1.779505e+00 1.357233e+00
 -5.787965e-01 1.261973e+00 1.168590e+00
 -2.723226e-01 1.012183e+00 1.078198e+00
 4.952660e-02 9.110584e-01 1.061807e+00
 4.910150e-01 9.239490e-01 1.131237e+00
 8.016363e-01 9.045682e-01 1.090884e+00
 1.076104e+00 8.170587e-01 9.921868e-01
 1.291469e+00 6.727917e-01 8.474455e-01
 1.433762e+00 4.961198e-01 6.511615e-01
 1.491601e+00 3.025194e-01 4.044537e-01
 1.449511e+00 1.046938e-01 1.507051e-01
 1.307751e+00 -8.424146e-02 -8.252065e-02
 9.700578e-01 -2.808766e-01 -3.971404e-01
 8.372487e-01 -4.100431e-01 -6.610310e-01
 8.154395e-01 -4.623302e-01 -8.895644e-01
 8.489626e-01 -5.528247e-01 -1.136536e+00
 9.689202e-01 -7.590275e-01 -1.386817e+00
 1.145752e+00 -1.054027e+00 -1.545106e+00
 1.301742e+00 -1.385663e+00 -1.570938e+00
 1.403147e+00 -1.714027e+00 -1.476823e+00
 1.425996e+00 -2.016076e+00 -1.283807e+00
 1.363350e+00 -2.247942e+00 -1.028669e+00
 1.243004e+00 -2.383750e+00 -7.186773e-01
 1.088913e+00 -2.400430e+00 -3.966596e-01
 9.154783e-01 -2.299376e+00 -1.041405e-01
 6.447358e-01 -1.957865e+00 2.797000e-01
 5.208598e-01 -1.889484e+00 5.732739e-01
 5.238472e-01 -1.788515e+00 8.617354e-01
 5.869422e-01 -1.550092e+00 1.143504e+00
 6.473458e-01 -1.204667e+00 1.309887e+00
 6.810268e-01 -8.154438e-01 1.332842e+00
 6.727336e-01 -4.347149e-01 1.205595e+00
 6.030244e-01 -1.311992e-01 9.579570e-01
 5.143651e-01 7.991597e-02 5.643569e-01
 4.669219e-01 2.398621e-01 3.811052e-01
 4.713638e-01 3.525927e-01 2.912557e-01
 5.468644e-01 5.940949e-01 1.567861e-01
 8.153632e-01 1.050883e+00 -7.922831e-02
 8.606904e-01 1.379457e+00 -2.234611e-01
 7.771167e-01 1.740991e+00 -3.360217e-01
 5.994677e-01 2.021386e+00 -3.987743e-01
 3.419741e-01 2.230988e+00 -4.144775e-01
 2.909589e-02 2.354793e+00 -3.722550e-01
 -2.983349e-01 2.384527e+00 -2.624491e-01
