 -8.032351e-01 1.257448e+00 1.125550e-01
 -9.576777e-01 1.008289e+00 3.035412e-01
 -1.187543e+00 7.520472e-01 3.670201e-01
 -1.518582e+00 6.260196e-01 3.902980e-01
 -1.785286e+00 4.558028e-01 3.111334e-01
 -2.024338e+00 7.804829e-02 2.441905e-01
 -2.090599e+00 -3.626630e-01 2.422521e-01
 -1.975271e+00 -7.721983e-01 2.925427e-01
 -1.687502e+00 -1.095152e+00 3.368317e-01
 -1.244093e+00 -1.283612e+00 3.578689e-01
 -7.854107e-01 -1.258512e+00 3.744947e-01
 -3.845167e-01 -1.037506e+00 4.307000e-01
 -1.043484e-01 -9.292199e-01 5.501288e-01
 1.305317e-01 -9.309444e-01 6.853420e-01
 2.930244e-01 -9.508305e-01 8.781642e-01
 8.757218e-01 -7.087303e-01 1.727510e+00
 1.139037e+00 -4.104251e-01 1.996755e+00
 1.348856e+00 1.164858e-02 2.088784e+00
 1.460783e+00 4.634830e-01 1.981609e+00
 1.427139e+00 8.560468e-01 1.713239e+00
 1.283976e+00 1.094281e+00 1.340938e+00
 1.086414e+00 1.129097e+00 8.995033e-01
 8.797735e-01 9.385183e-01 5.018754e-01
 7.036369e-01 5.444268e-01 2.303321e-01
 6.216463e-01 1.220490e-01 1.870625e-01
 7.369934e-01 -2.430178e-01 1.998051e-01
 1.196505e+00 -7.756982e-01 3.660732e-01
 1.339671e+00 -1.261032e+00 3.302752e-01
 1.395758e+00 -1.711661e+00 3.039539e-02
 1.284888e+00 -1.978733e+00 -4.117684e-01
 1.039786e+00 -2.014945e+00 -8.521176e-01
 7.978815e-01 -1.794496e+00 -1.259249e+00
 6.897550e-01 -1.431952e+00 -1.495058e+00
 7.654474e-01 -1.071409e+00 -1.598172e+00
 9.170336e-01 -8.446948e-01 -1.730271e+00
 1.155648e+00 -6.267115e-01 -1.802588e+00
 1.345203e+00 -3.355180e-01 -1.787558e+00
 1.426393e+00 2.335492e-02 -1.734028e+00
 1.376949e+00 3.755659e-01 -1.646042e+00
 1.217738e+00 6.657626e-01 -1.517724e+00
 9.752463e-01 8.667015e-01 -1.326739e+00
 6.933631e-01 9.455348e-01 -1.100240e+00
 4.051504e-01 8.927989e-01 -8.815304e-01
 -1.739251e-01 5.535513e-01 -5.703583e-01
 -6.537849e-01 4.504548e-01 -5.048622e-01
 -1.021781e+00 5.262109e-01 -6.080019e-01
 -1.241794e+00 6.532566e-01 -6.378922e-01
 -1.458629e+00 8.720432e-01 -6.084572e-01
 -1.614420e+00 1.105953e+00 -5.066500e-01
 -1.726167e+00 1.322133e+00 -3.197676e-01
 -1.781488e+00 1.493072e+00 -7.117220e-02
 -1.785819e+00 1.595728e+00 2.316105e-01
 -1.744611e+00 1.608468e+00 5.509188e-01
 -1.646158e+00 1.533528e+00 8.566498e-01
 -1.484520e+00 1.384992e+00 1.113413e+00
 -1.279814e+00 1.176768e+00 1.286956e+00
 -1.044351e+00 9.334317e-01 1.356843e+00
 -9.004483e-01 8.123590e-01 1.429839e+00
 -7.768095e-01 7.157848e-01 1.547545e+00
 -6.608016e-01 6.708874e-01 1.638233e+00
 -5.299883e-01 6.526468e-01 1.722038e+00
 -4.271714e-01 6.453197e-01 1.765231e+00
 -2.941147e-01 6.313490e-01 1.795374e+00
 -1.621054e-01 6.127553e-01 1.804523e+00
 -2.378684e-02 5.889532e-01 1.791026e+00
 1.163768e-01 5.540497e-01 1.758451e+00
 2.502674e-01 5.049853e-01 1.710463e+00
 3.817590e-01 4.412996e-01 1.642411e+00
 4.894567e-01 3.783969e-01 1.563554e+00
 5.727811e-01 3.207202e-01 1.479504e+00
 6.891585e-01 2.455225e-01 1.327133e+00
 8.695723e-01 1.636109e-01 1.182227e+00
 1.050304e+00 1.088276e-01 1.106880e+00
 1.249742e+00 1.168981e-01 1.019242e+00
 1.364630e+00 1.392691e-01 9.423034e-01
 1.481530e+00 1.677597e-01 8.171096e-01
 1.566502e+00 1.894581e-01 6.830101e-01
 1.624032e+00 2.067791e-01 5.359250e-01
 1.655702e+00 2.211272e-01 3.658083e-01
 1.662063e+00 2.170892e-01 1.814483e-01
 1.636503e+00 2.015420e-01 -1.702561e-03
 1.552513e+00 1.746584e-01 -2.492357e-01
 1.433588e+00 1.386065e-01 -4.429766e-01
 1.274597e+00 9.105356e-02 -6.041643e-01
 8.759794e-01 -3.192916e-02 -8.542855e-01
 7.095951e-01 -7.621148e-02 -1.019209e+00
 5.649053e-01 -6.549306e-02 -1.186937e+00
 4.646380e-01 -1.489787e-02 -1.355343e+00
 4.161539e-01 4.188591e-02 -1.599367e+00
 3.448418e-01 2.901636e-02 -1.861106e+00
 1.614149e-01 8.426457e-04 -2.138035e+00
 -8.997901e-02 -2.846264e-02 -2.333442e+00
 -3.705686e-01 -8.274046e-02 -2.427854e+00
 -6.719527e-01 -1.649744e-01 -2.423927e+00
 -9.837983e-01 -2.540259e-01 -2.311920e+00
 -1.252887e+00 -3.388858e-01 -2.098921e+00
 -1.423551e+00 -4.049115e-01 -1.837986e+00
 -1.506893e+00 -4.492451e-01 -1.534420e+00
 -1.495041e+00 -4.699379e-01 -1.219519e+00
 -1.188765e+00 -4.358310e-01 -3.326634e-01
 -1.052223e+00 -2.701428e-01 1.682243e-01
 -1.075731e+00 -2.737793e-01 4.893786e-01
 -1.188869e+00 -2.811802e-01 7.219730e-01
 -1.622433e+00 1.225487e-01 1.675271e+00
 -1.642311e+00 4.334293e-01 2.037808e+00
 -1.498622e+00 8.227354e-01 2.275169e+00
 -1.218471e+00 1.198798e+00 2.340035e+00
 -8.808713e-01 1.500537e+00 2.205730e+00
 -5.516266e-01 1.666619e+00 1.891530e+00
 -2.751393e-01 1.625418e+00 1.500962e+00
 -1.040516e-01 1.389154e+00 1.129530e+00
 -6.318782e-02 9.983227e-01 8.549251e-01
 -1.477888e-01 5.759986e-01 7.595810e-01
 -2.210921e-01 1.115459e-01 8.809273e-01
 -3.292921e-01 -2.568692e-01 1.280352e+00
 -4.613433e-01 -5.102414e-01 1.423281e+00
 -5.377339e-01 -9.468639e-01 1.482436e+00
 -4.773693e-01 -1.381474e+00 1.401948e+00
 -2.983774e-01 -1.726679e+00 1.196386e+00
 -7.433169e-02 -1.920908e+00 8.649477e-01
 1.229318e-01 -1.938060e+00 4.787064e-01
 2.768769e-01 -1.777324e+00 1.096789e-01
 4.913778e-01 -1.291750e+00 -3.075149e-01
 7.938932e-01 -1.041342e+00 -5.524071e-01
 1.144824e+00 -9.788460e-01 -6.604947e-01
 1.426264e+00 -1.040949e+00 -8.262565e-01
 1.657577e+00 -1.211974e+00 -1.106271e+00
 1.736325e+00 -1.422601e+00 -1.476906e+00
 1.644297e+00 -1.554023e+00 -1.879423e+00
 1.413319e+00 -1.596400e+00 -2.220795e+00
 1.071591e+00 -1.559087e+00 -2.458214e+00
 6.763932e-01 -1.458287e+00 -2.547600e+00
 2.929715e-01 -1.313621e+00 -2.474616e+00
 -1.379271e-02 -1.143373e+00 -2.255190e+00
 -2.864545e-01 -8.511732e-01 -1.761423e+00
 -3.976335e-01 -6.182826e-01 -1.547919e+00
 -5.126297e-01 -2.918664e-01 -1.396930e+00
 -5.674578e-01 -6.891051e-02 -1.397561e+00
 -5.975413e-01 3.850011e-01 -1.539084e+00
 -5.797785e-01 7.825520e-01 -1.503036e+00
 -6.106254e-01 1.147228e+00 -1.309139e+00
 -6.313333e-01 1.387190e+00 -9.993226e-01
 -6.407186e-01 1.491297e+00 -6.145133e-01
 -6.940445e-01 1.434878e+00 -2.077925e-01
