 2.258202e+00 -1.096125e+00 -1.422215e-01
 2.348378e+00 -7.423523e-01 -8.287269e-02
 2.281955e+00 -3.617396e-01 -5.693525e-03
 2.072320e+00 -3.685830e-02 1.165276e-01
 1.813363e+00 1.351994e-01 2.330135e-01
 1.522124e+00 2.612981e-01 2.540708e-01
 1.344279e+00 4.177400e-01 2.338964e-01
 1.164693e+00 7.868121e-01 2.504329e-01
 1.111939e+00 1.322080e+00 2.940089e-01
 1.035093e+00 1.699748e+00 1.738673e-01
 8.808570e-01 1.993791e+00 -6.447001e-02
 6.512822e-01 2.158719e+00 -3.813561e-01
 4.029543e-01 2.145466e+00 -7.047437e-01
 2.060273e-01 1.968450e+00 -1.027989e+00
 1.173761e-01 1.667333e+00 -1.302976e+00
 1.304238e-01 1.394443e+00 -1.423154e+00
 6.835334e-02 1.060150e+00 -1.445880e+00
 -8.166855e-02 8.131233e-01 -1.533699e+00
 -3.096059e-01 6.439562e-01 -1.638897e+00
 -6.108697e-01 5.236953e-01 -1.661649e+00
 -9.648336e-01 4.473918e-01 -1.556010e+00
 -1.304228e+00 4.604112e-01 -1.328580e+00
 -1.534871e+00 5.531571e-01 -1.033912e+00
 -1.610067e+00 6.589185e-01 -7.912919e-01
 -1.613926e+00 6.941296e-01 -4.897548e-01
 -1.712237e+00 6.562856e-01 -2.046523e-01
 -1.864057e+00 5.334104e-01 3.297716e-02
 -1.963620e+00 2.921938e-01 2.453249e-01
 -1.983276e+00 -5.746976e-02 4.112531e-01
 -1.919049e+00 -4.140802e-01 4.647887e-01
 -1.758698e+00 -7.503507e-01 4.266625e-01
 -1.597742e+00 -9.323261e-01 3.397206e-01
 -1.337140e+00 -1.085493e+00 2.862652e-01
 -1.122971e+00 -1.287550e+00 3.376619e-01
 -9.539495e-01 -1.483247e+00 4.799159e-01
 -7.680482e-01 -1.585414e+00 6.918161e-01
 -5.679525e-01 -1.602736e+00 9.638701e-01
 -4.127981e-01 -1.520021e+00 1.235071e+00
 -2.916107e-01 -1.340490e+00 1.483272e+00
 -2.275093e-01 -1.157145e+00 1.613988e+00
 -6.320050e-02 -8.687747e-01 1.697848e+00
 1.249316e-01 -7.189104e-01 1.808375e+00
 3.641204e-01 -6.475875e-01 1.904639e+00
 7.325318e-01 -6.188381e-01 1.924846e+00
 1.078275e+00 -6.592558e-01 1.830703e+00
 1.374654e+00 -7.271146e-01 1.607029e+00
 1.574586e+00 -7.672709e-01 1.245204e+00
 1.622102e+00 -7.933008e-01 8.667798e-01
 1.537163e+00 -8.229865e-01 5.406886e-01
 1.337991e+00 -7.618653e-01 2.069427e-01
 1.291517e+00 -6.900946e-01 -3.693853e-02
 1.390631e+00 -6.254045e-01 -4.603701e-01
 1.716369e+00 -5.777574e-01 -9.405124e-01
 1.898348e+00 -4.220387e-01 -1.210439e+00
 2.010646e+00 -1.600325e-01 -1.443955e+00
 2.035990e+00 1.706248e-01 -1.603447e+00
 1.952522e+00 5.988319e-01 -1.686543e+00
 1.785770e+00 9.594704e-01 -1.630657e+00
 1.555725e+00 1.213729e+00 -1.469776e+00
 1.267025e+00 1.343601e+00 -1.212341e+00
 9.987029e-01 1.318038e+00 -8.810338e-01
 7.664938e-01 1.174498e+00 -6.662088e-01
 5.296111e-01 1.132010e+00 -5.285891e-01
 2.712906e-01 1.200528e+00 -3.134164e-01
 -1.141766e-02 1.403274e+00 -7.180845e-02
 -3.721759e-01 1.577419e+00 5.403454e-02
 -7.434333e-01 1.662565e+00 5.609457e-02
 -1.856351e+00 1.668218e+00 -2.747307e-01
 -2.157281e+00 1.560126e+00 -3.886508e-01
 -2.403767e+00 1.352044e+00 -4.970535e-01
 -2.567586e+00 1.067206e+00 -5.871326e-01
 -2.630065e+00 7.377180e-01 -6.481948e-01
 -2.576967e+00 3.538754e-01 -6.784446e-01
 -2.406035e+00 3.669686e-02 -6.734548e-01
 -2.134471e+00 -2.005455e-01 -6.357549e-01
 -1.787382e+00 -3.231110e-01 -5.623532e-01
 -1.433387e+00 -3.044105e-01 -4.353986e-01
 -1.262820e+00 -2.437406e-01 -3.124680e-01
 -1.077327e+00 -1.328189e-01 -5.777244e-02
 -9.681005e-01 6.472215e-02 1.664083e-01
 -9.454805e-01 3.210823e-01 5.376148e-01
 -8.956636e-01 4.217699e-01 1.041847e+00
 -8.295725e-01 3.103905e-01 1.486631e+00
 -6.499083e-01 -4.363844e-01 2.421761e+00
 -5.038640e-01 -7.433275e-01 2.619407e+00
 -2.762512e-01 -1.057919e+00 2.688668e+00
 -5.419119e-04 -1.330827e+00 2.619512e+00
 2.945925e-01 -1.530892e+00 2.413070e+00
 5.092845e-01 -1.630725e+00 2.135118e+00
 6.548958e-01 -1.633673e+00 1.798526e+00
 7.086595e-01 -1.528440e+00 1.443186e+00
 6.765323e-01 -1.331113e+00 1.159694e+00
 6.186572e-01 -1.023384e+00 9.628221e-01
 5.979804e-01 -6.927421e-01 9.142175e-01
 6.726191e-01 -3.846839e-01 9.257280e-01
 8.096112e-01 -1.062597e-01 1.009437e+00
 1.193597e+00 2.896281e-01 1.234266e+00
 1.485753e+00 5.455285e-01 1.240179e+00
 1.773712e+00 7.780651e-01 1.099992e+00
 1.988634e+00 9.568701e-01 8.499127e-01
 2.132737e+00 1.070039e+00 4.887851e-01
 2.146409e+00 1.091566e+00 1.321711e-01
 2.051234e+00 1.020629e+00 -2.240319e-01
 1.898895e+00 8.219097e-01 -5.283176e-01
 1.739340e+00 5.981107e-01 -6.779341e-01
 1.460591e+00 4.093874e-01 -7.880442e-01
 1.229107e+00 3.222798e-01 -9.790354e-01
 9.687821e-01 3.566836e-01 -1.412079e+00
 7.742167e-01 6.334613e-01 -2.071207e+00
 5.652494e-01 8.527515e-01 -2.330886e+00
 2.620408e-01 1.084016e+00 -2.463263e+00
 -8.551142e-02 1.288489e+00 -2.444528e+00
 -4.487806e-01 1.439531e+00 -2.267864e+00
 -7.051865e-01 1.515298e+00 -1.994981e+00
 -8.599465e-01 1.516490e+00 -1.644134e+00
 -8.825517e-01 1.434872e+00 -1.269048e+00
 -7.866338e-01 1.251305e+00 -9.203655e-01
 -6.888009e-01 1.061602e+00 -7.641068e-01
 -5.890820e-01 7.674529e-01 -6.476015e-01
 -4.510317e-01 4.100989e-01 -6.539256e-01
 -3.728696e-01 6.267322e-03 -7.906285e-01
 -4.393782e-01 -4.404004e-01 -8.788896e-01
 -6.078582e-01 -7.896557e-01 -8.698331e-01
 -1.376370e+00 -1.605012e+00 -6.027120e-01
 -1.606875e+00 -1.802287e+00 -4.038444e-01
 -1.787422e+00 -1.923155e+00 -1.126923e-01
 -1.894363e+00 -1.952135e+00 2.330215e-01
 -1.914001e+00 -1.885938e+00 5.891392e-01
 -1.835080e+00 -1.718107e+00 9.452404e-01
 -1.687686e+00 -1.488757e+00 1.186996e+00
 -1.482955e+00 -1.206960e+00 1.315300e+00
 -1.252647e+00 -9.178128e-01 1.301772e+00
 -9.939135e-01 -6.780850e-01 1.154874e+00
 -8.093088e-01 -5.994577e-01 1.009482e+00
 -5.514635e-01 -5.942068e-01 8.192550e-01
 -3.574532e-01 -6.530601e-01 5.636929e-01
 -2.025920e-01 -8.148731e-01 3.097991e-01
 5.064455e-02 -1.065971e+00 1.113608e-01
 8.871221e-01 -1.622807e+00 -1.477550e-01
 1.272500e+00 -1.702048e+00 -2.064588e-01
 1.663890e+00 -1.633238e+00 -2.227440e-01
 2.019636e+00 -1.415081e+00 -1.963188e-01
