 -7.548554e-01 8.310139e-01 -6.972621e-01
 -6.338289e-01 5.830963e-01 -8.085176e-01
 -5.911709e-01 4.107123e-01 -9.428993e-01
 -4.836994e-01 2.656721e-01 -1.116791e+00
 -2.765914e-01 9.397190e-02 -1.252773e+00
 -1.720125e-02 -1.018254e-01 -1.292353e+00
 2.448634e-01 -2.966698e-01 -1.222109e+00
 4.885420e-01 -4.944369e-01 -1.034002e+00
 6.593840e-01 -6.416241e-01 -9.607627e-01
 8.022189e-01 -7.556721e-01 -9.505535e-01
 9.106414e-01 -8.898314e-01 -9.618144e-01
 1.129511e+00 -1.270876e+00 -1.033661e+00
 1.496660e+00 -1.554101e+00 -9.982270e-01
 1.907230e+00 -1.678425e+00 -8.340931e-01
 2.282692e+00 -1.621117e+00 -5.743040e-01
 2.559296e+00 -1.384556e+00 -2.957727e-01
 2.681496e+00 -1.021920e+00 -5.181696e-02
 2.635245e+00 -5.894620e-01 1.040965e-01
 2.454252e+00 -2.266064e-01 1.146458e-01
 2.330830e+00 -1.695497e-02 2.566044e-03
 2.264857e+00 2.262934e-01 -1.239620e-01
 2.109565e+00 6.217896e-01 -1.165339e-01
 1.779646e+00 9.401493e-01 4.858225e-03
 1.338443e+00 1.060675e+00 1.748649e-01
 8.731197e-01 9.392360e-01 3.488458e-01
 4.066321e-02 1.043592e-01 7.865160e-01
 -1.155140e-01 -1.488225e-01 1.246916e+00
 -2.587827e-01 -1.051666e-01 1.719592e+00
 -4.861673e-01 1.792116e-01 2.089290e+00
 -8.255166e-01 5.549165e-01 2.225094e+00
 -1.201107e+00 8.968788e-01 2.096450e+00
 -1.507226e+00 1.139076e+00 1.721608e+00
 -1.636380e+00 1.228528e+00 1.200651e+00
 -1.608335e+00 1.061062e+00 5.662201e-01
 -1.758766e+00 8.672038e-01 1.822547e-01
 -2.105174e+00 7.383182e-01 -9.578236e-02
 -2.612479e+00 3.697380e-01 -1.416632e-01
 -2.974665e+00 -4.216763e-02 1.612020e-01
 -3.019043e+00 -4.176436e-01 6.635597e-01
 -2.724826e+00 -6.309006e-01 1.169432e+00
 -2.209755e+00 -5.935300e-01 1.516147e+00
 -1.661509e+00 -3.118856e-01 1.589686e+00
 -9.100204e-01 4.941149e-01 1.154504e+00
 -6.010296e-01 8.107459e-01 1.237445e+00
 -1.405091e-01 9.208693e-01 1.436620e+00
 3.624973e-01 7.352101e-01 1.612368e+00
 7.479339e-01 3.320908e-01 1.595174e+00
 9.257411e-01 -1.176727e-01 1.391774e+00
 8.643802e-01 -5.191122e-01 1.067349e+00
 5.510734e-01 -7.639167e-01 2.218814e-01
 2.138813e-01 -1.355731e+00 -3.554367e-01
 7.295108e-02 -1.485496e+00 -8.238074e-01
 1.050850e-01 -1.425990e+00 -1.342219e+00
 3.249404e-01 -1.218989e+00 -1.754479e+00
 6.688368e-01 -9.193542e-01 -1.964346e+00
 9.931876e-01 -5.362325e-01 -1.938940e+00
 1.220563e+00 -1.736243e-01 -1.694455e+00
 1.332938e+00 7.148602e-02 -1.280088e+00
 1.293781e+00 1.643830e-01 -6.752738e-01
 1.228970e+00 7.589916e-02 -1.328201e-01
 1.320430e+00 7.779899e-03 1.928258e-01
 1.448178e+00 7.746356e-02 4.910236e-01
 1.713166e+00 2.534566e-01 7.964894e-01
 2.236792e+00 4.761839e-01 9.156752e-01
 2.779857e+00 5.729542e-01 7.367224e-01
 3.174823e+00 5.090759e-01 3.254220e-01
 3.310733e+00 3.001594e-01 -1.814540e-01
 3.161021e+00 3.074402e-04 -6.289147e-01
 2.774665e+00 -3.007994e-01 -8.925220e-01
 2.275342e+00 -5.456912e-01 -8.893585e-01
 1.902284e+00 -6.440978e-01 -6.686270e-01
 1.714626e+00 -7.837072e-01 -3.282773e-01
 1.291700e+00 -1.472633e+00 3.107149e-01
 1.010342e+00 -1.643078e+00 5.341200e-01
 6.669681e-01 -1.680227e+00 7.155811e-01
 3.125754e-01 -1.588508e+00 8.222768e-01
 -9.046601e-03 -1.393817e+00 8.367761e-01
 -6.912408e-01 -6.884878e-01 6.083472e-01
 -8.050008e-01 -4.902152e-01 5.663325e-01
 -8.703795e-01 -3.423037e-01 5.043162e-01
 -9.739031e-01 -1.334914e-01 3.564138e-01
 -1.021264e+00 -3.267217e-02 2.567608e-01
 -1.076649e+00 3.053393e-02 1.397548e-01
 -1.213411e+00 8.207365e-02 -1.177657e-01
 -1.453899e+00 7.296528e-02 -4.833198e-01
 -1.590976e+00 2.158026e-01 -8.256842e-01
 -1.589798e+00 4.361791e-01 -1.169471e+00
 -1.421373e+00 6.924240e-01 -1.476570e+00
 -1.085085e+00 9.445554e-01 -1.672821e+00
 -6.261625e-01 1.121550e+00 -1.696185e+00
 -1.413186e-01 1.160906e+00 -1.515052e+00
 2.423600e-01 1.011188e+00 -1.165227e+00
 3.986243e-01 6.952779e-01 -7.323868e-01
 2.799651e-01 3.303904e-01 -4.023415e-01
 6.273032e-03 -3.927632e-02 -2.316451e-01
 -6.140340e-01 -7.348776e-01 -4.678702e-01
 -1.297485e+00 -9.810485e-01 -2.407534e-01
 -1.848539e+00 -7.278806e-01 2.150374e-01
 -2.057901e+00 2.477068e-02 6.775255e-01
 -2.166665e+00 1.801338e-01 8.024388e-01
 -2.333483e+00 3.797117e-01 8.800585e-01
 -2.504824e+00 6.431735e-01 8.771615e-01
 -2.610171e+00 9.168322e-01 7.945552e-01
 -2.621401e+00 1.247725e+00 6.411903e-01
 -2.530493e+00 1.520743e+00 4.404088e-01
 -2.341791e+00 1.720494e+00 2.017047e-01
 -2.073931e+00 1.813234e+00 -4.927715e-02
 -1.767842e+00 1.773278e+00 -2.831950e-01
 -1.464425e+00 1.605103e+00 -4.550075e-01
