 -1.322786e+00 -2.766892e-01 7.550617e-01
 -1.256564e+00 -4.618856e-01 4.811841e-01
 -1.217418e+00 -6.778643e-01 3.309762e-01
 -9.422404e-01 -1.355366e+00 -2.515702e-02
 -8.874622e-01 -1.662063e+00 -4.934023e-01
 -1.016628e+00 -1.736850e+00 -1.036793e+00
 -1.284433e+00 -1.554485e+00 -1.495745e+00
 -1.601918e+00 -1.171034e+00 -1.737093e+00
 -1.929532e+00 -7.239979e-01 -1.686933e+00
 -2.126670e+00 -4.696552e-01 -1.436988e+00
 -2.406294e+00 -3.723502e-01 -1.170798e+00
 -2.676487e+00 -1.307045e-01 -1.001400e+00
 -2.774694e+00 3.282665e-01 -7.168859e-01
 -2.580317e+00 7.547745e-01 -4.294488e-01
 -2.152280e+00 9.989438e-01 -1.661776e-01
 -1.614874e+00 9.874774e-01 -1.492882e-02
 -1.131374e+00 7.340405e-01 -2.588094e-02
 -4.387494e-01 -3.531278e-01 -2.632021e-01
 -2.286824e-01 -5.310387e-01 -3.854789e-01
 2.892044e-02 -6.279143e-01 -5.423583e-01
 2.982156e-01 -6.327643e-01 -6.667255e-01
 5.929609e-01 -5.594937e-01 -7.393936e-01
 8.702363e-01 -4.113254e-01 -7.483486e-01
 1.106121e+00 -1.952324e-01 -6.948893e-01
 1.266777e+00 7.242549e-02 -5.963220e-01
 1.387751e+00 5.930222e-01 -3.566057e-01
 1.542009e+00 8.738871e-01 -2.719992e-01
 1.750460e+00 1.116851e+00 -2.871150e-01
 2.144978e+00 1.291874e+00 -3.155716e-01
 2.591918e+00 1.280381e+00 -3.410527e-01
 3.005323e+00 1.074724e+00 -3.161597e-01
 3.288451e+00 7.219178e-01 -2.246304e-01
 3.383097e+00 2.899015e-01 -8.323666e-02
 3.264569e+00 -1.354892e-01 8.196479e-02
 2.953579e+00 -4.584384e-01 2.445688e-01
 2.515528e+00 -5.996737e-01 3.896357e-01
 2.047622e+00 -5.189999e-01 4.827080e-01
 1.668983e+00 -2.345459e-01 5.226759e-01
 1.486177e+00 1.521508e-01 5.473130e-01
 1.471350e+00 4.730211e-01 6.535087e-01
 1.627594e+00 1.054855e+00 8.168021e-01
 1.503771e+00 1.536886e+00 9.323483e-01
 1.157035e+00 1.903068e+00 1.018680e+00
 6.718564e-01 2.061911e+00 1.059492e+00
 1.670544e-01 1.972671e+00 1.049646e+00
 -2.330013e-01 1.655550e+00 9.964650e-01
 -4.291743e-01 1.187380e+00 9.180606e-01
 -2.964252e-01 -6.389637e-03 7.446396e-01
 -2.990018e-01 -2.613060e-01 7.477529e-01
 -3.052631e-01 -5.454288e-01 8.396378e-01
 -4.955075e-01 -8.776217e-01 1.038281e+00
 -8.484165e-01 -1.111692e+00 1.189871e+00
 -1.304506e+00 -1.213018e+00 1.205351e+00
 -1.744006e+00 -1.171079e+00 1.066833e+00
 -2.079606e+00 -1.000219e+00 8.017679e-01
 -2.248036e+00 -7.350313e-01 4.703454e-01
 -2.221400e+00 -4.370022e-01 1.401619e-01
 -1.817724e+00 4.006725e-02 -4.294552e-01
 -1.710509e+00 2.155590e-01 -7.252642e-01
 -1.780578e+00 4.519390e-01 -1.060155e+00
 -2.029094e+00 5.681012e-01 -1.451260e+00
 -2.374420e+00 4.867270e-01 -1.778614e+00
 -2.700500e+00 1.962857e-01 -2.004566e+00
 -2.927180e+00 -2.340596e-01 -2.071195e+00
 -3.002913e+00 -7.074298e-01 -1.964071e+00
 -2.911906e+00 -1.115080e+00 -1.706389e+00
 -2.675301e+00 -1.364874e+00 -1.355993e+00
 -2.353807e+00 -1.398673e+00 -9.991705e-01
 -1.979793e+00 -1.238269e+00 -7.494965e-01
 -1.663416e+00 -9.723450e-01 -6.871209e-01
 -1.380154e+00 -7.829347e-01 -7.974684e-01
 -8.598370e-01 -3.291265e-01 -1.194764e+00
 -5.543095e-01 -5.098582e-02 -1.241899e+00
 -2.321182e-01 1.929628e-01 -1.121985e+00
 5.433462e-02 3.484933e-01 -8.587345e-01
 2.442011e-01 3.836565e-01 -5.180114e-01
 3.981432e-01 2.430394e-01 -8.802178e-02
 8.797215e-01 -9.875888e-01 8.586982e-01
 9.256161e-01 -1.098456e+00 1.696185e+00
 8.636513e-01 -5.673527e-01 2.373588e+00
 7.577350e-01 2.348190e-01 2.456959e+00
 5.656632e-01 8.287294e-01 1.964908e+00
 6.288575e-01 1.323373e+00 -4.819688e-01
 8.764201e-01 1.299021e+00 -9.515624e-01
 1.283640e+00 1.135503e+00 -1.250189e+00
 1.739297e+00 8.710599e-01 -1.301892e+00
 2.127024e+00 5.728706e-01 -1.093926e+00
 2.335203e+00 3.433600e-01 -7.134519e-01
 2.362094e+00 2.557881e-01 -2.734459e-01
 2.352497e+00 3.466555e-01 1.751851e-02
 2.417944e+00 4.408399e-01 2.545033e-01
 2.500848e+00 4.105167e-01 6.124238e-01
 2.442273e+00 3.070547e-01 9.716760e-01
 2.195915e+00 1.714586e-01 1.319074e+00
 1.834748e+00 5.147082e-02 1.523022e+00
 1.415101e+00 -2.529952e-02 1.563416e+00
 9.646176e-01 -3.729908e-02 1.425966e+00
 7.828220e-01 -5.750099e-02 1.406888e+00
 5.938769e-01 -9.262740e-02 1.424975e+00
 3.733755e-01 -1.381914e-01 1.513761e+00
 -1.085935e-02 -1.138246e-01 1.734785e+00
 -4.930661e-01 -8.321239e-02 1.754810e+00
 -9.331010e-01 -9.126321e-02 1.555569e+00
 -1.223625e+00 -1.391608e-01 1.186331e+00
