 8.018882e-01 1.686351e+00 -1.501277e+00
 9.562999e-01 1.916699e+00 -1.232462e+00
 1.110376e+00 2.024517e+00 -8.871447e-01
 1.232529e+00 1.992501e+00 -5.249392e-01
 1.272579e+00 1.804004e+00 -3.669063e-02
 1.316009e+00 1.808898e+00 2.862308e-01
 1.255603e+00 1.898278e+00 6.071245e-01
 1.091534e+00 1.970976e+00 8.602141e-01
 8.147393e-01 1.968925e+00 1.094663e+00
 4.396516e-01 1.865065e+00 1.253847e+00
 7.599737e-02 1.705473e+00 1.263200e+00
 -2.473601e-01 1.514030e+00 1.125800e+00
 -4.779226e-01 1.316810e+00 8.614515e-01
 -5.687339e-01 1.155621e+00 5.391483e-01
 -4.256288e-01 6.141339e-01 -3.445504e-01
 -4.558484e-01 5.437490e-01 -6.100989e-01
 -8.540208e-01 5.129295e-01 -1.542927e+00
 -9.475244e-01 1.727273e-01 -2.043765e+00
 -9.138393e-01 -3.855865e-01 -2.289460e+00
 -7.807524e-01 -9.717742e-01 -2.188031e+00
 -5.224522e-01 -1.364967e+00 -1.823749e+00
 -1.819153e-01 -1.443110e+00 -1.339176e+00
 5.904565e-02 -1.195017e+00 -8.512870e-01
 2.089189e-02 -3.989851e-01 -2.142224e-01
 -3.495065e-01 2.396327e-01 9.249686e-01
 -6.218605e-01 2.485194e-01 1.373547e+00
 -9.022891e-01 -5.609812e-03 1.751125e+00
 -1.119696e+00 -4.521004e-01 1.944052e+00
 -1.207258e+00 -9.729013e-01 1.909195e+00
 -1.109372e+00 -1.414688e+00 1.690383e+00
 -8.967952e-01 -1.617391e+00 1.499799e+00
 -6.579873e-01 -1.788397e+00 1.425527e+00
 -5.064425e-01 -2.047123e+00 1.317237e+00
 -3.967166e-01 -2.332927e+00 1.023887e+00
 -3.884828e-01 -2.500626e+00 6.496798e-01
 -4.494819e-01 -2.518398e+00 2.370940e-01
 -5.548616e-01 -2.373233e+00 -1.434045e-01
 -6.872445e-01 -2.089099e+00 -4.248155e-01
 -8.264846e-01 -1.719882e+00 -5.567341e-01
 -9.162987e-01 -1.319515e+00 -5.284103e-01
 -9.468882e-01 -8.180111e-01 -2.814835e-01
 -9.678205e-01 -6.102024e-01 -2.507894e-01
 -1.002743e+00 -4.656871e-01 -2.443494e-01
 -1.062231e+00 -3.221496e-01 -2.422543e-01
 -1.407715e+00 2.987290e-01 -3.004979e-01
 -1.453215e+00 7.397451e-01 -3.926719e-01
 -1.323107e+00 1.128109e+00 -5.196510e-01
 -1.042625e+00 1.410845e+00 -6.429737e-01
 -6.465059e-01 1.553940e+00 -7.322166e-01
 -1.947973e-01 1.532657e+00 -7.509784e-01
 7.666930e-01 1.088485e+00 -6.165201e-01
 1.057506e+00 9.950473e-01 -7.993228e-01
 1.277985e+00 7.985511e-01 -1.069006e+00
 1.354122e+00 5.674801e-01 -1.382498e+00
 1.295170e+00 3.255996e-01 -1.632080e+00
 1.092267e+00 2.671415e-02 -1.835855e+00
 7.902803e-01 -2.248593e-01 -1.918358e+00
 4.208545e-01 -4.000093e-01 -1.875023e+00
 4.201848e-02 -4.555278e-01 -1.721309e+00
 -2.594048e-01 -4.069473e-01 -1.474138e+00
 -3.930378e-01 -4.188963e-01 -1.380737e+00
 -6.406805e-01 -4.855316e-01 -1.261406e+00
 -1.201399e+00 -5.406662e-01 -1.240201e+00
 -1.531945e+00 -6.189176e-01 -1.101971e+00
 -1.795862e+00 -6.998827e-01 -8.420407e-01
 -1.945241e+00 -7.586243e-01 -5.053192e-01
 -1.964399e+00 -7.873636e-01 -1.308654e-01
 -1.852349e+00 -7.863815e-01 2.225139e-01
 -1.626455e+00 -7.549041e-01 5.114082e-01
 -1.020434e+00 -6.780701e-01 8.761398e-01
 -4.981694e-01 -7.648117e-01 1.144276e+00
 -2.932820e-01 -7.896792e-01 1.401351e+00
 -1.602341e-01 -9.690293e-01 1.828895e+00
 -2.071177e-01 -1.258749e+00 2.192930e+00
 -3.938970e-01 -1.630044e+00 2.413253e+00
 -6.774592e-01 -2.003294e+00 2.439687e+00
 -9.780409e-01 -2.311923e+00 2.264057e+00
 -1.235963e+00 -2.492990e+00 1.929928e+00
 -1.405098e+00 -2.513388e+00 1.509500e+00
 -1.458774e+00 -2.373067e+00 1.088460e+00
 -1.376091e+00 -2.117959e+00 7.414376e-01
 -1.143999e+00 -1.811511e+00 5.114828e-01
 -8.810177e-01 -1.598297e+00 4.628807e-01
 -4.382370e-01 -1.479090e+00 4.162821e-01
 -1.468685e-01 -1.360429e+00 4.137485e-01
 4.374426e-01 -1.001807e+00 5.053812e-01
 6.007827e-01 -8.516765e-01 5.122134e-01
 7.332381e-01 -6.747832e-01 4.939486e-01
 8.281806e-01 -4.790158e-01 4.528505e-01
 8.788089e-01 -2.810626e-01 3.945797e-01
 8.928042e-01 -1.102709e-01 3.168409e-01
 9.251652e-01 2.144701e-02 2.365555e-01
 1.018057e+00 2.281506e-01 1.261247e-01
 1.168345e+00 3.852542e-01 4.379671e-02
 1.455046e+00 6.130488e-01 3.807092e-02
 2.104196e+00 1.200845e+00 -2.341134e-02
 2.275748e+00 1.574138e+00 -3.573800e-02
 2.288054e+00 1.982986e+00 -2.708733e-02
 2.141728e+00 2.361707e+00 3.458668e-03
 1.862160e+00 2.651190e+00 5.340303e-02
 1.495348e+00 2.806941e+00 1.159948e-01
 1.105158e+00 2.810880e+00 1.526471e-01
 7.473078e-01 2.669963e+00 1.585634e-01
 4.527116e-01 2.382309e+00 1.739531e-01
 3.006917e-01 2.021562e+00 2.062866e-01
 2.993643e-01 1.657199e+00 2.551132e-01
 4.490940e-01 1.258164e+00 3.822883e-01
 1.034730e+00 7.715513e-01 1.042137e+00
 1.591280e+00 2.496634e-01 1.039734e+00
 1.917477e+00 -1.885013e-01 5.736394e-01
 1.827178e+00 -4.299084e-01 -1.085003e-01
 1.363973e+00 -4.251077e-01 -6.351255e-01
 6.063416e-01 1.410301e-02 -9.265753e-01
 3.937678e-01 2.761559e-01 -1.100074e+00
 3.231112e-01 4.847056e-01 -1.338519e+00
 3.606046e-01 7.564308e-01 -1.551034e+00
 4.792548e-01 1.066535e+00 -1.662364e+00
 6.386937e-01 1.389684e+00 -1.647897e+00
