 -4.915198e-01 2.290187e+00 -2.377477e-01
 -8.090551e-01 2.216738e+00 -7.475326e-02
 -1.161520e+00 1.971614e+00 1.819642e-03
 -1.404110e+00 1.642416e+00 -3.305564e-02
 -1.511214e+00 1.268703e+00 -1.502374e-01
 -1.462434e+00 9.102478e-01 -2.911596e-01
 -1.289339e+00 6.262816e-01 -3.931706e-01
 -9.048934e-01 3.042173e-01 -5.638957e-01
 -7.762940e-01 -2.680374e-02 -7.349592e-01
 -8.075815e-01 -3.969781e-01 -1.049726e+00
 -7.753289e-01 -6.074642e-01 -1.237168e+00
 -5.773580e-01 -9.132040e-01 -1.457041e+00
 -2.386106e-01 -1.162767e+00 -1.578455e+00
 1.473715e-01 -1.295733e+00 -1.564012e+00
 5.444163e-01 -1.294870e+00 -1.445035e+00
 8.945930e-01 -1.142908e+00 -1.256384e+00
 1.119239e+00 -8.757424e-01 -1.030625e+00
 1.208823e+00 -4.824049e-01 -6.842465e-01
 1.339151e+00 -3.334504e-01 -4.551443e-01
 1.508092e+00 -2.698849e-01 -1.913813e-01
 1.584854e+00 -2.908496e-01 1.805977e-01
 1.503294e+00 -3.620625e-01 5.754891e-01
 1.298840e+00 -4.760245e-01 8.943176e-01
 1.025584e+00 -5.989290e-01 1.087568e+00
 6.324733e-01 -7.583995e-01 1.246616e+00
 2.466310e-01 -9.084804e-01 1.392112e+00
 -1.766904e-01 -9.854894e-01 1.533351e+00
 -3.967609e-01 -1.031097e+00 1.685558e+00
 -6.719439e-01 -1.269139e+00 1.931739e+00
 -8.156907e-01 -1.657430e+00 2.119081e+00
 -8.159034e-01 -2.074789e+00 2.186762e+00
 -7.087822e-01 -2.455664e+00 2.135375e+00
 -5.217325e-01 -2.763105e+00 1.972896e+00
 -2.849737e-01 -2.954229e+00 1.723663e+00
 -4.016156e-02 -3.004156e+00 1.420942e+00
 1.767579e-01 -2.906382e+00 1.108278e+00
 3.348848e-01 -2.672093e+00 8.277437e-01
 4.039753e-01 -2.330816e+00 6.226334e-01
 3.486963e-01 -1.959440e+00 5.183613e-01
 2.042588e-01 -1.659312e+00 5.096717e-01
 -6.337778e-02 -1.365641e+00 5.504701e-01
 -4.633517e-01 -1.236729e+00 5.945322e-01
 -8.835753e-01 -1.174670e+00 7.874113e-01
 -1.140175e+00 -9.574979e-01 1.004786e+00
 -1.274881e+00 -6.385744e-01 1.157259e+00
 -1.367868e+00 -2.393454e-01 1.175033e+00
 -1.358296e+00 1.331989e-01 1.077801e+00
 -1.227636e+00 4.575095e-01 9.082986e-01
 -9.922729e-01 7.033675e-01 6.739056e-01
 -6.832775e-01 9.338987e-01 3.757935e-01
 -5.239685e-01 1.100109e+00 1.100584e-01
 -4.750506e-01 1.239825e+00 -2.601041e-01
 -5.823382e-01 1.347246e+00 -5.897025e-01
 -7.855753e-01 1.501810e+00 -8.600014e-01
 -1.037413e+00 1.852221e+00 -1.025733e+00
 -1.168285e+00 2.264009e+00 -1.037605e+00
 -1.159029e+00 2.655431e+00 -9.565851e-01
 -1.029942e+00 2.989709e+00 -8.010889e-01
 -8.019859e-01 3.226684e+00 -5.902788e-01
 -5.084669e-01 3.331044e+00 -3.509523e-01
 -1.937533e-01 3.284143e+00 -1.146583e-01
 1.068167e-01 3.087026e+00 7.706638e-02
 3.416146e-01 2.754007e+00 1.905311e-01
 4.767587e-01 2.334377e+00 1.750187e-01
 4.933536e-01 1.906794e+00 -1.328322e-02
 4.332174e-01 1.670828e+00 -2.742023e-01
 4.345403e-01 1.571303e+00 -6.132310e-01
 5.145494e-01 1.541731e+00 -1.063970e+00
 5.908650e-01 1.305257e+00 -1.489047e+00
 6.190288e-01 9.762414e-01 -1.747424e+00
 5.980278e-01 6.004403e-01 -1.855195e+00
 5.216851e-01 2.016382e-01 -1.790592e+00
 3.959723e-01 -1.203607e-01 -1.574243e+00
 2.632650e-01 -3.150736e-01 -1.283860e+00
 1.912510e-01 -4.503669e-01 -9.325774e-01
 1.203378e-01 -7.213370e-01 -7.060346e-01
 -9.907937e-02 -1.160563e+00 -5.184579e-01
 -3.184907e-01 -1.568603e+00 -4.128748e-01
 -4.853145e-01 -1.864933e+00 -2.491674e-01
 -6.046286e-01 -2.111232e+00 5.241609e-02
 -6.442357e-01 -2.245528e+00 4.546634e-01
 -5.835538e-01 -2.220672e+00 9.109615e-01
 -4.092199e-01 -2.052719e+00 1.233955e+00
 -1.486098e-01 -1.983303e+00 1.408616e+00
 7.291282e-02 -1.978635e+00 1.657342e+00
 2.439010e-01 -1.762776e+00 2.065862e+00
 3.075801e-01 -1.421841e+00 2.327635e+00
 2.896543e-01 -1.044025e+00 2.449214e+00
 2.041237e-01 -6.574552e-01 2.431469e+00
 6.437110e-02 -3.095161e-01 2.267353e+00
 -8.713687e-02 -6.436215e-02 1.976272e+00
 -2.187670e-01 3.716591e-02 1.605256e+00
 -3.059761e-01 -1.231224e-02 1.239474e+00
 -4.335752e-01 -1.861335e-01 7.363406e-01
 -6.225321e-01 -2.337831e-01 4.501350e-01
 -8.770881e-01 -2.859924e-01 2.760980e-01
 -1.265955e+00 -4.005529e-01 1.181603e-01
 -1.599423e+00 -3.990359e-01 -2.179847e-01
 -1.778302e+00 -2.813935e-01 -6.262765e-01
 -1.797421e+00 -7.730946e-02 -9.858683e-01
 -1.660002e+00 1.679508e-01 -1.274625e+00
 -1.339160e+00 4.209991e-01 -1.497100e+00
 -9.512848e-01 5.886650e-01 -1.560908e+00
 -5.621256e-01 6.716595e-01 -1.471735e+00
 -2.761667e-01 6.705706e-01 -1.296391e+00
 1.194584e-01 6.064226e-01 -8.784379e-01
 3.767283e-01 5.574232e-01 -7.796256e-01
 8.779551e-01 5.013892e-01 -8.713071e-01
 1.259333e+00 4.847369e-01 -1.050211e+00
 1.554583e+00 3.741774e-01 -1.157824e+00
 1.853758e+00 1.502301e-01 -1.196346e+00
 2.083305e+00 -1.598772e-01 -1.138168e+00
 2.196884e+00 -5.001753e-01 -9.912388e-01
 2.181304e+00 -8.238429e-01 -7.770197e-01
 2.024346e+00 -1.102616e+00 -5.100479e-01
 1.759227e+00 -1.263349e+00 -2.680361e-01
 1.388311e+00 -1.292050e+00 -6.155632e-02
 9.623326e-01 -1.125173e+00 1.042104e-01
 6.708730e-01 -8.049336e-01 1.493555e-01
 5.494476e-01 -4.667534e-01 1.751469e-01
 5.819723e-01 -2.148444e-02 2.021076e-01
 7.714884e-01 3.667787e-01 1.796550e-01
 1.008510e+00 7.082096e-01 1.093068e-01
 1.218958e+00 1.026195e+00 -4.730658e-02
 1.413199e+00 1.402095e+00 -2.521056e-01
 1.446595e+00 1.726253e+00 -4.180868e-01
 1.343435e+00 2.056686e+00 -5.840514e-01
 1.094139e+00 2.356665e+00 -7.146637e-01
 7.595108e-01 2.536483e+00 -7.999080e-01
 3.885977e-01 2.570989e+00 -8.342560e-01
 -4.467550e-03 2.488169e+00 -7.526912e-01
 -2.550826e-01 2.352456e+00 -5.607020e-01
