 1.851276e+00 -5.568879e-01 6.746153e-01
 1.666510e+00 -2.684626e-01 5.496892e-01
 1.551887e+00 -2.804734e-02 2.889131e-01
 1.621915e+00 4.844854e-01 -1.816197e-01
 1.567743e+00 6.925049e-01 -5.193056e-01
 1.392442e+00 8.031759e-01 -8.576558e-01
 1.124164e+00 7.786056e-01 -1.166036e+00
 8.344034e-01 6.141385e-01 -1.370054e+00
 6.703273e-01 4.018614e-01 -1.481794e+00
 5.910040e-01 1.190608e-01 -1.628949e+00
 5.930704e-01 -2.919535e-01 -2.051622e+00
 5.730842e-01 -6.102292e-01 -2.205802e+00
 5.022127e-01 -9.627569e-01 -2.247725e+00
 3.903040e-01 -1.298368e+00 -2.168604e+00
 2.519700e-01 -1.573121e+00 -1.978331e+00
 1.057091e-01 -1.752957e+00 -1.702650e+00
 -3.323306e-02 -1.821028e+00 -1.355916e+00
 -1.360381e-01 -1.760497e+00 -1.020879e+00
 -1.834146e-01 -1.582052e+00 -7.131067e-01
 -1.872986e-01 -1.291809e+00 -4.672593e-01
 -1.729542e-01 -9.455583e-01 -3.471905e-01
 -1.269077e-01 -5.078802e-01 -3.615798e-01
 -2.627896e-01 -1.065211e-01 -6.395272e-01
 -3.618494e-01 5.432860e-01 -1.561059e+00
 -1.766751e-01 7.305262e-01 -1.990021e+00
 1.835877e-01 8.052722e-01 -2.303177e+00
 6.149927e-01 7.678627e-01 -2.445396e+00
 1.022444e+00 6.461919e-01 -2.416506e+00
 1.342798e+00 4.683595e-01 -2.254721e+00
 1.533737e+00 2.616584e-01 -2.024429e+00
 1.605374e+00 5.796148e-02 -1.748086e+00
 1.574269e+00 -9.690633e-02 -1.467725e+00
 1.462098e+00 -1.904776e-01 -1.195553e+00
 1.276791e+00 -2.140547e-01 -9.353245e-01
 1.013971e+00 -1.566478e-01 -7.040425e-01
 7.826653e-01 6.675922e-03 -5.476302e-01
 6.435839e-01 2.628875e-01 -4.204538e-01
 5.717588e-01 3.952803e-01 -3.975630e-01
 2.473131e-01 9.531542e-01 -4.448046e-01
 5.906168e-02 1.205092e+00 -3.733467e-01
 -1.405941e-01 1.389838e+00 -2.257631e-01
 -3.370149e-01 1.494527e+00 -3.108754e-02
 -5.129221e-01 1.526536e+00 2.176443e-01
 -6.105089e-01 1.499429e+00 4.758070e-01
 -6.151171e-01 1.478816e+00 6.698166e-01
 -6.196464e-01 1.497076e+00 8.692589e-01
 -7.198239e-01 1.527621e+00 1.127087e+00
 -9.003509e-01 1.506016e+00 1.376090e+00
 -1.121625e+00 1.404148e+00 1.573532e+00
 -1.380806e+00 1.209090e+00 1.713440e+00
 -1.616026e+00 9.664556e-01 1.747852e+00
 -1.816281e+00 6.997734e-01 1.675968e+00
 -1.956045e+00 4.332920e-01 1.505567e+00
 -2.014356e+00 2.058272e-01 1.263009e+00
 -1.931830e+00 -1.228306e-01 8.099759e-01
 -1.951046e+00 -4.911708e-01 5.875263e-01
 -1.830031e+00 -9.362775e-01 5.438984e-01
 -1.517337e+00 -1.265290e+00 5.456841e-01
 -1.037042e+00 -1.422355e+00 5.404248e-01
 -5.325191e-01 -1.340612e+00 5.867110e-01
 -1.867082e-01 -1.079617e+00 6.654448e-01
 2.227472e-01 -3.774670e-01 5.995289e-01
 1.011054e+00 3.343637e-01 1.081564e+00
 1.304035e+00 5.122046e-01 1.128361e+00
 1.645674e+00 6.164296e-01 1.087953e+00
 1.992694e+00 6.240648e-01 9.595100e-01
 2.295737e+00 5.246578e-01 7.545255e-01
 2.508495e+00 3.252751e-01 4.990254e-01
 2.587058e+00 6.028762e-02 2.212278e-01
 2.512212e+00 -2.202193e-01 -4.914345e-02
 2.296442e+00 -4.956585e-01 -2.509368e-01
 1.980529e+00 -7.236462e-01 -3.365755e-01
 1.603860e+00 -8.984916e-01 -2.780117e-01
 1.344909e+00 -9.264816e-01 -1.544202e-01
 1.146144e+00 -9.890979e-01 4.818535e-02
 1.001832e+00 -1.065940e+00 3.919352e-01
 9.447638e-01 -1.084411e+00 9.235641e-01
 7.487511e-01 -9.668802e-01 1.320116e+00
 4.230200e-01 -7.545288e-01 1.583306e+00
 8.060883e-02 -4.508925e-01 1.655969e+00
 -4.552781e-01 2.342761e-01 1.421580e+00
 -6.134028e-01 3.841814e-01 1.321863e+00
 -7.782058e-01 4.861611e-01 1.204520e+00
 -1.096589e+00 5.926622e-01 9.494727e-01
 -1.283416e+00 7.390181e-01 8.066452e-01
 -1.460516e+00 9.178955e-01 7.394106e-01
 -1.599427e+00 1.234596e+00 6.776881e-01
 -1.625972e+00 1.582549e+00 6.523081e-01
 -1.526025e+00 1.930170e+00 6.474110e-01
 -1.312331e+00 2.222519e+00 6.550218e-01
 -1.001203e+00 2.424743e+00 6.679975e-01
 -6.226121e-01 2.503331e+00 6.768129e-01
 -2.225100e-01 2.426327e+00 6.861148e-01
 1.322859e-01 2.182252e+00 6.920100e-01
 3.619264e-01 1.792447e+00 6.967410e-01
 4.021429e-01 1.319485e+00 6.681708e-01
 2.187796e-01 8.834424e-01 6.014109e-01
 -1.348688e-01 5.860966e-01 4.449640e-01
 -4.353649e-01 5.021791e-01 1.828116e-01
 -1.043116e+00 5.083269e-01 -1.891102e-01
 -2.372557e+00 2.736847e-01 -4.426714e-02
 -2.769038e+00 1.003310e-01 2.310111e-01
 -2.956343e+00 -1.509815e-01 6.177407e-01
 -2.913916e+00 -4.171955e-01 1.009511e+00
 -2.680894e+00 -6.438677e-01 1.320701e+00
 -2.333890e+00 -7.908108e-01 1.507019e+00
 -1.952170e+00 -8.224565e-01 1.577539e+00
 -1.572942e+00 -7.650907e-01 1.531304e+00
 -1.258326e+00 -6.674460e-01 1.362312e+00
 -1.045029e+00 -5.415568e-01 1.114676e+00
 -9.607126e-01 -4.457511e-01 8.710237e-01
 -9.389222e-01 -3.832774e-01 6.709872e-01
 -9.460066e-01 -4.068218e-01 3.560795e-01
 -1.134042e+00 -5.473904e-01 -1.979452e-01
 -1.148771e+00 -6.409851e-01 -4.846842e-01
 -1.078103e+00 -7.254844e-01 -7.612335e-01
 -9.307675e-01 -7.902306e-01 -1.004837e+00
 -7.245763e-01 -8.195857e-01 -1.201248e+00
 -4.387615e-01 -8.259798e-01 -1.348224e+00
 -1.799030e-01 -8.086179e-01 -1.383794e+00
 8.570223e-02 -8.020231e-01 -1.328658e+00
 3.422485e-01 -8.665191e-01 -1.233643e+00
 6.100110e-01 -1.058636e+00 -1.111847e+00
 1.065158e+00 -1.718722e+00 -7.319495e-01
 1.300053e+00 -1.895485e+00 -4.671833e-01
 1.537092e+00 -1.929620e+00 -1.575246e-01
 1.743438e+00 -1.822276e+00 1.517681e-01
 1.901573e+00 -1.594578e+00 4.073945e-01
 1.988577e+00 -1.266350e+00 5.946566e-01
 1.973277e+00 -8.846183e-01 6.881295e-01
