 -4.798146e-02 -1.744965e-01 1.781220e+00
 6.657238e-02 7.834853e-02 1.813351e+00
 1.920096e-01 3.041716e-01 1.772532e+00
 3.148603e-01 4.921852e-01 1.669864e+00
 4.211649e-01 6.412955e-01 1.511318e+00
 5.161617e-01 7.718241e-01 1.261574e+00
 5.616152e-01 8.426607e-01 9.973683e-01
 5.559293e-01 8.618321e-01 7.345683e-01
 5.264699e-01 8.015997e-01 4.032045e-01
 5.495358e-01 7.915901e-01 2.076968e-01
 6.037315e-01 8.441973e-01 8.487702e-03
 8.809711e-01 1.149275e+00 -6.539331e-01
 8.911667e-01 1.256051e+00 -1.001871e+00
 7.791169e-01 1.317835e+00 -1.343255e+00
 5.515834e-01 1.326998e+00 -1.643550e+00
 2.322445e-01 1.295133e+00 -1.854109e+00
 -7.148497e-02 1.220366e+00 -1.923057e+00
 -3.863358e-01 1.150736e+00 -1.866066e+00
 -6.203818e-01 1.190841e+00 -1.781428e+00
 -8.601596e-01 1.256794e+00 -1.764124e+00
 -1.176858e+00 1.231703e+00 -1.799525e+00
 -1.462355e+00 1.100954e+00 -1.788961e+00
 -1.715727e+00 8.939385e-01 -1.690115e+00
 -1.899898e+00 6.205043e-01 -1.507801e+00
 -1.959348e+00 3.503558e-01 -1.291686e+00
 -1.903948e+00 1.050166e-01 -1.053093e+00
 -1.743399e+00 -8.991138e-02 -8.212354e-01
 -1.245351e+00 -3.377032e-01 -4.062238e-01
 -1.098450e+00 -3.928812e-01 -2.313772e-01
 -9.812587e-01 -4.274773e-01 -1.483328e-02
 -9.245958e-01 -4.256227e-01 1.665093e-01
 -9.141015e-01 -3.917298e-01 4.501679e-01
 -1.171262e+00 -5.905651e-01 1.445139e+00
 -1.128236e+00 -7.417985e-01 1.817268e+00
 -9.245832e-01 -9.128005e-01 2.148902e+00
 -6.010713e-01 -1.058151e+00 2.362034e+00
 -2.043313e-01 -1.158043e+00 2.426281e+00
 1.895555e-01 -1.200894e+00 2.329101e+00
 5.248433e-01 -1.210951e+00 2.075244e+00
 7.174476e-01 -1.218045e+00 1.734197e+00
 7.518116e-01 -1.255626e+00 1.362748e+00
 6.598921e-01 -1.373283e+00 1.041337e+00
 5.680009e-01 -1.773278e+00 6.835095e-01
 3.938083e-01 -1.952070e+00 3.180223e-01
 1.864728e-01 -1.940806e+00 -9.656066e-02
 -3.010548e-02 -1.754811e+00 -4.066327e-01
 -2.344633e-01 -1.386125e+00 -6.154893e-01
 -2.934864e-01 -9.231068e-01 -6.904399e-01
 -1.874322e-01 -5.123336e-01 -6.398334e-01
 1.395574e-02 -2.409880e-01 -5.191833e-01
 3.534759e-01 -5.857182e-02 -4.267822e-01
 1.194483e+00 7.415811e-02 -7.012254e-01
 1.659171e+00 3.991547e-02 -6.527458e-01
 2.060871e+00 -2.511372e-02 -3.924112e-01
 2.295261e+00 -1.111405e-01 1.731524e-02
 2.316306e+00 -1.700385e-01 4.899587e-01
 2.120592e+00 -1.767669e-01 9.272055e-01
 1.743925e+00 -2.013506e-01 1.230279e+00
 1.258661e+00 -2.506389e-01 1.322114e+00
 8.224271e-01 -2.738833e-01 1.186266e+00
 3.577112e-01 -1.440595e-01 8.120968e-01
 2.910571e-02 -1.805143e-02 7.603594e-01
 -2.862455e-01 2.725962e-01 8.815931e-01
 -5.484372e-01 6.515759e-01 1.057696e+00
 -8.071322e-01 1.016994e+00 1.025563e+00
 -1.087689e+00 1.343789e+00 7.904318e-01
 -1.265073e+00 1.518704e+00 4.475558e-01
 -1.333460e+00 1.554797e+00 2.759237e-02
 -1.326047e+00 1.413608e+00 -4.012013e-01
 -1.245056e+00 1.116498e+00 -7.362947e-01
 -1.029829e+00 6.439803e-01 -9.648545e-01
 -9.399568e-01 4.256885e-01 -1.186386e+00
 -9.306610e-01 2.647328e-01 -1.485636e+00
 -9.357640e-01 2.255836e-01 -1.865876e+00
 -9.340016e-01 3.329488e-01 -2.233369e+00
 -9.133278e-01 5.710170e-01 -2.537874e+00
 -8.798976e-01 8.944919e-01 -2.727063e+00
 -8.209536e-01 1.256323e+00 -2.786409e+00
 -7.270645e-01 1.607858e+00 -2.714515e+00
 -6.193426e-01 1.901894e+00 -2.520731e+00
 -5.124546e-01 2.102338e+00 -2.231230e+00
 -4.206530e-01 2.183362e+00 -1.887228e+00
 -3.284206e-01 2.135410e+00 -1.545687e+00
 -2.436328e-01 1.966908e+00 -1.242740e+00
 -1.943778e-01 1.705615e+00 -1.016356e+00
 -1.484999e-01 1.376365e+00 -8.937966e-01
 -1.098859e-01 1.044485e+00 -8.992882e-01
 -3.259328e-02 8.232937e-01 -9.751014e-01
 3.116737e-02 6.491669e-01 -1.085706e+00
 1.220390e-01 4.291342e-01 -1.298807e+00
 2.249148e-01 1.854925e-01 -1.425794e+00
 3.264901e-01 -9.284404e-02 -1.476126e+00
 4.259251e-01 -3.458043e-01 -1.449207e+00
 5.304385e-01 -5.784534e-01 -1.351997e+00
 6.225816e-01 -7.700683e-01 -1.191152e+00
 6.937437e-01 -9.043904e-01 -9.910137e-01
 7.263183e-01 -9.877274e-01 -7.608582e-01
 7.230654e-01 -1.017940e+00 -5.219141e-01
 6.530484e-01 -1.007982e+00 -2.310776e-01
 5.425306e-01 -9.862290e-01 -4.466371e-02
 4.230831e-01 -9.528247e-01 7.689549e-02
 1.591163e-01 -9.329657e-01 2.306277e-01
 -1.452326e-01 -1.076296e+00 3.734826e-01
 -4.748801e-01 -1.316988e+00 4.279886e-01
 -8.558757e-01 -1.421833e+00 4.129403e-01
 -1.258268e+00 -1.369965e+00 3.787604e-01
 -1.602618e+00 -1.168278e+00 3.460095e-01
 -1.845139e+00 -8.435441e-01 3.359845e-01
 -1.940680e+00 -4.518199e-01 3.500300e-01
 -1.872379e+00 -4.942954e-02 3.500863e-01
 -1.673756e+00 2.768017e-01 2.918333e-01
 -1.356143e+00 5.066169e-01 1.878326e-01
 -8.209863e-01 6.238393e-01 6.540680e-02
 -5.365184e-01 8.892670e-01 2.000451e-02
 -2.237542e-01 1.442436e+00 1.210616e-01
 1.885798e-02 1.660093e+00 1.926847e-01
 3.221001e-01 1.787134e+00 2.663296e-01
 6.734735e-01 1.810298e+00 3.349448e-01
 9.966911e-01 1.717649e+00 3.796808e-01
 1.265693e+00 1.521968e+00 4.050147e-01
 1.455306e+00 1.241380e+00 4.078152e-01
 1.546517e+00 8.821749e-01 3.976729e-01
 1.515734e+00 5.279017e-01 3.785958e-01
 1.346658e+00 1.557092e-01 3.311025e-01
 1.306679e+00 -3.149946e-02 3.130610e-01
 1.306808e+00 -2.259702e-01 2.856667e-01
 1.337441e+00 -4.533361e-01 3.092834e-01
 1.389500e+00 -6.568662e-01 3.748088e-01
 1.633250e+00 -1.364670e+00 7.694534e-01
 1.639104e+00 -1.614495e+00 9.375107e-01
 1.563357e+00 -1.842650e+00 1.114322e+00
 1.414605e+00 -2.030008e+00 1.282388e+00
 1.208399e+00 -2.162107e+00 1.429267e+00
 9.618732e-01 -2.232142e+00 1.544233e+00
 6.956515e-01 -2.243895e+00 1.612127e+00
 4.306766e-01 -2.194264e+00 1.636753e+00
 1.858430e-01 -2.082158e+00 1.622748e+00
 -2.238408e-02 -1.916047e+00 1.574495e+00
 -1.961317e-01 -1.667479e+00 1.499728e+00
 -2.705741e-01 -1.420752e+00 1.438199e+00
 -2.717762e-01 -1.197747e+00 1.405254e+00
 -2.219257e-01 -9.780623e-01 1.404548e+00
 -1.623525e-01 -7.713497e-01 1.459537e+00
 -1.211571e-01 -4.342061e-01 1.683657e+00
