 -4.427734e-01 1.544487e+00 6.039247e-01
 -2.261921e-01 1.247084e+00 6.325912e-01
 -1.646563e-01 1.176787e+00 6.344356e-01
 3.756584e-01 6.726525e-01 6.175602e-01
 5.330552e-01 4.491932e-01 5.611090e-01
 6.316525e-01 2.076368e-01 4.598368e-01
 6.648151e-01 -3.321240e-02 3.186655e-01
 6.303825e-01 -2.539739e-01 1.455732e-01
 5.312742e-01 -4.360363e-01 -4.867378e-02
 1.418400e-01 -7.549370e-01 -5.343661e-01
 -1.772083e-01 -1.052576e+00 -8.247502e-01
 -3.129971e-01 -1.179849e+00 -1.117638e+00
 -2.778646e-01 -1.378293e+00 -1.544168e+00
 -4.097959e-02 -1.602804e+00 -1.883255e+00
 3.381708e-01 -1.860214e+00 -2.044983e+00
 7.586521e-01 -2.103745e+00 -1.978705e+00
 1.127957e+00 -2.274449e+00 -1.693243e+00
 1.339965e+00 -2.347313e+00 -1.260348e+00
 1.335439e+00 -2.350790e+00 -7.916336e-01
 1.148551e+00 -2.331717e+00 -4.488263e-01
 9.757431e-01 -2.395206e+00 -2.797740e-01
 8.413489e-01 -2.510515e+00 -5.079464e-02
 7.243786e-01 -2.508551e+00 3.484802e-01
 5.299125e-01 -2.263217e+00 7.535900e-01
 2.779667e-01 -1.837599e+00 9.648740e-01
 2.315382e-02 -1.372495e+00 8.986582e-01
 -2.072863e-01 -1.059210e+00 6.065738e-01
 -3.954296e-01 -9.903760e-01 2.927240e-01
 -1.273834e+00 -1.127940e+00 -4.220444e-01
 -1.524405e+00 -1.016481e+00 -7.782660e-01
 -1.689590e+00 -7.145852e-01 -1.101733e+00
 -1.715704e+00 -2.920577e-01 -1.312609e+00
 -1.595216e+00 1.607716e-01 -1.367712e+00
 -1.358445e+00 5.561556e-01 -1.247849e+00
 -1.084639e+00 8.196256e-01 -9.290763e-01
 -9.236174e-01 8.693947e-01 -5.526618e-01
 -9.700782e-01 8.999444e-01 -1.722171e-01
 -1.192118e+00 8.209654e-01 5.716814e-01
 -1.098015e+00 8.768102e-01 1.085397e+00
 -8.159602e-01 1.082480e+00 1.477436e+00
 -4.467473e-01 1.403158e+00 1.644765e+00
 -1.589164e-01 1.727317e+00 1.565389e+00
 -9.002692e-02 1.965415e+00 1.465511e+00
 -2.647389e-02 2.235379e+00 1.436366e+00
 2.742640e-01 2.574707e+00 1.406260e+00
 7.174863e-01 2.764938e+00 1.218364e+00
 1.126441e+00 2.730268e+00 8.882683e-01
 1.375089e+00 2.487683e+00 4.854304e-01
 1.392859e+00 2.106323e+00 1.126462e-01
 1.174409e+00 1.701185e+00 -1.276591e-01
 7.735923e-01 1.429816e+00 -2.305691e-01
 3.741942e-01 1.382808e+00 -2.272725e-01
 6.996944e-02 1.475951e+00 -2.998765e-01
 -6.603770e-01 1.863781e+00 -4.823916e-01
 -1.120038e+00 1.888742e+00 -5.011647e-01
 -1.556776e+00 1.700526e+00 -4.987506e-01
 -1.864162e+00 1.338448e+00 -4.665372e-01
 -1.976638e+00 8.805288e-01 -4.067112e-01
 -1.868048e+00 4.159217e-01 -3.419527e-01
 -1.538464e+00 4.036686e-02 -3.405678e-01
 -1.166213e+00 -1.048775e-01 -4.324231e-01
 -8.851794e-01 -1.811686e-01 -6.977466e-01
 -4.290798e-01 -1.476644e-01 -1.243855e+00
 -6.829609e-02 -2.334924e-01 -1.456227e+00
 2.952656e-01 -4.637937e-01 -1.550181e+00
 5.827435e-01 -7.909400e-01 -1.501448e+00
 7.225332e-01 -1.154068e+00 -1.337791e+00
 6.868243e-01 -1.501528e+00 -1.135695e+00
 5.445415e-01 -1.735511e+00 -1.029422e+00
 3.655350e-01 -2.006310e+00 -1.015433e+00
 3.098932e-01 -2.446790e+00 -1.065794e+00
 4.802691e-01 -2.918396e+00 -1.019501e+00
 8.218907e-01 -3.259927e+00 -8.272429e-01
 1.230548e+00 -3.373011e+00 -5.145255e-01
 1.594248e+00 -3.226678e+00 -1.614262e-01
 1.800610e+00 -2.862833e+00 1.610815e-01
 1.789863e+00 -2.372835e+00 3.722298e-01
 1.560619e+00 -1.882479e+00 4.080942e-01
 1.157502e+00 -1.549648e+00 2.879447e-01
 7.176993e-01 -1.468302e+00 7.848070e-02
 3.714492e-01 -1.603908e+00 -5.249148e-02
 3.293604e-02 -1.839013e+00 -7.500850e-02
 -3.550846e-01 -2.028605e+00 1.527731e-01
 -7.388740e-01 -1.974011e+00 5.072167e-01
 -1.037263e+00 -1.658920e+00 8.163050e-01
 -1.184381e+00 -1.159020e+00 9.742530e-01
 -1.121660e+00 -6.053090e-01 9.355704e-01
 -8.752704e-01 -1.629173e-01 6.946333e-01
 -3.628378e-01 1.300086e-01 1.514162e-01
 -1.027420e-01 3.349627e-01 -2.737690e-01
 1.739281e-01 6.788070e-01 -9.807264e-01
 3.543616e-01 1.141621e+00 -1.253693e+00
 4.914949e-01 1.692017e+00 -1.233289e+00
 5.374545e-01 2.167412e+00 -9.270894e-01
 4.700684e-01 2.428101e+00 -4.309972e-01
 3.881758e-01 2.380918e+00 1.061918e-01
 3.807973e-01 2.123295e+00 4.641485e-01
 5.537653e-01 1.872652e+00 6.801551e-01
 7.777495e-01 1.745196e+00 9.644095e-01
 9.099482e-01 1.736541e+00 1.407846e+00
 8.469125e-01 1.835491e+00 1.873724e+00
 5.809946e-01 1.991194e+00 2.250371e+00
 1.755735e-01 2.150303e+00 2.450475e+00
 -2.837597e-01 2.265779e+00 2.439697e+00
 -6.987783e-01 2.320275e+00 2.223318e+00
 -9.866072e-01 2.297446e+00 1.849252e+00
 -1.092544e+00 2.185208e+00 1.402231e+00
 -9.947297e-01 2.007083e+00 9.837042e-01
 -7.374358e-01 1.778536e+00 6.929235e-01
