 -2.092895e+00 1.453255e+00 6.367753e-01
 -2.076880e+00 1.187940e+00 1.084127e+00
 -1.865169e+00 8.056873e-01 1.392316e+00
 -1.548808e+00 3.989941e-01 1.448557e+00
 -1.252669e+00 6.021747e-02 1.248589e+00
 -1.119402e+00 -1.818082e-01 8.714393e-01
 -1.394802e+00 -6.133701e-01 3.112343e-01
 -1.380572e+00 -8.243859e-01 -7.221793e-02
 -1.166788e+00 -1.019430e+00 -4.320452e-01
 -7.973983e-01 -1.114880e+00 -6.758626e-01
 -3.528929e-01 -1.034286e+00 -7.928329e-01
 5.940638e-02 -7.876192e-01 -7.908490e-01
 4.119049e-01 -3.535492e-01 -6.372913e-01
 6.258668e-01 -9.073097e-02 -6.673154e-01
 7.475291e-01 1.535645e-02 -7.341511e-01
 1.135033e+00 1.694873e-01 -9.989819e-01
 1.393619e+00 4.363940e-01 -1.167496e+00
 1.570397e+00 7.503170e-01 -1.215481e+00
 1.653781e+00 1.066079e+00 -1.166090e+00
 1.620846e+00 1.415890e+00 -1.060290e+00
 1.452935e+00 1.735491e+00 -9.317223e-01
 1.206747e+00 1.950349e+00 -8.025594e-01
 8.973429e-01 2.060130e+00 -6.527092e-01
 5.529366e-01 2.040443e+00 -4.990073e-01
 2.134803e-01 1.871654e+00 -3.637613e-01
 -3.048092e-01 1.275618e+00 -2.161492e-01
 -5.077986e-01 1.091200e+00 -2.239442e-01
 -7.884817e-01 9.028553e-01 -3.261244e-01
 -1.167403e+00 8.236561e-01 -5.504688e-01
 -1.490117e+00 9.401565e-01 -7.898072e-01
 -1.812421e+00 1.247029e+00 -9.341638e-01
 -2.015356e+00 1.620613e+00 -9.345038e-01
 -2.124356e+00 1.996048e+00 -7.869459e-01
 -2.126598e+00 2.313004e+00 -5.211042e-01
 -2.016324e+00 2.528585e+00 -1.760624e-01
 -1.813691e+00 2.595629e+00 2.028503e-01
 -1.564656e+00 2.481203e+00 5.546825e-01
 -1.323671e+00 2.185318e+00 8.141195e-01
 -1.133988e+00 1.751276e+00 9.110481e-01
 -1.067515e+00 1.275032e+00 8.125436e-01
 -1.184904e+00 8.801175e-01 6.021260e-01
 -1.488815e+00 6.403113e-01 4.011511e-01
 -1.787892e+00 4.632705e-01 4.039157e-01
 -2.043809e+00 2.408599e-01 5.417456e-01
 -2.184451e+00 -1.025812e-02 7.488019e-01
 -2.190713e+00 -2.958122e-01 9.793444e-01
 -2.061033e+00 -5.709455e-01 1.192974e+00
 -1.806647e+00 -8.143139e-01 1.350369e+00
 -1.440320e+00 -9.751949e-01 1.446008e+00
 -9.966365e-01 -1.009863e+00 1.461540e+00
 -1.018893e-01 -7.723798e-01 1.252696e+00
 2.077833e-01 -7.174059e-01 1.052725e+00
 4.823655e-01 -7.654408e-01 7.274473e-01
 5.829484e-01 -8.653578e-01 4.505533e-01
 6.055699e-01 -1.097270e+00 8.873367e-02
 5.260534e-01 -1.491226e+00 -1.555156e-01
 3.958996e-01 -1.966384e+00 -1.840908e-01
 2.998048e-01 -2.400892e+00 1.866139e-02
 2.836442e-01 -2.701401e+00 3.828465e-01
 3.465583e-01 -2.818830e+00 8.252315e-01
 4.659851e-01 -2.736911e+00 1.260480e+00
 6.332323e-01 -2.479739e+00 1.603029e+00
 8.329383e-01 -2.107622e+00 1.778762e+00
 1.025212e+00 -1.693049e+00 1.754336e+00
 1.192938e+00 -1.319007e+00 1.522203e+00
 1.325584e+00 -1.114244e+00 1.145402e+00
 1.468181e+00 -1.116290e+00 8.431641e-01
 1.631007e+00 -1.140591e+00 6.654975e-01
 1.919387e+00 -1.095322e+00 4.919765e-01
 2.141586e+00 -9.517236e-01 3.748381e-01
 2.323459e+00 -6.765019e-01 2.366377e-01
 2.383043e+00 -3.287631e-01 6.969558e-02
 2.290203e+00 3.482821e-02 -8.714410e-02
 2.038294e+00 3.887651e-01 -1.799911e-01
 1.385327e+00 8.061173e-01 -2.055379e-01
 1.065923e+00 9.579930e-01 -3.318974e-01
 8.094615e-01 1.039665e+00 -5.465594e-01
 6.594251e-01 1.075353e+00 -8.438973e-01
 6.260902e-01 1.196743e+00 -1.345849e+00
 5.003995e-01 1.134839e+00 -1.758886e+00
 2.102017e-01 1.001603e+00 -2.084404e+00
 -1.642821e-01 8.242788e-01 -2.233597e+00
 -5.413473e-01 5.833416e-01 -2.190395e+00
 -8.369877e-01 3.013517e-01 -1.962371e+00
 -9.846482e-01 7.035935e-02 -1.604368e+00
 -9.756936e-01 -6.429046e-02 -1.177032e+00
 -6.841021e-01 -1.055780e-01 -4.575394e-01
 -5.273824e-01 -2.495564e-01 -1.219111e-01
 -4.118767e-01 -4.168870e-01 4.098413e-02
 -3.719248e-01 -5.826710e-01 1.313864e-01
 -4.231586e-01 -1.061714e+00 3.082684e-01
 -3.026780e-01 -1.425880e+00 4.762447e-01
 -4.257914e-02 -1.663600e+00 7.109988e-01
 3.549647e-01 -1.780189e+00 8.559400e-01
 6.517397e-01 -1.829356e+00 8.078385e-01
 8.506181e-01 -1.924445e+00 7.510775e-01
 1.117029e+00 -2.073343e+00 7.856244e-01
 1.470872e+00 -2.135179e+00 9.295908e-01
 1.822748e+00 -2.038419e+00 1.121418e+00
 2.094288e+00 -1.802459e+00 1.294950e+00
 2.276948e+00 -1.420626e+00 1.419448e+00
 2.309335e+00 -9.709057e-01 1.441780e+00
 2.177194e+00 -5.334942e-01 1.326196e+00
 1.903067e+00 -2.049705e-01 1.053957e+00
 1.594799e+00 -1.055564e-01 7.145370e-01
 1.343413e+00 -2.269699e-01 2.623459e-01
 1.413198e+00 -7.133020e-01 -4.396711e-01
 1.290647e+00 -8.719155e-01 -8.268439e-01
 1.086154e+00 -8.535294e-01 -1.234174e+00
 8.320241e-01 -6.684904e-01 -1.542226e+00
 5.327204e-01 -3.795137e-01 -1.678170e+00
 1.814348e-01 -2.835946e-03 -1.599522e+00
 -8.087416e-02 4.433099e-01 -1.260098e+00
 -2.597948e-01 6.915531e-01 -1.199847e+00
 -4.567384e-01 1.157684e+00 -1.268054e+00
 -6.487085e-01 1.502458e+00 -1.162991e+00
 -8.709803e-01 1.757772e+00 -9.213901e-01
 -1.060694e+00 1.872497e+00 -5.917927e-01
 -1.258889e+00 1.821729e+00 -2.560369e-01
 -1.449864e+00 1.675802e+00 -7.052938e-02
 -1.639519e+00 1.591989e+00 1.789436e-02
 -1.918229e+00 1.558977e+00 2.306188e-01
