 -4.549100e-01 -5.189746e-01 -1.470713e+00
 -4.965590e-01 -2.353741e-01 -1.288190e+00
 -4.037816e-01 8.225065e-02 -1.152395e+00
 -3.337560e-01 1.070483e+00 -1.219834e+00
 -4.144987e-01 1.530737e+00 -1.048143e+00
 -5.657748e-01 1.848996e+00 -6.917461e-01
 -7.605478e-01 1.946781e+00 -2.555186e-01
 -9.536288e-01 1.810377e+00 1.082347e-01
 -1.194780e+00 1.664320e+00 2.557381e-01
 -1.481356e+00 1.598259e+00 4.737605e-01
 -1.644764e+00 1.458675e+00 9.760055e-01
 -1.522049e+00 1.144065e+00 1.477473e+00
 -1.171394e+00 7.148828e-01 1.730341e+00
 -6.919165e-01 3.394531e-01 1.652990e+00
 -2.449659e-01 1.618359e-01 1.277946e+00
 3.042771e-01 2.109341e-01 -1.275944e-01
 4.924512e-01 5.500338e-01 -5.870998e-01
 6.391702e-01 1.172163e+00 -7.510972e-01
 7.629390e-01 1.775118e+00 -4.963060e-01
 8.409564e-01 2.099884e+00 4.987385e-02
 8.715108e-01 2.049981e+00 6.715712e-01
 8.252839e-01 1.670477e+00 1.151046e+00
 7.918236e-01 1.107113e+00 1.335853e+00
 8.132473e-01 5.906938e-01 1.197604e+00
 9.614773e-01 2.970997e-01 9.215668e-01
 1.167525e+00 1.456038e-01 7.650103e-01
 1.368529e+00 -2.836075e-02 7.179225e-01
 1.527856e+00 -2.864079e-01 7.289970e-01
 1.597273e+00 -6.388852e-01 7.630600e-01
 1.537607e+00 -9.826521e-01 7.906021e-01
 1.382934e+00 -1.262168e+00 7.940622e-01
 1.148808e+00 -1.492091e+00 7.379418e-01
 8.525876e-01 -1.639871e+00 6.290962e-01
 5.604383e-01 -1.668900e+00 5.213691e-01
 1.579835e-01 -1.588080e+00 2.623105e-01
 -1.087198e-01 -1.686971e+00 6.785672e-02
 -2.799245e-01 -1.879096e+00 -1.042049e-01
 -3.650723e-01 -2.126222e+00 -4.255573e-01
 -2.755781e-01 -2.364408e+00 -7.651317e-01
 -2.049525e-02 -2.522524e+00 -1.082693e+00
 3.292944e-01 -2.538921e+00 -1.333767e+00
 7.216957e-01 -2.401257e+00 -1.482426e+00
 1.095861e+00 -2.145264e+00 -1.475189e+00
 1.368177e+00 -1.814069e+00 -1.309886e+00
 1.481966e+00 -1.477939e+00 -1.014836e+00
 1.411412e+00 -1.205153e+00 -6.581712e-01
 7.514152e-01 -7.142066e-01 2.014970e-01
 6.443822e-01 -6.636762e-01 3.925148e-01
 5.508457e-01 -6.558902e-01 7.184412e-01
 6.141842e-01 -6.563696e-01 1.097146e+00
 8.145828e-01 -5.785661e-01 1.426017e+00
 1.085812e+00 -4.114177e-01 1.646042e+00
 1.379164e+00 -1.587790e-01 1.738124e+00
 1.646099e+00 1.640200e-01 1.683479e+00
 1.807529e+00 4.809998e-01 1.496987e+00
 1.840122e+00 7.664851e-01 1.224551e+00
 1.739018e+00 9.853862e-01 9.025495e-01
 1.537582e+00 1.085909e+00 5.971020e-01
 1.225852e+00 1.108309e+00 3.582567e-01
 9.534407e-01 1.076669e+00 2.762094e-01
 6.827532e-01 1.079451e+00 3.000502e-01
 4.856941e-01 1.146508e+00 3.031955e-01
 3.614248e-01 1.185013e+00 2.738365e-01
 1.859850e-01 1.204217e+00 1.995987e-01
 1.936220e-02 1.189560e+00 1.116372e-01
 -1.759864e-01 1.127376e+00 -5.793691e-03
 -4.001143e-01 9.841758e-01 -1.530383e-01
 -5.038980e-01 9.415181e-01 -2.033781e-01
 -7.759428e-01 8.915331e-01 -2.946974e-01
 -1.116286e+00 9.760908e-01 -5.052458e-01
 -1.441271e+00 1.258086e+00 -6.551190e-01
 -1.674208e+00 1.668367e+00 -6.564406e-01
 -1.786927e+00 2.100809e+00 -4.690871e-01
 -1.753122e+00 2.447791e+00 -1.279686e-01
 -1.572600e+00 2.632265e+00 2.908399e-01
 -1.285732e+00 2.606804e+00 6.921672e-01
 -9.765190e-01 2.362964e+00 9.954355e-01
 -7.159273e-01 1.953820e+00 1.126254e+00
 -5.912564e-01 1.472869e+00 1.069832e+00
 -6.392218e-01 1.087484e+00 8.833552e-01
 -8.480161e-01 8.214314e-01 7.291530e-01
 -1.574239e+00 1.473316e-01 5.815564e-01
 -1.751899e+00 -3.117003e-01 3.661821e-01
 -1.679761e+00 -7.375610e-01 9.828269e-02
 -1.414067e+00 -1.015448e+00 -1.789884e-01
 -1.027563e+00 -1.106346e+00 -4.192261e-01
 -5.942739e-01 -1.033724e+00 -5.483627e-01
 1.702089e-02 -7.311905e-01 -5.246724e-01
 4.073677e-01 -5.001713e-01 -8.516363e-01
 5.532397e-01 -3.127255e-01 -1.268800e+00
 4.616594e-01 -8.898318e-02 -1.697192e+00
 1.652409e-01 9.968673e-02 -2.025455e+00
 -2.685429e-01 2.288817e-01 -2.185459e+00
 -7.272504e-01 3.025043e-01 -2.136493e+00
 -1.114834e+00 3.285938e-01 -1.891778e+00
 -1.365686e+00 2.828069e-01 -1.512053e+00
 -1.437015e+00 1.625946e-01 -1.080374e+00
 -1.325133e+00 9.567897e-03 -7.032134e-01
 -8.635655e-01 -1.239753e-01 -1.472225e-01
 -7.574870e-01 -2.209146e-01 6.281106e-02
 -7.049607e-01 -4.817740e-01 3.540968e-01
 -6.536280e-01 -1.521951e+00 9.340884e-01
 -4.941388e-01 -1.990034e+00 9.836577e-01
 -2.218209e-01 -2.378688e+00 8.372507e-01
 1.128698e-01 -2.624318e+00 4.900023e-01
 4.157888e-01 -2.615343e+00 9.943351e-02
 6.341060e-01 -2.382032e+00 -2.464051e-01
 6.781158e-01 -1.989660e+00 -5.282495e-01
 5.514718e-01 -1.762048e+00 -6.890206e-01
 4.511414e-01 -1.634903e+00 -8.493776e-01
 1.712681e-01 -1.458146e+00 -1.265257e+00
 -5.872088e-02 -1.194780e+00 -1.482901e+00
 -2.815370e-01 -8.491866e-01 -1.556458e+00
