 -2.261570e+00 1.295772e-01 1.532037e+00
 -2.124400e+00 -1.634502e-01 1.773534e+00
 -1.883641e+00 -4.550025e-01 1.887541e+00
 -1.557696e+00 -7.008021e-01 1.869582e+00
 -1.187488e+00 -8.480851e-01 1.728048e+00
 -8.586039e-01 -8.699409e-01 1.484844e+00
 -3.708416e-01 -6.836321e-01 8.349295e-01
 -2.416999e-01 -6.883017e-01 4.850733e-01
 -1.107001e-01 -8.566245e-01 1.788936e-01
 1.929522e-01 -1.406919e+00 -2.460869e-01
 3.846331e-01 -1.568571e+00 -4.985480e-01
 6.221698e-01 -1.615541e+00 -7.870026e-01
 8.432233e-01 -1.529958e+00 -1.067572e+00
 1.050872e+00 -1.321131e+00 -1.290692e+00
 1.194215e+00 -1.050819e+00 -1.414445e+00
 1.288526e+00 -7.156741e-01 -1.434020e+00
 1.355704e+00 -4.360542e-01 -1.343498e+00
 1.439055e+00 -2.773584e-01 -1.221644e+00
 1.538127e+00 -1.552376e-01 -1.148105e+00
 1.956751e+00 2.367168e-01 -1.003561e+00
 2.157999e+00 5.896603e-01 -6.712109e-01
 2.141893e+00 8.596402e-01 -2.001362e-01
 1.911602e+00 9.627403e-01 2.300096e-01
 1.586022e+00 8.671920e-01 5.448473e-01
 1.452175e+00 6.815424e-01 7.182551e-01
 1.379264e+00 5.469180e-01 9.120162e-01
 1.181439e+00 4.720675e-01 1.187543e+00
 8.363347e-01 4.273410e-01 1.393359e+00
 4.308580e-01 3.865944e-01 1.443646e+00
 4.376388e-02 3.455892e-01 1.331094e+00
 -2.699501e-01 3.336517e-01 1.076796e+00
 -5.015855e-01 3.042128e-01 6.482433e-01
 -7.549514e-01 1.859253e-01 2.788574e-01
 -9.899857e-01 2.502370e-01 -5.891897e-03
 -1.220428e+00 4.571463e-01 -2.515765e-01
 -1.465294e+00 7.864873e-01 -3.685081e-01
 -1.685458e+00 1.140423e+00 -3.111438e-01
 -1.850238e+00 1.456221e+00 -9.487530e-02
 -1.931093e+00 1.686519e+00 2.447585e-01
 -1.927870e+00 1.785137e+00 6.517238e-01
 -1.856059e+00 1.727199e+00 1.057852e+00
 -1.730736e+00 1.521073e+00 1.397285e+00
 -1.563431e+00 1.204388e+00 1.612842e+00
 -1.393306e+00 8.269346e-01 1.667812e+00
 -1.267854e+00 4.523712e-01 1.559394e+00
 -1.246952e+00 1.357223e-01 1.336558e+00
 -1.344908e+00 -6.451750e-02 1.089104e+00
 -1.497551e+00 -2.366319e-01 9.460208e-01
 -1.936834e+00 -6.751603e-01 8.095176e-01
 -2.114253e+00 -1.027346e+00 5.659083e-01
 -2.128065e+00 -1.322614e+00 2.116515e-01
 -1.967389e+00 -1.514358e+00 -1.693860e-01
 -1.652566e+00 -1.578586e+00 -4.985154e-01
 -1.247234e+00 -1.497203e+00 -7.012683e-01
 -8.684244e-01 -1.266428e+00 -7.626756e-01
 -6.365742e-01 -9.450779e-01 -7.448889e-01
 -5.857668e-01 -5.614624e-01 -6.934916e-01
 -6.039434e-01 -2.496125e-01 -7.891018e-01
 -7.000113e-01 2.369277e-01 -1.104695e+00
 -6.134062e-01 6.159856e-01 -1.263388e+00
 -3.892594e-01 9.757450e-01 -1.316249e+00
 -9.531462e-02 1.238161e+00 -1.253672e+00
 2.248714e-01 1.379528e+00 -1.090554e+00
 5.639372e-01 1.373801e+00 -8.715075e-01
 8.743160e-01 1.208101e+00 -6.620238e-01
 1.090678e+00 9.111750e-01 -4.823512e-01
 1.194526e+00 4.306407e-01 -3.095303e-01
 1.341873e+00 1.596178e-01 -1.592657e-01
 1.648189e+00 -3.538824e-02 1.606637e-02
 1.971726e+00 -7.739679e-02 2.737566e-01
 2.235719e+00 3.828247e-02 5.810664e-01
 2.384516e+00 2.924647e-01 8.952308e-01
 2.373747e+00 6.220257e-01 1.172863e+00
 2.201842e+00 9.616706e-01 1.369411e+00
 1.898528e+00 1.251697e+00 1.452618e+00
 1.516294e+00 1.442893e+00 1.406530e+00
 1.120541e+00 1.499671e+00 1.238839e+00
 7.842046e-01 1.405681e+00 9.901473e-01
 5.480955e-01 1.162188e+00 7.254708e-01
 4.625984e-01 8.126717e-01 5.016757e-01
 5.004195e-01 4.699086e-01 4.132815e-01
 5.402682e-01 1.362001e-01 4.473885e-01
 7.355701e-01 -5.253417e-01 7.340126e-01
 6.890097e-01 -9.041662e-01 8.602497e-01
 5.060023e-01 -1.257616e+00 9.141305e-01
 1.870494e-01 -1.546849e+00 8.995093e-01
 -1.680588e-01 -1.686503e+00 8.098019e-01
 -5.262160e-01 -1.683488e+00 6.398303e-01
 -8.536657e-01 -1.522184e+00 4.574440e-01
 -1.074345e+00 -1.260340e+00 3.287946e-01
 -1.203935e+00 -8.374470e-01 1.030553e-01
 -1.406396e+00 -6.539620e-01 -1.008571e-01
 -1.553666e+00 -5.587149e-01 -3.722200e-01
 -1.611337e+00 -5.319945e-01 -7.627017e-01
 -1.502311e+00 -5.629496e-01 -1.187357e+00
 -1.234331e+00 -6.243801e-01 -1.519043e+00
 -8.866035e-01 -6.636579e-01 -1.697973e+00
 -4.866528e-01 -6.558459e-01 -1.728359e+00
 -8.837617e-02 -6.533770e-01 -1.592245e+00
 2.249199e-01 -6.421971e-01 -1.311804e+00
 4.153203e-01 -6.204559e-01 -9.106704e-01
 6.551129e-01 -5.801005e-01 -6.304657e-01
 8.952800e-01 -6.842152e-01 -4.679804e-01
 1.213597e+00 -8.441615e-01 -4.007875e-01
 1.605673e+00 -9.531692e-01 -4.756261e-01
 1.946805e+00 -9.865765e-01 -6.916394e-01
 2.200652e+00 -9.247810e-01 -1.006356e+00
 2.323769e+00 -7.751468e-01 -1.364951e+00
 2.304893e+00 -5.604947e-01 -1.700750e+00
 2.162117e+00 -2.997326e-01 -1.954294e+00
 1.920655e+00 -2.586130e-02 -2.091814e+00
 1.608043e+00 2.121735e-01 -2.101841e+00
 1.273161e+00 3.750286e-01 -1.986838e+00
 9.680715e-01 4.470876e-01 -1.760678e+00
 3.902062e-01 3.757078e-01 -1.011606e+00
 2.708924e-01 3.827103e-01 -8.024269e-01
 1.832440e-01 4.567854e-01 -6.295971e-01
 5.939110e-02 5.606402e-01 -4.926658e-01
 -3.842109e-01 1.074884e+00 -9.910676e-02
 -6.223405e-01 1.204698e+00 1.305445e-01
 -8.880958e-01 1.220704e+00 3.606600e-01
 -1.116634e+00 1.124991e+00 5.448680e-01
 -1.332145e+00 9.495671e-01 6.459788e-01
 -1.524585e+00 8.384903e-01 6.520578e-01
 -1.791239e+00 7.620835e-01 7.023167e-01
 -2.068073e+00 6.372435e-01 9.087206e-01
 -2.247355e+00 4.135358e-01 1.217839e+00
