 6.201303e-01 1.132699e+00 4.341738e-01
 4.760705e-01 1.755315e+00 5.142801e-01
 9.623197e-02 2.245265e+00 2.951797e-01
 -4.078064e-01 2.383365e+00 -1.140064e-01
 -9.173732e-01 2.076155e+00 -4.778475e-01
 -1.153116e+00 1.444426e+00 -6.636482e-01
 -9.225186e-01 4.869892e-01 -6.065184e-01
 -8.672011e-01 1.277498e-01 -7.134219e-01
 -9.033032e-01 -8.068038e-02 -8.619083e-01
 -9.028966e-01 -2.819887e-01 -1.097417e+00
 -7.852228e-01 -4.345618e-01 -1.445373e+00
 -5.429241e-01 -4.964622e-01 -1.746264e+00
 -2.308894e-01 -4.937894e-01 -1.933507e+00
 1.227090e-01 -4.389799e-01 -2.001481e+00
 4.542853e-01 -3.522557e-01 -1.954055e+00
 7.396280e-01 -2.375684e-01 -1.804445e+00
 9.725365e-01 -7.224611e-02 -1.556654e+00
 1.125290e+00 3.915830e-02 -1.455430e+00
 1.331799e+00 1.465378e-01 -1.396345e+00
 1.525320e+00 3.358094e-01 -1.385561e+00
 1.678359e+00 6.677906e-01 -1.379126e+00
 1.709629e+00 1.000097e+00 -1.323905e+00
 1.640104e+00 1.304155e+00 -1.211475e+00
 1.476070e+00 1.557834e+00 -1.065170e+00
 1.264046e+00 1.720651e+00 -9.200697e-01
 1.008611e+00 1.806056e+00 -7.871076e-01
 7.362876e-01 1.808013e+00 -6.690004e-01
 4.709212e-01 1.731715e+00 -5.778059e-01
 1.535210e-01 1.531221e+00 -4.771129e-01
 -3.145266e-02 1.417736e+00 -3.541302e-01
 -2.112871e-01 1.343801e+00 -1.782332e-01
 -3.072008e-01 1.323925e+00 -3.372852e-02
 -4.438430e-01 1.348732e+00 1.335823e-01
 -6.161421e-01 1.452440e+00 3.678451e-01
 -7.780014e-01 1.483787e+00 6.508617e-01
 -9.156522e-01 1.424396e+00 9.199023e-01
 -1.001559e+00 1.292714e+00 1.169063e+00
 -1.048265e+00 1.103126e+00 1.360255e+00
 -1.068121e+00 8.567035e-01 1.489087e+00
 -1.056459e+00 5.432755e-01 1.546696e+00
 -1.021500e+00 2.076613e-01 1.516572e+00
 -9.577418e-01 -8.133119e-02 1.397927e+00
 -6.639901e-01 -6.447740e-01 9.720800e-01
 -6.537954e-01 -8.734723e-01 8.326224e-01
 -6.691278e-01 -1.081652e+00 7.571422e-01
 -6.394898e-01 -1.297562e+00 6.621285e-01
 -5.779716e-01 -1.504943e+00 5.062802e-01
 -5.106390e-01 -1.650043e+00 3.251885e-01
 -4.225701e-01 -1.737370e+00 1.324191e-01
 -2.938743e-01 -1.759851e+00 -1.090319e-01
 -1.645573e-01 -1.693524e+00 -3.738250e-01
 -3.733816e-02 -1.523443e+00 -6.271280e-01
 8.595493e-02 -1.197353e+00 -8.827807e-01
 1.477003e-01 -8.360556e-01 -9.939523e-01
 1.277351e-01 -3.871560e-01 -9.826902e-01
 9.323302e-02 -4.643635e-02 -1.035358e+00
 2.511554e-02 1.710344e-01 -1.194850e+00
 -1.491337e-01 3.878044e-01 -1.399513e+00
 -5.166120e-01 5.586505e-01 -1.581423e+00
 -9.727301e-01 5.962405e-01 -1.641875e+00
 -1.397819e+00 5.265145e-01 -1.532624e+00
 -1.732478e+00 3.822687e-01 -1.246461e+00
 -1.892500e+00 2.021525e-01 -8.677571e-01
 -1.856587e+00 -3.275905e-03 -4.580314e-01
 -1.560479e+00 -2.560873e-01 -4.070816e-03
 -1.519765e+00 -3.713732e-01 2.102815e-01
 -1.539927e+00 -5.006757e-01 4.119572e-01
 -1.671153e+00 -7.825752e-01 7.834833e-01
 -1.631094e+00 -9.920539e-01 1.103749e+00
 -1.457322e+00 -1.142880e+00 1.408612e+00
 -1.161570e+00 -1.249969e+00 1.640197e+00
 -7.869379e-01 -1.313971e+00 1.748992e+00
 -4.027725e-01 -1.323241e+00 1.716175e+00
 1.843659e-01 -1.175258e+00 1.476555e+00
 5.523467e-01 -1.075028e+00 1.508431e+00
 7.944949e-01 -9.263170e-01 1.613822e+00
 9.931433e-01 -6.351248e-01 1.738633e+00
 1.071367e+00 -2.731875e-01 1.846022e+00
 1.024271e+00 1.172812e-01 1.870890e+00
 8.726093e-01 4.674813e-01 1.779593e+00
 6.041974e-01 7.446844e-01 1.595197e+00
 2.732074e-01 8.659205e-01 1.367598e+00
 -6.414042e-02 8.156508e-01 1.125921e+00
 -4.170169e-01 5.248702e-01 7.510275e-01
 -6.664432e-01 4.615456e-01 5.927367e-01
 -1.029846e+00 4.980222e-01 5.179644e-01
 -1.519142e+00 5.843655e-01 5.866919e-01
 -1.924724e+00 4.804752e-01 6.216063e-01
 -2.275721e+00 2.273067e-01 5.664951e-01
 -2.504151e+00 -1.452661e-01 4.226679e-01
 -2.548287e+00 -5.252812e-01 2.077700e-01
 -2.402757e+00 -8.618278e-01 -2.298255e-02
 -2.061876e+00 -1.135081e+00 -2.270135e-01
 -1.613982e+00 -1.233787e+00 -3.500997e-01
 -1.146166e+00 -1.136973e+00 -3.720611e-01
 -7.874691e-01 -8.905248e-01 -2.795544e-01
 -3.844113e-01 -6.781125e-01 -1.277290e-01
 -1.326323e-01 -6.930774e-01 -1.734532e-02
 3.174487e-01 -1.013920e+00 2.725219e-01
 6.015314e-01 -1.740162e+00 7.156720e-01
 6.483323e-01 -1.980208e+00 1.014137e+00
 6.552896e-01 -2.095994e+00 1.383611e+00
 6.238766e-01 -2.073043e+00 1.759321e+00
 5.622385e-01 -1.924842e+00 2.089385e+00
 4.814554e-01 -1.680022e+00 2.335926e+00
 3.932409e-01 -1.374412e+00 2.476571e+00
 3.028255e-01 -1.042945e+00 2.502744e+00
 2.039730e-01 -7.475562e-01 2.423231e+00
 1.100747e-01 -4.910356e-01 2.245636e+00
 4.827940e-02 -2.843319e-01 1.962119e+00
 6.847923e-02 -1.686620e-01 1.647917e+00
 1.479389e-01 -1.497077e-01 1.402224e+00
 2.360284e-01 -1.544599e-01 1.253179e+00
 3.919582e-01 -1.228951e-01 1.090389e+00
 6.057435e-01 -8.284570e-02 9.549491e-01
 9.446157e-01 1.379633e-02 8.333722e-01
 1.197512e+00 1.506782e-01 6.510365e-01
 1.340920e+00 2.734165e-01 4.759148e-01
 1.418857e+00 3.864924e-01 2.922461e-01
 1.441847e+00 4.868787e-01 1.072131e-01
 1.417960e+00 5.740047e-01 -7.020493e-02
 1.355097e+00 6.461407e-01 -2.362202e-01
 1.259280e+00 7.045729e-01 -3.874396e-01
 1.147254e+00 7.477569e-01 -5.086541e-01
 9.119956e-01 7.897029e-01 -7.044909e-01
 7.470660e-01 8.341753e-01 -9.494125e-01
 7.007434e-01 9.164657e-01 -1.170122e+00
 6.980972e-01 9.530177e-01 -1.446829e+00
 7.529326e-01 9.440933e-01 -1.702960e+00
 8.524398e-01 8.791636e-01 -1.943206e+00
 9.964941e-01 7.663942e-01 -2.145202e+00
 1.163277e+00 5.983829e-01 -2.299004e+00
 1.342149e+00 3.844784e-01 -2.387184e+00
 1.512553e+00 1.371059e-01 -2.395743e+00
 1.642164e+00 -1.368725e-01 -2.322140e+00
 1.723500e+00 -4.122221e-01 -2.153652e+00
 1.745272e+00 -6.476442e-01 -1.891971e+00
 1.692902e+00 -8.031342e-01 -1.560361e+00
 1.567826e+00 -8.433617e-01 -1.200169e+00
 1.381367e+00 -7.527383e-01 -8.670843e-01
 8.271936e-01 -2.527837e-01 -2.727585e-01
 4.455043e-01 1.494140e-01 -5.798724e-02
 3.746529e-01 4.525451e-01 1.060267e-01
