 5.860704e-01 8.079299e-01 -1.772066e+00
 9.116700e-01 1.126778e+00 -1.402701e+00
 1.150970e+00 1.395875e+00 -1.306190e+00
 1.285200e+00 1.673034e+00 -1.306076e+00
 1.309502e+00 2.051252e+00 -1.324125e+00
 1.186762e+00 2.416441e+00 -1.350393e+00
 9.404518e-01 2.716245e+00 -1.321369e+00
 6.071399e-01 2.902221e+00 -1.252337e+00
 2.297535e-01 2.947159e+00 -1.171662e+00
 -1.352793e-01 2.844808e+00 -1.090722e+00
 -4.355075e-01 2.610608e+00 -1.020471e+00
 -6.278893e-01 2.278374e+00 -9.702976e-01
 -6.845085e-01 1.895539e+00 -9.467707e-01
 -5.964715e-01 1.517602e+00 -9.527510e-01
 -1.765891e-01 9.159992e-01 -1.003721e+00
 1.191604e-02 6.459147e-01 -9.413916e-01
 2.096423e-01 4.575509e-01 -8.891794e-01
 4.034592e-01 2.916174e-01 -9.123748e-01
 6.948407e-01 9.681399e-02 -1.019319e+00
 9.405842e-01 -1.448873e-01 -1.024651e+00
 1.135124e+00 -4.213603e-01 -9.311382e-01
 1.261992e+00 -6.658349e-01 -7.530426e-01
 1.315356e+00 -8.651368e-01 -5.128924e-01
 1.279065e+00 -1.017851e+00 -2.391537e-01
 1.157592e+00 -1.108148e+00 4.019044e-02
 9.413848e-01 -1.158169e+00 2.907453e-01
 6.774950e-01 -1.176500e+00 4.468392e-01
 1.924498e-01 -1.058499e+00 6.376458e-01
 -6.275697e-02 -1.100006e+00 1.027260e+00
 -2.196262e-01 -1.181350e+00 1.498743e+00
 -4.014715e-01 -1.089898e+00 1.861645e+00
 -6.133256e-01 -8.489510e-01 2.144618e+00
 -8.244561e-01 -5.424321e-01 2.275652e+00
 -1.004899e+00 -2.095146e-01 2.256967e+00
 -1.109110e+00 1.409179e-01 2.103608e+00
 -1.097427e+00 4.519791e-01 1.855429e+00
 -9.788971e-01 6.714286e-01 1.542343e+00
 -7.910812e-01 7.553494e-01 1.207614e+00
 -5.115365e-01 6.553557e-01 7.218534e-01
 -4.570902e-01 5.668168e-01 2.469079e-01
 -5.884322e-01 5.791953e-01 -1.111469e-01
 -9.006865e-01 5.305804e-01 -4.006477e-01
 -1.214396e+00 3.814269e-01 -5.562418e-01
 -1.490909e+00 1.028503e-01 -5.974394e-01
 -1.661688e+00 -2.416099e-01 -5.458868e-01
 -1.710911e+00 -6.663646e-01 -3.916821e-01
 -1.626448e+00 -9.964215e-01 -1.680758e-01
 -1.431032e+00 -1.221004e+00 1.079183e-01
 -1.069263e+00 -1.330884e+00 5.082765e-01
 -9.658273e-01 -1.463635e+00 7.464497e-01
 -9.308641e-01 -1.687561e+00 9.698148e-01
 -8.611932e-01 -2.022222e+00 1.099952e+00
 -7.655707e-01 -2.404262e+00 1.088496e+00
 -6.263431e-01 -2.719586e+00 9.489627e-01
 -4.313491e-01 -2.941518e+00 7.167324e-01
 -1.929528e-01 -3.035828e+00 4.368431e-01
 5.778606e-02 -2.986700e+00 1.475508e-01
 2.610514e-01 -2.800589e+00 -1.255056e-01
 3.862879e-01 -2.504238e+00 -3.428280e-01
 4.200412e-01 -2.138583e+00 -4.694078e-01
 2.829672e-01 -1.100186e+00 -4.927394e-01
 3.019594e-01 -8.229768e-01 -4.374124e-01
 3.570739e-01 -5.353501e-01 -2.831348e-01
 5.190907e-01 -3.118432e-01 -9.106265e-02
 1.013057e+00 -3.313368e-02 5.046314e-02
 1.321236e+00 1.136172e-01 3.169562e-01
 1.482339e+00 2.637879e-01 7.433133e-01
 1.426526e+00 3.754385e-01 1.214865e+00
 1.162742e+00 4.460659e-01 1.598372e+00
 7.725211e-01 4.164172e-01 1.840445e+00
 3.208488e-01 2.624089e-01 1.913001e+00
 -8.752875e-02 5.146608e-02 1.772108e+00
 -4.239816e-01 -1.786186e-01 1.387764e+00
 -6.911276e-01 -2.864062e-01 1.266258e+00
 -1.558504e+00 -8.257975e-01 1.270142e+00
 -1.778662e+00 -1.066752e+00 1.212576e+00
 -1.917037e+00 -1.350193e+00 1.095508e+00
 -1.956125e+00 -1.676131e+00 9.169631e-01
 -1.884291e+00 -1.946487e+00 7.310884e-01
 -1.714691e+00 -2.154750e+00 5.130505e-01
 -1.462256e+00 -2.270076e+00 3.021947e-01
 -1.119441e+00 -2.283302e+00 1.317033e-01
 -7.551307e-01 -2.205191e+00 7.126466e-02
 -4.404689e-01 -2.084043e+00 1.448921e-01
 -1.698544e-01 -1.996691e+00 3.509511e-01
 2.382799e-01 -2.100897e+00 7.662762e-01
 5.272112e-01 -1.947779e+00 1.155395e+00
 7.876544e-01 -1.565311e+00 1.410082e+00
 8.789520e-01 -1.063575e+00 1.473918e+00
 8.039226e-01 -5.558299e-01 1.331142e+00
 6.006438e-01 -2.128330e-01 1.040226e+00
 5.226355e-01 -4.996919e-02 9.487422e-01
 4.584814e-01 1.537709e-01 8.924313e-01
 4.639303e-01 4.629065e-01 8.341785e-01
 7.113605e-01 1.318108e+00 7.762181e-01
 7.816300e-01 1.617540e+00 6.491850e-01
 8.121328e-01 1.868851e+00 4.320811e-01
 7.991227e-01 2.043917e+00 1.494382e-01
 7.320767e-01 2.131850e+00 -1.802497e-01
 6.096444e-01 2.124034e+00 -4.847160e-01
 3.520225e-01 1.935585e+00 -9.584630e-01
 2.722521e-01 1.928211e+00 -1.349772e+00
 3.465879e-01 1.939143e+00 -1.695299e+00
 5.815659e-01 1.874513e+00 -2.038303e+00
 9.041684e-01 1.729087e+00 -2.255842e+00
 1.241295e+00 1.472326e+00 -2.333365e+00
 1.534479e+00 1.175149e+00 -2.241018e+00
 1.742458e+00 8.979011e-01 -1.993289e+00
 1.829878e+00 6.884823e-01 -1.636001e+00
 1.784014e+00 5.809757e-01 -1.232565e+00
 1.615357e+00 5.907497e-01 -8.517606e-01
 1.354626e+00 7.097103e-01 -5.593212e-01
 7.102754e-01 1.061258e+00 -2.557401e-01
 2.571969e-01 1.221920e+00 -1.413032e-01
 -1.160913e-01 1.510303e+00 -1.401981e-02
 -5.392084e-01 1.596933e+00 1.041222e-01
 -9.579374e-01 1.489424e+00 2.141526e-01
 -1.318220e+00 1.184318e+00 3.246355e-01
 -1.501698e+00 7.623943e-01 4.012376e-01
 -1.462182e+00 3.349006e-01 4.471894e-01
 -1.275132e+00 -5.047339e-02 3.911228e-01
 -1.016047e+00 -2.868938e-01 2.627064e-01
 -7.795529e-01 -4.168871e-01 2.229081e-02
 -6.626476e-01 -4.784579e-01 -4.335825e-01
 -3.507997e-01 -1.928865e-01 -1.428132e+00
 -2.003891e-01 -5.367823e-02 -1.665991e+00
 -1.539562e-02 1.392899e-01 -1.831000e+00
 1.900414e-01 3.611371e-01 -1.905980e+00
 3.923453e-01 5.913895e-01 -1.885991e+00
