 -1.502873e+00 1.350972e+00 4.275351e-01
 -1.747651e+00 1.121830e+00 6.653399e-01
 -1.851555e+00 7.999438e-01 9.188280e-01
 -1.796577e+00 4.809012e-01 1.144289e+00
 -1.604142e+00 1.999613e-01 1.319374e+00
 -1.311797e+00 -2.453673e-02 1.396314e+00
 -9.339438e-01 -1.855106e-01 1.356443e+00
 -5.694646e-01 -2.302291e-01 1.215480e+00
 -2.542077e-01 -1.539475e-01 1.004100e+00
 1.392126e-01 1.556263e-01 5.338819e-01
 3.734311e-01 2.508099e-01 4.405802e-01
 8.730796e-01 3.510094e-01 5.120541e-01
 1.154592e+00 5.094581e-01 5.257389e-01
 1.452696e+00 7.341658e-01 4.035590e-01
 1.649216e+00 9.605896e-01 1.757881e-01
 1.711233e+00 1.190968e+00 -1.037449e-01
 1.629271e+00 1.415383e+00 -3.871551e-01
 1.380452e+00 1.617776e+00 -6.866494e-01
 1.043727e+00 1.707671e+00 -8.925871e-01
 6.536824e-01 1.690004e+00 -9.930246e-01
 2.897469e-02 1.473393e+00 -9.776695e-01
 -1.944035e-01 1.373611e+00 -1.028700e+00
 -4.427661e-01 1.268760e+00 -1.169349e+00
 -6.496199e-01 9.883705e-01 -1.387795e+00
 -7.687812e-01 6.344477e-01 -1.473181e+00
 -8.323028e-01 2.492719e-01 -1.392371e+00
 -8.265704e-01 -9.193709e-02 -1.148475e+00
 -7.212334e-01 -3.717291e-01 -7.252675e-01
 -5.196524e-01 -4.559305e-01 -2.286264e-01
 -4.839819e-01 -5.406724e-01 -3.526050e-02
 -4.776924e-01 -6.417386e-01 1.130376e-01
 -5.019859e-01 -7.864291e-01 2.660742e-01
 -6.832472e-01 -1.345883e+00 8.336710e-01
 -6.645808e-01 -1.641121e+00 1.027890e+00
 -5.469025e-01 -1.951351e+00 1.151976e+00
 -3.415823e-01 -2.237673e+00 1.193769e+00
 -6.853048e-02 -2.469202e+00 1.146975e+00
 2.108821e-01 -2.619727e+00 1.010359e+00
 4.759334e-01 -2.680521e+00 7.978191e-01
 7.021224e-01 -2.632697e+00 5.416575e-01
 8.597958e-01 -2.486472e+00 2.847633e-01
 9.703331e-01 -2.224462e+00 5.484162e-02
 1.000886e+00 -1.994698e+00 -5.014972e-02
 1.026925e+00 -1.801877e+00 -6.785923e-02
 1.097773e+00 -1.594160e+00 -8.677365e-02
 1.388948e+00 -1.151523e+00 -2.520609e-01
 1.478653e+00 -8.713722e-01 -3.267773e-01
 1.492211e+00 -5.730006e-01 -3.824839e-01
 1.426865e+00 -2.792785e-01 -4.226406e-01
 1.167291e+00 2.144257e-01 -4.770391e-01
 9.663709e-01 5.546488e-01 -4.832055e-01
 8.529099e-01 7.541471e-01 -4.247150e-01
 7.109108e-01 9.426716e-01 -2.954556e-01
 6.583661e-01 1.186426e+00 -7.313211e-02
 8.205458e-01 1.632450e+00 2.859320e-01
 8.495684e-01 1.830259e+00 6.100024e-01
 7.504837e-01 1.955116e+00 9.788260e-01
 5.331026e-01 1.977601e+00 1.322128e+00
 2.106700e-01 1.891135e+00 1.595718e+00
 -1.216735e-01 1.735802e+00 1.710880e+00
 -4.467652e-01 1.506550e+00 1.680738e+00
 -7.118758e-01 1.196580e+00 1.506028e+00
 -8.369506e-01 9.168202e-01 1.228460e+00
 -8.320354e-01 6.738204e-01 8.119759e-01
 -8.875480e-01 5.682391e-01 6.622215e-01
 -1.001481e+00 3.889624e-01 5.059619e-01
 -1.433106e+00 -2.589022e-01 2.003246e-01
 -1.498898e+00 -5.836011e-01 4.984052e-02
 -1.430416e+00 -9.225222e-01 -1.263440e-01
 -1.267855e+00 -1.169457e+00 -2.774793e-01
 -1.022638e+00 -1.342909e+00 -4.026634e-01
 -7.173430e-01 -1.427981e+00 -4.933488e-01
 -1.505284e-01 -1.406098e+00 -5.663655e-01
 7.439997e-02 -1.495025e+00 -6.173663e-01
 2.327252e-01 -1.555513e+00 -6.964893e-01
 6.159909e-01 -1.707073e+00 -1.001639e+00
 1.023276e+00 -1.844857e+00 -1.091717e+00
 1.431648e+00 -1.966083e+00 -9.950061e-01
 1.770782e+00 -2.053684e+00 -7.283447e-01
 1.974230e+00 -2.070097e+00 -3.613355e-01
 2.021572e+00 -2.026166e+00 4.981246e-02
 1.901710e+00 -1.960714e+00 4.413366e-01
 1.641917e+00 -1.873148e+00 7.456644e-01
 1.288875e+00 -1.771516e+00 9.178444e-01
 9.076311e-01 -1.683811e+00 9.359032e-01
 5.367125e-01 -1.664328e+00 8.160503e-01
 2.815404e-01 -1.677494e+00 6.011959e-01
 1.063055e-01 -1.798110e+00 3.797779e-01
 -1.538890e-01 -2.168379e+00 1.310095e-01
 -2.713494e-01 -2.405679e+00 -2.731782e-01
 -3.537881e-01 -2.420080e+00 -7.659983e-01
 -4.002894e-01 -2.196110e+00 -1.208684e+00
 -3.692275e-01 -1.791856e+00 -1.505971e+00
 -2.270546e-01 -1.324753e+00 -1.596864e+00
 -2.238703e-03 -9.019535e-01 -1.463476e+00
 2.363132e-01 -6.149500e-01 -1.132114e+00
 3.934716e-01 -5.301591e-01 -7.163719e-01
 6.244218e-01 -7.379638e-01 4.024841e-01
 7.347254e-01 -6.539086e-01 8.165685e-01
 7.681082e-01 -4.411834e-01 1.164929e+00
 7.333802e-01 -1.452145e-01 1.394139e+00
 6.253890e-01 1.945165e-01 1.496406e+00
 4.657838e-01 5.587823e-01 1.450515e+00
 3.126681e-01 8.801731e-01 1.257808e+00
 1.049266e-01 1.159432e+00 8.720550e-01
 -3.411489e-02 1.335383e+00 7.495479e-01
 -1.678821e-01 1.571163e+00 6.907305e-01
 -4.132871e-01 2.032080e+00 7.235146e-01
 -7.357842e-01 2.315403e+00 6.471586e-01
 -1.106667e+00 2.457712e+00 4.567766e-01
 -1.458218e+00 2.428072e+00 1.884165e-01
 -1.718605e+00 2.236902e+00 -1.285126e-01
 -1.817710e+00 1.937610e+00 -4.089581e-01
 -1.774224e+00 1.532368e+00 -6.118621e-01
 -1.604178e+00 1.145232e+00 -6.788182e-01
 -1.322613e+00 8.240142e-01 -6.197994e-01
 -1.082352e+00 6.871288e-01 -4.965390e-01
 -6.296821e-01 6.210210e-01 -4.062166e-01
 -2.884274e-01 5.342309e-01 -4.741174e-01
 -1.079564e-01 4.489366e-01 -6.239800e-01
 3.959314e-02 3.954118e-01 -8.886956e-01
 2.207169e-01 4.543396e-01 -1.206354e+00
 3.205374e-01 6.670015e-01 -1.564224e+00
 2.933016e-01 9.922324e-01 -1.851483e+00
 1.744185e-01 1.387600e+00 -1.993618e+00
 -7.685988e-03 1.780515e+00 -1.958860e+00
 -2.252580e-01 2.097235e+00 -1.760110e+00
 -4.484860e-01 2.279648e+00 -1.438542e+00
 -6.384733e-01 2.296297e+00 -1.052404e+00
 -7.575887e-01 2.147699e+00 -6.687220e-01
 -8.155737e-01 1.744588e+00 -2.420345e-01
 -9.242431e-01 1.570623e+00 -3.638274e-02
 -1.086181e+00 1.465031e+00 1.623179e-01
