 -2.530091e+00 -2.542520e-01 4.894040e-01
 -2.639209e+00 1.781734e-01 3.123848e-01
 -2.505498e+00 6.197982e-01 1.494567e-01
 -2.167440e+00 9.316570e-01 -1.042031e-02
 -1.684627e+00 1.051109e+00 -1.331869e-01
 -1.194989e+00 9.452089e-01 -1.616293e-01
 -7.979645e-01 6.443126e-01 -7.851914e-02
 -5.307827e-01 9.710349e-02 1.469886e-01
 -3.630786e-01 -9.136062e-02 2.696086e-01
 -1.002585e-01 -2.609439e-01 4.443159e-01
 6.108369e-01 -7.904229e-01 7.055711e-01
 1.048055e+00 -9.277751e-01 6.985761e-01
 1.493323e+00 -8.968117e-01 5.776641e-01
 1.853096e+00 -7.103599e-01 3.564349e-01
 2.056028e+00 -4.135814e-01 6.841316e-02
 2.062677e+00 -7.647581e-02 -2.368894e-01
 1.752748e+00 4.817850e-01 -6.516367e-01
 1.600183e+00 9.497585e-01 -8.963478e-01
 1.677764e+00 1.256575e+00 -1.156252e+00
 2.012927e+00 1.649579e+00 -1.336023e+00
 2.470821e+00 1.930594e+00 -1.284759e+00
 2.912318e+00 2.055482e+00 -9.958976e-01
 3.213098e+00 1.989513e+00 -5.485548e-01
 3.278555e+00 1.770090e+00 -5.557211e-02
 3.094360e+00 1.452232e+00 3.441512e-01
 2.718531e+00 1.122940e+00 5.375461e-01
 2.221541e+00 9.047180e-01 5.012496e-01
 1.809877e+00 8.950012e-01 2.861065e-01
 1.381639e+00 1.132537e+00 9.527425e-02
 8.119780e-01 1.542853e+00 -3.134941e-01
 4.264231e-01 1.575221e+00 -5.774486e-01
 5.402747e-02 1.398039e+00 -8.013053e-01
 -2.246899e-01 1.047517e+00 -9.418175e-01
 -3.492240e-01 5.958587e-01 -9.734412e-01
 -2.957088e-01 1.391692e-01 -8.862599e-01
 3.698548e-02 -4.275217e-01 -5.882548e-01
 8.830618e-02 -6.998582e-01 -4.460497e-01
 3.847266e-01 -1.439837e+00 -2.661433e-01
 3.311599e-01 -1.933471e+00 6.965271e-03
 3.397513e-02 -2.264359e+00 3.361921e-01
 -4.250003e-01 -2.350040e+00 6.231236e-01
 -9.155816e-01 -2.174228e+00 7.820257e-01
 -1.280709e+00 -1.767436e+00 8.173737e-01
 -1.390018e+00 -1.285204e+00 7.803078e-01
 -1.249833e+00 -8.518887e-01 7.524143e-01
 -8.499672e-01 -9.795029e-02 1.162312e+00
 -6.740195e-01 1.924726e-01 1.197924e+00
 -4.478750e-01 4.520783e-01 1.128749e+00
 -2.034895e-01 6.407244e-01 9.631462e-01
 3.320754e-02 7.409587e-01 7.131237e-01
 2.198770e-01 7.502084e-01 3.952392e-01
 4.268085e-01 5.857563e-01 -2.734059e-01
 6.015874e-01 5.414618e-01 -5.618007e-01
 8.266258e-01 3.239282e-01 -1.214718e+00
 1.183936e+00 2.389868e-01 -1.547189e+00
 1.655370e+00 2.771564e-01 -1.707656e+00
 2.129207e+00 4.278743e-01 -1.654304e+00
 2.495527e+00 6.505589e-01 -1.396361e+00
 2.665632e+00 8.978749e-01 -9.985258e-01
 2.595168e+00 1.131730e+00 -6.161417e-01
 2.417218e+00 1.322574e+00 -4.333168e-01
 2.282623e+00 1.560412e+00 -3.253517e-01
 2.182945e+00 1.842293e+00 -1.780233e-02
 1.980402e+00 1.932158e+00 4.652417e-01
 1.730339e+00 1.760975e+00 8.942002e-01
 1.446632e+00 1.386452e+00 1.146252e+00
 1.214120e+00 9.053852e-01 1.150602e+00
 1.103565e+00 4.499213e-01 9.116807e-01
 1.056792e+00 -2.586578e-01 -1.452145e-01
 1.056237e+00 -5.451201e-01 -7.630811e-01
 8.903949e-01 -7.163689e-01 -1.098543e+00
 5.785641e-01 -8.875257e-01 -1.338432e+00
 1.787806e-01 -1.002439e+00 -1.433526e+00
 -2.414956e-01 -1.038634e+00 -1.370355e+00
 -6.081044e-01 -9.887549e-01 -1.161568e+00
 -9.995297e-01 -8.143455e-01 -6.490260e-01
 -1.220080e+00 -8.367713e-01 -4.082232e-01
 -1.403847e+00 -9.341117e-01 -2.650538e-01
 -2.535507e+00 -1.276865e+00 1.441412e-01
 -2.890496e+00 -1.262881e+00 4.293687e-01
 -3.143273e+00 -1.079234e+00 7.710159e-01
 -3.239723e+00 -7.566791e-01 1.094763e+00
 -3.158431e+00 -3.551607e-01 1.329365e+00
 -2.916226e+00 4.161435e-02 1.417456e+00
 -2.539230e+00 3.323372e-01 1.364086e+00
 -2.096971e+00 4.537619e-01 1.161896e+00
 -1.730458e+00 3.870061e-01 8.095824e-01
 -1.594639e+00 2.051338e-01 4.575500e-01
 -1.605761e+00 3.981381e-02 1.608867e-01
 -1.860364e+00 -2.136000e-02 -4.747165e-01
 -1.991541e+00 -3.289749e-01 -8.887417e-01
 -1.942861e+00 -8.030815e-01 -1.155433e+00
 -1.752022e+00 -1.316134e+00 -1.171950e+00
 -1.460696e+00 -1.708465e+00 -9.473813e-01
 -1.100396e+00 -1.858859e+00 -6.143280e-01
 -7.510132e-01 -1.748217e+00 -2.416694e-01
 -5.437784e-01 -1.383021e+00 1.990174e-01
 -3.695458e-01 -1.315856e+00 4.929288e-01
 -3.257042e-01 -1.311939e+00 9.591882e-01
 -5.864823e-01 -1.280906e+00 1.473148e+00
 -1.055874e+00 -1.151186e+00 1.769577e+00
 -1.584054e+00 -9.258363e-01 1.763317e+00
 -2.026891e+00 -7.194406e-01 1.448515e+00
 -2.292467e+00 -4.878296e-01 7.578959e-01
