 -2.144113e+00 -8.074445e-01 2.617979e-02
 -2.024299e+00 -1.069153e+00 5.983160e-02
 -1.845856e+00 -1.276169e+00 9.254758e-02
 -1.618953e+00 -1.422158e+00 1.244022e-01
 -1.376883e+00 -1.492077e+00 1.449515e-01
 -1.110011e+00 -1.498643e+00 1.306666e-01
 -8.635344e-01 -1.451954e+00 7.901533e-02
 -6.372755e-01 -1.354354e+00 -2.503344e-02
 -5.138749e-01 -1.271698e+00 -1.218323e-01
 -4.211802e-01 -1.187182e+00 -2.624989e-01
 -3.305501e-01 -1.129894e+00 -4.821289e-01
 -2.927178e-01 -1.109830e+00 -6.969353e-01
 -2.838934e-01 -1.073603e+00 -8.421245e-01
 -2.407769e-01 -9.896186e-01 -1.037483e+00
 -1.702405e-01 -8.845056e-01 -1.202677e+00
 -8.297349e-02 -7.578321e-01 -1.331089e+00
 4.432787e-03 -6.201250e-01 -1.417491e+00
 1.032724e-01 -4.794696e-01 -1.466426e+00
 2.420216e-01 -3.168064e-01 -1.486559e+00
 3.963859e-01 -1.770137e-01 -1.472792e+00
 5.479300e-01 -8.310071e-02 -1.433937e+00
 7.331025e-01 -2.247952e-02 -1.383310e+00
 9.527800e-01 1.398531e-02 -1.367889e+00
 1.408561e+00 -1.859247e-02 -1.360981e+00
 1.693800e+00 -2.195561e-02 -1.272810e+00
 1.943125e+00 1.032765e-02 -1.114696e+00
 2.138253e+00 8.140546e-02 -9.013842e-01
 2.259697e+00 1.816698e-01 -6.536142e-01
 2.296491e+00 2.858119e-01 -3.884169e-01
 2.247619e+00 3.836103e-01 -1.216040e-01
 2.115440e+00 4.671322e-01 1.268698e-01
 1.899471e+00 5.262223e-01 3.474867e-01
 1.459831e+00 6.000217e-01 5.869867e-01
 1.284600e+00 6.688456e-01 8.068534e-01
 1.138178e+00 8.988535e-01 1.153307e+00
 9.401126e-01 1.022522e+00 1.381298e+00
 6.795779e-01 1.064139e+00 1.582298e+00
 3.756108e-01 1.020585e+00 1.730332e+00
 6.235466e-02 8.953018e-01 1.801236e+00
 -1.990257e-01 7.258741e-01 1.782130e+00
 -4.257251e-01 5.116491e-01 1.663563e+00
 -5.536148e-01 2.926606e-01 1.500280e+00
 -5.896259e-01 2.307356e-02 1.310588e+00
 -5.373670e-01 -1.855120e-01 1.138830e+00
 -3.788483e-01 -4.501972e-01 1.022329e+00
 -1.437641e-01 -8.100006e-01 1.048225e+00
 2.078962e-01 -1.156086e+00 1.247083e+00
 5.235213e-01 -1.324383e+00 1.299174e+00
 8.706978e-01 -1.440202e+00 1.231475e+00
 1.197129e+00 -1.477596e+00 1.053867e+00
 1.450785e+00 -1.433950e+00 7.920884e-01
 1.616174e+00 -1.293351e+00 4.965263e-01
 1.685962e+00 -1.055272e+00 2.179468e-01
 1.649610e+00 -7.474205e-01 -5.417117e-04
 1.301716e+00 6.024813e-02 -3.269805e-01
 1.267849e+00 2.322888e-01 -3.906799e-01
 1.271746e+00 3.488086e-01 -4.270846e-01
 1.350124e+00 6.259440e-01 -5.446648e-01
 1.339855e+00 8.859233e-01 -6.627950e-01
 1.235565e+00 1.193055e+00 -7.660451e-01
 1.055791e+00 1.458515e+00 -8.083783e-01
 8.078229e-01 1.661064e+00 -7.897563e-01
 4.853593e-01 1.777424e+00 -7.247316e-01
 1.554662e-01 1.781509e+00 -6.286346e-01
 -1.664242e-01 1.665681e+00 -5.264030e-01
 -4.233122e-01 1.446169e+00 -4.152772e-01
 -5.750209e-01 1.166104e+00 -3.044227e-01
 -6.198994e-01 8.500527e-01 -1.430351e-01
 -7.175437e-01 5.920632e-01 8.101436e-02
 -8.110373e-01 4.968377e-01 2.431419e-01
 -9.827398e-01 4.508909e-01 4.767427e-01
 -1.271726e+00 4.513296e-01 6.900377e-01
 -1.624622e+00 4.998873e-01 7.879891e-01
 -1.974745e+00 5.866278e-01 7.567034e-01
 -2.295024e+00 6.804031e-01 5.968410e-01
 -2.530604e+00 7.720280e-01 3.323876e-01
 -2.659787e+00 8.179940e-01 1.812989e-02
 -2.687891e+00 8.066143e-01 -3.265660e-01
 -2.599617e+00 7.635457e-01 -6.640033e-01
 -2.406413e+00 6.920698e-01 -9.478143e-01
 -2.132924e+00 5.997709e-01 -1.145237e+00
 -1.810432e+00 4.992394e-01 -1.234360e+00
 -1.480958e+00 3.992253e-01 -1.205369e+00
 -3.541176e-02 -1.475488e-01 -5.146455e-01
 2.546321e-01 -2.836502e-01 -4.756622e-01
 4.634498e-01 -4.753034e-01 -5.022563e-01
 6.916501e-01 -7.622055e-01 -6.692563e-01
 8.894475e-01 -9.675314e-01 -1.017945e+00
 9.934269e-01 -1.015671e+00 -1.456048e+00
 1.026611e+00 -8.736193e-01 -1.887862e+00
 1.005041e+00 -5.641036e-01 -2.219035e+00
 9.223713e-01 -1.555707e-01 -2.388942e+00
 7.820956e-01 2.718471e-01 -2.370568e+00
 6.123123e-01 6.354771e-01 -2.167603e+00
 4.464989e-01 8.659501e-01 -1.819344e+00
 3.190076e-01 9.188541e-01 -1.398625e+00
 2.860399e-01 7.759229e-01 -8.515874e-01
 3.515291e-01 7.836066e-01 -4.525391e-01
 4.259803e-01 8.989828e-01 -1.874833e-01
 6.540702e-01 1.140876e+00 8.663411e-02
 1.029153e+00 1.478587e+00 2.494728e-01
 1.318481e+00 1.594329e+00 3.730215e-01
 1.613277e+00 1.607955e+00 5.443385e-01
 1.865538e+00 1.524200e+00 7.522102e-01
 2.042832e+00 1.361830e+00 9.730892e-01
 2.142609e+00 1.135344e+00 1.161614e+00
 2.167358e+00 8.635703e-01 1.300995e+00
 2.125155e+00 5.709294e-01 1.376344e+00
 2.018906e+00 2.553834e-01 1.378339e+00
 1.855728e+00 -4.948494e-03 1.315147e+00
 1.647580e+00 -2.014336e-01 1.196337e+00
 9.343105e-01 -5.567048e-01 7.057763e-01
 8.090507e-01 -6.628753e-01 5.735879e-01
 7.137679e-01 -8.182263e-01 4.278717e-01
 3.725508e-01 -1.776718e+00 -3.650670e-02
 2.005780e-01 -1.993850e+00 -2.437214e-01
 -6.374248e-02 -2.123631e+00 -4.574075e-01
 -3.822623e-01 -2.137800e+00 -6.429962e-01
 -7.325600e-01 -2.024931e+00 -7.835207e-01
 -1.012196e+00 -1.807692e+00 -8.637370e-01
 -1.208531e+00 -1.509732e+00 -8.798048e-01
 -1.293947e+00 -1.193147e+00 -8.255654e-01
 -1.296757e+00 -8.596645e-01 -6.640300e-01
 -1.249583e+00 -6.232750e-01 -4.155327e-01
 -1.170057e+00 -5.056117e-01 -1.366501e-01
 -1.188597e+00 -4.885144e-01 1.878674e-01
 -1.267899e+00 -5.436863e-01 4.952601e-01
 -1.372369e+00 -7.320831e-01 8.789533e-01
 -1.298750e+00 -8.657346e-01 1.287421e+00
 -1.073237e+00 -8.940032e-01 1.663124e+00
 -7.384568e-01 -8.106674e-01 1.933892e+00
 -3.173619e-01 -6.247165e-01 2.056911e+00
 5.158923e-02 -4.053257e-01 1.984799e+00
 3.070270e-01 -2.109603e-01 1.763666e+00
 4.415984e-01 8.715305e-03 1.439228e+00
 4.131384e-01 1.800603e-01 1.161594e+00
 3.250303e-01 3.121002e-01 9.704984e-01
 1.109237e-01 6.718449e-01 7.909620e-01
 -2.332999e-01 1.124405e+00 7.971420e-01
 -5.054900e-01 1.314027e+00 7.746061e-01
 -8.082516e-01 1.430778e+00 6.807571e-01
 -1.116018e+00 1.461017e+00 5.170029e-01
 -1.344441e+00 1.404876e+00 3.303007e-01
 -1.524009e+00 1.257216e+00 1.076064e-01
 -1.626332e+00 1.030930e+00 -9.740589e-02
 -1.672354e+00 7.351856e-01 -2.263614e-01
 -1.725243e+00 4.668846e-01 -2.231498e-01
 -1.832511e+00 2.634011e-01 -2.154811e-01
 -2.040432e+00 7.816600e-03 -1.623085e-01
 -2.152549e+00 -2.485876e-01 -9.245936e-02
 -2.187593e+00 -5.285532e-01 -2.518956e-02
