 6.413379e-01 -1.836582e+00 6.558205e-01
 9.593365e-01 -1.705073e+00 8.297335e-01
 1.229585e+00 -1.428938e+00 9.067896e-01
 1.385345e+00 -1.088967e+00 8.990597e-01
 1.435715e+00 -6.648099e-01 7.839701e-01
 1.348293e+00 -3.109805e-01 5.854618e-01
 1.144463e+00 -5.835906e-02 3.240753e-01
 8.134592e-01 6.939698e-02 1.436981e-02
 6.879866e-01 1.838864e-01 -1.283963e-01
 6.003060e-01 3.343493e-01 -3.228631e-01
 5.707608e-01 4.254560e-01 -5.604201e-01
 6.115779e-01 7.949391e-01 -1.660800e+00
 5.075430e-01 1.019212e+00 -1.987597e+00
 3.026000e-01 1.306813e+00 -2.200864e+00
 3.362884e-02 1.613444e+00 -2.261820e+00
 -3.056797e-01 1.900078e+00 -2.156037e+00
 -6.001891e-01 2.073324e+00 -1.899207e+00
 -8.141308e-01 2.114022e+00 -1.544781e+00
 -8.969672e-01 2.042910e+00 -1.126215e+00
 -8.325134e-01 1.943097e+00 -8.274434e-01
 -6.558769e-01 1.910783e+00 -5.668225e-01
 -4.064782e-01 2.086945e+00 2.822618e-02
 -1.294620e-01 2.061902e+00 3.712055e-01
 1.944630e-01 1.873378e+00 6.407606e-01
 4.859561e-01 1.590164e+00 7.386749e-01
 6.690311e-01 1.322106e+00 6.841110e-01
 8.970989e-01 1.062242e+00 4.546093e-01
 1.342750e+00 9.492752e-01 6.717732e-02
 1.515859e+00 7.884272e-01 -2.091503e-01
 1.598963e+00 5.104533e-01 -4.754945e-01
 1.552045e+00 1.726218e-01 -6.852485e-01
 1.379606e+00 -1.461958e-01 -8.088149e-01
 1.089547e+00 -4.006936e-01 -8.624325e-01
 7.359402e-01 -5.405374e-01 -8.490556e-01
 3.456488e-01 -5.761567e-01 -7.361248e-01
 -9.298377e-02 -6.815090e-01 -4.781318e-01
 -9.572261e-01 -9.847841e-01 -4.130169e-01
 -1.309803e+00 -1.088524e+00 -1.463284e-01
 -1.512767e+00 -1.244166e+00 2.650669e-01
 -1.506287e+00 -1.448104e+00 6.741558e-01
 -1.308525e+00 -1.608251e+00 1.030986e+00
 -9.521127e-01 -1.729730e+00 1.267562e+00
 -6.095904e-01 -1.830825e+00 1.310625e+00
 -3.079600e-01 -2.012030e+00 1.216955e+00
 8.811156e-02 -2.568449e+00 1.131828e+00
 4.175758e-01 -2.807537e+00 9.363026e-01
 7.767231e-01 -2.863548e+00 6.630844e-01
 1.091419e+00 -2.724616e+00 3.669223e-01
 1.299616e+00 -2.419262e+00 1.049836e-01
 1.368758e+00 -1.976894e+00 -8.133759e-02
 1.285288e+00 -1.575177e+00 -1.359856e-01
 1.069729e+00 -1.239873e+00 -9.547337e-02
 7.743005e-01 -9.976084e-01 7.667103e-02
 5.899639e-01 -9.137439e-01 2.385477e-01
 4.552594e-01 -8.400408e-01 5.213606e-01
 3.710067e-01 -8.569959e-01 9.277459e-01
 1.634842e-01 -1.435550e+00 1.927055e+00
 -6.872410e-03 -1.782720e+00 2.177249e+00
 -2.561266e-01 -2.164473e+00 2.240365e+00
 -5.381560e-01 -2.499543e+00 2.107172e+00
 -8.013726e-01 -2.718843e+00 1.809725e+00
 -9.818639e-01 -2.789596e+00 1.411301e+00
 -1.030179e+00 -2.721923e+00 9.778144e-01
 -9.582812e-01 -2.513481e+00 5.923311e-01
 -8.076105e-01 -2.201037e+00 3.413483e-01
 -6.450749e-01 -1.830471e+00 2.629156e-01
 -5.260220e-01 -1.545921e+00 3.332419e-01
 -4.848607e-01 -1.347026e+00 4.341137e-01
 -5.435013e-01 -1.097654e+00 5.645684e-01
 -7.683576e-01 -5.547362e-01 1.010778e+00
 -8.415838e-01 -2.225456e-01 1.125967e+00
 -8.702157e-01 1.311660e-01 1.125420e+00
 -8.405592e-01 4.553865e-01 1.018880e+00
 -7.286965e-01 7.346070e-01 8.298952e-01
 -5.388600e-01 9.280792e-01 5.887924e-01
 -8.653367e-02 1.074823e+00 6.599893e-02
 5.168588e-02 1.170873e+00 -1.260834e-01
 2.567446e-01 1.356646e+00 -2.858757e-01
 5.182666e-01 1.632341e+00 -3.168283e-01
 8.526338e-01 1.889692e+00 -1.800218e-01
 1.156139e+00 2.016085e+00 8.851653e-02
 1.437994e+00 1.966245e+00 4.199733e-01
 1.611236e+00 1.759909e+00 7.727160e-01
 1.627867e+00 1.447672e+00 1.089509e+00
 1.487661e+00 1.085789e+00 1.306615e+00
 1.220082e+00 7.384307e-01 1.380585e+00
 8.787752e-01 4.676391e-01 1.294548e+00
 1.146941e-01 1.099666e-01 7.485879e-01
 -1.667281e-01 -1.330049e-02 3.874129e-01
 -4.006978e-01 -1.247925e-02 2.151674e-01
 -1.001910e+00 -5.168364e-02 4.603378e-02
 -1.332815e+00 -4.097800e-02 -2.564457e-01
 -1.502211e+00 3.013022e-02 -6.731437e-01
 -1.517411e+00 2.578271e-01 -1.093842e+00
 -1.343680e+00 5.532132e-01 -1.417059e+00
 -1.000878e+00 8.517821e-01 -1.589992e+00
 -6.070427e-01 1.069695e+00 -1.563533e+00
 -2.037448e-01 1.301453e+00 -1.298127e+00
 -8.987823e-04 1.522457e+00 -1.240425e+00
 1.290675e-01 1.818913e+00 -1.222125e+00
 1.329220e-01 2.237969e+00 -1.132479e+00
 -4.647704e-02 2.615489e+00 -1.002469e+00
 -3.673148e-01 2.872879e+00 -8.165794e-01
 -7.612702e-01 2.948297e+00 -6.049184e-01
 -1.135942e+00 2.825625e+00 -3.942940e-01
 -1.417479e+00 2.527914e+00 -2.088185e-01
 -1.561819e+00 2.103894e+00 -1.027195e-01
 -1.540764e+00 1.640703e+00 -1.130140e-01
 -1.350654e+00 1.232775e+00 -2.307936e-01
 -7.669955e-01 7.471007e-01 -5.898520e-01
 -6.313734e-01 6.005525e-01 -6.500676e-01
 -5.084763e-01 3.111124e-01 -8.386352e-01
 -4.908072e-01 -2.440281e-01 -1.323996e+00
 -4.313881e-01 -5.939269e-01 -1.458663e+00
 -3.227619e-01 -9.549716e-01 -1.460117e+00
 -1.843740e-01 -1.280147e+00 -1.326013e+00
 -3.004652e-02 -1.523898e+00 -1.073477e+00
 3.436797e-01 -1.957893e+00 1.251427e-02
 4.297103e-01 -1.916568e+00 3.863132e-01
