 2.633053e+00 1.059359e-01 -4.863469e-01
 2.658326e+00 -6.493410e-02 -8.493519e-01
 2.486569e+00 -2.790706e-01 -1.215265e+00
 2.152690e+00 -4.568008e-01 -1.476398e+00
 1.731791e+00 -5.594929e-01 -1.577035e+00
 1.297067e+00 -5.763460e-01 -1.507840e+00
 9.293944e-01 -5.103428e-01 -1.284746e+00
 5.934849e-01 -2.939953e-01 -8.339967e-01
 3.776487e-01 -8.159577e-02 -6.425112e-01
 1.541715e-01 1.229106e-01 -5.658607e-01
 -6.242228e-02 3.595684e-01 -6.275319e-01
 -2.330582e-01 7.392641e-01 -7.601799e-01
 -4.537303e-01 9.867216e-01 -8.162439e-01
 -7.376420e-01 1.162927e+00 -8.152921e-01
 -1.054702e+00 1.239464e+00 -7.833489e-01
 -1.361660e+00 1.222454e+00 -6.993981e-01
 -1.635327e+00 1.114899e+00 -5.695499e-01
 -1.829444e+00 9.454468e-01 -4.136668e-01
 -1.930050e+00 7.721808e-01 -2.299314e-01
 -1.968841e+00 6.341303e-01 3.142774e-02
 -2.168528e+00 5.525457e-01 6.091166e-01
 -2.191102e+00 3.906282e-01 9.720758e-01
 -2.112895e+00 1.311626e-01 1.269995e+00
 -1.949750e+00 -1.881213e-01 1.455193e+00
 -1.722429e+00 -4.948862e-01 1.496579e+00
 -1.459973e+00 -7.667804e-01 1.390974e+00
 -1.230584e+00 -9.842521e-01 1.141859e+00
 -1.061277e+00 -1.098259e+00 7.861166e-01
 -9.413201e-01 -1.059104e+00 4.420364e-01
 -6.372695e-01 -6.177007e-01 -1.833880e-01
 -4.995792e-01 -5.680297e-01 -9.312532e-01
 -3.842670e-01 -4.059521e-01 -1.265388e+00
 -1.621765e-01 -1.339035e-01 -1.524225e+00
 9.890233e-02 1.621657e-01 -1.615893e+00
 3.901343e-01 4.186430e-01 -1.550326e+00
 6.467793e-01 6.274368e-01 -1.332314e+00
 7.937996e-01 7.963512e-01 -1.000088e+00
 8.840218e-01 8.363398e-01 -6.193092e-01
 1.056159e+00 8.996751e-01 -3.556827e-01
 1.350974e+00 1.230449e+00 -1.393107e-02
 1.614533e+00 1.324612e+00 2.728572e-01
 1.848945e+00 1.263254e+00 5.997461e-01
 2.011410e+00 1.061128e+00 8.963945e-01
 2.111911e+00 7.383184e-01 1.109311e+00
 2.164053e+00 3.491723e-01 1.187173e+00
 2.148506e+00 -4.322255e-02 1.123487e+00
 2.070765e+00 -3.582644e-01 9.440815e-01
 1.816344e+00 -6.927451e-01 6.245205e-01
 1.623326e+00 -1.041769e+00 5.381148e-01
 1.347197e+00 -1.337992e+00 6.122617e-01
 8.993807e-01 -1.488032e+00 7.779902e-01
 4.667354e-01 -1.410334e+00 9.287408e-01
 1.143427e-01 -1.166265e+00 9.888433e-01
 -9.947368e-02 -8.280917e-01 9.816213e-01
 -2.041815e-01 -4.380614e-01 8.510294e-01
 -1.787120e-01 -1.344776e-01 5.795119e-01
 -1.135291e-01 1.255609e-01 4.462000e-01
 2.101280e-02 7.162681e-01 3.227863e-01
 2.698751e-01 1.522492e+00 -1.337371e-01
 4.808936e-01 1.760061e+00 -4.003794e-01
 7.726433e-01 1.853457e+00 -6.724139e-01
 1.113091e+00 1.798081e+00 -8.906439e-01
 1.444730e+00 1.611384e+00 -1.012204e+00
 1.702960e+00 1.303473e+00 -1.051010e+00
 1.830488e+00 9.132435e-01 -1.033878e+00
 1.800638e+00 5.342996e-01 -9.773734e-01
 1.623118e+00 9.514442e-02 -7.661703e-01
 1.642334e+00 -2.108552e-01 -6.104895e-01
 1.800824e+00 -5.230330e-01 -4.766238e-01
 2.283637e+00 -9.347360e-01 -2.624497e-01
 2.496601e+00 -1.123951e+00 -2.414749e-02
 2.607567e+00 -1.278558e+00 3.013295e-01
 2.597224e+00 -1.375916e+00 6.662935e-01
 2.465273e+00 -1.403470e+00 1.020651e+00
 2.227913e+00 -1.357905e+00 1.314848e+00
 1.919200e+00 -1.246990e+00 1.504716e+00
 1.581620e+00 -1.058152e+00 1.574622e+00
 1.303538e+00 -8.277566e-01 1.513236e+00
 1.047937e+00 -5.979849e-01 1.301794e+00
 8.690643e-01 -4.612005e-01 9.716795e-01
 7.940044e-01 -4.616574e-01 6.295949e-01
 7.425620e-01 -5.260543e-01 4.160685e-01
 5.548884e-01 -7.346885e-01 1.434939e-01
 9.349598e-03 -1.414418e+00 -2.571535e-01
 -3.208124e-01 -1.583986e+00 -4.177102e-01
 -6.947421e-01 -1.609013e+00 -5.432449e-01
 -1.056925e+00 -1.488842e+00 -6.173596e-01
 -1.359577e+00 -1.242147e+00 -6.265566e-01
 -1.756989e+00 -5.538085e-01 -5.202661e-01
 -1.942065e+00 -3.619611e-01 -5.127070e-01
 -2.590205e+00 7.589004e-03 -4.893582e-01
 -2.848766e+00 3.178294e-01 -3.945738e-01
 -2.960710e+00 6.915681e-01 -2.446595e-01
 -2.903077e+00 1.070114e+00 -6.727070e-02
 -2.680672e+00 1.389847e+00 1.033389e-01
 -2.333626e+00 1.585033e+00 2.502957e-01
 -1.919827e+00 1.613732e+00 3.673479e-01
 -1.504599e+00 1.474254e+00 4.072919e-01
 -1.165973e+00 1.197894e+00 3.407283e-01
 -9.740795e-01 8.452352e-01 1.761073e-01
 -9.488907e-01 5.111614e-01 -6.684177e-02
 -1.042012e+00 3.006683e-01 -2.942743e-01
 -1.206414e+00 1.740404e-01 -9.950117e-01
 -1.401619e+00 9.375120e-04 -1.310725e+00
 -1.668825e+00 -2.465923e-01 -1.498680e+00
 -1.965251e+00 -5.284685e-01 -1.528252e+00
 -2.243202e+00 -7.988695e-01 -1.394446e+00
 -2.457567e+00 -1.013414e+00 -1.119357e+00
 -2.566401e+00 -1.148542e+00 -7.452626e-01
 -2.558569e+00 -1.169064e+00 -3.326211e-01
 -2.445583e+00 -1.064345e+00 4.861993e-02
 -2.234875e+00 -8.617316e-01 3.382950e-01
 -1.963898e+00 -5.955633e-01 4.880425e-01
 -1.671317e+00 -3.376953e-01 4.779266e-01
 -1.547180e+00 -2.480581e-01 5.003555e-01
 -1.356724e+00 -1.088235e-01 6.141536e-01
 -9.384377e-01 2.888080e-01 1.096312e+00
 -7.396886e-01 3.923140e-01 1.236418e+00
 -4.718496e-01 4.684825e-01 1.344058e+00
 -1.015002e-01 5.192216e-01 1.395180e+00
 1.909319e-01 5.385205e-01 1.359477e+00
 4.633891e-01 5.463982e-01 1.249039e+00
 9.774135e-01 5.367492e-01 8.594433e-01
 1.170326e+00 4.812732e-01 6.972658e-01
 1.462109e+00 3.063503e-01 4.372579e-01
 1.698153e+00 3.062072e-01 2.677295e-01
 2.081070e+00 3.353750e-01 1.414407e-01
 2.407579e+00 2.562222e-01 -1.003473e-01
