 2.348166e+00 -5.779873e-02 6.426834e-01
 2.159135e+00 1.228186e-01 8.447149e-01
 1.893911e+00 2.587693e-01 9.856285e-01
 1.584567e+00 3.338733e-01 1.051955e+00
 1.267925e+00 3.417363e-01 1.041797e+00
 8.171401e-01 2.452016e-01 9.310733e-01
 6.058593e-01 1.971048e-01 9.246892e-01
 3.982911e-01 1.682622e-01 9.456852e-01
 1.873073e-01 1.264719e-01 1.054195e+00
 -3.984587e-02 3.740993e-02 1.261312e+00
 -2.161499e-01 -1.078008e-01 1.538079e+00
 -3.858083e-01 -2.891511e-01 1.705825e+00
 -5.906730e-01 -4.921973e-01 1.794167e+00
 -8.059607e-01 -6.881833e-01 1.797489e+00
 -1.044952e+00 -9.086416e-01 1.705805e+00
 -1.217424e+00 -1.080908e+00 1.548414e+00
 -1.342092e+00 -1.200642e+00 1.334752e+00
 -1.423713e+00 -1.261637e+00 1.070920e+00
 -1.457302e+00 -1.252781e+00 7.125256e-01
 -1.431331e+00 -1.192943e+00 4.420413e-01
 -1.353182e+00 -1.077646e+00 1.923805e-01
 -1.246169e+00 -9.365800e-01 1.706513e-02
 -1.202780e+00 -8.587670e-01 -8.965674e-02
 -1.175352e+00 -7.863136e-01 -2.106513e-01
 -1.168770e+00 -7.418609e-01 -3.031695e-01
 -1.156622e+00 -7.077138e-01 -4.350678e-01
 -1.135921e+00 -6.927615e-01 -5.762411e-01
 -1.091710e+00 -6.786160e-01 -6.967151e-01
 -6.741735e-01 -6.664468e-01 -1.503975e+00
 -5.025924e-01 -5.964811e-01 -1.728017e+00
 -3.156016e-01 -4.682507e-01 -1.898493e+00
 -1.300399e-01 -2.939751e-01 -2.007093e+00
 5.935059e-02 -8.515293e-02 -2.046824e+00
 2.339023e-01 1.247453e-01 -2.009500e+00
 3.754505e-01 3.320796e-01 -1.902002e+00
 4.731486e-01 5.232557e-01 -1.731770e+00
 5.136022e-01 6.941920e-01 -1.510639e+00
 4.791663e-01 8.505945e-01 -1.247376e+00
 3.729651e-01 9.490525e-01 -9.881043e-01
 2.070143e-01 9.926754e-01 -7.629682e-01
 2.722248e-03 9.982893e-01 -6.034751e-01
 -2.605683e-01 1.023809e+00 -5.139017e-01
 -5.804194e-01 1.200796e+00 -4.290254e-01
 -8.054986e-01 1.271491e+00 -3.313292e-01
 -1.057958e+00 1.277059e+00 -2.203864e-01
 -1.282213e+00 1.217061e+00 -1.245841e-01
 -1.447395e+00 1.115737e+00 -3.257074e-02
 -1.607133e+00 9.356808e-01 9.482637e-02
 -1.701746e+00 7.391931e-01 1.757144e-01
 -1.772176e+00 4.779916e-01 2.186503e-01
 -1.799167e+00 2.952997e-01 2.053689e-01
 -1.846628e+00 5.004855e-02 1.222446e-01
 -2.223522e+00 -6.250604e-01 -2.645653e-01
 -2.064037e+00 -1.230005e+00 -5.928579e-01
 -1.536847e+00 -1.659082e+00 -6.971463e-01
 -8.770806e-01 -1.717518e+00 -6.043534e-01
 -3.238114e-01 -1.358256e+00 -4.639118e-01
 4.913234e-02 -2.807766e-01 -2.271687e-02
 5.037996e-01 2.779332e-01 -7.036382e-02
 6.068876e-01 3.950398e-01 -5.818658e-02
 8.737825e-01 7.340454e-01 2.500432e-02
 1.106066e+00 1.079108e+00 1.705899e-01
 1.171059e+00 1.447219e+00 3.795707e-01
 1.068267e+00 1.776211e+00 6.230680e-01
 7.981915e-01 2.042501e+00 8.529777e-01
 4.453122e-01 2.174769e+00 9.914823e-01
 3.516833e-02 2.151598e+00 1.073650e+00
 -3.579781e-01 1.955122e+00 1.099732e+00
 -6.561662e-01 1.619109e+00 1.041926e+00
 -7.873676e-01 1.212444e+00 8.968925e-01
 -7.158783e-01 5.372792e-01 4.355936e-01
 -8.032150e-01 2.287711e-01 -1.469606e-01
 -1.225646e+00 3.467667e-01 -6.881497e-01
 -1.843300e+00 4.820130e-01 -8.376157e-01
 -2.429747e+00 5.743302e-01 -5.958056e-01
 -2.799009e+00 4.846858e-01 -7.116479e-02
 -2.800614e+00 2.725773e-01 5.344488e-01
 -2.439493e+00 3.860891e-02 1.001842e+00
 -1.866207e+00 -1.310355e-01 1.163123e+00
 -9.864638e-01 -3.364168e-01 8.476914e-01
 -6.195045e-01 -6.440425e-01 7.642494e-01
 -2.496200e-01 -1.481254e+00 1.041923e+00
 3.035285e-01 -1.805583e+00 1.184760e+00
 9.148148e-01 -1.796728e+00 1.153073e+00
 1.404721e+00 -1.467369e+00 9.575312e-01
 1.591019e+00 -9.095225e-01 6.929246e-01
 1.420662e+00 -4.123964e-01 3.765160e-01
 1.452946e+00 -1.556666e-01 1.460670e-01
 1.565383e+00 2.326149e-03 -1.706580e-01
 1.638703e+00 1.603298e-02 -5.920944e-01
 1.664661e+00 -1.387034e-01 -9.802051e-01
 1.611262e+00 -4.203858e-01 -1.284716e+00
 1.464589e+00 -7.629071e-01 -1.461729e+00
 1.248776e+00 -1.116491e+00 -1.484054e+00
 1.019567e+00 -1.432693e+00 -1.342013e+00
 8.154506e-01 -1.658032e+00 -1.060628e+00
 6.672706e-01 -1.755240e+00 -6.872644e-01
 5.970137e-01 -1.708463e+00 -2.865855e-01
 6.025105e-01 -1.549100e+00 2.628500e-02
 5.452849e-01 -9.427819e-01 6.083355e-01
 5.508225e-01 -8.423845e-01 8.054865e-01
 6.281841e-01 -7.793499e-01 1.257031e+00
 7.372497e-01 -5.518132e-01 1.609260e+00
 7.687738e-01 -1.912044e-01 1.860892e+00
 7.001612e-01 2.221829e-01 1.951642e+00
 5.883333e-01 6.242253e-01 1.858337e+00
 4.639157e-01 9.562550e-01 1.600949e+00
 3.505980e-01 1.142262e+00 1.250488e+00
 2.354192e-01 1.185493e+00 7.353132e-01
 1.722131e-01 1.279981e+00 5.359209e-01
 1.350236e-01 1.436515e+00 3.447534e-01
 1.457012e-01 1.787650e+00 4.573247e-02
 9.880856e-02 1.977981e+00 -3.184972e-01
 -1.078040e-02 2.015692e+00 -7.134218e-01
 -1.674881e-01 1.897360e+00 -1.073059e+00
 -3.383536e-01 1.641008e+00 -1.340152e+00
 -4.697976e-01 1.261240e+00 -1.489075e+00
 -5.193738e-01 8.555354e-01 -1.490128e+00
 -4.753141e-01 4.762142e-01 -1.355385e+00
 -3.403428e-01 2.434626e-01 -1.177395e+00
 -1.512383e-01 7.491493e-02 -1.039656e+00
 1.984793e-01 -1.845989e-01 -1.035455e+00
 2.984653e-01 -2.431691e-01 -1.025385e+00
 4.157705e-01 -3.149658e-01 -9.928691e-01
 5.188536e-01 -3.845275e-01 -9.455890e-01
 6.021703e-01 -4.484519e-01 -8.913624e-01
 6.611405e-01 -4.994326e-01 -8.412061e-01
 8.829947e-01 -7.094443e-01 -6.146706e-01
 1.078096e+00 -8.344804e-01 -5.084968e-01
 1.289602e+00 -9.573966e-01 -4.691598e-01
 1.524206e+00 -1.003827e+00 -4.455703e-01
 1.850531e+00 -9.703413e-01 -3.722067e-01
 2.109235e+00 -8.592199e-01 -2.565643e-01
 2.310811e+00 -6.890954e-01 -8.421029e-02
 2.426298e+00 -4.843048e-01 1.398703e-01
 2.439958e+00 -2.603942e-01 4.018631e-01
