 7.385308e-01 -8.728573e-01 3.984953e-02
 9.318816e-01 -7.217609e-01 -1.285515e-01
 1.360934e+00 -6.548873e-01 -3.634332e-01
 1.683337e+00 -4.249826e-01 -6.548389e-01
 1.813551e+00 -1.186588e-01 -9.029136e-01
 1.780710e+00 2.210087e-01 -1.088532e+00
 1.596903e+00 6.181519e-01 -1.166436e+00
 1.289594e+00 9.701438e-01 -1.110791e+00
 9.384837e-01 1.163425e+00 -9.536253e-01
 5.979082e-01 1.194376e+00 -7.247812e-01
 4.736489e-02 9.967640e-01 -3.634912e-02
 -9.796600e-02 9.868776e-01 1.090958e-01
 -2.372322e-01 1.004071e+00 2.090875e-01
 -3.598897e-01 1.053717e+00 3.228064e-01
 -6.311340e-01 1.240946e+00 5.968680e-01
 -9.030425e-01 1.275046e+00 8.436239e-01
 -1.213123e+00 1.178175e+00 1.052465e+00
 -1.507676e+00 9.694858e-01 1.173350e+00
 -1.752191e+00 6.819115e-01 1.187345e+00
 -1.919861e+00 3.655202e-01 1.089463e+00
 -1.982150e+00 5.224269e-02 9.055215e-01
 -1.930572e+00 -2.105162e-01 6.695992e-01
 -1.765131e+00 -4.158486e-01 4.385566e-01
 -1.551721e+00 -5.330962e-01 2.818647e-01
 -1.364348e+00 -5.891445e-01 2.232769e-01
 -1.141505e+00 -6.913936e-01 1.933016e-01
 -8.479501e-01 -9.942502e-01 6.836086e-02
 -7.957528e-01 -1.047058e+00 4.627236e-02
 -7.086839e-01 -1.125874e+00 1.084594e-02
 -2.463514e-01 -1.457265e+00 -1.583617e-01
 -9.835634e-02 -1.715316e+00 -2.017169e-01
 -4.207020e-02 -1.883116e+00 -2.700270e-01
 4.964102e-02 -2.126193e+00 -4.880673e-01
 1.408291e-01 -2.264767e+00 -7.417756e-01
 2.570051e-01 -2.309704e+00 -1.025311e+00
 3.967965e-01 -2.261383e+00 -1.294533e+00
 5.433699e-01 -2.124279e+00 -1.526101e+00
 6.985267e-01 -1.898430e+00 -1.711808e+00
 8.190457e-01 -1.641691e+00 -1.810575e+00
 9.016442e-01 -1.354149e+00 -1.835105e+00
 9.406838e-01 -1.063206e+00 -1.783140e+00
 9.351523e-01 -7.934004e-01 -1.659301e+00
 8.034400e-01 -8.108767e-02 -1.061769e+00
 7.932713e-01 9.194651e-02 -8.047663e-01
 8.551996e-01 2.207477e-01 -5.548937e-01
 1.007765e+00 3.127045e-01 -3.654260e-01
 1.305250e+00 4.179673e-01 -1.958352e-01
 1.736186e+00 5.776114e-01 -7.976658e-02
 2.045087e+00 9.321905e-01 1.233080e-01
 2.122253e+00 1.371835e+00 3.738876e-01
 1.954759e+00 1.769458e+00 6.454549e-01
 1.587146e+00 2.021731e+00 8.737748e-01
 1.103689e+00 2.085175e+00 9.820397e-01
 6.471588e-01 1.984085e+00 9.099991e-01
 3.213667e-01 1.886772e+00 6.270085e-01
 -3.344595e-02 1.995843e+00 1.532069e-01
 -1.996174e-01 1.980580e+00 -5.291383e-02
 -3.620826e-01 1.902331e+00 -2.367416e-01
 -5.086251e-01 1.761880e+00 -4.017276e-01
 -6.273885e-01 1.564854e+00 -5.358738e-01
 -7.107998e-01 1.322990e+00 -6.260808e-01
 -7.507496e-01 1.056068e+00 -6.622726e-01
 -7.663327e-01 5.529594e-01 -6.046946e-01
 -8.483678e-01 2.859089e-01 -5.795168e-01
 -9.572982e-01 1.227691e-01 -5.738488e-01
 -1.052874e+00 -2.363773e-02 -6.075515e-01
 -1.316852e+00 -4.408833e-01 -7.974768e-01
 -1.532059e+00 -8.572254e-01 -7.571808e-01
 -1.697141e+00 -1.223889e+00 -5.141005e-01
 -1.769127e+00 -1.466452e+00 -1.247286e-01
 -1.710547e+00 -1.553006e+00 3.287141e-01
 -1.568357e+00 -1.448614e+00 7.564871e-01
 -1.393212e+00 -1.167388e+00 1.077736e+00
 -1.202625e+00 -7.735776e-01 1.224706e+00
 -1.032514e+00 -3.583112e-01 1.168578e+00
 -9.574208e-01 5.560916e-03 9.474797e-01
 -9.901014e-01 2.500474e-01 6.544179e-01
 -1.134935e+00 3.786070e-01 4.147451e-01
 -1.508181e+00 6.463251e-01 1.402870e-01
 -1.765974e+00 7.382237e-01 -3.493361e-01
 -1.757414e+00 6.936058e-01 -9.147583e-01
 -1.472155e+00 5.308143e-01 -1.384560e+00
 -1.012611e+00 2.705876e-01 -1.608476e+00
 -5.499434e-01 -4.313703e-02 -1.522075e+00
 -2.132676e-01 -3.152043e-01 -1.155945e+00
 -9.094838e-02 -3.997334e-01 -7.023891e-01
 -1.012843e-01 -3.148389e-01 1.325002e-01
 -1.246997e-01 -4.501231e-01 6.244867e-01
 3.320607e-02 -4.986590e-01 1.046886e+00
 3.642466e-01 -3.453472e-01 1.450436e+00
 7.213015e-01 -3.644615e-02 1.652106e+00
 1.026575e+00 3.071801e-01 1.614821e+00
 1.241935e+00 6.637321e-01 1.364712e+00
 1.271658e+00 9.843355e-01 9.630207e-01
 1.086301e+00 1.196664e+00 4.342959e-01
 1.102406e+00 1.372078e+00 1.986514e-01
 1.122361e+00 1.681272e+00 8.762843e-03
 1.065966e+00 2.085795e+00 -5.946138e-02
 9.382591e-01 2.476142e+00 2.885539e-02
 7.277222e-01 2.765368e+00 2.249298e-01
 4.388505e-01 2.918166e+00 4.906243e-01
 1.504556e-01 2.901271e+00 8.041933e-01
 -8.182750e-02 2.715548e+00 1.111091e+00
 -2.190077e-01 2.391482e+00 1.355941e+00
 -2.380781e-01 1.984493e+00 1.493231e+00
 -1.379885e-01 1.570194e+00 1.496059e+00
 1.460794e-01 9.749281e-01 1.245044e+00
 3.175078e-01 5.532714e-01 9.151498e-01
 4.644119e-01 3.824730e-01 7.087706e-01
 6.145269e-01 2.585191e-01 6.348001e-01
 8.871862e-01 2.580807e-02 6.268147e-01
 1.287411e+00 -3.598568e-01 7.650489e-01
 1.501490e+00 -7.429415e-01 7.316146e-01
 1.605725e+00 -1.168008e+00 5.348037e-01
 1.550863e+00 -1.493741e+00 2.393328e-01
 1.357948e+00 -1.683091e+00 -1.149438e-01
 1.085906e+00 -1.686544e+00 -4.868855e-01
 8.530496e-01 -1.525663e+00 -7.484766e-01
 5.303175e-01 -1.311465e+00 -8.848090e-01
 2.909261e-01 -1.274848e+00 -1.022011e+00
 -1.884247e-02 -1.336748e+00 -1.160695e+00
 -4.117888e-01 -1.504289e+00 -1.170250e+00
 -7.373196e-01 -1.725122e+00 -1.021925e+00
 -9.586894e-01 -1.940342e+00 -7.283559e-01
 -1.035692e+00 -2.108586e+00 -3.474574e-01
 -9.742582e-01 -2.176277e+00 6.004108e-02
 -7.934884e-01 -2.126165e+00 4.283799e-01
 -5.148777e-01 -1.982441e+00 6.975080e-01
 -1.786871e-01 -1.781651e+00 8.219203e-01
 1.579994e-01 -1.553745e+00 7.848562e-01
 4.291488e-01 -1.340450e+00 6.029781e-01
