 4.296137e-01 -1.705587e+00 -2.734858e+00
 8.766180e-01 -1.793545e+00 -2.558174e+00
 1.212730e+00 -1.766356e+00 -2.218356e+00
 1.372448e+00 -1.637959e+00 -1.792480e+00
 1.321440e+00 -1.456132e+00 -1.374652e+00
 1.099993e+00 -1.323130e+00 -1.056394e+00
 8.421471e-01 -1.329206e+00 -8.610803e-01
 6.611599e-01 -1.400366e+00 -6.942342e-01
 3.185189e-01 -1.674958e+00 -3.779165e-01
 7.476775e-02 -1.749756e+00 -1.307950e-01
 -1.321974e-01 -1.716903e+00 1.180723e-01
 -3.156436e-01 -1.576916e+00 3.619123e-01
 -4.342485e-01 -1.356536e+00 5.353304e-01
 -5.388548e-01 -1.080066e+00 6.108907e-01
 -7.165878e-01 -8.186497e-01 6.008175e-01
 -1.264259e+00 -4.778989e-01 6.335562e-01
 -1.502172e+00 -1.712191e-01 6.217089e-01
 -1.607579e+00 1.865463e-01 5.965983e-01
 -1.574912e+00 5.648108e-01 5.647405e-01
 -1.441860e+00 8.447335e-01 5.423307e-01
 -1.220073e+00 1.051034e+00 5.148987e-01
 -9.260079e-01 1.201571e+00 3.928710e-01
 -6.120321e-01 1.372498e+00 5.105032e-02
 2.126203e-02 1.551783e+00 -3.507186e-01
 3.541158e-01 1.512609e+00 -5.089710e-01
 6.953560e-01 1.334768e+00 -6.320458e-01
 9.396313e-01 1.078581e+00 -6.738718e-01
 1.091821e+00 7.533270e-01 -6.377543e-01
 1.148613e+00 4.296872e-01 -5.146959e-01
 1.090097e+00 1.280388e-01 -3.506793e-01
 1.061260e+00 -8.400521e-02 -2.924028e-01
 1.094009e+00 -2.604129e-01 -2.626558e-01
 1.519559e+00 -1.159560e+00 -9.991558e-02
 1.522594e+00 -1.665543e+00 -1.508981e-01
 1.371856e+00 -2.102131e+00 -4.041537e-01
 1.104698e+00 -2.336916e+00 -7.896243e-01
 7.646974e-01 -2.314351e+00 -1.181791e+00
 4.629024e-01 -2.052759e+00 -1.490860e+00
 3.243889e-01 -1.648075e+00 -1.690880e+00
 3.767329e-01 -1.330699e+00 -1.768087e+00
 4.784764e-01 -1.133104e+00 -1.873235e+00
 5.122172e-01 -8.967316e-01 -2.054944e+00
 4.559137e-01 -5.870137e-01 -2.168245e+00
 3.657863e-01 -2.121442e-01 -2.145306e+00
 2.802225e-01 1.305933e-01 -1.976728e+00
 2.155898e-01 3.923064e-01 -1.682935e+00
 1.523093e-01 5.284449e-01 -1.300135e+00
 9.510008e-02 5.052137e-01 -6.147259e-01
 1.429583e-01 5.245932e-01 -3.211451e-01
 2.685477e-01 6.205816e-01 2.430176e-02
 8.464344e-01 9.913677e-01 4.337750e-01
 1.015536e+00 1.261057e+00 8.086438e-01
 9.579860e-01 1.529748e+00 1.204971e+00
 7.057641e-01 1.702878e+00 1.560169e+00
 2.948976e-01 1.756076e+00 1.802674e+00
 -1.767980e-01 1.719850e+00 1.844824e+00
 -5.682187e-01 1.639030e+00 1.691547e+00
 -8.349195e-01 1.662826e+00 1.399332e+00
 -1.289899e+00 1.993801e+00 9.582718e-01
 -1.507151e+00 2.053468e+00 5.457708e-01
 -1.634169e+00 1.915037e+00 1.068776e-01
 -1.641942e+00 1.602968e+00 -2.587626e-01
 -1.528991e+00 1.182358e+00 -4.673735e-01
 -1.298173e+00 7.500733e-01 -4.789019e-01
 -9.962319e-01 4.218369e-01 -2.925722e-01
 -7.318511e-01 2.351044e-01 6.785169e-02
 -5.387130e-01 2.497780e-01 4.970542e-01
 -6.847724e-01 3.415471e-01 1.058172e+00
 -1.307706e+00 8.885594e-01 1.881500e+00
 -1.469097e+00 1.243023e+00 2.094825e+00
 -1.497210e+00 1.678028e+00 2.193093e+00
 -1.382396e+00 2.108272e+00 2.160236e+00
 -1.143206e+00 2.452138e+00 2.006510e+00
 -8.245602e-01 2.642837e+00 1.767142e+00
 -5.082536e-01 2.652913e+00 1.466604e+00
 -2.485400e-01 2.480777e+00 1.147431e+00
 -7.794622e-02 2.151656e+00 9.014722e-01
 -4.083978e-03 1.748724e+00 8.017856e-01
 -2.323363e-03 1.416941e+00 8.579204e-01
 -1.581208e-02 1.193657e+00 9.657600e-01
 1.111624e-01 9.273874e-01 1.210735e+00
 5.360599e-01 5.276861e-01 1.728529e+00
 8.660279e-01 -1.810101e-02 1.832593e+00
 1.001641e+00 -5.963929e-01 1.608625e+00
 9.212224e-01 -9.780599e-01 1.135109e+00
 6.487015e-01 -1.049385e+00 5.583728e-01
 2.163864e-01 -7.285318e-01 2.061075e-02
 -7.002694e-02 -7.342602e-01 -2.254015e-01
 -4.499494e-01 -8.879930e-01 -4.072767e-01
 -8.755587e-01 -1.124044e+00 -3.766008e-01
 -1.221303e+00 -1.350892e+00 -1.329187e-01
 -1.412427e+00 -1.515877e+00 2.481243e-01
 -1.442512e+00 -1.571335e+00 7.094397e-01
 -1.324703e+00 -1.464350e+00 1.161137e+00
 -1.059749e+00 -1.244746e+00 1.491117e+00
 -6.986666e-01 -9.671712e-01 1.631158e+00
 -3.244988e-01 -6.893753e-01 1.552193e+00
 2.954863e-01 -1.416314e-01 9.540041e-01
 4.090946e-01 -7.980417e-02 8.810157e-01
 6.282304e-01 -1.983111e-02 8.087120e-01
 1.577524e+00 8.522089e-02 6.163391e-01
 2.040077e+00 7.258730e-02 9.740194e-02
 2.108778e+00 -6.154848e-02 -5.412509e-01
 1.780392e+00 -2.378391e-01 -1.068698e+00
 1.175327e+00 -3.055425e-01 -1.309301e+00
 3.203544e-01 -4.611727e-01 -1.108281e+00
 -1.335896e-01 -5.392348e-01 -1.291477e+00
 -4.454077e-01 -7.064651e-01 -1.665862e+00
 -5.254148e-01 -9.491448e-01 -2.098116e+00
 -3.712913e-01 -1.240433e+00 -2.474185e+00
 -2.274411e-02 -1.509142e+00 -2.705187e+00
