 -2.410061e+00 1.474269e-01 -4.821009e-01
 -2.553089e+00 -2.239585e-01 -2.869987e-01
 -2.524454e+00 -5.973214e-01 -1.433015e-01
 -2.333334e+00 -9.372191e-01 -2.003158e-02
 -2.001316e+00 -1.184920e+00 6.205105e-02
 -1.613463e+00 -1.292897e+00 8.129481e-02
 -1.216557e+00 -1.263230e+00 2.277097e-02
 -8.717034e-01 -1.099458e+00 -1.007232e-01
 -5.639703e-01 -7.558822e-01 -3.290426e-01
 -3.057383e-01 -6.028912e-01 -4.331106e-01
 -8.579459e-03 -5.624028e-01 -6.352758e-01
 4.977198e-01 -6.544068e-01 -1.152882e+00
 8.213768e-01 -7.251856e-01 -1.306876e+00
 1.175780e+00 -8.088141e-01 -1.337086e+00
 1.513631e+00 -9.015148e-01 -1.241197e+00
 1.794016e+00 -9.844611e-01 -1.033080e+00
 2.001416e+00 -1.049410e+00 -7.125534e-01
 2.078026e+00 -1.072196e+00 -4.005217e-01
 2.057003e+00 -1.040845e+00 -9.868617e-02
 1.914536e+00 -9.913760e-01 2.264712e-01
 1.670440e+00 -9.611603e-01 4.675044e-01
 1.437644e+00 -1.001122e+00 6.004958e-01
 9.577566e-01 -1.275461e+00 1.013966e+00
 6.289094e-01 -1.343775e+00 1.174982e+00
 3.122749e-01 -1.327688e+00 1.245425e+00
 5.842021e-03 -1.237720e+00 1.236321e+00
 -2.633583e-01 -1.079651e+00 1.150605e+00
 -4.682120e-01 -8.607525e-01 1.003111e+00
 -5.808613e-01 -5.923393e-01 8.214572e-01
 -5.964666e-01 -5.953487e-02 3.941026e-01
 -6.550292e-01 1.276207e-01 2.001072e-01
 -7.687477e-01 3.491359e-01 9.000450e-02
 -1.132113e+00 7.383496e-01 -5.703809e-02
 -1.724230e+00 1.252855e+00 -4.195037e-01
 -1.948334e+00 1.356741e+00 -5.858416e-01
 -2.181862e+00 1.376148e+00 -7.794629e-01
 -2.406349e+00 1.302788e+00 -9.845199e-01
 -2.599996e+00 1.135037e+00 -1.180300e+00
 -2.740099e+00 8.827571e-01 -1.342745e+00
 -2.807899e+00 5.677544e-01 -1.449196e+00
 -2.789379e+00 2.259165e-01 -1.484228e+00
 -2.673477e+00 -9.826945e-02 -1.452690e+00
 -2.462997e+00 -3.702714e-01 -1.362115e+00
 -2.183823e+00 -5.511921e-01 -1.208916e+00
 -1.909573e+00 -6.188039e-01 -9.912068e-01
 -1.676715e+00 -5.708623e-01 -7.207657e-01
 -1.565762e+00 -4.552219e-01 -5.074080e-01
 -1.521290e+00 -3.158199e-01 -2.553547e-01
 -1.619562e+00 -2.018458e-01 2.291961e-01
 -1.610404e+00 -4.470091e-02 5.249824e-01
 -1.516235e+00 1.521654e-01 7.669616e-01
 -1.345166e+00 3.582032e-01 9.370665e-01
 -1.100937e+00 5.476253e-01 1.032595e+00
 -8.090050e-01 6.916176e-01 1.047071e+00
 -5.103913e-01 7.615356e-01 9.895517e-01
 -5.989322e-02 8.152795e-01 7.482408e-01
 2.645123e-01 9.978882e-01 6.115440e-01
 4.377816e-01 1.228048e+00 5.438432e-01
 6.196773e-01 1.482486e+00 5.893793e-01
 8.117006e-01 1.728745e+00 7.654959e-01
 1.012975e+00 1.890873e+00 1.063428e+00
 1.202020e+00 1.903850e+00 1.386641e+00
 1.384581e+00 1.766450e+00 1.715767e+00
 1.501972e+00 1.500751e+00 1.984967e+00
 1.534632e+00 1.145649e+00 2.161048e+00
 1.470026e+00 7.565975e-01 2.221254e+00
 1.320880e+00 3.924912e-01 2.153319e+00
 1.113388e+00 1.082862e-01 1.965344e+00
 7.006445e-01 -1.920459e-01 1.444133e+00
 4.929619e-01 -3.356276e-01 1.072782e+00
 4.307471e-01 -3.915582e-01 8.747434e-01
 4.118416e-01 -5.131875e-01 6.014239e-01
 3.488818e-01 -7.253142e-01 3.989282e-01
 2.137275e-01 -1.189643e+00 2.067912e-01
 1.504492e-01 -1.392838e+00 2.496724e-02
 1.062554e-01 -1.530566e+00 -2.520250e-01
 -2.596669e-02 -1.587100e+00 -5.887538e-01
 -2.189682e-01 -1.536591e+00 -8.850034e-01
 -4.116316e-01 -1.371236e+00 -1.127443e+00
 -5.898893e-01 -1.102207e+00 -1.293029e+00
 -7.418897e-01 -7.688551e-01 -1.346331e+00
 -8.349622e-01 -4.102173e-01 -1.282029e+00
 -8.672604e-01 5.280557e-02 -1.037175e+00
 -8.543057e-01 3.655671e-01 -9.672248e-01
 -8.358274e-01 6.488976e-01 -1.019413e+00
 -7.184889e-01 9.322972e-01 -1.130836e+00
 -5.108006e-01 1.145012e+00 -1.235483e+00
 -2.644371e-01 1.278400e+00 -1.278148e+00
 5.098821e-02 1.365496e+00 -1.251341e+00
 3.693097e-01 1.376906e+00 -1.144580e+00
 6.447632e-01 1.325501e+00 -9.573424e-01
 8.510135e-01 1.203547e+00 -7.197169e-01
 9.723767e-01 1.013161e+00 -4.591634e-01
 1.004068e+00 5.770575e-01 3.248109e-02
 1.021741e+00 4.235969e-01 2.510938e-01
 1.110448e+00 2.260933e-01 4.418591e-01
 1.294319e+00 5.506122e-02 6.015490e-01
 1.624754e+00 -8.333866e-02 9.997160e-01
 1.794308e+00 -2.720901e-01 1.219175e+00
 1.938207e+00 -5.474542e-01 1.367161e+00
 2.036876e+00 -8.746333e-01 1.420299e+00
 2.079193e+00 -1.216694e+00 1.370172e+00
 2.059999e+00 -1.533142e+00 1.219920e+00
 1.981767e+00 -1.783801e+00 9.860536e-01
 1.840380e+00 -1.940578e+00 7.043630e-01
 1.650269e+00 -1.984371e+00 4.059974e-01
 1.445882e+00 -1.903406e+00 1.206473e-01
 1.255296e+00 -1.710221e+00 -1.075496e-01
 1.119525e+00 -1.409964e+00 -2.836063e-01
 1.047914e+00 -1.044605e+00 -3.440548e-01
 1.069666e+00 -7.626792e-01 -3.200800e-01
 1.256915e+00 -4.324945e-01 -3.538936e-01
 1.632121e+00 -1.310498e-01 -3.626960e-01
 1.896349e+00 1.400025e-01 -2.259911e-01
 2.022030e+00 4.586373e-01 -7.158779e-04
 1.992800e+00 7.528315e-01 3.051396e-01
 1.824225e+00 9.418838e-01 6.521614e-01
 1.547428e+00 9.885757e-01 9.794913e-01
 1.211247e+00 8.933857e-01 1.212620e+00
 9.901317e-01 8.949509e-01 1.327235e+00
 7.271163e-01 9.922740e-01 1.519843e+00
 3.872111e-01 1.273193e+00 1.601564e+00
 4.105089e-02 1.587647e+00 1.449047e+00
 -2.474348e-01 1.794276e+00 1.081485e+00
 -4.334288e-01 1.783873e+00 5.967357e-01
 -4.504586e-01 1.583248e+00 1.285352e-01
 -2.770410e-01 1.275907e+00 -2.215422e-01
 -7.063593e-02 9.272620e-01 -3.432665e-01
 3.444755e-02 6.221085e-01 -5.010607e-01
 1.525728e-01 4.434748e-01 -7.945149e-01
 1.467655e-01 3.441082e-01 -1.188207e+00
 -3.692644e-02 3.060468e-01 -1.596827e+00
 -3.538297e-01 3.373658e-01 -1.884396e+00
 -7.076760e-01 3.835750e-01 -2.003085e+00
 -1.121612e+00 4.032990e-01 -1.969892e+00
 -1.474946e+00 4.102302e-01 -1.789375e+00
 -1.729243e+00 4.326526e-01 -1.493117e+00
 -1.927046e+00 4.005837e-01 -9.317824e-01
 -2.186366e+00 3.402228e-01 -6.610243e-01
