 -6.131287e-01 6.086801e-01 4.270467e-01
 -6.218344e-01 5.246364e-01 5.885930e-01
 -6.072444e-01 4.336681e-01 7.267598e-01
 -5.744429e-01 3.375713e-01 8.452141e-01
 -5.321569e-01 2.306740e-01 9.452757e-01
 -4.847227e-01 1.204944e-01 1.023404e+00
 -3.005162e-01 -3.128807e-01 1.246924e+00
 -2.304215e-01 -4.836473e-01 1.409260e+00
 -1.794733e-01 -6.039723e-01 1.592101e+00
 -2.263619e-01 -8.186859e-01 1.839054e+00
 -3.313818e-01 -1.101446e+00 2.002940e+00
 -4.576330e-01 -1.422802e+00 2.046041e+00
 -5.731519e-01 -1.749139e+00 1.962112e+00
 -6.546624e-01 -2.041033e+00 1.754207e+00
 -6.859987e-01 -2.270924e+00 1.431108e+00
 -6.752529e-01 -2.368624e+00 1.067796e+00
 -6.281727e-01 -2.333282e+00 6.972062e-01
 -5.480265e-01 -2.172218e+00 3.698706e-01
 -2.646171e-01 -1.479927e+00 -2.655277e-01
 -1.829995e-01 -1.336474e+00 -3.688591e-01
 -7.457468e-02 -1.190047e+00 -4.537531e-01
 4.643165e-02 -1.055146e+00 -5.104572e-01
 5.246658e-01 -5.371958e-01 -6.167400e-01
 6.766828e-01 -4.006943e-01 -7.265485e-01
 1.161488e+00 -2.146249e-01 -1.090398e+00
 1.681089e+00 3.168732e-01 -1.119657e+00
 1.848140e+00 8.864571e-01 -7.860336e-01
 1.590577e+00 1.349912e+00 -3.770242e-01
 1.079076e+00 1.538583e+00 -7.368973e-02
 4.218388e-01 1.388034e+00 8.706545e-02
 2.473824e-01 1.407504e+00 1.523011e-01
 -2.033112e-01 1.616467e+00 4.252761e-01
 -6.318038e-01 1.637935e+00 5.584203e-01
 -1.012665e+00 1.538183e+00 5.765310e-01
 -1.325961e+00 1.336602e+00 4.971192e-01
 -1.534507e+00 1.048811e+00 3.391049e-01
 -1.603783e+00 7.058345e-01 1.355875e-01
 -1.510839e+00 3.442428e-01 -7.033958e-02
 -1.209923e+00 -2.760466e-03 -3.794844e-01
 -1.151669e+00 -2.695931e-01 -6.357769e-01
 -1.156897e+00 -4.106028e-01 -9.992106e-01
 -1.121605e+00 -3.693959e-01 -1.476365e+00
 -1.006186e+00 -1.557955e-01 -1.851739e+00
 -7.955595e-01 1.577759e-01 -2.079555e+00
 -5.487168e-01 5.197709e-01 -2.127127e+00
 -3.265168e-01 8.928345e-01 -1.983222e+00
 -1.673043e-01 1.177587e+00 -1.673669e+00
 -8.023775e-02 1.382390e+00 -1.108592e+00
 2.578973e-02 1.574638e+00 -8.872796e-01
 1.440888e-01 2.084190e+00 -6.146901e-01
 2.725841e-01 2.344939e+00 -2.720082e-01
 4.283465e-01 2.433646e+00 1.127205e-01
 5.711566e-01 2.350030e+00 4.864585e-01
 6.728948e-01 2.109592e+00 8.022515e-01
 7.210390e-01 1.741540e+00 1.009616e+00
 6.959929e-01 1.277584e+00 1.071490e+00
 6.066771e-01 8.544400e-01 9.455169e-01
 2.834783e-01 1.587625e-01 3.247642e-01
 1.754853e-01 1.527163e-02 2.091720e-01
 6.075081e-02 -9.239689e-02 1.579354e-01
 -2.670523e-01 -3.469417e-01 1.556864e-01
 -8.589720e-01 -7.075852e-01 2.663315e-01
 -1.223928e+00 -8.151413e-01 2.606183e-01
 -1.649861e+00 -8.010769e-01 1.158479e-01
 -1.984428e+00 -6.568219e-01 -1.436777e-01
 -2.165031e+00 -4.160251e-01 -4.685612e-01
 -2.164249e+00 -1.246843e-01 -7.879975e-01
 -2.000715e+00 1.892910e-01 -1.025654e+00
 -1.700259e+00 4.585871e-01 -1.157309e+00
 -1.336058e+00 6.078530e-01 -1.189818e+00
 -9.337118e-01 6.091730e-01 -1.163711e+00
 -6.618455e-01 4.840786e-01 -1.102893e+00
 -4.849314e-01 3.639597e-01 -1.107401e+00
 -2.435614e-01 1.160238e-01 -1.204632e+00
 8.328484e-02 -5.114767e-01 -1.552852e+00
 3.486890e-01 -8.436724e-01 -1.591731e+00
 6.226026e-01 -1.099774e+00 -1.487148e+00
 8.760107e-01 -1.269454e+00 -1.260509e+00
 1.109830e+00 -1.316633e+00 -9.466942e-01
 1.288853e+00 -1.223474e+00 -6.357498e-01
 1.378942e+00 -9.701617e-01 -1.717521e-01
 1.501276e+00 -9.517506e-01 2.560731e-01
 1.518667e+00 -1.174132e+00 7.157050e-01
 1.253297e+00 -1.448048e+00 1.090012e+00
 7.273382e-01 -1.605161e+00 1.303900e+00
 2.159276e-01 -1.628150e+00 1.248815e+00
 -2.847933e-01 -1.422554e+00 1.008932e+00
 -5.552577e-01 -1.348753e+00 1.002456e+00
 -8.622605e-01 -1.239104e+00 1.126691e+00
 -1.127069e+00 -9.721589e-01 1.349151e+00
 -1.219929e+00 -6.432535e-01 1.625375e+00
 -1.122776e+00 -2.862764e-01 1.878139e+00
 -8.536734e-01 2.335687e-02 2.054341e+00
 -4.646189e-01 2.451192e-01 2.102766e+00
 -2.074054e-02 3.277303e-01 2.010756e+00
 3.855727e-01 2.409725e-01 1.802224e+00
 6.649074e-01 6.259304e-03 1.516818e+00
 7.536057e-01 -2.984219e-01 1.192185e+00
 5.201675e-01 -9.022936e-01 5.533358e-01
 4.979071e-01 -1.094202e+00 3.953466e-01
 5.735592e-01 -1.441784e+00 2.855656e-01
 8.093670e-01 -1.748338e+00 1.946026e-01
 1.161774e+00 -1.951394e+00 1.238352e-01
 1.547415e+00 -1.983662e+00 5.202750e-02
 1.945830e+00 -1.840995e+00 -4.450001e-02
 2.222903e+00 -1.586418e+00 -1.434070e-01
 2.386260e+00 -1.238530e+00 -2.138403e-01
 2.410964e+00 -8.530116e-01 -2.461553e-01
 2.295797e+00 -4.849385e-01 -2.376497e-01
 2.060432e+00 -1.884347e-01 -1.915607e-01
 1.474043e+00 1.467616e-01 -9.499395e-02
 1.207374e+00 3.254696e-01 -1.533828e-01
 9.539401e-01 5.192636e-01 -3.286520e-01
 8.315363e-01 6.217494e-01 -5.300590e-01
 7.880932e-01 7.905198e-01 -7.750866e-01
 8.086881e-01 9.044073e-01 -9.589095e-01
 9.134856e-01 1.148538e+00 -1.224646e+00
 8.853349e-01 1.503629e+00 -1.459791e+00
 6.920473e-01 1.861155e+00 -1.618671e+00
 3.670386e-01 2.128854e+00 -1.691884e+00
 -2.865974e-02 2.258142e+00 -1.675792e+00
 -4.344249e-01 2.260183e+00 -1.525974e+00
 -7.742537e-01 2.136334e+00 -1.243401e+00
 -9.618462e-01 1.891404e+00 -9.137639e-01
 -9.682967e-01 1.565569e+00 -6.005491e-01
 -6.637088e-01 9.386684e-01 -1.985058e-01
 -5.945846e-01 7.936719e-01 -4.469591e-02
 -5.726586e-01 7.151159e-01 1.079268e-01
