 1.142079e+00 2.316400e+00 2.304665e-01
 1.436333e+00 2.214906e+00 4.912325e-01
 1.642138e+00 1.973494e+00 7.589239e-01
 1.720546e+00 1.626481e+00 9.842895e-01
 1.654149e+00 1.227019e+00 1.124269e+00
 1.448175e+00 8.408877e-01 1.146568e+00
 8.014160e-01 2.142179e-01 9.097961e-01
 4.716859e-01 -2.868993e-02 7.094147e-01
 1.724444e-01 -1.366801e-01 6.363031e-01
 -3.573582e-02 -1.776601e-01 6.379064e-01
 -2.615867e-01 -2.356416e-01 7.160063e-01
 -7.106029e-01 -3.170009e-01 1.004767e+00
 -1.194369e+00 -3.463679e-01 1.011525e+00
 -1.655474e+00 -2.104898e-01 8.461374e-01
 -1.953715e+00 5.045378e-02 5.415946e-01
 -2.020134e+00 3.922703e-01 2.095475e-01
 -1.926119e+00 7.167718e-01 7.613916e-02
 -1.905205e+00 9.810282e-01 5.419181e-02
 -1.957816e+00 1.256595e+00 -6.293122e-02
 -1.951965e+00 1.476175e+00 -2.548842e-01
 -1.839730e+00 1.668083e+00 -5.147636e-01
 -1.606560e+00 1.805927e+00 -8.029552e-01
 -1.306770e+00 1.833853e+00 -1.030446e+00
 -9.585956e-01 1.745714e+00 -1.185040e+00
 -6.100050e-01 1.542786e+00 -1.233390e+00
 2.149048e-02 9.095795e-01 -1.054915e+00
 2.369551e-01 7.101891e-01 -9.185016e-01
 4.460763e-01 5.463900e-01 -7.133864e-01
 8.741591e-01 3.554336e-01 -1.488610e-01
 1.282465e+00 2.620013e-01 2.313117e-02
 1.685617e+00 2.407601e-01 7.444595e-03
 2.093584e+00 1.342000e-01 -2.037795e-01
 2.347783e+00 -4.373666e-02 -5.625922e-01
 2.388778e+00 -2.885424e-01 -9.864305e-01
 2.205773e+00 -5.520761e-01 -1.352361e+00
 1.851057e+00 -7.986245e-01 -1.569110e+00
 1.429392e+00 -9.710328e-01 -1.589879e+00
 1.054599e+00 -1.065381e+00 -1.433442e+00
 8.411349e-01 -1.115412e+00 -1.198805e+00
 7.458215e-01 -1.218014e+00 -9.825603e-01
 6.144919e-01 -1.375070e+00 -8.201423e-01
 3.844262e-01 -1.482032e+00 -6.717252e-01
 7.861754e-02 -1.477420e+00 -4.825823e-01
 -1.583983e-01 -1.372618e+00 -3.254394e-01
 -3.148775e-01 -1.229589e+00 -1.607677e-01
 -4.883530e-01 -1.108984e+00 1.168724e-01
 -6.290913e-01 -1.117803e+00 3.334196e-01
 -7.607753e-01 -1.229310e+00 5.863582e-01
 -7.735226e-01 -1.415004e+00 9.818098e-01
 -5.892330e-01 -1.648093e+00 1.332238e+00
 -2.180177e-01 -1.846045e+00 1.572057e+00
 2.614385e-01 -1.915641e+00 1.652243e+00
 7.407679e-01 -1.823544e+00 1.554901e+00
 1.106340e+00 -1.612051e+00 1.275678e+00
 1.262034e+00 -1.333706e+00 8.794168e-01
 1.167837e+00 -1.050701e+00 4.656473e-01
 4.459293e-01 -5.468557e-01 -2.620872e-01
 1.588536e-01 -4.188152e-01 -6.402232e-01
 -1.532313e-01 -6.891629e-01 -1.146773e+00
 -1.538915e-01 -1.229483e+00 -1.537917e+00
 1.563685e-01 -1.738061e+00 -1.687005e+00
 6.190939e-01 -2.036769e+00 -1.621220e+00
 1.054312e+00 -2.107901e+00 -1.404525e+00
 1.384298e+00 -1.996805e+00 -1.155263e+00
 1.589916e+00 -1.781198e+00 -9.346981e-01
 1.685468e+00 -1.520524e+00 -7.549031e-01
 1.695578e+00 -1.241272e+00 -6.344848e-01
 1.638389e+00 -9.672266e-01 -5.738206e-01
 1.532705e+00 -7.024236e-01 -5.829052e-01
 1.437431e+00 -5.171637e-01 -6.518145e-01
 1.363259e+00 -3.250529e-01 -7.962491e-01
 1.368545e+00 -1.264074e-01 -9.248680e-01
 1.453380e+00 2.228465e-01 -1.017274e+00
 1.521080e+00 5.391512e-01 -9.694121e-01
 1.526212e+00 8.916248e-01 -7.731663e-01
 1.437364e+00 1.172299e+00 -4.733389e-01
 1.292598e+00 1.304120e+00 -1.183825e-01
 9.729417e-01 1.292628e+00 3.494152e-01
 7.442935e-01 1.453646e+00 6.416792e-01
 4.567066e-01 1.695526e+00 7.704001e-01
 8.383147e-02 1.846942e+00 7.621392e-01
 -3.759709e-01 1.853236e+00 6.234841e-01
 -7.180758e-01 1.736058e+00 3.811811e-01
 -9.264120e-01 1.514866e+00 6.640133e-02
 -9.823530e-01 1.109247e+00 -3.777123e-01
 -1.178115e+00 8.540370e-01 -6.548759e-01
 -1.600179e+00 7.422966e-01 -9.174479e-01
 -2.143642e+00 7.191777e-01 -9.373033e-01
 -2.604980e+00 7.656409e-01 -7.021128e-01
 -2.878796e+00 8.406117e-01 -2.977548e-01
 -2.933706e+00 9.261545e-01 1.556217e-01
 -2.795870e+00 9.886292e-01 5.661030e-01
 -2.520393e+00 1.013053e+00 8.713025e-01
 -2.161717e+00 9.894093e-01 1.045359e+00
 -1.770705e+00 9.357870e-01 1.070128e+00
 -1.396089e+00 8.301825e-01 9.456680e-01
 -1.108243e+00 6.598410e-01 6.901346e-01
 -1.004337e+00 4.882577e-01 4.241379e-01
 -9.981085e-01 2.831312e-01 2.014135e-01
 -1.046950e+00 2.158704e-02 2.988277e-02
 -1.387447e+00 -7.849425e-01 -2.610760e-01
 -1.428519e+00 -1.138965e+00 -3.023233e-01
 -1.354443e+00 -1.516470e+00 -2.703666e-01
 -1.145430e+00 -1.865793e+00 -1.499473e-01
 -8.050249e-01 -2.110555e+00 5.428995e-02
 -4.054104e-01 -2.152092e+00 2.984706e-01
 -6.869057e-02 -1.998053e+00 4.826167e-01
 1.682928e-01 -1.704314e+00 6.257369e-01
 2.383783e-01 -1.464738e+00 7.217652e-01
 2.284687e-01 -1.213243e+00 8.745322e-01
 2.432526e-01 -8.269928e-01 1.384982e+00
 1.913023e-01 -4.715626e-01 1.607257e+00
 1.147223e-01 -9.404026e-02 1.668633e+00
 8.770732e-04 2.469797e-01 1.586869e+00
 -9.433992e-02 5.446825e-01 1.363656e+00
 -1.258737e-01 7.750678e-01 1.007795e+00
 -6.057150e-02 9.094522e-01 2.946221e-01
 2.477006e-02 1.143066e+00 -1.731722e-02
 9.261086e-02 1.402339e+00 -1.791893e-01
 2.717742e-01 1.749283e+00 -2.492900e-01
 5.328651e-01 2.066846e+00 -1.846423e-01
 8.186978e-01 2.260523e+00 -1.459220e-02
