 9.610282e-01 1.704582e+00 8.718583e-01
 7.047576e-01 1.794690e+00 6.851831e-01
 2.679561e-01 1.782593e+00 2.873416e-01
 1.714938e-02 1.927937e+00 6.057962e-02
 -8.673352e-02 2.108153e+00 -2.474315e-01
 -5.552798e-02 2.218378e+00 -6.964783e-01
 1.067215e-01 2.163087e+00 -1.128167e+00
 3.266129e-01 1.924858e+00 -1.455094e+00
 5.690140e-01 1.540864e+00 -1.621467e+00
 7.784737e-01 1.123302e+00 -1.574905e+00
 9.250960e-01 7.523367e-01 -1.331277e+00
 1.079750e+00 3.209750e-01 -6.131662e-01
 1.366345e+00 1.092067e-01 -3.639223e-01
 1.605076e+00 -1.108454e-01 -3.028900e-01
 1.806387e+00 -4.802370e-01 -3.577887e-01
 1.854259e+00 -8.939485e-01 -5.151089e-01
 1.702925e+00 -1.282369e+00 -7.000228e-01
 1.384002e+00 -1.560728e+00 -8.324679e-01
 9.909165e-01 -1.691235e+00 -8.897012e-01
 5.649124e-01 -1.654273e+00 -9.069792e-01
 1.911087e-01 -1.455549e+00 -8.793237e-01
 -4.381988e-02 -1.156950e+00 -8.369812e-01
 -2.241028e-01 -9.667243e-01 -8.592451e-01
 -4.550156e-01 -8.379958e-01 -9.259761e-01
 -7.925544e-01 -6.427249e-01 -1.219221e+00
 -1.130984e+00 -4.346298e-01 -1.321253e+00
 -1.476171e+00 -2.392412e-01 -1.265113e+00
 -1.758424e+00 -5.944763e-02 -1.067923e+00
 -1.935880e+00 1.010890e-01 -7.489935e-01
 -1.994080e+00 1.816661e-01 -3.405640e-01
 -1.936578e+00 1.517994e-01 4.649265e-02
 -1.810418e+00 8.353475e-03 3.658272e-01
 -1.670065e+00 -1.925140e-01 5.475423e-01
 -1.559400e+00 -5.155841e-01 6.654241e-01
 -1.623092e+00 -1.059066e+00 7.960449e-01
 -1.474513e+00 -1.507965e+00 8.128841e-01
 -1.125361e+00 -1.846265e+00 8.352254e-01
 -6.383907e-01 -1.995717e+00 8.066187e-01
 -1.363083e-01 -1.885831e+00 7.238819e-01
 2.289958e-01 -1.545285e+00 7.141270e-01
 3.858253e-01 -1.198645e+00 8.656324e-01
 5.624222e-01 -9.497362e-01 1.186575e+00
 6.039473e-01 -6.853109e-01 1.396028e+00
 6.249980e-01 -3.299923e-01 1.507278e+00
 6.150906e-01 3.715474e-02 1.487441e+00
 5.831142e-01 3.952529e-01 1.329060e+00
 5.419440e-01 6.262374e-01 1.076720e+00
 5.577178e-01 7.525511e-01 7.622544e-01
 7.719302e-01 8.272495e-01 3.417244e-01
 1.337015e+00 1.071164e+00 4.602618e-02
 1.601157e+00 1.107235e+00 -1.842693e-01
 1.821214e+00 1.035436e+00 -4.550776e-01
 1.969799e+00 8.611457e-01 -7.305707e-01
 2.028845e+00 6.042695e-01 -9.732891e-01
 1.979107e+00 2.967743e-01 -1.168462e+00
 1.817985e+00 5.231194e-03 -1.295577e+00
 1.577611e+00 -2.396614e-01 -1.333991e+00
 1.272085e+00 -4.622121e-01 -1.245526e+00
 1.024418e+00 -6.007937e-01 -1.060324e+00
 8.820506e-01 -6.666695e-01 -8.299562e-01
 8.221788e-01 -7.390963e-01 -5.027361e-01
 8.747524e-01 -9.647529e-01 -1.499746e-01
 1.236101e+00 -1.424100e+00 3.484840e-01
 1.288515e+00 -1.641535e+00 6.720857e-01
 1.201960e+00 -1.806719e+00 1.019586e+00
 9.859948e-01 -1.900298e+00 1.336863e+00
 6.729865e-01 -1.907768e+00 1.576088e+00
 3.182414e-01 -1.817009e+00 1.706429e+00
 -2.075519e-02 -1.623811e+00 1.726478e+00
 -2.830821e-01 -1.385744e+00 1.626659e+00
 -5.063070e-01 -1.134180e+00 1.370516e+00
 -6.006897e-01 -9.708415e-01 1.022345e+00
 -6.046345e-01 -9.502874e-01 6.707324e-01
 -6.556229e-01 -1.069222e+00 3.146431e-01
 -6.906473e-01 -1.284263e+00 5.754663e-02
 -8.504117e-01 -1.642360e+00 -4.081770e-01
 -8.639349e-01 -1.773074e+00 -7.986809e-01
 -7.820726e-01 -1.770652e+00 -1.194475e+00
 -6.008539e-01 -1.644076e+00 -1.548805e+00
 -3.597645e-01 -1.434225e+00 -1.772150e+00
 -1.115834e-01 -1.133349e+00 -1.863607e+00
 7.295098e-02 -7.765787e-01 -1.818154e+00
 1.668223e-01 -4.307835e-01 -1.642225e+00
 1.723852e-01 -1.536029e-01 -1.357034e+00
 3.567369e-02 3.058215e-01 -2.842737e-01
 -6.310404e-02 4.656050e-01 -1.035749e-01
 -2.390292e-01 6.917685e-01 1.182556e-01
 -5.262075e-01 1.297214e+00 7.156171e-01
 -5.360339e-01 1.658290e+00 9.142054e-01
 -4.283829e-01 2.045079e+00 9.996209e-01
 -2.253130e-01 2.396400e+00 9.571196e-01
 3.622356e-02 2.658785e+00 7.933341e-01
 3.119479e-01 2.793590e+00 5.360533e-01
 5.682134e-01 2.778303e+00 2.423898e-01
 7.856707e-01 2.616784e+00 -3.764787e-02
 9.164648e-01 2.339868e+00 -2.801699e-01
 9.313489e-01 2.007710e+00 -4.551574e-01
 8.209994e-01 1.680826e+00 -5.658176e-01
 6.364253e-01 1.437816e+00 -5.990136e-01
 4.551237e-01 1.318775e+00 -6.160104e-01
 2.504849e-01 1.232612e+00 -6.895035e-01
 1.367461e-02 1.188497e+00 -8.010676e-01
 -1.836978e-01 1.131806e+00 -8.504639e-01
 -3.847385e-01 1.037818e+00 -8.684433e-01
 -5.759459e-01 9.068789e-01 -8.516303e-01
 -7.331289e-01 7.506355e-01 -8.023683e-01
 -8.540977e-01 5.662663e-01 -7.228012e-01
 -9.299075e-01 3.645031e-01 -6.138270e-01
 -9.570051e-01 9.212578e-02 -4.459364e-01
 -1.021452e+00 -1.399259e-01 -3.460639e-01
 -1.128399e+00 -3.720671e-01 -2.893863e-01
 -1.331275e+00 -6.154438e-01 -3.256749e-01
 -1.573158e+00 -7.608924e-01 -3.203589e-01
 -1.883372e+00 -8.314609e-01 -2.518972e-01
 -2.189047e+00 -8.332830e-01 -9.025477e-02
 -2.416960e+00 -7.781888e-01 1.413358e-01
 -2.554102e+00 -6.942717e-01 4.250867e-01
 -2.589575e+00 -5.969126e-01 7.399539e-01
 -2.523404e+00 -4.867903e-01 1.033931e+00
 -2.367500e+00 -3.619621e-01 1.283598e+00
 -2.138758e+00 -2.369413e-01 1.464873e+00
 -1.859825e+00 -1.252096e-01 1.562183e+00
 -1.556822e+00 -3.858007e-02 1.567873e+00
 -1.258327e+00 1.328021e-02 1.482351e+00
 -4.528718e-01 3.120947e-02 9.825665e-01
 -2.170165e-01 -2.819836e-02 8.175551e-01
 1.119243e-01 -2.008726e-01 6.274561e-01
 4.617345e-01 -2.166753e-01 4.824163e-01
 8.029856e-01 -2.137330e-01 5.063930e-01
 1.115376e+00 -1.183628e-01 6.060532e-01
 1.358368e+00 7.565586e-02 7.437419e-01
 1.508420e+00 3.376837e-01 8.878570e-01
 1.558913e+00 6.703290e-01 1.025087e+00
 1.504774e+00 9.658202e-01 1.101369e+00
 1.374622e+00 1.265672e+00 1.101954e+00
 1.194214e+00 1.519248e+00 1.019410e+00
