 -1.067201e+00 -1.729645e+00 5.990383e-01
 -1.334657e+00 -1.900008e+00 1.796258e-01
 -1.450681e+00 -1.859322e+00 -3.260066e-01
 -1.361190e+00 -1.637129e+00 -7.989200e-01
 -1.068448e+00 -1.309424e+00 -1.115697e+00
 -6.537837e-01 -9.568927e-01 -1.181234e+00
 1.218808e-01 -3.593995e-01 -7.729350e-01
 2.403019e-01 -2.970653e-01 -7.485325e-01
 4.886943e-01 -2.110452e-01 -7.600500e-01
 1.014191e+00 -1.234468e-01 -8.398174e-01
 1.329682e+00 4.123700e-02 -8.385266e-01
 1.576232e+00 3.074943e-01 -8.178202e-01
 1.715559e+00 6.389902e-01 -7.871129e-01
 1.732673e+00 9.872177e-01 -7.668959e-01
 1.630404e+00 1.318826e+00 -7.256129e-01
 1.431317e+00 1.578513e+00 -6.560783e-01
 1.102122e+00 1.774735e+00 -5.922176e-01
 7.483879e-01 1.843705e+00 -5.880035e-01
 4.422507e-01 1.810904e+00 -6.552219e-01
 1.711090e-01 1.715907e+00 -8.379025e-01
 -1.541867e-01 1.728429e+00 -1.282524e+00
 -4.244246e-01 1.549440e+00 -1.583356e+00
 -7.490109e-01 1.246925e+00 -1.727440e+00
 -1.027713e+00 8.920953e-01 -1.675600e+00
 -1.175456e+00 5.212718e-01 -1.461573e+00
 -1.166093e+00 1.900348e-01 -1.101720e+00
 -1.011518e+00 1.560659e-02 -6.960995e-01
 -7.043163e-01 6.551016e-03 -2.920191e-01
 -5.430689e-01 -6.733979e-02 -5.757935e-02
 -5.023565e-01 -1.098441e-01 1.137097e-01
 -5.369440e-01 -2.134009e-01 4.398881e-01
 -6.328436e-01 -3.131714e-01 6.890802e-01
 -1.047191e+00 -6.138066e-01 1.244285e+00
 -1.188398e+00 -8.713115e-01 1.469492e+00
 -1.241020e+00 -1.203332e+00 1.625477e+00
 -1.197097e+00 -1.565328e+00 1.692024e+00
 -1.053180e+00 -1.940187e+00 1.654772e+00
 -8.539942e-01 -2.216162e+00 1.524497e+00
 -6.272239e-01 -2.395342e+00 1.305466e+00
 -3.999787e-01 -2.447689e+00 1.045226e+00
 -1.691330e-01 -2.369626e+00 7.806386e-01
 -9.972380e-04 -2.228163e+00 6.243340e-01
 1.803301e-01 -2.058798e+00 5.655636e-01
 3.779875e-01 -1.955423e+00 5.300999e-01
 7.477378e-01 -1.833465e+00 5.342738e-01
 1.014089e+00 -1.637538e+00 5.302960e-01
 1.208926e+00 -1.377282e+00 4.810379e-01
 1.307647e+00 -1.085695e+00 4.021060e-01
 1.305800e+00 -7.838599e-01 3.114075e-01
 1.204366e+00 -5.113438e-01 2.267420e-01
 1.008903e+00 -2.607824e-01 1.786332e-01
 7.848774e-01 -9.404615e-02 2.032524e-01
 6.008658e-01 3.690529e-03 2.664919e-01
 4.016390e-01 1.785033e-01 4.659761e-01
 1.859285e-01 4.742801e-01 9.475330e-01
 2.755139e-02 7.644047e-01 1.150243e+00
 -1.826866e-01 1.091211e+00 1.216818e+00
 -3.920788e-01 1.415748e+00 1.131350e+00
 -5.707251e-01 1.686215e+00 8.991539e-01
 -6.675173e-01 1.856259e+00 5.688362e-01
 -6.274607e-01 1.943911e+00 2.373916e-01
 -4.693069e-01 2.062784e+00 -2.383301e-02
 -2.865703e-01 2.536267e+00 -4.284911e-01
 -7.349831e-02 2.711984e+00 -7.422356e-01
 1.973880e-01 2.729398e+00 -1.059568e+00
 4.802871e-01 2.589379e+00 -1.322517e+00
 7.088797e-01 2.311746e+00 -1.512329e+00
 8.444571e-01 1.940910e+00 -1.604665e+00
 8.801980e-01 1.536431e+00 -1.568176e+00
 8.297120e-01 1.151822e+00 -1.379375e+00
 7.596261e-01 9.031375e-01 -1.063288e+00
 7.018916e-01 8.324720e-01 -7.090430e-01
 7.924164e-01 8.187723e-01 -3.739560e-01
 1.063853e+00 8.834331e-01 5.463767e-02
 1.211732e+00 8.170850e-01 3.664489e-01
 1.288293e+00 6.568809e-01 6.663542e-01
 1.291697e+00 4.172456e-01 9.188234e-01
 1.216925e+00 1.388904e-01 1.097785e+00
 1.063897e+00 -1.331351e-01 1.190117e+00
 8.417523e-01 -4.123753e-01 1.179845e+00
 6.181139e-01 -6.415439e-01 1.057116e+00
 4.133418e-01 -8.307559e-01 8.170601e-01
 2.923822e-01 -9.221581e-01 5.370388e-01
 2.740493e-01 -9.662902e-01 2.428595e-01
 5.904123e-01 -1.216765e+00 -4.848920e-01
 6.745116e-01 -1.215686e+00 -8.595642e-01
 6.822920e-01 -1.105973e+00 -1.212564e+00
 6.237458e-01 -9.068762e-01 -1.498438e+00
 5.257653e-01 -6.312076e-01 -1.688811e+00
 3.798960e-01 -3.091464e-01 -1.768773e+00
 1.980660e-01 5.987445e-03 -1.723590e+00
 1.098871e-02 2.844916e-01 -1.552986e+00
 -3.065773e-01 7.523370e-01 -9.335068e-01
 -4.813562e-01 8.931062e-01 -7.833600e-01
 -6.738058e-01 1.034384e+00 -7.243234e-01
 -1.277766e+00 1.777006e+00 -5.766538e-01
 -1.406346e+00 2.121674e+00 -4.335517e-01
 -1.403748e+00 2.454332e+00 -2.159875e-01
 -1.271743e+00 2.720626e+00 5.003555e-02
 -1.022598e+00 2.885243e+00 3.111598e-01
 -6.866285e-01 2.926477e+00 5.229956e-01
 -3.121904e-01 2.832718e+00 6.529579e-01
 3.221553e-02 2.602713e+00 6.970954e-01
 2.771064e-01 2.262541e+00 6.534641e-01
 3.752422e-01 1.867655e+00 5.290761e-01
 2.940655e-01 1.486507e+00 3.632958e-01
 6.808634e-02 1.202222e+00 2.262243e-01
 -1.428598e-01 1.059176e+00 1.719997e-01
 -4.334718e-01 9.138878e-01 2.413376e-01
 -8.155519e-01 8.332160e-01 3.273372e-01
 -1.103376e+00 6.662858e-01 3.821552e-01
 -1.331210e+00 4.332485e-01 3.849020e-01
 -1.481835e+00 1.539018e-01 3.406106e-01
 -1.540716e+00 -1.446780e-01 2.580209e-01
 -1.501798e+00 -4.230329e-01 1.694195e-01
 -1.358690e+00 -6.886020e-01 6.530046e-02
 -1.134871e+00 -8.950463e-01 -5.633062e-02
 -8.255033e-01 -1.042824e+00 -1.402001e-01
 -6.343605e-01 -1.192179e+00 -1.727335e-01
 -4.692951e-01 -1.518940e+00 -2.630969e-01
 -2.325200e-02 -2.172612e+00 -4.224179e-01
 1.967812e-01 -2.443190e+00 -3.744444e-01
 4.142853e-01 -2.671784e+00 -2.120901e-01
 5.997181e-01 -2.832343e+00 4.876632e-02
 7.319291e-01 -2.901076e+00 3.788216e-01
 7.888676e-01 -2.867607e+00 7.393280e-01
 7.646249e-01 -2.729564e+00 1.080171e+00
 6.728573e-01 -2.489211e+00 1.354251e+00
 5.071775e-01 -2.182739e+00 1.525268e+00
 2.751260e-01 -1.864225e+00 1.562405e+00
 1.641074e-02 -1.598707e+00 1.457951e+00
 -2.607923e-01 -1.437767e+00 1.245029e+00
 -4.334540e-01 -1.406974e+00 1.030677e+00
 -6.267714e-01 -1.459149e+00 8.393889e-01
