 -1.747254e+00 8.944250e-01 -6.573745e-01
 -1.990889e+00 1.011438e+00 -3.495708e-01
 -2.128854e+00 1.025280e+00 4.415394e-02
 -2.122313e+00 9.435210e-01 4.457284e-01
 -1.973538e+00 7.778529e-01 7.950929e-01
 -1.691530e+00 5.605765e-01 1.041271e+00
 -1.342214e+00 3.470659e-01 1.130189e+00
 -9.827405e-01 1.470515e-01 1.050446e+00
 -3.691777e-01 -1.381394e-01 5.941342e-01
 -1.598036e-01 -2.946626e-01 4.256390e-01
 -7.370830e-02 -4.172869e-01 3.459491e-01
 6.737971e-03 -6.416793e-01 2.746746e-01
 8.221793e-02 -9.330923e-01 2.511244e-01
 1.393952e-01 -1.704562e+00 3.409477e-01
 2.861990e-01 -2.037679e+00 4.472707e-01
 5.403222e-01 -2.285059e+00 5.924502e-01
 8.698082e-01 -2.408813e+00 7.565755e-01
 1.238327e+00 -2.384846e+00 9.193396e-01
 1.562979e+00 -2.220470e+00 1.053066e+00
 1.801200e+00 -1.933392e+00 1.156678e+00
 1.931026e+00 -1.556596e+00 1.184055e+00
 1.941403e+00 -1.156273e+00 1.116325e+00
 1.811566e+00 -7.956770e-01 9.818169e-01
 1.559288e+00 -5.317438e-01 8.027287e-01
 9.827120e-01 -3.111181e-01 3.964403e-01
 8.657138e-01 -1.211560e-01 1.477254e-01
 8.022128e-01 4.613422e-02 1.135260e-02
 7.835233e-01 1.774705e-01 -6.300650e-02
 7.771200e-01 5.901968e-01 -3.348139e-01
 7.120721e-01 8.002502e-01 -4.587912e-01
 5.915345e-01 9.991403e-01 -5.548935e-01
 4.244985e-01 1.173505e+00 -6.174304e-01
 2.176218e-01 1.311710e+00 -6.494273e-01
 -1.018758e-02 1.403073e+00 -6.457302e-01
 -6.005064e-01 1.493572e+00 -5.856767e-01
 -8.915236e-01 1.656618e+00 -6.439295e-01
 -1.061725e+00 1.747486e+00 -7.460676e-01
 -1.307957e+00 1.797495e+00 -9.630302e-01
 -1.492330e+00 1.762336e+00 -1.165318e+00
 -1.660418e+00 1.643182e+00 -1.362456e+00
 -1.799787e+00 1.454380e+00 -1.523325e+00
 -1.898192e+00 1.208826e+00 -1.635870e+00
 -1.957302e+00 9.063182e-01 -1.690869e+00
 -1.958554e+00 6.254732e-01 -1.681932e+00
 -1.902745e+00 3.575785e-01 -1.621647e+00
 -1.796023e+00 1.236538e-01 -1.514643e+00
 -1.647980e+00 -5.946857e-02 -1.368725e+00
 -1.471717e+00 -1.785584e-01 -1.195068e+00
 -1.120871e+00 -2.715102e-01 -8.197252e-01
 -9.656990e-01 -3.647830e-01 -5.496041e-01
 -9.135728e-01 -4.352853e-01 -3.951705e-01
 -9.048143e-01 -5.228841e-01 -2.560510e-01
 -9.935789e-01 -8.119421e-01 1.102052e-01
 -9.316329e-01 -9.901127e-01 4.897093e-01
 -7.443678e-01 -1.054756e+00 8.525117e-01
 -4.451347e-01 -1.007027e+00 1.132646e+00
 -6.217455e-02 -8.614481e-01 1.279545e+00
 4.016490e-01 -5.812429e-01 1.264630e+00
 6.021224e-01 -4.976071e-01 1.348391e+00
 7.879158e-01 -3.761689e-01 1.485623e+00
 9.244361e-01 -1.621478e-01 1.656567e+00
 9.849140e-01 1.420205e-01 1.808105e+00
 9.652761e-01 4.724831e-01 1.882325e+00
 8.854302e-01 7.736888e-01 1.871749e+00
 7.561333e-01 1.044231e+00 1.777783e+00
 6.001773e-01 1.262776e+00 1.599824e+00
 4.432371e-01 1.404182e+00 1.351420e+00
 2.864214e-01 1.446689e+00 1.060387e+00
 1.407311e-01 1.381207e+00 7.630458e-01
 2.346340e-02 1.213721e+00 4.943126e-01
 -1.501504e-01 6.850488e-01 5.993160e-02
 -2.362901e-01 5.280949e-01 -1.745799e-01
 -2.857838e-01 1.840530e-01 -1.185041e+00
 -2.278935e-01 -9.600361e-02 -1.509714e+00
 -3.803822e-02 -4.385813e-01 -1.717580e+00
 2.314853e-01 -7.727953e-01 -1.755975e+00
 5.004792e-01 -1.065714e+00 -1.612470e+00
 7.521969e-01 -1.260819e+00 -1.308259e+00
 9.771671e-01 -1.280602e+00 -9.371855e-01
 1.132829e+00 -1.144492e+00 -6.433392e-01
 1.293520e+00 -8.800367e-01 -4.482142e-01
 1.659732e+00 -5.440002e-01 -3.532089e-01
 1.819823e+00 -1.631754e-01 -2.329750e-01
 1.824586e+00 2.142488e-01 1.051030e-02
 1.681378e+00 4.803182e-01 3.287140e-01
 1.385086e+00 6.242063e-01 6.384214e-01
 9.842320e-01 6.438004e-01 8.263599e-01
 4.862262e-01 4.447015e-01 9.678970e-01
 2.505538e-01 4.278720e-01 1.141670e+00
 5.077914e-02 3.670425e-01 1.430891e+00
 -4.169904e-02 1.852356e-01 1.776447e+00
 -9.588858e-03 -1.083162e-01 2.083032e+00
 1.240465e-01 -4.731880e-01 2.263634e+00
 3.190239e-01 -8.406879e-01 2.276219e+00
 5.359823e-01 -1.166790e+00 2.118605e+00
 7.151230e-01 -1.404357e+00 1.811449e+00
 8.416835e-01 -1.497657e+00 1.411387e+00
 9.709243e-01 -1.385895e+00 8.563363e-01
 1.083054e+00 -1.417406e+00 6.163351e-01
 1.270138e+00 -1.490771e+00 3.974023e-01
 1.662460e+00 -1.635584e+00 1.311859e-01
 1.921709e+00 -1.636702e+00 -1.583458e-01
 2.083554e+00 -1.540164e+00 -5.002330e-01
 2.120588e+00 -1.364212e+00 -8.470183e-01
 2.028779e+00 -1.136813e+00 -1.143819e+00
 1.836546e+00 -8.659710e-01 -1.341274e+00
 1.576981e+00 -5.906572e-01 -1.406939e+00
 1.266029e+00 -3.649330e-01 -1.340347e+00
 9.249094e-01 -2.444531e-01 -1.155595e+00
 6.330397e-01 -2.808327e-01 -9.481918e-01
 3.838276e-01 -4.651236e-01 -7.592149e-01
 1.259573e-01 -6.795047e-01 -7.279377e-01
 -3.962171e-01 -1.190811e+00 -8.645349e-01
 -8.585183e-01 -1.342331e+00 -8.845637e-01
 -1.359160e+00 -1.291586e+00 -7.830465e-01
 -1.728095e+00 -1.076359e+00 -5.996773e-01
 -1.926886e+00 -7.387114e-01 -3.732275e-01
 -1.919472e+00 -3.270842e-01 -1.482736e-01
 -1.689444e+00 7.049374e-02 4.857522e-02
 -1.342274e+00 3.483570e-01 1.037569e-01
 -1.219122e+00 5.109503e-01 1.242052e-01
 -9.368471e-01 1.569844e+00 3.837740e-01
 -7.547150e-01 1.907859e+00 3.496120e-01
 -5.623195e-01 2.210574e+00 1.620821e-01
 -4.007098e-01 2.414447e+00 -1.480013e-01
 -2.970202e-01 2.488349e+00 -5.321410e-01
 -2.692097e-01 2.421716e+00 -9.301381e-01
 -3.212375e-01 2.227340e+00 -1.276059e+00
 -4.123086e-01 1.928010e+00 -1.512440e+00
 -5.421651e-01 1.555311e+00 -1.614707e+00
 -7.224428e-01 1.200916e+00 -1.563137e+00
 -9.478468e-01 9.194678e-01 -1.372440e+00
 -1.125572e+00 7.879799e-01 -1.117550e+00
 -1.341972e+00 7.774683e-01 -8.748442e-01
