 -8.062873e-01 1.082583e+00 -6.108897e-01
 -7.653504e-01 1.055245e+00 -9.059192e-01
 -6.638578e-01 9.445193e-01 -1.148004e+00
 -5.149516e-01 7.820016e-01 -1.336278e+00
 -3.090075e-01 5.625562e-01 -1.465710e+00
 -8.125365e-02 3.423261e-01 -1.494995e+00
 1.500433e-01 1.246871e-01 -1.422157e+00
 3.501556e-01 -4.582939e-02 -1.266871e+00
 4.621593e-01 -1.806560e-01 -1.086961e+00
 5.173522e-01 -2.945112e-01 -9.840249e-01
 5.852790e-01 -4.677946e-01 -8.881898e-01
 6.484712e-01 -6.424796e-01 -8.402252e-01
 6.830721e-01 -8.151679e-01 -8.306555e-01
 7.027806e-01 -9.503570e-01 -8.493081e-01
 7.453765e-01 -1.808602e+00 -9.463854e-01
 7.003193e-01 -2.184538e+00 -8.586742e-01
 5.947440e-01 -2.498175e+00 -6.517954e-01
 4.419955e-01 -2.702900e+00 -3.539554e-01
 2.627213e-01 -2.766036e+00 -1.027681e-02
 1.093605e-01 -2.679935e+00 3.368076e-01
 -5.459696e-03 -2.453000e+00 6.364914e-01
 -1.003980e-01 -2.103206e+00 8.333515e-01
 -1.506982e-01 -1.700383e+00 8.817918e-01
 -1.565102e-01 -1.309778e+00 7.711089e-01
 -1.322784e-01 -1.001080e+00 5.226608e-01
 -9.916878e-02 -7.590394e-01 7.714497e-02
 -4.396066e-01 -9.325629e-01 -1.067278e+00
 3.181084e-01 -9.477211e-01 -1.924615e+00
 1.402243e+00 -5.353545e-01 -1.707938e+00
 1.696527e+00 -1.694193e-01 -6.258082e-01
 1.802223e+00 -1.393890e-01 -4.435842e-01
 1.936600e+00 -7.476392e-02 -2.872842e-01
 2.274835e+00 1.271149e-01 -1.002665e-02
 2.466777e+00 2.306847e-01 3.467008e-01
 2.527179e+00 2.418298e-01 7.627332e-01
 2.443769e+00 1.558442e-01 1.169256e+00
 2.223898e+00 -1.174943e-02 1.496633e+00
 1.897216e+00 -2.247008e-01 1.682575e+00
 1.520665e+00 -4.469225e-01 1.690954e+00
 1.172476e+00 -6.571171e-01 1.512975e+00
 9.278330e-01 -8.175339e-01 1.178064e+00
 8.420791e-01 -9.185091e-01 7.366007e-01
 9.025963e-01 -8.835169e-01 3.661636e-01
 1.084651e+00 -9.102683e-01 9.683578e-02
 1.825913e+00 -1.183708e+00 -3.930946e-01
 2.322267e+00 -1.017611e+00 -6.741707e-01
 2.631709e+00 -5.632265e-01 -9.180856e-01
 2.629860e+00 1.925984e-02 -1.068015e+00
 2.344660e+00 5.505879e-01 -1.026305e+00
 1.879726e+00 8.572314e-01 -7.690263e-01
 1.374802e+00 8.166312e-01 -4.145595e-01
 7.020936e-01 1.404800e-01 1.449989e-01
 6.857578e-02 -1.958392e-01 1.093391e+00
 -3.637063e-01 -2.985523e-01 1.317237e+00
 -8.683487e-01 -1.940848e-01 1.401032e+00
 -1.325594e+00 5.554094e-02 1.258021e+00
 -1.578004e+00 3.927557e-01 9.158959e-01
 -1.541206e+00 7.615793e-01 6.090758e-01
 -1.385956e+00 1.086815e+00 5.242711e-01
 -1.335218e+00 1.347788e+00 5.456785e-01
 -1.389925e+00 1.639050e+00 5.621160e-01
 -1.542096e+00 1.934043e+00 5.068142e-01
 -1.771821e+00 2.168753e+00 3.804352e-01
 -2.013580e+00 2.300968e+00 1.990620e-01
 -2.238299e+00 2.343630e+00 -5.638303e-02
 -2.405349e+00 2.292395e+00 -3.495797e-01
 -2.499821e+00 2.147479e+00 -6.487730e-01
 -2.518470e+00 1.913994e+00 -9.158919e-01
 -2.461890e+00 1.615407e+00 -1.108626e+00
 -2.330370e+00 1.289960e+00 -1.202730e+00
 -2.134914e+00 9.821366e-01 -1.186423e+00
 -1.282802e+00 1.644196e-01 -8.055228e-01
 -8.103847e-01 4.255296e-02 -6.595588e-01
 -3.900514e-01 1.534791e-01 -5.365177e-01
 -6.130750e-02 3.980406e-01 -4.509985e-01
 1.899136e-01 7.692683e-01 -5.936603e-01
 2.401852e-01 1.180368e+00 -7.216839e-01
 8.578561e-02 1.613288e+00 -7.696176e-01
 -2.420849e-01 1.939678e+00 -7.599059e-01
 -6.980353e-01 2.099200e+00 -7.266794e-01
 -1.142062e+00 2.052663e+00 -6.683258e-01
 -1.490849e+00 1.839052e+00 -5.902238e-01
 -1.767212e+00 1.466244e+00 -3.714884e-01
 -2.097762e+00 1.330150e+00 -1.589724e-01
 -2.334747e+00 1.324656e+00 1.965235e-01
 -2.387586e+00 1.358656e+00 6.497824e-01
 -2.236935e+00 1.370071e+00 1.074175e+00
 -1.922529e+00 1.316904e+00 1.395411e+00
 -1.482950e+00 1.217126e+00 1.555011e+00
 -1.059162e+00 1.085243e+00 1.503551e+00
 -7.045305e-01 8.955839e-01 1.267295e+00
 -5.374378e-01 6.701012e-01 9.273901e-01
 -5.722858e-01 4.405228e-01 6.006727e-01
 -6.997793e-01 1.244644e-01 4.183794e-01
 -1.035123e+00 -4.250232e-01 2.707918e-01
 -1.111678e+00 -7.069459e-01 2.115442e-01
 -1.107655e+00 -9.992018e-01 1.526715e-01
 -1.027842e+00 -1.265326e+00 9.588500e-02
 -8.833770e-01 -1.489887e+00 3.665108e-02
 -6.883959e-01 -1.662835e+00 -2.876724e-02
 -4.692491e-01 -1.766661e+00 -9.080175e-02
 -2.476351e-01 -1.807571e+00 -1.312620e-01
 -8.238507e-02 -1.797777e+00 -1.443703e-01
 1.335713e-01 -1.758473e+00 -1.126241e-01
 3.202501e-01 -1.738709e+00 -2.336371e-02
 4.887784e-01 -1.768548e+00 5.655103e-02
 8.080429e-01 -1.897648e+00 2.438766e-01
 1.136946e+00 -1.883734e+00 4.416156e-01
 1.472593e+00 -1.721537e+00 6.397904e-01
 1.710676e+00 -1.450229e+00 7.654210e-01
 1.857696e+00 -1.107266e+00 7.967306e-01
 1.875320e+00 -7.518032e-01 7.558800e-01
 1.762273e+00 -4.423934e-01 6.870128e-01
 1.645924e+00 -2.764334e-01 6.868791e-01
 1.558671e+00 -1.030483e-01 7.196403e-01
 1.373688e+00 3.782311e-01 8.939544e-01
 1.141235e+00 6.937820e-01 9.108725e-01
 8.501550e-01 9.292121e-01 8.137995e-01
 -9.109913e-02 1.286308e+00 2.485380e-01
 -2.774853e-01 1.303104e+00 1.545209e-01
 -4.773733e-01 1.258359e+00 2.128562e-02
 -6.950163e-01 1.181948e+00 -2.329253e-01
 -7.806119e-01 1.118516e+00 -4.222370e-01
