 1.546960e+00 -1.596745e-01 -1.149044e+00
 1.906005e+00 8.317132e-02 -1.003573e+00
 2.102826e+00 4.307355e-01 -8.232729e-01
 2.122396e+00 7.880242e-01 -6.228565e-01
 1.985155e+00 1.093153e+00 -3.978839e-01
 1.726290e+00 1.309545e+00 -2.007806e-01
 1.380826e+00 1.424807e+00 -7.098995e-02
 1.003331e+00 1.425696e+00 -2.172656e-02
 6.659379e-01 1.332845e+00 -7.094350e-02
 4.515889e-01 1.312301e+00 -8.896376e-02
 2.360018e-01 1.349840e+00 -7.228904e-02
 5.021568e-02 1.412789e+00 -9.527178e-02
 -2.878184e-01 1.603364e+00 -2.169053e-01
 -6.216759e-01 1.708534e+00 -2.233320e-01
 -9.667185e-01 1.714041e+00 -1.569333e-01
 -1.276558e+00 1.614334e+00 -3.982034e-02
 -1.508247e+00 1.440548e+00 1.104917e-01
 -1.652494e+00 1.220312e+00 2.820369e-01
 -1.762739e+00 7.036210e-01 6.329827e-01
 -1.897311e+00 5.193772e-01 7.597985e-01
 -1.990208e+00 3.896890e-01 7.973717e-01
 -2.083603e+00 1.823695e-01 8.126973e-01
 -2.141297e+00 -5.774068e-02 7.942679e-01
 -2.151241e+00 -2.778146e-01 7.445905e-01
 -2.100426e+00 -5.205072e-01 6.777903e-01
 -1.973140e+00 -7.566493e-01 5.938282e-01
 -1.753099e+00 -9.642489e-01 5.003405e-01
 -1.434956e+00 -1.107236e+00 4.251014e-01
 -1.060617e+00 -1.128857e+00 3.628007e-01
 -6.816477e-01 -9.987563e-01 3.107723e-01
 -3.720381e-01 -7.206014e-01 2.886045e-01
 6.256904e-02 1.640939e-01 3.941670e-01
 4.280248e-01 1.069102e+00 9.249076e-01
 4.737448e-01 1.686978e+00 9.007967e-01
 4.669417e-01 2.200738e+00 4.999288e-01
 4.890282e-01 2.371496e+00 -1.227356e-01
 4.894319e-01 2.145990e+00 -7.264190e-01
 3.579346e-01 1.651422e+00 -1.075879e+00
 1.691350e-01 1.088693e+00 -1.077498e+00
 6.084253e-02 2.891220e-01 -5.979352e-01
 -1.721519e-01 -1.846334e-01 -6.544626e-01
 -4.645826e-01 -8.186940e-01 -1.020354e+00
 -4.640193e-01 -1.201425e+00 -1.169427e+00
 -3.235564e-01 -1.577849e+00 -1.233021e+00
 -6.113428e-02 -1.902627e+00 -1.200254e+00
 2.521764e-01 -2.091111e+00 -1.105556e+00
 5.942641e-01 -2.143451e+00 -9.711102e-01
 9.452534e-01 -2.052617e+00 -7.389928e-01
 1.145754e+00 -1.864109e+00 -4.751524e-01
 1.173495e+00 -1.718413e+00 -2.238345e-01
 1.195850e+00 -1.665190e+00 1.941876e-03
 1.348938e+00 -1.563256e+00 2.914729e-01
 1.606462e+00 -1.246443e+00 5.586447e-01
 1.794726e+00 -7.999928e-01 6.358005e-01
 1.800293e+00 -2.837321e-01 5.271753e-01
 1.610517e+00 1.445623e-01 2.591929e-01
 1.129866e+00 4.835135e-01 -4.363451e-01
 1.108697e+00 6.731370e-01 -7.125749e-01
 1.145151e+00 7.906440e-01 -9.748195e-01
 1.201142e+00 7.873075e-01 -1.381027e+00
 1.238810e+00 6.300571e-01 -1.744790e+00
 1.260507e+00 3.405398e-01 -2.024322e+00
 1.233634e+00 -4.244216e-02 -2.181909e+00
 1.117545e+00 -4.766295e-01 -2.181469e+00
 9.327949e-01 -8.891062e-01 -1.964460e+00
 7.255985e-01 -1.150409e+00 -1.524170e+00
 5.181857e-01 -1.120845e+00 -8.315173e-01
 3.591667e-01 -1.215169e+00 -5.530702e-01
 1.981260e-01 -1.421112e+00 -3.292160e-01
 1.588501e-01 -1.810115e+00 -8.664503e-02
 3.318991e-01 -2.238570e+00 7.598341e-02
 6.926637e-01 -2.553494e+00 1.578215e-01
 1.145281e+00 -2.681128e+00 1.623455e-01
 1.592823e+00 -2.611663e+00 8.698944e-02
 1.952471e+00 -2.368152e+00 -4.623939e-02
 2.161136e+00 -1.996436e+00 -1.925428e-01
 2.183342e+00 -1.564458e+00 -3.207863e-01
 2.010943e+00 -1.157606e+00 -4.109181e-01
 1.692016e+00 -8.555740e-01 -4.142872e-01
 1.346620e+00 -7.077691e-01 -2.987483e-01
 1.152171e+00 -6.745787e-01 -1.891076e-01
 9.931477e-01 -6.471443e-01 -2.459236e-02
 8.451317e-01 -6.139470e-01 2.483968e-01
 7.617261e-01 -5.783375e-01 6.744535e-01
 6.820578e-01 -5.256289e-01 8.833125e-01
 5.516805e-01 -4.428137e-01 1.083009e+00
 3.627675e-01 -3.226419e-01 1.253589e+00
 6.720050e-02 -1.236749e-01 1.390538e+00
 -1.183453e-01 2.376398e-02 1.422797e+00
 -3.632769e-01 2.546727e-01 1.412170e+00
 -6.813769e-01 5.006023e-01 1.402926e+00
 -9.903072e-01 6.197387e-01 1.419217e+00
 -1.550185e+00 1.051239e+00 1.587195e+00
 -1.977101e+00 1.259897e+00 1.478664e+00
 -2.338792e+00 1.322188e+00 1.226849e+00
 -2.590576e+00 1.258209e+00 9.071552e-01
 -2.720298e+00 1.094555e+00 5.705675e-01
 -2.709209e+00 8.658849e-01 2.416638e-01
 -2.541298e+00 5.959357e-01 -3.990185e-02
 -2.230292e+00 3.112947e-01 -1.996431e-01
 -1.832089e+00 7.934760e-02 -1.822545e-01
 -1.451464e+00 -7.024550e-02 2.830670e-02
 -1.222224e+00 -1.084055e-01 3.302277e-01
 -1.137677e+00 -1.416409e-01 6.518670e-01
 -1.184202e+00 -4.519547e-01 1.368825e+00
 -1.114439e+00 -2.255901e-01 2.066544e+00
 -9.000391e-01 2.999940e-01 2.425930e+00
 -6.783887e-01 8.613404e-01 2.393972e+00
 -5.166968e-01 1.275802e+00 2.083322e+00
 -4.634447e-01 1.490510e+00 1.640324e+00
 -5.128062e-01 1.505178e+00 1.176784e+00
 -5.930696e-01 1.318775e+00 7.627265e-01
 -6.827113e-01 9.673940e-01 4.830534e-01
 -7.162482e-01 8.204775e-01 2.761307e-01
 -7.594255e-01 7.411768e-01 6.833079e-02
 -8.616551e-01 6.792302e-01 -2.897497e-01
 -9.329739e-01 5.485746e-01 -8.569401e-01
 -7.584750e-01 3.826531e-01 -1.302598e+00
 -4.263018e-01 2.207339e-01 -1.573982e+00
 -5.061372e-02 9.042135e-02 -1.651433e+00
 3.407522e-01 -3.375889e-02 -1.561108e+00
 8.176693e-01 -1.515822e-01 -1.226184e+00
 1.152794e+00 -2.378288e-01 -1.174921e+00
