 9.860942e-01 -2.845716e+00 5.847761e-01
 1.045156e+00 -2.650596e+00 9.353720e-01
 1.014737e+00 -2.345682e+00 1.204793e+00
 8.811205e-01 -1.981292e+00 1.353932e+00
 6.936019e-01 -1.605465e+00 1.341798e+00
 4.992420e-01 -1.278145e+00 1.162993e+00
 3.418138e-01 -1.059084e+00 8.509714e-01
 2.816242e-01 -9.841859e-01 5.383495e-01
 2.799222e-01 -9.715204e-01 2.673052e-01
 3.886108e-01 -9.742925e-01 -1.671313e-02
 7.101602e-01 -1.078780e+00 -4.526833e-01
 8.334117e-01 -1.064563e+00 -8.379428e-01
 8.537038e-01 -9.253968e-01 -1.226000e+00
 7.463392e-01 -6.476355e-01 -1.605973e+00
 5.382731e-01 -3.452593e-01 -1.786730e+00
 1.734088e-01 2.715884e-02 -1.790300e+00
 -1.989607e-01 2.819281e-01 -1.582129e+00
 -4.802330e-01 3.849341e-01 -1.230517e+00
 -6.149128e-01 4.479986e-01 -6.064850e-01
 -7.476862e-01 4.922479e-01 -3.950948e-01
 -9.744490e-01 4.961655e-01 -2.089768e-01
 -1.226458e+00 3.605017e-01 2.700710e-02
 -1.431117e+00 1.237508e-01 1.988692e-01
 -1.565684e+00 -2.031007e-01 3.112999e-01
 -1.586425e+00 -5.683770e-01 3.727398e-01
 -1.483961e+00 -9.082176e-01 4.073339e-01
 -1.018152e+00 -1.532433e+00 4.303574e-01
 -8.742186e-01 -1.768629e+00 3.725936e-01
 -7.723757e-01 -2.008971e+00 2.475891e-01
 -7.307036e-01 -2.265819e+00 5.538399e-02
 -7.777871e-01 -2.489349e+00 -3.552287e-01
 -7.675180e-01 -2.495420e+00 -7.867671e-01
 -6.615574e-01 -2.278575e+00 -1.236833e+00
 -5.348663e-01 -1.886847e+00 -1.525005e+00
 -3.893111e-01 -1.414924e+00 -1.591307e+00
 -2.618762e-01 -9.717390e-01 -1.426933e+00
 -1.171432e-01 -6.174198e-01 -1.021244e+00
 7.719232e-02 -3.675161e-01 -8.246868e-01
 3.838007e-01 -1.102308e-01 -7.716631e-01
 8.541696e-01 1.271276e-01 -8.952741e-01
 1.089040e+00 4.078015e-01 -1.000527e+00
 1.234588e+00 8.185054e-01 -1.042264e+00
 1.234883e+00 1.230204e+00 -1.003624e+00
 1.101577e+00 1.595524e+00 -8.845574e-01
 8.892211e-01 1.827416e+00 -7.067785e-01
 5.934562e-01 1.919967e+00 -5.003608e-01
 2.519034e-01 1.924896e+00 -4.079542e-01
 -6.429591e-02 1.900868e+00 -4.534433e-01
 -3.137309e-01 1.807203e+00 -5.095817e-01
 -1.221519e+00 1.215348e+00 -9.455538e-01
 -1.469567e+00 8.548704e-01 -1.038237e+00
 -1.564521e+00 4.552282e-01 -1.042962e+00
 -1.510095e+00 6.097641e-02 -9.646531e-01
 -1.319739e+00 -2.758780e-01 -7.954823e-01
 -1.047744e+00 -4.776825e-01 -5.619827e-01
 -7.577508e-01 -5.239094e-01 -2.450651e-01
 -5.985805e-01 -4.786476e-01 7.941810e-02
 -5.417102e-01 -4.240090e-01 7.144944e-01
 -3.378360e-01 -3.307973e-01 1.037769e+00
 -6.754971e-02 -1.241968e-01 1.259816e+00
 1.971225e-01 2.060758e-01 1.356118e+00
 3.877042e-01 5.502153e-01 1.291880e+00
 4.788753e-01 9.064665e-01 1.090718e+00
 4.170399e-01 1.219961e+00 8.360832e-01
 2.083234e-01 1.421721e+00 6.013421e-01
 -9.136312e-03 1.566184e+00 5.154957e-01
 -2.533096e-01 1.803784e+00 5.301399e-01
 -4.101681e-01 2.171802e+00 6.030298e-01
 -4.093339e-01 2.553432e+00 7.270239e-01
 -2.499528e-01 2.905620e+00 8.605675e-01
 4.275990e-02 3.169675e+00 9.666929e-01
 4.124084e-01 3.308039e+00 1.011136e+00
 8.071179e-01 3.312678e+00 9.754296e-01
 1.174081e+00 3.173260e+00 8.774689e-01
 1.451157e+00 2.906294e+00 7.451137e-01
 1.593323e+00 2.553859e+00 5.981323e-01
 1.577283e+00 2.173335e+00 4.525663e-01
 1.128892e+00 1.275072e+00 1.085644e-01
 9.738040e-01 1.092969e+00 -1.758400e-03
 7.013121e-01 9.565887e-01 -1.656602e-01
 3.813110e-01 9.144152e-01 -4.451172e-01
 2.780161e-01 9.492271e-01 -6.845457e-01
 2.182986e-01 1.093767e+00 -1.033977e+00
 1.742620e-01 1.394301e+00 -1.314214e+00
 1.706701e-01 1.810909e+00 -1.448811e+00
 2.018440e-01 2.274699e+00 -1.388773e+00
 2.509600e-01 2.638798e+00 -1.164291e+00
 3.329117e-01 2.877360e+00 -8.109739e-01
 4.301189e-01 2.944234e+00 -3.916849e-01
 5.215731e-01 2.826463e+00 1.614663e-02
 5.840654e-01 2.397867e+00 5.266456e-01
 6.022761e-01 2.312687e+00 8.581698e-01
 4.868839e-01 2.248546e+00 1.135256e+00
 2.205825e-01 2.058246e+00 1.417531e+00
 -6.694039e-02 1.795280e+00 1.539853e+00
 -3.275405e-01 1.475203e+00 1.502056e+00
 -5.150441e-01 1.124998e+00 1.296832e+00
 -5.552044e-01 8.226510e-01 9.674922e-01
 -4.143777e-01 6.115075e-01 6.199617e-01
 -1.164708e-01 4.552422e-01 3.836853e-01
 1.659771e-01 2.585177e-01 3.314160e-01
 9.358084e-01 -2.032669e-01 4.017120e-01
 1.152751e+00 -4.610974e-01 4.358600e-01
 1.276241e+00 -7.807698e-01 4.519398e-01
 1.289412e+00 -1.145216e+00 4.565949e-01
 1.179308e+00 -1.481329e+00 4.229291e-01
 9.813239e-01 -1.723567e+00 3.609466e-01
 7.089216e-01 -1.884543e+00 3.373006e-01
 3.919831e-01 -2.003325e+00 4.386855e-01
 -1.149304e-01 -2.457604e+00 8.844443e-01
 -4.374001e-01 -2.609596e+00 1.000834e+00
 -8.034502e-01 -2.687778e+00 1.009172e+00
 -1.163317e+00 -2.683022e+00 9.080556e-01
 -1.468508e+00 -2.597355e+00 7.107090e-01
 -1.678156e+00 -2.443469e+00 4.429472e-01
 -1.764008e+00 -2.243082e+00 1.399109e-01
 -1.713779e+00 -2.020685e+00 -1.615226e-01
 -1.533485e+00 -1.785093e+00 -4.176272e-01
 -1.267607e+00 -1.600508e+00 -5.593200e-01
 -8.788490e-01 -1.477222e+00 -6.265120e-01
 -5.493996e-01 -1.461322e+00 -5.700000e-01
 -1.574307e-01 -1.655276e+00 -5.607791e-01
 3.499384e-01 -2.306202e+00 -5.352432e-01
 5.116769e-01 -2.581768e+00 -4.057163e-01
 6.982240e-01 -2.802263e+00 -1.412732e-01
 8.642392e-01 -2.896905e+00 2.057630e-01
