 1.254675e+00 -4.858481e-01 2.028955e+00
 1.519337e+00 -1.849971e-02 2.130755e+00
 1.561121e+00 4.984370e-01 2.046577e+00
 1.409423e+00 9.509449e-01 1.779952e+00
 1.089631e+00 1.198800e+00 1.435999e+00
 6.766602e-01 1.193836e+00 1.103900e+00
 -7.835195e-02 7.036428e-01 6.461744e-01
 -6.470852e-01 2.877324e-01 4.624887e-01
 -1.038444e+00 1.585298e-01 1.620356e-01
 -1.338148e+00 2.178290e-01 -2.461422e-01
 -1.447792e+00 4.372756e-01 -6.284197e-01
 -1.416243e+00 8.203834e-01 -9.267499e-01
 -1.314320e+00 1.154896e+00 -1.003242e+00
 -1.107379e+00 1.373938e+00 -1.090336e+00
 -9.745867e-01 1.574928e+00 -1.294039e+00
 -8.871987e-01 1.690653e+00 -1.544930e+00
 -7.653068e-01 1.706208e+00 -1.883823e+00
 -6.324303e-01 1.577473e+00 -2.212438e+00
 -4.853127e-01 1.326491e+00 -2.466829e+00
 -3.559187e-01 9.837650e-01 -2.605660e+00
 -2.859459e-01 5.807414e-01 -2.616991e+00
 -2.880790e-01 2.058472e-01 -2.498609e+00
 -3.357495e-01 -3.658180e-02 -2.322364e+00
 -5.134675e-01 -5.347732e-01 -1.737387e+00
 -5.140393e-01 -6.788467e-01 -1.531878e+00
 -4.378095e-01 -8.343462e-01 -1.249072e+00
 -3.179935e-01 -9.051105e-01 -1.021717e+00
 -1.956658e-01 -9.201384e-01 -8.886130e-01
 -5.352543e-02 -9.283898e-01 -8.098781e-01
 8.143233e-02 -9.608598e-01 -7.498468e-01
 1.659992e-01 -1.001804e+00 -7.088396e-01
 2.465868e-01 -1.046197e+00 -6.546038e-01
 6.949290e-01 -1.330142e+00 -2.443168e-01
 9.611995e-01 -1.449098e+00 -1.334634e-01
 1.193925e+00 -1.499450e+00 -1.048485e-01
 1.462227e+00 -1.467288e+00 -6.622690e-02
 1.714434e+00 -1.351093e+00 1.138774e-02
 1.913893e+00 -1.175689e+00 1.278771e-01
 2.042541e+00 -9.660463e-01 2.837186e-01
 2.092470e+00 -7.452358e-01 4.599665e-01
 2.061460e+00 -5.167568e-01 6.577085e-01
 1.949283e+00 -3.038621e-01 8.321682e-01
 1.763775e+00 -1.176870e-01 9.730003e-01
 1.526686e+00 1.912690e-02 1.068725e+00
 1.083946e+00 1.266680e-01 1.188932e+00
 7.837932e-01 2.066660e-01 1.396576e+00
 6.394725e-01 2.691974e-01 1.616250e+00
 4.687157e-01 2.824155e-01 2.175562e+00
 2.797990e-02 3.169138e-01 2.551671e+00
 -5.457036e-01 4.017958e-01 2.626944e+00
 -1.072799e+00 5.111398e-01 2.374383e+00
 -1.368109e+00 6.688790e-01 1.861423e+00
 -1.312839e+00 8.513462e-01 1.329529e+00
 -1.049906e+00 1.051696e+00 1.033083e+00
 -8.139321e-01 1.360253e+00 9.306099e-01
 -7.717418e-01 1.670764e+00 8.281499e-01
 -8.709485e-01 2.039102e+00 5.200227e-01
 -1.092044e+00 2.232911e+00 7.760071e-02
 -1.852438e+00 2.089161e+00 -9.960209e-01
 -1.974862e+00 1.836461e+00 -1.455625e+00
 -1.856265e+00 1.447044e+00 -1.841560e+00
 -1.543596e+00 1.027944e+00 -2.006600e+00
 -1.116842e+00 7.117785e-01 -1.921567e+00
 -6.973276e-01 6.519147e-01 -1.682095e+00
 -4.205403e-02 9.817798e-01 -1.491703e+00
 3.657587e-01 1.032936e+00 -1.073133e+00
 5.997038e-01 7.636474e-01 -5.571676e-01
 4.922653e-01 2.654421e-01 -9.674164e-02
 -2.442439e-01 -7.618432e-01 2.099008e-01
 -4.535099e-01 -1.221555e+00 9.507429e-02
 -4.534842e-01 -1.647867e+00 -1.827169e-01
 -3.185622e-01 -1.908818e+00 -6.138644e-01
 -1.094610e-01 -1.931952e+00 -1.056257e+00
 1.275898e-01 -1.739362e+00 -1.422309e+00
 3.352308e-01 -1.400216e+00 -1.639065e+00
 4.692327e-01 -1.001097e+00 -1.693948e+00
 5.082352e-01 -6.113141e-01 -1.606797e+00
 4.207252e-01 -2.632676e-01 -1.422083e+00
 1.917630e-01 -1.289146e-02 -1.189557e+00
 -1.603262e-01 1.042791e-01 -9.095446e-01
 -2.806796e-01 1.900900e-01 -8.086491e-01
 -3.808495e-01 3.614995e-01 -6.833359e-01
 -4.705895e-01 7.320092e-01 -4.938609e-01
 -5.885896e-01 9.643930e-01 -3.167057e-01
 -6.980207e-01 1.071681e+00 -2.052773e-01
 -9.087154e-01 1.156886e+00 -7.710642e-02
 -1.475130e+00 1.245240e+00 1.010589e-01
 -1.770144e+00 1.492402e+00 4.395743e-01
 -1.817192e+00 1.744419e+00 8.937576e-01
 -1.612392e+00 1.870388e+00 1.398486e+00
 -1.222063e+00 1.792639e+00 1.789496e+00
 -7.753241e-01 1.533429e+00 1.956096e+00
 -4.276540e-01 1.176037e+00 1.877204e+00
 -3.074281e-01 8.079020e-01 1.684170e+00
 -3.813370e-01 4.628817e-01 1.578656e+00
 -4.333815e-01 7.205415e-02 1.630350e+00
 -4.039045e-01 -7.788888e-01 2.058992e+00
 -1.556200e-01 -1.278422e+00 2.134835e+00
 2.525082e-01 -1.658807e+00 1.995517e+00
 7.234938e-01 -1.784007e+00 1.717341e+00
 1.107043e+00 -1.635327e+00 1.351380e+00
 1.255967e+00 -1.266223e+00 9.906515e-01
 1.054671e+00 -7.077827e-01 5.492334e-01
 1.123522e+00 -5.153684e-01 2.479189e-01
 1.251282e+00 -4.494957e-01 -1.767327e-01
 1.335861e+00 -6.130567e-01 -6.328550e-01
 1.339213e+00 -9.604063e-01 -9.730733e-01
 1.233987e+00 -1.407488e+00 -1.133849e+00
 1.075754e+00 -1.853349e+00 -1.073986e+00
 8.608164e-01 -2.188353e+00 -8.394397e-01
 6.292038e-01 -2.354594e+00 -4.866249e-01
 4.260352e-01 -2.328278e+00 -8.149851e-02
 2.956895e-01 -2.115738e+00 3.019259e-01
 1.928277e-01 -1.048007e+00 1.146103e+00
 3.750132e-01 -7.953241e-01 1.377333e+00
 8.318114e-01 -7.247226e-01 1.835435e+00
