 5.786448e-02 -1.215591e+00 1.256316e+00
 1.476260e-01 -1.156676e+00 1.035246e+00
 2.226718e-01 -1.142357e+00 8.969612e-01
 3.107402e-01 -1.153256e+00 7.575479e-01
 5.484142e-01 -1.213225e+00 4.884437e-01
 7.112761e-01 -1.184698e+00 2.598354e-01
 8.293921e-01 -1.093920e+00 3.583516e-02
 8.998419e-01 -9.589451e-01 -1.640177e-01
 9.272063e-01 -7.972764e-01 -3.302602e-01
 9.167566e-01 3.017307e-02 -9.111779e-01
 1.160126e+00 2.902155e-01 -1.139471e+00
 1.351337e+00 4.058038e-01 -1.435719e+00
 1.384530e+00 4.890221e-01 -1.927617e+00
 1.183042e+00 5.017036e-01 -2.387402e+00
 7.912376e-01 4.816883e-01 -2.698838e+00
 3.100189e-01 4.483026e-01 -2.789409e+00
 -1.542576e-01 4.239433e-01 -2.646159e+00
 -5.010197e-01 3.945293e-01 -2.304836e+00
 -6.525128e-01 3.559374e-01 -1.843855e+00
 -5.770802e-01 3.257552e-01 -1.369371e+00
 -2.023257e-01 3.467181e-01 -8.383967e-01
 -1.184997e-01 3.944465e-01 -6.103734e-01
 -1.030868e-01 4.737352e-01 -3.914441e-01
 -1.336993e-01 5.410998e-01 -2.147090e-01
 -4.956403e-01 9.398170e-01 9.233440e-01
 -6.436315e-01 8.913745e-01 1.340008e+00
 -7.936676e-01 6.595159e-01 1.695202e+00
 -9.081848e-01 2.826983e-01 1.921491e+00
 -9.550114e-01 -1.703081e-01 1.974688e+00
 -9.013509e-01 -9.910593e-01 1.719803e+00
 -9.481738e-01 -1.243359e+00 1.695321e+00
 -1.030580e+00 -1.418273e+00 1.663669e+00
 -1.172097e+00 -1.637806e+00 1.553160e+00
 -1.323510e+00 -1.786698e+00 1.408902e+00
 -1.465607e+00 -1.886128e+00 1.213180e+00
 -1.575071e+00 -1.937149e+00 9.698358e-01
 -1.644988e+00 -1.923409e+00 7.007292e-01
 -1.673736e+00 -1.829679e+00 3.873791e-01
 -1.653465e+00 -1.671431e+00 1.278660e-01
 -1.581758e+00 -1.452776e+00 -8.141044e-02
 -1.463233e+00 -1.191644e+00 -2.162754e-01
 -1.311712e+00 -9.189588e-01 -2.579201e-01
 -1.160359e+00 -6.319648e-01 -1.960723e-01
 -1.079468e+00 -4.084336e-01 -1.924476e-01
 -1.001634e+00 -1.042648e-01 -2.775348e-01
 -1.126749e+00 4.376134e-01 -4.020181e-01
 -1.093051e+00 7.381377e-01 -4.860990e-01
 -9.505083e-01 1.015541e+00 -5.871393e-01
 -6.923238e-01 1.242606e+00 -7.102274e-01
 -3.629500e-01 1.373544e+00 -7.954872e-01
 -9.064695e-03 1.386178e+00 -8.394453e-01
 4.885455e-01 1.223149e+00 -8.735759e-01
 7.824345e-01 1.206465e+00 -9.814529e-01
 1.180521e+00 1.370039e+00 -1.182530e+00
 1.574301e+00 1.803158e+00 -1.189913e+00
 1.776744e+00 2.287426e+00 -9.310766e-01
 1.769376e+00 2.634201e+00 -4.684678e-01
 1.566515e+00 2.734942e+00 5.838420e-02
 1.227595e+00 2.563940e+00 4.901594e-01
 8.783857e-01 2.161027e+00 7.071789e-01
 6.297099e-01 1.659042e+00 6.445970e-01
 5.872023e-01 1.198283e+00 3.643828e-01
 7.643813e-01 9.144748e-01 4.273488e-02
 1.039786e+00 7.418932e-01 -1.306802e-01
 1.580827e+00 4.125633e-01 -1.797929e-01
 1.877298e+00 2.890191e-02 -4.267571e-01
 1.944749e+00 -3.116318e-01 -8.286584e-01
 1.754998e+00 -5.560698e-01 -1.241093e+00
 1.383978e+00 -6.299499e-01 -1.593343e+00
 9.522041e-01 -4.888879e-01 -1.821643e+00
 5.687279e-01 -1.679822e-01 -1.883232e+00
 3.834167e-01 1.641605e-01 -1.793770e+00
 3.679132e-01 4.831869e-01 -1.745555e+00
 3.063091e-01 1.281769e+00 -1.915485e+00
 3.953737e-01 1.853399e+00 -1.722837e+00
 5.235619e-01 2.185635e+00 -1.319231e+00
 6.937152e-01 2.246097e+00 -7.939817e-01
 9.087652e-01 2.033539e+00 -3.740670e-01
 1.121564e+00 1.835795e+00 -2.515591e-01
 1.329214e+00 1.739383e+00 -1.543555e-01
 1.549899e+00 1.604151e+00 1.286955e-01
 1.627499e+00 1.326265e+00 4.908141e-01
 1.521669e+00 9.726708e-01 7.738349e-01
 1.294357e+00 5.790740e-01 8.753856e-01
 1.016020e+00 2.184067e-01 7.710076e-01
 5.782938e-02 -4.118072e-01 7.109496e-02
 -2.345147e-01 -7.285126e-01 -7.390621e-01
 -7.727716e-01 -6.480713e-01 -1.190365e+00
 -1.460058e+00 -4.092192e-01 -1.198571e+00
 -1.970568e+00 -2.071369e-01 -7.442378e-01
 -2.068902e+00 -4.494915e-02 -6.542515e-02
 -1.700168e+00 1.081850e-01 5.063856e-01
 4.656391e-01 -2.616136e-01 1.501903e+00
 9.718634e-01 -7.138338e-01 1.528276e+00
 1.105943e+00 -1.390906e+00 1.430247e+00
 7.910492e-01 -1.996278e+00 1.198790e+00
 1.782160e-01 -2.209902e+00 8.559735e-01
 -4.494910e-01 -1.925395e+00 6.070484e-01
 -9.241323e-01 -1.176034e+00 6.707454e-01
 -1.213269e+00 -9.960514e-01 7.530192e-01
 -1.519676e+00 -9.244943e-01 8.883950e-01
 -1.818594e+00 -8.765106e-01 1.262925e+00
 -1.935967e+00 -9.302186e-01 1.717517e+00
 -1.834456e+00 -1.022751e+00 2.178956e+00
 -1.530402e+00 -1.121836e+00 2.539904e+00
 -1.085805e+00 -1.213067e+00 2.720663e+00
 -5.961888e-01 -1.291578e+00 2.669580e+00
 -1.766180e-01 -1.335955e+00 2.384762e+00
 6.141048e-02 -1.331392e+00 1.927726e+00
