 -1.556505e+00 -1.576153e+00 1.535561e+00
 -1.297509e+00 -1.759912e+00 1.682141e+00
 -9.772085e-01 -1.895029e+00 1.736152e+00
 -6.215012e-01 -1.956550e+00 1.691345e+00
 -2.723284e-01 -1.940077e+00 1.531595e+00
 1.128096e-02 -1.844142e+00 1.257663e+00
 1.686813e-01 -1.668584e+00 9.011096e-01
 1.505575e-01 -1.432355e+00 5.235513e-01
 -1.446227e-01 -1.038683e+00 7.278068e-02
 -2.082662e-01 -8.630369e-01 -1.283478e-01
 -2.280356e-01 -7.846760e-01 -3.454253e-01
 -2.613423e-01 -7.640105e-01 -6.537470e-01
 -2.641775e-01 -8.354992e-01 -1.039464e+00
 -1.862032e-01 -8.299197e-01 -1.348266e+00
 -5.606657e-02 -7.313787e-01 -1.639982e+00
 1.110711e-01 -5.496577e-01 -1.868301e+00
 3.007584e-01 -2.892751e-01 -2.014547e+00
 4.728954e-01 1.203024e-02 -2.053939e+00
 5.932618e-01 2.854483e-01 -1.993186e+00
 6.703908e-01 5.403863e-01 -1.839233e+00
 7.335721e-01 7.503651e-01 -1.583725e+00
 7.810104e-01 8.657764e-01 -1.283148e+00
 7.930204e-01 8.833270e-01 -1.001237e+00
 6.950758e-01 8.699027e-01 -6.322330e-01
 6.685938e-01 1.006429e+00 -3.489072e-01
 6.980681e-01 1.415861e+00 2.150438e-01
 6.153153e-01 1.585828e+00 4.687295e-01
 4.371719e-01 1.716679e+00 7.130580e-01
 1.736178e-01 1.786873e+00 9.186572e-01
 -1.874828e-01 1.788602e+00 1.063638e+00
 -5.430815e-01 1.721728e+00 1.092199e+00
 -8.627981e-01 1.588301e+00 1.013567e+00
 -1.101051e+00 1.395618e+00 8.471086e-01
 -1.239709e+00 1.159859e+00 6.123802e-01
 -1.256013e+00 9.021978e-01 3.423411e-01
 -1.130065e+00 5.941839e-01 7.653800e-02
 -1.152536e+00 3.576320e-01 -9.314297e-02
 -1.314251e+00 6.893205e-02 -2.903545e-01
 -1.745603e+00 -3.153850e-01 -5.350536e-01
 -1.921583e+00 -5.332395e-01 -5.838639e-01
 -2.061877e+00 -8.106182e-01 -5.730483e-01
 -2.138428e+00 -1.128260e+00 -4.859983e-01
 -2.122806e+00 -1.472028e+00 -3.023981e-01
 -2.002299e+00 -1.749602e+00 -7.039985e-02
 -1.769304e+00 -1.928843e+00 1.831713e-01
 -1.462529e+00 -1.970572e+00 4.160962e-01
 -1.126556e+00 -1.846387e+00 6.216460e-01
 -8.701031e-01 -1.585780e+00 7.639435e-01
 -7.865176e-01 -1.284849e+00 9.209251e-01
 -6.744129e-01 -8.885428e-01 1.401938e+00
 -6.264912e-01 -6.509139e-01 1.567771e+00
 -5.829953e-01 -3.896842e-01 1.655857e+00
 -5.381460e-01 -1.121021e-01 1.664254e+00
 -4.944852e-01 1.640775e-01 1.587861e+00
 -4.409592e-01 4.127552e-01 1.429647e+00
 -3.748685e-01 6.015512e-01 1.207555e+00
 -2.686151e-01 8.313214e-01 6.750503e-01
 -2.389570e-01 1.031027e+00 3.685807e-01
 -3.018081e-01 1.228329e+00 2.019616e-01
 -4.630040e-01 1.633806e+00 6.207706e-02
 -6.437255e-01 1.872454e+00 -1.444139e-01
 -8.071739e-01 2.022751e+00 -4.644487e-01
 -8.917404e-01 2.063758e+00 -8.318956e-01
 -8.912104e-01 1.990395e+00 -1.193467e+00
 -8.369908e-01 1.775870e+00 -1.520573e+00
 -7.551090e-01 1.474415e+00 -1.736151e+00
 -6.394250e-01 1.120698e+00 -1.824216e+00
 -4.912255e-01 7.647389e-01 -1.770531e+00
 -3.430024e-01 4.718030e-01 -1.584275e+00
 -1.310721e-01 2.579336e-01 -1.260569e+00
 1.413119e-01 9.984324e-02 -1.070755e+00
 4.070147e-01 -5.743843e-02 -1.021326e+00
 8.277715e-01 -1.613138e-01 -1.099980e+00
 1.360894e+00 -9.718913e-02 -1.314051e+00
 1.664542e+00 -2.353800e-02 -1.343733e+00
 1.979183e+00 5.595888e-02 -1.269994e+00
 2.265005e+00 1.314604e-01 -1.086667e+00
 2.480618e+00 1.872221e-01 -8.037355e-01
 2.583863e+00 2.299332e-01 -4.518982e-01
 2.544223e+00 2.638444e-01 -6.401429e-02
 2.357767e+00 2.635944e-01 2.883368e-01
 2.051603e+00 2.009163e-01 5.541391e-01
 1.722351e+00 6.995330e-02 6.698620e-01
 1.512664e+00 -9.280826e-02 6.673270e-01
 1.383034e+00 -2.574463e-01 6.862173e-01
 1.199077e+00 -4.210373e-01 7.857780e-01
 9.859910e-01 -5.110097e-01 8.748308e-01
 6.640940e-01 -5.492609e-01 9.341062e-01
 3.363691e-01 -5.041021e-01 9.267008e-01
 1.188682e-01 -4.209576e-01 8.774597e-01
 -1.835804e-01 -2.830818e-01 7.314444e-01
 -4.348865e-01 -2.462571e-01 6.494319e-01
 -7.092191e-01 -1.959192e-01 6.553004e-01
 -1.103479e+00 -1.407295e-01 7.948045e-01
 -1.433130e+00 -4.052044e-02 8.170770e-01
 -1.803968e+00 5.543142e-02 6.547808e-01
 -2.073536e+00 2.614686e-01 3.848307e-01
 -2.174795e+00 5.050646e-01 7.672416e-02
 -2.106721e+00 7.345101e-01 -2.421786e-01
 -1.881868e+00 9.312744e-01 -5.371179e-01
 -1.582195e+00 1.036081e+00 -7.336059e-01
 -1.232511e+00 1.065525e+00 -8.305589e-01
 -8.194680e-01 1.041543e+00 -8.032941e-01
 -5.253150e-01 1.101250e+00 -8.065278e-01
 -2.631514e-01 1.230739e+00 -8.656101e-01
 5.221846e-02 1.610183e+00 -9.168156e-01
 3.230279e-01 1.796382e+00 -8.939483e-01
 6.554898e-01 1.887800e+00 -8.605460e-01
 9.908149e-01 1.864090e+00 -8.079481e-01
 1.290625e+00 1.730016e+00 -7.232896e-01
 1.526220e+00 1.492740e+00 -6.159308e-01
 1.668075e+00 1.176361e+00 -5.173232e-01
 1.693263e+00 8.280169e-01 -4.372490e-01
 1.563200e+00 3.417010e-01 -3.677735e-01
 1.572296e+00 4.776138e-02 -3.356974e-01
 1.670491e+00 -2.091971e-01 -3.248589e-01
 1.810133e+00 -4.322874e-01 -2.349197e-01
 1.967401e+00 -6.132556e-01 -7.322805e-02
 2.101042e+00 -7.404867e-01 1.538195e-01
 2.193202e+00 -8.061305e-01 4.169027e-01
 2.230937e+00 -8.145763e-01 7.110921e-01
 2.199056e+00 -7.633863e-01 1.018168e+00
 2.090119e+00 -6.382522e-01 1.312972e+00
 1.897262e+00 -4.282993e-01 1.555853e+00
 1.621662e+00 -1.450495e-01 1.685490e+00
 1.279855e+00 1.516939e-01 1.638895e+00
 9.416012e-01 3.898839e-01 1.378356e+00
 7.009080e-01 4.880448e-01 9.403396e-01
 6.168933e-01 3.893355e-01 4.995803e-01
 5.964219e-01 1.828137e-01 2.144563e-01
 6.117191e-01 -8.886074e-02 2.127156e-02
 7.958298e-01 -7.358185e-01 -2.413560e-01
 7.512715e-01 -1.072256e+00 -4.367838e-01
 5.487600e-01 -1.406299e+00 -5.867414e-01
 2.431628e-01 -1.662144e+00 -6.347068e-01
 -1.348265e-01 -1.785924e+00 -6.220398e-01
 -5.488537e-01 -1.746612e+00 -5.527620e-01
 -9.131168e-01 -1.550146e+00 -4.108835e-01
 -1.090232e+00 -1.323626e+00 -2.942945e-01
 -1.241006e+00 -1.015885e+00 8.434257e-03
 -1.423884e+00 -9.250455e-01 2.152933e-01
 -1.603395e+00 -9.457435e-01 4.060064e-01
 -1.750517e+00 -1.024609e+00 7.115957e-01
 -1.796795e+00 -1.180172e+00 1.023123e+00
 -1.729315e+00 -1.373667e+00 1.308337e+00
