 2.284483e-01 8.190269e-01 -1.721162e-01
 8.767806e-02 9.948315e-01 -1.911970e-01
 -1.492332e-01 1.170292e+00 -1.796825e-01
 -4.302498e-01 1.281677e+00 -1.242155e-01
 -7.040857e-01 1.301188e+00 -5.095911e-02
 -9.959783e-01 1.225795e+00 3.772911e-02
 -1.241261e+00 1.069347e+00 1.473123e-01
 -1.484102e+00 7.675818e-01 2.845102e-01
 -1.655969e+00 6.244540e-01 3.412444e-01
 -1.871646e+00 5.314518e-01 3.998174e-01
 -2.099842e+00 4.449079e-01 3.747965e-01
 -2.380263e+00 2.685280e-01 2.426411e-01
 -2.551472e+00 8.648247e-02 6.305970e-02
 -2.632487e+00 -1.384422e-01 -1.509438e-01
 -2.606282e+00 -3.845520e-01 -3.676947e-01
 -2.465162e+00 -6.335606e-01 -5.610694e-01
 -2.199938e+00 -8.767799e-01 -7.061548e-01
 -1.861090e+00 -1.026768e+00 -7.749764e-01
 -1.484216e+00 -1.069474e+00 -7.619820e-01
 -1.124929e+00 -9.992409e-01 -6.659207e-01
 -6.050783e-01 -7.223853e-01 -3.333776e-01
 -3.169881e-01 -6.635147e-01 -1.493124e-01
 -1.597479e-01 -6.761222e-01 -7.670093e-04
 -4.277424e-02 -7.539144e-01 1.303260e-01
 2.155128e-01 -1.089995e+00 5.075485e-01
 4.936821e-01 -1.131609e+00 1.101093e+00
 7.237625e-01 -8.081879e-01 1.589904e+00
 8.456154e-01 -2.134325e-01 1.772396e+00
 8.069254e-01 4.135994e-01 1.612482e+00
 7.372058e-01 8.329249e-01 1.153426e+00
 7.843343e-01 1.093029e+00 1.022865e+00
 9.315499e-01 1.327125e+00 9.174657e-01
 1.173602e+00 1.499910e+00 7.902657e-01
 1.475251e+00 1.582418e+00 6.589690e-01
 1.743140e+00 1.562973e+00 5.423975e-01
 1.993492e+00 1.450885e+00 4.168481e-01
 2.190620e+00 1.264068e+00 2.720276e-01
 2.312056e+00 1.017731e+00 1.285430e-01
 2.347646e+00 7.222879e-01 5.406384e-03
 2.288499e+00 4.065509e-01 -8.005663e-02
 2.139508e+00 1.033684e-01 -1.074765e-01
 1.858958e+00 -2.001895e-01 -7.951621e-02
 1.735524e+00 -3.655828e-01 -1.048780e-01
 1.602052e+00 -6.360943e-01 -1.849299e-01
 1.423637e+00 -1.443914e+00 -8.106733e-01
 1.181697e+00 -1.674120e+00 -1.146591e+00
 8.069393e-01 -1.742197e+00 -1.437158e+00
 3.837888e-01 -1.625039e+00 -1.618223e+00
 1.556337e-02 -1.377544e+00 -1.635808e+00
 -2.474608e-01 -1.017200e+00 -1.519214e+00
 -3.260509e-01 -6.037509e-01 -1.324216e+00
 -2.165904e-01 -2.834366e-01 -1.151044e+00
 -1.200599e-02 -2.855351e-02 -1.086817e+00
 2.312319e-01 4.600165e-01 -1.194843e+00
 4.836560e-01 7.585622e-01 -1.172566e+00
 7.294774e-01 9.544084e-01 -1.051023e+00
 9.517611e-01 1.057150e+00 -8.485566e-01
 1.141186e+00 1.061912e+00 -5.808920e-01
 1.276860e+00 9.627591e-01 -2.549536e-01
 1.378020e+00 6.004108e-01 3.495080e-01
 1.623009e+00 5.441930e-01 7.305024e-01
 1.772988e+00 7.279862e-01 1.151764e+00
 1.716402e+00 1.008608e+00 1.516461e+00
 1.451820e+00 1.272591e+00 1.800309e+00
 1.040805e+00 1.432879e+00 1.961479e+00
 5.644870e-01 1.457898e+00 1.966915e+00
 1.302242e-01 1.367352e+00 1.793419e+00
 -1.723253e-01 1.182228e+00 1.478456e+00
 -4.996922e-01 4.186610e-01 4.034037e-01
 -5.741424e-01 2.928284e-01 1.609524e-01
 -6.602866e-01 2.864018e-01 -2.000869e-01
 -8.456229e-01 5.043803e-01 -8.603651e-01
 -8.680465e-01 5.197372e-01 -1.203799e+00
 -7.913810e-01 4.689982e-01 -1.545097e+00
 -6.208956e-01 3.611010e-01 -1.832872e+00
 -3.782370e-01 2.042178e-01 -2.032849e+00
 -8.575318e-02 2.144071e-02 -2.120788e+00
 2.129209e-01 -1.580387e-01 -2.083467e+00
 4.754838e-01 -3.531984e-01 -1.922785e+00
 6.489529e-01 -5.288857e-01 -1.679485e+00
 7.218726e-01 -6.709022e-01 -1.379723e+00
 6.824269e-01 -7.677525e-01 -1.135527e+00
 6.163944e-01 -8.300578e-01 -9.816686e-01
 5.388895e-01 -9.134978e-01 -8.630700e-01
 4.056843e-01 -1.125481e+00 -7.141523e-01
 2.240665e-01 -1.397994e+00 -6.100712e-01
 -3.836851e-02 -1.599375e+00 -4.428441e-01
 -3.003737e-01 -1.691904e+00 -2.241034e-01
 -5.220519e-01 -1.675880e+00 2.584991e-02
 -6.984664e-01 -1.556553e+00 2.462720e-01
 -8.366722e-01 -1.333849e+00 4.464303e-01
 -8.924397e-01 -1.039660e+00 6.119473e-01
 -9.000560e-01 -6.154073e-01 7.136829e-01
 -9.638224e-01 -4.206978e-01 7.676043e-01
 -1.096934e+00 -2.171999e-01 8.992467e-01
 -1.338724e+00 4.156160e-01 1.288804e+00
 -1.513079e+00 7.805583e-01 1.340994e+00
 -1.717501e+00 1.116859e+00 1.236606e+00
 -1.923327e+00 1.369669e+00 9.941046e-01
 -2.097338e+00 1.500781e+00 6.509489e-01
 -2.213276e+00 1.487548e+00 2.644916e-01
 -2.236055e+00 1.344572e+00 -1.082250e-01
 -2.164357e+00 1.090642e+00 -4.163977e-01
 -2.022688e+00 7.572141e-01 -6.024052e-01
 -1.852250e+00 4.024203e-01 -6.334810e-01
 -1.702109e+00 5.769181e-02 -5.075118e-01
 -1.597080e+00 -1.521694e-01 -3.015337e-01
 -1.608922e+00 -3.363917e-01 -5.382426e-02
 -1.831076e+00 -6.423697e-01 2.815951e-01
 -1.916937e+00 -7.908199e-01 6.535105e-01
 -1.843760e+00 -9.018133e-01 1.034696e+00
 -1.626004e+00 -9.590593e-01 1.363617e+00
 -1.297218e+00 -9.352163e-01 1.603077e+00
 -9.191010e-01 -8.189842e-01 1.716408e+00
 -5.519889e-01 -6.291414e-01 1.682151e+00
 -2.601731e-01 -4.083639e-01 1.504807e+00
 -2.971004e-02 -2.061033e-01 1.157769e+00
 3.028549e-01 -1.005466e-01 8.546298e-01
 5.472140e-01 -1.242311e-01 7.463711e-01
 9.828981e-01 -2.655409e-01 7.157071e-01
 1.568284e+00 -6.095714e-01 8.710763e-01
 1.917632e+00 -7.822067e-01 8.086163e-01
 2.235578e+00 -8.985621e-01 6.082558e-01
 2.473945e+00 -9.440528e-01 3.010758e-01
 2.598021e+00 -9.151023e-01 -6.717925e-02
 2.590311e+00 -8.192686e-01 -4.415470e-01
 2.456161e+00 -6.489004e-01 -7.810146e-01
 2.227065e+00 -4.520260e-01 -1.002798e+00
 1.883663e+00 -2.386858e-01 -1.109985e+00
 1.522186e+00 -6.073893e-02 -1.057742e+00
 1.196873e+00 5.652511e-02 -8.617007e-01
 7.681018e-01 6.553425e-02 -3.935825e-01
 6.060615e-01 1.536579e-01 -2.690282e-01
 4.509888e-01 3.333563e-01 -1.960772e-01
