 4.668948e-01 1.493923e+00 1.046199e+00
 1.002187e+00 1.442242e+00 1.307257e+00
 1.394994e+00 1.133375e+00 1.453918e+00
 1.594543e+00 6.011985e-01 1.523440e+00
 1.495595e+00 7.934783e-04 1.476819e+00
 1.109223e+00 -4.480948e-01 1.291991e+00
 2.687565e-01 -6.377169e-01 7.574027e-01
 8.813424e-02 -6.941574e-01 6.820270e-01
 -1.888568e-01 -8.135869e-01 6.674919e-01
 -5.188511e-01 -8.614734e-01 7.635857e-01
 -8.184656e-01 -7.952027e-01 9.055513e-01
 -1.111568e+00 -5.668802e-01 1.065032e+00
 -1.278519e+00 -2.744388e-01 1.184564e+00
 -1.338716e+00 1.972927e-02 1.266929e+00
 -1.280126e+00 6.249131e-01 1.406334e+00
 -1.380114e+00 9.775843e-01 1.600523e+00
 -1.383962e+00 1.222327e+00 1.992065e+00
 -1.176238e+00 1.361363e+00 2.403609e+00
 -8.033117e-01 1.411588e+00 2.680706e+00
 -3.413305e-01 1.375905e+00 2.781727e+00
 6.541327e-02 1.243428e+00 2.718379e+00
 3.982215e-01 1.041370e+00 2.502242e+00
 5.881496e-01 7.868274e-01 2.136160e+00
 5.469252e-01 5.256455e-01 1.560889e+00
 5.903904e-01 4.748938e-01 1.234235e+00
 6.640902e-01 4.733570e-01 1.051044e+00
 7.947088e-01 5.125789e-01 8.555709e-01
 1.109772e+00 7.314994e-01 4.906714e-01
 1.297090e+00 7.630084e-01 4.468705e-02
 1.286003e+00 6.146095e-01 -4.760968e-01
 1.068760e+00 2.871091e-01 -8.717297e-01
 8.292322e-01 -5.143031e-02 -1.070988e+00
 7.183560e-01 -2.145178e-01 -1.165109e+00
 6.397849e-01 -3.492514e-01 -1.238389e+00
 5.910736e-01 -4.975562e-01 -1.312265e+00
 5.556418e-01 -7.392223e-01 -1.407465e+00
 6.264758e-01 -1.017662e+00 -1.528435e+00
 7.926968e-01 -1.266833e+00 -1.775364e+00
 9.850524e-01 -1.380135e+00 -2.115622e+00
 1.137454e+00 -1.338479e+00 -2.494524e+00
 1.212365e+00 -1.159046e+00 -2.838105e+00
 1.196084e+00 -8.986090e-01 -3.104119e+00
 1.106056e+00 -5.881504e-01 -3.270555e+00
 9.495178e-01 -2.531982e-01 -3.326316e+00
 7.281006e-01 7.724853e-02 -3.244410e+00
 4.600615e-01 3.453612e-01 -2.996060e+00
 1.895487e-01 4.504567e-01 -2.592610e+00
 -3.699996e-02 3.016213e-01 -2.130611e+00
 -1.337739e-01 -2.199891e-02 -1.856967e+00
 -2.940628e-01 -3.383303e-01 -1.780060e+00
 -5.095338e-01 -5.145110e-01 -1.711363e+00
 -7.636722e-01 -6.230482e-01 -1.582121e+00
 -9.555332e-01 -6.587168e-01 -1.425145e+00
 -1.120136e+00 -6.707940e-01 -1.194241e+00
 -1.226891e+00 -6.332114e-01 -9.004536e-01
 -1.243731e+00 -5.393203e-01 -5.746458e-01
 -1.160463e+00 -4.004731e-01 -2.585679e-01
 -1.005127e+00 -2.212088e-01 -1.004797e-02
 -6.653585e-01 7.947607e-02 3.847206e-01
 -5.017329e-01 1.554073e-01 6.533638e-01
 -3.524815e-01 1.596021e-01 1.041912e+00
 -2.782927e-01 -7.059617e-02 1.407709e+00
 -2.022136e-01 -4.230472e-01 1.645991e+00
 -1.046262e-01 -8.313054e-01 1.701802e+00
 4.039385e-02 -1.197150e+00 1.590610e+00
 2.057273e-01 -1.471297e+00 1.351558e+00
 3.577205e-01 -1.623094e+00 1.019125e+00
 4.707088e-01 -1.638650e+00 6.571467e-01
 5.439404e-01 -1.526871e+00 3.151802e-01
 5.864506e-01 -1.325547e+00 6.842052e-02
 6.397878e-01 -1.225506e+00 -5.057876e-02
 7.064027e-01 -1.150948e+00 -1.885513e-01
 7.872655e-01 -1.104334e+00 -3.443697e-01
 9.331573e-01 -1.058006e+00 -5.008509e-01
 1.326150e+00 -9.642262e-01 -7.525784e-01
 1.555346e+00 -8.101401e-01 -1.128488e+00
 1.584060e+00 -6.228004e-01 -1.543190e+00
 1.421101e+00 -4.524914e-01 -1.910528e+00
 1.124251e+00 -3.580128e-01 -2.176614e+00
 8.037906e-01 -3.729391e-01 -2.315987e+00
 6.109344e-01 -4.693681e-01 -2.385880e+00
 4.520224e-01 -5.643769e-01 -2.485090e+00
 1.734213e-01 -5.908915e-01 -2.659300e+00
 -1.380066e-01 -5.241433e-01 -2.772746e+00
 -4.744935e-01 -3.729342e-01 -2.787371e+00
 -8.141734e-01 -1.494365e-01 -2.653481e+00
 -1.082771e+00 1.260138e-01 -2.301360e+00
 -1.119081e+00 3.544186e-01 -1.722194e+00
 -8.124311e-01 3.465743e-01 -1.125508e+00
 -2.972219e-01 -9.729157e-02 -7.243514e-01
 -7.229923e-02 -1.585850e+00 -7.519824e-01
 4.614758e-01 -2.063133e+00 -6.998985e-01
 1.159448e+00 -2.110687e+00 -3.848109e-01
 1.603895e+00 -1.675013e+00 6.653564e-02
 1.622714e+00 -9.890455e-01 3.205025e-01
 1.316250e+00 -3.792034e-01 2.084488e-01
 4.739044e-01 6.734007e-03 -5.710947e-02
 4.459701e-02 1.275601e+00 -1.982145e-01
 -3.614039e-02 1.616751e+00 -1.145791e-01
 -1.585564e-01 1.923216e+00 1.029367e-01
 -2.868951e-01 2.113201e+00 4.101671e-01
 -3.876710e-01 2.171710e+00 7.556658e-01
 -4.461638e-01 2.103354e+00 1.094910e+00
 -4.654679e-01 1.934576e+00 1.381676e+00
 -4.432212e-01 1.689091e+00 1.605899e+00
 -3.884325e-01 1.441783e+00 1.724694e+00
 -3.749696e-01 1.026759e+00 1.800133e+00
 -4.365751e-01 7.601193e-01 1.960504e+00
 -5.461005e-01 5.935252e-01 2.116213e+00
 -7.746699e-01 4.187918e-01 2.265772e+00
 -1.072594e+00 3.094003e-01 2.356235e+00
 -1.418807e+00 2.537269e-01 2.355669e+00
 -1.767237e+00 2.654532e-01 2.248716e+00
 -2.063628e+00 3.264284e-01 2.026452e+00
 -2.259540e+00 4.322028e-01 1.703823e+00
 -2.314055e+00 5.882157e-01 1.329828e+00
 -2.205413e+00 7.790145e-01 9.738510e-01
 -1.949783e+00 9.618264e-01 7.036066e-01
 -1.606366e+00 1.098109e+00 5.616308e-01
 -1.259826e+00 1.169367e+00 5.499974e-01
 -9.248554e-02 1.151139e+00 8.008418e-01
 1.874968e-01 1.340046e+00 8.746978e-01
