 9.938071e-01 1.574619e+00 -6.149770e-01
 1.052718e+00 1.865946e+00 -1.104593e+00
 1.283840e+00 1.885662e+00 -1.633952e+00
 1.607996e+00 1.614404e+00 -2.044640e+00
 1.886768e+00 1.127740e+00 -2.207971e+00
 2.011507e+00 5.704704e-01 -2.089948e+00
 1.952616e+00 1.212239e-01 -1.724542e+00
 1.702848e+00 -8.891745e-02 -1.239106e+00
 1.326499e+00 -1.624649e-02 -8.343806e-01
 9.337551e-01 2.382889e-01 -6.688367e-01
 5.060312e-01 5.030068e-01 -7.472983e-01
 -2.305105e-01 6.860239e-01 -1.300049e+00
 -7.688675e-01 6.204187e-01 -1.409785e+00
 -1.331244e+00 4.425175e-01 -1.225767e+00
 -1.652506e+00 1.960111e-01 -8.029015e-01
 -1.633761e+00 -2.026296e-02 -3.941121e-01
 -1.505203e+00 -6.911344e-02 -8.108345e-02
 -1.432737e+00 -2.217730e-02 1.575151e-01
 -1.352292e+00 7.434398e-02 3.442038e-01
 -8.215928e-01 5.587501e-01 1.031497e+00
 -6.239270e-01 7.043394e-01 1.217053e+00
 -3.804466e-01 8.327138e-01 1.328890e+00
 -8.734649e-02 9.606091e-01 1.358160e+00
 1.616925e-01 1.033143e+00 1.309230e+00
 4.135789e-01 1.091196e+00 1.171802e+00
 5.648344e-01 1.142470e+00 1.012613e+00
 6.508276e-01 1.228867e+00 8.670963e-01
 7.632391e-01 1.336881e+00 7.564351e-01
 8.845797e-01 1.441379e+00 6.784668e-01
 1.279147e+00 1.737328e+00 5.248400e-01
 1.526883e+00 1.864476e+00 3.413865e-01
 1.741038e+00 1.915774e+00 9.689942e-02
 1.905389e+00 1.886003e+00 -1.756885e-01
 2.000207e+00 1.791307e+00 -4.526133e-01
 2.025277e+00 1.639158e+00 -7.131550e-01
 1.987666e+00 1.438136e+00 -9.316664e-01
 1.878388e+00 1.226610e+00 -1.091299e+00
 1.751519e+00 1.073541e+00 -1.165637e+00
 1.581963e+00 9.611918e-01 -1.223220e+00
 1.406900e+00 9.067205e-01 -1.300323e+00
 1.233919e+00 8.393330e-01 -1.442814e+00
 1.062636e+00 6.584449e-01 -1.616381e+00
 8.898110e-01 3.632094e-01 -1.712878e+00
 7.004038e-01 1.631655e-02 -1.668447e+00
 5.029155e-01 -2.770109e-01 -1.463577e+00
 3.578763e-01 -4.640192e-01 -1.167828e+00
 2.701000e-01 -5.399002e-01 -8.091096e-01
 2.337319e-01 -4.719073e-01 -2.806989e-01
 2.281176e-01 -5.494064e-01 7.463623e-02
 2.476045e-01 -7.980198e-01 3.792350e-01
 9.383084e-02 -1.226751e+00 6.122224e-01
 -2.021869e-01 -1.571785e+00 6.610867e-01
 -5.981277e-01 -1.747779e+00 6.298287e-01
 -9.198647e-01 -1.737730e+00 5.916501e-01
 -1.145866e+00 -1.682692e+00 6.396338e-01
 -1.439692e+00 -1.704586e+00 7.297934e-01
 -1.806934e+00 -1.811046e+00 6.811587e-01
 -2.172353e+00 -1.895618e+00 4.401121e-01
 -2.420345e+00 -1.898807e+00 5.337301e-02
 -2.516238e+00 -1.769253e+00 -3.680038e-01
 -2.446599e+00 -1.532705e+00 -7.475108e-01
 -2.205439e+00 -1.263266e+00 -1.025860e+00
 -1.844522e+00 -1.012617e+00 -1.142947e+00
 -1.063672e+00 -6.322249e-01 -1.004811e+00
 -8.606549e-01 -4.679571e-01 -9.114875e-01
 -7.064652e-01 -2.619221e-01 -7.646417e-01
 -5.988499e-01 9.404126e-02 -5.090278e-01
 -6.584751e-01 3.918708e-01 -3.940040e-01
 -8.833950e-01 7.197576e-01 -3.197506e-01
 -1.242966e+00 9.359139e-01 -1.940484e-01
 -1.649753e+00 9.647399e-01 -6.967501e-02
 -2.042557e+00 8.032676e-01 8.881228e-02
 -2.330729e+00 4.823269e-01 2.025354e-01
 -2.472117e+00 6.273476e-02 2.412475e-01
 -2.439985e+00 -3.764637e-01 2.051756e-01
 -2.239782e+00 -7.561252e-01 1.090143e-01
 -1.663775e+00 -1.196674e+00 -1.376102e-01
 -1.514217e+00 -1.522023e+00 -2.861712e-01
 -1.463981e+00 -1.828596e+00 -3.172842e-01
 -1.412583e+00 -2.196461e+00 -2.003964e-01
 -1.359684e+00 -2.501601e+00 6.116552e-02
 -1.286939e+00 -2.677552e+00 4.155202e-01
 -1.189870e+00 -2.701211e+00 8.049410e-01
 -1.081241e+00 -2.565664e+00 1.171417e+00
 -9.849012e-01 -2.284549e+00 1.459164e+00
 -9.013682e-01 -1.899404e+00 1.612023e+00
 -8.372551e-01 -1.476423e+00 1.594263e+00
 -8.016022e-01 -1.093298e+00 1.402200e+00
 -7.972186e-01 -8.211159e-01 1.069251e+00
 -8.009736e-01 -7.147567e-01 6.499177e-01
 -7.880405e-01 -7.992498e-01 1.986013e-01
 -6.476221e-01 -1.033695e+00 -1.064309e-01
 -4.327898e-01 -1.250629e+00 -2.931152e-01
 -1.206841e-01 -1.432552e+00 -3.801660e-01
 1.770585e-01 -1.504518e+00 -3.860672e-01
 5.030963e-01 -1.470144e+00 -3.523830e-01
 8.186958e-01 -1.319416e+00 -2.960166e-01
 1.051785e+00 -1.097458e+00 -2.045564e-01
 1.199529e+00 -8.186232e-01 -7.538078e-02
 1.241653e+00 -5.109929e-01 6.289380e-02
 1.140923e+00 -5.492185e-02 2.733249e-01
 1.134666e+00 2.040665e-01 4.524519e-01
 1.171770e+00 3.428339e-01 5.956446e-01
 1.450618e+00 6.104309e-01 1.018551e+00
 1.523556e+00 9.127605e-01 1.301169e+00
 1.448093e+00 1.261481e+00 1.515448e+00
 1.243328e+00 1.601456e+00 1.623544e+00
 9.487288e-01 1.886154e+00 1.600390e+00
 6.043282e-01 2.064137e+00 1.460072e+00
 2.623100e-01 2.101288e+00 1.232431e+00
 -1.992813e-02 1.993445e+00 9.542885e-01
 -2.003800e-01 1.757960e+00 6.775883e-01
 -2.641490e-01 1.425908e+00 4.620847e-01
 -2.062495e-01 1.048753e+00 3.414236e-01
 -6.073819e-02 6.849436e-01 3.556955e-01
 6.934972e-02 3.640383e-01 5.360869e-01
 3.254324e-01 -6.851050e-02 1.067390e+00
 8.307909e-01 -4.013129e-01 1.262658e+00
 1.485378e+00 -4.913727e-01 1.173916e+00
 1.985743e+00 -3.253457e-01 8.412237e-01
 2.187017e+00 7.333194e-02 3.815684e-01
 1.991552e+00 5.969289e-01 -2.947376e-02
 1.166332e+00 1.171240e+00 -3.078126e-01
