 -1.541338e+00 6.838749e-01 3.481803e-01
 -1.938494e+00 3.752152e-01 1.876621e-01
 -2.118828e+00 -4.218829e-02 5.962598e-03
 -2.077162e+00 -4.488138e-01 -1.611202e-01
 -1.804983e+00 -8.318469e-01 -2.934942e-01
 -1.387037e+00 -1.073545e+00 -3.518506e-01
 -9.618925e-01 -1.122202e+00 -3.396070e-01
 -4.518983e-01 -1.010331e+00 -1.673124e-01
 -1.404195e-01 -1.058642e+00 -1.021724e-02
 1.769529e-01 -1.366245e+00 1.073362e-01
 4.127624e-01 -1.716455e+00 1.924755e-01
 6.763322e-01 -1.923774e+00 2.167740e-01
 9.976783e-01 -2.038229e+00 2.112882e-01
 1.342032e+00 -2.042627e+00 1.753707e-01
 1.692220e+00 -1.923763e+00 1.075069e-01
 1.944336e+00 -1.726671e+00 2.823942e-02
 2.111669e+00 -1.453699e+00 -6.061983e-02
 2.171621e+00 -1.125955e+00 -1.520754e-01
 2.101779e+00 -7.571121e-01 -2.384194e-01
 1.930828e+00 -4.613120e-01 -2.912059e-01
 1.663854e+00 -2.328084e-01 -3.165169e-01
 1.293593e+00 -8.827672e-02 -3.034021e-01
 1.129557e+00 1.751371e-02 -3.116517e-01
 9.466898e-01 2.037412e-01 -3.394214e-01
 7.802242e-01 5.809653e-01 -4.479916e-01
 7.230594e-01 6.776530e-01 -4.741238e-01
 6.297288e-01 8.047514e-01 -5.006975e-01
 5.371496e-01 9.090149e-01 -5.094143e-01
 4.378367e-01 1.002926e+00 -5.037000e-01
 1.572354e-01 1.223096e+00 -4.539608e-01
 -2.802647e-02 1.400288e+00 -4.825514e-01
 -1.564703e-01 1.593211e+00 -5.521513e-01
 -2.692513e-01 1.734833e+00 -6.686478e-01
 -4.441541e-01 1.853176e+00 -8.709812e-01
 -5.986727e-01 1.891277e+00 -1.048132e+00
 -7.813878e-01 1.872093e+00 -1.215430e+00
 -9.654682e-01 1.790029e+00 -1.360378e+00
 -1.157332e+00 1.651457e+00 -1.467776e+00
 -1.337786e+00 1.471162e+00 -1.522116e+00
 -1.513578e+00 1.217843e+00 -1.525932e+00
 -1.626014e+00 9.617727e-01 -1.470558e+00
 -1.679103e+00 7.026093e-01 -1.360295e+00
 -1.667533e+00 4.610884e-01 -1.203120e+00
 -1.591425e+00 2.581196e-01 -1.011966e+00
 -1.457091e+00 1.112843e-01 -8.032513e-01
 -1.247293e+00 2.130774e-02 -5.402373e-01
 -1.147826e+00 -3.365748e-02 -3.419989e-01
 -1.063070e+00 -1.433247e-01 -5.436538e-02
 -1.084545e+00 -2.204381e-01 1.400543e-01
 -1.233079e+00 -3.572938e-01 4.364249e-01
 -1.515971e+00 -5.658137e-01 7.275481e-01
 -1.628739e+00 -8.394353e-01 1.013140e+00
 -1.573468e+00 -1.129782e+00 1.306911e+00
 -1.337288e+00 -1.413847e+00 1.576750e+00
 -1.002183e+00 -1.589547e+00 1.727080e+00
 -6.020271e-01 -1.648632e+00 1.766284e+00
 -1.625787e-01 -1.580723e+00 1.674010e+00
 1.621416e-01 -1.416961e+00 1.482555e+00
 3.582042e-01 -1.177894e+00 1.222746e+00
 4.415319e-01 -6.478538e-01 7.691755e-01
 5.259983e-01 -4.476284e-01 6.531483e-01
 6.826053e-01 -2.502100e-01 6.244806e-01
 1.082017e+00 1.486124e-01 6.958503e-01
 1.329408e+00 4.150767e-01 6.046437e-01
 1.547269e+00 6.338107e-01 3.857633e-01
 1.700011e+00 7.741283e-01 7.139371e-02
 1.786537e+00 8.113833e-01 -3.299015e-01
 1.775416e+00 7.348998e-01 -6.874520e-01
 1.661030e+00 5.709406e-01 -9.979618e-01
 1.437923e+00 3.026627e-01 -1.245455e+00
 1.174278e+00 6.345354e-03 -1.333349e+00
 8.955201e-01 -2.808889e-01 -1.260287e+00
 5.726424e-01 -6.131511e-01 -9.553907e-01
 3.832442e-01 -8.330026e-01 -8.956688e-01
 1.521013e-01 -1.299548e+00 -9.600053e-01
 -2.391954e-02 -1.595472e+00 -8.903773e-01
 -2.132883e-01 -1.838793e+00 -7.179933e-01
 -3.844771e-01 -2.004295e+00 -4.581243e-01
 -5.181555e-01 -2.058770e+00 -1.661001e-01
 -6.268513e-01 -1.994341e+00 1.481881e-01
 -7.025257e-01 -1.809393e+00 4.433769e-01
 -7.143120e-01 -1.499610e+00 7.151274e-01
 -6.164433e-01 -1.030804e+00 9.266701e-01
 -6.045081e-01 -7.986245e-01 1.159390e+00
 -6.741922e-01 -5.455666e-01 1.754021e+00
 -6.127814e-01 -2.437513e-01 2.070995e+00
 -4.645071e-01 1.583553e-01 2.243967e+00
 -2.642727e-01 5.253417e-01 2.241623e+00
 -4.369688e-02 8.257664e-01 2.080866e+00
 1.468409e-01 1.027470e+00 1.778407e+00
 2.944627e-01 1.102400e+00 1.354068e+00
 3.487478e-01 1.015088e+00 9.349064e-01
 3.116410e-01 8.013493e-01 5.980512e-01
 -5.987988e-02 2.877228e-01 7.764398e-02
 -1.675892e-01 8.733836e-02 -5.118000e-01
 -2.949340e-01 -1.007738e-01 -1.154995e+00
 -2.324025e-01 -2.719104e-01 -1.500888e+00
 -6.263529e-02 -5.132742e-01 -1.763976e+00
 2.153329e-01 -7.984174e-01 -1.914561e+00
 5.265517e-01 -1.038842e+00 -1.911496e+00
 8.293910e-01 -1.220262e+00 -1.763799e+00
 1.080299e+00 -1.339677e+00 -1.481642e+00
 1.234985e+00 -1.389248e+00 -1.084047e+00
 1.256379e+00 -1.335562e+00 -6.813099e-01
 1.140186e+00 -1.107093e+00 -1.934154e-01
 1.170091e+00 -1.036100e+00 8.595987e-02
 1.342703e+00 -1.013123e+00 4.655582e-01
 1.407445e+00 -9.539834e-01 6.989322e-01
 1.421203e+00 -8.449675e-01 1.000333e+00
 1.363689e+00 -7.205118e-01 1.243920e+00
 1.246537e+00 -5.809842e-01 1.436907e+00
 1.078585e+00 -4.344650e-01 1.572154e+00
 8.690690e-01 -2.865672e-01 1.642190e+00
 6.265709e-01 -1.458098e-01 1.639932e+00
 3.090357e-01 8.254598e-03 1.539260e+00
 -2.996532e-02 1.283260e-01 1.306681e+00
 -1.804568e-01 1.993542e-01 1.253295e+00
 -3.346072e-01 2.973375e-01 1.232148e+00
 -5.571217e-01 4.807920e-01 1.262226e+00
 -9.095597e-01 9.440296e-01 1.381400e+00
 -1.211735e+00 1.339914e+00 1.233381e+00
 -1.437255e+00 1.629829e+00 8.659820e-01
 -1.510873e+00 1.747388e+00 3.901535e-01
 -1.452527e+00 1.653466e+00 -9.675416e-02
 -1.301440e+00 1.359037e+00 -4.685321e-01
 -9.789882e-01 1.008436e+00 -6.790160e-01
 -8.044559e-01 8.884309e-01 -8.744222e-01
 -6.669508e-01 8.669838e-01 -1.066548e+00
 -3.990590e-01 9.242196e-01 -1.305796e+00
 -7.242760e-02 1.099792e+00 -1.458802e+00
 2.375862e-01 1.350107e+00 -1.471287e+00
 4.974336e-01 1.620875e+00 -1.339360e+00
 6.851713e-01 1.843801e+00 -1.077791e+00
 7.653963e-01 2.004963e+00 -7.290971e-01
 7.174907e-01 2.091987e+00 -3.490776e-01
 5.503871e-01 2.090306e+00 5.203102e-03
 2.908305e-01 1.999229e+00 2.824144e-01
 -2.124089e-02 1.831227e+00 4.433401e-01
 -3.054433e-01 1.633082e+00 4.639073e-01
 -7.247670e-01 1.080587e+00 3.558368e-01
 -8.949174e-01 8.830429e-01 3.492132e-01
 -1.120484e+00 7.813304e-01 3.667839e-01
