 3.854315e-03 -2.043575e+00 -6.313518e-01
 2.523791e-01 -2.195702e+00 -3.910129e-01
 5.014251e-01 -2.214264e+00 -1.017152e-01
 7.402299e-01 -2.083666e+00 1.854587e-01
 9.260542e-01 -1.813881e+00 4.223406e-01
 1.023373e+00 -1.443528e+00 5.672226e-01
 1.012251e+00 -1.035953e+00 5.941177e-01
 7.668534e-01 -1.297937e-01 3.415454e-01
 7.755598e-01 1.707204e-01 2.582553e-01
 1.329651e+00 8.968842e-01 -1.628896e-01
 1.425438e+00 1.207727e+00 -4.793127e-01
 1.322417e+00 1.477847e+00 -8.513577e-01
 1.003509e+00 1.661850e+00 -1.211717e+00
 5.777807e-01 1.687378e+00 -1.423794e+00
 1.428258e-01 1.549352e+00 -1.477246e+00
 -2.510862e-01 1.265858e+00 -1.367610e+00
 -4.705908e-01 9.426928e-01 -1.133885e+00
 -5.343584e-01 4.617447e-01 -6.378131e-01
 -7.351469e-01 2.762505e-01 -3.897534e-01
 -1.294738e+00 1.974759e-01 -5.070167e-02
 -1.596789e+00 -2.104040e-02 1.746705e-01
 -1.772256e+00 -3.657594e-01 3.756383e-01
 -1.798147e+00 -7.638926e-01 4.898741e-01
 -1.662957e+00 -1.124899e+00 5.493918e-01
 -1.366269e+00 -1.431180e+00 5.747380e-01
 -1.007118e+00 -1.602528e+00 5.372749e-01
 -6.508509e-01 -1.637316e+00 4.487185e-01
 -3.460529e-01 -1.559781e+00 3.346456e-01
 2.026128e-01 -1.215427e+00 -2.767649e-02
 4.936579e-01 -1.200839e+00 -2.950025e-01
 6.441956e-01 -1.222203e+00 -6.359967e-01
 6.709417e-01 -1.187641e+00 -9.253865e-01
 6.316494e-01 -1.057288e+00 -1.216401e+00
 5.385001e-01 -8.590198e-01 -1.433856e+00
 4.153992e-01 -6.209800e-01 -1.567123e+00
 2.717338e-01 -3.597708e-01 -1.619661e+00
 -1.676541e-02 -2.737037e-02 -1.614516e+00
 -2.178022e-01 2.187209e-01 -1.777122e+00
 -5.425666e-01 3.512501e-01 -2.025605e+00
 -9.670711e-01 2.869632e-01 -2.219650e+00
 -1.377141e+00 7.341985e-02 -2.263346e+00
 -1.711303e+00 -2.103863e-01 -2.119506e+00
 -1.911329e+00 -4.904003e-01 -1.806700e+00
 -1.932840e+00 -7.193261e-01 -1.373492e+00
 -1.762184e+00 -8.337462e-01 -9.397116e-01
 -1.051094e+00 -8.069698e-01 -2.033235e-01
 -8.765287e-01 -7.444948e-01 -6.241251e-03
 -8.082810e-01 -6.777197e-01 1.544370e-01
 -7.824694e-01 -6.250368e-01 3.320219e-01
 -7.886305e-01 -5.810891e-01 5.630894e-01
 -9.058032e-01 -5.429074e-01 1.063025e+00
 -8.455097e-01 -4.704816e-01 1.450258e+00
 -6.648925e-01 -3.828757e-01 1.755416e+00
 -4.242452e-01 -2.723898e-01 1.956715e+00
 -1.826410e-01 -1.545159e-01 2.050225e+00
 9.078534e-02 -7.364088e-02 2.054972e+00
 3.214163e-01 -9.240588e-02 2.043451e+00
 5.719584e-01 -1.236916e-01 2.099005e+00
 8.611935e-01 -3.759037e-02 2.195835e+00
 1.178458e+00 1.993628e-01 2.233087e+00
 1.418012e+00 5.301130e-01 2.159732e+00
 1.539472e+00 8.866601e-01 1.962966e+00
 1.532671e+00 1.181116e+00 1.654893e+00
 1.388402e+00 1.369472e+00 1.294352e+00
 1.119682e+00 1.426831e+00 9.606763e-01
 7.837554e-01 1.342263e+00 7.141458e-01
 3.306909e-01 1.064196e+00 5.457455e-01
 1.616541e-01 9.695582e-01 4.452941e-01
 -1.765571e-02 9.263080e-01 3.548098e-01
 -2.113038e-01 9.507272e-01 2.773368e-01
 -4.344592e-01 1.040698e+00 2.050832e-01
 -6.029625e-01 1.138135e+00 1.373034e-01
 -8.076031e-01 1.224187e+00 -5.832161e-03
 -1.063216e+00 1.251215e+00 -2.316960e-01
 -1.281777e+00 1.184251e+00 -4.560415e-01
 -1.437085e+00 1.033392e+00 -6.804108e-01
 -1.509658e+00 8.083745e-01 -8.952957e-01
 -1.486229e+00 5.207956e-01 -1.074805e+00
 -1.336037e+00 1.645460e-01 -1.215556e+00
 -1.051741e+00 -1.717446e-01 -1.298559e+00
 -9.706384e-01 -3.546594e-01 -1.403047e+00
 -8.933560e-01 -5.437646e-01 -1.591343e+00
 -7.837422e-01 -6.561274e-01 -1.832510e+00
 -6.293971e-01 -6.808152e-01 -2.102960e+00
 -4.196856e-01 -6.180065e-01 -2.352910e+00
 -2.175538e-01 -5.001719e-01 -2.515184e+00
 -8.793602e-03 -3.356072e-01 -2.608183e+00
 2.051694e-01 -1.501432e-01 -2.623558e+00
 4.063356e-01 3.905761e-02 -2.559692e+00
 5.754485e-01 2.246719e-01 -2.420363e+00
 6.988209e-01 3.922611e-01 -2.213202e+00
 7.635426e-01 5.266888e-01 -1.953801e+00
 7.626619e-01 6.137523e-01 -1.667956e+00
 6.086610e-01 7.100703e-01 -1.083832e+00
 4.984011e-01 8.534330e-01 -7.816261e-01
 4.112155e-01 1.046188e+00 -6.046563e-01
 2.692735e-01 1.622625e+00 -3.673341e-01
 4.591979e-02 1.956075e+00 9.922335e-02
 -1.691230e-01 1.969967e+00 5.790725e-01
 -3.516663e-01 1.694684e+00 1.005210e+00
 -4.438213e-01 1.169237e+00 1.272447e+00
 -4.133185e-01 6.595904e-01 1.262792e+00
 2.391350e-02 -8.211374e-02 1.011595e+00
 1.860618e-01 -6.517710e-01 1.178693e+00
 1.908854e-01 -1.040043e+00 1.617723e+00
 1.986733e-01 -1.112792e+00 2.205357e+00
 1.881600e-01 -8.855247e-01 2.698956e+00
 1.994851e-01 -4.982120e-01 2.986831e+00
 2.367724e-01 -8.279371e-02 3.068453e+00
 2.792539e-01 2.799169e-01 2.994266e+00
 3.213975e-01 5.610375e-01 2.822019e+00
 3.623868e-01 7.591421e-01 2.589643e+00
 4.105156e-01 8.778592e-01 2.316235e+00
 4.644892e-01 9.080849e-01 2.023436e+00
 5.342268e-01 8.496098e-01 1.744837e+00
 6.143759e-01 7.300561e-01 1.539855e+00
 7.362680e-01 5.819354e-01 1.395981e+00
 8.395618e-01 5.044277e-01 1.314007e+00
 9.608086e-01 4.298876e-01 1.250041e+00
 1.439291e+00 2.380713e-01 1.053611e+00
 1.742286e+00 3.395165e-02 6.693637e-01
 1.815413e+00 -1.326815e-01 2.507346e-01
 1.688184e+00 -2.586408e-01 -1.376724e-01
 1.396764e+00 -3.170614e-01 -4.518930e-01
 1.021593e+00 -2.727464e-01 -6.481385e-01
 7.238377e-01 -1.973777e-01 -6.797686e-01
 2.157879e-01 -2.608570e-01 -5.926591e-01
 -9.026771e-02 -4.560258e-01 -6.659929e-01
 -2.314317e-01 -6.618376e-01 -7.914113e-01
 -3.341690e-01 -1.013245e+00 -8.948814e-01
 -3.392819e-01 -1.409925e+00 -8.853349e-01
 -2.148514e-01 -1.768960e+00 -7.995662e-01
