 -9.821800e-01 2.502243e+00 2.330094e-01
 -1.207141e+00 2.207125e+00 9.685005e-02
 -1.283682e+00 1.847761e+00 -2.167445e-02
 -1.203202e+00 1.446121e+00 -6.987528e-02
 -1.072094e+00 1.137688e+00 3.133411e-02
 -1.052303e+00 5.062520e-01 3.342897e-01
 -1.000286e+00 2.965099e-01 4.288652e-01
 -9.161776e-01 1.374161e-01 4.902019e-01
 -7.870209e-01 3.484670e-03 5.793277e-01
 -7.028288e-01 -7.730954e-02 6.681213e-01
 -6.200591e-01 -1.933825e-01 8.408056e-01
 -5.182400e-01 -4.220740e-01 1.321608e+00
 -2.678686e-01 -7.283404e-01 1.626609e+00
 7.014429e-02 -1.042089e+00 1.722320e+00
 3.980425e-01 -1.350192e+00 1.598092e+00
 6.648242e-01 -1.556061e+00 1.291858e+00
 8.280408e-01 -1.581846e+00 9.284038e-01
 9.613199e-01 -1.500874e+00 7.046675e-01
 1.509445e+00 -1.401409e+00 2.434453e-01
 1.716432e+00 -1.204373e+00 -1.614645e-01
 1.698103e+00 -9.524923e-01 -5.709015e-01
 1.470206e+00 -6.892572e-01 -8.918144e-01
 1.061029e+00 -4.373796e-01 -1.046761e+00
 5.451395e-01 -1.945597e-01 -9.676836e-01
 3.917911e-01 -9.119796e-02 -1.005730e+00
 1.225370e-01 1.599696e-01 -1.229749e+00
 -1.015537e-01 5.465506e-01 -1.699028e+00
 -2.426573e-01 9.542208e-01 -1.874178e+00
 -3.722748e-01 1.396794e+00 -1.841908e+00
 -4.933821e-01 1.778641e+00 -1.607010e+00
 -5.562742e-01 2.018355e+00 -1.226879e+00
 -4.893449e-01 2.107162e+00 -7.669469e-01
 -3.336918e-01 2.035357e+00 -4.231494e-01
 -2.430788e-01 1.775040e+00 -3.122563e-02
 -2.856087e-01 1.711066e+00 3.662315e-01
 -5.852870e-01 1.708572e+00 7.564204e-01
 -1.067254e+00 1.588306e+00 9.705469e-01
 -1.561964e+00 1.398288e+00 9.189178e-01
 -1.944640e+00 1.174492e+00 6.185117e-01
 -2.102203e+00 9.588178e-01 1.551185e-01
 -1.992433e+00 8.095292e-01 -3.512535e-01
 -1.645369e+00 7.891039e-01 -7.711302e-01
 -1.162573e+00 8.972628e-01 -9.763236e-01
 -2.325830e-01 1.110719e+00 -8.435096e-01
 3.190030e-02 1.215136e+00 -9.134594e-01
 3.884587e-01 1.544024e+00 -1.034395e+00
 7.908832e-01 1.716367e+00 -1.014929e+00
 1.218660e+00 1.708505e+00 -9.178563e-01
 1.582714e+00 1.531430e+00 -7.262525e-01
 1.826415e+00 1.185685e+00 -4.898723e-01
 1.879904e+00 7.803829e-01 -2.954624e-01
 1.742824e+00 3.796027e-01 -1.497512e-01
 1.092174e+00 -3.305502e-01 -7.066346e-03
 9.824790e-01 -4.645417e-01 -1.084204e-02
 8.815742e-01 -6.132142e-01 -4.289057e-02
 7.011887e-01 -8.867423e-01 -1.661849e-01
 7.232723e-01 -1.619142e+00 -7.500663e-01
 6.135325e-01 -2.058158e+00 -8.792947e-01
 3.874465e-01 -2.470328e+00 -8.274691e-01
 8.648691e-02 -2.780359e+00 -5.918228e-01
 -1.809481e-01 -2.902371e+00 -2.387455e-01
 -4.109531e-01 -2.816195e+00 1.643212e-01
 -5.679142e-01 -2.520442e+00 5.261305e-01
 -5.790648e-01 -2.090648e+00 7.637187e-01
 -4.485917e-01 -1.633169e+00 8.206898e-01
 1.207558e-01 -8.960677e-01 6.521551e-01
 4.354723e-01 -6.152080e-01 8.569377e-01
 8.886961e-01 -5.460158e-01 1.090695e+00
 1.309708e+00 -7.282498e-01 1.300797e+00
 1.630606e+00 -1.113494e+00 1.399212e+00
 1.766978e+00 -1.598272e+00 1.363886e+00
 1.710845e+00 -2.056185e+00 1.180535e+00
 1.482573e+00 -2.384987e+00 8.865596e-01
 1.119823e+00 -2.516585e+00 5.712024e-01
 7.084909e-01 -2.420753e+00 3.093971e-01
 1.952757e-01 -1.979552e+00 7.099079e-02
 -1.392527e-02 -1.884613e+00 -7.745159e-02
 -6.943175e-01 -1.853198e+00 -5.199263e-01
 -1.134353e+00 -1.400474e+00 -8.412359e-01
 -1.223206e+00 -7.379801e-01 -9.395382e-01
 -9.378084e-01 -1.086535e-01 -7.607181e-01
 -2.028877e-01 3.061565e-01 -2.280121e-01
 -3.725612e-02 5.726313e-01 1.490461e-01
 -8.572284e-02 7.579837e-01 6.129598e-01
 -3.008050e-01 7.885302e-01 1.033112e+00
 -6.539681e-01 7.330011e-01 1.298873e+00
 -1.059478e+00 5.345680e-01 1.427253e+00
 -1.387781e+00 2.332379e-01 1.393543e+00
 -1.574722e+00 -1.326616e-01 1.231834e+00
 -1.593592e+00 -5.067302e-01 9.555747e-01
 -1.453012e+00 -7.767954e-01 6.289685e-01
 -1.180761e+00 -9.080528e-01 3.059689e-01
 -3.954293e-01 -8.655412e-01 -2.394087e-01
 -2.906588e-01 -8.711079e-01 -3.895916e-01
 -1.326057e-02 -1.000878e+00 -1.447630e+00
 4.672160e-01 -5.366410e-01 -2.009149e+00
 9.061762e-01 1.487604e-01 -1.977035e+00
 1.102424e+00 6.632411e-01 -1.363106e+00
 9.026107e-01 7.459972e-01 -6.129091e-01
 8.535224e-01 8.442395e-01 -4.123693e-01
 7.969040e-01 1.203001e+00 -1.111743e-01
 7.316523e-01 2.011512e+00 1.692959e-01
 5.397256e-01 2.372452e+00 2.623209e-01
 2.154134e-01 2.631586e+00 3.249711e-01
 -1.842195e-01 2.743322e+00 3.554243e-01
 -6.219437e-01 2.693190e+00 3.318812e-01
