 6.217809e-01 -1.602566e+00 -4.038995e-01
 9.770685e-01 -1.506136e+00 -3.514408e-01
 1.277158e+00 -1.266605e+00 -2.605534e-01
 1.454822e+00 -9.358703e-01 -1.159838e-01
 1.481347e+00 -5.993453e-01 6.004588e-02
 1.311725e+00 -1.037464e-01 2.595279e-01
 1.333622e+00 2.032380e-01 3.273396e-01
 1.419558e+00 4.885405e-01 3.222731e-01
 1.466175e+00 7.869433e-01 1.900102e-01
 1.436122e+00 1.023764e+00 -1.828060e-03
 1.345882e+00 1.194078e+00 -1.923899e-01
 1.200488e+00 1.314624e+00 -3.617509e-01
 9.780610e-01 1.391883e+00 -5.603301e-01
 4.685159e-01 1.398203e+00 -9.560171e-01
 2.627171e-01 1.514377e+00 -1.252695e+00
 1.217397e-01 1.450014e+00 -1.758931e+00
 -3.890121e-02 1.068385e+00 -2.159284e+00
 -1.980832e-01 5.470443e-01 -2.272465e+00
 -3.434695e-01 3.828026e-03 -2.068996e+00
 -3.709822e-01 -3.560173e-01 -1.624844e+00
 -3.387910e-01 -4.538390e-01 -9.297822e-01
 -4.843786e-01 -5.726874e-01 -4.705797e-01
 -1.217217e+00 -1.050499e+00 -5.155056e-02
 -1.399508e+00 -1.376710e+00 3.417324e-01
 -1.302902e+00 -1.676207e+00 7.853288e-01
 -9.480008e-01 -1.873541e+00 1.155125e+00
 -4.375641e-01 -1.921369e+00 1.332635e+00
 8.880190e-02 -1.777234e+00 1.295128e+00
 4.772563e-01 -1.479267e+00 1.061035e+00
 6.293822e-01 -1.123597e+00 6.775662e-01
 4.452348e-01 -6.771925e-01 2.524625e-02
 5.034752e-01 -5.699749e-01 -2.692755e-01
 6.059406e-01 -5.834199e-01 -6.252648e-01
 6.795580e-01 -7.387434e-01 -9.740448e-01
 7.114581e-01 -1.028249e+00 -1.251097e+00
 6.698650e-01 -1.410775e+00 -1.412456e+00
 5.586013e-01 -1.826750e+00 -1.415426e+00
 3.907516e-01 -2.198758e+00 -1.248503e+00
 1.790120e-01 -2.443189e+00 -9.451424e-01
 -6.034235e-02 -2.504468e+00 -5.646339e-01
 -2.669070e-01 -2.358346e+00 -1.650871e-01
 -3.742100e-01 -2.027471e+00 1.697788e-01
 -3.555840e-01 -1.398801e+00 4.296830e-01
 -3.990264e-01 -1.210974e+00 5.700455e-01
 -4.337970e-01 -1.074240e+00 7.280481e-01
 -5.009410e-01 -8.750288e-01 1.097464e+00
 -5.574131e-01 -6.204194e-01 1.339061e+00
 -5.979597e-01 -3.697773e-01 1.451472e+00
 -6.755324e-01 -7.792072e-02 1.475977e+00
 -8.121118e-01 1.127130e-01 1.461357e+00
 -9.639398e-01 2.870864e-01 1.500965e+00
 -1.068266e+00 5.553788e-01 1.601302e+00
 -1.054249e+00 9.648711e-01 1.687606e+00
 -8.980072e-01 1.357318e+00 1.670748e+00
 -6.157729e-01 1.701735e+00 1.495480e+00
 -2.523710e-01 1.863763e+00 1.209171e+00
 1.120868e-01 1.792438e+00 8.731685e-01
 3.722230e-01 1.509072e+00 5.862779e-01
 4.731633e-01 6.601331e-01 -9.862794e-03
 6.261315e-01 4.420795e-01 -3.973557e-01
 1.139117e+00 3.081586e-01 -7.028595e-01
 1.740230e+00 2.259639e-01 -6.485289e-01
 2.195507e+00 1.444031e-01 -2.837898e-01
 2.361513e+00 2.988791e-02 2.408098e-01
 2.237959e+00 -6.581077e-02 7.611415e-01
 1.900521e+00 -1.136843e-01 1.131738e+00
 1.454876e+00 -1.092975e-01 1.301620e+00
 1.021543e+00 -6.035134e-02 1.265902e+00
 -3.904100e-01 -5.107381e-02 4.713395e-01
 -8.734007e-01 -1.304206e-01 4.708288e-01
 -1.231290e+00 -3.053992e-01 6.201701e-01
 -1.510519e+00 -4.617493e-01 9.717202e-01
 -1.617180e+00 -5.263538e-01 1.428495e+00
 -1.536922e+00 -4.840343e-01 1.883073e+00
 -1.316316e+00 -3.395932e-01 2.238211e+00
 -1.016047e+00 -1.152941e-01 2.444672e+00
 -6.919892e-01 1.371809e-01 2.480464e+00
 -3.988082e-01 3.783881e-01 2.357681e+00
 -1.745797e-01 5.715097e-01 2.109416e+00
 -5.593213e-02 7.108226e-01 1.784259e+00
 -6.766531e-02 8.063757e-01 1.422757e+00
 -1.766893e-01 8.265753e-01 1.140023e+00
 -4.096232e-01 8.805193e-01 8.805142e-01
 -1.099508e+00 1.168726e+00 4.936228e-01
 -1.370133e+00 1.262219e+00 9.280657e-02
 -1.436359e+00 1.279565e+00 -4.018353e-01
 -1.274249e+00 1.215576e+00 -8.696390e-01
 -9.385406e-01 1.039660e+00 -1.195874e+00
 -5.638877e-01 7.614088e-01 -1.294968e+00
 -1.060222e-01 5.641625e-01 -1.204714e+00
 1.816901e-01 4.815808e-01 -1.296807e+00
 5.212538e-01 5.072850e-01 -1.484281e+00
 8.878999e-01 7.417112e-01 -1.622073e+00
 1.116962e+00 1.088077e+00 -1.695535e+00
 1.223944e+00 1.503507e+00 -1.658458e+00
 1.183048e+00 1.905098e+00 -1.522776e+00
 1.018378e+00 2.219666e+00 -1.295587e+00
 7.557853e-01 2.397297e+00 -1.003338e+00
 4.185482e-01 2.402686e+00 -7.116667e-01
 6.783287e-02 2.219890e+00 -4.794982e-01
 -2.162565e-01 1.872187e+00 -3.540057e-01
 -4.886089e-01 8.562728e-01 -2.784209e-01
 -5.889806e-01 6.964377e-01 -2.718914e-01
 -7.383233e-01 5.256617e-01 -3.109753e-01
 -9.070725e-01 3.697853e-01 -4.016637e-01
 -1.189176e+00 1.448685e-01 -6.607356e-01
 -1.322852e+00 -1.015293e-01 -8.704590e-01
 -1.361795e+00 -4.130920e-01 -1.056321e+00
 -1.313033e+00 -7.280183e-01 -1.161580e+00
 -1.177525e+00 -1.002687e+00 -1.201028e+00
 -9.546642e-01 -1.235085e+00 -1.183455e+00
 -6.807394e-01 -1.416698e+00 -1.077747e+00
 -3.852131e-01 -1.509551e+00 -8.989727e-01
 1.010565e-01 -1.472034e+00 -5.576997e-01
 3.391482e-01 -1.563129e+00 -4.432103e-01
