 2.274083e+00 -1.660453e+00 9.458830e-01
 2.492350e+00 -1.359908e+00 9.097830e-01
 2.614271e+00 -1.031838e+00 7.789143e-01
 2.622564e+00 -7.217614e-01 5.751182e-01
 2.523215e+00 -4.737796e-01 3.227982e-01
 2.330109e+00 -3.158967e-01 5.820973e-02
 2.073680e+00 -2.644855e-01 -1.776917e-01
 1.073614e+00 -3.623790e-01 -6.955940e-01
 9.424838e-01 -3.843609e-01 -8.590744e-01
 7.642441e-01 -4.793460e-01 -1.180004e+00
 4.885100e-01 -5.760846e-01 -1.411575e+00
 1.593755e-01 -6.339311e-01 -1.532667e+00
 -1.616495e-01 -6.580443e-01 -1.531896e+00
 -5.001817e-01 -6.331915e-01 -1.415186e+00
 -7.784902e-01 -5.409512e-01 -1.211138e+00
 -9.663308e-01 -3.932396e-01 -9.439453e-01
 -1.041040e+00 -2.075970e-01 -6.384866e-01
 -9.940226e-01 -4.085510e-02 -3.641316e-01
 -7.136907e-01 4.141215e-01 9.595490e-02
 -7.194001e-01 6.472542e-01 4.929779e-01
 -9.098594e-01 8.080321e-01 8.606073e-01
 -1.244924e+00 7.958524e-01 1.206576e+00
 -1.614488e+00 5.859549e-01 1.442294e+00
 -1.923650e+00 2.131389e-01 1.522927e+00
 -2.087544e+00 -2.354094e-01 1.439115e+00
 -2.068922e+00 -6.741748e-01 1.209768e+00
 -1.859309e+00 -9.963977e-01 9.073798e-01
 -1.497988e+00 -1.135817e+00 5.971569e-01
 -1.067889e+00 -1.057578e+00 3.603238e-01
 -6.702466e-01 -8.089671e-01 2.833415e-01
 -3.750859e-01 -5.116096e-01 4.060370e-01
 -1.975773e-01 -2.845736e-01 6.414429e-01
 9.417909e-02 -2.392518e-01 1.038998e+00
 5.542469e-01 -4.057124e-01 1.303837e+00
 1.007287e+00 -6.697859e-01 1.294109e+00
 1.404993e+00 -8.968586e-01 1.003177e+00
 1.658711e+00 -1.037413e+00 4.169900e-01
 1.747656e+00 -1.128406e+00 2.424203e-01
 1.893366e+00 -1.259548e+00 8.542896e-02
 1.987135e+00 -1.471950e+00 -4.680035e-02
 1.994751e+00 -1.789178e+00 -2.313711e-01
 1.875085e+00 -2.065093e+00 -4.108894e-01
 1.642484e+00 -2.270058e+00 -6.015234e-01
 1.336672e+00 -2.360257e+00 -7.815627e-01
 9.548098e-01 -2.325451e+00 -9.252567e-01
 6.194848e-01 -2.174817e+00 -9.894784e-01
 3.389296e-01 -1.928356e+00 -9.722880e-01
 1.521463e-01 -1.619327e+00 -8.766994e-01
 2.129436e-02 -9.381022e-01 -5.677681e-01
 -8.766123e-03 -6.610040e-01 -5.203270e-01
 -3.089409e-02 -3.345029e-01 -5.458463e-01
 -2.357053e-02 -1.598759e-01 -6.182287e-01
 -5.739277e-02 1.170844e-01 -8.734329e-01
 -1.329112e-01 4.877950e-01 -1.456288e+00
 -3.101409e-01 7.935548e-01 -1.711563e+00
 -5.770185e-01 1.130376e+00 -1.805205e+00
 -8.992429e-01 1.446042e+00 -1.712935e+00
 -1.180684e+00 1.650852e+00 -1.475377e+00
 -1.389371e+00 1.761575e+00 -1.091703e+00
 -1.452921e+00 1.723099e+00 -6.504799e-01
 -1.428704e+00 1.536837e+00 -3.038576e-01
 -1.442495e+00 1.228295e+00 -7.965921e-02
 -1.656396e+00 8.527577e-01 1.404063e-01
 -1.709659e+00 6.738676e-01 2.217339e-01
 -1.720642e+00 4.834393e-01 3.147841e-01
 -1.679853e+00 2.561278e-01 4.446408e-01
 -1.594568e+00 8.687090e-02 5.425753e-01
 -1.479974e+00 -3.454176e-02 6.258480e-01
 -1.339459e+00 -1.231827e-01 7.356770e-01
 -1.242432e+00 -1.669664e-01 8.454603e-01
 -1.169028e+00 -2.244078e-01 9.733881e-01
 -1.088679e+00 -3.465323e-01 1.127599e+00
 -9.853486e-01 -5.169892e-01 1.242160e+00
 -8.372538e-01 -7.160937e-01 1.306761e+00
 -6.417290e-01 -9.314260e-01 1.308038e+00
 -4.562925e-01 -1.086212e+00 1.255267e+00
 -2.600095e-01 -1.196228e+00 1.157253e+00
 -5.974707e-02 -1.255117e+00 1.020110e+00
 1.467914e-01 -1.258933e+00 8.410717e-01
 3.242334e-01 -1.194895e+00 6.671371e-01
 4.744854e-01 -1.061251e+00 4.986359e-01
 6.019080e-01 -8.483147e-01 3.436187e-01
 6.730090e-01 -6.749547e-01 2.791073e-01
 7.755175e-01 -4.435185e-01 2.858380e-01
 1.191726e+00 9.577199e-02 4.643161e-01
 1.305346e+00 5.534771e-01 4.909068e-01
 1.230789e+00 9.906800e-01 4.416914e-01
 9.876479e-01 1.349163e+00 3.148284e-01
 6.201764e-01 1.539038e+00 1.630445e-01
 2.247165e-01 1.546917e+00 8.092794e-02
 -5.522233e-02 1.500150e+00 1.581387e-01
 -2.792713e-01 1.523905e+00 2.488793e-01
 -1.060245e+00 1.877241e+00 6.190208e-01
 -1.447559e+00 1.945574e+00 6.590540e-01
 -1.833197e+00 1.923901e+00 5.754081e-01
 -2.159219e+00 1.817712e+00 3.792348e-01
 -2.376940e+00 1.644958e+00 9.821637e-02
 -2.453324e+00 1.433650e+00 -2.270571e-01
 -2.378032e+00 1.210647e+00 -5.389717e-01
 -2.166420e+00 9.834219e-01 -7.798948e-01
 -1.843018e+00 8.066235e-01 -9.288426e-01
 -1.474166e+00 7.292846e-01 -9.726452e-01
 -1.086719e+00 7.823863e-01 -9.417857e-01
 -8.448333e-01 8.982315e-01 -8.414456e-01
 -6.727300e-01 1.051624e+00 -7.754784e-01
 -4.736207e-01 1.390292e+00 -7.686235e-01
 -4.083048e-01 1.761766e+00 -7.550966e-01
 -3.578099e-01 2.078174e+00 -6.222187e-01
 -2.718117e-01 2.336900e+00 -3.821738e-01
 -1.578816e-01 2.493289e+00 -6.633013e-02
 -2.598914e-02 2.522020e+00 2.686568e-01
 8.646851e-02 2.424735e+00 5.873581e-01
 1.664964e-01 2.212146e+00 8.623870e-01
 2.289849e-01 1.905731e+00 1.051562e+00
 2.610094e-01 1.561152e+00 1.123877e+00
 2.739509e-01 1.212683e+00 1.073744e+00
 2.716474e-01 9.202186e-01 9.216323e-01
 2.778644e-01 6.838510e-01 6.677328e-01
 2.823007e-01 5.711509e-01 3.814628e-01
 3.204550e-01 5.367102e-01 9.243404e-02
 6.261154e-01 5.941397e-01 -3.059109e-01
 1.076907e+00 6.439675e-01 -8.562303e-01
 1.328538e+00 5.225637e-01 -1.142589e+00
 1.540884e+00 2.687816e-01 -1.365181e+00
 1.695305e+00 -7.987416e-02 -1.482111e+00
 1.763673e+00 -4.694394e-01 -1.476771e+00
 1.722997e+00 -8.425063e-01 -1.358177e+00
 1.570930e+00 -1.147712e+00 -1.146357e+00
 1.334172e+00 -1.325335e+00 -8.922798e-01
 1.089790e+00 -1.383684e+00 -5.232759e-01
 9.886011e-01 -1.523485e+00 -2.907070e-01
 9.731527e-01 -1.708825e+00 -8.096960e-02
 1.078458e+00 -1.893683e+00 2.337535e-01
 1.310047e+00 -2.009239e+00 5.126709e-01
 1.631185e+00 -2.009339e+00 7.480364e-01
 1.975775e+00 -1.887293e+00 8.934001e-01
