 1.630233e-01 -7.794379e-01 1.643202e+00
 4.642879e-01 -5.476809e-01 2.039346e+00
 7.426992e-01 -1.141159e-01 2.222294e+00
 9.242359e-01 4.087476e-01 2.123665e+00
 9.278046e-01 8.831425e-01 1.769963e+00
 7.675406e-01 1.121711e+00 1.285247e+00
 4.568494e-01 1.067282e+00 7.081035e-01
 3.837321e-01 1.040798e+00 4.445928e-01
 3.741948e-01 1.038429e+00 2.389368e-01
 3.985543e-01 1.052801e+00 9.440099e-02
 4.595518e-01 1.123518e+00 -1.022334e-01
 5.828436e-01 1.274071e+00 -3.758511e-01
 6.772920e-01 1.323003e+00 -6.874762e-01
 7.235116e-01 1.283642e+00 -9.834549e-01
 7.308952e-01 1.182388e+00 -1.233256e+00
 7.029392e-01 1.044095e+00 -1.437933e+00
 6.432245e-01 8.990198e-01 -1.590945e+00
 5.658211e-01 7.530995e-01 -1.698559e+00
 4.755789e-01 5.978589e-01 -1.770311e+00
 3.782978e-01 4.402518e-01 -1.804514e+00
 2.484677e-01 2.613498e-01 -1.800554e+00
 1.214789e-01 9.506869e-02 -1.749985e+00
 -2.633762e-02 -1.324596e-01 -1.607457e+00
 -1.136781e-01 -2.939513e-01 -1.417499e+00
 -1.140371e-01 -4.324117e-01 -1.210782e+00
 -8.446192e-02 -5.662406e-01 -1.062300e+00
 8.115178e-02 -8.504406e-01 -7.764720e-01
 1.369054e-01 -9.340731e-01 -6.874231e-01
 3.371577e-01 -1.258822e+00 -2.452141e-01
 4.168665e-01 -1.447011e+00 -1.298360e-01
 5.019348e-01 -1.631563e+00 -6.013741e-02
 7.333105e-01 -1.830486e+00 2.319878e-02
 1.024229e+00 -1.937341e+00 1.465515e-01
 1.253314e+00 -1.945645e+00 2.657997e-01
 1.464922e+00 -1.892688e+00 4.136384e-01
 1.625328e+00 -1.793875e+00 5.680029e-01
 1.734281e+00 -1.666987e+00 7.142562e-01
 1.795651e+00 -1.531382e+00 8.487757e-01
 1.819472e+00 -1.399757e+00 9.639378e-01
 1.816877e+00 -1.265508e+00 1.065247e+00
 1.792433e+00 -1.118594e+00 1.155329e+00
 1.732867e+00 -9.352377e-01 1.239944e+00
 1.613610e+00 -7.087549e-01 1.305018e+00
 1.404105e+00 -4.556734e-01 1.318684e+00
 8.689652e-01 -8.380825e-02 1.193125e+00
 6.886584e-01 1.058826e-02 1.189424e+00
 4.317328e-01 1.363337e-01 1.234421e+00
 2.800982e-01 1.999650e-01 1.321979e+00
 -7.280459e-02 3.186235e-01 1.667421e+00
 -6.231082e-01 4.074471e-01 1.804838e+00
 -1.093947e+00 5.174413e-01 1.667197e+00
 -1.425106e+00 6.134938e-01 1.294411e+00
 -1.556732e+00 6.309073e-01 7.695642e-01
 -1.451874e+00 5.508780e-01 2.734306e-01
 -1.127898e+00 4.829844e-01 -9.948346e-02
 -9.937487e-01 3.981340e-01 -3.202136e-01
 -9.505167e-01 3.239942e-01 -5.205243e-01
 -9.751549e-01 1.249637e-01 -8.232645e-01
 -1.137748e+00 -3.772748e-01 -1.242931e+00
 -1.053947e+00 -7.275833e-01 -1.501198e+00
 -7.946700e-01 -1.016085e+00 -1.714265e+00
 -4.100509e-01 -1.187837e+00 -1.844319e+00
 2.856317e-02 -1.211472e+00 -1.869671e+00
 4.410294e-01 -1.082316e+00 -1.786848e+00
 7.509820e-01 -8.236682e-01 -1.611551e+00
 9.026219e-01 -4.915978e-01 -1.357061e+00
 8.608872e-01 -1.443125e-01 -1.070733e+00
 6.296672e-01 1.785235e-01 -8.541787e-01
 3.398908e-01 3.655661e-01 -7.859439e-01
 8.953764e-02 4.928516e-01 -8.135814e-01
 -1.343043e-01 7.122160e-01 -9.739572e-01
 -8.435802e-01 1.164857e+00 -1.735233e+00
 -1.370833e+00 1.460650e+00 -1.823004e+00
 -1.820872e+00 1.743049e+00 -1.580965e+00
 -2.066089e+00 1.925723e+00 -1.133275e+00
 -2.101136e+00 1.941772e+00 -6.234647e-01
 -1.927897e+00 1.821212e+00 -1.559960e-01
 -1.582884e+00 1.641745e+00 1.424255e-01
 -1.172889e+00 1.513934e+00 2.252562e-01
 -8.429763e-01 1.495689e+00 1.531783e-01
 -5.354963e-01 1.601489e+00 1.055937e-01
 -3.720382e-02 1.980165e+00 2.034153e-01
 4.215577e-01 2.064721e+00 3.221854e-01
 8.988960e-01 1.934986e+00 3.721963e-01
 1.240875e+00 1.632151e+00 3.459482e-01
 1.405906e+00 1.177845e+00 3.069932e-01
 1.333921e+00 6.502979e-01 2.799291e-01
 1.021598e+00 2.322483e-01 2.428274e-01
 -1.542357e-01 -2.891501e-01 2.779278e-02
 -7.698096e-01 -5.600253e-01 -5.999686e-02
 -1.089825e+00 -5.856248e-01 -6.894964e-02
 -1.445727e+00 -4.997082e-01 -1.444884e-01
 -1.752042e+00 -3.049988e-01 -2.988567e-01
 -1.920286e+00 -5.720604e-02 -4.720753e-01
 -1.977064e+00 2.653263e-01 -6.294258e-01
 -1.899607e+00 6.298381e-01 -7.537037e-01
 -1.693216e+00 9.537836e-01 -8.247568e-01
 -1.253578e+00 1.332846e+00 -7.852256e-01
 -1.081327e+00 1.748105e+00 -8.125328e-01
 -1.052702e+00 2.223394e+00 -5.727698e-01
 -1.021451e+00 2.514708e+00 -7.610788e-02
 -9.676040e-01 2.496998e+00 4.840242e-01
 -8.442522e-01 2.228785e+00 9.071691e-01
 -6.553391e-01 1.757125e+00 1.141751e+00
 -5.226156e-01 1.270821e+00 1.109750e+00
 -5.081420e-01 6.999640e-01 7.950624e-01
 -5.451313e-01 4.052038e-01 7.451965e-01
 -5.956932e-01 2.375765e-01 7.700387e-01
 -7.377999e-01 -4.947793e-02 8.785796e-01
 -9.859257e-01 -4.048939e-01 1.116089e+00
 -1.041244e+00 -7.616246e-01 1.313524e+00
 -9.307758e-01 -1.143459e+00 1.467819e+00
 -6.453340e-01 -1.513023e+00 1.536232e+00
 -2.791670e-01 -1.740575e+00 1.488394e+00
 1.088449e-01 -1.805419e+00 1.345140e+00
 4.690782e-01 -1.699301e+00 1.153873e+00
 7.322388e-01 -1.460478e+00 9.909462e-01
 8.183097e-01 -1.289148e+00 9.004252e-01
 8.885817e-01 -1.073916e+00 6.926920e-01
 1.067021e+00 -9.468561e-01 4.629668e-01
 1.244127e+00 -9.317526e-01 1.651709e-01
 1.343207e+00 -1.026084e+00 -1.993743e-01
 1.322200e+00 -1.209646e+00 -5.422125e-01
 1.165800e+00 -1.445518e+00 -8.300306e-01
 8.669701e-01 -1.699667e+00 -1.020161e+00
 4.711587e-01 -1.908320e+00 -1.052394e+00
 3.793505e-02 -2.013817e+00 -9.041669e-01
 -3.396036e-01 -1.984344e+00 -5.812435e-01
 -5.442168e-01 -1.821093e+00 -1.548057e-01
 -5.250801e-01 -1.571593e+00 2.621188e-01
 -1.148548e-01 -8.999982e-01 8.726224e-01
 -3.246586e-02 -7.893833e-01 1.115861e+00
