 1.676873e+00 -6.710374e-01 -1.660802e+00
 1.539871e+00 -9.697982e-01 -1.352730e+00
 1.371453e+00 -1.096730e+00 -9.539750e-01
 1.205924e+00 -1.027516e+00 -5.398794e-01
 9.311459e-01 -5.402234e-01 1.277065e-01
 8.135027e-01 -3.731903e-01 3.934729e-01
 7.958473e-01 -2.568466e-01 5.788447e-01
 9.111095e-01 -7.064699e-02 9.663686e-01
 9.184833e-01 1.556464e-01 1.235720e+00
 8.148555e-01 3.756398e-01 1.455539e+00
 6.159818e-01 5.965251e-01 1.599852e+00
 3.658090e-01 7.809247e-01 1.654494e+00
 6.311962e-02 9.187263e-01 1.626380e+00
 -3.021228e-01 1.003433e+00 1.494172e+00
 -5.865287e-01 9.966504e-01 1.300093e+00
 -8.953220e-01 8.947270e-01 9.194775e-01
 -1.055435e+00 9.061503e-01 7.201798e-01
 -1.233729e+00 9.850177e-01 5.438555e-01
 -1.354748e+00 1.150518e+00 2.551402e-01
 -1.368351e+00 1.257929e+00 -3.313854e-02
 -1.303545e+00 1.283320e+00 -3.322739e-01
 -1.188536e+00 1.208867e+00 -6.260218e-01
 -1.034577e+00 1.036781e+00 -8.685846e-01
 -8.187799e-01 7.428805e-01 -1.059577e+00
 -5.157750e-01 3.661466e-01 -1.125791e+00
 -3.400540e-01 1.904136e-01 -1.272092e+00
 -1.406803e-01 1.084794e-01 -1.419103e+00
 -1.540058e-02 8.426172e-02 -1.471178e+00
 1.793147e-01 4.954972e-02 -1.501008e+00
 4.557043e-01 -5.438642e-03 -1.477863e+00
 6.826351e-01 -4.448751e-02 -1.399706e+00
 8.893540e-01 -7.667556e-02 -1.264968e+00
 1.136403e+00 -7.711307e-02 -1.016295e+00
 1.338926e+00 -7.311941e-02 -8.889094e-01
 1.571658e+00 -8.219192e-02 -8.209034e-01
 1.818326e+00 2.987594e-03 -7.765536e-01
 2.063697e+00 1.830397e-01 -6.898516e-01
 2.222859e+00 4.014199e-01 -5.663701e-01
 2.298636e+00 6.436266e-01 -3.955522e-01
 2.285852e+00 8.729037e-01 -1.821192e-01
 2.178125e+00 1.066365e+00 4.741000e-02
 1.961229e+00 1.221279e+00 3.015152e-01
 1.691829e+00 1.289191e+00 4.899613e-01
 1.381570e+00 1.278632e+00 6.126720e-01
 1.067272e+00 1.191363e+00 6.585348e-01
 3.842041e-01 7.874908e-01 6.149612e-01
 3.194502e-02 4.210138e-01 7.262403e-01
 -6.910268e-02 2.295668e-01 8.618061e-01
 -9.722765e-02 -4.240660e-02 1.252295e+00
 2.486957e-01 -7.282730e-01 1.986041e+00
 4.537224e-01 -1.116725e+00 2.126409e+00
 6.530531e-01 -1.534014e+00 2.061942e+00
 7.932489e-01 -1.896432e+00 1.807284e+00
 8.456488e-01 -2.131620e+00 1.420000e+00
 8.185362e-01 -2.190496e+00 9.787328e-01
 7.196989e-01 -2.066845e+00 5.621910e-01
 5.479910e-01 -1.795529e+00 2.496257e-01
 3.330934e-01 -1.438304e+00 1.038795e-01
 9.435867e-02 -1.092134e+00 1.443894e-01
 -6.660695e-02 -8.452825e-01 3.059570e-01
 -2.319578e-01 -7.485264e-01 4.802068e-01
 -4.868624e-01 -7.383010e-01 6.437955e-01
 -6.475829e-01 -7.681544e-01 8.052821e-01
 -9.974732e-01 -9.534298e-01 1.105180e+00
 -1.388776e+00 -1.019991e+00 1.245572e+00
 -1.809363e+00 -9.716064e-01 1.257850e+00
 -2.186625e+00 -8.146033e-01 1.138152e+00
 -2.456695e+00 -5.718210e-01 9.030665e-01
 -2.569964e+00 -2.715886e-01 5.995144e-01
 -2.486820e+00 1.259162e-02 2.817948e-01
 -2.216067e+00 2.239628e-01 -3.365653e-02
 -1.821118e+00 3.101219e-01 -2.454761e-01
 -1.461863e+00 2.735252e-01 -2.998987e-01
 -1.010916e+00 2.736820e-01 -1.673803e-01
 -7.098737e-01 4.014356e-01 -9.593517e-02
 -5.352007e-01 5.923937e-01 -9.074729e-02
 -3.818751e-01 9.450071e-01 -6.433583e-02
 -3.482809e-01 1.374907e+00 1.433959e-01
 -4.986916e-01 1.714211e+00 4.099728e-01
 -7.877911e-01 1.903540e+00 7.180978e-01
 -1.134732e+00 1.895132e+00 1.022396e+00
 -1.464405e+00 1.679481e+00 1.276213e+00
 -1.718974e+00 1.301387e+00 1.406651e+00
 -1.844200e+00 8.431445e-01 1.380217e+00
 -1.811784e+00 4.051675e-01 1.203294e+00
 -1.522693e+00 -1.705880e-01 6.455942e-01
 -1.562699e+00 -4.714236e-01 3.847513e-01
 -1.868480e+00 -8.490529e-01 -1.232903e-02
 -1.903527e+00 -1.108721e+00 -3.955614e-01
 -1.725269e+00 -1.347313e+00 -7.612067e-01
 -1.381854e+00 -1.501101e+00 -1.021988e+00
 -9.480553e-01 -1.501013e+00 -1.169350e+00
 -4.902049e-01 -1.321749e+00 -1.188206e+00
 -1.380994e-01 -1.032777e+00 -1.034655e+00
 1.847949e-01 -3.211515e-01 -5.375610e-01
 2.796827e-01 1.144967e-01 -4.634379e-01
 3.588684e-01 4.986328e-01 -5.920540e-01
 3.669060e-01 8.152371e-01 -8.436706e-01
 2.643500e-01 1.033069e+00 -1.203024e+00
 4.305128e-02 1.103123e+00 -1.587992e+00
 -2.299130e-01 1.011360e+00 -1.895205e+00
 -5.373703e-01 7.968922e-01 -2.076803e+00
 -8.469841e-01 5.173797e-01 -2.098921e+00
 -1.094149e+00 2.277513e-01 -1.969693e+00
 -1.236484e+00 -5.478786e-02 -1.723413e+00
 -1.257597e+00 -2.807989e-01 -1.400838e+00
 -9.783574e-01 -6.686273e-01 -5.262342e-01
 -8.917541e-01 -8.765968e-01 -3.481413e-01
 -8.750599e-01 -1.568018e+00 5.918699e-02
 -4.507451e-01 -1.821979e+00 7.394786e-01
 4.601406e-02 -1.495612e+00 1.148340e+00
 4.336066e-01 -1.221425e+00 1.105524e+00
 1.233096e+00 -1.087280e+00 1.009409e+00
 1.587447e+00 -8.722888e-01 8.644091e-01
 1.801262e+00 -5.377882e-01 6.817345e-01
 1.830616e+00 -1.624775e-01 4.688684e-01
 1.693585e+00 1.537267e-01 2.991220e-01
 1.338254e+00 4.584752e-01 1.958380e-03
 1.269949e+00 6.596622e-01 -1.962761e-01
 1.309430e+00 8.619467e-01 -4.644463e-01
 1.399144e+00 9.475808e-01 -8.891535e-01
 1.535561e+00 8.498462e-01 -1.288680e+00
 1.667689e+00 5.755070e-01 -1.616410e+00
 1.757428e+00 1.786295e-01 -1.798839e+00
 1.761416e+00 -2.608037e-01 -1.815405e+00
