 1.573858e+00 -1.684389e+00 -1.031643e-02
 1.538446e+00 -1.901835e+00 -3.988795e-01
 1.359750e+00 -1.991644e+00 -7.884644e-01
 1.057333e+00 -1.954297e+00 -1.104399e+00
 6.890825e-01 -1.780249e+00 -1.297604e+00
 3.469249e-01 -1.490237e+00 -1.334668e+00
 1.189364e-01 -1.127990e+00 -1.228571e+00
 4.549113e-02 -7.462190e-01 -1.000486e+00
 1.368462e-01 -4.607713e-01 -7.180948e-01
 3.373493e-01 -2.484817e-01 -5.466322e-01
 5.985819e-01 -9.326628e-02 -4.863380e-01
 8.019224e-01 -4.699696e-02 -4.222866e-01
 1.620261e+00 -7.299588e-03 -2.006637e-01
 1.935585e+00 1.279106e-01 -4.544826e-02
 2.158834e+00 3.589038e-01 1.510988e-01
 2.259121e+00 6.528001e-01 3.638856e-01
 2.222582e+00 9.681916e-01 5.656932e-01
 2.055293e+00 1.258953e+00 7.298055e-01
 1.762945e+00 1.517283e+00 8.265676e-01
 1.419039e+00 1.655907e+00 8.417650e-01
 1.014943e+00 1.668959e+00 7.761370e-01
 6.792786e-01 1.572220e+00 6.351539e-01
 4.181314e-01 1.363270e+00 4.535828e-01
 1.379827e-01 7.884775e-01 1.160568e-01
 -9.565739e-02 6.807695e-01 -1.215064e-01
 -6.388718e-01 8.380856e-01 -6.070655e-01
 -1.134757e+00 7.971773e-01 -7.608021e-01
 -1.546791e+00 5.460247e-01 -8.059704e-01
 -1.804763e+00 1.427020e-01 -7.339699e-01
 -1.878938e+00 -3.011144e-01 -5.241841e-01
 -1.749242e+00 -6.777245e-01 -2.182749e-01
 -1.378551e+00 -9.540671e-01 1.395323e-01
 -1.274909e+00 -1.085729e+00 2.510330e-01
 -1.199827e+00 -1.278846e+00 3.872781e-01
 -1.105939e+00 -1.536760e+00 4.394790e-01
 -9.769926e-01 -1.767295e+00 4.224911e-01
 -7.771404e-01 -1.975274e+00 3.503009e-01
 -5.224067e-01 -2.110893e+00 2.409395e-01
 -2.428136e-01 -2.153962e+00 1.187384e-01
 3.482210e-02 -2.100262e+00 -1.153187e-02
 2.885538e-01 -1.957013e+00 -1.229801e-01
 4.853021e-01 -1.745031e+00 -2.133656e-01
 7.113191e-01 -1.261641e+00 -3.991100e-01
 9.501209e-01 -1.070915e+00 -5.788716e-01
 1.118860e+00 -8.176066e-01 -1.036156e+00
 9.079082e-01 -3.654242e-01 -1.466312e+00
 3.890598e-01 2.484050e-01 -1.523065e+00
 2.995739e-01 6.335395e-01 -1.689708e+00
 4.703142e-01 1.143624e+00 -1.780080e+00
 8.401747e-01 1.563596e+00 -1.644517e+00
 1.200363e+00 1.759062e+00 -1.289729e+00
 1.439690e+00 1.723872e+00 -7.509726e-01
 1.488750e+00 1.435759e+00 -2.598810e-01
 1.282012e+00 8.968489e-01 1.421942e-01
 1.217716e+00 6.757926e-01 5.111253e-01
 1.199754e+00 6.266494e-01 1.500781e+00
 9.826587e-01 6.464257e-01 1.922080e+00
 5.843309e-01 6.548061e-01 2.212323e+00
 1.234982e-01 6.227186e-01 2.293232e+00
 -3.048803e-01 5.627367e-01 2.161702e+00
 -6.481970e-01 5.316247e-01 1.830008e+00
 -8.137776e-01 5.635835e-01 1.363788e+00
 -7.754352e-01 6.785376e-01 9.958853e-01
 -6.926972e-01 8.460356e-01 7.651105e-01
 -7.092948e-01 1.290046e+00 4.485598e-01
 -6.174062e-01 1.542732e+00 2.255526e-01
 -4.720593e-01 1.695636e+00 3.634772e-03
 -2.871311e-01 1.756222e+00 -2.121207e-01
 -7.132466e-02 1.725248e+00 -4.086226e-01
 1.630243e-01 1.597845e+00 -5.751316e-01
 4.176046e-01 1.357551e+00 -6.989785e-01
 6.382957e-01 1.046991e+00 -7.555591e-01
 8.192991e-01 8.765045e-01 -8.332368e-01
 1.021664e+00 7.882208e-01 -9.412536e-01
 1.236813e+00 7.185993e-01 -1.180838e+00
 1.342067e+00 6.795647e-01 -1.417900e+00
 1.365775e+00 6.267310e-01 -1.705436e+00
 1.295211e+00 5.403287e-01 -2.000373e+00
 1.121194e+00 4.168775e-01 -2.264974e+00
 8.764659e-01 2.454706e-01 -2.448131e+00
 5.808791e-01 6.839259e-02 -2.521511e+00
 2.491175e-01 -7.938418e-02 -2.480445e+00
 -7.101966e-02 -1.756426e-01 -2.324220e+00
 -3.297657e-01 -2.139556e-01 -2.072636e+00
 -7.372220e-01 -1.743330e-01 -1.280408e+00
 -8.140990e-01 -1.862200e-01 -9.957076e-01
 -8.416575e-01 -1.863458e-01 -5.074164e-01
 -9.241669e-01 -5.817465e-02 -1.736161e-01
 -1.147766e+00 1.706433e-01 6.911929e-02
 -1.517963e+00 4.920780e-01 2.961496e-01
 -1.653119e+00 7.048405e-01 4.612899e-01
 -1.707537e+00 9.249982e-01 6.608907e-01
 -1.675829e+00 1.133407e+00 8.758530e-01
 -1.560656e+00 1.313134e+00 1.081733e+00
 -1.369323e+00 1.456551e+00 1.259905e+00
 -1.120787e+00 1.555260e+00 1.387828e+00
 -8.412984e-01 1.590522e+00 1.462644e+00
 -5.485959e-01 1.551276e+00 1.490245e+00
 -2.592960e-01 1.430057e+00 1.473847e+00
 -4.818710e-02 1.270540e+00 1.419273e+00
 1.229975e-01 1.033625e+00 1.352146e+00
 1.993784e-01 7.605733e-01 1.260000e+00
 2.085670e-01 4.935049e-01 1.240013e+00
 2.318783e-01 2.954029e-02 1.432620e+00
 2.159544e-01 -2.534101e-01 1.473573e+00
 1.836458e-01 -5.292440e-01 1.438482e+00
 1.351287e-01 -7.732706e-01 1.333901e+00
 6.830281e-02 -9.700145e-01 1.176417e+00
 -3.057390e-03 -1.105231e+00 9.843300e-01
 -6.438585e-02 -1.182705e+00 7.573935e-01
 -1.178985e-01 -1.198974e+00 4.806198e-01
 -2.656937e-01 -1.106029e+00 4.187914e-02
 -3.696283e-01 -1.188501e+00 -1.895298e-01
 -5.407087e-01 -1.330343e+00 -4.154323e-01
 -8.614925e-01 -1.527210e+00 -5.712204e-01
 -1.241581e+00 -1.700591e+00 -5.661963e-01
 -1.629164e+00 -1.789269e+00 -4.058829e-01
 -1.940436e+00 -1.772823e+00 -1.258666e-01
 -2.136863e+00 -1.644110e+00 1.932278e-01
 -2.209352e+00 -1.423081e+00 5.084856e-01
 -2.140188e+00 -1.160989e+00 7.915897e-01
 -1.944391e+00 -8.958146e-01 9.968096e-01
 -1.653109e+00 -6.666923e-01 1.098548e+00
 -1.312855e+00 -5.018500e-01 1.083172e+00
 -5.452472e-01 -2.685503e-01 7.605981e-01
 -4.994898e-02 -1.548905e-01 4.488536e-01
 4.183407e-01 -3.236600e-01 4.733521e-01
 1.232177e+00 -1.028950e+00 4.523903e-01
 1.467014e+00 -1.371273e+00 2.908558e-01
