 -9.537871e-01 -5.781706e-01 -7.650630e-01
 -8.065365e-01 -5.360668e-01 -3.610871e-01
 -4.674870e-02 -6.349041e-01 4.713223e-01
 7.481541e-02 -6.792949e-01 6.422016e-01
 2.843648e-01 -8.975198e-01 1.061810e+00
 6.081486e-01 -9.354383e-01 1.383055e+00
 9.648694e-01 -8.036940e-01 1.552408e+00
 1.305860e+00 -5.162016e-01 1.596465e+00
 1.566927e+00 -6.874158e-02 1.510220e+00
 1.644655e+00 3.102481e-01 1.324549e+00
 1.573766e+00 6.359110e-01 1.050601e+00
 1.366542e+00 8.472728e-01 7.365076e-01
 3.947647e-01 1.058047e+00 -1.302766e-01
 2.218908e-01 1.177430e+00 -3.526802e-01
 1.451845e-01 1.320599e+00 -5.252081e-01
 1.300270e-01 1.474880e+00 -7.398902e-01
 2.078194e-01 1.609693e+00 -1.045175e+00
 3.639126e-01 1.651810e+00 -1.347515e+00
 5.590545e-01 1.588606e+00 -1.619592e+00
 7.638524e-01 1.417590e+00 -1.840616e+00
 9.388256e-01 1.155266e+00 -1.991081e+00
 1.068197e+00 8.503456e-01 -2.044141e+00
 1.142510e+00 5.248602e-01 -2.001472e+00
 1.147335e+00 2.164723e-01 -1.871103e+00
 1.062025e+00 -6.040552e-02 -1.674034e+00
 9.070439e-01 -2.269322e-01 -1.490892e+00
 6.979855e-01 -3.249446e-01 -1.370677e+00
 5.198704e-01 -4.417072e-01 -1.327697e+00
 4.252468e-01 -5.459791e-01 -1.295998e+00
 3.060802e-01 -6.886202e-01 -1.211350e+00
 -6.864443e-02 -1.111676e+00 -7.924579e-01
 -2.684952e-01 -1.359207e+00 -7.041542e-01
 -3.639915e-01 -1.686294e+00 -6.475384e-01
 -3.373720e-01 -2.005018e+00 -5.633407e-01
 -2.164053e-01 -2.269096e+00 -4.411563e-01
 -1.416672e-02 -2.466570e+00 -2.691802e-01
 2.318772e-01 -2.566962e+00 -5.148022e-02
 5.245300e-01 -2.548336e+00 2.067691e-01
 7.630734e-01 -2.426799e+00 4.017288e-01
 9.692891e-01 -2.216241e+00 5.462926e-01
 1.121821e+00 -1.941217e+00 6.274572e-01
 1.205455e+00 -1.633962e+00 6.394496e-01
 1.195358e+00 -7.808035e-01 5.377023e-01
 1.028347e+00 -2.783508e-01 6.271787e-01
 8.704124e-01 -5.248143e-02 7.512067e-01
 7.019584e-01 7.610643e-02 9.573393e-01
 4.551931e-01 7.981154e-02 1.415192e+00
 7.933456e-02 -1.064784e-01 2.012479e+00
 -3.057597e-01 -2.132470e-01 2.244488e+00
 -7.627290e-01 -2.726851e-01 2.287031e+00
 -1.199136e+00 -2.689620e-01 2.131947e+00
 -1.525455e+00 -1.993552e-01 1.812561e+00
 -1.676448e+00 -9.709405e-02 1.383061e+00
 -1.615175e+00 2.892228e-03 9.359935e-01
 -1.356306e+00 1.262528e-01 5.657129e-01
 -9.769264e-01 2.428217e-01 3.624614e-01
 -5.898855e-01 3.646183e-01 3.536117e-01
 -2.099711e-01 5.472390e-01 5.198492e-01
 6.988560e-02 9.147053e-01 9.591494e-01
 9.464262e-02 1.029655e+00 1.352083e+00
 -5.715820e-02 1.082139e+00 1.756686e+00
 -3.809476e-01 1.134141e+00 2.069996e+00
 -8.051673e-01 1.178110e+00 2.212189e+00
 -1.247551e+00 1.201117e+00 2.159052e+00
 -1.626640e+00 1.204003e+00 1.921128e+00
 -1.868587e+00 1.202173e+00 1.544502e+00
 -1.927952e+00 1.196097e+00 1.102483e+00
 -1.797012e+00 1.181296e+00 6.823011e-01
 -1.498402e+00 1.190970e+00 3.510993e-01
 -1.121965e+00 1.232227e+00 2.003131e-01
 -7.417893e-01 1.363404e+00 1.923472e-01
 -1.831709e-01 1.866031e+00 3.019584e-01
 2.689192e-01 2.052427e+00 2.008428e-01
 7.012570e-01 2.050129e+00 -4.804507e-02
 1.025515e+00 1.848374e+00 -3.860707e-01
 1.164807e+00 1.488914e+00 -6.761163e-01
 1.095049e+00 1.078523e+00 -8.977439e-01
 8.359959e-01 7.655280e-01 -1.051374e+00
 5.702417e-01 6.668070e-01 -1.164079e+00
 3.363848e-01 6.247975e-01 -1.354059e+00
 1.702700e-01 4.957928e-01 -1.675754e+00
 1.262898e-01 2.307924e-01 -2.015431e+00
 2.202714e-01 -1.294015e-01 -2.261262e+00
 4.104036e-01 -5.177057e-01 -2.345606e+00
 6.529994e-01 -8.780032e-01 -2.247031e+00
 9.097662e-01 -1.137797e+00 -1.977189e+00
 1.138920e+00 -1.232727e+00 -1.588265e+00
 1.270421e+00 -1.149189e+00 -1.158264e+00
 1.219015e+00 -9.527405e-01 -7.476869e-01
 9.961125e-01 -6.627740e-01 -4.378142e-01
 6.405106e-01 -2.913952e-01 -3.083589e-01
 -3.937132e-01 4.267365e-01 -6.328729e-01
 -6.757804e-01 7.740257e-01 -7.511339e-01
 -9.500160e-01 1.410789e+00 -8.210630e-01
 -1.097176e+00 1.794664e+00 -6.832232e-01
 -1.211475e+00 2.092584e+00 -3.850495e-01
 -1.274116e+00 2.246976e+00 2.160877e-02
 -1.275442e+00 2.225609e+00 4.594844e-01
 -1.182991e+00 2.042259e+00 8.558434e-01
 -1.021322e+00 1.707104e+00 1.134694e+00
 -8.989228e-01 1.375364e+00 1.201228e+00
 -9.112881e-01 1.081553e+00 1.186262e+00
 -9.368373e-01 8.062067e-01 1.257012e+00
 -8.331965e-01 5.173940e-01 1.372741e+00
 -6.847069e-01 2.116012e-01 1.367105e+00
 -6.343093e-01 -1.372565e-01 1.260895e+00
 -7.947438e-01 -7.006862e-01 1.168017e+00
 -8.035951e-01 -1.006864e+00 1.043372e+00
 -7.121210e-01 -1.286085e+00 8.820493e-01
 -5.369442e-01 -1.497956e+00 6.953902e-01
 -2.953966e-01 -1.622620e+00 5.034740e-01
 -4.230758e-02 -1.648092e+00 3.581150e-01
 3.499855e-01 -1.537044e+00 8.200169e-02
 5.716702e-01 -1.597703e+00 -1.679316e-01
 6.724815e-01 -1.739881e+00 -4.563081e-01
 6.317836e-01 -1.865316e+00 -8.707505e-01
 4.394079e-01 -1.874331e+00 -1.267862e+00
 1.338219e-01 -1.777537e+00 -1.561776e+00
 -2.181641e-01 -1.570698e+00 -1.714489e+00
 -5.511646e-01 -1.286767e+00 -1.696618e+00
 -8.126851e-01 -9.904572e-01 -1.505487e+00
 -9.563546e-01 -7.393088e-01 -1.174499e+00
