 -2.424216e-03 -2.659101e+00 1.736088e-01
 -4.198210e-01 -2.584117e+00 2.767037e-01
 -7.474200e-01 -2.366710e+00 4.540718e-01
 -9.309286e-01 -2.049919e+00 6.729651e-01
 -9.434959e-01 -1.692314e+00 8.947558e-01
 -7.876427e-01 -1.345564e+00 1.078575e+00
 -4.865291e-01 -1.053748e+00 1.170939e+00
 2.228380e-01 -7.436902e-01 1.162299e+00
 4.649498e-01 -5.591381e-01 1.143675e+00
 1.023807e+00 -3.449097e-01 1.164694e+00
 1.345887e+00 -4.694723e-02 1.095576e+00
 1.513823e+00 3.183763e-01 9.839116e-01
 1.516171e+00 7.040050e-01 8.552060e-01
 1.360249e+00 1.034095e+00 7.056405e-01
 1.067257e+00 1.277286e+00 5.564947e-01
 6.677509e-01 1.397712e+00 4.496145e-01
 3.037552e-01 1.368973e+00 4.059475e-01
 -3.560895e-01 1.036470e+00 2.783304e-01
 -6.297916e-01 9.810453e-01 2.836962e-01
 -1.094770e+00 1.076277e+00 3.423991e-01
 -1.523557e+00 9.750654e-01 3.913744e-01
 -1.896557e+00 6.888709e-01 3.955094e-01
 -2.069592e+00 3.729459e-01 3.600120e-01
 -2.104749e+00 -2.680497e-02 3.130920e-01
 -2.001771e+00 -3.922114e-01 2.697418e-01
 -1.783671e+00 -6.849340e-01 2.296813e-01
 -1.478087e+00 -8.805290e-01 1.981040e-01
 -1.126227e+00 -9.562802e-01 1.757994e-01
 -7.773947e-01 -9.074099e-01 1.731000e-01
 -2.717042e-01 -6.449653e-01 2.059908e-01
 5.383870e-02 -5.909589e-01 1.851679e-01
 3.792370e-01 -6.391317e-01 1.366349e-01
 1.415340e+00 -7.860884e-01 2.343711e-01
 1.774442e+00 -9.703124e-01 3.951483e-01
 2.000729e+00 -1.267379e+00 6.201532e-01
 2.052568e+00 -1.621651e+00 8.647252e-01
 1.923737e+00 -1.970248e+00 1.083225e+00
 1.640141e+00 -2.253078e+00 1.235956e+00
 1.254557e+00 -2.419636e+00 1.299681e+00
 8.318824e-01 -2.434334e+00 1.281173e+00
 4.547818e-01 -2.290714e+00 1.202613e+00
 1.860597e-01 -2.068304e+00 1.029045e+00
 7.226960e-02 -1.863374e+00 8.336193e-01
 3.243685e-02 -1.673522e+00 5.185047e-01
 2.888637e-02 -1.581752e+00 -9.312888e-02
 -4.737588e-04 -1.430615e+00 -4.009431e-01
 -2.813667e-02 -1.191289e+00 -6.380878e-01
 -3.564929e-02 -8.832640e-01 -7.870633e-01
 -2.218784e-02 -5.402366e-01 -8.276316e-01
 2.416851e-03 -2.499200e-01 -7.624268e-01
 2.474005e-02 1.149100e-01 -5.766714e-01
 1.098308e-01 4.295325e-01 -4.846162e-01
 1.738936e-01 6.084118e-01 -4.881391e-01
 3.143282e-01 1.004052e+00 -5.910731e-01
 3.925945e-01 1.694722e+00 -6.331581e-01
 3.814342e-01 2.074511e+00 -8.190265e-01
 3.306141e-01 2.348247e+00 -1.139248e+00
 2.499213e-01 2.467561e+00 -1.539300e+00
 1.542776e-01 2.410620e+00 -1.951020e+00
 6.141932e-02 2.185458e+00 -2.303145e+00
 -1.532873e-02 1.829066e+00 -2.532725e+00
 -6.880388e-02 1.406174e+00 -2.593926e+00
 -1.146825e-01 1.004094e+00 -2.475045e+00
 -9.611450e-02 6.878570e-01 -2.224956e+00
 -1.765256e-02 5.214487e-01 -1.949382e+00
 1.891522e-01 4.228629e-01 -1.646030e+00
 7.687251e-01 3.007225e-01 -1.264577e+00
 9.979262e-01 2.401738e-01 -9.565582e-01
 1.101702e+00 2.149423e-01 -6.230522e-01
 1.092443e+00 2.305759e-01 -2.711456e-01
 9.753138e-01 2.838517e-01 4.122103e-02
 6.792431e-01 3.328773e-01 3.865448e-01
 5.265298e-01 4.081289e-01 6.710109e-01
 4.901100e-01 4.708311e-01 8.446968e-01
 5.667362e-01 6.748789e-01 1.297751e+00
 4.574994e-01 8.098162e-01 1.689572e+00
 1.721995e-01 8.846646e-01 2.046405e+00
 -1.768033e-01 8.603348e-01 2.249402e+00
 -5.940563e-01 7.548982e-01 2.299198e+00
 -9.935985e-01 6.004916e-01 2.172094e+00
 -1.274446e+00 4.190209e-01 1.908397e+00
 -1.408716e+00 2.418840e-01 1.545193e+00
 -1.373645e+00 1.010728e-01 1.156785e+00
 -1.092764e+00 3.552653e-02 5.549738e-01
 -1.085968e+00 5.962759e-02 1.982549e-01
 -1.167589e+00 1.202124e-01 -7.268515e-02
 -1.292096e+00 2.126358e-01 -2.837870e-01
 -1.653777e+00 5.405863e-01 -6.956958e-01
 -1.716862e+00 8.489248e-01 -1.060018e+00
 -1.556617e+00 1.153822e+00 -1.396864e+00
 -1.207881e+00 1.392290e+00 -1.629437e+00
 -7.470529e-01 1.515550e+00 -1.703364e+00
 -1.745801e-01 1.499081e+00 -1.574605e+00
 4.972099e-02 1.458540e+00 -1.571554e+00
 3.165005e-01 1.440024e+00 -1.635786e+00
 5.674961e-01 1.366049e+00 -1.788195e+00
 7.884948e-01 1.178950e+00 -2.006589e+00
 9.090933e-01 8.950690e-01 -2.225185e+00
 9.280658e-01 5.246898e-01 -2.370075e+00
 8.201679e-01 1.427907e-01 -2.424286e+00
 5.959335e-01 -1.897398e-01 -2.383066e+00
 2.889646e-01 -4.189436e-01 -2.251828e+00
 -5.334025e-02 -5.069841e-01 -2.050603e+00
 -3.765338e-01 -4.380522e-01 -1.811384e+00
 -6.259121e-01 -2.243106e-01 -1.575401e+00
 -7.500930e-01 9.285414e-02 -1.350190e+00
 -6.869435e-01 7.157549e-01 -1.024508e+00
 -7.094392e-01 9.943352e-01 -8.062679e-01
 -6.858771e-01 1.665792e+00 -5.023199e-01
 -6.529104e-01 1.989831e+00 -2.744806e-02
 -6.535816e-01 2.019685e+00 5.295838e-01
 -6.183881e-01 1.762673e+00 1.001795e+00
 -5.516239e-01 1.273902e+00 1.283636e+00
 -4.711259e-01 6.047300e-01 1.278902e+00
 -3.990286e-01 3.301665e-01 1.373325e+00
 -2.982795e-01 9.805110e-02 1.565057e+00
 -3.004841e-02 -2.058973e-01 2.000411e+00
 2.499675e-01 -5.172032e-01 2.166452e+00
 5.407905e-01 -8.622975e-01 2.137201e+00
 7.888522e-01 -1.170575e+00 1.916895e+00
 9.582269e-01 -1.384584e+00 1.533624e+00
 1.028019e+00 -1.453135e+00 1.035562e+00
 1.028236e+00 -1.537485e+00 8.154918e-01
 1.057730e+00 -1.710028e+00 5.734764e-01
 9.964000e-01 -2.004617e+00 3.625208e-01
 7.647405e-01 -2.342166e+00 2.119255e-01
 4.329851e-01 -2.570839e+00 1.643342e-01
