 -4.075372e-01 -5.715836e-01 1.224917e+00
 -8.447515e-01 -5.515182e-01 1.502980e+00
 -1.207999e+00 -3.778043e-01 1.609537e+00
 -1.551101e+00 -8.510430e-02 1.544935e+00
 -1.827091e+00 2.612885e-01 1.252924e+00
 -1.897083e+00 5.310160e-01 8.620107e-01
 -1.764890e+00 7.095274e-01 4.353643e-01
 -1.459764e+00 7.566340e-01 6.711416e-02
 -6.377120e-01 5.382474e-01 -4.173077e-01
 -4.351045e-01 4.192602e-01 -6.078143e-01
 -2.163771e-01 3.554233e-01 -9.021984e-01
 -5.468738e-02 4.730571e-01 -1.293925e+00
 1.253685e-01 8.053613e-01 -1.595942e+00
 3.192905e-01 1.244499e+00 -1.679909e+00
 4.995653e-01 1.684216e+00 -1.526302e+00
 6.658693e-01 1.995428e+00 -1.164386e+00
 7.713877e-01 2.102624e+00 -6.901326e-01
 8.011283e-01 1.983468e+00 -2.166258e-01
 7.895511e-01 1.682197e+00 1.146091e-01
 8.359417e-01 1.358128e+00 2.294458e-01
 9.439399e-01 1.164439e+00 2.979209e-01
 1.073175e+00 9.626718e-01 4.538475e-01
 1.153148e+00 2.935662e-01 9.009291e-01
 1.317060e+00 4.666056e-02 1.144548e+00
 1.461228e+00 -6.850147e-02 1.546794e+00
 1.438276e+00 -6.992355e-02 1.975088e+00
 1.237430e+00 2.709726e-03 2.351764e+00
 8.752344e-01 9.924708e-02 2.609832e+00
 3.815504e-01 1.977786e-01 2.690004e+00
 -6.202632e-02 3.066073e-01 2.543086e+00
 -3.853455e-01 4.049323e-01 2.209219e+00
 -7.107185e-01 4.645755e-01 1.230326e+00
 -8.964051e-01 2.466924e-01 7.832670e-01
 -1.054314e+00 -3.666628e-02 6.132146e-01
 -1.297340e+00 -4.029608e-01 5.806696e-01
 -1.390137e+00 -6.751973e-01 5.170842e-01
 -1.446555e+00 -9.570620e-01 3.429536e-01
 -1.425801e+00 -1.191940e+00 8.995766e-02
 -1.322867e+00 -1.347857e+00 -1.953981e-01
 -1.155762e+00 -1.410057e+00 -4.863786e-01
 -7.871083e-01 -1.331918e+00 -9.811650e-01
 -6.560105e-01 -1.390885e+00 -1.231327e+00
 -4.369961e-01 -1.500472e+00 -1.429203e+00
 -1.247345e-01 -1.542997e+00 -1.569762e+00
 2.160042e-01 -1.482598e+00 -1.626794e+00
 5.384936e-01 -1.320179e+00 -1.605774e+00
 7.872677e-01 -1.092619e+00 -1.514364e+00
 9.634043e-01 -8.219034e-01 -1.331379e+00
 1.019950e+00 -5.499407e-01 -1.102756e+00
 9.550912e-01 -3.004914e-01 -8.499475e-01
 4.604133e-01 2.339321e-01 -1.549762e-01
 9.678621e-02 5.943666e-01 3.820664e-01
 7.116110e-02 8.495836e-01 7.399870e-01
 2.290125e-01 1.182983e+00 1.043865e+00
 5.028021e-01 1.495712e+00 1.183891e+00
 8.485236e-01 1.692101e+00 1.192140e+00
 1.222628e+00 1.786997e+00 1.073816e+00
 1.545880e+00 1.809119e+00 8.214510e-01
 1.756768e+00 1.757050e+00 4.781538e-01
 1.822050e+00 1.645930e+00 9.613690e-02
 1.734176e+00 1.486101e+00 -2.657415e-01
 1.504083e+00 1.299330e+00 -5.514957e-01
 1.143567e+00 1.134334e+00 -7.216682e-01
 7.496200e-01 1.054354e+00 -7.393345e-01
 5.083295e-01 1.083321e+00 -6.806278e-01
 2.324095e-01 1.222158e+00 -6.199128e-01
 -8.215934e-02 1.378603e+00 -7.266012e-01
 -4.498009e-01 1.389519e+00 -9.584578e-01
 -7.454681e-01 1.235045e+00 -1.165866e+00
 -9.969683e-01 9.195529e-01 -1.314904e+00
 -1.107742e+00 5.170570e-01 -1.401080e+00
 -1.057362e+00 -8.340408e-02 -1.395233e+00
 -1.146711e+00 -4.111601e-01 -1.434108e+00
 -1.513454e+00 -9.137377e-01 -1.573948e+00
 -1.630980e+00 -1.319172e+00 -1.571115e+00
 -1.594850e+00 -1.733354e+00 -1.485941e+00
 -1.406952e+00 -2.085293e+00 -1.336117e+00
 -1.104355e+00 -2.310492e+00 -1.134330e+00
 -7.403688e-01 -2.364806e+00 -9.031181e-01
 -3.706832e-01 -2.232649e+00 -6.967464e-01
 -5.617456e-02 -1.933621e+00 -5.738599e-01
 1.386692e-01 -1.519842e+00 -5.681833e-01
 1.712589e-01 -1.059941e+00 -6.902973e-01
 5.866073e-02 -7.793706e-01 -8.567884e-01
 -1.780583e-02 -6.159961e-01 -1.090400e+00
 -2.183609e-01 -4.180928e-01 -1.898644e+00
 -4.736859e-01 -3.136818e-01 -2.218308e+00
 -8.376362e-01 -1.959452e-01 -2.400722e+00
 -1.245729e+00 -8.628009e-02 -2.413668e+00
 -1.627968e+00 -3.868269e-03 -2.256341e+00
 -1.942423e+00 4.426533e-02 -1.932420e+00
 -2.084692e+00 3.576426e-02 -1.530224e+00
 -2.042474e+00 -3.025260e-02 -1.070969e+00
 -1.823300e+00 -1.305796e-01 -6.965791e-01
 -1.468927e+00 -2.516413e-01 -4.584010e-01
 -1.024830e+00 -3.927540e-01 -3.975256e-01
 -7.430010e-01 -4.955363e-01 -2.776970e-01
 -5.522034e-01 -6.865532e-01 -6.305543e-02
 -3.091641e-01 -1.160661e+00 2.724341e-01
 -1.377075e-01 -1.319705e+00 4.732983e-01
 5.680635e-02 -1.396998e+00 7.377565e-01
 2.339381e-01 -1.370853e+00 1.009568e+00
 3.812139e-01 -1.247626e+00 1.257410e+00
 4.928269e-01 -1.039135e+00 1.462531e+00
 5.451874e-01 -7.626241e-01 1.620014e+00
 5.198294e-01 -4.568341e-01 1.717153e+00
 4.600526e-01 -2.392597e-01 1.727463e+00
 4.385064e-01 1.017279e-01 1.652836e+00
 5.036699e-01 3.799593e-01 1.679017e+00
 6.566191e-01 6.001943e-01 1.741789e+00
 9.512386e-01 8.109460e-01 1.762051e+00
 1.290380e+00 9.393299e-01 1.687825e+00
 1.623565e+00 9.653092e-01 1.524493e+00
 1.906348e+00 8.831807e-01 1.297360e+00
 2.089999e+00 7.216277e-01 1.016073e+00
 2.151953e+00 4.937101e-01 7.211717e-01
 2.085474e+00 2.182580e-01 4.642694e-01
 1.895722e+00 -6.434984e-02 2.828702e-01
 1.606469e+00 -3.117536e-01 2.038913e-01
 1.257395e+00 -4.852114e-01 2.398909e-01
 9.210122e-01 -5.515603e-01 3.771448e-01
 1.659851e-01 -3.827878e-01 7.578689e-01
 -4.153905e-02 -3.888540e-01 8.719439e-01
 -1.486466e-01 -4.252634e-01 9.502206e-01
