 1.564617e+00 -1.845244e-01 -2.430357e+00
 1.383759e+00 -1.848934e-02 -2.704585e+00
 1.107036e+00 1.561330e-01 -2.881335e+00
 7.699662e-01 3.367606e-01 -2.930010e+00
 4.262191e-01 5.040048e-01 -2.830948e+00
 1.265569e-01 6.255395e-01 -2.590485e+00
 -8.047439e-02 6.736962e-01 -2.241429e+00
 -3.065614e-01 5.480974e-01 -1.162203e+00
 -3.593674e-01 4.229140e-01 -8.851450e-01
 -4.179981e-01 1.971725e-01 -6.355785e-01
 -4.339512e-01 -2.478885e-01 -3.613877e-01
 -5.244890e-01 -8.646918e-01 -5.029791e-01
 -4.741103e-01 -1.287293e+00 -8.796082e-01
 -2.539537e-01 -1.466912e+00 -1.357401e+00
 5.677358e-02 -1.364136e+00 -1.803113e+00
 3.454429e-01 -9.918588e-01 -2.120384e+00
 5.413562e-01 -4.759789e-01 -2.188155e+00
 6.850613e-01 6.891254e-02 -1.936109e+00
 8.943173e-01 3.893383e-01 -1.897813e+00
 1.219484e+00 5.796011e-01 -1.821210e+00
 1.628700e+00 6.271703e-01 -1.616808e+00
 1.936240e+00 5.293276e-01 -1.330026e+00
 2.096724e+00 3.339196e-01 -9.550322e-01
 2.064179e+00 1.017579e-01 -5.954514e-01
 1.875313e+00 -1.432455e-01 -3.156412e-01
 1.534870e+00 -3.469029e-01 -1.192577e-01
 1.074726e+00 -3.479652e-01 7.324209e-03
 8.397451e-01 -3.851607e-01 6.949716e-02
 6.535527e-01 -4.757245e-01 1.438423e-01
 3.739820e-01 -7.420631e-01 3.430494e-01
 -1.845499e-01 -1.134776e+00 1.085319e+00
 -5.823340e-01 -1.181647e+00 1.341005e+00
 -1.052974e+00 -1.127677e+00 1.409859e+00
 -1.501469e+00 -9.525066e-01 1.281012e+00
 -1.773819e+00 -7.433005e-01 9.779064e-01
 -1.877359e+00 -7.170921e-01 7.118565e-01
 -2.033554e+00 -7.213129e-01 4.832500e-01
 -2.327920e+00 -5.185668e-01 1.890309e-01
 -2.491835e+00 -9.742931e-02 -6.585041e-02
 -2.435797e+00 3.929140e-01 -2.023470e-01
 -2.174853e+00 8.210545e-01 -2.107315e-01
 -1.787124e+00 1.097390e+00 -8.518487e-02
 -1.361163e+00 1.165599e+00 1.338704e-01
 -7.182143e-01 9.265928e-01 6.629242e-01
 -4.435212e-01 1.015796e+00 9.231732e-01
 -1.781066e-01 1.122776e+00 1.008303e+00
 2.561232e-01 1.151673e+00 9.917094e-01
 7.017781e-01 1.022953e+00 8.307546e-01
 1.008129e+00 7.487115e-01 5.629838e-01
 1.254647e+00 5.622464e-01 4.745807e-01
 1.506958e+00 4.731196e-01 4.814615e-01
 1.859180e+00 2.919511e-01 6.501190e-01
 2.083812e+00 3.843491e-02 9.746819e-01
 2.108263e+00 -2.010071e-01 1.369467e+00
 1.927452e+00 -4.280399e-01 1.730781e+00
 1.571300e+00 -6.036587e-01 1.980172e+00
 1.114127e+00 -6.618767e-01 2.079301e+00
 6.556389e-01 -5.918053e-01 2.005394e+00
 2.912983e-01 -4.123974e-01 1.774073e+00
 1.013377e-01 -1.732386e-01 1.445148e+00
 7.174434e-02 3.738575e-01 2.731005e-01
 8.238317e-02 7.640785e-01 3.492588e-02
 8.026984e-03 1.217551e+00 -1.560374e-02
 -1.851851e-01 1.626909e+00 1.096808e-01
 -4.380564e-01 1.896792e+00 3.766379e-01
 -7.117369e-01 1.982300e+00 6.981409e-01
 -9.839292e-01 1.889401e+00 9.944784e-01
 -1.201849e+00 1.645510e+00 1.240472e+00
 -1.318601e+00 1.306453e+00 1.410928e+00
 -1.329987e+00 9.296941e-01 1.484488e+00
 -1.247637e+00 5.654285e-01 1.455771e+00
 -1.075817e+00 2.175387e-01 1.311659e+00
 -9.052270e-01 -1.224419e-01 1.048932e+00
 -8.287085e-01 -3.716474e-01 7.336957e-01
 -8.752270e-01 -6.556632e-01 4.822352e-01
 -9.783784e-01 -1.076047e+00 3.663413e-01
 -1.241087e+00 -1.463695e+00 4.066976e-01
 -1.621007e+00 -1.701304e+00 5.582365e-01
 -2.049613e+00 -1.731748e+00 7.610639e-01
 -2.431911e+00 -1.550331e+00 9.672364e-01
 -2.693633e+00 -1.201606e+00 1.122507e+00
 -2.790907e+00 -7.598564e-01 1.191010e+00
 -2.706834e+00 -3.146142e-01 1.167960e+00
 -2.467984e+00 5.011921e-02 1.050290e+00
 -2.133125e+00 2.610846e-01 8.627984e-01
 -1.802889e+00 2.958478e-01 6.180145e-01
 -1.620272e+00 2.099205e-01 4.150609e-01
 -1.491290e+00 1.144942e-01 1.552055e-01
 -1.405509e+00 -1.842580e-01 -7.398132e-01
 -1.215276e+00 -2.919590e-01 -1.088158e+00
 -9.170017e-01 -3.668538e-01 -1.332536e+00
 -5.234141e-01 -4.181382e-01 -1.454118e+00
 -2.361743e-01 -4.293116e-01 -1.426729e+00
 2.721109e-02 -4.510403e-01 -1.289546e+00
 2.331346e-01 -5.522952e-01 -1.166597e+00
 8.686474e-01 -1.251910e+00 -4.911556e-01
 1.097895e+00 -1.364511e+00 -1.296970e-01
 1.241247e+00 -1.324575e+00 2.617231e-01
 1.301715e+00 -1.140024e+00 6.124427e-01
 1.271123e+00 -8.575761e-01 8.779764e-01
 1.089343e+00 -1.899074e-01 1.151025e+00
 1.111988e+00 1.124408e-01 1.374049e+00
 1.297870e+00 4.506074e-01 1.515636e+00
 1.519456e+00 8.256379e-01 1.471262e+00
 1.680755e+00 1.149743e+00 1.244061e+00
 1.755997e+00 1.394985e+00 8.500345e-01
 1.734570e+00 1.476054e+00 4.315983e-01
 1.634969e+00 1.396157e+00 1.546552e-02
 1.463491e+00 1.173217e+00 -3.180888e-01
 1.076757e+00 4.303152e-01 -7.408650e-01
 1.085547e+00 2.836754e-02 -9.625159e-01
 1.265061e+00 -2.401173e-01 -1.151701e+00
 1.441119e+00 -3.702445e-01 -1.412929e+00
 1.577260e+00 -3.977221e-01 -1.746079e+00
 1.627790e+00 -3.214955e-01 -2.101994e+00
