 2.071104e+00 3.493164e-01 -6.293762e-01
 2.308729e+00 2.146124e-01 -2.226617e-01
 2.303399e+00 -3.034356e-02 2.502139e-01
 2.039690e+00 -3.114466e-01 6.315534e-01
 1.665011e+00 -5.065510e-01 8.126844e-01
 1.242292e+00 -6.080698e-01 8.321447e-01
 4.384345e-01 -6.138486e-01 5.817236e-01
 3.912537e-02 -7.051069e-01 6.004574e-01
 -2.639155e-01 -8.497325e-01 7.806183e-01
 -5.296543e-01 -8.500220e-01 1.054489e+00
 -7.235519e-01 -7.308693e-01 1.292838e+00
 -8.976618e-01 -5.164710e-01 1.465806e+00
 -1.031239e+00 -2.453940e-01 1.560866e+00
 -1.142544e+00 6.669743e-02 1.560149e+00
 -1.212767e+00 3.782104e-01 1.458266e+00
 -1.200848e+00 7.310368e-01 1.249140e+00
 -1.193068e+00 9.618124e-01 1.181455e+00
 -1.221699e+00 1.194283e+00 1.173774e+00
 -1.198778e+00 1.389102e+00 1.206969e+00
 -1.087714e+00 1.643638e+00 1.260726e+00
 -9.226500e-01 1.849983e+00 1.291484e+00
 -7.071553e-01 2.009872e+00 1.288859e+00
 -4.585624e-01 2.115964e+00 1.246278e+00
 -1.931061e-01 2.160012e+00 1.155389e+00
 6.620713e-02 2.134025e+00 1.019966e+00
 2.982865e-01 2.034771e+00 8.376801e-01
 4.770866e-01 1.854884e+00 6.380170e-01
 5.814423e-01 1.597714e+00 4.439714e-01
 5.853073e-01 1.288198e+00 2.779642e-01
 4.159908e-01 7.456507e-01 1.064035e-01
 3.721490e-01 5.586081e-01 2.946031e-02
 3.309237e-01 3.520060e-01 -1.183975e-01
 2.596360e-01 2.004913e-01 -2.999079e-01
 1.778223e-01 1.131417e-01 -5.145293e-01
 -2.665164e-01 -3.037802e-02 -1.614601e+00
 -4.494211e-01 -2.687073e-01 -1.951781e+00
 -5.951340e-01 -6.416236e-01 -2.153752e+00
 -6.779647e-01 -1.109035e+00 -2.189802e+00
 -6.776962e-01 -1.525740e+00 -2.051980e+00
 -5.943936e-01 -1.843324e+00 -1.765150e+00
 -4.476099e-01 -2.002903e+00 -1.361225e+00
 -2.588813e-01 -1.952578e+00 -8.829919e-01
 -1.964143e-02 -1.605655e+00 -4.032679e-01
 7.541001e-02 -1.545588e+00 -1.778853e-01
 1.694679e-01 -1.557914e+00 4.053547e-02
 3.306819e-01 -1.670944e+00 4.408060e-01
 4.230994e-01 -1.635075e+00 8.224717e-01
 4.628705e-01 -1.466094e+00 1.170986e+00
 4.308924e-01 -1.222143e+00 1.425863e+00
 3.761823e-01 -9.386237e-01 1.566896e+00
 3.162912e-01 -6.306613e-01 1.602637e+00
 2.033180e-01 -3.304908e-01 1.548072e+00
 3.097540e-02 -4.883314e-02 1.386481e+00
 -1.798896e-01 1.359408e-01 1.142730e+00
 -4.007548e-01 1.783311e-01 8.685385e-01
 -6.404467e-01 8.753348e-02 6.505093e-01
 -1.288856e+00 -2.064299e-01 4.707522e-01
 -1.585308e+00 -4.099309e-01 2.052900e-01
 -1.727722e+00 -6.508455e-01 -1.861373e-01
 -1.658845e+00 -8.647002e-01 -5.631814e-01
 -1.392733e+00 -1.027646e+00 -8.853531e-01
 -9.591069e-01 -1.062643e+00 -1.127337e+00
 -4.278150e-01 -9.775850e-01 -1.196476e+00
 -2.575560e-01 -9.875367e-01 -1.246832e+00
 -1.055029e-01 -1.026399e+00 -1.334731e+00
 1.715681e-01 -1.168786e+00 -1.570168e+00
 4.427845e-01 -1.260488e+00 -1.679020e+00
 7.932130e-01 -1.303521e+00 -1.726011e+00
 1.104291e+00 -1.276027e+00 -1.693693e+00
 1.364601e+00 -1.203609e+00 -1.592846e+00
 1.572770e+00 -1.098262e+00 -1.428640e+00
 1.715747e+00 -9.623603e-01 -1.208729e+00
 1.780347e+00 -8.109012e-01 -9.326187e-01
 1.745822e+00 -6.578929e-01 -6.139663e-01
 1.621111e+00 -5.405833e-01 -3.733983e-01
 1.515668e+00 -4.500346e-01 -2.734897e-01
 1.362539e+00 -2.748354e-01 -1.514213e-01
 1.290767e+00 -8.645053e-02 -4.542014e-02
 1.280928e+00 8.315453e-02 5.685605e-02
 1.353931e+00 3.825100e-01 1.460368e-01
 1.463683e+00 7.560269e-01 1.106991e-01
 1.558185e+00 1.105314e+00 -8.480894e-02
 1.632064e+00 1.357834e+00 -4.189535e-01
 1.651438e+00 1.461390e+00 -8.499426e-01
 1.599842e+00 1.382100e+00 -1.291712e+00
 1.470705e+00 1.133640e+00 -1.650940e+00
 1.297626e+00 7.618105e-01 -1.854256e+00
 1.125309e+00 3.394025e-01 -1.861406e+00
 9.809217e-01 -4.737563e-02 -1.673952e+00
 7.724481e-01 -6.433239e-01 -9.308119e-01
 7.604706e-01 -9.094541e-01 -7.730662e-01
 9.808113e-01 -1.518395e+00 -6.504131e-01
 9.540772e-01 -1.912229e+00 -5.608944e-01
 7.725870e-01 -2.264972e+00 -4.158895e-01
 4.389483e-01 -2.518132e+00 -2.162014e-01
 5.670735e-02 -2.581853e+00 -3.195621e-02
 -3.320277e-01 -2.455384e+00 1.103183e-01
 -6.854933e-01 -2.137322e+00 1.873028e-01
 -8.757039e-01 -1.731108e+00 1.665170e-01
 -8.930574e-01 -1.310379e+00 6.690912e-02
 -6.938840e-01 -7.955415e-01 -1.552363e-01
 -6.802518e-01 -5.167344e-01 -2.950403e-01
 -7.790358e-01 -3.226144e-01 -4.248041e-01
 -1.177125e+00 1.517788e-01 -9.242947e-01
 -1.337139e+00 7.884456e-01 -1.047105e+00
 -1.294105e+00 1.417958e+00 -8.013896e-01
 -1.026681e+00 1.771565e+00 -3.209328e-01
 -6.092738e-01 1.716177e+00 2.304421e-01
 -3.538029e-01 1.262657e+00 6.655613e-01
 -2.359068e-01 1.169107e+00 9.155777e-01
 -1.913943e-01 1.134230e+00 1.243766e+00
 -2.783121e-01 1.116114e+00 1.594759e+00
 -4.781784e-01 1.115772e+00 1.888037e+00
 -7.713121e-01 1.123108e+00 2.094514e+00
 -1.113888e+00 1.132511e+00 2.186983e+00
 -1.459671e+00 1.119396e+00 2.160234e+00
 -1.772429e+00 1.076752e+00 2.021665e+00
 -2.023874e+00 1.018232e+00 1.779717e+00
 -2.179379e+00 9.618594e-01 1.453347e+00
 -2.208139e+00 9.125875e-01 1.077784e+00
 -2.090411e+00 8.808237e-01 7.011266e-01
 -1.834463e+00 8.686612e-01 3.948243e-01
 -9.025788e-01 7.464166e-01 -8.599228e-02
 -7.796053e-01 7.458343e-01 -1.508187e-01
 -6.997085e-01 7.598399e-01 -2.049640e-01
 -5.590924e-01 8.149130e-01 -3.321402e-01
 -3.893814e-01 9.472780e-01 -5.076602e-01
 -2.775947e-01 1.013461e+00 -5.922478e-01
 -1.387264e-01 1.064328e+00 -6.761669e-01
 1.615282e-02 1.088140e+00 -7.535966e-01
 1.813959e-01 1.084536e+00 -8.128080e-01
 3.629849e-01 1.049585e+00 -8.548990e-01
 5.610061e-01 9.730061e-01 -8.818067e-01
 7.095076e-01 8.874670e-01 -8.884080e-01
 1.178728e+00 5.337489e-01 -8.511320e-01
 1.584825e+00 4.111416e-01 -8.914710e-01
