 -7.728873e-01 -1.600248e+00 -7.601482e-01
 -3.367728e-01 -1.336960e+00 -6.632712e-01
 6.775681e-02 -1.099982e+00 -5.084386e-01
 3.675507e-01 -1.001774e+00 -5.394824e-01
 9.352815e-01 -1.012096e+00 -5.941008e-01
 1.431610e+00 -7.272604e-01 -5.779152e-01
 1.691282e+00 -2.533667e-01 -4.804860e-01
 1.626609e+00 2.357649e-01 -3.319221e-01
 1.455332e+00 5.827052e-01 -4.029442e-01
 1.431639e+00 1.143344e+00 -6.493899e-01
 1.325095e+00 1.429337e+00 -7.748007e-01
 1.114463e+00 1.691808e+00 -8.661970e-01
 8.180218e-01 1.880148e+00 -9.094614e-01
 4.844597e-01 1.974366e+00 -8.860731e-01
 1.229774e-01 1.943516e+00 -7.935758e-01
 -1.727287e-01 1.770912e+00 -7.079685e-01
 -4.344653e-01 1.517772e+00 -7.287609e-01
 -6.607705e-01 1.263559e+00 -8.906453e-01
 -9.915112e-01 7.284554e-01 -1.286175e+00
 -1.139312e+00 3.630016e-01 -1.359797e+00
 -1.237463e+00 -8.728351e-03 -1.292314e+00
 -1.256265e+00 -3.750536e-01 -1.090593e+00
 -1.201477e+00 -5.586143e-01 -8.932613e-01
 -1.149131e+00 -6.554869e-01 -6.619938e-01
 -1.164339e+00 -7.231758e-01 -3.715600e-01
 -1.479174e+00 -9.006115e-01 2.524259e-01
 -1.450094e+00 -1.077625e+00 7.397181e-01
 -1.194572e+00 -1.260477e+00 1.119692e+00
 -7.836936e-01 -1.434705e+00 1.321910e+00
 -4.044469e-01 -1.552432e+00 1.304760e+00
 -1.880872e-01 -1.704273e+00 1.196329e+00
 3.225656e-02 -1.904603e+00 1.157940e+00
 4.104989e-01 -2.027908e+00 1.208759e+00
 8.241851e-01 -1.970295e+00 1.207639e+00
 1.235426e+00 -1.721002e+00 1.106903e+00
 1.473631e+00 -1.354907e+00 9.294005e-01
 1.507398e+00 -9.439472e-01 7.085901e-01
 1.335510e+00 -5.758065e-01 4.960958e-01
 9.771418e-01 -3.176532e-01 2.799621e-01
 7.658738e-01 -2.024489e-01 3.431987e-02
 6.540859e-01 -4.887123e-02 -2.294984e-01
 6.257990e-01 -6.104431e-03 -4.803639e-01
 7.332879e-01 -8.967115e-03 -8.579364e-01
 1.028885e+00 1.060224e-01 -1.207542e+00
 1.429950e+00 2.350944e-01 -1.376055e+00
 1.877859e+00 3.897634e-01 -1.338512e+00
 2.247272e+00 5.674974e-01 -1.097235e+00
 2.446929e+00 7.414503e-01 -7.172352e-01
 2.445896e+00 8.824792e-01 -2.873897e-01
 2.269254e+00 9.537033e-01 1.043851e-01
 1.981776e+00 9.466448e-01 3.906884e-01
 1.644491e+00 8.851667e-01 5.485369e-01
 8.760465e-01 6.692623e-01 6.179391e-01
 5.408845e-01 5.998195e-01 6.018368e-01
 6.581357e-02 5.050012e-01 4.453540e-01
 -3.131011e-01 5.122303e-01 4.350987e-01
 -7.481678e-01 6.217882e-01 5.845799e-01
 -1.066345e+00 9.645861e-01 8.654984e-01
 -1.133351e+00 1.437938e+00 1.095540e+00
 -9.720774e-01 1.887457e+00 1.208909e+00
 -6.796626e-01 2.214504e+00 1.202046e+00
 -3.606883e-01 2.408744e+00 1.082843e+00
 -5.446664e-02 2.475848e+00 8.963141e-01
 2.153397e-01 2.425660e+00 6.901008e-01
 4.288419e-01 2.279625e+00 4.849595e-01
 5.745912e-01 2.052579e+00 2.918632e-01
 6.346981e-01 1.757320e+00 1.252071e-01
 5.552134e-01 1.361826e+00 -6.113971e-02
 4.464942e-01 9.891345e-01 -4.215302e-01
 4.147368e-01 9.401112e-01 -9.101105e-01
 2.835111e-01 1.054474e+00 -1.314700e+00
 7.726960e-02 1.320717e+00 -1.615094e+00
 -1.798195e-01 1.626597e+00 -1.732925e+00
 -4.540452e-01 1.924279e+00 -1.687021e+00
 -6.928233e-01 2.170005e+00 -1.500380e+00
 -8.753885e-01 2.342940e+00 -1.195475e+00
 -9.738663e-01 2.414380e+00 -7.978283e-01
 -9.552114e-01 2.351260e+00 -3.559576e-01
 -7.978659e-01 2.135985e+00 3.991016e-02
 -4.116974e-01 1.680411e+00 3.662519e-01
 -2.746840e-01 1.545487e+00 5.277310e-01
 -1.505145e-01 1.471483e+00 7.345305e-01
 -1.036948e-01 1.355408e+00 9.996390e-01
 -1.113262e-01 1.108401e+00 1.271135e+00
 -1.385031e-01 7.085082e-01 1.444964e+00
 -1.899066e-01 2.814068e-01 1.433878e+00
 -2.633204e-01 -5.797997e-02 1.276505e+00
 -4.250247e-01 -5.508230e-01 8.025812e-01
 -4.574299e-01 -9.062461e-01 4.884182e-01
 -4.803226e-01 -1.181723e+00 3.551659e-01
 -6.320685e-01 -1.560174e+00 2.838825e-01
 -7.981974e-01 -1.934222e+00 4.079086e-01
 -8.893892e-01 -2.233960e+00 6.763708e-01
 -8.808208e-01 -2.428982e+00 1.010632e+00
 -7.930545e-01 -2.509611e+00 1.357752e+00
 -6.448594e-01 -2.478245e+00 1.685428e+00
 -4.390202e-01 -2.341934e+00 1.962259e+00
 -1.860727e-01 -2.102969e+00 2.147333e+00
 9.092469e-02 -1.778334e+00 2.187599e+00
 3.329830e-01 -1.409826e+00 2.036456e+00
 4.840443e-01 -1.104155e+00 1.693189e+00
 5.341957e-01 -9.707288e-01 1.229749e+00
 4.849623e-01 -1.021277e+00 8.830928e-01
 5.064728e-01 -1.220511e+00 5.577856e-01
 5.519729e-01 -1.801865e+00 8.843243e-02
 5.386445e-01 -2.002113e+00 -3.159456e-01
 4.970002e-01 -2.007096e+00 -7.741062e-01
 4.527693e-01 -1.813486e+00 -1.177418e+00
 3.523179e-01 -1.477792e+00 -1.449111e+00
 1.912471e-01 -1.093948e+00 -1.545415e+00
 3.114973e-02 -7.529583e-01 -1.476245e+00
 -9.060768e-02 -5.132214e-01 -1.321025e+00
 -3.805099e-01 3.974519e-02 -7.034493e-01
 -6.696427e-01 2.148016e-01 -4.507980e-01
 -1.069377e+00 3.145315e-01 -3.131463e-01
 -1.537243e+00 2.417921e-01 -3.077396e-01
 -1.918988e+00 -1.400027e-02 -3.884955e-01
 -2.138690e+00 -3.795682e-01 -5.195922e-01
 -2.171871e+00 -7.683069e-01 -6.373779e-01
 -2.042234e+00 -1.148738e+00 -7.264422e-01
 -1.802963e+00 -1.431617e+00 -7.773516e-01
 -1.485856e+00 -1.609173e+00 -8.008245e-01
 -1.129649e+00 -1.667593e+00 -7.950370e-01
