 -1.322370e-01 -6.056570e-01 1.231671e+00
 1.345078e-02 -3.205372e-01 1.249158e+00
 1.099078e-01 -1.468148e-01 1.305348e+00
 2.019906e-01 1.430830e-02 1.430790e+00
 3.472387e-01 1.378923e-01 1.609170e+00
 4.954330e-01 2.004129e-01 1.735578e+00
 6.739965e-01 2.276863e-01 1.837284e+00
 9.284214e-01 2.208715e-01 1.925424e+00
 1.192123e+00 1.913106e-01 1.944037e+00
 1.450957e+00 1.513955e-01 1.890303e+00
 1.690786e+00 1.019789e-01 1.760818e+00
 1.894709e+00 6.810854e-02 1.560443e+00
 2.037258e+00 5.052395e-02 1.304480e+00
 2.100966e+00 4.424091e-02 1.009050e+00
 2.074742e+00 5.150748e-02 6.991284e-01
 1.957297e+00 7.307064e-02 4.062557e-01
 1.515538e+00 1.627486e-01 -1.435624e-01
 1.415566e+00 2.117664e-01 -3.132078e-01
 1.360926e+00 2.693990e-01 -4.552101e-01
 1.330938e+00 3.460258e-01 -6.353786e-01
 1.288118e+00 3.552462e-01 -9.147871e-01
 1.182268e+00 3.069361e-01 -1.170325e+00
 9.935282e-01 2.267707e-01 -1.388479e+00
 7.464630e-01 1.327284e-01 -1.539176e+00
 4.733386e-01 2.937114e-02 -1.605692e+00
 1.887358e-01 -9.939575e-02 -1.583441e+00
 -8.724952e-02 -2.382400e-01 -1.460718e+00
 -2.109360e-01 -2.906838e-01 -1.425680e+00
 -3.628978e-01 -3.474833e-01 -1.409466e+00
 -5.421950e-01 -4.050665e-01 -1.434674e+00
 -1.137081e+00 -6.018431e-01 -1.714175e+00
 -1.773482e+00 -7.821528e-01 -1.586581e+00
 -2.176578e+00 -8.850169e-01 -1.149596e+00
 -2.261918e+00 -8.954145e-01 -5.260890e-01
 -1.995784e+00 -7.891938e-01 5.082766e-02
 -1.478229e+00 -6.140915e-01 3.517247e-01
 -2.133406e-01 -3.280111e-01 2.288019e-01
 2.644478e-01 -6.318828e-01 2.578770e-01
 5.173677e-01 -9.897891e-01 1.851108e-01
 5.977319e-01 -1.386410e+00 5.498339e-02
 5.145246e-01 -1.749628e+00 -1.227401e-01
 3.012091e-01 -2.018882e+00 -3.181031e-01
 9.800157e-03 -2.168216e+00 -4.876366e-01
 -3.085887e-01 -2.198405e+00 -6.183342e-01
 -6.151852e-01 -2.118506e+00 -7.204075e-01
 -8.683973e-01 -1.952690e+00 -7.894927e-01
 -1.059477e+00 -1.729208e+00 -8.223457e-01
 -1.184811e+00 -1.471882e+00 -8.155727e-01
 -1.242486e+00 -1.203743e+00 -7.707571e-01
 -1.225782e+00 -8.781356e-01 -6.877661e-01
 -1.240419e+00 -6.751499e-01 -6.700637e-01
 -1.277491e+00 -5.425672e-01 -6.743609e-01
 -1.352438e+00 -4.006299e-01 -6.957840e-01
 -1.660698e+00 6.519447e-02 -8.522521e-01
 -1.713583e+00 6.333588e-01 -8.653216e-01
 -1.479725e+00 1.129495e+00 -7.294656e-01
 -1.007369e+00 1.411135e+00 -4.935208e-01
 -4.889606e-01 1.369113e+00 -1.878931e-01
 -3.560063e-01 1.391650e+00 -9.713477e-02
 -2.307130e-01 1.456023e+00 -7.255015e-03
 2.735135e-02 1.691343e+00 2.092946e-01
 2.912020e-01 1.791908e+00 4.262288e-01
 6.092438e-01 1.776559e+00 6.555786e-01
 8.244784e-01 1.680321e+00 8.207573e-01
 9.932696e-01 1.514754e+00 9.457400e-01
 1.121908e+00 1.276170e+00 1.025395e+00
 1.203173e+00 9.210514e-01 1.049620e+00
 1.215504e+00 5.980465e-01 9.983929e-01
 1.089703e+00 1.910252e-01 9.153268e-01
 1.094673e+00 -1.912306e-01 9.816994e-01
 1.055116e+00 -5.380298e-01 1.237109e+00
 8.877211e-01 -7.531433e-01 1.596993e+00
 5.745741e-01 -7.972503e-01 1.974825e+00
 1.948105e-01 -6.804194e-01 2.211018e+00
 -2.078698e-01 -4.513960e-01 2.256579e+00
 -5.657462e-01 -1.687357e-01 2.090657e+00
 -7.771989e-01 9.027680e-02 1.767385e+00
 -8.061657e-01 5.846392e-01 9.909282e-01
 -8.180094e-01 9.538122e-01 7.939707e-01
 -9.927425e-01 1.660986e+00 6.818453e-01
 -9.225543e-01 2.159202e+00 3.494542e-01
 -6.978387e-01 2.399419e+00 -9.160150e-02
 -3.717197e-01 2.350938e+00 -5.333729e-01
 -2.300528e-02 2.007882e+00 -8.676214e-01
 2.108928e-01 1.501313e+00 -9.603390e-01
 3.444959e-01 3.816318e-02 -5.644995e-01
 6.256342e-01 -4.295638e-01 -6.743839e-01
 1.097164e+00 -6.655836e-01 -8.140586e-01
 1.628005e+00 -6.251022e-01 -9.048330e-01
 2.078371e+00 -3.334876e-01 -8.974180e-01
 2.331001e+00 1.144144e-01 -7.893411e-01
 2.335748e+00 5.946571e-01 -6.032488e-01
 2.105096e+00 9.841888e-01 -3.737159e-01
 1.698600e+00 1.199555e+00 -1.613135e-01
 1.232137e+00 1.194372e+00 -3.011596e-02
 7.293773e-01 9.007526e-01 1.321422e-01
 3.908889e-01 7.522044e-01 3.993675e-01
 2.240769e-01 8.277397e-01 7.746582e-01
 1.190834e-01 1.036132e+00 1.225491e+00
 -1.375584e-01 1.199237e+00 1.533241e+00
 -5.138520e-01 1.293741e+00 1.720594e+00
 -9.704652e-01 1.280781e+00 1.772867e+00
 -1.384398e+00 1.166126e+00 1.648043e+00
 -1.701911e+00 1.007595e+00 1.345049e+00
 -1.836765e+00 8.219850e-01 9.450970e-01
 -1.765995e+00 6.358302e-01 5.304604e-01
 -1.506750e+00 4.919192e-01 1.824386e-01
 -1.143582e+00 4.346828e-01 -2.177663e-02
 -1.009104e+00 4.304582e-01 -1.199757e-01
 -8.082955e-01 3.885295e-01 -3.120968e-01
 -7.203331e-01 3.947890e-01 -4.920278e-01
 -6.861367e-01 4.678795e-01 -8.791408e-01
 -6.963793e-01 5.974771e-01 -1.252077e+00
 -6.870987e-01 5.967530e-01 -1.601472e+00
 -6.404498e-01 4.786440e-01 -1.938457e+00
 -5.517096e-01 2.380482e-01 -2.232179e+00
 -4.477625e-01 -3.528374e-02 -2.395216e+00
 -3.311887e-01 -3.403504e-01 -2.446254e+00
 -2.167590e-01 -6.524563e-01 -2.379222e+00
 -1.280180e-01 -9.496474e-01 -2.194353e+00
 -8.136572e-02 -1.164665e+00 -1.940878e+00
 -6.669012e-02 -1.289393e+00 -1.639445e+00
 -8.561070e-02 -1.317492e+00 -1.316486e+00
 -2.061477e-01 -1.181416e+00 -6.835339e-01
 -3.003366e-01 -1.196094e+00 -4.006537e-01
 -3.806458e-01 -1.260150e+00 -2.357804e-01
 -4.127758e-01 -1.321688e+00 -1.149667e-01
 -4.222915e-01 -1.359977e+00 -1.729459e-02
 -4.227374e-01 -1.393420e+00 1.260382e-01
 -4.158258e-01 -1.402546e+00 2.939070e-01
 -4.003032e-01 -1.379375e+00 4.673864e-01
 -3.774041e-01 -1.318241e+00 6.486874e-01
 -3.499140e-01 -1.203155e+00 8.428362e-01
 -3.020593e-01 -1.042783e+00 1.014878e+00
 -2.275513e-01 -8.391677e-01 1.151351e+00
