 1.057005e+00 4.413499e-01 -1.869070e+00
 7.287226e-01 1.073044e-01 -1.816713e+00
 5.288915e-02 -6.356658e-01 -1.171880e+00
 -4.347498e-02 -8.680182e-01 -9.814482e-01
 -5.326324e-02 -1.017322e+00 -8.493429e-01
 -2.063873e-02 -1.143272e+00 -7.529885e-01
 3.200850e-02 -1.300334e+00 -6.727615e-01
 4.124186e-01 -1.879033e+00 -2.678814e-01
 4.358619e-01 -2.212799e+00 4.795159e-02
 2.457713e-01 -2.537913e+00 3.348005e-01
 -1.170893e-01 -2.775827e+00 5.220067e-01
 -5.755797e-01 -2.877257e+00 5.701567e-01
 -1.033036e+00 -2.821597e+00 4.690070e-01
 -1.389492e+00 -2.623112e+00 2.418468e-01
 -1.585937e+00 -2.287279e+00 -3.888053e-02
 -1.555533e+00 -1.906205e+00 -3.532006e-01
 -1.331541e+00 -1.648041e+00 -6.092214e-01
 -1.005806e+00 -1.569003e+00 -8.839407e-01
 -6.264041e-01 -1.690568e+00 -1.370931e+00
 -2.427245e-01 -1.722177e+00 -1.573013e+00
 1.981173e-01 -1.637990e+00 -1.629399e+00
 5.974664e-01 -1.469095e+00 -1.512856e+00
 8.799245e-01 -1.253017e+00 -1.246607e+00
 9.860437e-01 -9.947112e-01 -9.135891e-01
 8.938630e-01 -7.302461e-01 -5.653421e-01
 5.405024e-01 -3.785240e-01 -2.307802e-01
 4.149834e-01 -1.912243e-01 7.583496e-02
 3.810060e-01 -1.152098e-01 4.038870e-01
 4.015668e-01 -1.748667e-01 7.887618e-01
 5.182507e-01 -3.150064e-01 1.168055e+00
 7.248824e-01 -3.068902e-01 1.532602e+00
 9.597187e-01 -1.332029e-01 1.844725e+00
 1.170807e+00 1.767751e-01 2.044556e+00
 1.294479e+00 5.747282e-01 2.115491e+00
 1.332434e+00 9.929584e-01 2.029161e+00
 1.328085e+00 1.344319e+00 1.775336e+00
 1.261417e+00 1.565683e+00 1.400008e+00
 1.122096e+00 1.615972e+00 9.820964e-01
 9.251425e-01 1.488712e+00 6.070536e-01
 4.070003e-01 8.960173e-01 6.363434e-02
 -5.763063e-01 4.000739e-01 -4.967206e-01
 -9.566178e-01 3.540485e-01 -5.929274e-01
 -1.382905e+00 4.431606e-01 -6.013188e-01
 -1.761201e+00 7.157758e-01 -5.086665e-01
 -1.969841e+00 1.104424e+00 -3.429119e-01
 -1.969939e+00 1.524605e+00 -1.403433e-01
 -1.767484e+00 1.889708e+00 5.708259e-02
 -1.405941e+00 2.124771e+00 2.261838e-01
 -9.486397e-01 2.180346e+00 3.321086e-01
 -5.409474e-01 2.069566e+00 3.085252e-01
 -2.632933e-01 1.931667e+00 1.445874e-01
 -8.545539e-02 1.866028e+00 -3.522457e-02
 2.176739e-01 1.677137e+00 -5.856330e-01
 4.426613e-01 1.392174e+00 -8.512890e-01
 6.256415e-01 1.013743e+00 -9.559461e-01
 8.474433e-01 4.959232e-01 -8.470659e-01
 1.032895e+00 2.853471e-01 -8.501398e-01
 1.367284e+00 9.734360e-02 -8.906742e-01
 1.827663e+00 2.846699e-02 -7.454993e-01
 2.196907e+00 8.016391e-02 -4.185030e-01
 2.372066e+00 2.092330e-01 -4.027731e-03
 2.334442e+00 3.639786e-01 4.352776e-01
 2.089837e+00 4.857316e-01 8.190413e-01
 1.686068e+00 5.675816e-01 1.056845e+00
 1.028040e+00 5.945512e-01 1.112772e+00
 7.208126e-01 6.903051e-01 1.254388e+00
 2.796214e-01 7.310232e-01 1.700745e+00
 -1.480032e-01 8.026650e-01 1.853457e+00
 -5.888741e-01 9.114726e-01 1.805062e+00
 -9.643414e-01 1.014822e+00 1.563683e+00
 -1.199353e+00 1.085882e+00 1.175989e+00
 -1.244020e+00 1.117258e+00 7.283464e-01
 -9.958623e-01 1.175841e+00 5.136655e-02
 -9.541066e-01 1.367894e+00 -3.512806e-01
 -9.419760e-01 1.716189e+00 -6.086335e-01
 -8.124860e-01 2.176055e+00 -7.014248e-01
 -5.756024e-01 2.579439e+00 -6.044968e-01
 -2.855433e-01 2.845439e+00 -3.468162e-01
 -1.564857e-02 2.931791e+00 2.780998e-02
 1.782288e-01 2.821552e+00 4.390372e-01
 2.577524e-01 2.539241e+00 8.012899e-01
 2.086946e-01 2.145149e+00 1.039775e+00
 6.199964e-02 1.712515e+00 1.098059e+00
 -1.983574e-01 1.124651e+00 8.775358e-01
 -2.334538e-01 9.687325e-01 8.411053e-01
 -2.769911e-01 7.752327e-01 8.302779e-01
 -5.101568e-01 2.202746e-01 9.011280e-01
 -6.384302e-01 -9.923352e-02 9.494937e-01
 -8.848252e-01 -7.653111e-01 1.012050e+00
 -9.497999e-01 -1.112132e+00 9.373993e-01
 -9.403740e-01 -1.430848e+00 7.701512e-01
 -8.522512e-01 -1.684782e+00 5.379237e-01
 -5.877501e-01 -1.976137e+00 2.664981e-02
 -5.601453e-01 -2.245915e+00 -2.567363e-01
 -6.548126e-01 -2.445985e+00 -4.768060e-01
 -8.751368e-01 -2.585069e+00 -7.530369e-01
 -1.167899e+00 -2.589518e+00 -1.029244e+00
 -1.440944e+00 -2.424405e+00 -1.298978e+00
 -1.664086e+00 -2.113173e+00 -1.485097e+00
 -1.800897e+00 -1.712941e+00 -1.543530e+00
 -1.825850e+00 -1.294274e+00 -1.464298e+00
 -1.734115e+00 -9.306965e-01 -1.262795e+00
 -1.541982e+00 -6.846876e-01 -9.762423e-01
 -1.285486e+00 -5.972047e-01 -6.589624e-01
 -4.877501e-01 -7.863380e-01 6.856857e-02
 5.306500e-02 -1.120130e+00 4.035362e-01
 6.785831e-01 -1.145251e+00 4.808287e-01
 1.184531e+00 -8.168653e-01 4.961702e-01
 1.436302e+00 -2.598583e-01 3.341717e-01
 1.337693e+00 2.840487e-01 1.233077e-01
 1.389759e+00 5.335207e-01 6.489283e-02
 1.525177e+00 8.183604e-01 -1.184639e-01
 1.664501e+00 1.039906e+00 -5.167989e-01
 1.706548e+00 1.074677e+00 -9.807885e-01
 1.612474e+00 9.701974e-01 -1.388901e+00
 1.379572e+00 7.626543e-01 -1.703527e+00
