 1.254872e+00 -3.968624e-01 -2.044407e+00
 9.936404e-01 -1.067247e-01 -2.240199e+00
 6.503513e-01 1.643348e-01 -2.266614e+00
 2.835127e-01 3.683979e-01 -2.113273e+00
 -1.543291e-02 4.904825e-01 -1.794024e+00
 -1.815332e-01 5.024428e-01 -1.367148e+00
 -1.781504e-01 3.979635e-01 -9.158190e-01
 -5.122642e-03 2.221514e-01 -5.620304e-01
 2.772730e-01 4.059995e-02 -3.348749e-01
 6.593574e-01 -1.373609e-02 -2.372694e-01
 1.304403e+00 2.821385e-02 -1.676076e-01
 1.707906e+00 -1.009272e-01 -2.033555e-01
 2.021806e+00 -3.704982e-01 -2.986312e-01
 2.191897e+00 -7.311068e-01 -4.361015e-01
 2.192542e+00 -1.128781e+00 -5.954472e-01
 2.047716e+00 -1.458270e+00 -7.321162e-01
 1.785964e+00 -1.701213e+00 -8.303901e-01
 1.408367e+00 -1.843485e+00 -8.993444e-01
 1.043531e+00 -1.845654e+00 -9.262219e-01
 7.008097e-01 -1.728579e+00 -9.047187e-01
 4.229629e-01 -1.509522e+00 -8.398815e-01
 1.777406e-01 -1.119028e+00 -6.928164e-01
 -6.338996e-02 -8.417930e-01 -6.671735e-01
 -4.006432e-01 -6.684715e-01 -7.915070e-01
 -8.748744e-01 -5.814726e-01 -9.976381e-01
 -1.314886e+00 -4.433792e-01 -9.825006e-01
 -1.694330e+00 -2.428288e-01 -7.734628e-01
 -1.922806e+00 -4.854252e-02 -4.113491e-01
 -1.945545e+00 1.102935e-01 1.496552e-02
 -1.756416e+00 2.536015e-01 4.085320e-01
 -1.422821e+00 3.644558e-01 6.752545e-01
 -9.048613e-01 3.955017e-01 8.335533e-01
 -6.603464e-01 4.510571e-01 1.067044e+00
 -4.107466e-01 3.394095e-01 1.390825e+00
 -1.324937e-01 9.342886e-03 1.633394e+00
 1.012155e-01 -3.840052e-01 1.658062e+00
 3.131740e-01 -7.611115e-01 1.456357e+00
 4.635680e-01 -1.015942e+00 1.076142e+00
 4.605810e-01 -1.144419e+00 6.419012e-01
 3.964001e-01 -1.347745e+00 3.410956e-01
 3.846608e-01 -1.617521e+00 1.828217e-01
 2.849953e-01 -1.937128e+00 8.918576e-02
 -1.992606e-02 -2.280461e+00 8.052791e-02
 -4.677930e-01 -2.458780e+00 1.343126e-01
 -9.146781e-01 -2.423281e+00 1.841495e-01
 -1.303875e+00 -2.198709e+00 1.934463e-01
 -1.560174e+00 -1.823127e+00 1.720902e-01
 -1.630282e+00 -1.368242e+00 1.403496e-01
 -1.497708e+00 -9.273328e-01 1.113362e-01
 -1.109317e+00 -4.963643e-01 4.510928e-02
 -9.535933e-01 -2.083250e-01 -3.909773e-02
 -9.098901e-01 1.861720e-02 -1.533049e-01
 -9.776438e-01 3.428428e-01 -2.680978e-01
 -1.089652e+00 5.665194e-01 -3.239791e-01
 -1.473507e+00 1.089369e+00 -3.524034e-01
 -1.585278e+00 1.539796e+00 -2.501412e-01
 -1.498694e+00 1.965504e+00 -5.645406e-02
 -1.233669e+00 2.274042e+00 1.897125e-01
 -8.461283e-01 2.398191e+00 4.527187e-01
 -4.341278e-01 2.310365e+00 6.352475e-01
 -1.318394e-01 2.132155e+00 6.645294e-01
 8.940311e-02 1.999863e+00 5.694667e-01
 3.171052e-01 1.949283e+00 4.810099e-01
 6.346638e-01 1.856910e+00 4.974547e-01
 9.376612e-01 1.625005e+00 5.881729e-01
 1.126064e+00 1.246389e+00 6.908031e-01
 1.141224e+00 8.249028e-01 7.733606e-01
 9.872755e-01 4.342055e-01 8.194721e-01
 7.035485e-01 1.443562e-01 8.180728e-01
 -1.295167e-02 -2.118298e-01 6.107369e-01
 -2.714008e-01 -4.137299e-01 6.724867e-01
 -6.169049e-01 -5.989033e-01 9.277447e-01
 -9.906343e-01 -5.356200e-01 1.279065e+00
 -1.277445e+00 -2.220747e-01 1.592376e+00
 -1.422230e+00 2.503156e-01 1.745335e+00
 -1.441067e+00 7.556319e-01 1.675592e+00
 -1.336658e+00 1.174809e+00 1.393977e+00
 -1.114365e+00 1.404424e+00 9.695910e-01
 -7.493619e-01 1.364991e+00 3.601069e-01
 -5.947913e-01 1.461775e+00 5.104282e-02
 -4.970025e-01 1.657836e+00 -1.938038e-01
 -3.336447e-01 2.000843e+00 -3.609691e-01
 -1.386646e-01 2.382344e+00 -3.530237e-01
 7.798515e-02 2.716239e+00 -1.684160e-01
 2.860711e-01 2.923334e+00 1.509201e-01
 4.629408e-01 2.964184e+00 5.425312e-01
 5.718399e-01 2.834885e+00 9.382429e-01
 5.969350e-01 2.557326e+00 1.268328e+00
 5.418506e-01 2.177609e+00 1.471570e+00
 4.311154e-01 1.763001e+00 1.503978e+00
 2.926261e-01 1.387861e+00 1.362874e+00
 1.722120e-01 1.102939e+00 1.062012e+00
 1.161464e-01 9.770830e-01 6.925727e-01
 1.895233e-01 9.378843e-01 4.010294e-01
 2.794627e-01 9.526848e-01 1.745212e-01
 5.349086e-01 1.032441e+00 -2.009245e-01
 6.937672e-01 9.779470e-01 -5.195750e-01
 7.933486e-01 8.104887e-01 -8.293723e-01
 8.343414e-01 5.485753e-01 -1.073804e+00
 8.021276e-01 2.185967e-01 -1.225710e+00
 7.045914e-01 -2.691628e-02 -1.259974e+00
 5.523416e-01 -2.177762e-01 -1.304107e+00
 2.275933e-01 -6.774587e-01 -1.644843e+00
 -5.216489e-02 -1.033806e+00 -1.698600e+00
 -3.409678e-01 -1.350514e+00 -1.561700e+00
 -5.447091e-01 -1.566475e+00 -1.283354e+00
 -6.763030e-01 -1.664609e+00 -8.668684e-01
 -7.221946e-01 -1.610363e+00 -4.768070e-01
 -6.044193e-01 -1.427071e+00 2.085378e-02
 -6.122112e-01 -1.461747e+00 4.187662e-01
 -5.003732e-01 -1.632507e+00 7.556470e-01
 -1.921364e-01 -1.862926e+00 1.018012e+00
 2.251125e-01 -2.041630e+00 1.117749e+00
 6.711768e-01 -2.067125e+00 1.063886e+00
 1.081936e+00 -1.942330e+00 8.698107e-01
 1.348694e+00 -1.699593e+00 5.623350e-01
 1.414937e+00 -1.398358e+00 2.036296e-01
 1.185402e+00 -9.842374e-01 -3.713518e-01
 1.199666e+00 -8.499697e-01 -7.094773e-01
 1.408717e+00 -7.841968e-01 -1.304269e+00
 1.401216e+00 -6.374757e-01 -1.711449e+00
