 -1.771865e+00 -9.763314e-01 -1.349969e+00
 -1.702369e+00 -7.747498e-01 -1.040556e+00
 -1.509604e+00 -6.351883e-01 -7.486631e-01
 -9.545005e-01 -5.024197e-01 -3.237909e-01
 -4.745883e-01 -3.503428e-01 -6.465917e-02
 -2.673508e-01 -3.556423e-01 8.223327e-02
 -6.888702e-02 -4.853092e-01 3.880262e-01
 2.546995e-02 -7.350928e-01 7.824835e-01
 7.902144e-02 -8.081907e-01 1.062729e+00
 1.835657e-01 -8.005497e-01 1.364720e+00
 3.234196e-01 -7.081167e-01 1.630880e+00
 4.920334e-01 -5.327306e-01 1.847903e+00
 6.259210e-01 -3.260805e-01 1.975646e+00
 7.460738e-01 -9.089527e-02 2.028069e+00
 8.766537e-01 1.856741e-01 1.996952e+00
 9.870712e-01 4.314289e-01 1.880752e+00
 1.102711e+00 6.496943e-01 1.664181e+00
 1.175361e+00 7.387999e-01 1.477821e+00
 1.282203e+00 7.640000e-01 1.288414e+00
 1.416193e+00 7.993764e-01 1.144972e+00
 1.786840e+00 9.204632e-01 9.162811e-01
 2.015065e+00 9.427695e-01 6.791261e-01
 2.175143e+00 9.020766e-01 3.907750e-01
 2.245027e+00 8.073559e-01 7.965075e-02
 2.209517e+00 6.878122e-01 -2.265147e-01
 2.076676e+00 5.460310e-01 -4.886134e-01
 1.857404e+00 3.848346e-01 -6.835415e-01
 1.583036e+00 2.341214e-01 -7.789399e-01
 1.303172e+00 7.452409e-02 -7.657606e-01
 1.097776e+00 -7.396639e-02 -6.763492e-01
 9.324817e-01 -2.618726e-01 -4.954418e-01
 8.410779e-01 -5.754289e-01 -3.224814e-01
 8.934314e-01 -1.211824e+00 -8.610615e-02
 8.230580e-01 -1.565163e+00 -4.280046e-02
 6.495982e-01 -1.887701e+00 -7.212617e-02
 3.958019e-01 -2.134450e+00 -1.723519e-01
 6.828883e-02 -2.281039e+00 -3.370140e-01
 -2.421716e-01 -2.289920e+00 -5.073282e-01
 -5.227758e-01 -2.173978e+00 -6.757381e-01
 -7.322064e-01 -1.962627e+00 -8.121722e-01
 -8.639032e-01 -1.637153e+00 -9.616360e-01
 -8.606291e-01 -1.373797e+00 -1.076215e+00
 -7.582669e-01 -1.121596e+00 -1.248602e+00
 -6.237606e-01 -8.182422e-01 -1.728015e+00
 -4.920179e-01 -6.155679e-01 -1.923580e+00
 -3.312265e-01 -3.710630e-01 -2.038154e+00
 -1.684100e-01 -1.113797e-01 -2.058808e+00
 -2.077917e-03 1.273754e-01 -1.988267e+00
 1.612719e-01 3.355153e-01 -1.827799e+00
 2.858604e-01 5.027136e-01 -1.585926e+00
 3.558273e-01 6.050738e-01 -1.289965e+00
 3.621818e-01 6.323538e-01 -9.740974e-01
 2.836847e-01 4.893834e-01 -2.738065e-01
 2.453508e-01 5.480699e-01 3.270833e-02
 2.376891e-01 6.804793e-01 2.308183e-01
 3.319159e-01 9.454399e-01 4.876446e-01
 7.901347e-01 1.616198e+00 1.014657e+00
 1.076256e+00 1.765632e+00 1.280447e+00
 1.404719e+00 1.748485e+00 1.544355e+00
 1.725397e+00 1.555569e+00 1.775181e+00
 1.962960e+00 1.223448e+00 1.917971e+00
 2.094838e+00 8.103659e-01 1.927804e+00
 2.082992e+00 3.760686e-01 1.808800e+00
 1.905304e+00 7.592684e-03 1.597021e+00
 1.591693e+00 -2.123179e-01 1.341859e+00
 1.185506e+00 -2.447921e-01 1.117189e+00
 8.189399e-01 -9.166287e-02 9.902079e-01
 5.581966e-01 8.998025e-02 1.017752e+00
 2.542837e-01 2.130932e-01 1.187766e+00
 -2.276282e-01 2.905205e-01 1.613917e+00
 -6.730362e-01 3.817805e-01 1.737094e+00
 -1.091334e+00 5.212042e-01 1.664473e+00
 -1.415098e+00 6.442122e-01 1.424725e+00
 -1.613504e+00 7.646745e-01 1.039403e+00
 -1.615213e+00 9.041039e-01 6.656722e-01
 -1.525676e+00 1.052732e+00 4.671223e-01
 -1.489542e+00 1.197844e+00 3.397010e-01
 -1.498476e+00 1.327365e+00 1.598371e-01
 -1.512140e+00 1.422011e+00 -1.227954e-01
 -1.508688e+00 1.431705e+00 -4.115286e-01
 -1.458265e+00 1.361043e+00 -6.932957e-01
 -1.348124e+00 1.226980e+00 -9.419577e-01
 -1.193105e+00 1.018894e+00 -1.140469e+00
 -1.025846e+00 7.824830e-01 -1.246299e+00
 -8.452955e-01 5.313435e-01 -1.260898e+00
 -4.261623e-01 -3.016292e-02 -1.077149e+00
 -1.858581e-01 -2.213264e-01 -1.036105e+00
 6.214690e-02 -3.653831e-01 -1.094938e+00
 4.609589e-01 -5.843658e-01 -1.330788e+00
 7.219856e-01 -7.375018e-01 -1.368934e+00
 9.961053e-01 -8.746917e-01 -1.311839e+00
 1.288592e+00 -9.471141e-01 -1.173961e+00
 1.552277e+00 -9.367906e-01 -9.726933e-01
 1.753887e+00 -8.542109e-01 -7.131854e-01
 1.862982e+00 -7.006401e-01 -4.069343e-01
 1.855969e+00 -4.949107e-01 -1.136985e-01
 1.745984e+00 -2.458847e-01 1.144743e-01
 1.585751e+00 2.054222e-02 2.334451e-01
 1.421113e+00 2.374047e-01 2.394088e-01
 1.273150e+00 4.521995e-01 1.740000e-01
 1.199542e+00 9.457375e-01 -6.156871e-02
 1.011532e+00 1.228802e+00 -2.284323e-01
 6.955863e-01 1.458500e+00 -3.206766e-01
 3.301108e-01 1.544673e+00 -3.444878e-01
 -7.445263e-02 1.468974e+00 -3.442964e-01
 -4.646617e-01 1.205294e+00 -3.242941e-01
 -7.480299e-01 7.632384e-01 -2.549164e-01
 -1.005819e+00 5.285924e-01 -2.546186e-01
 -1.395696e+00 4.112092e-01 -3.195650e-01
 -1.810956e+00 4.531459e-01 -3.081748e-01
 -2.172695e+00 6.380162e-01 -2.075455e-01
 -2.421715e+00 9.138049e-01 -4.978847e-03
 -2.513594e+00 1.224391e+00 2.581677e-01
 -2.442905e+00 1.507104e+00 5.462518e-01
 -2.231832e+00 1.712432e+00 8.167153e-01
 -1.919465e+00 1.816081e+00 1.028977e+00
 -1.556841e+00 1.807661e+00 1.157189e+00
 -1.194838e+00 1.696368e+00 1.185683e+00
 -8.883016e-01 1.497791e+00 1.121599e+00
 -6.826962e-01 1.237308e+00 1.001358e+00
 -5.973942e-01 9.351128e-01 8.611115e-01
 -6.338970e-01 6.352651e-01 7.314582e-01
 -7.337410e-01 3.523423e-01 6.995848e-01
 -9.255954e-01 -5.065443e-02 7.953795e-01
 -9.951490e-01 -3.193566e-01 8.034760e-01
 -1.016332e+00 -6.202099e-01 7.560202e-01
 -9.942773e-01 -8.549166e-01 6.732469e-01
 -9.288301e-01 -1.046237e+00 5.688842e-01
 -8.269934e-01 -1.197112e+00 4.424717e-01
 -6.919371e-01 -1.303523e+00 2.988244e-01
 -5.214375e-01 -1.363167e+00 1.300751e-01
 -3.434215e-01 -1.363564e+00 -6.856473e-02
 -1.240434e-01 -1.274148e+00 -3.547026e-01
 1.016072e-03 -1.273225e+00 -5.673355e-01
 9.912280e-02 -1.340157e+00 -7.366507e-01
 1.605604e-01 -1.486752e+00 -9.858247e-01
 1.219755e-01 -1.631584e+00 -1.278766e+00
 -2.488657e-02 -1.769903e+00 -1.540553e+00
 -2.751296e-01 -1.865215e+00 -1.765915e+00
 -5.942677e-01 -1.889278e+00 -1.919968e+00
 -9.342280e-01 -1.822347e+00 -1.991638e+00
 -1.257888e+00 -1.665852e+00 -1.973982e+00
 -1.530208e+00 -1.452673e+00 -1.850139e+00
 -1.710682e+00 -1.212648e+00 -1.632689e+00
