 -7.197804e-01 1.898580e+00 -6.591866e-01
 -7.326386e-01 1.951331e+00 -4.416529e-01
 -7.695778e-01 2.076939e+00 -2.085031e-01
 -9.539291e-01 2.192006e+00 6.273895e-02
 -1.252077e+00 2.180132e+00 3.538958e-01
 -1.558630e+00 1.986273e+00 6.004636e-01
 -1.782422e+00 1.647154e+00 7.638167e-01
 -1.896438e+00 1.225378e+00 7.998232e-01
 -1.885324e+00 7.977911e-01 6.949181e-01
 -1.748600e+00 4.450866e-01 4.693196e-01
 -1.344785e+00 1.002759e-01 1.041799e-02
 -7.147356e-01 -9.329995e-02 -3.542913e-01
 -4.866647e-01 -1.295600e-01 -6.520202e-01
 -3.403717e-01 -1.032601e-01 -1.539860e+00
 -1.638096e-01 -2.131613e-01 -1.906046e+00
 8.458304e-02 -4.374738e-01 -2.166102e+00
 3.635262e-01 -7.449519e-01 -2.275122e+00
 6.398651e-01 -1.049812e+00 -2.210171e+00
 8.799258e-01 -1.300889e+00 -1.982285e+00
 1.017786e+00 -1.463273e+00 -1.648912e+00
 1.006393e+00 -1.566041e+00 -1.263749e+00
 8.273497e-01 -1.676913e+00 -9.507392e-01
 4.551068e-01 -2.056474e+00 -5.774637e-01
 1.442717e-01 -2.132462e+00 -2.240478e-01
 -9.357505e-02 -2.002494e+00 1.683310e-01
 -2.375863e-01 -1.678815e+00 4.979533e-01
 -2.555936e-01 -1.231733e+00 6.732257e-01
 -8.847595e-02 -7.799605e-01 7.123014e-01
 1.749370e-01 -5.206548e-01 6.570411e-01
 5.837232e-01 -3.587940e-01 6.169589e-01
 1.000157e+00 -3.724419e-01 6.622803e-01
 1.378212e+00 -5.185786e-01 8.463321e-01
 1.617653e+00 -7.570954e-01 1.141222e+00
 1.676595e+00 -1.006137e+00 1.490649e+00
 1.563572e+00 -1.205739e+00 1.842474e+00
 1.312893e+00 -1.329779e+00 2.133540e+00
 9.771325e-01 -1.367637e+00 2.326190e+00
 6.144752e-01 -1.323283e+00 2.403989e+00
 2.811238e-01 -1.201439e+00 2.380599e+00
 1.299582e-02 -1.023308e+00 2.273755e+00
 -1.733272e-01 -8.074232e-01 2.102064e+00
 -2.579255e-01 -5.734591e-01 1.889059e+00
 -2.383333e-01 -3.615500e-01 1.690088e+00
 -1.431997e-01 -1.568016e-01 1.538386e+00
 1.402801e-02 8.542042e-02 1.460990e+00
 7.576717e-02 3.378663e-01 1.451765e+00
 3.538541e-02 6.655858e-01 1.406349e+00
 -7.942898e-02 9.351527e-01 1.307426e+00
 -2.708562e-01 1.163567e+00 1.113143e+00
 -4.689290e-01 1.281665e+00 9.021172e-01
 -6.745231e-01 1.306573e+00 6.654454e-01
 -1.014935e+00 1.180470e+00 2.503918e-01
 -1.164950e+00 1.192610e+00 8.083130e-02
 -1.337957e+00 1.232764e+00 -7.424763e-02
 -1.543536e+00 1.377801e+00 -2.279400e-01
 -1.702871e+00 1.648020e+00 -4.078278e-01
 -1.744201e+00 1.989644e+00 -5.628782e-01
 -1.644279e+00 2.344667e+00 -6.897766e-01
 -1.406550e+00 2.649195e+00 -7.800799e-01
 -1.058426e+00 2.851745e+00 -8.210083e-01
 -6.479475e-01 2.912862e+00 -8.004777e-01
 -2.401589e-01 2.809746e+00 -7.181377e-01
 9.129901e-02 2.544432e+00 -5.912761e-01
 2.726853e-01 2.153732e+00 -4.550068e-01
 2.604641e-01 1.718282e+00 -3.457211e-01
 6.488665e-02 1.317343e+00 -3.140802e-01
 -2.517671e-01 1.035280e+00 -3.881413e-01
 -5.009545e-01 8.901512e-01 -6.089672e-01
 -7.518291e-01 8.493017e-01 -7.914138e-01
 -1.070890e+00 6.823955e-01 -9.501187e-01
 -1.306164e+00 3.932380e-01 -1.076817e+00
 -1.428983e+00 4.063299e-02 -1.113493e+00
 -1.426480e+00 -3.502869e-01 -1.062903e+00
 -1.270862e+00 -7.321512e-01 -9.556412e-01
 -1.011354e+00 -9.978079e-01 -8.042883e-01
 -6.833587e-01 -1.130280e+00 -6.165106e-01
 -1.912539e-01 -1.106121e+00 -3.670249e-01
 1.263532e-01 -1.090935e+00 -2.807491e-01
 3.915043e-01 -1.129418e+00 -1.299183e-01
 5.973008e-01 -1.239199e+00 6.345879e-02
 7.176993e-01 -1.341407e+00 3.158817e-01
 7.716481e-01 -1.375005e+00 6.537699e-01
 7.472138e-01 -1.327053e+00 9.635022e-01
 6.880404e-01 -1.178524e+00 1.259719e+00
 6.489556e-01 -9.941802e-01 1.429640e+00
 6.733008e-01 -7.783863e-01 1.543983e+00
 7.512119e-01 -6.006210e-01 1.685525e+00
 7.694999e-01 -4.075309e-01 1.954785e+00
 6.169545e-01 -1.656458e-01 2.251664e+00
 3.146230e-01 7.495017e-02 2.446285e+00
 -8.483024e-02 2.937516e-01 2.471387e+00
 -4.930524e-01 4.427295e-01 2.302123e+00
 -8.188548e-01 4.948345e-01 1.962312e+00
 -9.711916e-01 4.522573e-01 1.521111e+00
 -9.049318e-01 3.570312e-01 1.051956e+00
 -6.639978e-01 2.816836e-01 7.414349e-01
 -3.257156e-01 3.402823e-01 4.906793e-01
 7.154745e-01 7.140029e-01 2.324368e-01
 1.077287e+00 7.489230e-01 -1.411360e-02
 1.349268e+00 6.520104e-01 -3.684745e-01
 1.454213e+00 4.645397e-01 -7.530803e-01
 1.388097e+00 2.155863e-01 -1.094801e+00
 1.183199e+00 -8.126507e-02 -1.312821e+00
 8.665689e-01 -4.048981e-01 -1.373958e+00
 3.651427e-01 -7.775416e-01 -1.219537e+00
 1.613826e-01 -9.811126e-01 -1.299913e+00
 2.242195e-02 -1.241895e+00 -1.409007e+00
 -6.192929e-03 -1.591827e+00 -1.544505e+00
 1.221604e-01 -1.973442e+00 -1.647387e+00
 3.772016e-01 -2.287305e+00 -1.664166e+00
 7.156579e-01 -2.513955e+00 -1.561882e+00
 1.079379e+00 -2.598232e+00 -1.363130e+00
 1.422444e+00 -2.511257e+00 -1.115128e+00
 1.676293e+00 -2.263071e+00 -8.608435e-01
 1.789497e+00 -1.897050e+00 -6.450566e-01
 1.737054e+00 -1.481869e+00 -5.064417e-01
 1.237069e+00 -5.931666e-01 -3.980268e-01
 1.016166e+00 -3.754778e-01 -3.457334e-01
 8.229422e-01 -2.410215e-01 -3.562063e-01
 6.142007e-01 -6.527822e-02 -4.344133e-01
 5.059457e-01 7.011725e-02 -5.395552e-01
 4.376531e-01 3.204864e-01 -7.274638e-01
 3.996809e-01 6.519470e-01 -1.070614e+00
 3.150584e-01 8.971371e-01 -1.233673e+00
 1.751794e-01 1.153068e+00 -1.326039e+00
 -4.397858e-03 1.402127e+00 -1.334329e+00
 -2.175320e-01 1.614956e+00 -1.261530e+00
 -4.371551e-01 1.775694e+00 -1.105231e+00
 -6.086358e-01 1.859711e+00 -9.002902e-01
