 1.245807e+00 5.371281e-01 1.247097e+00
 9.698555e-01 6.053469e-01 1.358326e+00
 7.582235e-01 6.924538e-01 1.516486e+00
 4.284432e-01 9.555047e-01 1.606865e+00
 -6.145161e-02 1.132534e+00 1.492230e+00
 -6.930984e-01 1.092648e+00 1.098673e+00
 -9.959218e-01 1.205410e+00 9.946457e-01
 -1.178267e+00 1.363304e+00 8.470375e-01
 -1.338426e+00 1.529282e+00 5.085108e-01
 -1.384591e+00 1.576319e+00 8.310697e-02
 -1.316754e+00 1.480720e+00 -3.329648e-01
 -1.113843e+00 1.271640e+00 -6.826628e-01
 -4.227426e-01 6.221887e-01 -1.151514e+00
 -2.778388e-01 2.896872e-01 -1.293425e+00
 -2.571837e-01 4.766601e-02 -1.353551e+00
 -3.291908e-01 -2.303303e-01 -1.403018e+00
 -4.900803e-01 -5.154091e-01 -1.526437e+00
 -7.633006e-01 -7.386360e-01 -1.853208e+00
 -9.533732e-01 -7.836458e-01 -2.271849e+00
 -1.008580e+00 -6.670075e-01 -2.719874e+00
 -9.065502e-01 -4.125298e-01 -3.106770e+00
 -6.487096e-01 -9.359283e-02 -3.352168e+00
 -2.935348e-01 2.247109e-01 -3.398344e+00
 8.225596e-02 4.714302e-01 -3.234690e+00
 4.106285e-01 5.754365e-01 -2.904222e+00
 6.166545e-01 5.183255e-01 -2.481562e+00
 6.881907e-01 2.803892e-01 -2.057045e+00
 6.335205e-01 -3.915009e-02 -1.809820e+00
 5.957661e-01 -3.961809e-01 -1.749684e+00
 7.017199e-01 -7.168575e-01 -1.714707e+00
 8.893830e-01 -9.926952e-01 -1.553948e+00
 1.068807e+00 -1.179710e+00 -1.254154e+00
 1.186086e+00 -1.242940e+00 -8.836673e-01
 1.212525e+00 -1.187938e+00 -4.932622e-01
 1.054107e+00 -7.289812e-01 4.621069e-01
 1.034719e+00 -6.910380e-01 5.351533e-01
 8.590182e-01 -4.595428e-01 1.016754e+00
 8.234157e-01 -3.951810e-01 1.261814e+00
 8.349396e-01 -3.772487e-01 1.561826e+00
 1.005372e+00 -2.663912e-01 1.904081e+00
 1.244441e+00 5.263107e-02 2.185333e+00
 1.443655e+00 4.844912e-01 2.272033e+00
 1.530337e+00 9.502490e-01 2.161398e+00
 1.493737e+00 1.339402e+00 1.869676e+00
 1.330172e+00 1.568169e+00 1.465952e+00
 1.068428e+00 1.583873e+00 1.047834e+00
 7.577790e-01 1.383410e+00 7.147353e-01
 4.739159e-01 1.016789e+00 5.556045e-01
 2.182093e-01 5.652070e-01 6.297139e-01
 3.573641e-02 2.560005e-01 9.232279e-01
 -2.305673e-01 -2.533665e-01 1.987497e+00
 -3.105247e-01 -7.068383e-01 2.286942e+00
 -3.509922e-01 -1.254224e+00 2.314234e+00
 -3.535465e-01 -1.736709e+00 2.062269e+00
 -3.577008e-01 -2.018995e+00 1.605356e+00
 -2.998340e-01 -2.041448e+00 1.087420e+00
 -1.431740e-01 -1.819506e+00 6.341384e-01
 2.501880e-02 -1.406130e+00 3.695246e-01
 7.241608e-02 -8.567691e-01 3.151295e-01
 -1.837211e-02 -3.810400e-01 1.486954e-01
 -1.072333e-01 -2.329761e-01 4.199556e-02
 -2.405161e-01 -1.456022e-01 -1.018263e-01
 -5.743554e-01 -1.013451e-01 -3.937820e-01
 -9.798532e-01 -8.858217e-02 -6.113738e-01
 -1.258673e+00 5.262278e-03 -1.015788e+00
 -1.295183e+00 1.566516e-01 -1.494698e+00
 -1.054217e+00 2.615052e-01 -1.990519e+00
 -6.332437e-01 2.102646e-01 -2.304952e+00
 -2.900938e-01 2.140841e-02 -2.382675e+00
 -1.229230e-01 -2.070343e-01 -2.465288e+00
 1.120001e-01 -3.944556e-01 -2.659087e+00
 5.838024e-01 -4.842917e-01 -2.785307e+00
 1.110905e+00 -4.640078e-01 -2.655939e+00
 1.502313e+00 -3.759762e-01 -2.289773e+00
 1.648794e+00 -2.837586e-01 -1.779881e+00
 1.513682e+00 -2.085786e-01 -1.266740e+00
 1.128656e+00 -2.061308e-01 -8.759913e-01
 6.879033e-01 -3.256072e-01 -7.344125e-01
 -7.495935e-03 -9.800008e-01 -7.705075e-01
 -6.812106e-01 -1.152830e+00 -4.016712e-01
 -1.002172e+00 -8.978849e-01 1.829383e-01
 -9.188097e-01 -3.333875e-01 6.757298e-01
 -9.177268e-01 -2.233082e-01 8.181611e-01
 -1.034914e+00 -2.538358e-02 1.081345e+00
 -1.198488e+00 4.723099e-01 1.744778e+00
 -1.191086e+00 8.853280e-01 1.979456e+00
 -1.098269e+00 1.350393e+00 2.021848e+00
 -9.462178e-01 1.770232e+00 1.859988e+00
 -7.547224e-01 2.047531e+00 1.538504e+00
 -5.388900e-01 2.127093e+00 1.130054e+00
 -3.751453e-01 1.995811e+00 6.999542e-01
 -3.225994e-01 1.688188e+00 3.413881e-01
 -4.036678e-01 1.270230e+00 1.220393e-01
 -5.971006e-01 8.315522e-01 1.007085e-01
 -1.625119e+00 3.095298e-01 2.544351e-01
 -1.929930e+00 -1.200506e-01 5.300572e-01
 -1.916060e+00 -5.706098e-01 8.995225e-01
 -1.593827e+00 -9.101115e-01 1.238972e+00
 -1.054251e+00 -1.088640e+00 1.390130e+00
 -3.221031e-01 -1.020925e+00 1.286280e+00
 -1.548078e-03 -1.063216e+00 1.347397e+00
 5.403596e-01 -1.380864e+00 1.417651e+00
 1.065791e+00 -1.392994e+00 1.431900e+00
 1.528148e+00 -1.147405e+00 1.419080e+00
 1.807371e+00 -7.145914e-01 1.362220e+00
 1.840741e+00 -2.043614e-01 1.285074e+00
 1.622047e+00 2.593029e-01 1.229721e+00
