 7.026005e-01 1.847203e+00 -9.699626e-01
 4.642573e-01 1.953232e+00 -9.495698e-01
 -9.223997e-03 2.331602e+00 -1.107022e+00
 -4.124630e-01 2.462594e+00 -1.120215e+00
 -8.258994e-01 2.463951e+00 -1.011968e+00
 -1.173807e+00 2.335792e+00 -7.999356e-01
 -1.394719e+00 2.102655e+00 -5.208272e-01
 -1.460458e+00 1.767997e+00 -2.110062e-01
 -1.342272e+00 1.449517e+00 4.151790e-02
 -1.072953e+00 1.175808e+00 1.949591e-01
 -7.531182e-01 1.028651e+00 2.494540e-01
 -5.405569e-01 9.682915e-01 2.443439e-01
 -3.566144e-01 9.788234e-01 2.505289e-01
 -6.823574e-02 1.096507e+00 3.114865e-01
 1.983668e-01 1.322340e+00 3.841333e-01
 3.560672e-01 1.522780e+00 3.467365e-01
 8.190668e-01 2.375362e+00 -1.014422e-01
 9.069916e-01 2.557892e+00 -2.659850e-01
 9.755263e-01 2.705382e+00 -4.920830e-01
 1.016040e+00 2.796824e+00 -7.762341e-01
 1.018410e+00 2.806101e+00 -1.102454e+00
 9.751035e-01 2.709975e+00 -1.437245e+00
 8.759752e-01 2.501838e+00 -1.732119e+00
 7.106054e-01 2.215442e+00 -1.927337e+00
 5.097447e-01 1.878771e+00 -1.981289e+00
 3.059783e-01 1.505254e+00 -1.862642e+00
 1.763350e-01 1.198139e+00 -1.583811e+00
 1.612339e-01 9.944476e-01 -1.189304e+00
 2.700290e-01 9.444221e-01 -7.804434e-01
 4.512402e-01 9.669092e-01 -5.482108e-01
 7.460468e-01 9.321245e-01 -3.732459e-01
 9.863005e-01 8.094785e-01 -2.639006e-01
 1.201980e+00 6.010361e-01 -1.848607e-01
 1.344360e+00 2.998068e-01 -1.056452e-01
 1.383574e+00 -2.038086e-02 -5.758561e-02
 1.322717e+00 -3.453496e-01 -4.108529e-02
 1.014133e+00 -9.187473e-01 -7.120576e-02
 8.697748e-01 -1.182074e+00 9.986089e-03
 7.454108e-01 -1.403179e+00 1.694185e-01
 6.946111e-01 -1.611599e+00 4.065038e-01
 6.626322e-01 -1.724845e+00 7.510116e-01
 5.386561e-01 -1.678086e+00 1.143456e+00
 3.393137e-01 -1.444883e+00 1.510896e+00
 1.518976e-01 -1.077363e+00 1.721360e+00
 -9.747222e-03 -6.261314e-01 1.746246e+00
 -1.149327e-01 -4.414730e-01 1.781744e+00
 -2.457991e-01 -2.612570e-01 1.883901e+00
 -4.703859e-01 -1.169448e-01 1.970264e+00
 -8.580264e-01 4.569879e-02 1.948335e+00
 -1.165993e+00 1.567119e-01 1.782639e+00
 -1.400675e+00 2.705673e-01 1.473541e+00
 -1.508413e+00 3.250290e-01 1.097861e+00
 -1.491278e+00 2.954768e-01 6.952134e-01
 -1.345445e+00 1.969002e-01 3.380624e-01
 -1.105965e+00 9.432148e-02 9.565738e-02
 -7.713464e-01 7.445654e-02 -1.676563e-01
 -5.877585e-01 3.776384e-02 -4.597521e-01
 -5.207897e-01 -7.090330e-02 -7.991665e-01
 -5.372314e-01 -3.171684e-01 -1.104134e+00
 -5.883542e-01 -6.614593e-01 -1.280847e+00
 -6.227660e-01 -1.023400e+00 -1.315282e+00
 -5.933026e-01 -1.395134e+00 -1.213985e+00
 -5.166077e-01 -1.658361e+00 -1.035038e+00
 -3.668885e-01 -1.848106e+00 -8.029912e-01
 -1.696474e-01 -1.933650e+00 -6.154422e-01
 1.196264e-01 -1.984341e+00 -4.859435e-01
 7.034854e-01 -2.225058e+00 -4.483169e-01
 1.147380e+00 -2.218297e+00 -3.202160e-01
 1.511156e+00 -2.055876e+00 -7.202345e-02
 1.711341e+00 -1.773735e+00 2.463090e-01
 1.704712e+00 -1.434416e+00 5.704212e-01
 1.493332e+00 -1.102947e+00 8.312858e-01
 1.155159e+00 -8.381425e-01 9.486855e-01
 7.142556e-01 -6.798726e-01 9.034351e-01
 3.437551e-01 -7.025915e-01 7.814865e-01
 1.012555e-01 -8.321696e-01 7.091799e-01
 -1.061635e-01 -1.043516e+00 6.543095e-01
 -2.260247e-01 -1.228031e+00 6.311564e-01
 -2.996388e-01 -1.435560e+00 5.732346e-01
 -4.079585e-01 -2.310965e+00 3.174682e-01
 -4.035350e-01 -2.561784e+00 1.684717e-01
 -3.620175e-01 -2.771165e+00 -4.877489e-02
 -2.823696e-01 -2.913855e+00 -3.275489e-01
 -1.679762e-01 -2.959690e+00 -6.488955e-01
 -2.995708e-02 -2.882846e+00 -9.778628e-01
 1.108513e-01 -2.674992e+00 -1.263986e+00
 2.582198e-01 -2.352736e+00 -1.450663e+00
 3.899166e-01 -1.965772e+00 -1.487261e+00
 4.583015e-01 -1.545856e+00 -1.354778e+00
 4.085027e-01 -1.202503e+00 -1.088774e+00
 2.480939e-01 -9.994769e-01 -7.611891e-01
 -1.099624e-02 -9.408174e-01 -4.791969e-01
 -2.744683e-01 -9.505256e-01 -3.364626e-01
 -6.218797e-01 -9.653756e-01 -2.813047e-01
 -9.704811e-01 -9.116103e-01 -3.588681e-01
 -1.244885e+00 -7.701635e-01 -5.011972e-01
 -1.441281e+00 -5.263876e-01 -6.714880e-01
 -1.537056e+00 -2.191271e-01 -7.982147e-01
 -1.530052e+00 1.511465e-01 -8.651563e-01
 -1.390168e+00 5.084393e-01 -8.880318e-01
 -7.795812e-01 1.225111e+00 -7.885436e-01
 -6.499915e-01 1.391891e+00 -7.152246e-01
 -4.799046e-01 1.610118e+00 -5.379755e-01
 -4.218330e-01 1.839853e+00 -2.877418e-01
 -4.909875e-01 2.032737e+00 8.677220e-02
 -5.586569e-01 2.005338e+00 5.494493e-01
 -5.629192e-01 1.742434e+00 9.662563e-01
 -5.130711e-01 1.274810e+00 1.237639e+00
 -4.515578e-01 7.582130e-01 1.254463e+00
 -4.736801e-01 2.289896e-01 9.975029e-01
 -6.032787e-01 -1.532140e-01 9.403471e-01
 -8.162392e-01 -4.427355e-01 1.026296e+00
 -9.656844e-01 -7.800033e-01 1.320202e+00
 -9.872506e-01 -9.841267e-01 1.735096e+00
 -8.429177e-01 -1.055152e+00 2.181790e+00
 -5.548198e-01 -9.901647e-01 2.543192e+00
 -1.819282e-01 -8.298243e-01 2.738988e+00
 1.948999e-01 -6.010110e-01 2.751728e+00
 4.998979e-01 -3.402734e-01 2.596302e+00
 6.897149e-01 -9.957155e-02 2.310733e+00
 7.420976e-01 8.600881e-02 1.949030e+00
 5.468673e-01 3.217090e-01 9.790673e-01
 4.623125e-01 2.914953e-01 5.800544e-01
 3.437339e-01 4.532607e-02 -2.409156e-02
 4.167962e-01 -3.742769e-02 -3.882188e-01
 5.500799e-01 -4.883325e-02 -6.603761e-01
 7.888224e-01 8.172463e-02 -9.685402e-01
 1.012397e+00 3.600386e-01 -1.187738e+00
 1.156053e+00 7.247822e-01 -1.288286e+00
 1.182141e+00 1.114276e+00 -1.281178e+00
 1.093091e+00 1.466516e+00 -1.182446e+00
 8.896564e-01 1.738205e+00 -1.040167e+00
