 -1.144219e+00 1.116098e+00 5.770588e-01
 -1.238812e+00 8.302044e-01 7.267577e-01
 -1.454732e+00 4.758583e-01 1.157662e+00
 -1.520256e+00 1.280701e-01 1.359714e+00
 -1.534310e+00 -2.775246e-01 1.416611e+00
 -1.465885e+00 -6.605021e-01 1.331624e+00
 -1.311745e+00 -9.735048e-01 1.124140e+00
 -1.087595e+00 -1.163968e+00 8.336465e-01
 -6.810768e-01 -1.215261e+00 3.701112e-01
 -4.823412e-01 -1.382869e+00 1.577625e-01
 -2.345324e-01 -1.537717e+00 6.899592e-02
 8.331323e-02 -1.608533e+00 2.194764e-02
 4.409106e-01 -1.536715e+00 -2.027812e-02
 7.414075e-01 -1.340665e+00 -6.110376e-02
 9.470276e-01 -1.062937e+00 -1.216864e-01
 1.105714e+00 -5.386085e-01 -1.698983e-01
 1.372384e+00 -2.196789e-01 -1.344263e-01
 1.785414e+00 -5.847520e-02 -1.474035e-01
 2.192525e+00 -2.007009e-02 -3.199211e-01
 2.510835e+00 -1.031342e-01 -6.198900e-01
 2.670833e+00 -2.616127e-01 -1.015185e+00
 2.634237e+00 -4.527911e-01 -1.424781e+00
 2.406576e+00 -6.293090e-01 -1.774523e+00
 2.031486e+00 -7.582855e-01 -1.995240e+00
 1.582390e+00 -8.161837e-01 -2.041809e+00
 1.141725e+00 -7.815906e-01 -1.906771e+00
 8.083042e-01 -6.491773e-01 -1.623966e+00
 6.463253e-01 -4.238777e-01 -1.280827e+00
 6.668629e-01 -1.356624e-01 -9.767463e-01
 7.763538e-01 2.312335e-01 -8.182856e-01
 1.141844e+00 9.690196e-01 -7.754715e-01
 1.297931e+00 1.323506e+00 -5.801667e-01
 1.376827e+00 1.588287e+00 -2.495978e-01
 1.372559e+00 1.712774e+00 1.579666e-01
 1.270838e+00 1.684648e+00 5.749909e-01
 1.073102e+00 1.506196e+00 9.252593e-01
 8.730524e-01 1.182922e+00 1.147895e+00
 7.347008e-01 7.767532e-01 1.214442e+00
 6.769071e-01 4.190255e-01 1.116911e+00
 7.044161e-01 2.064297e-01 1.003433e+00
 8.644659e-01 -8.583873e-02 9.080995e-01
 1.424006e+00 -6.374224e-01 8.169952e-01
 1.713594e+00 -8.477592e-01 6.213569e-01
 1.934071e+00 -1.002821e+00 2.742008e-01
 2.013333e+00 -1.061556e+00 -1.181463e-01
 1.956173e+00 -1.013455e+00 -5.184804e-01
 1.820680e+00 -8.426639e-01 -8.439585e-01
 1.686924e+00 -5.880315e-01 -1.037747e+00
 1.655123e+00 -3.823668e-01 -1.111934e+00
 1.657427e+00 -1.774943e-01 -1.226741e+00
 1.561295e+00 5.492259e-02 -1.465205e+00
 1.333828e+00 2.376984e-01 -1.692096e+00
 1.008657e+00 3.785218e-01 -1.816727e+00
 6.615305e-01 4.627261e-01 -1.823094e+00
 3.048497e-01 4.643785e-01 -1.728253e+00
 -7.544123e-03 3.906832e-01 -1.531810e+00
 -5.987938e-01 1.531242e-02 -8.132503e-01
 -7.765554e-01 -1.379804e-01 -5.980816e-01
 -8.834423e-01 -2.968596e-01 -5.126437e-01
 -1.360448e+00 -1.196790e+00 -3.954645e-01
 -1.431969e+00 -1.573858e+00 -2.333980e-01
 -1.367726e+00 -1.903547e+00 1.782680e-02
 -1.171933e+00 -2.132420e+00 3.122463e-01
 -8.844511e-01 -2.214407e+00 6.078055e-01
 -5.600104e-01 -2.127947e+00 8.634382e-01
 -2.553799e-01 -1.883183e+00 1.037022e+00
 -5.579795e-03 -1.545902e+00 1.071245e+00
 1.565715e-01 -1.187676e+00 9.616120e-01
 2.259971e-01 -8.550758e-01 7.104426e-01
 1.580446e-01 -6.032685e-01 3.709371e-01
 4.437378e-02 -5.332986e-01 -4.523635e-02
 4.207876e-02 -6.969761e-01 -4.333894e-01
 -3.208573e-02 -8.478847e-01 -6.656251e-01
 -2.500074e-01 -9.214245e-01 -1.053809e+00
 -5.683809e-01 -8.580714e-01 -1.346252e+00
 -9.302354e-01 -6.773134e-01 -1.491718e+00
 -1.278498e+00 -4.077133e-01 -1.466536e+00
 -1.565451e+00 -8.688062e-02 -1.255518e+00
 -1.698982e+00 1.741686e-01 -9.291000e-01
 -1.657728e+00 4.363299e-01 -4.057701e-01
 -1.721620e+00 5.940378e-01 -2.097752e-01
 -2.077921e+00 9.451477e-01 1.420129e-01
 -2.178312e+00 1.177544e+00 4.796993e-01
 -2.111936e+00 1.371307e+00 8.490080e-01
 -1.889020e+00 1.496051e+00 1.185506e+00
 -1.547980e+00 1.532967e+00 1.429210e+00
 -1.156515e+00 1.460315e+00 1.548943e+00
 -7.815032e-01 1.278377e+00 1.536477e+00
 -4.736744e-01 1.062195e+00 1.372925e+00
 -2.737545e-01 8.549904e-01 1.084140e+00
 -2.132321e-01 6.771465e-01 7.041931e-01
 -3.085433e-01 5.918175e-01 3.110195e-01
 -4.563375e-01 7.092501e-01 -7.965378e-02
 -1.036489e+00 1.196213e+00 -6.924594e-01
 -1.369091e+00 1.308845e+00 -8.609950e-01
 -1.750812e+00 1.303387e+00 -9.503903e-01
 -2.139126e+00 1.173518e+00 -9.490432e-01
 -2.427749e+00 9.569514e-01 -8.832846e-01
 -2.611303e+00 6.946592e-01 -7.542560e-01
 -2.683565e+00 4.179923e-01 -5.751073e-01
 -2.643192e+00 1.545141e-01 -3.649587e-01
 -2.485270e+00 -8.535203e-02 -1.109964e-01
 -2.241321e+00 -2.339190e-01 9.904275e-02
 -1.934363e+00 -2.920872e-01 2.566906e-01
 -1.064688e+00 -1.995603e-01 4.874321e-01
 -8.895408e-01 -1.814235e-01 6.009267e-01
 -3.219556e-01 -2.497297e-01 1.291420e+00
 2.777653e-01 -2.739086e-01 1.794467e+00
 6.486281e-01 -2.133080e-01 1.933468e+00
 1.027757e+00 -8.828539e-02 1.934529e+00
 1.356749e+00 8.168637e-02 1.798775e+00
 1.602844e+00 2.852620e-01 1.533514e+00
 1.708809e+00 4.350924e-01 1.205965e+00
 1.671012e+00 5.487705e-01 8.387971e-01
 1.476420e+00 6.546367e-01 4.926728e-01
 1.165077e+00 7.083468e-01 2.522124e-01
 8.437267e-01 8.131347e-01 1.923611e-01
 6.101972e-01 1.020534e+00 1.385513e-01
 3.852867e-01 1.331661e+00 1.415577e-01
 8.363619e-02 1.550672e+00 2.268285e-01
 -2.803356e-01 1.639383e+00 3.352483e-01
 -6.748031e-01 1.572306e+00 4.619433e-01
 -9.630711e-01 1.389633e+00 5.291889e-01
