 -1.047410e+00 9.032820e-01 1.034321e+00
 -9.255387e-01 -4.336710e-02 1.078040e+00
 -1.037530e+00 -4.649645e-01 1.012214e+00
 -1.239835e+00 -6.980417e-01 9.585760e-01
 -1.911267e+00 -1.116144e+00 9.258124e-01
 -2.240186e+00 -1.657539e+00 4.125927e-01
 -1.970970e+00 -2.081674e+00 -2.353240e-01
 -1.299009e+00 -2.075793e+00 -6.899203e-01
 -6.173067e-01 -1.657002e+00 -7.086393e-01
 -1.685537e-01 -8.491378e-01 -1.350399e-01
 -4.401943e-02 -5.460124e-01 2.027917e-01
 1.176906e-01 -4.006542e-01 4.825324e-01
 8.961908e-01 -1.220494e-01 1.253035e+00
 1.349905e+00 -1.770098e-02 1.385658e+00
 1.807259e+00 3.041366e-02 1.304425e+00
 2.172849e+00 2.151754e-02 1.050028e+00
 2.391334e+00 -3.259565e-02 6.923655e-01
 2.447962e+00 -1.143971e-01 3.045715e-01
 2.356672e+00 -2.155452e-01 -5.852947e-02
 2.169400e+00 -3.373832e-01 -3.247505e-01
 1.907027e+00 -4.535134e-01 -4.990274e-01
 1.560826e+00 -5.283642e-01 -5.771995e-01
 1.309493e+00 -5.200551e-01 -5.706319e-01
 1.138214e+00 -4.490699e-01 -5.498580e-01
 9.859632e-01 -3.793815e-01 -5.496609e-01
 1.100699e-01 2.913974e-01 -6.317324e-01
 4.276228e-02 3.447771e-01 -6.451544e-01
 -3.900514e-02 4.129096e-01 -6.726606e-01
 -1.157783e-01 4.865476e-01 -7.125228e-01
 -2.998869e-01 6.773435e-01 -8.717697e-01
 -8.737443e-01 1.269671e+00 -1.227811e+00
 -1.068286e+00 1.578494e+00 -1.266528e+00
 -1.186246e+00 1.927867e+00 -1.201899e+00
 -1.204992e+00 2.274190e+00 -1.036809e+00
 -1.111669e+00 2.568117e+00 -7.879874e-01
 -9.078351e-01 2.759034e+00 -4.878791e-01
 -6.156606e-01 2.804523e+00 -1.852943e-01
 -2.839300e-01 2.678117e+00 7.325939e-02
 6.717519e-04 2.382647e+00 2.581865e-01
 2.025971e-01 1.969079e+00 2.844681e-01
 2.888721e-01 1.596170e+00 1.420690e-01
 3.789643e-01 1.335956e+00 -1.582435e-01
 6.934349e-01 1.123946e+00 -8.883813e-01
 6.111107e-01 8.035226e-01 -1.398845e+00
 3.342023e-01 3.180396e-01 -1.652734e+00
 -1.306730e-01 -1.163716e-01 -1.575882e+00
 -5.945475e-01 -3.199002e-01 -1.184124e+00
 -1.038418e+00 -2.181013e-01 -1.404342e-01
 -1.162679e+00 -1.927381e-01 7.450095e-03
 -1.683721e+00 -6.191561e-03 3.046851e-01
 -1.965473e+00 7.882940e-02 8.803157e-01
 -1.905895e+00 -4.997055e-02 1.484357e+00
 -1.569668e+00 -4.261544e-01 1.933168e+00
 -1.082992e+00 -8.667061e-01 1.997799e+00
 -6.172313e-01 -1.196806e+00 1.662973e+00
 -3.137889e-01 -1.341586e+00 8.846508e-01
 -2.126659e-01 -1.492637e+00 6.401120e-01
 -9.907131e-02 -1.765156e+00 4.199725e-01
 2.537469e-01 -2.119060e+00 3.277078e-01
 7.860860e-01 -2.248443e+00 3.413370e-01
 1.365764e+00 -2.044599e+00 3.422529e-01
 1.731191e+00 -1.564214e+00 3.812841e-01
 1.767263e+00 -9.799426e-01 4.628258e-01
 1.461373e+00 -4.182710e-01 4.326787e-01
 1.413121e+00 -1.681937e-02 3.266195e-01
 1.470005e+00 3.070654e-01 6.505330e-02
 1.509054e+00 4.964774e-01 -3.802592e-01
 1.501896e+00 4.628840e-01 -8.650152e-01
 1.417418e+00 2.223209e-01 -1.279139e+00
 1.223619e+00 -1.344058e-01 -1.528576e+00
 1.020426e+00 -5.754842e-01 -1.565654e+00
 8.519645e-01 -9.885511e-01 -1.378250e+00
 7.473758e-01 -1.280620e+00 -1.011318e+00
 7.275476e-01 -1.388552e+00 -5.586823e-01
 7.415829e-01 -1.182955e+00 3.300459e-01
 7.734833e-01 -1.259202e+00 7.667487e-01
 6.992039e-01 -1.579932e+00 1.143063e+00
 3.396206e-01 -2.008317e+00 1.376812e+00
 -2.156409e-01 -2.305659e+00 1.326160e+00
 -7.813540e-01 -2.280457e+00 1.063030e+00
 -1.140606e+00 -1.986161e+00 6.347882e-01
 -1.175451e+00 -1.490463e+00 2.149701e-01
 -1.264429e+00 -1.321110e+00 8.458164e-02
 -1.359257e+00 -1.209140e+00 -4.306556e-02
 -1.681386e+00 -9.937328e-01 -3.894125e-01
 -1.875521e+00 -5.749902e-01 -6.505482e-01
 -1.880444e+00 -1.030018e-01 -7.651680e-01
 -1.708651e+00 3.381812e-01 -7.316467e-01
 -1.425539e+00 6.778332e-01 -5.251378e-01
 -1.165108e+00 8.075646e-01 -2.364641e-01
 1.455417e-01 6.567870e-01 6.048826e-01
 6.875811e-01 7.783048e-01 6.959551e-01
 1.157905e+00 1.137149e+00 5.447216e-01
 1.349190e+00 1.601956e+00 2.012610e-01
 1.194574e+00 2.024422e+00 -2.093189e-01
 7.398423e-01 2.260862e+00 -5.590090e-01
 2.311584e-01 2.206441e+00 -7.465745e-01
 -2.550870e-01 1.958410e+00 -6.913632e-01
 -5.161418e-01 1.806908e+00 -4.404399e-01
 -6.975690e-01 1.771911e+00 -1.978638e-01
 -8.501310e-01 1.763805e+00 2.022752e-01
 -9.636458e-01 1.597604e+00 5.735905e-01
 -1.039562e+00 1.293507e+00 8.651039e-01
