 -1.266853e+00 1.246920e+00 -1.166727e+00
 -1.306771e+00 2.132883e+00 -1.035789e+00
 -8.189321e-01 2.675853e+00 -4.926875e-01
 -6.665415e-02 2.511062e+00 1.848592e-03
 4.415173e-01 1.755829e+00 7.436309e-02
 2.895704e-01 9.529208e-01 -1.799644e-01
 2.814824e-01 8.127405e-01 -2.031583e-01
 2.853368e-01 7.147372e-01 -2.244424e-01
 3.793345e-01 -1.003700e-01 -4.584292e-01
 3.744115e-01 -2.981538e-01 -4.813679e-01
 3.550612e-01 -7.903279e-01 -4.343795e-01
 3.798254e-01 -9.803203e-01 -4.407417e-01
 4.272221e-01 -1.256568e+00 -5.091348e-01
 5.685965e-01 -1.489541e+00 -6.262853e-01
 8.866378e-01 -1.715766e+00 -7.380082e-01
 1.252071e+00 -1.820015e+00 -7.523753e-01
 1.647448e+00 -1.854188e+00 -6.180284e-01
 1.966917e+00 -1.780127e+00 -3.859903e-01
 2.178000e+00 -1.607379e+00 -1.020316e-01
 2.256061e+00 -1.367981e+00 1.892886e-01
 2.198062e+00 -1.098913e+00 4.483034e-01
 2.017892e+00 -8.373715e-01 6.429444e-01
 1.742521e+00 -6.168404e-01 7.510409e-01
 1.410344e+00 -4.655198e-01 7.611292e-01
 2.878806e-01 -2.967264e-01 5.243391e-01
 -2.907221e-01 -3.367589e-01 4.228958e-01
 -1.308319e+00 -5.337870e-01 6.224181e-01
 -1.792566e+00 -4.002419e-01 9.761800e-01
 -2.002218e+00 -6.490750e-02 1.445042e+00
 -1.869768e+00 3.756865e-01 1.861638e+00
 -1.462604e+00 7.568303e-01 2.058450e+00
 -8.830508e-01 9.368003e-01 2.029454e+00
 -3.527651e-01 8.492259e-01 1.796053e+00
 -2.860817e-02 5.913092e-01 1.353223e+00
 1.425243e-01 5.491085e-01 1.194077e+00
 1.187016e+00 7.488682e-01 3.413402e-01
 1.332607e+00 8.272721e-01 -3.156633e-01
 1.047864e+00 9.396813e-01 -9.202328e-01
 2.001654e-01 1.038227e+00 -1.354513e+00
 4.361421e-02 1.073471e+00 -1.518230e+00
 -6.250556e-02 1.056227e+00 -1.643368e+00
 -2.621717e-01 9.581275e-01 -1.827735e+00
 -4.720808e-01 7.970432e-01 -1.950661e+00
 -7.078411e-01 5.980373e-01 -1.986719e+00
 -9.369101e-01 3.823861e-01 -1.918024e+00
 -1.158697e+00 2.003366e-01 -1.745872e+00
 -1.334001e+00 7.043046e-02 -1.485607e+00
 -1.436185e+00 2.880300e-03 -1.157740e+00
 -1.447904e+00 9.467209e-03 -7.968346e-01
 -1.358641e+00 8.702717e-02 -4.512509e-01
 -1.185214e+00 2.284512e-01 -1.742830e-01
 -6.520474e-01 6.501645e-01 2.321917e-01
 -5.640306e-01 7.506748e-01 3.290809e-01
 -4.908491e-01 8.839428e-01 4.457816e-01
 -2.842309e-01 1.411286e+00 7.275850e-01
 2.347297e-01 1.631587e+00 1.210446e+00
 6.711168e-01 1.336596e+00 1.715146e+00
 8.119824e-01 6.350367e-01 2.030472e+00
 5.622305e-01 -8.412180e-02 1.954384e+00
 -3.245459e-02 -5.334580e-01 1.461208e+00
 -2.445256e-01 -7.264205e-01 1.365557e+00
 -4.510875e-01 -1.017792e+00 1.347296e+00
 -5.004453e-01 -1.481573e+00 1.334264e+00
 -3.148666e-01 -1.933629e+00 1.240557e+00
 8.417427e-03 -2.234958e+00 1.032403e+00
 4.079970e-01 -2.326117e+00 7.691293e-01
 7.976676e-01 -2.188072e+00 5.125718e-01
 1.084724e+00 -1.863483e+00 3.310872e-01
 1.220908e+00 -1.271673e+00 1.394571e-01
 1.351377e+00 -9.788313e-01 -1.435059e-01
 1.394957e+00 -8.353451e-01 -5.050906e-01
 1.247790e+00 -7.620927e-01 -9.524261e-01
 9.129905e-01 -7.966400e-01 -1.309278e+00
 4.704758e-01 -8.821835e-01 -1.472583e+00
 5.132630e-03 -9.739595e-01 -1.412926e+00
 -3.805590e-01 -1.088325e+00 -1.140564e+00
 -5.913476e-01 -1.209164e+00 -7.211674e-01
 -5.828224e-01 -1.305758e+00 -2.481466e-01
 -3.594849e-01 -1.353361e+00 1.755224e-01
 2.350749e-01 -1.298862e+00 6.233777e-01
 4.928008e-01 -1.297733e+00 9.675997e-01
 5.593589e-01 -1.407549e+00 1.436853e+00
 3.238706e-01 -1.365254e+00 1.995350e+00
 -1.163037e-01 -1.107928e+00 2.346420e+00
 -5.678284e-01 -6.741213e-01 2.367682e+00
 -8.914278e-01 -2.526609e-01 2.041715e+00
 -9.587153e-01 7.643898e-02 1.419678e+00
 -1.013325e+00 2.406941e-01 1.262092e+00
 -1.100121e+00 3.863905e-01 1.145949e+00
 -1.389166e+00 7.651425e-01 9.407094e-01
 -1.477092e+00 1.100092e+00 6.507533e-01
 -1.387792e+00 1.367455e+00 2.976856e-01
 -1.108230e+00 1.549458e+00 -5.214827e-02
 -6.809288e-01 1.597321e+00 -3.037751e-01
 -5.207781e-01 1.614000e+00 -4.531963e-01
 -3.772424e-01 1.671162e+00 -6.609937e-01
 7.048055e-02 2.038529e+00 -1.112348e+00
 4.320950e-01 2.040850e+00 -1.507068e+00
 7.126536e-01 1.780591e+00 -1.880668e+00
 8.320611e-01 1.332279e+00 -2.137512e+00
 7.859950e-01 8.128421e-01 -2.191760e+00
 5.884254e-01 3.507642e-01 -2.031860e+00
 2.681021e-01 7.113363e-02 -1.719137e+00
 -1.104059e-01 4.693353e-02 -1.333464e+00
 -4.430474e-01 3.033706e-01 -1.016957e+00
 -6.602623e-01 6.382985e-01 -9.411817e-01
