 9.480308e-01 -1.655825e+00 -9.240507e-01
 9.417815e-01 -1.269794e+00 -1.248429e+00
 9.018346e-01 -7.560349e-01 -1.356271e+00
 7.662572e-01 -1.389360e-01 -1.179521e+00
 7.007817e-01 2.184484e-01 -1.200949e+00
 7.015266e-01 5.729162e-01 -1.367786e+00
 6.496739e-01 8.583096e-01 -1.722745e+00
 5.383026e-01 9.586599e-01 -2.159568e+00
 3.585056e-01 8.536370e-01 -2.588428e+00
 1.352428e-01 5.743724e-01 -2.893025e+00
 -9.377111e-02 1.891328e-01 -3.013453e+00
 -2.861433e-01 -2.258768e-01 -2.928173e+00
 -3.963324e-01 -5.869837e-01 -2.655990e+00
 -4.247759e-01 -8.097734e-01 -2.242511e+00
 -3.792510e-01 -8.384208e-01 -1.789288e+00
 -2.917071e-01 -6.687741e-01 -1.374022e+00
 -2.108303e-01 -3.607833e-01 -1.111545e+00
 -2.517128e-01 -8.639819e-03 -9.732146e-01
 -3.072299e-01 4.216726e-01 -9.732286e-01
 -3.763823e-01 7.168997e-01 -9.034234e-01
 -4.421146e-01 9.470620e-01 -7.734991e-01
 -5.136822e-01 1.123244e+00 -5.969322e-01
 -5.788818e-01 1.236275e+00 -3.930248e-01
 -6.288066e-01 1.294895e+00 -1.470511e-01
 -6.537397e-01 1.279783e+00 7.788382e-02
 -6.191315e-01 1.211467e+00 3.491456e-01
 -5.044710e-01 1.179040e+00 5.603051e-01
 -4.172434e-01 1.211652e+00 7.507955e-01
 -2.895667e-01 1.324518e+00 1.034050e+00
 -1.095238e-01 1.347572e+00 1.321894e+00
 6.856035e-02 1.271528e+00 1.583853e+00
 2.266668e-01 1.120115e+00 1.782309e+00
 3.944368e-01 9.065789e-01 1.912499e+00
 5.380080e-01 6.548525e-01 1.961743e+00
 6.315878e-01 3.753896e-01 1.931612e+00
 6.573863e-01 6.811185e-02 1.826359e+00
 6.125618e-01 -1.173838e-01 1.746142e+00
 5.009902e-01 -3.301260e-01 1.687795e+00
 3.459316e-01 -8.990736e-01 1.739789e+00
 1.499795e-01 -1.268359e+00 1.633988e+00
 -1.157707e-01 -1.546599e+00 1.388745e+00
 -3.685075e-01 -1.638602e+00 1.075246e+00
 -5.704762e-01 -1.558167e+00 7.088988e-01
 -6.595698e-01 -1.330860e+00 3.507492e-01
 -6.686989e-01 -8.627158e-01 2.935536e-03
 -7.702545e-01 -7.134599e-01 -2.254258e-01
 -1.118948e+00 -5.289044e-01 -6.920604e-01
 -1.214198e+00 -4.011634e-01 -9.350351e-01
 -1.228090e+00 -2.576635e-01 -1.192426e+00
 -1.158230e+00 -1.155517e-01 -1.439192e+00
 -1.011453e+00 7.906029e-03 -1.655770e+00
 -7.782600e-01 1.113926e-01 -1.845700e+00
 -5.400638e-01 1.667115e-01 -1.946389e+00
 -3.265454e-01 1.823299e-01 -1.975768e+00
 -8.869065e-02 1.417943e-01 -1.984823e+00
 9.313728e-02 4.508459e-02 -2.006681e+00
 2.534757e-01 -3.735255e-02 -2.071629e+00
 4.588703e-01 -7.415689e-02 -2.152082e+00
 7.494756e-01 -5.276423e-02 -2.202181e+00
 1.028639e+00 3.595520e-03 -2.164281e+00
 1.321470e+00 7.274507e-02 -2.014873e+00
 1.541169e+00 1.407012e-01 -1.792354e+00
 1.679303e+00 2.004323e-01 -1.513875e+00
 1.725126e+00 2.452835e-01 -1.203259e+00
 1.673329e+00 2.724476e-01 -8.909573e-01
 1.529132e+00 2.807935e-01 -6.096757e-01
 1.170921e+00 2.395512e-01 -2.408537e-01
 1.017555e+00 1.549899e-01 -1.811213e-02
 9.123456e-01 7.679008e-03 2.438883e-01
 9.120678e-01 -1.653119e-01 4.581736e-01
 1.023565e+00 -3.156642e-01 7.273547e-01
 1.384562e+00 -5.812205e-01 1.226216e+00
 1.468766e+00 -6.893838e-01 1.661469e+00
 1.373937e+00 -7.065818e-01 2.107622e+00
 1.117905e+00 -6.350951e-01 2.473476e+00
 7.430463e-01 -5.066170e-01 2.687043e+00
 3.181179e-01 -3.411233e-01 2.708016e+00
 -5.855929e-02 -1.480491e-01 2.533860e+00
 -3.076510e-01 3.897071e-02 2.204095e+00
 -3.770102e-01 1.880418e-01 1.796471e+00
 -2.440796e-01 3.245952e-01 1.371945e+00
 8.493358e-03 3.533560e-01 1.090304e+00
 2.565915e-01 4.537110e-01 9.793372e-01
 5.506683e-01 6.417074e-01 9.464466e-01
 7.859353e-01 7.104586e-01 9.786425e-01
 1.147704e+00 7.053766e-01 9.535087e-01
 1.478982e+00 6.026845e-01 8.495589e-01
 1.747142e+00 4.057904e-01 6.793754e-01
 1.903229e+00 1.469150e-01 4.894182e-01
 1.938376e+00 -1.457335e-01 3.085015e-01
 1.857796e+00 -4.138240e-01 1.442021e-01
 1.663557e+00 -6.377167e-01 -3.942683e-02
 1.406033e+00 -7.787916e-01 -1.905995e-01
 1.098944e+00 -8.384561e-01 -2.932393e-01
 6.929149e-01 -8.121570e-01 -3.414313e-01
 5.158999e-01 -8.523244e-01 -4.003391e-01
 2.655058e-01 -1.002037e+00 -4.967438e-01
 -1.148750e-01 -1.387711e+00 -6.737319e-01
 -4.565834e-01 -1.557362e+00 -7.236682e-01
 -8.437687e-01 -1.631672e+00 -6.743403e-01
 -1.194850e+00 -1.608497e+00 -5.241979e-01
 -1.461691e+00 -1.488158e+00 -3.139026e-01
 -1.632668e+00 -1.271919e+00 -8.109472e-02
 -1.681994e+00 -9.825220e-01 1.697703e-01
 -1.587432e+00 -6.760939e-01 4.102426e-01
 -1.284742e+00 -2.539463e-01 6.268158e-01
 -1.205574e+00 1.005916e-01 8.295044e-01
 -1.406021e+00 1.079976e+00 1.012103e+00
 -1.390227e+00 1.414039e+00 9.996733e-01
 -1.274874e+00 1.729725e+00 9.395292e-01
 -1.072299e+00 1.987477e+00 8.316613e-01
 -8.018485e-01 2.155686e+00 6.847912e-01
 -4.905074e-01 2.206652e+00 5.247906e-01
 -1.628837e-01 2.128262e+00 3.793934e-01
 1.183256e-01 1.927847e+00 2.559070e-01
 3.087278e-01 1.619662e+00 1.321745e-01
 3.715645e-01 1.250885e+00 4.384279e-02
 2.913132e-01 8.672353e-01 -4.482742e-04
 6.045255e-02 5.252133e-01 -2.384469e-04
 -2.471387e-01 3.227045e-01 3.975523e-02
 -5.633959e-01 2.556720e-01 7.283817e-04
 -1.046720e+00 3.480280e-01 -1.775668e-01
 -1.451575e+00 4.108192e-01 -1.484368e-01
 -1.839027e+00 3.829563e-01 3.156842e-02
 -2.125533e+00 2.831319e-01 3.444878e-01
 -2.249679e+00 1.222104e-01 7.378572e-01
 -2.194284e+00 -1.024153e-01 1.111335e+00
 -1.968220e+00 -3.405222e-01 1.404368e+00
 -1.608381e+00 -5.357544e-01 1.569888e+00
 -1.182779e+00 -6.537682e-01 1.574529e+00
 -7.730680e-01 -6.752077e-01 1.416537e+00
 -4.034378e-01 -6.134758e-01 1.059447e+00
 -1.098929e-01 -6.167225e-01 8.635242e-01
 7.307815e-02 -7.222612e-01 7.602254e-01
 2.993062e-01 -1.011277e+00 6.141612e-01
 5.140193e-01 -1.494417e+00 4.157312e-01
 7.106805e-01 -1.790390e+00 1.549768e-02
 8.771238e-01 -1.843025e+00 -4.765657e-01
