 -1.170560e+00 2.018137e+00 -2.577230e-01
 -1.232091e+00 1.961194e+00 9.118419e-02
 -1.181824e+00 1.834151e+00 3.842008e-01
 -1.060088e+00 1.787454e+00 5.913454e-01
 -9.679800e-01 1.783899e+00 9.029036e-01
 -1.023361e+00 1.622605e+00 1.355654e+00
 -1.182309e+00 1.245539e+00 1.689934e+00
 -1.355222e+00 7.441773e-01 1.776445e+00
 -1.464304e+00 2.517251e-01 1.592926e+00
 -1.497926e+00 -9.602996e-02 1.183610e+00
 -1.455558e+00 -1.948458e-01 6.949766e-01
 -9.409514e-01 9.033664e-03 -3.497696e-01
 -9.931032e-01 4.320753e-02 -7.661158e-01
 -1.279836e+00 -2.301659e-02 -1.364866e+00
 -1.280723e+00 -2.087389e-01 -1.857386e+00
 -1.047085e+00 -4.538536e-01 -2.254867e+00
 -6.294234e-01 -6.602985e-01 -2.473941e+00
 -1.315925e-01 -7.706959e-01 -2.467754e+00
 3.129789e-01 -7.952322e-01 -2.217504e+00
 5.628399e-01 -7.643084e-01 -1.823222e+00
 5.956629e-01 -8.523853e-01 -1.420790e+00
 7.145152e-01 -1.199004e+00 -9.613424e-01
 7.246354e-01 -1.310069e+00 -7.333596e-01
 7.075877e-01 -1.367223e+00 -4.851508e-01
 6.669753e-01 -1.366050e+00 -2.359648e-01
 4.761978e-01 -1.178078e+00 5.234971e-01
 4.443062e-01 -1.139119e+00 6.573990e-01
 4.053535e-01 -1.074245e+00 8.872751e-01
 3.282098e-01 -1.097799e+00 1.199932e+00
 3.748369e-01 -1.253486e+00 1.599326e+00
 5.997075e-01 -1.477715e+00 1.927134e+00
 9.749200e-01 -1.672449e+00 2.114484e+00
 1.413334e+00 -1.800016e+00 2.119483e+00
 1.829326e+00 -1.830571e+00 1.951237e+00
 2.147847e+00 -1.751803e+00 1.652928e+00
 2.313243e+00 -1.583521e+00 1.281102e+00
 2.299445e+00 -1.355245e+00 9.052906e-01
 2.116633e+00 -1.096058e+00 6.025080e-01
 1.803993e+00 -8.572297e-01 4.305130e-01
 1.461961e+00 -6.621720e-01 4.312955e-01
 1.243163e+00 -5.341165e-01 5.469329e-01
 1.086585e+00 -3.583077e-01 6.843850e-01
 4.110080e-01 2.293085e-01 1.136662e+00
 2.373298e-01 3.464658e-01 1.198121e+00
 4.804011e-02 4.489352e-01 1.218640e+00
 -1.476597e-01 5.336494e-01 1.197943e+00
 -3.406249e-01 5.983929e-01 1.137544e+00
 -1.000887e+00 7.496532e-01 7.892990e-01
 -1.300454e+00 8.219337e-01 7.355693e-01
 -1.545617e+00 9.089809e-01 7.707464e-01
 -1.823966e+00 1.165862e+00 8.550018e-01
 -1.982312e+00 1.526673e+00 9.579195e-01
 -1.988426e+00 1.940816e+00 1.011257e+00
 -1.844045e+00 2.329421e+00 9.897299e-01
 -1.567593e+00 2.629223e+00 9.062116e-01
 -1.204321e+00 2.791202e+00 7.645856e-01
 -8.216625e-01 2.785094e+00 5.772095e-01
 -4.860536e-01 2.608247e+00 3.793847e-01
 -2.633080e-01 2.294151e+00 1.987852e-01
 -1.952806e-01 1.899055e+00 5.508566e-02
 -3.052163e-01 1.485832e+00 -3.931551e-02
 -6.262519e-01 1.099874e+00 -8.926023e-02
 -1.424897e+00 9.209681e-01 -3.314383e-01
 -1.791934e+00 6.239897e-01 -4.200575e-01
 -1.994653e+00 1.597746e-01 -4.919090e-01
 -1.954347e+00 -3.242952e-01 -5.341966e-01
 -1.666836e+00 -7.382302e-01 -5.627457e-01
 -1.186147e+00 -9.865234e-01 -5.343527e-01
 -6.669774e-01 -9.762518e-01 -4.742784e-01
 2.032675e-01 -4.843346e-01 -4.631594e-01
 5.569972e-01 -3.458912e-01 -3.538261e-01
 7.425396e-01 -2.302247e-01 -3.059964e-01
 1.137142e+00 1.111081e-01 -2.574170e-01
 1.542509e+00 3.090477e-01 1.776361e-02
 1.853844e+00 3.052662e-01 4.436660e-01
 1.997117e+00 9.555354e-02 9.037623e-01
 1.934491e+00 -2.607643e-01 1.279265e+00
 1.706052e+00 -6.842114e-01 1.461831e+00
 1.436421e+00 -1.041494e+00 1.406985e+00
 1.336524e+00 -1.258256e+00 1.245899e+00
 1.290906e+00 -1.504624e+00 1.130907e+00
 1.057212e+00 -1.859943e+00 1.078624e+00
 6.161321e-01 -2.092534e+00 1.016337e+00
 1.114532e-01 -2.079438e+00 9.327253e-01
 -3.183049e-01 -1.823446e+00 8.082717e-01
 -5.635049e-01 -1.390121e+00 6.793319e-01
 -5.642375e-01 -8.875690e-01 5.722499e-01
 -2.655381e-01 -3.383886e-01 4.982709e-01
 -1.067647e-01 1.566612e-01 2.641679e-01
 5.133739e-01 9.070239e-01 -1.111788e-01
 6.447294e-01 1.222748e+00 -4.777621e-01
 6.516952e-01 1.361072e+00 -9.945512e-01
 5.328522e-01 1.270713e+00 -1.506041e+00
 3.090109e-01 1.012886e+00 -1.846077e+00
 3.682854e-02 6.272438e-01 -1.985416e+00
 -1.936288e-01 1.574994e-01 -1.887039e+00
 -3.086632e-01 -3.448384e-01 -1.506540e+00
 -4.146293e-01 -6.497402e-01 -1.458104e+00
 -4.089801e-01 -1.102094e+00 -1.507812e+00
 -1.534364e-01 -1.543017e+00 -1.658127e+00
 3.041279e-01 -1.788922e+00 -1.804066e+00
 8.297195e-01 -1.778603e+00 -1.880246e+00
 1.294733e+00 -1.523146e+00 -1.841541e+00
 1.573082e+00 -1.080847e+00 -1.725666e+00
 1.587570e+00 -5.672142e-01 -1.572837e+00
 1.334819e+00 -1.222972e-01 -1.413458e+00
 6.504142e-01 2.625237e-01 -1.197212e+00
 2.916620e-01 3.914547e-01 -9.990959e-01
 1.627646e-01 4.445599e-01 -9.596424e-01
 3.584031e-03 5.464009e-01 -9.489477e-01
 -2.287635e-01 7.824399e-01 -9.903243e-01
 -4.531505e-01 1.184182e+00 -1.093184e+00
 -6.501899e-01 1.510099e+00 -1.042517e+00
 -8.562099e-01 1.779212e+00 -8.677497e-01
 -1.034795e+00 1.954626e+00 -5.948084e-01
