 -1.891656e+00 -5.170515e-01 -1.348882e+00
 -1.938850e+00 -3.547158e-01 -1.057629e+00
 -1.882056e+00 -2.333680e-01 -7.401446e-01
 -1.724273e+00 -1.730080e-01 -4.340182e-01
 -1.480127e+00 -1.814263e-01 -1.785391e-01
 -1.176717e+00 -2.573848e-01 -8.045567e-03
 -8.861165e-01 -3.757406e-01 4.668344e-02
 2.185025e-01 -7.714943e-01 -1.119055e-01
 9.465550e-01 -1.400540e+00 -1.768081e-01
 1.448983e+00 -1.554306e+00 -4.625558e-01
 1.780421e+00 -1.483692e+00 -9.494724e-01
 1.852302e+00 -1.215724e+00 -1.440833e+00
 1.716624e+00 -7.581414e-01 -1.773448e+00
 1.431738e+00 -2.580776e-01 -1.819552e+00
 8.812719e-01 2.250384e-01 -1.527761e+00
 6.505472e-01 4.285542e-01 -1.518800e+00
 4.079412e-01 5.601157e-01 -1.577310e+00
 6.054968e-02 5.937029e-01 -1.634100e+00
 -3.220046e-01 4.986631e-01 -1.615614e+00
 -6.462955e-01 2.901540e-01 -1.493994e+00
 -8.597327e-01 -1.410639e-02 -1.297243e+00
 -9.577181e-01 -6.393537e-01 -9.282644e-01
 -1.113236e+00 -9.155975e-01 -8.162231e-01
 -1.234837e+00 -1.271897e+00 -8.457824e-01
 -1.188617e+00 -1.729821e+00 -9.691373e-01
 -9.501801e-01 -2.089018e+00 -1.103129e+00
 -5.465267e-01 -2.314224e+00 -1.201644e+00
 -6.098631e-02 -2.330419e+00 -1.288316e+00
 3.739431e-01 -2.129586e+00 -1.328442e+00
 6.757512e-01 -1.758298e+00 -1.312354e+00
 8.404126e-01 -1.067070e+00 -1.180204e+00
 9.857636e-01 -7.923469e-01 -1.033151e+00
 1.150409e+00 -6.472841e-01 -8.863010e-01
 1.608393e+00 -4.162695e-01 -7.350052e-01
 1.887944e+00 -7.175443e-02 -4.476825e-01
 1.923739e+00 2.816493e-01 -8.611270e-02
 1.709994e+00 5.749145e-01 2.479660e-01
 1.302537e+00 7.417267e-01 4.953568e-01
 7.773359e-01 7.453878e-01 5.908706e-01
 2.206516e-01 4.677418e-01 5.644681e-01
 -1.838337e-01 3.003942e-01 6.263056e-01
 -9.889937e-01 9.556483e-03 1.056598e+00
 -1.325588e+00 4.209657e-02 1.264612e+00
 -1.601972e+00 2.162324e-01 1.488196e+00
 -1.776816e+00 5.015019e-01 1.690677e+00
 -1.828986e+00 8.519777e-01 1.842000e+00
 -1.757330e+00 1.215230e+00 1.921989e+00
 -1.578430e+00 1.541441e+00 1.922343e+00
 -1.321448e+00 1.787968e+00 1.849237e+00
 -1.014816e+00 1.923178e+00 1.735600e+00
 -6.884802e-01 1.938684e+00 1.588553e+00
 -4.013243e-01 1.844451e+00 1.383243e+00
 -2.390787e-01 1.681039e+00 1.185282e+00
 -1.631144e-01 1.468698e+00 8.705670e-01
 -2.048177e-01 1.330542e+00 2.588293e-01
 -2.129091e-01 1.196824e+00 1.450541e-02
 -1.901464e-01 1.001563e+00 -1.911841e-01
 -1.737411e-02 1.953693e-01 -6.822578e-01
 4.995842e-02 1.489689e-02 -7.944822e-01
 9.224376e-02 -1.947154e-01 -9.593201e-01
 1.050400e-01 -3.161080e-01 -1.117403e+00
 9.262859e-02 -3.971083e-01 -1.324026e+00
 1.057847e-01 -4.459430e-01 -1.711755e+00
 2.490805e-01 -2.753391e-01 -2.187540e+00
 5.031731e-01 8.787385e-02 -2.497734e+00
 8.429809e-01 5.102465e-01 -2.539926e+00
 1.177260e+00 8.635210e-01 -2.308328e+00
 1.396015e+00 1.076032e+00 -1.862069e+00
 1.440704e+00 1.086894e+00 -1.323615e+00
 1.301780e+00 8.918484e-01 -8.407495e-01
 9.548295e-01 4.043373e-01 -4.457481e-01
 8.797708e-01 9.447096e-02 -2.051742e-01
 9.031390e-01 -2.837867e-02 -8.481036e-02
 1.032930e+00 -1.917084e-01 1.248042e-01
 1.338153e+00 -6.013112e-01 4.079622e-01
 1.374049e+00 -9.523095e-01 8.217261e-01
 1.196079e+00 -1.118433e+00 1.324211e+00
 8.444335e-01 -1.044290e+00 1.764698e+00
 4.126088e-01 -7.446362e-01 1.996879e+00
 7.374284e-02 -3.087790e-01 1.964186e+00
 -3.468503e-02 1.406938e-01 1.751784e+00
 8.168345e-02 4.387273e-01 1.595486e+00
 1.818486e-01 6.421844e-01 1.558566e+00
 6.113304e-01 1.193432e+00 1.496451e+00
 7.625459e-01 1.477812e+00 1.346175e+00
 7.854167e-01 1.810736e+00 1.132770e+00
 6.578434e-01 2.111101e+00 9.050552e-01
 3.972361e-01 2.332769e+00 6.983473e-01
 4.213924e-02 2.440768e+00 5.455189e-01
 -3.532250e-01 2.417301e+00 4.716407e-01
 -7.253353e-01 2.265880e+00 4.896222e-01
 -1.015373e+00 1.996610e+00 5.787648e-01
 -1.172901e+00 1.645704e+00 7.238547e-01
 -1.181098e+00 1.292016e+00 9.476848e-01
 -1.048814e+00 1.046537e+00 1.185874e+00
 -8.547406e-01 9.295193e-01 1.501066e+00
 -6.910469e-01 9.377603e-01 2.042751e+00
 -3.955600e-01 9.194895e-01 2.370374e+00
 4.038064e-05 8.099518e-01 2.557110e+00
 4.090664e-01 6.292927e-01 2.560272e+00
 7.562642e-01 4.134250e-01 2.379984e+00
 9.776699e-01 2.070177e-01 2.049484e+00
 1.019876e+00 3.508457e-02 1.647954e+00
 8.931825e-01 -1.064207e-01 1.311296e+00
 7.042811e-01 -2.152232e-01 1.133867e+00
 5.340861e-01 -3.635112e-01 1.034004e+00
 4.127251e-01 -5.249591e-01 9.685515e-01
 1.228011e-01 -1.082978e+00 8.482499e-01
 1.398457e-02 -1.279009e+00 7.449309e-01
 -8.980017e-02 -1.441464e+00 5.923304e-01
 -1.811693e-01 -1.561048e+00 4.009192e-01
 -2.503674e-01 -1.632961e+00 1.841631e-01
 -2.913684e-01 -1.657903e+00 -4.861892e-02
 -2.985551e-01 -1.638642e+00 -2.833785e-01
 -2.718527e-01 -1.582912e+00 -4.934753e-01
 -2.042096e-01 -1.387227e+00 -8.602006e-01
 -2.397798e-01 -1.325666e+00 -1.131779e+00
 -3.013219e-01 -1.320598e+00 -1.309301e+00
 -4.653383e-01 -1.270803e+00 -1.548694e+00
 -6.855207e-01 -1.212288e+00 -1.719343e+00
 -9.589556e-01 -1.128256e+00 -1.820574e+00
 -1.248469e+00 -1.003864e+00 -1.836573e+00
 -1.521518e+00 -8.531043e-01 -1.757826e+00
 -1.746320e+00 -6.887134e-01 -1.588964e+00
