 5.572123e-01 -4.826719e-01 9.570297e-01
 6.091759e-01 -6.891809e-01 8.956991e-01
 6.017068e-01 -9.112769e-01 8.251409e-01
 5.289974e-01 -1.137283e+00 7.191967e-01
 4.121682e-01 -1.336625e+00 5.632044e-01
 2.426844e-01 -1.562091e+00 2.356973e-01
 1.742607e-01 -1.734557e+00 7.718713e-02
 1.277875e-01 -1.930178e+00 -2.384941e-02
 1.604724e-01 -2.135630e+00 -1.542469e-01
 2.503853e-01 -2.338101e+00 -3.765821e-01
 3.585805e-01 -2.447077e+00 -6.270836e-01
 4.672702e-01 -2.467380e+00 -9.023657e-01
 5.547990e-01 -2.396584e+00 -1.185757e+00
 6.155890e-01 -2.233683e+00 -1.447461e+00
 6.269966e-01 -1.987238e+00 -1.675489e+00
 6.019823e-01 -1.712973e+00 -1.812586e+00
 5.517188e-01 -1.415010e+00 -1.863810e+00
 4.788063e-01 -1.121178e+00 -1.826242e+00
 3.876632e-01 -8.576701e-01 -1.704840e+00
 6.727892e-02 -2.146242e-01 -1.112850e+00
 -1.974543e-03 -1.194513e-01 -1.007052e+00
 -4.126581e-01 2.783442e-01 -4.489587e-01
 -4.942903e-01 3.607756e-01 -3.636766e-01
 -5.974027e-01 4.735514e-01 -2.814226e-01
 -7.193494e-01 6.038363e-01 -2.304662e-01
 -1.331448e+00 1.006920e+00 -7.876978e-02
 -1.567977e+00 1.409257e+00 2.252616e-01
 -1.497478e+00 1.912647e+00 5.196400e-01
 -1.116126e+00 2.331187e+00 7.213741e-01
 -5.908094e-01 2.480918e+00 7.927573e-01
 -6.352017e-02 2.397583e+00 6.626904e-01
 2.244935e-01 2.284460e+00 3.317205e-01
 5.864086e-01 2.340677e+00 -3.659026e-01
 8.348791e-01 1.983948e+00 -8.679827e-01
 1.000831e+00 1.347198e+00 -1.058496e+00
 9.328522e-01 7.669720e-01 -9.214315e-01
 7.579277e-01 3.874301e-01 -4.826345e-01
 7.729288e-01 3.253715e-01 1.120400e-02
 1.326542e+00 2.048109e-01 8.283372e-01
 1.416889e+00 9.440800e-03 1.263064e+00
 1.303758e+00 -2.725466e-01 1.641163e+00
 1.014394e+00 -5.801723e-01 1.877210e+00
 6.055080e-01 -8.354850e-01 1.926327e+00
 1.600332e-01 -9.719164e-01 1.779959e+00
 -2.096270e-01 -9.735233e-01 1.460455e+00
 -4.097707e-01 -8.631955e-01 1.033038e+00
 -3.931959e-01 -6.743493e-01 5.945018e-01
 -1.967908e-01 -5.105494e-01 2.790414e-01
 2.114776e-01 -5.458373e-01 -6.635874e-02
 6.277652e-01 -6.586960e-01 -1.935801e-01
 9.803145e-01 -6.482692e-01 -2.399455e-01
 1.342857e+00 -4.842284e-01 -2.937505e-01
 1.615523e+00 -1.970646e-01 -3.287127e-01
 1.756423e+00 1.514247e-01 -3.341787e-01
 1.770909e+00 5.226071e-01 -2.804902e-01
 1.667579e+00 8.488440e-01 -1.746210e-01
 1.454787e+00 1.099464e+00 -7.784434e-02
 1.112642e+00 1.293737e+00 -2.030154e-02
 7.723677e-01 1.350014e+00 -2.049022e-02
 5.457239e-01 1.323368e+00 -8.894999e-02
 3.162231e-01 1.302269e+00 -2.391956e-01
 -2.512680e-01 1.162802e+00 -9.507685e-01
 -5.436616e-01 1.007174e+00 -1.152998e+00
 -8.442137e-01 7.731002e-01 -1.230134e+00
 -1.108853e+00 4.895041e-01 -1.168992e+00
 -1.300494e+00 2.384177e-01 -9.850659e-01
 -1.406334e+00 -1.592306e-01 -5.833893e-01
 -1.570357e+00 -5.034343e-01 -4.642231e-01
 -1.693854e+00 -9.813337e-01 -5.647940e-01
 -1.585905e+00 -1.412903e+00 -7.723984e-01
 -1.240093e+00 -1.719216e+00 -9.810866e-01
 -7.332851e-01 -1.839057e+00 -1.094102e+00
 -2.689773e-01 -1.739209e+00 -1.095054e+00
 1.861955e-01 -1.459108e+00 -9.144549e-01
 4.649809e-01 -1.425289e+00 -8.412785e-01
 7.808001e-01 -1.518314e+00 -7.197987e-01
 1.054861e+00 -1.694632e+00 -4.396676e-01
 1.165488e+00 -1.926748e+00 -9.587390e-02
 1.091335e+00 -2.152775e+00 2.799958e-01
 8.386383e-01 -2.317826e+00 6.101117e-01
 4.629707e-01 -2.364655e+00 8.458677e-01
 2.419117e-02 -2.284425e+00 9.390501e-01
 -3.917840e-01 -2.105530e+00 8.537273e-01
 -6.968590e-01 -1.858550e+00 6.078967e-01
 -8.245518e-01 -1.601056e+00 2.581065e-01
 -6.329883e-01 -8.751638e-01 -6.422324e-01
 -7.504469e-01 -7.979172e-01 -1.071644e+00
 -1.156089e+00 -7.261883e-01 -1.437128e+00
 -1.629257e+00 -6.185923e-01 -1.534319e+00
 -2.073211e+00 -3.870709e-01 -1.387690e+00
 -2.377224e+00 -8.987955e-02 -1.000076e+00
 -2.414866e+00 1.339707e-01 -4.999839e-01
 -2.191348e+00 2.307246e-01 -7.392078e-03
 -1.527364e+00 1.818640e-01 5.099944e-01
 -1.014981e+00 2.206117e-01 6.980469e-01
 -5.291732e-01 3.340318e-01 7.329241e-01
 -4.196220e-02 5.707235e-01 6.118191e-01
 2.484076e-01 8.242433e-01 7.466192e-01
 4.444580e-01 1.148467e+00 9.173242e-01
 8.825043e-01 2.067622e+00 1.085059e+00
 9.480615e-01 2.467400e+00 1.034919e+00
 8.878245e-01 2.842576e+00 8.838828e-01
 7.087246e-01 3.133619e+00 6.583369e-01
 4.366343e-01 3.294343e+00 3.966214e-01
 1.132359e-01 3.298973e+00 1.437829e-01
 -2.074563e-01 3.148457e+00 -5.590627e-02
 -4.574817e-01 2.863998e+00 -1.950035e-01
 -6.061588e-01 2.477757e+00 -2.518410e-01
 -6.447532e-01 2.070033e+00 -1.746235e-01
 -5.928257e-01 1.751580e+00 1.427057e-02
 -5.130316e-01 1.530386e+00 3.195387e-01
 -5.960942e-01 1.392917e+00 9.110587e-01
 -5.466755e-01 1.257185e+00 1.228736e+00
 -4.428765e-01 1.066967e+00 1.462559e+00
 -2.875980e-01 8.327838e-01 1.612289e+00
 -1.101082e-01 5.638221e-01 1.664169e+00
 6.998934e-02 2.922728e-01 1.608326e+00
 2.454049e-01 4.777746e-02 1.445854e+00
 3.958300e-01 -1.825478e-01 1.153024e+00
 4.687696e-01 -3.262099e-01 1.035485e+00
