 -2.275526e+00 -1.848947e-01 -1.623979e-01
 -2.062330e+00 -6.174480e-02 1.318885e-01
 -1.755754e+00 -2.507378e-02 3.583762e-01
 -1.399728e+00 -7.840632e-02 4.845877e-01
 -5.337760e-01 -3.755969e-01 4.891970e-01
 -3.447023e-01 -4.384278e-01 5.304726e-01
 -1.512438e-01 -5.618104e-01 6.578293e-01
 1.244934e-01 -8.777067e-01 9.784272e-01
 4.501914e-01 -1.026615e+00 1.136907e+00
 8.281864e-01 -1.051818e+00 1.232612e+00
 1.182280e+00 -9.413295e-01 1.292098e+00
 1.480837e+00 -7.091077e-01 1.308832e+00
 1.678204e+00 -3.876259e-01 1.254103e+00
 1.754949e+00 -7.990407e-03 1.120943e+00
 1.699213e+00 3.182989e-01 9.451285e-01
 1.517951e+00 5.870561e-01 7.535685e-01
 1.236565e+00 7.595775e-01 5.724119e-01
 2.866987e-01 9.042859e-01 1.647944e-01
 5.247284e-02 1.021165e+00 -9.047664e-02
 -1.220978e-01 1.278636e+00 -3.512405e-01
 -1.623638e-01 1.608244e+00 -5.435930e-01
 -2.483693e-02 1.960040e+00 -7.423709e-01
 2.631017e-01 2.231971e+00 -8.916076e-01
 6.513402e-01 2.375166e+00 -9.757706e-01
 1.061481e+00 2.363511e+00 -9.971190e-01
 1.435088e+00 2.198442e+00 -9.669496e-01
 1.711944e+00 1.908934e+00 -8.865955e-01
 1.848836e+00 1.540578e+00 -7.701188e-01
 1.823978e+00 1.152781e+00 -6.395262e-01
 1.645330e+00 8.045679e-01 -5.458716e-01
 1.341493e+00 5.418203e-01 -5.043898e-01
 9.766131e-01 4.168991e-01 -5.215308e-01
 6.908867e-01 4.090964e-01 -6.155322e-01
 4.836629e-01 4.123361e-01 -7.589735e-01
 1.511414e-01 5.574703e-01 -1.063764e+00
 -1.539149e-01 5.939391e-01 -1.221882e+00
 -4.697253e-01 5.427989e-01 -1.304525e+00
 -7.730400e-01 4.130804e-01 -1.306437e+00
 -1.029180e+00 2.215755e-01 -1.228296e+00
 -1.220003e+00 5.665307e-03 -1.066045e+00
 -1.333312e+00 -1.934437e-01 -8.299909e-01
 -1.343014e+00 -5.395628e-01 -4.334749e-01
 -1.453230e+00 -7.973982e-01 -2.565070e-01
 -1.552499e+00 -1.109040e+00 -1.890073e-01
 -1.548229e+00 -1.487211e+00 -2.145278e-01
 -1.403241e+00 -1.823680e+00 -2.695497e-01
 -1.142081e+00 -2.083207e+00 -3.315640e-01
 -7.913541e-01 -2.236361e+00 -4.286670e-01
 -4.238841e-01 -2.244635e+00 -5.481565e-01
 -9.055863e-02 -2.112241e+00 -6.722057e-01
 2.999808e-01 -1.754538e+00 -7.742283e-01
 5.911684e-01 -1.653377e+00 -8.212738e-01
 8.656536e-01 -1.604277e+00 -7.777723e-01
 1.124993e+00 -1.528581e+00 -6.334424e-01
 1.321763e+00 -1.381120e+00 -4.241640e-01
 1.431511e+00 -1.161506e+00 -1.698180e-01
 1.423317e+00 -8.987449e-01 6.995628e-02
 1.295470e+00 -6.163621e-01 2.740103e-01
 1.006122e+00 -3.388137e-01 4.779272e-01
 8.297805e-01 -1.753597e-01 6.991412e-01
 7.451369e-01 -5.992181e-02 9.525503e-01
 6.976660e-01 -1.528404e-02 1.464346e+00
 5.325390e-01 9.993789e-02 1.818346e+00
 2.961147e-01 3.168165e-01 2.070665e+00
 2.125433e-02 5.690910e-01 2.172807e+00
 -2.839291e-01 8.069583e-01 2.120790e+00
 -5.610833e-01 1.029817e+00 1.907243e+00
 -7.223941e-01 1.207223e+00 1.590709e+00
 -7.429922e-01 1.339809e+00 1.243525e+00
 -6.420647e-01 1.414525e+00 9.615366e-01
 -4.001082e-01 1.527588e+00 7.051417e-01
 -6.665185e-02 1.822489e+00 5.337707e-01
 2.320540e-01 1.918143e+00 3.942293e-01
 5.530282e-01 1.900636e+00 1.456165e-01
 7.974211e-01 1.748939e+00 -1.541926e-01
 8.751775e-01 1.531499e+00 -4.227714e-01
 8.372421e-01 1.417032e+00 -6.565386e-01
 8.407842e-01 1.362083e+00 -9.175237e-01
 9.868576e-01 1.181695e+00 -1.249429e+00
 1.118726e+00 8.044355e-01 -1.480735e+00
 1.152445e+00 3.029743e-01 -1.542210e+00
 1.079035e+00 -1.649920e-01 -1.386587e+00
 9.136847e-01 -4.999493e-01 -1.050402e+00
 6.145100e-01 -6.543551e-01 -5.088595e-01
 4.376824e-01 -8.311085e-01 -2.526594e-01
 4.149074e-01 -1.031050e+00 -3.896682e-02
 4.703111e-01 -1.314369e+00 1.400899e-01
 5.634321e-01 -1.676657e+00 2.155650e-01
 6.833612e-01 -2.055130e+00 1.313506e-01
 7.909300e-01 -2.380708e+00 -1.130242e-01
 8.481868e-01 -2.574028e+00 -4.426593e-01
 8.253901e-01 -2.649556e+00 -8.266769e-01
 7.289822e-01 -2.598687e+00 -1.193955e+00
 5.976882e-01 -2.420581e+00 -1.504441e+00
 4.489401e-01 -2.144890e+00 -1.714664e+00
 3.008367e-01 -1.811913e+00 -1.798950e+00
 1.707172e-01 -1.467648e+00 -1.748613e+00
 -1.200455e-01 -6.117731e-01 -1.254597e+00
 -2.128326e-01 -4.335738e-01 -1.059039e+00
 -3.245643e-01 -2.633556e-01 -6.727775e-01
 -3.775908e-01 -1.019235e-01 -4.837302e-01
 -4.947366e-01 1.731886e-01 -3.597684e-01
 -8.131967e-01 5.030464e-01 -2.167741e-01
 -9.705749e-01 7.710122e-01 -1.247865e-01
 -1.226151e+00 1.611309e+00 1.195899e-01
 -1.242731e+00 1.869545e+00 2.463571e-01
 -1.196843e+00 2.100115e+00 4.203078e-01
 -1.090243e+00 2.282090e+00 6.306788e-01
 -9.297343e-01 2.396095e+00 8.626015e-01
 -7.281348e-01 2.426443e+00 1.097084e+00
 -5.064926e-01 2.364940e+00 1.310291e+00
 -2.640304e-01 2.214667e+00 1.476526e+00
 -3.324015e-02 1.999428e+00 1.558142e+00
 1.571817e-01 1.732316e+00 1.553193e+00
 2.773680e-01 1.417747e+00 1.464870e+00
 2.895301e-01 1.120915e+00 1.329589e+00
 1.986725e-01 8.737463e-01 1.215067e+00
 -3.184050e-02 6.174838e-01 1.120946e+00
 -2.447338e-01 3.598851e-01 1.191496e+00
 -4.939996e-01 3.143047e-02 1.424116e+00
 -6.525005e-01 -2.901607e-01 1.504083e+00
 -7.998548e-01 -6.121439e-01 1.454753e+00
 -8.922953e-01 -8.996277e-01 1.296668e+00
 -9.104081e-01 -1.141075e+00 1.049056e+00
 -8.487756e-01 -1.310377e+00 7.295968e-01
 -7.210880e-01 -1.376825e+00 4.114608e-01
 -5.509746e-01 -1.304944e+00 -5.203942e-03
 -5.502296e-01 -1.224799e+00 -4.301834e-01
 -6.593457e-01 -1.258727e+00 -6.923412e-01
 -8.433764e-01 -1.282336e+00 -9.363683e-01
 -1.155694e+00 -1.260668e+00 -1.137193e+00
 -1.519186e+00 -1.184217e+00 -1.214752e+00
 -1.858650e+00 -1.060241e+00 -1.166980e+00
 -2.139319e+00 -8.645183e-01 -1.016383e+00
 -2.317333e+00 -6.166912e-01 -7.815377e-01
 -2.364896e+00 -3.786149e-01 -4.823279e-01
