 -1.888224e+00 -1.105057e+00 1.079084e+00
 -1.640118e+00 -8.412860e-01 1.247434e+00
 -1.358260e+00 -5.439293e-01 1.260950e+00
 -1.092314e+00 -2.661541e-01 1.108700e+00
 -8.876238e-01 -3.297365e-02 7.915418e-01
 -7.761379e-01 1.025157e-01 2.665331e-01
 -1.351304e+00 3.506564e-01 -3.973808e-01
 -1.673000e+00 1.370966e-01 -8.596731e-01
 -1.624304e+00 -2.297226e-01 -1.421165e+00
 -1.213329e+00 -6.178953e-01 -1.753046e+00
 -5.820516e-01 -9.230453e-01 -1.712992e+00
 3.708569e-02 -9.535983e-01 -1.296029e+00
 2.629879e-01 -1.016835e+00 -1.209772e+00
 5.296923e-01 -1.083559e+00 -1.188698e+00
 1.182025e+00 -1.203587e+00 -1.321890e+00
 1.606552e+00 -1.154213e+00 -1.278212e+00
 1.967521e+00 -1.000214e+00 -1.102089e+00
 2.230672e+00 -7.307063e-01 -7.950471e-01
 2.282333e+00 -4.595843e-01 -4.760150e-01
 2.144101e+00 -2.153806e-01 -1.564545e-01
 1.819022e+00 7.540864e-04 1.014192e-01
 1.438272e+00 1.192845e-01 2.068992e-01
 7.959837e-01 7.942246e-02 2.380430e-01
 3.371709e-01 7.498164e-02 5.118968e-01
 -2.357967e-01 5.229767e-01 1.462116e+00
 -4.763622e-01 8.261427e-01 1.680962e+00
 -7.302183e-01 1.192988e+00 1.716788e+00
 -9.540125e-01 1.566860e+00 1.555738e+00
 -1.072929e+00 1.868421e+00 1.237597e+00
 -1.076382e+00 2.025641e+00 8.284407e-01
 -9.980435e-01 1.999663e+00 3.622546e-01
 -8.439209e-01 1.793158e+00 -2.848172e-02
 -6.301111e-01 1.455939e+00 -2.651630e-01
 -5.980421e-02 4.945228e-01 -3.544384e-01
 2.204293e-01 1.290656e-01 -5.877051e-01
 3.297338e-01 1.511118e-02 -8.209916e-01
 5.442646e-01 -6.558360e-02 -1.551714e+00
 5.924812e-01 -4.353676e-01 -2.022171e+00
 5.073776e-01 -9.938959e-01 -2.235147e+00
 3.492804e-01 -1.538263e+00 -2.115246e+00
 1.180894e-01 -1.907682e+00 -1.731785e+00
 -1.250478e-01 -1.987588e+00 -1.225249e+00
 -2.812526e-01 -1.770565e+00 -7.282003e-01
 -2.364865e-01 -7.439543e-01 1.316914e-01
 -2.027366e-01 -7.673123e-01 8.194319e-01
 -2.478737e-02 -9.578376e-01 1.220500e+00
 3.136773e-01 -1.247694e+00 1.458439e+00
 7.504155e-01 -1.517752e+00 1.463253e+00
 1.192466e+00 -1.644109e+00 1.259999e+00
 1.537300e+00 -1.609351e+00 8.983393e-01
 1.691468e+00 -1.448594e+00 4.445055e-01
 1.618472e+00 -1.202577e+00 1.929595e-02
 1.260818e+00 -7.291102e-01 -3.870711e-01
 1.230480e+00 -4.390639e-01 -6.308401e-01
 1.641864e+00 3.598659e-01 -1.232412e+00
 1.717687e+00 7.890963e-01 -1.345035e+00
 1.659602e+00 1.233315e+00 -1.317317e+00
 1.478727e+00 1.615653e+00 -1.147392e+00
 1.209802e+00 1.850006e+00 -8.872217e-01
 8.881615e-01 1.898454e+00 -5.931861e-01
 5.943080e-01 1.742359e+00 -2.712468e-01
 4.669192e-01 1.454720e+00 2.420290e-02
 5.571899e-01 1.138239e+00 2.986119e-01
 7.868628e-01 1.001110e+00 7.164044e-01
 9.458938e-01 8.480983e-01 9.137265e-01
 1.049318e+00 5.982348e-01 1.103275e+00
 1.084544e+00 2.990935e-01 1.218881e+00
 1.099842e+00 -4.077726e-02 1.229649e+00
 1.082476e+00 -3.694534e-01 1.128291e+00
 1.012892e+00 -6.480287e-01 9.337319e-01
 8.795324e-01 -8.429700e-01 6.842745e-01
 7.655665e-01 -9.971040e-01 5.621391e-01
 6.798798e-01 -1.208407e+00 4.755668e-01
 5.431898e-01 -1.420240e+00 4.561103e-01
 3.057918e-01 -1.625220e+00 4.939414e-01
 2.893247e-02 -1.747630e+00 5.591264e-01
 -2.797176e-01 -1.770043e+00 5.917129e-01
 -5.842622e-01 -1.701146e+00 5.768880e-01
 -8.603363e-01 -1.539831e+00 5.181015e-01
 -1.081140e+00 -1.292363e+00 4.193208e-01
 -1.221565e+00 -9.676543e-01 3.139008e-01
 -1.330321e+00 -8.070496e-01 2.748056e-01
 -1.484577e+00 -6.693197e-01 2.382297e-01
 -1.681998e+00 -4.799989e-01 2.894278e-01
 -1.786334e+00 -3.337489e-01 3.574051e-01
 -1.857520e+00 -1.272585e-01 4.422541e-01
 -1.870278e+00 7.612282e-02 5.180154e-01
 -1.825434e+00 2.924927e-01 5.911379e-01
 -1.725596e+00 5.149026e-01 6.374039e-01
 -1.570796e+00 7.169525e-01 6.583455e-01
 -1.355660e+00 8.854437e-01 6.743616e-01
 -1.101254e+00 9.955837e-01 6.826463e-01
 -8.121679e-01 1.039174e+00 6.836352e-01
 -6.194314e-01 1.101509e+00 7.007982e-01
 -5.225946e-01 1.158660e+00 7.124113e-01
 -4.077616e-01 1.247139e+00 7.416490e-01
 -2.916653e-01 1.366540e+00 7.962392e-01
 -1.085452e-01 1.610578e+00 9.111497e-01
 1.742883e-01 1.839327e+00 9.511456e-01
 4.979370e-01 1.985842e+00 9.071858e-01
 8.187024e-01 2.033393e+00 7.913054e-01
 1.110143e+00 1.978380e+00 6.239074e-01
 1.344913e+00 1.825824e+00 4.309916e-01
 1.483998e+00 1.606172e+00 2.298043e-01
 1.518759e+00 1.342464e+00 6.325359e-03
 1.427945e+00 1.088703e+00 -2.370242e-01
 1.234853e+00 9.133862e-01 -4.340828e-01
 1.018995e+00 8.615075e-01 -5.921873e-01
 8.708440e-01 8.819692e-01 -7.621757e-01
 7.282774e-01 9.413084e-01 -9.321251e-01
 4.882460e-01 9.987472e-01 -1.091477e+00
 2.031076e-01 9.652177e-01 -1.237395e+00
 -7.332709e-02 8.435867e-01 -1.328976e+00
 -3.303558e-01 6.336074e-01 -1.341758e+00
 -5.225411e-01 3.523668e-01 -1.286661e+00
 -6.371924e-01 4.338971e-02 -1.144967e+00
 -6.732716e-01 -2.229862e-01 -9.235161e-01
 -7.100469e-01 -3.111746e-01 -8.591276e-01
 -8.061668e-01 -4.658520e-01 -7.796040e-01
 -9.730562e-01 -6.831019e-01 -7.234348e-01
 -1.373795e+00 -1.077165e+00 -7.055616e-01
 -1.648782e+00 -1.295313e+00 -5.617134e-01
 -1.888029e+00 -1.441872e+00 -3.008898e-01
 -2.052911e+00 -1.496955e+00 4.370549e-02
 -2.120009e+00 -1.447536e+00 4.223981e-01
 -2.067162e+00 -1.309495e+00 7.827592e-01
