 1.609601e+00 1.023315e+00 -3.672774e-01
 1.240068e+00 1.280111e+00 -4.689526e-01
 7.914544e-01 1.346679e+00 -5.547248e-01
 2.461890e-01 1.175460e+00 -6.239467e-01
 2.592073e-02 1.189693e+00 -6.516151e-01
 -2.565289e-01 1.306604e+00 -6.897291e-01
 -8.575588e-01 1.666508e+00 -7.730200e-01
 -1.254985e+00 1.771380e+00 -6.971970e-01
 -1.629537e+00 1.748276e+00 -5.096538e-01
 -1.917171e+00 1.601113e+00 -2.389547e-01
 -2.066922e+00 1.354552e+00 7.189026e-02
 -2.049459e+00 1.051257e+00 3.713036e-01
 -1.867451e+00 7.276128e-01 5.978541e-01
 -1.589014e+00 4.609647e-01 6.881529e-01
 -1.200673e+00 2.849454e-01 6.802719e-01
 -8.096538e-01 2.450082e-01 5.736896e-01
 -4.664521e-01 3.331412e-01 3.789675e-01
 -1.609117e-01 6.753818e-01 2.766683e-01
 3.345917e-02 1.215970e+00 3.688448e-01
 5.084249e-02 1.601253e+00 2.964519e-01
 9.658955e-02 1.993534e+00 5.247375e-04
 1.557808e-01 2.200345e+00 -3.973873e-01
 2.138245e-01 2.207664e+00 -8.379992e-01
 2.570476e-01 2.010118e+00 -1.248100e+00
 2.796795e-01 1.612898e+00 -1.559960e+00
 2.716306e-01 1.149566e+00 -1.655728e+00
 1.906128e-01 5.478306e-01 -1.501639e+00
 1.519548e-01 2.442590e-01 -1.551170e+00
 1.417448e-02 2.457553e-03 -1.614637e+00
 -2.062284e-01 -2.168717e-01 -1.613346e+00
 -4.482799e-01 -4.092719e-01 -1.494406e+00
 -6.512282e-01 -5.351431e-01 -1.300031e+00
 -8.134297e-01 -6.000756e-01 -1.044035e+00
 -8.989269e-01 -6.191734e-01 -7.571001e-01
 -9.525855e-01 -5.402475e-01 -3.784013e-01
 -1.056463e+00 -5.120844e-01 -1.365065e-01
 -1.170618e+00 -5.209586e-01 2.394349e-02
 -1.408064e+00 -6.083183e-01 2.562811e-01
 -1.652574e+00 -8.505055e-01 4.516632e-01
 -1.813376e+00 -1.214103e+00 5.625981e-01
 -1.834855e+00 -1.639757e+00 5.884213e-01
 -1.701040e+00 -2.045807e+00 5.260312e-01
 -1.424896e+00 -2.354213e+00 4.060585e-01
 -1.056176e+00 -2.509961e+00 2.482240e-01
 -6.579008e-01 -2.485043e+00 8.146194e-02
 -3.025332e-01 -2.282013e+00 -6.599051e-02
 -4.260737e-02 -1.936757e+00 -1.446903e-01
 6.931323e-02 -1.515710e+00 -1.310168e-01
 2.843451e-02 -1.108457e+00 -8.396248e-03
 -1.330148e-01 -8.036340e-01 1.985145e-01
 -2.464976e-01 -6.751397e-01 4.305703e-01
 -5.046933e-01 -5.186819e-01 1.420375e+00
 -5.120771e-01 -3.704346e-01 1.745124e+00
 -4.279168e-01 -1.405710e-01 2.027930e+00
 -2.592890e-01 1.122157e-01 2.218449e+00
 -3.071541e-02 3.541239e-01 2.301851e+00
 2.186376e-01 5.756611e-01 2.268508e+00
 4.643691e-01 7.564690e-01 2.124663e+00
 6.844984e-01 8.943133e-01 1.868844e+00
 8.251677e-01 9.541801e-01 1.574499e+00
 8.999298e-01 9.347333e-01 1.252624e+00
 9.046959e-01 6.954585e-01 4.598038e-01
 8.219435e-01 4.061360e-01 -1.022308e-01
 8.348492e-01 3.304933e-01 -3.840676e-01
 8.854897e-01 3.211762e-01 -5.708060e-01
 1.182465e+00 3.388089e-01 -1.361578e+00
 1.161583e+00 3.656505e-01 -1.781819e+00
 9.739032e-01 4.064851e-01 -2.159127e+00
 6.489607e-01 4.471043e-01 -2.429118e+00
 2.449578e-01 4.941194e-01 -2.542507e+00
 -1.699577e-01 5.518421e-01 -2.478419e+00
 -5.265144e-01 6.085186e-01 -2.243447e+00
 -7.588554e-01 6.233686e-01 -1.886162e+00
 -8.334869e-01 5.837352e-01 -1.478171e+00
 -7.461232e-01 4.815219e-01 -1.082995e+00
 -5.145360e-01 3.337198e-01 -7.742995e-01
 -1.952886e-01 1.326732e-01 -5.993942e-01
 5.903394e-02 -2.604656e-01 -6.246329e-01
 2.542732e-01 -4.566301e-01 -7.345051e-01
 5.932296e-01 -6.213080e-01 -8.430957e-01
 1.557627e+00 -7.793439e-01 -1.040725e+00
 1.940949e+00 -7.794338e-01 -9.852082e-01
 2.279476e+00 -7.322000e-01 -7.977122e-01
 2.522249e+00 -6.486581e-01 -5.026904e-01
 2.632751e+00 -5.453089e-01 -1.404084e-01
 2.593249e+00 -4.301297e-01 2.313174e-01
 2.411814e+00 -2.927129e-01 5.516588e-01
 2.114561e+00 -1.558385e-01 7.691566e-01
 1.737360e+00 -8.470611e-02 8.616321e-01
 1.388664e+00 -1.154730e-01 8.524671e-01
 1.146721e+00 -2.246182e-01 7.844491e-01
 9.539572e-01 -3.882522e-01 7.072152e-01
 7.706708e-01 -6.510258e-01 7.282744e-01
 5.557757e-01 -1.141315e+00 8.993085e-01
 2.449707e-01 -1.454606e+00 9.382543e-01
 -1.453163e-01 -1.625878e+00 8.748365e-01
 -5.062283e-01 -1.631676e+00 7.296213e-01
 -8.038657e-01 -1.531192e+00 4.577213e-01
 -8.997213e-01 -1.490289e+00 1.965710e-01
 -1.010795e+00 -1.521614e+00 -3.638948e-02
 -1.300474e+00 -1.500584e+00 -2.909865e-01
 -1.646283e+00 -1.301159e+00 -4.802025e-01
 -1.882092e+00 -9.487735e-01 -5.990246e-01
 -1.949116e+00 -4.904989e-01 -6.518196e-01
 -1.854001e+00 -4.809584e-02 -5.887524e-01
 -1.245707e+00 8.070444e-01 -2.181174e-01
 -1.131685e+00 9.554690e-01 -8.968177e-02
 -1.051426e+00 1.150115e+00 1.168396e-01
 -1.008416e+00 1.276642e+00 4.478807e-01
 -9.278228e-01 1.270638e+00 7.530200e-01
 -7.541886e-01 1.156476e+00 1.042263e+00
 -4.981752e-01 9.457244e-01 1.245451e+00
 -1.929040e-01 6.576692e-01 1.323412e+00
 2.887509e-02 3.809925e-01 1.280191e+00
 1.785535e-01 2.240496e-01 1.291266e+00
 3.087759e-01 1.007251e-01 1.356315e+00
 5.804218e-01 -2.048984e-01 1.649511e+00
 8.989141e-01 -4.953971e-01 1.741753e+00
 1.237609e+00 -7.633352e-01 1.651121e+00
 1.493995e+00 -9.708971e-01 1.406657e+00
 1.650161e+00 -1.096803e+00 1.035180e+00
 1.697804e+00 -1.091373e+00 6.164828e-01
 1.678002e+00 -9.290239e-01 2.336570e-01
 1.624373e+00 -6.965632e-01 1.389812e-02
 1.610275e+00 -3.352027e-01 -1.212353e-01
 1.838607e+00 1.725848e-01 -2.227013e-01
 1.823558e+00 6.196762e-01 -2.707973e-01
