 2.488338e-01 -2.378856e+00 1.608130e+00
 2.237661e-01 -2.051860e+00 1.740832e+00
 1.852436e-01 -1.707272e+00 1.754115e+00
 1.331653e-01 -1.390783e+00 1.656011e+00
 5.187481e-02 -1.139358e+00 1.473056e+00
 -6.616363e-02 -9.698694e-01 1.222031e+00
 -2.429821e-01 -8.816402e-01 8.638224e-01
 -3.366977e-01 -7.258242e-01 5.966936e-01
 -3.433761e-01 -5.439050e-01 3.003762e-01
 -2.721868e-01 -4.125587e-01 8.997689e-02
 -1.000540e-01 -2.809867e-01 -8.749218e-02
 1.670572e-01 -1.582787e-01 -1.948165e-01
 5.241729e-01 -3.819252e-02 -1.972817e-01
 8.511420e-01 -3.610786e-02 -1.933590e-01
 1.317775e+00 -7.918705e-02 -4.114118e-02
 1.630992e+00 5.884601e-04 1.543205e-01
 1.882328e+00 2.140949e-01 3.677079e-01
 2.021002e+00 5.274212e-01 5.634042e-01
 2.023245e+00 8.920479e-01 7.139694e-01
 1.888213e+00 1.283913e+00 7.856459e-01
 1.651762e+00 1.586049e+00 7.597395e-01
 1.296271e+00 1.794314e+00 6.565654e-01
 9.172342e-01 1.846807e+00 4.927323e-01
 5.711834e-01 1.738241e+00 2.894337e-01
 3.151998e-01 1.486201e+00 7.874183e-02
 1.594326e-01 1.029308e+00 -1.674239e-01
 5.299722e-02 8.470536e-01 -3.576976e-01
 -6.792144e-02 7.442310e-01 -6.078342e-01
 -1.495054e-01 7.483467e-01 -1.021580e+00
 -2.723587e-01 7.530756e-01 -1.265673e+00
 -4.677317e-01 6.723777e-01 -1.513933e+00
 -7.396312e-01 5.253702e-01 -1.698916e+00
 -1.025535e+00 3.398476e-01 -1.772075e+00
 -1.274197e+00 1.480033e-01 -1.729210e+00
 -1.496194e+00 -3.564533e-02 -1.583626e+00
 -1.696505e+00 -2.027239e-01 -1.313941e+00
 -1.798374e+00 -3.064402e-01 -9.916240e-01
 -1.798773e+00 -3.462857e-01 -6.380889e-01
 -1.695876e+00 -3.162369e-01 -2.968066e-01
 -1.504605e+00 -2.208446e-01 -1.607155e-02
 -1.171474e+00 2.487356e-02 2.590004e-01
 -9.705390e-01 2.890872e-01 6.165574e-01
 -1.065034e+00 5.230206e-01 9.643948e-01
 -1.225146e+00 5.931237e-01 1.311617e+00
 -1.397860e+00 4.996113e-01 1.639756e+00
 -1.527169e+00 2.655949e-01 1.926203e+00
 -1.577011e+00 -7.408115e-02 2.129900e+00
 -1.537046e+00 -4.613325e-01 2.220041e+00
 -1.417743e+00 -8.493619e-01 2.178721e+00
 -1.251999e+00 -1.174442e+00 2.001959e+00
 -7.131047e-01 -1.762459e+00 1.223143e+00
 -5.599143e-01 -1.850170e+00 1.067978e+00
 -3.683833e-01 -1.901559e+00 9.213944e-01
 -1.753090e-01 -1.905300e+00 8.156848e-01
 -1.770592e-02 -1.877484e+00 7.610207e-01
 1.698354e-01 -1.835709e+00 7.469003e-01
 3.458149e-01 -1.835557e+00 7.523279e-01
 5.331484e-01 -1.866442e+00 7.271179e-01
 7.462310e-01 -1.900309e+00 6.284906e-01
 9.534996e-01 -1.901179e+00 4.594708e-01
 1.124318e+00 -1.852402e+00 2.385627e-01
 1.240399e+00 -1.744756e+00 -6.763282e-03
 1.291386e+00 -1.585984e+00 -2.442925e-01
 1.267961e+00 -1.396299e+00 -4.630958e-01
 1.170430e+00 -1.190432e+00 -6.490669e-01
 6.774931e-01 -5.510049e-01 -1.054702e+00
 6.163195e-01 -4.728607e-01 -1.097573e+00
 5.717123e-01 -4.002453e-01 -1.130519e+00
 4.911743e-01 -1.838399e-01 -1.216707e+00
 4.469360e-01 -2.430320e-02 -1.365306e+00
 4.546886e-01 1.125322e-01 -1.532182e+00
 5.220116e-01 2.785410e-01 -1.706699e+00
 6.823424e-01 4.765867e-01 -1.860611e+00
 9.043471e-01 6.848898e-01 -1.934444e+00
 1.162093e+00 8.817833e-01 -1.914801e+00
 1.400432e+00 1.048767e+00 -1.804032e+00
 1.599292e+00 1.178422e+00 -1.612775e+00
 1.741635e+00 1.268796e+00 -1.356878e+00
 1.806917e+00 1.321937e+00 -1.058789e+00
 1.792250e+00 1.321467e+00 -7.467489e-01
 1.695863e+00 1.268939e+00 -4.489247e-01
 1.527002e+00 1.165758e+00 -1.947335e-01
 1.260665e+00 9.781628e-01 3.071771e-02
 1.144066e+00 8.959987e-01 1.871601e-01
 1.032340e+00 8.133980e-01 4.312999e-01
 9.339517e-01 8.128495e-01 1.030668e+00
 8.273254e-01 7.680277e-01 1.286072e+00
 6.669441e-01 6.847295e-01 1.499271e+00
 4.627909e-01 5.686196e-01 1.655460e+00
 2.361798e-01 4.231646e-01 1.741875e+00
 5.600779e-03 2.624364e-01 1.751475e+00
 -7.901847e-01 -3.089817e-01 1.509316e+00
 -1.062959e+00 -4.547090e-01 1.305075e+00
 -1.279814e+00 -4.690617e-01 1.229316e+00
 -1.599432e+00 -3.627994e-01 1.123009e+00
 -1.823031e+00 -1.929064e-01 1.021022e+00
 -1.982202e+00 5.436262e-02 8.841248e-01
 -2.033483e+00 2.774304e-01 7.535127e-01
 -2.000626e+00 5.373232e-01 5.714940e-01
 -1.892336e+00 7.449078e-01 4.087571e-01
 -1.708866e+00 9.217797e-01 2.644154e-01
 -1.473966e+00 1.045908e+00 1.537660e-01
 -1.169336e+00 1.110480e+00 5.414097e-02
 -1.007863e+00 1.166402e+00 -3.815755e-02
 -8.670972e-01 1.277374e+00 -1.695630e-01
 -6.692949e-01 1.571084e+00 -4.518196e-01
 -3.782755e-01 1.721583e+00 -7.115351e-01
 -6.843838e-02 1.757581e+00 -8.737898e-01
 2.404210e-01 1.691411e+00 -9.601143e-01
 5.355189e-01 1.512744e+00 -9.906269e-01
 7.606445e-01 1.241543e+00 -9.862920e-01
 9.442437e-01 7.618567e-01 -9.214598e-01
 1.160667e+00 5.480388e-01 -9.437023e-01
 1.343948e+00 3.506835e-01 -1.062445e+00
 1.456961e+00 1.288071e-01 -1.277236e+00
 1.454515e+00 -1.169125e-01 -1.555316e+00
 1.332434e+00 -3.345140e-01 -1.801226e+00
 1.118257e+00 -5.143779e-01 -1.978145e+00
 8.224582e-01 -6.596129e-01 -2.079026e+00
 4.902388e-01 -7.478418e-01 -2.081644e+00
 1.504708e-01 -7.736757e-01 -1.983177e+00
 -1.301032e-01 -7.353052e-01 -1.810762e+00
 -3.465751e-01 -6.290421e-01 -1.584514e+00
 -6.909020e-01 -1.862627e-01 -9.511323e-01
 -8.899350e-01 1.094523e-01 -7.650346e-01
 -1.065307e+00 3.735048e-01 -7.358716e-01
 -1.401544e+00 7.452997e-01 -8.740828e-01
 -1.559270e+00 1.060166e+00 -8.895708e-01
 -1.666749e+00 1.405132e+00 -7.930956e-01
 -1.700732e+00 1.693807e+00 -6.074575e-01
 -1.654270e+00 1.916494e+00 -3.592302e-01
 -1.529038e+00 2.056197e+00 -7.476059e-02
 -1.326730e+00 2.099601e+00 2.239131e-01
 -1.102728e+00 2.042831e+00 4.674497e-01
 -8.732333e-01 1.897536e+00 6.514819e-01
 -6.554953e-01 1.679432e+00 7.611982e-01
 -2.020794e-01 1.013457e+00 8.245831e-01
 -1.087890e-01 8.345024e-01 8.007880e-01
 3.425218e-02 4.387698e-01 7.424303e-01
 1.446232e-01 2.352242e-01 7.498239e-01
 4.225784e-01 -8.692492e-02 8.243514e-01
 6.534943e-01 -4.024497e-01 7.415464e-01
 7.097979e-01 -6.086457e-01 6.347943e-01
 6.745693e-01 -8.245354e-01 4.426087e-01
 5.444237e-01 -1.022875e+00 1.665797e-01
 3.614479e-01 -1.205058e+00 -3.893894e-02
 2.732881e-01 -1.490744e+00 -2.050325e-01
 2.370376e-01 -1.847010e+00 -2.688052e-01
 2.288990e-01 -2.216116e+00 -1.956833e-01
 2.402234e-01 -2.536298e+00 1.007277e-02
 2.538579e-01 -2.760595e+00 3.228151e-01
 2.715966e-01 -2.851852e+00 6.816144e-01
 2.836865e-01 -2.808502e+00 1.045096e+00
 2.719493e-01 -2.643138e+00 1.366844e+00
