 -1.774149e-01 -9.000605e-01 4.592474e-02
 -2.822480e-01 -5.282510e-01 1.195035e-01
 -7.003463e-01 8.622421e-02 4.743216e-01
 -7.938439e-01 5.647646e-01 6.083216e-01
 -7.358394e-01 9.573889e-01 6.319031e-01
 -5.606610e-01 1.279229e+00 5.718045e-01
 -2.873047e-01 1.505434e+00 4.336403e-01
 -3.368441e-02 1.588896e+00 2.590310e-01
 4.644006e-01 1.551486e+00 1.975299e-02
 8.973284e-01 1.781185e+00 -5.802143e-02
 1.272088e+00 2.049529e+00 1.189366e-01
 1.548604e+00 2.217203e+00 5.057960e-01
 1.663627e+00 2.227659e+00 9.976595e-01
 1.570247e+00 2.098990e+00 1.493112e+00
 9.902171e-01 1.567550e+00 2.281691e+00
 8.045548e-01 1.280179e+00 2.470686e+00
 6.552859e-01 9.150976e-01 2.566399e+00
 5.485736e-01 5.340185e-01 2.544158e+00
 2.183738e-01 -8.461446e-01 1.982215e+00
 -2.387340e-02 -1.151445e+00 1.635620e+00
 -2.825267e-01 -1.207685e+00 1.240947e+00
 -4.909930e-01 -1.091974e+00 1.019977e+00
 -6.907719e-01 -1.023061e+00 9.187085e-01
 -9.616767e-01 -1.031224e+00 7.338648e-01
 -1.177408e+00 -1.037987e+00 3.147900e-01
 -1.205028e+00 -1.006226e+00 -3.798199e-01
 -1.360075e+00 -9.656582e-01 -6.965668e-01
 -1.862799e+00 -8.676183e-01 -1.144672e+00
 -2.033131e+00 -7.179937e-01 -1.607020e+00
 -1.948328e+00 -5.589508e-01 -2.091178e+00
 -1.631034e+00 -4.407493e-01 -2.476200e+00
 -1.164632e+00 -3.570393e-01 -2.657636e+00
 -6.546905e-01 -3.244427e-01 -2.592527e+00
 -2.295177e-01 -3.914692e-01 -2.306320e+00
 5.653691e-03 -5.582396e-01 -1.875162e+00
 -1.275585e-02 -7.621947e-01 -1.485729e+00
 -1.760442e-01 -1.073497e+00 -1.186511e+00
 -8.297637e-01 -1.845908e+00 -8.823279e-01
 -1.265125e+00 -2.006602e+00 -6.864707e-01
 -1.707874e+00 -1.922077e+00 -4.559582e-01
 -2.048703e+00 -1.612098e+00 -2.468053e-01
 -2.222059e+00 -1.111663e+00 -1.036377e-01
 -2.141982e+00 -6.096787e-01 -8.286589e-02
 -1.805326e+00 -1.632489e-01 -1.854923e-01
 -1.337841e+00 3.767646e-02 -3.838508e-01
 -5.376197e-01 -1.007309e-01 -7.778832e-01
 -2.114722e-01 1.205644e-01 -1.059394e+00
 1.983557e-02 4.903951e-01 -1.205082e+00
 1.470952e-01 9.739977e-01 -1.190965e+00
 8.556104e-02 2.072978e+00 -7.777612e-01
 1.138190e-01 2.405998e+00 -4.533348e-01
 2.152458e-01 2.576372e+00 -4.982808e-02
 3.521333e-01 2.559176e+00 3.664902e-01
 4.967342e-01 2.359614e+00 7.320940e-01
 6.302254e-01 2.021689e+00 9.538825e-01
 8.016519e-01 1.621427e+00 9.882768e-01
 1.056726e+00 1.390735e+00 8.841804e-01
 1.195569e+00 1.100046e+00 6.805774e-01
 1.275905e+00 6.039436e-01 6.521566e-01
 1.563627e+00 8.011704e-02 9.379055e-01
 1.549358e+00 -4.870545e-01 1.019272e+00
 1.350063e+00 -1.028435e+00 8.024366e-01
 1.041196e+00 -1.316010e+00 3.433304e-01
 7.813040e-01 -1.247198e+00 -2.216929e-01
 6.202219e-01 -8.886429e-01 -6.039304e-01
 6.828986e-01 -5.242295e-01 -8.050133e-01
 8.535217e-01 -1.744823e-01 -9.021999e-01
 1.096679e+00 1.373508e-01 -8.684649e-01
 1.371157e+00 3.712609e-01 -7.089433e-01
 2.161853e+00 7.976043e-01 1.449706e-01
 2.272243e+00 9.441128e-01 6.990931e-01
 2.093581e+00 1.001755e+00 1.228522e+00
 1.692155e+00 9.397088e-01 1.596888e+00
 1.256863e+00 7.748734e-01 1.705225e+00
 8.011102e-01 6.788388e-01 1.572086e+00
 4.760170e-01 6.738342e-01 1.332312e+00
 2.884404e-01 7.293586e-01 1.022536e+00
 1.769141e-01 5.594717e-01 1.911082e-01
 -3.415348e-03 6.052819e-01 -8.899002e-02
 -5.369128e-01 8.945466e-01 -4.091124e-01
 -7.437330e-01 9.596195e-01 -6.619205e-01
 -8.908282e-01 9.115221e-01 -9.649427e-01
 -1.018555e+00 7.249873e-01 -1.265053e+00
 -1.102934e+00 4.316422e-01 -1.489140e+00
 -1.118521e+00 6.921351e-02 -1.613884e+00
 -1.004529e+00 -5.720099e-01 -1.642390e+00
 -1.004288e+00 -8.714482e-01 -1.768324e+00
 -8.640717e-01 -1.152079e+00 -1.980268e+00
 -5.066590e-01 -1.437721e+00 -2.118327e+00
 -7.426170e-02 -1.590288e+00 -2.112479e+00
 3.631983e-01 -1.595122e+00 -1.966525e+00
 1.459531e+00 -1.153241e+00 -1.156035e+00
 1.651086e+00 -9.216278e-01 -7.973678e-01
 1.634939e+00 -6.483169e-01 -3.953066e-01
 1.421521e+00 -4.240329e-01 -6.694646e-02
 1.206198e+00 -3.135447e-01 4.558250e-02
 9.828685e-01 -2.837054e-01 1.446281e-01
 7.966253e-01 -2.894944e-01 3.018841e-01
 3.215748e-01 -3.322284e-01 9.483905e-01
 -2.754518e-01 -1.353276e-01 1.372682e+00
 -6.889296e-01 -3.287547e-01 1.692611e+00
 -9.722399e-01 -7.324794e-01 1.877089e+00
 -1.153028e+00 -1.241855e+00 1.821451e+00
 -1.152189e+00 -1.709030e+00 1.548296e+00
 -9.713596e-01 -2.008403e+00 1.128888e+00
 -7.013268e-01 -2.041246e+00 6.575848e-01
 -4.228595e-01 -1.797267e+00 2.615460e-01
 -2.057122e-01 -1.365354e+00 6.353864e-02
