 1.062747e+00 -1.729863e+00 5.073013e-01
 1.356564e+00 -1.802228e+00 5.719000e-01
 1.616519e+00 -1.791967e+00 6.530759e-01
 1.865152e+00 -1.700566e+00 7.200031e-01
 2.087568e+00 -1.535948e+00 7.573376e-01
 2.258718e+00 -1.311737e+00 7.587719e-01
 2.388059e+00 -9.768431e-01 7.243125e-01
 2.411905e+00 -6.921162e-01 6.773861e-01
 2.357900e+00 -4.224401e-01 6.118281e-01
 2.237082e+00 -1.897113e-01 5.357290e-01
 2.065074e+00 -7.075656e-03 4.565434e-01
 1.856657e+00 1.196329e-01 3.799079e-01
 1.021277e+00 3.645739e-01 1.288659e-01
 9.564508e-01 3.890205e-01 1.077415e-01
 7.611150e-01 4.786489e-01 3.408915e-02
 6.203708e-01 6.125659e-01 -5.739810e-02
 4.911449e-01 8.182372e-01 -1.226537e-01
 2.205359e-01 1.572585e+00 -2.265769e-01
 2.339937e-03 1.845661e+00 -2.453527e-01
 -2.887354e-01 2.038507e+00 -2.179291e-01
 -6.116396e-01 2.129233e+00 -1.424632e-01
 -9.275512e-01 2.104353e+00 -5.438438e-02
 -1.216797e+00 1.968715e+00 3.011343e-02
 -1.455573e+00 1.726299e+00 1.124105e-01
 -1.738342e+00 1.163394e+00 2.085842e-01
 -1.990907e+00 9.547270e-01 2.666391e-01
 -2.280674e+00 7.445539e-01 1.729877e-01
 -2.505981e+00 4.665481e-01 -8.764654e-02
 -2.559277e+00 2.382001e-01 -3.683550e-01
 -2.458829e+00 -4.828474e-03 -6.539316e-01
 -2.199641e+00 -2.156707e-01 -9.185043e-01
 -1.842576e+00 -3.234618e-01 -1.090902e+00
 -1.430325e+00 -3.218503e-01 -1.152379e+00
 -1.040029e+00 -2.096371e-01 -1.095154e+00
 -4.420562e-01 2.388519e-01 -8.361569e-01
 -1.273400e-01 5.745163e-01 -8.905560e-01
 2.824887e-02 7.710921e-01 -1.041527e+00
 2.448795e-01 8.881225e-01 -1.281818e+00
 5.183060e-01 8.724500e-01 -1.595170e+00
 7.767796e-01 7.154987e-01 -1.816725e+00
 1.031553e+00 4.562994e-01 -1.929691e+00
 1.278212e+00 1.036745e-01 -1.903358e+00
 1.411388e+00 -2.492979e-01 -1.752584e+00
 1.423176e+00 -5.679090e-01 -1.500565e+00
 1.312373e+00 -8.009661e-01 -1.186536e+00
 1.150467e+00 -8.841173e-01 -9.442887e-01
 1.043864e+00 -9.415462e-01 -8.356009e-01
 9.358388e-01 -1.050046e+00 -7.035301e-01
 8.221978e-01 -1.272999e+00 -5.410109e-01
 4.961320e-01 -1.771865e+00 -4.588900e-01
 3.247938e-01 -2.080146e+00 -2.494667e-01
 2.296427e-01 -2.304286e+00 7.776677e-02
 2.267722e-01 -2.411715e+00 4.668213e-01
 3.054615e-01 -2.383519e+00 8.577959e-01
 4.488066e-01 -2.222745e+00 1.193391e+00
 6.431498e-01 -1.962275e+00 1.421289e+00
 8.606267e-01 -1.645635e+00 1.508755e+00
 1.067148e+00 -1.318965e+00 1.446021e+00
 1.237349e+00 -1.031253e+00 1.243283e+00
 1.376016e+00 -8.428070e-01 9.377390e-01
 1.392123e+00 -7.586286e-01 5.936173e-01
 1.502999e+00 -8.511797e-01 1.987844e-01
 1.812250e+00 -1.195944e+00 -1.979876e-01
 1.837651e+00 -1.529111e+00 -5.184364e-01
 1.648351e+00 -1.784540e+00 -9.081052e-01
 1.302831e+00 -1.855885e+00 -1.253948e+00
 8.808136e-01 -1.723083e+00 -1.488285e+00
 4.608834e-01 -1.476926e+00 -1.511629e+00
 1.157790e-01 -1.197854e+00 -1.314949e+00
 -6.183157e-02 -9.203772e-01 -9.583312e-01
 -1.914974e-02 -6.864357e-01 -6.156023e-01
 6.727546e-01 -1.540581e-01 1.172891e+00
 7.544057e-01 5.901602e-02 1.457340e+00
 7.296314e-01 3.440965e-01 1.699618e+00
 5.943178e-01 6.547111e-01 1.862138e+00
 3.822123e-01 9.544927e-01 1.904918e+00
 1.281200e-01 1.225655e+00 1.810827e+00
 -1.247865e-01 1.437745e+00 1.576516e+00
 -3.290049e-01 1.532235e+00 1.259149e+00
 -4.753051e-01 1.496382e+00 8.977434e-01
 -6.342416e-01 1.113042e+00 7.743065e-02
 -7.069421e-01 1.103383e+00 -2.050083e-01
 -8.408468e-01 1.218205e+00 -5.785147e-01
 -8.864165e-01 1.243411e+00 -8.605406e-01
 -9.275175e-01 1.137121e+00 -1.188291e+00
 -8.716677e-01 9.383889e-01 -1.503639e+00
 -7.119899e-01 7.054816e-01 -1.737912e+00
 -4.693324e-01 4.181937e-01 -1.867741e+00
 -1.901884e-01 1.406501e-01 -1.841151e+00
 7.510063e-02 -5.247557e-02 -1.693336e+00
 3.514120e-01 -1.414988e-01 -1.450014e+00
 5.564353e-01 -9.844323e-02 -1.198455e+00
 7.998568e-01 8.359027e-02 -9.684929e-01
 1.224284e+00 4.866438e-01 -8.826796e-01
 1.389063e+00 8.851797e-01 -6.917012e-01
 1.432681e+00 1.211442e+00 -2.978303e-01
 1.338489e+00 1.343195e+00 1.782172e-01
 1.083397e+00 1.290879e+00 5.933109e-01
 6.710984e-01 1.096891e+00 8.612950e-01
 1.870939e-01 7.125146e-01 9.102981e-01
 -2.780801e-02 5.769319e-01 1.030105e+00
 -2.698576e-01 3.308065e-01 1.363374e+00
 -5.592072e-01 6.617678e-02 1.513719e+00
 -9.141008e-01 -1.667963e-01 1.513265e+00
 -1.251853e+00 -3.180481e-01 1.366143e+00
 -1.523673e+00 -3.954084e-01 1.085126e+00
 -1.689435e+00 -3.871072e-01 7.234913e-01
 -1.737112e+00 -2.776886e-01 3.169555e-01
 -1.661440e+00 -1.131476e-01 1.850153e-03
 -1.539387e+00 1.348460e-01 -2.159682e-01
 -1.513531e+00 3.686993e-01 -4.022979e-01
 -1.594221e+00 5.444092e-01 -5.964839e-01
 -1.825089e+00 8.446155e-01 -7.680400e-01
 -2.094363e+00 1.187665e+00 -7.516455e-01
 -2.347593e+00 1.469702e+00 -5.657433e-01
 -2.517209e+00 1.689120e+00 -2.348200e-01
 -2.558714e+00 1.807754e+00 1.719323e-01
 -2.457266e+00 1.817722e+00 5.837474e-01
 -2.241579e+00 1.704203e+00 9.358132e-01
 -1.960215e+00 1.477388e+00 1.166149e+00
 -1.659297e+00 1.181432e+00 1.233418e+00
 -1.386954e+00 8.714459e-01 1.126301e+00
 -1.050033e+00 4.096220e-01 6.791006e-01
 -8.988303e-01 2.584579e-01 5.615490e-01
 -7.963372e-01 7.801820e-02 5.132387e-01
 -6.804351e-01 -2.487422e-01 5.138103e-01
 -5.924778e-01 -6.756883e-01 6.219249e-01
 -4.515324e-01 -9.352197e-01 6.719585e-01
 -2.414901e-01 -1.153137e+00 6.832246e-01
 1.938053e-02 -1.306947e+00 6.558978e-01
 5.837172e-01 -1.453622e+00 5.311616e-01
 7.542769e-01 -1.534278e+00 5.001321e-01
 8.947636e-01 -1.637212e+00 4.828140e-01
