 -1.392504e+00 -2.116452e+00 5.401676e-01
 -1.294835e+00 -1.964313e+00 8.999944e-01
 -1.092221e+00 -1.740410e+00 1.164973e+00
 -8.174827e-01 -1.479391e+00 1.294648e+00
 -5.140475e-01 -1.221050e+00 1.270209e+00
 -2.301873e-01 -1.005011e+00 1.097397e+00
 3.357008e-01 -5.752904e-01 2.994281e-01
 4.849613e-01 -5.173729e-01 1.690028e-01
 6.983847e-01 -5.069127e-01 5.581288e-02
 1.137609e+00 -6.031591e-01 -1.179456e-01
 1.468294e+00 -5.225368e-01 -3.678212e-01
 1.726979e+00 -2.517905e-01 -6.330154e-01
 1.909113e+00 1.661798e-01 -7.588700e-01
 1.957435e+00 6.248519e-01 -7.179671e-01
 1.801548e+00 1.070227e+00 -5.649210e-01
 1.482286e+00 1.363402e+00 -3.398618e-01
 1.091447e+00 1.442546e+00 -6.412022e-02
 6.227537e-01 1.245179e+00 3.510509e-01
 4.035983e-01 1.238145e+00 7.020674e-01
 3.369157e-01 1.342908e+00 1.039754e+00
 2.485536e-01 1.582396e+00 1.300040e+00
 1.223465e-01 1.916885e+00 1.447108e+00
 -2.385999e-02 2.205955e+00 1.459367e+00
 -2.366520e-01 2.469473e+00 1.371351e+00
 -5.095081e-01 2.667889e+00 1.175703e+00
 -7.596959e-01 2.741600e+00 9.218781e-01
 -9.625919e-01 2.702544e+00 6.194155e-01
 -1.085795e+00 2.560494e+00 3.073469e-01
 -1.117567e+00 2.333325e+00 2.727153e-02
 -1.058395e+00 2.050282e+00 -1.837933e-01
 -7.988264e-01 1.391606e+00 -4.118101e-01
 -7.768464e-01 1.041215e+00 -4.729821e-01
 -8.302130e-01 7.362423e-01 -4.840919e-01
 -9.616895e-01 5.211000e-01 -4.628927e-01
 -1.210788e+00 3.348941e-01 -4.427426e-01
 -1.388384e+00 2.038141e-01 -3.674557e-01
 -1.557050e+00 -5.970416e-02 -2.498045e-01
 -1.617914e+00 -3.642714e-01 -1.337277e-01
 -1.565879e+00 -6.738579e-01 -2.832093e-02
 -1.407577e+00 -9.508475e-01 8.126393e-02
 -1.179757e+00 -1.138427e+00 1.911056e-01
 -7.501225e-01 -1.342458e+00 2.673221e-01
 -5.345058e-01 -1.598860e+00 3.120394e-01
 -3.911194e-01 -1.869424e+00 2.705307e-01
 -2.479474e-01 -2.151640e+00 8.426063e-02
 -1.106760e-01 -2.322061e+00 -1.806591e-01
 5.085452e-02 -2.381215e+00 -5.179457e-01
 1.719151e-01 -2.313863e+00 -8.502030e-01
 2.339433e-01 -2.136457e+00 -1.157937e+00
 2.297617e-01 -1.872129e+00 -1.401485e+00
 1.646016e-01 -1.557800e+00 -1.547834e+00
 2.762050e-02 -1.014359e+00 -1.592591e+00
 1.102264e-02 -6.986736e-01 -1.749046e+00
 1.162048e-01 -4.422895e-01 -1.878151e+00
 3.069134e-01 -1.798069e-01 -1.932409e+00
 5.273287e-01 1.026420e-01 -1.849926e+00
 7.198175e-01 3.262119e-01 -1.648311e+00
 8.594496e-01 4.834734e-01 -1.346852e+00
 9.205756e-01 5.497305e-01 -9.922480e-01
 9.526771e-01 4.731614e-01 -4.885614e-01
 1.072282e+00 4.208115e-01 -2.013138e-01
 1.264762e+00 4.105308e-01 2.888794e-02
 1.598050e+00 3.391355e-01 2.237154e-01
 1.808090e+00 2.197508e-01 4.606577e-01
 1.935356e+00 1.095713e-01 8.021022e-01
 1.944451e+00 6.235529e-02 1.147186e+00
 1.843077e+00 4.949696e-02 1.457776e+00
 1.634148e+00 4.804592e-02 1.722151e+00
 1.359722e+00 6.815711e-02 1.902635e+00
 1.031601e+00 1.091791e-01 1.991865e+00
 7.235621e-01 1.647872e-01 1.977573e+00
 4.432188e-01 2.310194e-01 1.873021e+00
 2.125385e-01 3.023192e-01 1.691883e+00
 -2.605738e-01 5.219658e-01 9.974745e-01
 -5.073792e-01 7.110667e-01 6.873984e-01
 -8.033049e-01 7.675883e-01 5.333506e-01
 -1.175858e+00 8.751083e-01 4.742859e-01
 -1.529681e+00 1.039188e+00 2.344861e-01
 -1.750081e+00 1.130778e+00 -1.032038e-01
 -1.803335e+00 1.166768e+00 -5.136324e-01
 -1.691756e+00 1.095141e+00 -9.459895e-01
 -1.415678e+00 8.885296e-01 -1.321864e+00
 -1.040713e+00 6.460451e-01 -1.491511e+00
 -6.316604e-01 4.043749e-01 -1.441732e+00
 -1.391304e-02 5.107807e-02 -9.819663e-01
 3.242424e-01 -2.827416e-01 -8.657525e-01
 6.407054e-01 -4.464956e-01 -9.883129e-01
 8.702167e-01 -5.944691e-01 -1.177119e+00
 1.015472e+00 -7.639805e-01 -1.480469e+00
 1.024202e+00 -9.171015e-01 -1.814926e+00
 8.984637e-01 -1.040336e+00 -2.152862e+00
 6.469931e-01 -1.148807e+00 -2.417892e+00
 3.104651e-01 -1.244737e+00 -2.566457e+00
 -6.692773e-02 -1.291269e+00 -2.587293e+00
 -4.295501e-01 -1.274743e+00 -2.482596e+00
 -7.285878e-01 -1.200571e+00 -2.268435e+00
 -9.250522e-01 -1.081597e+00 -1.974876e+00
 -9.947610e-01 -9.359015e-01 -1.640915e+00
 -8.537441e-01 -6.135773e-01 -9.190490e-01
 -7.856391e-01 -5.569059e-01 -7.087153e-01
 -6.269817e-01 -4.928710e-01 -3.841085e-01
 -5.750151e-01 -3.754137e-01 -1.119001e-01
 -6.460587e-01 -2.713956e-01 1.429453e-01
 -7.171043e-01 -2.491779e-01 3.436159e-01
 -9.273871e-01 -2.371645e-01 7.012907e-01
 -1.095705e+00 -9.274186e-02 1.000976e+00
 -1.194607e+00 1.600242e-01 1.254548e+00
 -1.195796e+00 4.756534e-01 1.437148e+00
 -1.119808e+00 8.222153e-01 1.512771e+00
 -1.009575e+00 1.170870e+00 1.459019e+00
 -8.863142e-01 1.467941e+00 1.282201e+00
 -7.774010e-01 1.655684e+00 1.035749e+00
 -6.179767e-01 1.743100e+00 7.546960e-01
 -4.318865e-01 1.828051e+00 5.846654e-01
 -2.310947e-01 1.994921e+00 4.566089e-01
 8.495137e-02 2.176885e+00 4.406153e-01
 5.009841e-01 2.262058e+00 5.518149e-01
 8.787357e-01 2.175026e+00 7.432013e-01
 1.148550e+00 1.954943e+00 9.092022e-01
 1.326852e+00 1.613614e+00 1.020332e+00
 1.365286e+00 1.217708e+00 1.083641e+00
 1.251290e+00 8.319244e-01 1.109960e+00
 1.053419e+00 5.558955e-01 1.064043e+00
 9.603789e-01 3.638635e-01 1.011392e+00
 9.317638e-01 1.755486e-01 9.801633e-01
 9.504441e-01 -1.064850e-01 9.822336e-01
 1.054460e+00 -4.557130e-01 1.009515e+00
 1.102054e+00 -7.655141e-01 9.519077e-01
 1.075079e+00 -1.050637e+00 8.383336e-01
 9.936079e-01 -1.278485e+00 6.718297e-01
 8.696921e-01 -1.438055e+00 4.600215e-01
 7.115754e-01 -1.517350e+00 2.173332e-01
 5.333059e-01 -1.505431e+00 -6.018691e-02
 3.367881e-01 -1.408376e+00 -2.983135e-01
 1.044447e-01 -1.359599e+00 -4.711142e-01
 -1.840632e-01 -1.379401e+00 -6.087861e-01
 -4.493997e-01 -1.508615e+00 -7.070335e-01
 -7.620354e-01 -1.710076e+00 -6.929598e-01
 -1.047245e+00 -1.926383e+00 -5.287094e-01
 -1.255720e+00 -2.103357e+00 -2.290329e-01
 -1.371880e+00 -2.169782e+00 1.365988e-01
