 2.044982e+00 6.365501e-01 -3.538829e-01
 2.000014e+00 3.833058e-01 -6.332815e-01
 1.817199e+00 1.541813e-01 -8.856340e-01
 1.564154e+00 -4.811027e-03 -1.036125e+00
 1.203792e+00 -1.284469e-01 -1.076504e+00
 8.292855e-01 -1.842289e-01 -1.002114e+00
 5.117100e-01 -1.786558e-01 -8.241446e-01
 3.936855e-01 -2.031876e-01 -7.704664e-01
 1.958960e-01 -2.626850e-01 -7.347915e-01
 -7.808885e-02 -2.909198e-01 -7.540119e-01
 -1.199252e+00 -5.411507e-01 -1.155067e+00
 -1.555525e+00 -6.831797e-01 -1.152364e+00
 -1.879915e+00 -8.459494e-01 -1.010660e+00
 -2.125519e+00 -9.972754e-01 -7.466711e-01
 -2.260374e+00 -1.107742e+00 -3.952040e-01
 -2.268184e+00 -1.153016e+00 -7.846466e-03
 -2.143858e+00 -1.144579e+00 3.479548e-01
 -1.897792e+00 -1.101893e+00 6.319854e-01
 -1.562665e+00 -1.025373e+00 8.057652e-01
 -1.194232e+00 -9.048339e-01 8.354487e-01
 -9.778091e-01 -7.716516e-01 7.819800e-01
 -8.173546e-01 -6.246773e-01 7.041151e-01
 -6.705629e-01 -4.032643e-01 5.404989e-01
 -5.911824e-01 -1.639164e-01 2.835564e-01
 -6.211476e-01 1.483804e-02 5.730955e-02
 -9.221813e-01 6.033310e-01 -4.237065e-01
 -9.621272e-01 8.729720e-01 -5.661570e-01
 -8.971151e-01 1.163873e+00 -7.124881e-01
 -7.291285e-01 1.424471e+00 -8.407486e-01
 -4.996715e-01 1.610468e+00 -9.203301e-01
 -2.067866e-01 1.744912e+00 -9.326609e-01
 1.388850e-01 1.814096e+00 -8.610604e-01
 7.376609e-01 1.775769e+00 -5.720789e-01
 9.991540e-01 1.833781e+00 -5.115477e-01
 1.237393e+00 1.961270e+00 -3.770099e-01
 1.439199e+00 2.097297e+00 -1.277454e-01
 1.545843e+00 2.190641e+00 1.879484e-01
 1.572504e+00 2.182939e+00 5.259043e-01
 1.490111e+00 2.080647e+00 8.990637e-01
 1.314935e+00 1.912777e+00 1.188710e+00
 1.090552e+00 1.706835e+00 1.365878e+00
 8.181164e-01 1.486455e+00 1.431327e+00
 5.348565e-01 1.275627e+00 1.373801e+00
 -7.627961e-02 8.676734e-01 9.642511e-01
 -3.044430e-01 7.893006e-01 8.459479e-01
 -5.498647e-01 7.718908e-01 7.360278e-01
 -8.587151e-01 8.737114e-01 6.426869e-01
 -1.179732e+00 1.022499e+00 6.825229e-01
 -1.475011e+00 1.102793e+00 8.587987e-01
 -1.750109e+00 1.064513e+00 1.127608e+00
 -1.956072e+00 8.820933e-01 1.423464e+00
 -2.058368e+00 5.729773e-01 1.701649e+00
 -2.029573e+00 2.373237e-01 1.892156e+00
 -1.877565e+00 -1.033573e-01 2.001315e+00
 -1.623887e+00 -3.996583e-01 2.011261e+00
 -7.541192e-01 -9.765120e-01 1.749747e+00
 -5.448108e-01 -1.107873e+00 1.627065e+00
 -3.841823e-01 -1.206440e+00 1.470312e+00
 -2.524306e-01 -1.282806e+00 1.262111e+00
 -1.481208e-01 -1.333221e+00 9.797210e-01
 -9.861786e-02 -1.333923e+00 6.811987e-01
 -1.088492e-01 -1.280393e+00 4.110657e-01
 -2.375080e-01 -1.169398e+00 3.539004e-03
 -2.733208e-01 -1.212123e+00 -3.347257e-01
 -3.516863e-01 -1.359626e+00 -6.476696e-01
 -4.348262e-01 -1.637191e+00 -8.931369e-01
 -4.424829e-01 -2.017397e+00 -1.035905e+00
 -3.715924e-01 -2.420943e+00 -1.038261e+00
 -2.263195e-01 -2.770607e+00 -9.072156e-01
 -1.012880e-02 -3.019801e+00 -6.752804e-01
 2.565120e-01 -3.126380e+00 -3.837238e-01
 5.256727e-01 -3.066659e+00 -7.458851e-02
 7.484652e-01 -2.846014e+00 2.028921e-01
 9.065551e-01 -2.505166e+00 3.789256e-01
 9.831975e-01 -2.099109e+00 4.214435e-01
 9.523952e-01 -1.691761e+00 3.298617e-01
 8.495105e-01 -1.371665e+00 1.064414e-01
 7.465745e-01 -1.191578e+00 -2.009407e-01
 7.122692e-01 -1.140827e+00 -5.160815e-01
 5.847916e-01 -1.201173e+00 -9.775698e-01
 3.670004e-01 -1.052840e+00 -1.373730e+00
 1.980759e-01 -6.916525e-01 -1.674207e+00
 1.032863e-01 -2.178175e-01 -1.774241e+00
 3.510956e-02 2.617849e-01 -1.623786e+00
 2.626550e-03 6.218110e-01 -1.253930e+00
 5.165047e-02 8.085311e-01 -6.349621e-01
 4.993945e-02 8.970944e-01 -4.209946e-01
 -1.747366e-02 1.033040e+00 -2.159887e-01
 -8.340482e-02 1.191698e+00 -8.633159e-02
 -3.134732e-01 1.583041e+00 1.403041e-01
 -4.092224e-01 1.754616e+00 4.142306e-01
 -4.687752e-01 1.814756e+00 7.577435e-01
 -5.906398e-01 1.731534e+00 1.147525e+00
 -6.977723e-01 1.536486e+00 1.425450e+00
 -8.053730e-01 1.218816e+00 1.626597e+00
 -9.163500e-01 8.483037e-01 1.685807e+00
 -1.022689e+00 5.067764e-01 1.603689e+00
 -1.106005e+00 2.865121e-01 1.438089e+00
 -1.255133e+00 1.431035e-01 1.221358e+00
 -1.558078e+00 7.011115e-02 8.847910e-01
 -1.662930e+00 -7.636743e-02 3.887205e-01
 -1.537599e+00 -4.038463e-01 -5.664597e-02
 -1.273954e+00 -8.435307e-01 -1.863424e-01
 -1.253773e+00 -1.382753e+00 -1.423520e-01
 -1.157752e+00 -1.654245e+00 -6.164982e-02
 -9.330399e-01 -1.933671e+00 -1.429389e-02
 -6.223280e-01 -2.124822e+00 -6.106896e-03
 -2.475748e-01 -2.203473e+00 -3.953291e-02
 6.376486e-02 -2.149940e+00 -1.379094e-01
 2.447439e-01 -2.100170e+00 -2.862298e-01
 4.171921e-01 -2.115851e+00 -4.503963e-01
 6.597674e-01 -2.160678e+00 -5.546582e-01
 9.282451e-01 -2.137519e+00 -5.991818e-01
 1.256094e+00 -1.996708e+00 -6.102841e-01
 1.509420e+00 -1.779213e+00 -5.719822e-01
 1.680042e+00 -1.489124e+00 -5.046192e-01
 1.745245e+00 -1.162741e+00 -4.031252e-01
 1.694951e+00 -8.383898e-01 -2.805786e-01
 1.364980e+00 -2.520998e-01 -5.820175e-02
 1.201666e+00 7.914430e-02 -6.489605e-02
 1.056503e+00 4.110691e-01 -1.957489e-01
 1.016662e+00 5.646287e-01 -3.370919e-01
 1.053842e+00 7.748105e-01 -6.086183e-01
 1.126872e+00 9.716989e-01 -1.071020e+00
 1.150987e+00 1.250665e+00 -1.349730e+00
 1.128977e+00 1.612337e+00 -1.508239e+00
 1.067182e+00 2.002323e+00 -1.521876e+00
 9.781507e-01 2.361897e+00 -1.388718e+00
 8.639751e-01 2.635902e+00 -1.132767e+00
 7.323876e-01 2.783299e+00 -7.930492e-01
 6.146071e-01 2.783884e+00 -4.165141e-01
 5.354783e-01 2.638599e+00 -5.834718e-02
 5.038465e-01 2.375133e+00 2.198187e-01
 5.607588e-01 2.055089e+00 3.997840e-01
 6.523676e-01 1.714460e+00 4.414751e-01
 7.849748e-01 1.491079e+00 4.119042e-01
 1.102937e+00 1.275007e+00 3.903221e-01
 1.448845e+00 1.180112e+00 3.433751e-01
 1.727054e+00 1.084999e+00 1.837846e-01
 1.946343e+00 8.945236e-01 -5.974951e-02
