 2.306858e+00 -7.872994e-02 1.298639e-01
 2.514802e+00 6.191529e-02 1.224099e-01
 2.758027e+00 3.170483e-01 2.090672e-01
 2.885705e+00 6.317712e-01 3.682112e-01
 2.867069e+00 9.757225e-01 5.439376e-01
 2.701339e+00 1.302937e+00 6.955487e-01
 2.418351e+00 1.548056e+00 8.104111e-01
 2.031499e+00 1.674966e+00 8.962450e-01
 1.589717e+00 1.638389e+00 9.230577e-01
 1.187238e+00 1.422437e+00 8.663305e-01
 6.296730e-01 9.447033e-01 7.027884e-01
 4.703297e-01 8.205506e-01 6.223390e-01
 2.779620e-01 6.841869e-01 4.457668e-01
 1.049968e-01 5.750837e-01 1.587138e-01
 4.214693e-02 5.612622e-01 -7.512573e-02
 5.216757e-03 5.930190e-01 -2.632135e-01
 -2.048855e-02 6.634723e-01 -4.590576e-01
 -5.760393e-02 8.650650e-01 -8.060216e-01
 -1.962416e-01 9.504088e-01 -1.160689e+00
 -3.953779e-01 9.108722e-01 -1.473636e+00
 -6.224499e-01 7.723428e-01 -1.706255e+00
 -8.567161e-01 5.845992e-01 -1.833095e+00
 -1.080990e+00 3.520540e-01 -1.864529e+00
 -1.274324e+00 7.529795e-02 -1.793299e+00
 -1.369082e+00 -1.918547e-01 -1.664626e+00
 -1.373674e+00 -4.246973e-01 -1.505649e+00
 -1.299825e+00 -6.074824e-01 -1.378681e+00
 -1.158559e+00 -8.433993e-01 -1.296765e+00
 -1.080481e+00 -1.163046e+00 -1.289079e+00
 -1.004492e+00 -1.642652e+00 -1.308062e+00
 -8.684407e-01 -2.014697e+00 -1.167616e+00
 -6.964867e-01 -2.271964e+00 -9.131966e-01
 -5.160677e-01 -2.392732e+00 -5.923388e-01
 -3.493242e-01 -2.371096e+00 -2.479015e-01
 -2.164999e-01 -2.209568e+00 7.788322e-02
 -1.293279e-01 -1.895183e+00 3.646771e-01
 -1.202258e-01 -1.509605e+00 5.115255e-01
 -1.807182e-01 -1.095530e+00 4.926867e-01
 -3.320956e-01 -7.429699e-01 3.257130e-01
 -4.656147e-01 -5.477773e-01 1.308368e-01
 -8.211778e-01 -4.380164e-01 -6.077964e-02
 -1.241350e+00 -4.998727e-01 -2.304606e-01
 -1.832322e+00 -8.476686e-01 -5.167157e-01
 -2.067226e+00 -1.064392e+00 -8.502074e-01
 -2.131316e+00 -1.219116e+00 -1.297022e+00
 -1.997032e+00 -1.265061e+00 -1.766265e+00
 -1.672565e+00 -1.198409e+00 -2.142458e+00
 -1.211112e+00 -1.041088e+00 -2.322512e+00
 -7.464070e-01 -7.888323e-01 -2.251783e+00
 -4.134852e-01 -5.034077e-01 -1.938454e+00
 -3.282150e-01 -2.319136e-01 -1.473931e+00
 -5.062255e-01 -4.733222e-02 -1.079822e+00
 -8.244337e-01 1.757742e-01 -8.815253e-01
 -1.393048e+00 8.237101e-01 -7.846582e-01
 -1.655322e+00 1.158202e+00 -4.834586e-01
 -1.792896e+00 1.350691e+00 1.506082e-02
 -1.740404e+00 1.345148e+00 5.011655e-01
 -1.565858e+00 1.140544e+00 9.009991e-01
 -1.493834e+00 8.444051e-01 1.082101e+00
 -1.525036e+00 6.411037e-01 1.224836e+00
 -1.507929e+00 4.624712e-01 1.482789e+00
 -1.332459e+00 2.761720e-01 1.764455e+00
 -1.027016e+00 8.561063e-02 1.938759e+00
 -6.354188e-01 -1.173114e-01 1.957629e+00
 -2.808303e-01 -2.527023e-01 1.821941e+00
 1.508695e-02 -3.155038e-01 1.560228e+00
 5.262255e-01 -2.832780e-01 6.176827e-01
 5.838848e-01 -3.166029e-01 2.940085e-01
 4.488508e-01 -3.298281e-01 -4.160660e-01
 5.124701e-01 -8.974610e-02 -9.110914e-01
 7.930592e-01 3.322607e-01 -1.261304e+00
 1.341657e+00 7.514453e-01 -1.270925e+00
 1.870980e+00 9.830450e-01 -8.499811e-01
 2.019602e+00 1.049299e+00 -1.669071e-01
 1.852618e+00 7.872322e-01 4.069164e-01
 1.907627e+00 6.415723e-01 7.376627e-01
 2.095349e+00 4.536468e-01 9.978931e-01
 2.342279e+00 1.563038e-01 1.139573e+00
 2.565211e+00 -1.406901e-01 1.124769e+00
 2.734222e+00 -4.106975e-01 9.973717e-01
 2.831110e+00 -6.549453e-01 7.870276e-01
 2.851860e+00 -8.554239e-01 5.040313e-01
 2.783061e+00 -9.840744e-01 1.597342e-01
 2.611742e+00 -9.992405e-01 -2.157452e-01
 2.333891e+00 -8.591676e-01 -5.557661e-01
 1.981723e+00 -5.567799e-01 -7.502779e-01
 1.612042e+00 -1.754606e-01 -6.882134e-01
 1.387823e+00 1.378766e-01 -4.037364e-01
 1.285465e+00 2.777988e-01 -3.136126e-01
 1.083737e+00 5.108536e-01 -2.543854e-01
 9.410358e-01 9.922096e-01 -2.731276e-01
 7.461568e-01 1.294898e+00 -2.421013e-01
 4.669313e-01 1.504557e+00 -1.419512e-01
 8.592206e-02 1.590387e+00 -2.953291e-02
 -3.471368e-01 1.503646e+00 6.823331e-02
 -7.093863e-01 1.227564e+00 1.449237e-01
 -9.808712e-01 6.977969e-01 1.784758e-01
 -1.252434e+00 4.551031e-01 1.813086e-01
 -1.511733e+00 3.682924e-01 1.871998e-01
 -1.821377e+00 3.384214e-01 2.647953e-01
 -2.119825e+00 3.860056e-01 4.225746e-01
 -2.359597e+00 5.137639e-01 6.490956e-01
 -2.500371e+00 6.958031e-01 9.259229e-01
 -2.512581e+00 9.042181e-01 1.250054e+00
 -2.363054e+00 1.125303e+00 1.570315e+00
 -2.035953e+00 1.307848e+00 1.831245e+00
 -1.570778e+00 1.383109e+00 1.960602e+00
 -1.071405e+00 1.305217e+00 1.905041e+00
 -6.747739e-01 1.076701e+00 1.668282e+00
 -4.943673e-01 7.350062e-01 1.332969e+00
 -5.577442e-01 3.773246e-01 1.039868e+00
 -7.326809e-01 5.260530e-02 9.442687e-01
 -1.072867e+00 -3.969205e-01 9.638415e-01
 -1.229296e+00 -8.127103e-01 8.148543e-01
 -1.234303e+00 -1.183220e+00 5.478661e-01
 -1.135470e+00 -1.400460e+00 2.593668e-01
 -9.728161e-01 -1.481408e+00 -6.612681e-02
 -7.359304e-01 -1.422232e+00 -3.318563e-01
 -4.524824e-01 -1.367827e+00 -4.767356e-01
 -2.513926e-02 -1.341297e+00 -5.088216e-01
 6.276720e-01 -1.324661e+00 -2.962821e-01
 9.350231e-01 -1.239387e+00 -1.618020e-01
 1.189494e+00 -1.084627e+00 -3.264638e-02
 1.678475e+00 -6.511767e-01 2.383537e-01
 1.849887e+00 -4.888516e-01 2.802231e-01
 2.038361e+00 -2.898777e-01 2.613823e-01
 2.160931e+00 -1.729050e-01 1.921750e-01
