 1.380540e+00 5.711182e-01 -5.357493e-01
 1.096742e+00 7.627108e-01 -5.572690e-01
 7.839650e-01 8.693771e-01 -4.765655e-01
 3.435038e-01 8.832025e-01 -3.529114e-01
 -7.157763e-02 1.051408e+00 -3.814900e-01
 -4.353783e-01 1.267834e+00 -3.060257e-01
 -1.095947e+00 1.514182e+00 1.395476e-02
 -1.461992e+00 1.473851e+00 2.701358e-01
 -1.765761e+00 1.242655e+00 5.310892e-01
 -1.954332e+00 8.668501e-01 7.195115e-01
 -1.980629e+00 4.413374e-01 8.012761e-01
 -1.835135e+00 3.215884e-02 7.887063e-01
 -1.515461e+00 -3.110310e-01 6.842070e-01
 -1.146150e+00 -4.616110e-01 5.317079e-01
 -5.337639e-01 -4.575584e-01 1.465384e-01
 -2.569396e-01 -6.502664e-01 -1.823664e-01
 4.410062e-01 -1.311608e+00 -7.605648e-01
 6.787810e-01 -1.651211e+00 -8.271168e-01
 8.118357e-01 -2.054296e+00 -7.631245e-01
 8.128532e-01 -2.438449e+00 -5.802802e-01
 6.854891e-01 -2.738363e+00 -3.121453e-01
 4.549714e-01 -2.905189e+00 -5.593857e-03
 1.619629e-01 -2.914338e+00 2.887425e-01
 -1.501765e-01 -2.763909e+00 5.283785e-01
 -3.759917e-01 -2.506016e+00 6.774541e-01
 -5.626012e-01 -2.143359e+00 7.139460e-01
 -6.645533e-01 -1.833269e+00 6.165925e-01
 -7.424910e-01 -1.624460e+00 4.342052e-01
 -8.417758e-01 -1.496463e+00 2.643277e-01
 -1.030111e+00 -1.349805e+00 -1.107978e-01
 -1.146237e+00 -1.131599e+00 -3.729260e-01
 -1.184514e+00 -8.968300e-01 -5.512002e-01
 -1.151399e+00 -6.320258e-01 -6.869597e-01
 -1.050930e+00 -3.668703e-01 -7.660005e-01
 -8.631892e-01 -3.286393e-02 -7.713338e-01
 -7.875335e-01 2.562688e-01 -8.090724e-01
 -8.272949e-01 5.349527e-01 -8.928447e-01
 -8.692365e-01 7.533368e-01 -1.056746e+00
 -8.548355e-01 9.505291e-01 -1.360786e+00
 -7.307501e-01 1.055911e+00 -1.727624e+00
 -4.918540e-01 1.037510e+00 -2.078029e+00
 -1.852387e-01 9.376804e-01 -2.297663e+00
 1.717412e-01 7.855370e-01 -2.378937e+00
 5.108789e-01 5.788805e-01 -2.313300e+00
 7.761428e-01 3.450478e-01 -2.107538e+00
 9.251905e-01 1.276011e-01 -1.786188e+00
 9.275593e-01 -3.923851e-02 -1.403365e+00
 7.074921e-01 -1.579022e-01 -7.969797e-01
 6.583786e-01 -1.561411e-01 -5.666015e-01
 6.598531e-01 -1.162539e-01 -2.275201e-01
 7.900073e-01 7.647718e-03 8.139434e-02
 9.975820e-01 3.651185e-02 3.005014e-01
 1.354827e+00 3.583470e-02 5.887874e-01
 1.644674e+00 2.032100e-01 8.444962e-01
 1.844291e+00 5.111629e-01 1.055083e+00
 1.922370e+00 9.075516e-01 1.178373e+00
 1.852408e+00 1.335298e+00 1.208711e+00
 1.637101e+00 1.702866e+00 1.146151e+00
 1.319972e+00 1.938797e+00 9.985002e-01
 9.680823e-01 2.025437e+00 7.415673e-01
 7.455489e-01 1.965646e+00 4.985929e-01
 6.395514e-01 1.859055e+00 1.940988e-01
 5.298386e-01 1.882808e+00 -5.795612e-01
 4.655930e-01 1.739460e+00 -9.475912e-01
 3.702435e-01 1.467418e+00 -1.223976e+00
 2.836048e-01 1.105756e+00 -1.366852e+00
 1.568947e-01 6.838511e-01 -1.357249e+00
 4.269732e-02 4.704664e-01 -1.400988e+00
 -1.003848e-01 2.335251e-01 -1.554594e+00
 -3.580100e-01 8.726864e-02 -1.718515e+00
 -7.620367e-01 2.266330e-02 -1.807924e+00
 -1.192470e+00 4.881296e-02 -1.743564e+00
 -1.576687e+00 1.557006e-01 -1.502839e+00
 -1.795335e+00 2.750760e-01 -1.123256e+00
 -1.816776e+00 3.573100e-01 -6.519841e-01
 -1.612986e+00 4.305389e-01 -2.098951e-01
 -1.182487e+00 4.879735e-01 1.282988e-01
 -1.066911e+00 5.261389e-01 2.869338e-01
 -9.936385e-01 5.632442e-01 5.047152e-01
 -9.437412e-01 5.904378e-01 9.396018e-01
 -7.557156e-01 6.572785e-01 1.288898e+00
 -4.564524e-01 7.584176e-01 1.534343e+00
 -9.319010e-02 8.627417e-01 1.638189e+00
 2.792552e-01 9.524979e-01 1.592200e+00
 6.087704e-01 9.999982e-01 1.408579e+00
 8.608561e-01 9.889071e-01 1.119413e+00
 1.023404e+00 1.003211e+00 6.612579e-01
 1.244891e+00 1.067887e+00 4.188572e-01
 1.477236e+00 1.266264e+00 2.283297e-01
 1.617241e+00 1.596061e+00 5.030103e-02
 1.632694e+00 1.981240e+00 -4.575495e-02
 1.498846e+00 2.362009e+00 -8.733857e-02
 1.238761e+00 2.665833e+00 -7.096010e-02
 8.914991e-01 2.845040e+00 -1.458349e-02
 5.103784e-01 2.879939e+00 8.282155e-02
 1.589196e-01 2.771158e+00 2.203032e-01
 -1.123000e-01 2.536752e+00 3.739548e-01
 -2.664718e-01 2.212802e+00 5.183560e-01
 -2.852738e-01 1.846946e+00 6.304714e-01
 -1.800768e-01 1.498080e+00 6.764630e-01
 1.890478e-02 7.289756e-01 6.037547e-01
 8.654146e-02 3.905131e-01 7.435646e-01
 5.738281e-01 -3.400022e-01 1.377686e+00
 7.240884e-01 -6.311076e-01 1.476634e+00
 8.218521e-01 -9.709835e-01 1.477662e+00
 8.498125e-01 -1.311709e+00 1.375949e+00
 8.026435e-01 -1.610178e+00 1.182269e+00
 6.885929e-01 -1.826039e+00 9.185007e-01
 5.411000e-01 -1.930109e+00 6.005017e-01
 2.190965e-01 -1.890224e+00 8.844989e-02
 -2.952125e-02 -2.008137e+00 -1.681513e-01
 -2.402064e-01 -2.145627e+00 -2.794124e-01
 -5.624245e-01 -2.291620e+00 -3.139652e-01
 -8.771170e-01 -2.389214e+00 -2.308312e-01
 -1.159639e+00 -2.403753e+00 -7.998366e-02
 -1.421057e+00 -2.323375e+00 1.246264e-01
 -1.600936e+00 -2.173947e+00 3.672617e-01
 -1.682012e+00 -1.976005e+00 6.232359e-01
 -1.658403e+00 -1.751045e+00 8.654394e-01
 -1.534373e+00 -1.522679e+00 1.068683e+00
 -1.323530e+00 -1.314071e+00 1.212263e+00
 -1.048179e+00 -1.146884e+00 1.280923e+00
 -7.375725e-01 -1.027998e+00 1.259393e+00
 -4.250275e-01 -9.664455e-01 1.139959e+00
 1.790499e-01 -9.742775e-01 6.868756e-01
 2.999715e-01 -9.387040e-01 6.044676e-01
 4.909518e-01 -9.095439e-01 4.994195e-01
 9.316773e-01 -9.921993e-01 2.629493e-01
 1.232111e+00 -9.269334e-01 5.256765e-02
 1.467602e+00 -7.434580e-01 -1.603533e-01
 1.623834e+00 -4.551459e-01 -3.378683e-01
 1.674382e+00 -1.002029e-01 -4.529388e-01
 1.591752e+00 2.625881e-01 -5.078112e-01
