 -5.030930e-01 -2.537233e+00 -6.757965e-01
 -2.821719e-01 -2.590280e+00 -1.022720e+00
 -2.032766e-02 -2.476613e+00 -1.324315e+00
 2.356251e-01 -2.223313e+00 -1.528219e+00
 4.635817e-01 -1.876128e+00 -1.593388e+00
 6.008720e-01 -1.480571e+00 -1.521570e+00
 6.203709e-01 -1.104574e+00 -1.327638e+00
 3.735910e-01 -4.006236e-01 -6.613193e-01
 1.530981e-01 -1.232452e-01 -4.596089e-01
 -8.803386e-02 1.008185e-01 -3.832545e-01
 -2.939455e-01 2.309460e-01 -4.249960e-01
 -5.600100e-01 3.356572e-01 -5.436173e-01
 -9.494008e-01 3.967456e-01 -7.780023e-01
 -1.225435e+00 6.138061e-01 -1.028901e+00
 -1.396852e+00 9.751470e-01 -1.220527e+00
 -1.426842e+00 1.405160e+00 -1.305377e+00
 -1.313801e+00 1.830710e+00 -1.264804e+00
 -1.088096e+00 2.165674e+00 -1.103136e+00
 -7.813715e-01 2.350374e+00 -8.557091e-01
 -4.446381e-01 2.359737e+00 -6.176606e-01
 -1.800358e-01 2.243476e+00 -4.739254e-01
 4.627358e-02 2.092137e+00 -4.527887e-01
 2.812151e-01 2.005992e+00 -4.707001e-01
 7.384324e-01 1.911010e+00 -6.056079e-01
 1.004563e+00 1.775844e+00 -6.492976e-01
 1.223973e+00 1.573574e+00 -6.552765e-01
 1.377154e+00 1.323065e+00 -6.260825e-01
 1.453680e+00 1.046184e+00 -5.624064e-01
 1.447114e+00 7.635529e-01 -4.715815e-01
 1.369727e+00 5.259361e-01 -3.602844e-01
 1.031970e+00 -4.893490e-02 1.435406e-01
 1.055299e+00 -2.771532e-01 4.916158e-01
 1.316098e+00 -4.638299e-01 9.049226e-01
 1.375066e+00 -5.678975e-01 1.307754e+00
 1.284433e+00 -7.117757e-01 1.668406e+00
 1.064531e+00 -8.518165e-01 1.946825e+00
 7.296373e-01 -9.586147e-01 2.115900e+00
 3.217066e-01 -1.031256e+00 2.144324e+00
 -9.988858e-02 -1.033932e+00 2.019365e+00
 -4.199453e-01 -9.792730e-01 1.763932e+00
 -6.105489e-01 -8.778052e-01 1.418989e+00
 -6.909148e-01 -6.086434e-01 5.509831e-01
 -6.644014e-01 -5.738760e-01 1.806638e-01
 -6.828994e-01 -6.821420e-01 -1.856729e-01
 -7.099974e-01 -7.062014e-01 -4.184506e-01
 -6.773174e-01 -6.462914e-01 -7.812576e-01
 -5.574159e-01 -5.369569e-01 -1.086946e+00
 -4.162236e-01 -3.329312e-01 -1.311657e+00
 -2.438287e-01 -8.393151e-02 -1.417702e+00
 -3.728944e-02 2.050335e-01 -1.416117e+00
 1.830606e-01 5.067109e-01 -1.285426e+00
 3.485670e-01 7.311916e-01 -1.054127e+00
 4.248384e-01 8.916744e-01 -7.596325e-01
 4.740028e-01 9.943524e-01 -2.307397e-01
 6.274446e-01 1.112927e+00 2.328034e-02
 7.937093e-01 1.416398e+00 3.342566e-01
 8.353910e-01 1.575709e+00 6.291307e-01
 8.455994e-01 1.627747e+00 9.786609e-01
 8.531773e-01 1.549769e+00 1.336470e+00
 8.569431e-01 1.347130e+00 1.644883e+00
 8.504855e-01 1.052299e+00 1.856500e+00
 7.871999e-01 7.034193e-01 1.957924e+00
 6.738082e-01 3.514710e-01 1.931343e+00
 5.333947e-01 4.660542e-02 1.778365e+00
 3.819296e-01 -2.695388e-01 1.430314e+00
 3.491524e-01 -6.024690e-01 1.202544e+00
 3.821120e-01 -8.114850e-01 1.139767e+00
 5.638298e-01 -1.212551e+00 1.122399e+00
 6.999782e-01 -1.474588e+00 1.007659e+00
 7.734422e-01 -1.742588e+00 7.928053e-01
 7.554590e-01 -1.956575e+00 5.250142e-01
 6.769998e-01 -2.075804e+00 2.319777e-01
 5.642404e-01 -2.088951e+00 -7.352914e-02
 4.069991e-01 -1.994167e+00 -3.688095e-01
 2.566779e-01 -1.837648e+00 -5.640808e-01
 -3.915882e-02 -1.606013e+00 -7.303859e-01
 -2.515961e-01 -1.553745e+00 -9.263557e-01
 -5.406209e-01 -1.599082e+00 -1.109729e+00
 -8.891318e-01 -1.723599e+00 -1.189929e+00
 -1.215877e+00 -1.912354e+00 -1.137606e+00
 -1.490482e+00 -2.111545e+00 -9.486259e-01
 -1.672433e+00 -2.278808e+00 -6.508390e-01
 -1.734447e+00 -2.394883e+00 -2.905292e-01
 -1.674581e+00 -2.438596e+00 7.868843e-02
 -1.513776e+00 -2.392193e+00 4.104421e-01
 -1.271238e+00 -2.264472e+00 6.650412e-01
 -9.723591e-01 -2.086254e+00 8.054889e-01
 -6.583130e-01 -1.884404e+00 8.130168e-01
 -3.743351e-01 -1.681421e+00 6.896699e-01
 -1.794820e-02 -1.342365e+00 2.923799e-01
 1.563705e-01 -1.173293e+00 1.929118e-01
 4.320728e-01 -1.075517e+00 9.778631e-02
 1.051674e+00 -1.100990e+00 -1.211999e-01
 1.491668e+00 -9.759809e-01 -1.301364e-01
 1.847219e+00 -6.974975e-01 -3.334045e-02
 2.052043e+00 -3.046420e-01 1.566160e-01
 2.068990e+00 4.178156e-02 3.961799e-01
 1.918465e+00 3.346574e-01 6.131636e-01
 1.598851e+00 5.636788e-01 7.935232e-01
 1.172701e+00 6.381599e-01 9.434301e-01
 7.718202e-01 6.005981e-01 9.419362e-01
 4.334719e-01 6.805706e-01 9.726972e-01
 -1.003278e-01 8.706210e-01 1.329293e+00
 -5.683422e-01 1.101316e+00 1.369638e+00
 -9.784856e-01 1.337807e+00 1.156925e+00
 -1.236065e+00 1.506684e+00 7.454131e-01
 -1.277749e+00 1.556635e+00 2.214797e-01
 -1.075068e+00 1.493130e+00 -2.708599e-01
 -7.784812e-01 1.384630e+00 -5.127292e-01
 -6.429769e-01 1.360173e+00 -6.311008e-01
 -4.939340e-01 1.342094e+00 -8.695796e-01
 -3.362745e-01 1.464711e+00 -1.158669e+00
 -1.451797e-01 1.730292e+00 -1.388534e+00
 4.915666e-02 2.087805e+00 -1.476990e+00
 2.315495e-01 2.453258e+00 -1.397090e+00
 3.813838e-01 2.758934e+00 -1.164873e+00
 4.832252e-01 2.951114e+00 -8.175106e-01
 5.123314e-01 3.006953e+00 -4.132223e-01
 4.550871e-01 2.923889e+00 -1.636842e-02
 3.210785e-01 2.716198e+00 3.087251e-01
 1.359139e-01 2.415118e+00 5.114577e-01
 -5.157808e-02 2.092812e+00 5.571166e-01
 -2.949430e-01 1.275837e+00 3.862505e-01
 -3.564293e-01 1.072707e+00 3.484721e-01
 -5.463631e-01 8.269784e-01 3.624331e-01
 -7.925841e-01 6.299249e-01 3.941573e-01
 -1.431721e+00 8.205198e-02 2.790966e-01
 -1.585544e+00 -1.550385e-01 2.334644e-01
 -1.666154e+00 -4.272312e-01 1.896954e-01
 -1.666972e+00 -7.729162e-01 1.357930e-01
 -1.570985e+00 -1.102607e+00 7.255576e-02
 -1.396410e+00 -1.376390e+00 -4.286111e-03
 -9.090870e-01 -1.775762e+00 -1.713688e-01
 -7.666131e-01 -2.067847e+00 -2.074949e-01
 -6.822317e-01 -2.311456e+00 -3.534389e-01
