 -1.687635e+00 4.980405e-01 8.423311e-01
 -1.650474e+00 9.196976e-01 6.237461e-01
 -1.440622e+00 1.210875e+00 4.178342e-01
 -1.064792e+00 1.433777e+00 2.994174e-01
 -7.858569e-01 1.528163e+00 3.463911e-01
 -5.241431e-01 1.682259e+00 4.828139e-01
 -3.008810e-01 2.017825e+00 5.607274e-01
 -1.058768e-01 2.455684e+00 4.256598e-01
 -4.520457e-03 2.797207e+00 1.030741e-01
 1.955834e-02 2.967716e+00 -3.521082e-01
 -4.710685e-02 2.924164e+00 -8.363334e-01
 -1.678109e-01 2.665977e+00 -1.240705e+00
 -3.152277e-01 2.252020e+00 -1.468860e+00
 -4.431114e-01 1.776557e+00 -1.469030e+00
 -5.243300e-01 1.353409e+00 -1.245628e+00
 -5.057100e-01 1.062337e+00 -8.591702e-01
 -3.896713e-01 9.733654e-01 -4.646403e-01
 -1.224934e-01 9.728391e-01 -1.587128e-01
 4.349502e-01 1.181305e+00 2.702414e-01
 6.995124e-01 1.171851e+00 4.704731e-01
 9.460229e-01 1.062198e+00 6.528309e-01
 1.146281e+00 8.623462e-01 8.184941e-01
 1.272799e+00 5.916981e-01 9.570474e-01
 1.302712e+00 2.901283e-01 1.044528e+00
 1.259712e+00 -2.987106e-02 1.051247e+00
 1.198945e+00 -2.570789e-01 9.799334e-01
 1.188804e+00 -4.801062e-01 8.251078e-01
 1.363813e+00 -1.129087e+00 6.217957e-01
 1.302411e+00 -1.539345e+00 3.276061e-01
 1.074113e+00 -1.782360e+00 -5.793846e-02
 8.472986e-01 -1.768699e+00 -3.678380e-01
 7.822644e-01 -1.699447e+00 -6.274963e-01
 7.183259e-01 -1.731869e+00 -9.671332e-01
 4.115431e-01 -1.834880e+00 -1.312430e+00
 -5.394174e-02 -1.819554e+00 -1.501290e+00
 -5.461866e-01 -1.638988e+00 -1.495408e+00
 -8.972169e-01 -1.347171e+00 -1.306559e+00
 -1.029868e+00 -9.982323e-01 -1.041557e+00
 -9.742711e-01 -7.071901e-01 -9.088033e-01
 -9.514584e-01 -4.598005e-01 -8.811275e-01
 -1.048164e+00 -1.169598e-01 -7.662350e-01
 -1.106608e+00 1.737194e-01 -4.501565e-01
 -1.036859e+00 3.401516e-01 -2.656353e-02
 -8.014005e-01 4.120353e-01 3.235069e-01
 -6.500746e-01 5.489622e-01 6.277551e-01
 -6.957217e-01 7.482032e-01 1.010842e+00
 -8.658072e-01 1.116138e+00 1.292103e+00
 -1.086805e+00 1.538065e+00 1.347735e+00
 -1.256668e+00 1.973356e+00 1.167178e+00
 -1.293861e+00 2.318215e+00 7.988067e-01
 -1.205862e+00 2.474958e+00 3.240145e-01
 -9.898079e-01 2.419689e+00 -1.360417e-01
 -6.813306e-01 2.200696e+00 -4.214980e-01
 -3.958798e-01 2.015570e+00 -4.666661e-01
 -1.529499e-01 1.958806e+00 -4.799059e-01
 1.139768e-01 1.880488e+00 -6.006862e-01
 3.826499e-01 1.619297e+00 -7.998375e-01
 5.251380e-01 1.173723e+00 -9.518140e-01
 4.892755e-01 6.861359e-01 -9.610740e-01
 2.951665e-01 2.824023e-01 -8.301753e-01
 -2.754595e-01 -3.436745e-01 -1.295004e-01
 -4.795864e-01 -5.424131e-01 2.738493e-02
 -8.792977e-01 -6.766035e-01 1.192117e-01
 -1.322400e+00 -7.003497e-01 6.076449e-02
 -1.704938e+00 -6.789587e-01 -1.901099e-01
 -1.936833e+00 -6.136451e-01 -5.670003e-01
 -1.981119e+00 -5.240492e-01 -1.006798e+00
 -1.828833e+00 -4.461640e-01 -1.425592e+00
 -1.513163e+00 -4.028492e-01 -1.740391e+00
 -1.099621e+00 -4.176374e-01 -1.896978e+00
 -6.655911e-01 -4.784642e-01 -1.868944e+00
 -2.852386e-01 -5.853589e-01 -1.664237e+00
 -3.571512e-02 -7.495885e-01 -1.319637e+00
 1.775097e-02 -9.332977e-01 -9.573884e-01
 -6.886759e-02 -1.130425e+00 -7.151959e-01
 -1.900651e-01 -1.407314e+00 -5.388338e-01
 -2.290205e-01 -1.833824e+00 -4.763682e-01
 -5.373354e-02 -2.288761e+00 -4.950993e-01
 2.898566e-01 -2.612114e+00 -5.921339e-01
 7.351469e-01 -2.739284e+00 -7.025555e-01
 1.197552e+00 -2.642343e+00 -7.952972e-01
 1.575628e+00 -2.331382e+00 -8.527167e-01
 1.780934e+00 -1.874333e+00 -8.330169e-01
 1.759473e+00 -1.379056e+00 -7.289856e-01
 1.510564e+00 -9.702535e-01 -5.574367e-01
 1.111416e+00 -7.587334e-01 -3.574878e-01
 6.709465e-01 -7.895299e-01 -9.480102e-02
 4.343488e-01 -9.935230e-01 1.570247e-01
 1.051611e-01 -1.504283e+00 5.367417e-01
 -1.508125e-01 -1.658335e+00 1.022213e+00
 -3.481103e-01 -1.507132e+00 1.535145e+00
 -4.338260e-01 -1.099366e+00 1.914768e+00
 -3.422662e-01 -5.728533e-01 2.074853e+00
 -1.460082e-01 -7.735337e-02 1.960325e+00
 5.711814e-02 2.688683e-01 1.607453e+00
 2.379483e-01 3.716942e-01 1.130622e+00
 4.052611e-01 1.779556e-01 4.754816e-01
 7.741952e-01 1.755442e-01 1.513323e-01
 1.162239e+00 1.678997e-01 3.144077e-02
 1.576334e+00 9.337751e-02 7.099055e-02
 1.928463e+00 -3.473767e-02 2.719051e-01
 2.155354e+00 -2.136347e-01 5.899329e-01
 2.213799e+00 -4.215117e-01 9.626017e-01
 2.093985e+00 -6.176322e-01 1.323967e+00
 1.820950e+00 -7.828324e-01 1.599183e+00
 1.439967e+00 -9.023084e-01 1.740661e+00
 1.010315e+00 -9.444322e-01 1.727668e+00
 6.126894e-01 -8.925745e-01 1.564840e+00
 1.833390e-01 -6.728821e-01 1.168824e+00
 -1.619463e-01 -5.940877e-01 1.032006e+00
 -1.180434e+00 -2.077869e-01 1.090264e+00
 -1.522117e+00 1.009236e-01 9.990830e-01
