 -7.668484e-01 -4.673290e-01 -1.126288e+00
 -4.613611e-01 -3.606257e-01 -1.098777e+00
 -2.601059e-02 -3.847765e-01 -1.153058e+00
 2.105308e-01 -3.594401e-01 -1.148723e+00
 4.041931e-01 -3.053699e-01 -1.122088e+00
 5.712157e-01 -2.151553e-01 -1.078942e+00
 7.183763e-01 -6.966654e-02 -1.029354e+00
 8.471153e-01 1.215300e-01 -1.023811e+00
 9.997994e-01 3.203975e-01 -1.089857e+00
 1.290605e+00 7.232900e-01 -1.366049e+00
 1.574968e+00 1.041925e+00 -1.406876e+00
 1.866265e+00 1.324566e+00 -1.271923e+00
 2.113189e+00 1.522118e+00 -9.869192e-01
 2.273730e+00 1.601828e+00 -6.030480e-01
 2.321630e+00 1.551778e+00 -1.868538e-01
 2.250003e+00 1.382091e+00 1.906085e-01
 2.056536e+00 1.126074e+00 4.766704e-01
 1.777602e+00 8.294354e-01 6.046882e-01
 1.532177e+00 5.382293e-01 5.603492e-01
 1.342100e+00 3.531059e-01 4.307271e-01
 1.263626e+00 2.426765e-01 3.147851e-01
 1.233054e+00 3.425363e-02 1.155878e-01
 1.326510e+00 -2.201903e-01 -1.725770e-01
 1.542718e+00 -4.328299e-01 -5.242019e-01
 1.639922e+00 -5.115598e-01 -8.958963e-01
 1.611406e+00 -5.053066e-01 -1.292994e+00
 1.457637e+00 -4.159686e-01 -1.650342e+00
 1.199985e+00 -2.594857e-01 -1.912491e+00
 8.770615e-01 -4.815481e-02 -2.041322e+00
 5.737338e-01 1.875667e-01 -2.015500e+00
 2.960328e-01 4.193018e-01 -1.835428e+00
 8.033569e-02 5.817736e-01 -1.519070e+00
 -2.826974e-02 6.411470e-01 -1.126236e+00
 -2.141065e-02 5.827601e-01 -7.664812e-01
 -1.151335e-02 3.378540e-01 -4.405533e-01
 1.100272e-01 4.331873e-02 -2.053718e-01
 4.845545e-01 -7.609778e-01 3.118180e-02
 5.142009e-01 -1.130367e+00 7.941067e-02
 4.117806e-01 -1.488005e+00 9.506826e-02
 1.926102e-01 -1.787490e+00 7.972108e-02
 -1.326116e-01 -2.005885e+00 3.049324e-02
 -4.743862e-01 -2.079463e+00 -3.801125e-02
 -8.094551e-01 -2.020888e+00 -1.183292e-01
 -1.136469e+00 -1.819835e+00 -2.072752e-01
 -1.350105e+00 -1.548025e+00 -2.733530e-01
 -1.458561e+00 -1.219554e+00 -3.277073e-01
 -1.450717e+00 -7.211499e-01 -3.666285e-01
 -1.546390e+00 -4.394722e-01 -4.085137e-01
 -1.906212e+00 7.092370e-03 -5.529058e-01
 -2.025448e+00 3.620850e-01 -6.324676e-01
 -2.011520e+00 7.224795e-01 -6.804198e-01
 -1.875065e+00 1.053982e+00 -6.846411e-01
 -1.630100e+00 1.318142e+00 -6.504725e-01
 -1.303817e+00 1.485320e+00 -5.683668e-01
 -9.435445e-01 1.528981e+00 -4.319217e-01
 1.527329e-02 1.259898e+00 1.444274e-03
 1.361505e-01 1.200282e+00 5.874800e-02
 3.003530e-01 1.062354e+00 1.909547e-01
 4.021617e-01 9.935010e-01 3.199746e-01
 5.406129e-01 9.674511e-01 5.647726e-01
 7.933598e-01 1.049468e+00 1.027765e+00
 9.956544e-01 9.365343e-01 1.338206e+00
 1.106177e+00 6.837748e-01 1.655597e+00
 1.070767e+00 3.552635e-01 1.920129e+00
 8.923358e-01 -3.154668e-03 2.084042e+00
 6.784377e-01 -2.918310e-01 2.093706e+00
 3.736686e-01 -5.495952e-01 1.966689e+00
 3.425211e-02 -6.532307e-01 1.764121e+00
 -2.570378e-01 -5.999557e-01 1.558445e+00
 -5.210781e-01 -4.199069e-01 1.439705e+00
 -8.900795e-01 -1.246831e-01 1.482124e+00
 -1.107162e+00 1.766777e-01 1.413332e+00
 -1.327638e+00 4.164490e-01 1.206137e+00
 -1.459961e+00 5.655111e-01 9.155077e-01
 -1.468327e+00 6.596813e-01 5.375499e-01
 -1.345523e+00 6.649634e-01 1.378139e-01
 -1.076858e+00 5.302540e-01 -2.692263e-01
 -1.019147e+00 5.074381e-01 -4.659503e-01
 -1.019059e+00 5.029958e-01 -1.270352e+00
 -9.373292e-01 4.345517e-01 -1.569537e+00
 -8.157615e-01 2.618400e-01 -1.842777e+00
 -6.679003e-01 1.152569e-02 -2.032183e+00
 -5.282760e-01 -2.903122e-01 -2.116329e+00
 -4.283223e-01 -6.188543e-01 -2.093701e+00
 -3.716397e-01 -9.289850e-01 -1.963727e+00
 -3.457064e-01 -1.178011e+00 -1.735129e+00
 -3.288270e-01 -1.338435e+00 -1.427171e+00
 -3.164400e-01 -1.384865e+00 -1.076115e+00
 -3.346475e-01 -1.312123e+00 -7.307775e-01
 -4.275069e-01 -1.093124e+00 -3.520576e-01
 -4.823334e-01 -1.041972e+00 -1.125137e-01
 -5.262057e-01 -1.062845e+00 1.170585e-01
 -5.895847e-01 -1.157720e+00 3.891910e-01
 -9.644621e-01 -1.319924e+00 1.277650e+00
 -1.042755e+00 -1.280989e+00 1.597896e+00
 -1.056773e+00 -1.155535e+00 1.906869e+00
 -1.001299e+00 -9.572453e-01 2.172316e+00
 -8.788580e-01 -7.091048e-01 2.364702e+00
 -6.990860e-01 -4.143808e-01 2.465239e+00
 -5.069082e-01 -1.244111e-01 2.446162e+00
 -3.242205e-01 1.373446e-01 2.307680e+00
 -1.722583e-01 3.158866e-01 2.087182e+00
 -2.096921e-02 3.987252e-01 1.802817e+00
 1.433722e-01 3.516850e-01 1.475041e+00
 2.909528e-01 1.957462e-01 1.250577e+00
 5.774642e-01 -3.184499e-02 1.090216e+00
 1.008617e+00 -3.589442e-01 1.088363e+00
 1.320059e+00 -4.678821e-01 1.039352e+00
 1.640834e+00 -4.949271e-01 9.083991e-01
 1.923846e+00 -4.319198e-01 7.113371e-01
 2.152718e+00 -2.721673e-01 4.568580e-01
 2.265537e+00 -6.789336e-02 2.084394e-01
 2.264230e+00 1.622415e-01 -3.429869e-02
 2.174859e+00 3.487535e-01 -2.145566e-01
 1.986076e+00 5.445170e-01 -3.676424e-01
 1.734290e+00 7.357341e-01 -4.311728e-01
 1.437486e+00 1.010430e+00 -3.632179e-01
 1.062745e+00 1.736313e+00 8.807874e-02
 8.220826e-01 1.930458e+00 3.366409e-01
 4.954232e-01 1.995279e+00 5.901812e-01
 1.832882e-01 1.910267e+00 7.843634e-01
 -8.815442e-02 1.691258e+00 9.238463e-01
 -3.139854e-01 1.364142e+00 9.638026e-01
 -4.541928e-01 9.915315e-01 8.796538e-01
 -4.685479e-01 4.398196e-01 6.371220e-01
 -5.783762e-01 7.335525e-02 5.223648e-01
 -7.294821e-01 -1.035620e-01 4.683194e-01
 -1.043771e+00 -2.642307e-01 4.805452e-01
 -1.403356e+00 -4.369916e-01 6.129247e-01
 -1.755040e+00 -5.461645e-01 5.985468e-01
 -2.092341e+00 -6.715791e-01 4.360033e-01
 -2.340522e+00 -7.851074e-01 1.493694e-01
 -2.465567e+00 -8.828247e-01 -2.383946e-01
 -2.436057e+00 -9.374304e-01 -6.182700e-01
 -2.267286e+00 -9.376970e-01 -9.639349e-01
 -1.952766e+00 -8.767383e-01 -1.252662e+00
 -1.578505e+00 -7.695548e-01 -1.387800e+00
 -1.190610e+00 -6.333785e-01 -1.359624e+00
