 -9.314342e-01 -2.026899e+00 -3.645241e-01
 -1.015446e+00 -1.657879e+00 -4.246275e-01
 -9.841678e-01 -1.290982e+00 -4.094507e-01
 -8.370395e-01 -9.592271e-01 -3.217535e-01
 -6.260012e-01 -7.345123e-01 -1.729920e-01
 -4.082775e-01 -6.163185e-01 -2.078160e-02
 -2.578335e-01 -5.763852e-01 1.653761e-01
 -1.104027e-01 -6.024122e-01 5.219849e-01
 8.176928e-02 -8.296745e-01 1.025498e+00
 1.411359e-01 -8.451766e-01 1.446692e+00
 1.498580e-01 -6.858540e-01 1.851647e+00
 1.052602e-01 -3.775218e-01 2.158633e+00
 1.072950e-02 3.380457e-02 2.313726e+00
 -1.267946e-01 4.239136e-01 2.289922e+00
 -2.689493e-01 7.602548e-01 2.101173e+00
 -3.691563e-01 1.015645e+00 1.757668e+00
 -4.201061e-01 1.110555e+00 1.344769e+00
 -4.241772e-01 1.036014e+00 9.316288e-01
 -3.116130e-01 7.317603e-01 4.286082e-01
 -1.774227e-01 6.656570e-01 1.137539e-01
 -3.923738e-02 7.731353e-01 -1.683173e-01
 1.841640e-01 1.042135e+00 -4.644175e-01
 5.708703e-01 1.593867e+00 -7.120534e-01
 8.270748e-01 1.784816e+00 -7.861216e-01
 1.132687e+00 1.886858e+00 -8.307090e-01
 1.450989e+00 1.892635e+00 -8.421991e-01
 1.750255e+00 1.807471e+00 -8.215383e-01
 2.026377e+00 1.629457e+00 -7.705565e-01
 2.205070e+00 1.425072e+00 -7.092309e-01
 2.318356e+00 1.190295e+00 -6.176855e-01
 2.357226e+00 9.387396e-01 -5.085613e-01
 2.311901e+00 6.876819e-01 -3.966660e-01
 2.172841e+00 4.282035e-01 -2.920039e-01
 1.985014e+00 2.338400e-01 -2.585685e-01
 1.719649e+00 1.595273e-03 -3.418993e-01
 1.493215e+00 -4.265812e-01 -6.396527e-01
 1.353336e+00 -5.668445e-01 -7.534944e-01
 1.143466e+00 -7.082801e-01 -8.383454e-01
 8.833268e-01 -8.208186e-01 -8.724241e-01
 6.426049e-01 -8.512214e-01 -8.608334e-01
 4.625067e-01 -8.253934e-01 -8.457248e-01
 1.747441e-01 -7.238946e-01 -8.620744e-01
 -8.285060e-02 -5.690612e-01 -9.975622e-01
 -7.043491e-01 -8.268615e-02 -1.268207e+00
 -1.088494e+00 2.025569e-01 -1.374938e+00
 -1.393851e+00 3.935813e-01 -1.330447e+00
 -1.677633e+00 5.390922e-01 -1.169439e+00
 -1.912506e+00 6.171077e-01 -9.137970e-01
 -2.066669e+00 6.307615e-01 -5.876555e-01
 -2.110836e+00 5.650310e-01 -2.283762e-01
 -2.076682e+00 4.132643e-01 5.695912e-02
 -2.062362e+00 2.296392e-01 2.043658e-01
 -2.108885e+00 4.771429e-02 3.660279e-01
 -2.133250e+00 -1.104178e-01 7.130144e-01
 -1.998816e+00 -1.751083e-01 1.140122e+00
 -1.708869e+00 -1.631595e-01 1.465619e+00
 -1.307071e+00 -1.351399e-01 1.629597e+00
 -8.347950e-01 -7.375999e-02 1.606625e+00
 -3.030862e-01 8.278778e-02 1.322599e+00
 -4.568822e-02 1.544164e-01 1.291673e+00
 2.172098e-01 2.721120e-01 1.332731e+00
 7.110659e-01 6.311089e-01 1.540538e+00
 1.062588e+00 9.066460e-01 1.494137e+00
 1.372972e+00 1.125794e+00 1.272869e+00
 1.587578e+00 1.252075e+00 9.217575e-01
 1.657132e+00 1.286133e+00 4.954178e-01
 1.567567e+00 1.247099e+00 1.135491e-01
 1.327953e+00 1.005375e+00 -3.362453e-01
 1.319212e+00 9.080998e-01 -6.163368e-01
 1.411744e+00 8.233302e-01 -8.972797e-01
 1.644464e+00 6.033907e-01 -1.173947e+00
 1.939957e+00 3.422311e-01 -1.293363e+00
 2.244258e+00 5.792606e-02 -1.241797e+00
 2.461365e+00 -2.182902e-01 -1.048712e+00
 2.564248e+00 -4.657536e-01 -7.435817e-01
 2.557176e+00 -6.176821e-01 -3.658156e-01
 2.442640e+00 -6.501044e-01 1.981104e-02
 2.239546e+00 -5.627658e-01 3.528333e-01
 1.979362e+00 -3.737050e-01 5.837844e-01
 1.706712e+00 -1.208943e-01 6.784402e-01
 8.308773e-01 6.511293e-01 5.210908e-01
 7.420826e-01 7.944168e-01 5.256428e-01
 6.392440e-01 1.108371e+00 5.374576e-01
 4.311963e-01 1.469724e+00 4.467153e-01
 1.670078e-01 1.676199e+00 3.456165e-01
 -1.195705e-01 1.749212e+00 2.150541e-01
 -4.263894e-01 1.700055e+00 7.614848e-02
 -7.621127e-01 1.492922e+00 -8.901749e-02
 -9.641129e-01 1.236112e+00 -2.033688e-01
 -1.080964e+00 9.111118e-01 -2.792556e-01
 -1.098039e+00 4.560773e-01 -3.190182e-01
 -1.141775e+00 2.681431e-01 -3.455211e-01
 -1.257555e+00 1.096098e-02 -3.866339e-01
 -1.513261e+00 -2.479718e-01 -5.185581e-01
 -1.934227e+00 -3.946555e-01 -5.992088e-01
 -2.384529e+00 -3.755893e-01 -5.578387e-01
 -2.770372e+00 -2.149632e-01 -3.918899e-01
 -3.018163e+00 3.371733e-02 -1.233967e-01
 -3.089675e+00 3.105625e-01 1.986307e-01
 -2.983281e+00 5.694087e-01 5.145006e-01
 -2.724211e+00 7.672183e-01 7.757845e-01
 -2.357105e+00 8.763559e-01 9.402067e-01
 -1.947512e+00 8.691345e-01 9.917540e-01
 -1.577251e+00 7.497881e-01 9.322662e-01
 -1.297729e+00 5.173365e-01 8.134388e-01
 -1.143572e+00 2.042514e-01 6.591946e-01
 -1.112144e+00 -1.186497e-01 6.014451e-01
 -1.129083e+00 -6.672234e-01 7.126776e-01
 -1.025082e+00 -1.016248e+00 7.215344e-01
 -8.345664e-01 -1.318725e+00 6.419763e-01
 -5.935330e-01 -1.510373e+00 5.095900e-01
 -3.235486e-01 -1.587813e+00 3.315388e-01
 -1.232947e-01 -1.577341e+00 9.791279e-02
 -1.101390e-02 -1.568946e+00 -2.346006e-01
 2.993068e-02 -1.736532e+00 -7.163364e-01
 4.899730e-02 -1.735685e+00 -1.046046e+00
 1.079028e-01 -1.622456e+00 -1.375509e+00
 2.026484e-01 -1.399362e+00 -1.650337e+00
 3.249949e-01 -1.082618e+00 -1.826798e+00
 4.599261e-01 -7.080445e-01 -1.864127e+00
 5.895345e-01 -3.203688e-01 -1.733682e+00
 6.494467e-01 -1.046459e-02 -1.455947e+00
 6.551151e-01 1.708245e-01 -1.049920e+00
 6.476694e-01 1.666138e-01 -6.791281e-01
 6.404055e-01 4.399165e-02 -3.315126e-01
 6.515561e-01 -1.743091e-01 -1.048567e-01
 7.923694e-01 -4.874495e-01 9.947517e-02
 9.056825e-01 -1.633711e+00 2.273455e-01
 8.139752e-01 -2.006234e+00 2.026013e-01
 5.971740e-01 -2.316790e+00 1.372047e-01
 2.886058e-01 -2.520331e+00 4.341429e-02
 -6.765339e-02 -2.591169e+00 -6.322346e-02
 -4.219314e-01 -2.522508e+00 -1.657697e-01
 -7.275097e-01 -2.323382e+00 -2.675592e-01
