 3.356368e-01 4.280173e-01 -2.676138e+00
 -4.428447e-02 5.256303e-01 -2.640751e+00
 -3.979235e-01 5.849198e-01 -2.457063e+00
 -6.680115e-01 5.770793e-01 -2.155696e+00
 -8.060768e-01 5.090751e-01 -1.788799e+00
 -8.069201e-01 3.500243e-01 -1.394057e+00
 -6.337772e-01 1.699716e-01 -1.070787e+00
 -4.478808e-01 -1.724421e-02 -9.239554e-01
 -2.998655e-01 -3.913256e-01 -8.875648e-01
 -2.214574e-01 -8.506579e-01 -9.553743e-01
 -1.891991e-01 -1.200257e+00 -8.880395e-01
 -1.472301e-01 -1.499614e+00 -7.112022e-01
 -9.546632e-02 -1.721314e+00 -4.383138e-01
 -4.344015e-02 -1.823239e+00 -1.382731e-01
 1.570635e-02 -1.811665e+00 1.793848e-01
 8.554229e-02 -1.672218e+00 5.285049e-01
 2.073053e-01 -1.318669e+00 9.203354e-01
 2.594441e-01 -1.248048e+00 1.150612e+00
 3.334274e-01 -1.237426e+00 1.388880e+00
 5.168137e-01 -1.278718e+00 1.653018e+00
 7.498260e-01 -1.374835e+00 1.841927e+00
 1.039790e+00 -1.497418e+00 1.945173e+00
 1.326237e+00 -1.620817e+00 1.943804e+00
 1.599112e+00 -1.720814e+00 1.851411e+00
 1.845435e+00 -1.775174e+00 1.681561e+00
 2.039364e+00 -1.794533e+00 1.440986e+00
 2.155747e+00 -1.785554e+00 1.154473e+00
 2.184142e+00 -1.749524e+00 8.503232e-01
 2.124125e+00 -1.688627e+00 5.572390e-01
 1.983459e+00 -1.607200e+00 3.013679e-01
 1.776611e+00 -1.511196e+00 1.045935e-01
 1.523726e+00 -1.407839e+00 -1.665920e-02
 6.309821e-01 -1.046701e+00 -1.352132e-01
 3.534050e-01 -8.816783e-01 -7.862979e-02
 6.145902e-02 -7.811631e-01 1.975671e-02
 -1.219945e-01 -7.885382e-01 5.946433e-02
 -4.133401e-01 -8.933500e-01 5.885400e-02
 -8.291901e-01 -1.140346e+00 1.231299e-01
 -1.191869e+00 -1.209015e+00 1.389573e-01
 -1.551309e+00 -1.148522e+00 1.318464e-01
 -1.889449e+00 -9.626328e-01 7.658602e-02
 -2.111637e+00 -6.967772e-01 -5.993323e-03
 -2.215925e+00 -3.652633e-01 -9.018850e-02
 -2.194851e+00 -1.093390e-02 -1.490329e-01
 -2.042719e+00 3.418807e-01 -1.737580e-01
 -1.799571e+00 5.999784e-01 -1.786775e-01
 -1.487304e+00 7.586789e-01 -1.622677e-01
 -7.252546e-01 8.645643e-01 -3.803387e-02
 -3.817029e-01 1.015519e+00 1.504250e-01
 -1.953519e-01 1.238010e+00 3.820567e-01
 -1.013131e-01 1.551990e+00 5.480839e-01
 -9.102133e-02 1.911758e+00 6.143932e-01
 -1.488394e-01 2.276313e+00 5.638697e-01
 -2.534564e-01 2.593673e+00 3.935234e-01
 -3.789728e-01 2.817968e+00 1.248830e-01
 -5.103597e-01 2.920963e+00 -2.030834e-01
 -6.287224e-01 2.892503e+00 -5.474912e-01
 -7.209278e-01 2.738740e+00 -8.635312e-01
 -7.743404e-01 2.481717e+00 -1.112500e+00
 -7.759958e-01 2.159308e+00 -1.266306e+00
 -7.216220e-01 1.813324e+00 -1.312416e+00
 -6.178864e-01 1.497845e+00 -1.250883e+00
 -4.535230e-01 1.245046e+00 -1.112250e+00
 -2.024540e-01 1.055771e+00 -8.835933e-01
 1.272356e-01 1.008887e+00 -7.136661e-01
 5.594556e-01 1.048207e+00 -6.304590e-01
 8.076024e-01 1.007565e+00 -5.595667e-01
 1.032495e+00 9.106031e-01 -4.547993e-01
 1.238996e+00 7.388622e-01 -3.303602e-01
 1.366136e+00 5.244023e-01 -1.972721e-01
 1.413123e+00 2.628255e-01 -4.206391e-02
 1.364117e+00 1.483327e-02 1.084556e-01
 1.211257e+00 -2.222569e-01 3.038408e-01
 9.980749e-01 -3.510970e-01 5.019053e-01
 7.433062e-01 -3.953719e-01 7.324416e-01
 5.230996e-01 -2.752897e-01 1.145104e+00
 3.278307e-01 -2.027537e-01 1.503583e+00
 7.390863e-02 -1.438562e-01 1.732011e+00
 -2.491149e-01 -8.863521e-02 1.865063e+00
 -5.969354e-01 -5.990250e-02 1.885803e+00
 -9.386838e-01 -6.465926e-02 1.790982e+00
 -1.226538e+00 -9.661770e-02 1.584368e+00
 -1.409287e+00 -1.315838e-01 1.305681e+00
 -1.486208e+00 -1.468338e-01 9.459714e-01
 -1.435363e+00 -1.452734e-01 5.700479e-01
 -1.221894e+00 -1.824040e-01 1.532026e-01
 -1.192221e+00 -2.127408e-01 -8.429935e-02
 -1.229616e+00 -2.945318e-01 -3.335425e-01
 -1.331585e+00 -4.876355e-01 -6.823700e-01
 -1.292424e+00 -6.131139e-01 -1.081011e+00
 -1.106240e+00 -6.454680e-01 -1.483028e+00
 -8.685784e-01 -6.095837e-01 -1.734012e+00
 -5.798133e-01 -5.194697e-01 -1.877546e+00
 -2.774317e-01 -3.743069e-01 -1.909433e+00
 -9.267130e-03 -1.493656e-01 -1.847709e+00
 1.421703e-01 8.688347e-02 -1.733321e+00
 1.952266e-01 3.594528e-01 -1.646339e+00
 3.970582e-01 9.668110e-01 -1.713933e+00
 4.411786e-01 1.308162e+00 -1.650223e+00
 4.185330e-01 1.648293e+00 -1.474075e+00
 3.421702e-01 1.882676e+00 -1.220916e+00
 2.026285e-01 2.014223e+00 -9.043719e-01
 -1.208053e-02 2.030778e+00 -6.001027e-01
 -2.257335e-01 1.963391e+00 -4.141839e-01
 -4.241219e-01 1.910800e+00 -3.464664e-01
 -6.672956e-01 1.908619e+00 -2.562738e-01
 -9.349773e-01 1.885100e+00 2.346678e-02
 -1.098220e+00 1.744395e+00 3.743778e-01
 -1.150129e+00 1.469063e+00 6.972392e-01
 -1.078169e+00 1.110056e+00 9.164391e-01
 -8.778278e-01 7.444179e-01 1.009942e+00
 -5.756499e-01 3.371722e-01 9.219659e-01
 -4.651549e-01 -5.810033e-03 8.713109e-01
 -4.689123e-01 -2.535157e-01 8.755318e-01
 -5.330492e-01 -5.414305e-01 9.883623e-01
 -7.486153e-01 -1.048473e+00 1.201667e+00
 -7.282862e-01 -1.459188e+00 1.339072e+00
 -5.342209e-01 -1.836907e+00 1.427040e+00
 -1.807999e-01 -2.125558e+00 1.461775e+00
 2.229773e-01 -2.255965e+00 1.403718e+00
 6.235036e-01 -2.224900e+00 1.259332e+00
 9.464464e-01 -2.029122e+00 1.075084e+00
 1.148762e+00 -1.702265e+00 9.289090e-01
 1.262423e+00 -1.314030e+00 9.596499e-01
 1.530314e+00 -8.787032e-01 1.198691e+00
 1.595118e+00 -5.588142e-01 1.306094e+00
 1.578485e+00 -2.052725e-01 1.329115e+00
 1.482231e+00 1.274090e-01 1.260229e+00
 1.294792e+00 4.169757e-01 1.110223e+00
 1.052822e+00 5.891843e-01 9.148312e-01
 7.783108e-01 6.375356e-01 6.763731e-01
 5.460243e-01 5.665657e-01 4.054051e-01
 3.922359e-01 3.815996e-01 1.277274e-01
 3.799447e-01 1.597800e-01 -1.538688e-01
 5.539786e-01 3.141838e-03 -5.472483e-01
 1.060861e+00 -1.696179e-02 -1.259669e+00
 1.167188e+00 3.820971e-02 -1.615885e+00
 1.137420e+00 1.238258e-01 -1.986447e+00
 9.709278e-01 2.233481e-01 -2.318353e+00
 6.892142e-01 3.241909e-01 -2.562120e+00
