 -3.798043e-01 1.315767e+00 -1.550584e+00
 2.358197e-01 1.395370e+00 -1.010781e+00
 4.787301e-01 1.045124e+00 -5.558526e-02
 8.552652e-01 1.024677e+00 3.021471e-01
 1.259264e+00 1.211349e+00 5.226304e-01
 1.583207e+00 1.591135e+00 6.066342e-01
 1.725867e+00 2.069441e+00 5.514558e-01
 1.662538e+00 2.526970e+00 3.728795e-01
 1.409938e+00 2.864669e+00 1.273796e-01
 1.030417e+00 3.014566e+00 -1.221251e-01
 6.026401e-01 2.958096e+00 -3.085343e-01
 2.210803e-01 2.715762e+00 -4.014805e-01
 -7.199786e-02 2.339707e+00 -3.537030e-01
 -1.834042e-01 2.000671e+00 -1.828176e-01
 -2.253555e-01 1.802268e+00 7.819515e-02
 -2.823042e-01 1.707509e+00 2.817610e-01
 -4.476961e-01 1.601907e+00 8.116109e-01
 -5.764988e-01 1.429095e+00 1.094604e+00
 -6.976447e-01 1.174273e+00 1.291351e+00
 -7.900750e-01 8.601762e-01 1.391351e+00
 -8.314239e-01 5.376498e-01 1.378069e+00
 -7.818732e-01 2.444946e-01 1.286145e+00
 -6.487320e-01 2.469008e-02 1.252380e+00
 -5.590938e-01 -2.479989e-01 1.291226e+00
 -5.189540e-01 -1.011424e+00 1.450635e+00
 -4.213795e-01 -1.546612e+00 1.277656e+00
 -3.018432e-01 -1.916017e+00 8.589992e-01
 -2.291780e-01 -2.025365e+00 3.059783e-01
 -2.203092e-01 -1.804014e+00 -3.532149e-01
 -1.043032e-01 -1.695601e+00 -6.886543e-01
 -3.287653e-02 -1.695294e+00 -1.030357e+00
 1.259915e-01 -1.885750e+00 -1.401426e+00
 4.150060e-01 -2.207329e+00 -1.634596e+00
 7.803102e-01 -2.542096e+00 -1.642841e+00
 1.129694e+00 -2.812247e+00 -1.426262e+00
 1.401865e+00 -2.939938e+00 -1.041061e+00
 1.537640e+00 -2.896319e+00 -5.728744e-01
 1.504321e+00 -2.690048e+00 -1.251568e-01
 1.323156e+00 -2.350421e+00 1.932187e-01
 1.037135e+00 -1.961381e+00 3.001524e-01
 7.664398e-01 -1.618113e+00 1.781309e-01
 6.488643e-01 -1.386026e+00 -5.480216e-02
 6.421707e-01 -1.154927e+00 -2.830307e-01
 6.411434e-01 -8.754792e-01 -8.345777e-01
 5.210014e-01 -6.135922e-01 -1.126221e+00
 3.347291e-01 -2.890357e-01 -1.280113e+00
 1.023585e-01 5.854035e-02 -1.268408e+00
 -1.607923e-01 3.431922e-01 -1.097340e+00
 -3.392305e-01 4.877894e-01 -8.544968e-01
 -4.301639e-01 6.030644e-01 -7.137890e-01
 -5.471030e-01 7.678127e-01 -6.176787e-01
 -8.473541e-01 1.187465e+00 -5.423651e-01
 -1.183974e+00 1.665349e+00 -2.859800e-01
 -1.221245e+00 2.077257e+00 2.031494e-03
 -1.017992e+00 2.437281e+00 2.892769e-01
 -6.271036e-01 2.659717e+00 5.031643e-01
 -1.528718e-01 2.675769e+00 6.266790e-01
 3.117923e-01 2.500985e+00 6.172623e-01
 6.412686e-01 2.225257e+00 4.302215e-01
 7.654165e-01 2.048603e+00 1.700735e-01
 8.804722e-01 1.996640e+00 -6.000473e-02
 1.110591e+00 1.883189e+00 -2.706853e-01
 1.334059e+00 1.572546e+00 -4.557364e-01
 1.403485e+00 1.133769e+00 -5.842555e-01
 1.280331e+00 6.803120e-01 -6.226994e-01
 9.935348e-01 2.933558e-01 -5.357486e-01
 4.491981e-01 -1.157940e-02 -2.994825e-01
 2.319145e-01 -1.275466e-01 -2.660520e-01
 1.018857e-02 -2.725393e-01 -2.899434e-01
 -4.459017e-01 -6.322288e-01 -5.700529e-01
 -9.616982e-01 -1.138537e+00 -8.337853e-01
 -1.102270e+00 -1.627967e+00 -9.530685e-01
 -9.927530e-01 -2.137677e+00 -1.001094e+00
 -6.600467e-01 -2.534628e+00 -9.723335e-01
 -1.950518e-01 -2.724800e+00 -8.586710e-01
 2.842099e-01 -2.660485e+00 -7.084593e-01
 6.221340e-01 -2.402541e+00 -6.146110e-01
 7.926556e-01 -2.180641e+00 -6.752897e-01
 1.012284e+00 -2.017948e+00 -7.632240e-01
 1.378620e+00 -1.786343e+00 -6.795354e-01
 1.637785e+00 -1.447565e+00 -3.951953e-01
 1.651856e+00 -1.088725e+00 -1.838710e-02
 1.408091e+00 -7.938049e-01 3.427458e-01
 9.654538e-01 -6.497899e-01 6.017124e-01
 4.475084e-01 -6.883168e-01 6.787403e-01
 -1.100543e+00 -1.233255e+00 1.731980e-01
 -1.615351e+00 -1.122319e+00 3.521570e-02
 -2.018903e+00 -7.559829e-01 -3.463711e-02
 -2.201064e+00 -2.658023e-01 1.589002e-02
 -2.117284e+00 2.490711e-01 1.390473e-01
 -1.763477e+00 6.595520e-01 2.533641e-01
 -1.253784e+00 8.253811e-01 3.546371e-01
 -3.635875e-01 6.384942e-01 4.112354e-01
 5.358649e-02 6.469257e-01 8.126224e-01
 2.071914e-01 6.022322e-01 1.292660e+00
 1.230340e-01 4.690770e-01 1.774901e+00
 -1.714760e-01 2.710584e-01 2.136609e+00
 -6.038146e-01 4.938550e-02 2.291388e+00
 -1.056132e+00 -1.624613e-01 2.197403e+00
 -1.414554e+00 -3.244099e-01 1.875798e+00
 -1.584286e+00 -4.044826e-01 1.402663e+00
 -1.529076e+00 -3.818627e-01 8.951382e-01
 -1.221161e+00 -2.192451e-01 3.943150e-01
 -1.169332e+00 -1.947514e-01 1.728257e-01
 -1.175070e+00 -1.415184e-01 -8.016773e-02
 -1.398743e+00 2.831947e-01 -1.089471e+00
 -1.025316e+00 8.471514e-01 -1.601959e+00
