 8.734379e-01 6.054431e-01 9.859018e-01
 8.927286e-01 8.756236e-01 8.487261e-01
 8.492480e-01 1.109256e+00 6.677440e-01
 7.381073e-01 1.293085e+00 4.656211e-01
 5.799264e-01 1.404871e+00 2.550900e-01
 4.026123e-01 1.428391e+00 4.548922e-02
 2.524688e-01 1.377598e+00 -1.237045e-01
 9.365735e-02 1.218065e+00 -3.655554e-01
 4.452671e-02 1.028751e+00 -5.802669e-01
 9.946419e-02 8.696497e-01 -8.403777e-01
 3.213059e-01 6.635865e-01 -1.264315e+00
 4.208867e-01 3.827702e-01 -1.530411e+00
 4.510284e-01 1.789210e-02 -1.688935e+00
 4.072585e-01 -4.107866e-01 -1.716652e+00
 3.005211e-01 -7.771929e-01 -1.595598e+00
 1.521604e-01 -1.044748e+00 -1.338674e+00
 -4.251573e-02 -1.184256e+00 -9.682320e-01
 -2.184235e-01 -1.157035e+00 -6.054320e-01
 -4.811324e-01 -8.312254e-01 1.011440e-02
 -7.769744e-01 -8.100026e-01 2.779756e-01
 -1.008349e+00 -9.116062e-01 4.694187e-01
 -1.186219e+00 -1.201053e+00 7.889394e-01
 -1.172232e+00 -1.548892e+00 1.048357e+00
 -1.004888e+00 -1.820375e+00 1.265302e+00
 -6.672796e-01 -2.015733e+00 1.479990e+00
 -2.546069e-01 -2.076827e+00 1.590220e+00
 1.816252e-01 -1.996818e+00 1.580522e+00
 5.522500e-01 -1.796215e+00 1.441893e+00
 9.283086e-01 -1.386621e+00 1.032132e+00
 1.148922e+00 -1.313146e+00 8.945978e-01
 1.299988e+00 -1.297608e+00 7.765080e-01
 1.457031e+00 -1.309913e+00 5.670308e-01
 1.542624e+00 -1.310050e+00 3.526346e-01
 1.573438e+00 -1.279850e+00 1.171160e-01
 1.540382e+00 -1.220156e+00 -1.236830e-01
 1.446881e+00 -1.107271e+00 -3.632581e-01
 1.290851e+00 -9.478431e-01 -5.622421e-01
 1.072362e+00 -7.315082e-01 -7.064407e-01
 8.482815e-01 -5.373728e-01 -7.518474e-01
 6.453244e-01 -3.918650e-01 -7.195847e-01
 5.001560e-01 -3.246409e-01 -6.979618e-01
 2.321561e-01 -2.248277e-01 -7.165162e-01
 -1.010818e-02 -1.746463e-01 -7.887464e-01
 -2.082523e-01 -1.706308e-01 -9.289471e-01
 -7.736420e-01 -2.847526e-01 -1.467840e+00
 -1.109905e+00 -1.523327e-01 -1.743364e+00
 -1.384743e+00 1.535679e-01 -1.936996e+00
 -1.546277e+00 5.908125e-01 -2.018757e+00
 -1.569089e+00 1.022669e+00 -1.956015e+00
 -1.469841e+00 1.397360e+00 -1.757069e+00
 -1.241586e+00 1.649252e+00 -1.466691e+00
 -9.502379e-01 1.725907e+00 -1.223091e+00
 -6.635947e-01 1.714916e+00 -1.143103e+00
 -4.566515e-01 1.750889e+00 -1.122215e+00
 -9.044178e-03 1.852222e+00 -1.183564e+00
 3.866934e-01 1.808092e+00 -1.158549e+00
 7.320362e-01 1.659068e+00 -1.032625e+00
 9.959785e-01 1.387518e+00 -8.363644e-01
 1.090593e+00 1.066052e+00 -6.293297e-01
 1.009536e+00 7.204266e-01 -3.834336e-01
 7.675860e-01 4.634652e-01 -1.232007e-01
 4.716917e-01 3.673624e-01 6.691539e-02
 1.425346e-01 4.281043e-01 2.829872e-01
 -2.091520e-01 8.550553e-01 7.226153e-01
 -4.540712e-01 9.524829e-01 1.050379e+00
 -7.401836e-01 8.659597e-01 1.420415e+00
 -9.611549e-01 6.136842e-01 1.678361e+00
 -1.071528e+00 2.157236e-01 1.852569e+00
 -1.014579e+00 -2.478815e-01 1.924152e+00
 -8.218022e-01 -6.582499e-01 1.847942e+00
 -5.491377e-01 -9.398668e-01 1.639969e+00
 -2.616524e-01 -1.090072e+00 1.259824e+00
 -1.673853e-01 -1.272324e+00 9.360086e-01
 -1.806833e-01 -1.515634e+00 7.276175e-01
 -3.393589e-01 -1.747264e+00 4.713338e-01
 -6.764783e-01 -1.852351e+00 1.499417e-01
 -9.811176e-01 -1.772536e+00 -8.842436e-02
 -1.225187e+00 -1.523126e+00 -3.289492e-01
 -1.359804e+00 -1.109339e+00 -5.172658e-01
 -1.351167e+00 -6.741809e-01 -5.694706e-01
 -1.220075e+00 -2.684689e-01 -4.838610e-01
 -9.762375e-01 2.457172e-02 -3.093757e-01
 -8.300677e-01 2.397315e-01 -2.399140e-01
 -7.813172e-01 4.680144e-01 -1.687924e-01
 -8.094462e-01 7.534122e-01 -1.238611e-01
 -8.708377e-01 1.054405e+00 -1.112261e-01
 -9.063044e-01 1.969144e+00 -1.895462e-01
 -8.850583e-01 2.299412e+00 -3.413882e-01
 -8.376847e-01 2.556301e+00 -5.974551e-01
 -7.741360e-01 2.705663e+00 -9.265915e-01
 -7.043033e-01 2.727125e+00 -1.287303e+00
 -6.347484e-01 2.616726e+00 -1.631177e+00
 -5.804849e-01 2.392257e+00 -1.910640e+00
 -5.244739e-01 2.083305e+00 -2.089586e+00
 -4.720711e-01 1.717675e+00 -2.146228e+00
 -4.646819e-01 1.350925e+00 -2.072326e+00
 -5.050807e-01 1.045094e+00 -1.889621e+00
 -6.211559e-01 8.154767e-01 -1.622703e+00
 -7.380583e-01 7.420636e-01 -1.394547e+00
 -9.130788e-01 7.080590e-01 -1.191268e+00
 -1.359263e+00 6.905757e-01 -9.826203e-01
 -1.590975e+00 6.901443e-01 -7.695128e-01
 -1.747594e+00 6.576538e-01 -4.974090e-01
 -1.809103e+00 5.901811e-01 -1.930555e-01
 -1.767718e+00 4.964806e-01 1.149365e-01
 -1.629958e+00 3.757242e-01 3.889115e-01
 -1.411610e+00 2.305274e-01 5.970748e-01
 -5.716794e-01 -9.241278e-02 9.900084e-01
 -2.528147e-01 -4.283084e-02 1.237911e+00
 1.813847e-02 1.605683e-01 1.772483e+00
 3.885580e-01 3.368689e-01 2.022194e+00
 8.638651e-01 4.373616e-01 2.080858e+00
 1.337096e+00 4.395372e-01 1.926533e+00
 1.676254e+00 3.528700e-01 1.608888e+00
 1.827836e+00 1.858031e-01 1.190851e+00
 1.776711e+00 -1.543037e-02 7.824782e-01
 1.537862e+00 -2.105444e-01 4.492309e-01
 1.218581e+00 -3.381257e-01 2.836220e-01
 7.493366e-01 -6.068836e-01 2.673827e-01
 5.640103e-01 -9.218936e-01 1.621010e-01
 5.478183e-01 -1.301976e+00 6.623123e-02
 6.376733e-01 -1.710514e+00 9.587165e-02
 8.188013e-01 -2.046045e+00 2.503623e-01
 1.060096e+00 -2.256700e+00 4.969504e-01
 1.325421e+00 -2.318952e+00 8.056705e-01
 1.531751e+00 -2.232853e+00 1.121184e+00
 1.655491e+00 -2.020065e+00 1.425315e+00
 1.680351e+00 -1.724577e+00 1.661978e+00
 1.623908e+00 -1.375909e+00 1.796555e+00
 1.493319e+00 -1.024324e+00 1.813567e+00
 1.305580e+00 -7.182246e-01 1.714388e+00
 9.329813e-01 -3.182754e-01 1.348051e+00
 8.365667e-01 -1.065602e-01 1.201553e+00
 8.074008e-01 7.410179e-02 1.113916e+00
 8.080752e-01 2.788597e-01 1.054296e+00
