 8.831820e-01 -1.827143e-01 -1.407004e+00
 7.820243e-01 -5.694645e-01 -1.597345e+00
 6.005123e-01 -1.032916e+00 -1.606608e+00
 4.341418e-01 -1.370849e+00 -1.443704e+00
 2.658484e-01 -1.600192e+00 -1.124990e+00
 1.027433e-01 -1.662283e+00 -7.134718e-01
 -8.592464e-03 -1.547836e+00 -2.963812e-01
 -4.046453e-02 -1.283878e+00 4.175606e-02
 -7.331045e-02 -3.790635e-01 5.147582e-01
 1.309468e-02 -1.445291e-01 8.547590e-01
 2.110709e-01 -6.646497e-03 1.121775e+00
 5.217104e-01 8.399928e-02 1.313350e+00
 9.010796e-01 1.579431e-01 1.370932e+00
 1.287542e+00 2.179480e-01 1.268297e+00
 1.602145e+00 2.789408e-01 1.019534e+00
 1.961406e+00 2.654708e-01 4.275342e-01
 2.249964e+00 2.402260e-01 2.260033e-01
 2.510653e+00 8.094761e-02 8.398064e-02
 2.706769e+00 -2.183878e-01 -9.781334e-02
 2.748470e+00 -5.598441e-01 -2.876085e-01
 2.630435e+00 -8.808592e-01 -4.940643e-01
 2.366296e+00 -1.135078e+00 -6.824648e-01
 2.010728e+00 -1.279345e+00 -8.000384e-01
 1.609757e+00 -1.306388e+00 -8.235348e-01
 1.228390e+00 -1.208432e+00 -7.546633e-01
 8.740735e-01 -9.507321e-01 -6.135546e-01
 6.078526e-01 -7.731630e-01 -5.959141e-01
 3.989725e-01 -6.729959e-01 -6.488731e-01
 2.198975e-01 -6.423766e-01 -7.289008e-01
 -4.889980e-01 -6.325032e-01 -1.202432e+00
 -9.221904e-01 -6.133241e-01 -1.278074e+00
 -1.341427e+00 -5.867360e-01 -1.172731e+00
 -1.675051e+00 -5.256239e-01 -9.119259e-01
 -1.843409e+00 -4.457241e-01 -5.770303e-01
 -1.872280e+00 -4.348772e-01 -1.468338e-01
 -1.815424e+00 -5.359917e-01 1.158274e-01
 -1.798692e+00 -7.259548e-01 3.580302e-01
 -1.915912e+00 -9.016775e-01 6.062694e-01
 -2.155446e+00 -9.836130e-01 9.253527e-01
 -2.451866e+00 -9.015600e-01 1.221725e+00
 -2.712584e+00 -6.608937e-01 1.449206e+00
 -2.886860e+00 -3.083646e-01 1.580760e+00
 -2.951487e+00 9.952444e-02 1.595665e+00
 -2.896123e+00 4.985186e-01 1.491269e+00
 -2.719295e+00 8.225592e-01 1.295422e+00
 -2.446421e+00 1.017495e+00 1.044742e+00
 -2.124134e+00 1.048568e+00 7.813229e-01
 -1.802616e+00 9.138352e-01 5.571957e-01
 -1.521936e+00 6.423959e-01 4.319581e-01
 -1.332836e+00 3.282280e-01 4.369668e-01
 -1.167075e+00 6.853844e-02 5.815752e-01
 -8.959769e-01 -6.294116e-01 1.135288e+00
 -4.494790e-01 -9.755056e-01 1.320029e+00
 1.284940e-01 -1.084612e+00 1.307415e+00
 6.557837e-01 -9.599365e-01 1.057374e+00
 9.513971e-01 -6.128046e-01 6.595043e-01
 9.445864e-01 -2.178638e-01 4.041289e-01
 8.523345e-01 8.679759e-02 3.286076e-01
 7.656694e-01 6.669552e-01 4.258919e-01
 7.670933e-01 1.779318e+00 1.489572e-01
 6.711131e-01 2.174993e+00 -2.222481e-01
 4.681669e-01 2.325343e+00 -7.150288e-01
 2.100125e-01 2.186204e+00 -1.185431e+00
 -1.119589e-02 1.792308e+00 -1.507836e+00
 -1.120771e-01 1.256776e+00 -1.597733e+00
 -1.009698e-01 7.376067e-01 -1.415111e+00
 -4.093474e-02 3.868689e-01 -9.958847e-01
 2.452965e-02 3.284085e-01 -5.387897e-01
 -4.764702e-03 3.859648e-01 -2.438775e-01
 -5.421070e-01 8.705870e-01 8.051380e-01
 -7.919637e-01 8.499100e-01 1.157560e+00
 -1.166009e+00 7.008905e-01 1.402320e+00
 -1.557559e+00 4.522288e-01 1.456592e+00
 -1.892880e+00 1.890772e-01 1.307004e+00
 -2.079232e+00 4.643593e-02 1.060450e+00
 -2.220155e+00 3.520381e-02 8.700830e-01
 -2.458784e+00 -1.409451e-03 6.948508e-01
 -2.709174e+00 -2.128744e-01 4.986021e-01
 -2.833918e+00 -5.637636e-01 2.540861e-01
 -2.756209e+00 -9.540198e-01 1.425050e-02
 -2.487745e+00 -1.263983e+00 -1.959828e-01
 -2.092157e+00 -1.438310e+00 -3.276766e-01
 -1.644615e+00 -1.442132e+00 -3.690986e-01
 -1.234312e+00 -1.256990e+00 -3.377299e-01
 -9.495131e-01 -9.176833e-01 -2.675942e-01
 -8.331463e-01 -4.365244e-01 -2.475887e-01
 -9.763844e-01 1.978940e-01 -5.015913e-01
 -9.904608e-01 4.821722e-01 -5.401351e-01
 -9.045101e-01 7.886441e-01 -5.857230e-01
 -7.298139e-01 1.050439e+00 -6.002804e-01
 -4.712978e-01 1.253308e+00 -5.886858e-01
 -1.720124e-01 1.343347e+00 -5.636250e-01
 1.418532e-01 1.338924e+00 -5.779575e-01
 3.651808e-01 1.288802e+00 -6.729676e-01
 5.533334e-01 1.285854e+00 -7.908380e-01
 8.628773e-01 1.295069e+00 -1.111268e+00
 1.175599e+00 1.174280e+00 -1.321077e+00
 1.490045e+00 9.528080e-01 -1.414661e+00
 1.758047e+00 6.673737e-01 -1.376931e+00
 1.932917e+00 3.642433e-01 -1.222888e+00
 1.978885e+00 5.870513e-02 -9.956372e-01
 1.893733e+00 -1.879330e-01 -7.620091e-01
 1.704318e+00 -4.001880e-01 -3.411568e-01
 1.737232e+00 -5.992540e-01 -7.755356e-02
 1.883762e+00 -7.475079e-01 2.516209e-01
 2.144138e+00 -7.305650e-01 6.220612e-01
 2.430566e+00 -5.219668e-01 9.163151e-01
 2.643793e+00 -1.603472e-01 1.095063e+00
 2.725340e+00 2.711670e-01 1.142197e+00
 2.673760e+00 6.957740e-01 1.054002e+00
 2.522989e+00 1.036866e+00 8.338893e-01
 2.301017e+00 1.235859e+00 5.289974e-01
 2.045019e+00 1.265336e+00 1.960862e-01
 1.805231e+00 1.131825e+00 -9.510264e-02
 1.133893e+00 4.590812e-01 -5.825260e-01
 1.002320e+00 3.256154e-01 -7.681452e-01
