 8.769603e-01 -2.178123e+00 3.653556e-01
 4.765546e-01 -2.301040e+00 -2.549613e-01
 -1.480060e-02 -1.932340e+00 -6.964796e-01
 -3.472313e-01 -1.259106e+00 -7.307880e-01
 -2.922624e-01 -3.291051e-01 -2.500843e-01
 -2.750256e-01 2.574266e-01 -3.939033e-01
 -2.332755e-01 1.027686e+00 -1.280625e+00
 -1.387475e-01 1.182085e+00 -1.543029e+00
 6.651353e-02 1.307884e+00 -1.801536e+00
 3.649917e-01 1.371114e+00 -2.007007e+00
 7.278949e-01 1.362132e+00 -2.117094e+00
 1.107412e+00 1.296260e+00 -2.096113e+00
 1.443895e+00 1.156602e+00 -1.949664e+00
 1.675762e+00 9.623787e-01 -1.693605e+00
 1.763812e+00 7.115435e-01 -1.379294e+00
 1.706809e+00 4.972213e-01 -1.157022e+00
 1.586660e+00 2.159774e-01 -1.037224e+00
 1.615455e+00 -4.398870e-01 -8.772830e-01
 1.531470e+00 -7.442901e-01 -7.734462e-01
 1.349824e+00 -1.012294e+00 -6.360192e-01
 1.131273e+00 -1.183819e+00 -4.887571e-01
 8.785463e-01 -1.269550e+00 -3.157273e-01
 5.504709e-01 -1.254300e+00 -7.664592e-02
 4.519720e-01 -1.264434e+00 3.269036e-03
 3.435254e-01 -1.294003e+00 8.598979e-02
 2.345920e-01 -1.343889e+00 1.628412e-01
 1.083218e-01 -1.440979e+00 2.764226e-01
 -1.413399e-01 -1.739974e+00 5.119728e-01
 -3.832645e-01 -1.876882e+00 6.649850e-01
 -7.009404e-01 -1.931781e+00 8.148081e-01
 -1.011996e+00 -1.878494e+00 9.128116e-01
 -1.296221e+00 -1.721269e+00 9.703183e-01
 -1.547693e+00 -1.470642e+00 9.589566e-01
 -1.717024e+00 -1.206021e+00 8.571741e-01
 -1.794139e+00 -1.013414e+00 7.171674e-01
 -1.856755e+00 -8.991678e-01 5.376135e-01
 -1.987732e+00 -7.909145e-01 3.524381e-01
 -2.172000e+00 -5.433691e-01 1.999523e-01
 -2.268727e+00 -1.823012e-01 1.004309e-01
 -2.219051e+00 1.856623e-01 4.513013e-02
 -2.039909e+00 4.979417e-01 8.735675e-03
 -1.746368e+00 7.484599e-01 1.586132e-02
 -1.407208e+00 8.786840e-01 7.011783e-02
 -5.215255e-01 9.196687e-01 3.524287e-01
 -2.161658e-01 1.038724e+00 6.286309e-01
 2.628782e-02 1.331096e+00 1.167803e+00
 3.819618e-01 1.359872e+00 1.559095e+00
 8.205595e-01 1.250148e+00 1.756069e+00
 1.234260e+00 1.017692e+00 1.749579e+00
 1.539569e+00 6.693420e-01 1.565319e+00
 1.657661e+00 3.147306e-01 1.251595e+00
 1.578596e+00 3.829361e-02 8.835436e-01
 1.100991e+00 -2.480374e-01 1.771377e-01
 8.638980e-01 -2.743955e-01 -1.071201e-01
 7.277156e-01 -2.482464e-01 -3.781176e-01
 6.260211e-01 -2.509818e-01 -7.108519e-01
 4.847070e-01 -2.635884e-01 -9.374150e-01
 2.489039e-01 -2.618769e-01 -1.158267e+00
 1.739227e-02 -2.518648e-01 -1.283560e+00
 -2.326538e-01 -2.548594e-01 -1.341272e+00
 -4.836292e-01 -2.375469e-01 -1.322499e+00
 -7.623638e-01 -2.069769e-01 -1.207232e+00
 -1.052469e+00 -1.990086e-01 -9.641167e-01
 -1.234756e+00 -1.894239e-01 -6.580285e-01
 -1.304272e+00 -1.720267e-01 -2.982038e-01
 -1.253031e+00 -1.477074e-01 1.092901e-02
 -1.243467e+00 -1.298475e-01 1.385954e-01
 -1.251910e+00 -1.018304e-01 2.853938e-01
 -1.278353e+00 -7.609917e-02 3.993317e-01
 -1.358998e+00 -2.094296e-02 5.632752e-01
 -1.524225e+00 3.042646e-02 7.773366e-01
 -1.791560e+00 5.797217e-03 9.916626e-01
 -2.096986e+00 -1.056538e-01 1.126449e+00
 -2.402862e+00 -3.192578e-01 1.175560e+00
 -2.652056e+00 -6.211806e-01 1.121530e+00
 -2.786709e+00 -9.770920e-01 9.727625e-01
 -2.768741e+00 -1.335548e+00 7.450769e-01
 -2.583494e+00 -1.628007e+00 4.689288e-01
 -2.246028e+00 -1.789259e+00 1.959436e-01
 -1.812591e+00 -1.773941e+00 -1.455485e-03
 -1.383701e+00 -1.586162e+00 -6.093309e-02
 -1.039381e+00 -1.297502e+00 5.935439e-02
 -8.520789e-01 -1.030059e+00 3.378176e-01
 -7.566157e-01 -9.184828e-01 6.252168e-01
 -6.183574e-01 -9.196940e-01 1.071548e+00
 -3.926833e-01 -8.168003e-01 1.427894e+00
 -1.544250e-01 -5.966048e-01 1.665612e+00
 9.170692e-02 -3.265601e-01 1.746410e+00
 3.230456e-01 -2.820084e-02 1.670186e+00
 5.416908e-01 2.977401e-01 1.399846e+00
 6.348384e-01 4.639615e-01 1.115074e+00
 7.052800e-01 5.780677e-01 9.604132e-01
 7.648666e-01 6.668590e-01 8.817911e-01
 8.497164e-01 8.074748e-01 8.130918e-01
 9.781738e-01 1.094090e+00 7.392434e-01
 1.062939e+00 1.350833e+00 5.838019e-01
 1.136353e+00 1.554736e+00 3.461030e-01
 1.185025e+00 1.681660e+00 4.732311e-02
 1.201552e+00 1.708843e+00 -2.686252e-01
 1.162925e+00 1.651565e+00 -5.623166e-01
 1.075086e+00 1.518640e+00 -8.230685e-01
 9.556530e-01 1.320296e+00 -1.024061e+00
 8.409138e-01 1.136006e+00 -1.123237e+00
 7.521366e-01 8.093300e-01 -1.230866e+00
 7.245429e-01 6.062796e-01 -1.432586e+00
 8.205653e-01 3.812490e-01 -1.696190e+00
 1.063130e+00 1.554219e-01 -1.913643e+00
 1.421434e+00 -1.227115e-02 -2.024921e+00
 1.831930e+00 -1.177860e-01 -1.983968e+00
 2.213817e+00 -1.426949e-01 -1.786991e+00
 2.490838e+00 -8.586816e-02 -1.470839e+00
 2.612017e+00 1.780942e-02 -1.085782e+00
 2.564101e+00 1.568103e-01 -6.948011e-01
 2.366764e+00 3.269664e-01 -3.742326e-01
 2.059035e+00 4.946162e-01 -1.723888e-01
 1.696672e+00 6.273037e-01 -1.111447e-01
 1.049132e+00 7.102786e-01 -2.113270e-01
 7.660285e-01 7.560010e-01 -1.953931e-01
 5.720024e-01 8.894881e-01 -1.777097e-01
 3.684931e-01 1.126525e+00 -2.076481e-01
 1.744251e-01 1.491667e+00 -2.120588e-01
 -9.376928e-02 1.792144e+00 -6.886246e-02
 -4.009698e-01 1.952939e+00 1.779866e-01
 -6.938810e-01 1.948256e+00 4.807132e-01
 -9.284884e-01 1.781102e+00 7.889595e-01
 -1.060435e+00 1.488960e+00 1.056569e+00
 -1.064154e+00 1.124301e+00 1.228833e+00
 -9.367065e-01 7.232983e-01 1.300423e+00
 -7.210939e-01 4.035977e-01 1.255083e+00
 -5.299690e-01 1.808118e-01 1.092458e+00
 -1.679755e-01 -5.640885e-02 7.288749e-01
 1.368319e-01 -3.237599e-01 6.728253e-01
 7.625370e-01 -9.331126e-01 9.991453e-01
 9.878022e-01 -1.632217e+00 8.691142e-01
