 -2.189796e+00 8.881933e-01 5.183278e-01
 -2.170082e+00 5.462865e-01 7.852653e-01
 -1.996745e+00 1.873429e-01 9.568367e-01
 -1.696816e+00 -1.202218e-01 1.009408e+00
 -1.030313e+00 -4.912526e-01 8.660298e-01
 -8.348095e-01 -6.731865e-01 7.652187e-01
 -6.876214e-01 -9.121442e-01 6.200888e-01
 -6.515888e-01 -1.162837e+00 4.862173e-01
 -7.469785e-01 -1.673032e+00 3.465122e-01
 -7.793449e-01 -2.010479e+00 5.769223e-02
 -6.704890e-01 -2.239285e+00 -3.213941e-01
 -4.368515e-01 -2.309070e+00 -7.017552e-01
 -1.508945e-01 -2.189844e+00 -1.020797e+00
 1.254668e-01 -1.877858e+00 -1.253614e+00
 3.082306e-01 -1.474885e+00 -1.327841e+00
 3.974213e-01 -1.046092e+00 -1.230584e+00
 3.247175e-01 -3.949872e-01 -8.276820e-01
 2.953149e-01 -1.181152e-01 -7.511406e-01
 2.609456e-01 1.192727e-01 -7.636206e-01
 3.295679e-01 5.668882e-01 -8.993158e-01
 2.799112e-01 9.746165e-01 -8.970141e-01
 1.297538e-01 1.328666e+00 -7.777108e-01
 -7.631189e-02 1.574707e+00 -5.443842e-01
 -3.139758e-01 1.682938e+00 -2.396674e-01
 -6.077154e-01 1.632205e+00 1.197147e-01
 -8.319529e-01 1.651156e+00 2.952892e-01
 -1.034140e+00 1.740769e+00 4.389328e-01
 -1.266784e+00 1.890483e+00 5.105796e-01
 -1.574103e+00 2.071629e+00 4.732828e-01
 -1.880324e+00 2.213408e+00 3.018315e-01
 -2.167378e+00 2.235368e+00 3.355435e-02
 -2.366697e+00 2.147881e+00 -2.700428e-01
 -2.457833e+00 1.979052e+00 -5.841470e-01
 -2.432382e+00 1.759710e+00 -8.684066e-01
 -2.301665e+00 1.519180e+00 -1.089153e+00
 -2.087897e+00 1.285492e+00 -1.224446e+00
 -1.820436e+00 1.083569e+00 -1.263551e+00
 -1.530335e+00 9.318437e-01 -1.206914e+00
 -1.258296e+00 8.461032e-01 -1.068493e+00
 -5.402576e-01 6.818380e-01 -3.581717e-01
 -3.488289e-01 6.619355e-01 -1.268457e-01
 -1.521292e-01 6.964228e-01 -4.757758e-04
 1.362300e-01 8.123174e-01 1.116720e-01
 7.331124e-01 1.116312e+00 1.630413e-01
 1.169276e+00 1.143720e+00 1.907640e-01
 1.582144e+00 9.967695e-01 2.072187e-01
 1.905586e+00 7.014455e-01 1.915766e-01
 2.088145e+00 3.131107e-01 1.292325e-01
 2.100368e+00 -1.240396e-01 4.445798e-02
 2.114509e+00 -3.915550e-01 7.367917e-02
 2.225838e+00 -7.088368e-01 1.601761e-01
 2.352105e+00 -9.939877e-01 4.369303e-01
 2.369794e+00 -1.178680e+00 8.715990e-01
 2.209289e+00 -1.222488e+00 1.321575e+00
 1.903971e+00 -1.152881e+00 1.661724e+00
 1.527531e+00 -9.534991e-01 1.851625e+00
 1.160560e+00 -6.654041e-01 1.849315e+00
 8.792064e-01 -3.473972e-01 1.655266e+00
 7.422997e-01 -6.490367e-02 1.309894e+00
 7.772258e-01 1.177107e-01 8.995860e-01
 1.272888e+00 1.476080e-01 -6.153203e-01
 1.270137e+00 7.513073e-02 -9.870409e-01
 1.107705e+00 2.112945e-02 -1.359828e+00
 8.154468e-01 -6.303318e-06 -1.638964e+00
 4.545396e-01 -2.613679e-03 -1.775156e+00
 6.130859e-02 -3.399385e-02 -1.757881e+00
 -3.234121e-01 -1.085746e-01 -1.577366e+00
 -5.974186e-01 -1.717697e-01 -1.256026e+00
 -7.670670e-01 -2.675084e-01 -6.715136e-01
 -8.919410e-01 -3.857736e-01 -4.171621e-01
 -1.010185e+00 -5.135774e-01 -2.782198e-01
 -1.379579e+00 -7.476791e-01 -1.183847e-01
 -1.595882e+00 -9.634868e-01 1.336269e-01
 -1.690000e+00 -1.190061e+00 4.959594e-01
 -1.615478e+00 -1.335220e+00 8.622947e-01
 -1.367230e+00 -1.444128e+00 1.193196e+00
 -9.524244e-01 -1.506554e+00 1.421727e+00
 -4.941592e-01 -1.465879e+00 1.469749e+00
 -7.241581e-02 -1.332681e+00 1.334616e+00
 2.266147e-01 -1.134377e+00 1.044492e+00
 3.820112e-01 -8.661479e-01 5.318447e-01
 4.801637e-01 -8.077396e-01 3.071584e-01
 6.005844e-01 -7.856860e-01 1.421143e-01
 7.326501e-01 -8.136147e-01 -7.291650e-03
 1.021702e+00 -8.674573e-01 -2.318290e-01
 1.735996e+00 -8.300227e-01 -7.623050e-01
 2.055044e+00 -7.618184e-01 -8.729473e-01
 2.385738e+00 -6.591551e-01 -8.718336e-01
 2.689885e+00 -5.349387e-01 -7.572266e-01
 2.931558e+00 -4.049217e-01 -5.407467e-01
 3.081687e+00 -2.857701e-01 -2.460901e-01
 3.121090e+00 -1.934337e-01 9.295113e-02
 3.043044e+00 -1.395424e-01 4.354033e-01
 2.854551e+00 -1.250379e-01 7.350855e-01
 2.567572e+00 -1.338736e-01 9.588958e-01
 2.217248e+00 -1.706926e-01 1.064915e+00
 1.875273e+00 -2.853540e-01 1.056412e+00
 1.654522e+00 -4.193464e-01 9.723510e-01
 1.432360e+00 -7.083314e-01 8.280519e-01
 1.300607e+00 -1.268381e+00 7.063673e-01
 1.154486e+00 -1.533617e+00 5.700655e-01
 9.393247e-01 -1.713613e+00 4.130146e-01
 6.818009e-01 -1.800979e+00 2.266317e-01
 4.228651e-01 -1.782448e+00 2.092821e-02
 1.948876e-01 -1.661915e+00 -1.754480e-01
 -7.568924e-02 -1.379457e+00 -3.738062e-01
 -3.188084e-01 -1.287198e+00 -5.204580e-01
 -7.768218e-01 -1.287620e+00 -9.225950e-01
 -1.222505e+00 -1.093405e+00 -1.114403e+00
 -1.540565e+00 -7.620087e-01 -1.155683e+00
 -1.731939e+00 -3.422189e-01 -1.028758e+00
 -1.786571e+00 3.695903e-02 -7.146877e-01
 -1.696350e+00 2.612184e-01 -3.068189e-01
 -1.396411e+00 3.671057e-01 1.153454e-01
 -7.754183e-01 9.214895e-01 1.017186e+00
 -5.204532e-01 1.242302e+00 1.189775e+00
 -3.363876e-01 1.662081e+00 1.201195e+00
 -2.690790e-01 2.089506e+00 1.043469e+00
 -3.349639e-01 2.438828e+00 7.469096e-01
 -5.239777e-01 2.637834e+00 3.706744e-01
 -7.963250e-01 2.641062e+00 -1.264362e-02
 -1.059266e+00 2.439956e+00 -3.443224e-01
 -1.276391e+00 2.090078e+00 -5.227702e-01
 -1.460967e+00 1.704393e+00 -5.052581e-01
 -1.615417e+00 1.449565e+00 -3.357629e-01
 -1.783768e+00 1.310945e+00 -1.829320e-01
 -2.046771e+00 1.171055e+00 1.601274e-01
