 5.053134e-01 -1.106857e+00 9.747298e-01
 6.082872e-01 -1.012791e+00 6.325063e-01
 6.972331e-01 -1.000494e+00 4.350460e-01
 7.857178e-01 -1.016391e+00 3.054430e-01
 8.859399e-01 -1.075140e+00 1.629809e-01
 1.017119e+00 -1.187960e+00 6.214466e-03
 1.202776e+00 -1.451935e+00 -2.412734e-01
 1.316073e+00 -1.608839e+00 -5.578965e-01
 1.373471e+00 -1.652735e+00 -9.134397e-01
 1.367231e+00 -1.581133e+00 -1.297627e+00
 1.300821e+00 -1.436217e+00 -1.588531e+00
 1.198786e+00 -1.232202e+00 -1.794290e+00
 1.074526e+00 -9.856582e-01 -1.911913e+00
 9.334424e-01 -7.130525e-01 -1.937149e+00
 7.744415e-01 -4.415554e-01 -1.869702e+00
 6.326209e-01 -2.290965e-01 -1.737231e+00
 4.317229e-01 7.061974e-02 -1.396630e+00
 2.520192e-01 3.809528e-01 -1.290044e+00
 -2.059291e-01 9.025305e-01 -1.379958e+00
 -5.454629e-01 1.189590e+00 -1.265563e+00
 -8.212562e-01 1.375408e+00 -1.000257e+00
 -1.017179e+00 1.413110e+00 -6.475959e-01
 -1.061494e+00 1.335994e+00 -2.182224e-01
 -9.283997e-01 1.344242e+00 1.278972e-01
 -7.819472e-01 1.619339e+00 7.034989e-01
 -6.151999e-01 1.639676e+00 1.088419e+00
 -3.991998e-01 1.485639e+00 1.455473e+00
 -2.193431e-01 1.192797e+00 1.707521e+00
 -9.175253e-02 8.202598e-01 1.811081e+00
 5.146346e-03 4.296684e-01 1.738325e+00
 6.056216e-02 3.425945e-02 1.468623e+00
 4.007182e-02 -1.616627e-01 1.162601e+00
 -1.112246e-01 -2.945356e-01 9.050331e-01
 -2.794286e-01 -5.020814e-01 7.227905e-01
 -3.827293e-01 -7.202498e-01 6.695852e-01
 -5.507076e-01 -9.942370e-01 6.744427e-01
 -8.009631e-01 -1.249290e+00 7.999458e-01
 -1.063999e+00 -1.396696e+00 1.020743e+00
 -1.316374e+00 -1.414872e+00 1.295915e+00
 -1.529701e+00 -1.307066e+00 1.567106e+00
 -1.698617e+00 -1.089953e+00 1.789752e+00
 -1.808961e+00 -7.961784e-01 1.936275e+00
 -1.842216e+00 -4.579252e-01 2.004106e+00
 -1.787558e+00 -1.161553e-01 1.993751e+00
 -1.652544e+00 1.913589e-01 1.904164e+00
 -1.452370e+00 4.298703e-01 1.741710e+00
 -1.209871e+00 5.690781e-01 1.520601e+00
 -7.491995e-01 6.012608e-01 1.062199e+00
 -5.365394e-01 6.347620e-01 8.821646e-01
 -3.519464e-01 6.931558e-01 7.928350e-01
 -1.241085e-01 7.736765e-01 7.702603e-01
 1.481694e-01 8.585644e-01 8.119720e-01
 4.621959e-01 9.318893e-01 9.404707e-01
 7.192219e-01 9.512438e-01 9.862240e-01
 9.866762e-01 9.506415e-01 9.677794e-01
 1.239310e+00 9.245664e-01 8.864855e-01
 1.472350e+00 8.639630e-01 7.420208e-01
 1.652579e+00 7.848202e-01 5.503267e-01
 1.758169e+00 6.874438e-01 3.417696e-01
 1.798031e+00 5.530585e-01 1.126484e-01
 1.757685e+00 4.203666e-01 -1.405055e-01
 1.654006e+00 3.317190e-01 -3.731688e-01
 1.531966e+00 3.128194e-01 -5.473970e-01
 1.388454e+00 3.682411e-01 -7.363579e-01
 1.305347e+00 4.529884e-01 -9.734524e-01
 1.260800e+00 6.682929e-01 -1.415207e+00
 1.106361e+00 7.590650e-01 -1.753644e+00
 8.549737e-01 7.708467e-01 -2.031186e+00
 5.367702e-01 6.913413e-01 -2.230330e+00
 2.331648e-01 5.272534e-01 -2.323999e+00
 -3.173122e-02 3.314430e-01 -2.301335e+00
 -2.572628e-01 1.301066e-01 -2.168233e+00
 -4.456463e-01 -9.112635e-02 -1.901850e+00
 -5.190930e-01 -2.512830e-01 -1.598333e+00
 -4.865018e-01 -3.598127e-01 -1.265461e+00
 -2.496854e-01 -4.550652e-01 -7.403031e-01
 -1.490832e-01 -6.111850e-01 -4.539389e-01
 -1.073285e-01 -8.376104e-01 -2.954277e-01
 -3.369586e-02 -1.509112e+00 -9.791658e-02
 2.372046e-01 -1.886565e+00 1.584676e-01
 6.442166e-01 -2.035317e+00 4.716950e-01
 1.059026e+00 -1.947575e+00 6.998404e-01
 1.392321e+00 -1.658458e+00 8.466445e-01
 1.580284e+00 -1.197405e+00 9.361432e-01
 1.571541e+00 -7.171982e-01 9.020584e-01
 1.387165e+00 -3.090057e-01 7.556984e-01
 8.755290e-01 1.314884e-01 3.313201e-01
 7.549734e-01 5.060427e-01 6.897340e-02
 8.023764e-01 7.645357e-01 -8.756238e-03
 9.399495e-01 1.076650e+00 -1.404151e-01
 1.292136e+00 1.321155e+00 -3.595931e-01
 1.725087e+00 1.339076e+00 -6.131056e-01
 2.096698e+00 1.118282e+00 -8.689069e-01
 2.299409e+00 7.280309e-01 -1.100258e+00
 2.279214e+00 2.518776e-01 -1.263364e+00
 2.060493e+00 -2.036247e-01 -1.279435e+00
 1.706258e+00 -5.172427e-01 -1.154996e+00
 1.085687e+00 -6.639842e-01 -9.166509e-01
 7.837059e-01 -8.093326e-01 -9.164374e-01
 4.216851e-01 -1.142341e+00 -1.118197e+00
 8.393226e-02 -1.309431e+00 -1.201220e+00
 -2.645410e-01 -1.403255e+00 -1.169130e+00
 -5.800725e-01 -1.399814e+00 -1.046054e+00
 -8.516775e-01 -1.290982e+00 -8.534038e-01
 -1.073086e+00 -1.051515e+00 -5.640223e-01
 -1.141064e+00 -7.920004e-01 -2.985469e-01
 -1.067978e+00 -4.325535e-01 -1.003862e-02
 -1.062342e+00 -1.795245e-01 1.420331e-01
 -1.105100e+00 8.654167e-03 2.234032e-01
 -1.204249e+00 1.801720e-01 2.635630e-01
 -1.789111e+00 8.519866e-01 3.985171e-01
 -1.923841e+00 1.288979e+00 3.927673e-01
 -1.870748e+00 1.732980e+00 3.152011e-01
 -1.650995e+00 2.093788e+00 1.768966e-01
 -1.316077e+00 2.308775e+00 1.725440e-02
 -9.287599e-01 2.355975e+00 -1.192282e-01
 -5.525931e-01 2.243449e+00 -2.122012e-01
 -2.508699e-01 1.999545e+00 -2.758088e-01
 -6.986318e-02 1.668679e+00 -3.235328e-01
 -2.434932e-02 1.284257e+00 -3.585680e-01
 -1.074306e-01 9.877947e-01 -3.603084e-01
 -1.951463e-01 8.185760e-01 -3.542459e-01
 -3.624575e-01 6.231811e-01 -3.970027e-01
 -5.694420e-01 4.827320e-01 -5.145919e-01
 -9.348422e-01 3.797381e-01 -7.093781e-01
 -1.298333e+00 2.692607e-01 -7.487897e-01
 -1.659138e+00 1.059568e-01 -6.500473e-01
 -1.922529e+00 -6.792415e-02 -4.346954e-01
 -2.061731e+00 -2.340697e-01 -1.386052e-01
 -2.068849e+00 -3.750858e-01 2.162416e-01
 -1.928672e+00 -4.555662e-01 6.161498e-01
 -1.680467e+00 -4.519994e-01 9.269419e-01
 -1.202188e+00 -3.986632e-01 1.199368e+00
 -9.936562e-01 -4.452896e-01 1.430577e+00
 -8.337773e-01 -5.605742e-01 1.576859e+00
 -5.960135e-01 -7.613491e-01 1.679085e+00
 -3.847633e-01 -9.252315e-01 1.680441e+00
 -1.296533e-01 -1.063099e+00 1.600661e+00
 1.174383e-01 -1.135349e+00 1.451969e+00
 3.467765e-01 -1.150059e+00 1.222699e+00
