 -7.836977e-02 2.541688e+00 6.868010e-01
 -3.502488e-01 2.326790e+00 8.745631e-01
 -5.460826e-01 2.010383e+00 9.659150e-01
 -6.846195e-01 1.623423e+00 9.234622e-01
 -7.425119e-01 1.310634e+00 7.583599e-01
 -7.539536e-01 1.128366e+00 5.417333e-01
 -8.271637e-01 1.021168e+00 2.689812e-01
 -9.657685e-01 9.822132e-01 -1.382540e-01
 -1.041619e+00 8.739350e-01 -4.134021e-01
 -1.095759e+00 6.982917e-01 -6.404865e-01
 -1.122000e+00 4.861337e-01 -7.998656e-01
 -1.105270e+00 2.629670e-01 -8.924161e-01
 -1.039333e+00 1.949668e-02 -9.304209e-01
 -9.478496e-01 -2.408681e-01 -8.993913e-01
 -8.409762e-01 -4.773330e-01 -8.020285e-01
 -7.400802e-01 -6.405759e-01 -6.776587e-01
 -5.673576e-01 -8.260444e-01 -5.140599e-01
 -4.262281e-01 -1.077369e+00 -4.624959e-01
 -2.517686e-01 -1.310590e+00 -5.005847e-01
 1.875904e-03 -1.485589e+00 -6.062887e-01
 3.166549e-01 -1.554274e+00 -7.478481e-01
 6.622966e-01 -1.488420e+00 -8.811204e-01
 9.991804e-01 -1.279320e+00 -9.548158e-01
 1.374484e+00 -7.795510e-01 -1.029959e+00
 1.664469e+00 -6.087336e-01 -1.152059e+00
 1.855098e+00 -4.552091e-01 -1.395039e+00
 1.925123e+00 -1.992124e-01 -1.752757e+00
 1.829733e+00 8.512351e-02 -2.027506e+00
 1.604725e+00 3.858839e-01 -2.190615e+00
 1.272423e+00 6.556288e-01 -2.220760e+00
 9.292346e-01 8.301409e-01 -2.117214e+00
 5.963101e-01 8.962399e-01 -1.902855e+00
 3.238677e-01 8.412700e-01 -1.611339e+00
 -8.239778e-02 4.383223e-01 -8.123059e-01
 -2.108061e-01 2.559929e-01 -3.725822e-01
 -5.116412e-01 7.308285e-02 4.825889e-04
 -7.295368e-01 8.010792e-03 9.156387e-02
 -1.594122e+00 -3.956706e-02 5.611134e-02
 -2.058108e+00 -3.381131e-01 1.282667e-01
 -2.297930e+00 -8.128314e-01 2.856392e-01
 -2.247181e+00 -1.336567e+00 4.918298e-01
 -1.932503e+00 -1.726982e+00 6.647301e-01
 -1.437714e+00 -1.922700e+00 7.646469e-01
 -9.063714e-01 -1.859314e+00 7.698372e-01
 -5.011447e-01 -1.575790e+00 6.846631e-01
 -1.006019e-02 -5.528023e-01 6.108631e-01
 5.150106e-01 -2.798231e-01 1.124524e+00
 6.304504e-01 -1.116633e-01 1.355388e+00
 7.428663e-01 2.549516e-01 1.582296e+00
 7.825268e-01 6.466044e-01 1.657889e+00
 7.387320e-01 9.973610e-01 1.603949e+00
 6.207595e-01 1.317452e+00 1.415602e+00
 5.033826e-01 1.548826e+00 1.088515e+00
 3.979405e-01 1.621688e+00 7.232048e-01
 1.606793e-01 1.575906e+00 3.522594e-01
 -2.639130e-02 1.680790e+00 1.199242e-01
 -2.414556e-01 1.815255e+00 -9.488378e-03
 -5.250038e-01 1.935814e+00 -5.859944e-02
 -8.118947e-01 2.006621e+00 -2.616738e-02
 -1.119048e+00 1.991226e+00 7.543600e-02
 -1.403651e+00 1.869384e+00 2.129313e-01
 -1.642530e+00 1.629901e+00 3.927000e-01
 -1.757967e+00 1.332360e+00 5.893249e-01
 -1.736242e+00 9.980678e-01 7.868476e-01
 -1.574300e+00 6.833246e-01 9.466097e-01
 -8.859054e-01 -2.174982e-02 1.105475e+00
 -8.113792e-01 -9.687192e-02 1.146913e+00
 -7.238337e-01 -2.034597e-01 1.237854e+00
 -5.999943e-01 -4.239547e-01 1.444874e+00
 -4.235429e-01 -6.484984e-01 1.584215e+00
 -2.184602e-01 -8.579749e-01 1.644832e+00
 -5.991283e-04 -1.041950e+00 1.626505e+00
 2.184880e-01 -1.190034e+00 1.531259e+00
 4.264733e-01 -1.292571e+00 1.359247e+00
 6.091269e-01 -1.335676e+00 1.110226e+00
 7.431797e-01 -1.301890e+00 7.879588e-01
 7.973836e-01 -1.172397e+00 4.140504e-01
 7.352588e-01 -9.605683e-01 4.922105e-02
 5.522251e-01 -7.067340e-01 -2.331731e-01
 4.862627e-01 -6.328848e-01 -3.487349e-01
 4.185296e-01 -5.333059e-01 -5.551866e-01
 3.597836e-01 -5.021487e-01 -7.540795e-01
 2.984219e-01 -5.365647e-01 -9.518795e-01
 1.762680e-01 -6.352192e-01 -1.175417e+00
 -1.122108e-02 -8.069863e-01 -1.372700e+00
 -2.308618e-01 -1.006906e+00 -1.477453e+00
 -4.859421e-01 -1.198660e+00 -1.484345e+00
 -7.399882e-01 -1.355463e+00 -1.395829e+00
 -9.785770e-01 -1.464518e+00 -1.220811e+00
 -1.186399e+00 -1.500660e+00 -9.875666e-01
 -1.334244e+00 -1.472405e+00 -7.148508e-01
 -1.405967e+00 -1.392918e+00 -4.230025e-01
 -1.396903e+00 -1.270404e+00 -1.404514e-01
 -1.304840e+00 -1.102190e+00 1.259663e-01
 -1.280540e+00 -1.033059e+00 2.519507e-01
 -1.275234e+00 -9.760266e-01 3.742266e-01
 -1.289864e+00 -9.193431e-01 5.303912e-01
 -1.345893e+00 -8.702026e-01 7.214364e-01
 -1.518035e+00 -8.079510e-01 1.047814e+00
 -1.591599e+00 -7.259815e-01 1.259563e+00
 -1.621752e+00 -6.068427e-01 1.470053e+00
 -1.604679e+00 -4.548793e-01 1.671367e+00
 -1.538400e+00 -2.901200e-01 1.838358e+00
 -1.428069e+00 -1.179307e-01 1.965633e+00
 -1.281795e+00 5.523755e-02 2.045327e+00
 -1.107302e+00 2.201831e-01 2.072968e+00
 -9.154163e-01 3.706351e-01 2.044703e+00
 -7.235548e-01 5.004870e-01 1.960166e+00
 -5.461437e-01 6.011627e-01 1.826035e+00
 -3.826110e-01 6.670186e-01 1.645883e+00
 -2.576897e-01 6.871689e-01 1.451771e+00
 -5.649110e-02 6.306454e-01 1.069244e+00
 1.175690e-01 6.299754e-01 8.512712e-01
 3.320688e-01 6.098027e-01 6.912909e-01
 5.352548e-01 6.168458e-01 6.410748e-01
 8.631028e-01 6.869992e-01 6.431952e-01
 1.081665e+00 7.747879e-01 5.950014e-01
 1.326812e+00 8.655163e-01 4.615799e-01
 1.537217e+00 9.213544e-01 2.620838e-01
 1.694021e+00 9.278791e-01 1.899186e-02
 1.771007e+00 9.024646e-01 -2.501471e-01
 1.776459e+00 8.347969e-01 -5.307505e-01
 1.709636e+00 7.239819e-01 -7.941244e-01
 1.561676e+00 5.867811e-01 -1.028079e+00
 1.366446e+00 4.548862e-01 -1.186018e+00
 1.144962e+00 2.799159e-01 -1.277553e+00
 1.009889e+00 1.234550e-01 -1.379152e+00
 9.290333e-01 5.328396e-04 -1.516949e+00
 8.975926e-01 -1.846639e-01 -1.706415e+00
 9.279522e-01 -4.219636e-01 -1.866711e+00
 1.026480e+00 -6.612900e-01 -1.976214e+00
 1.191097e+00 -9.105252e-01 -2.024953e+00
 1.400843e+00 -1.153906e+00 -1.986482e+00
 1.628465e+00 -1.358763e+00 -1.849642e+00
 1.833212e+00 -1.500345e+00 -1.622523e+00
 1.987159e+00 -1.565295e+00 -1.324094e+00
 2.076380e+00 -1.536895e+00 -9.835961e-01
 2.099562e+00 -1.403316e+00 -6.517936e-01
 2.049145e+00 -1.183010e+00 -3.736552e-01
 1.929333e+00 -9.071505e-01 -1.832244e-01
 1.754441e+00 -6.142669e-01 -1.008931e-01
 1.268666e+00 -6.133385e-03 -1.613099e-01
 8.328897e-01 3.919565e-01 -3.225942e-01
 7.563755e-01 9.099538e-01 -4.168546e-01
 9.013738e-01 1.701936e+00 -3.397196e-01
 8.837300e-01 2.038030e+00 -2.106221e-01
 7.583755e-01 2.331585e+00 -1.577178e-02
 5.321552e-01 2.535315e+00 2.183776e-01
 2.274121e-01 2.612662e+00 4.615013e-01
