 5.438206e-01 1.669596e+00 7.157510e-01
 1.035455e-01 1.921405e+00 7.568066e-01
 -4.426416e-01 1.928098e+00 6.755098e-01
 -9.239339e-01 1.643387e+00 5.228871e-01
 -1.208570e+00 1.088504e+00 3.942214e-01
 -1.336987e+00 9.575658e-01 3.650917e-01
 -1.518290e+00 8.207110e-01 3.541514e-01
 -1.738862e+00 6.153244e-01 4.599121e-01
 -1.862953e+00 4.101819e-01 6.044103e-01
 -1.903077e+00 1.576323e-01 7.603682e-01
 -1.853270e+00 -9.739465e-02 8.926595e-01
 -1.711848e+00 -3.547019e-01 1.006201e+00
 -1.514812e+00 -5.513484e-01 1.083606e+00
 -1.262332e+00 -6.938011e-01 1.133025e+00
 -5.623297e-01 -8.708523e-01 1.176658e+00
 -2.581537e-01 -1.080986e+00 1.324841e+00
 -1.840068e-02 -1.448289e+00 1.334893e+00
 2.224263e-01 -1.800470e+00 1.116730e+00
 4.371174e-01 -1.989488e+00 7.256287e-01
 5.960235e-01 -1.959870e+00 2.602452e-01
 6.337191e-01 -1.729679e+00 -1.864165e-01
 4.857524e-01 -1.313840e+00 -5.679596e-01
 3.825849e-01 -1.170009e+00 -7.919503e-01
 2.935309e-01 -1.103131e+00 -1.055745e+00
 9.643514e-02 -1.163729e+00 -1.522333e+00
 -7.365370e-02 -1.052966e+00 -1.875357e+00
 -2.187407e-01 -7.898302e-01 -2.175198e+00
 -2.951157e-01 -4.552037e-01 -2.348600e+00
 -3.091502e-01 -8.206881e-02 -2.391005e+00
 -2.693444e-01 2.885146e-01 -2.293048e+00
 -1.727918e-01 6.289775e-01 -2.043010e+00
 -3.850634e-02 8.270171e-01 -1.707607e+00
 1.172266e-01 8.675624e-01 -1.331781e+00
 3.716358e-01 6.994455e-01 -8.430109e-01
 5.657125e-01 6.702790e-01 -5.458090e-01
 8.286855e-01 7.757544e-01 -3.583759e-01
 1.355871e+00 9.127580e-01 -1.710481e-01
 1.631947e+00 1.035952e+00 7.919928e-02
 1.787355e+00 1.156770e+00 4.199312e-01
 1.797820e+00 1.261500e+00 7.981545e-01
 1.662826e+00 1.339124e+00 1.155241e+00
 1.409991e+00 1.363664e+00 1.441231e+00
 1.077000e+00 1.322178e+00 1.624394e+00
 7.038617e-01 1.235735e+00 1.675283e+00
 3.473272e-01 1.126056e+00 1.583993e+00
 5.296411e-02 1.024555e+00 1.362924e+00
 -1.416934e-01 9.495991e-01 1.035861e+00
 -1.928823e-01 9.196492e-01 7.072750e-01
 -1.696448e-01 9.174877e-01 4.858214e-01
 -1.371153e-01 1.006049e+00 2.690763e-01
 -7.963003e-02 1.197484e+00 2.816155e-02
 1.459665e-02 1.419440e+00 -1.505076e-01
 1.908285e-01 1.595194e+00 -3.409442e-01
 4.102012e-01 1.687312e+00 -5.661991e-01
 6.426939e-01 1.679910e+00 -7.848901e-01
 8.667299e-01 1.583678e+00 -9.665899e-01
 1.049135e+00 1.411591e+00 -1.116772e+00
 1.174215e+00 1.189494e+00 -1.223468e+00
 1.268847e+00 9.168214e-01 -1.268073e+00
 1.310382e+00 6.311566e-01 -1.250524e+00
 1.290073e+00 3.416522e-01 -1.178280e+00
 1.196672e+00 5.310182e-02 -1.047493e+00
 1.154688e+00 -1.381051e-01 -1.004650e+00
 1.145337e+00 -3.082262e-01 -9.999349e-01
 1.185657e+00 -5.517974e-01 -1.025129e+00
 1.317220e+00 -9.749208e-01 -1.163364e+00
 1.272195e+00 -1.362748e+00 -1.267744e+00
 1.080527e+00 -1.717170e+00 -1.314258e+00
 7.696814e-01 -1.988631e+00 -1.287817e+00
 3.933711e-01 -2.128118e+00 -1.190014e+00
 4.204865e-02 -2.110715e+00 -1.043058e+00
 -2.799008e-01 -1.944292e+00 -8.797730e-01
 -5.060436e-01 -1.677521e+00 -7.510394e-01
 -6.171511e-01 -1.342911e+00 -6.438125e-01
 -5.975930e-01 -9.831989e-01 -5.539720e-01
 -3.565893e-01 -5.149541e-01 -4.087038e-01
 -2.836622e-01 -2.042871e-01 -3.706150e-01
 -3.102970e-01 5.520599e-02 -3.868056e-01
 -4.814631e-01 3.634080e-01 -4.394844e-01
 -1.173760e+00 1.106131e+00 -6.283086e-01
 -1.432557e+00 1.343856e+00 -5.712757e-01
 -1.673626e+00 1.538538e+00 -3.988752e-01
 -1.867599e+00 1.666558e+00 -1.343972e-01
 -1.999360e+00 1.712313e+00 1.976378e-01
 -2.038708e+00 1.678884e+00 5.389598e-01
 -1.988474e+00 1.572029e+00 8.572098e-01
 -1.855267e+00 1.406616e+00 1.119840e+00
 -1.652356e+00 1.188094e+00 1.305519e+00
 -1.433349e+00 9.405658e-01 1.377746e+00
 -1.210581e+00 6.876880e-01 1.335766e+00
 -1.020817e+00 4.480259e-01 1.182713e+00
 -8.984770e-01 2.478675e-01 9.432195e-01
 -8.578414e-01 1.193042e-01 6.745962e-01
 -9.456019e-01 -3.001553e-02 4.141985e-01
 -1.124543e+00 -1.467435e-01 1.847276e-01
 -1.264428e+00 -1.863449e-01 -6.898265e-02
 -1.330041e+00 -2.031368e-01 -4.237110e-01
 -1.301463e+00 -2.032542e-01 -6.798859e-01
 -1.202098e+00 -1.898962e-01 -9.057274e-01
 -1.024595e+00 -1.727128e-01 -1.109954e+00
 -7.523734e-01 -1.680959e-01 -1.283235e+00
 -4.658277e-01 -1.620010e-01 -1.370929e+00
 -8.606340e-02 -1.522969e-01 -1.381831e+00
 9.774869e-02 -1.472784e-01 -1.433260e+00
 2.513079e-01 -1.445695e-01 -1.519994e+00
 5.996178e-01 -1.813537e-01 -1.862126e+00
 9.848813e-01 -2.445917e-01 -2.010260e+00
 1.431485e+00 -2.916677e-01 -1.989341e+00
 1.793895e+00 -2.914095e-01 -1.817170e+00
 2.045049e+00 -2.794943e-01 -1.521925e+00
 2.168542e+00 -2.684968e-01 -1.105666e+00
 2.118417e+00 -2.472544e-01 -6.783200e-01
 1.911271e+00 -2.192452e-01 -3.212518e-01
 1.580859e+00 -1.876240e-01 -7.679568e-02
 7.755846e-01 -1.085627e-01 1.115743e-01
 4.987192e-01 -1.404689e-02 2.400029e-01
 2.884205e-01 2.001378e-02 4.433090e-01
 1.571372e-01 -1.797144e-02 7.183871e-01
 -6.808130e-02 -6.128563e-02 1.550455e+00
 -2.477187e-01 -1.654861e-01 1.848742e+00
 -4.603789e-01 -3.730670e-01 2.069644e+00
 -6.701374e-01 -6.542511e-01 2.179611e+00
 -8.468055e-01 -9.724612e-01 2.168370e+00
 -9.655649e-01 -1.286466e+00 2.042955e+00
 -1.024223e+00 -1.548173e+00 1.822302e+00
 -1.033713e+00 -1.726991e+00 1.529097e+00
 -9.848979e-01 -1.810549e+00 1.196146e+00
 -8.660674e-01 -1.801019e+00 8.709398e-01
 -6.893893e-01 -1.700988e+00 5.945160e-01
 -4.800005e-01 -1.530821e+00 4.027443e-01
 -2.503413e-01 -1.339522e+00 3.210788e-01
 -8.237242e-02 -1.187016e+00 3.265818e-01
 5.802472e-02 -1.069005e+00 3.629677e-01
 2.374944e-01 -1.004074e+00 4.314064e-01
 4.524104e-01 -9.740116e-01 5.490008e-01
 5.902426e-01 -9.327721e-01 6.776353e-01
 7.474935e-01 -8.285641e-01 8.214174e-01
 8.836567e-01 -6.815256e-01 9.343296e-01
 9.897060e-01 -5.078660e-01 1.011220e+00
 1.062912e+00 -3.146915e-01 1.055354e+00
 1.098813e+00 -1.139068e-01 1.069236e+00
 1.105778e+00 1.041908e-01 1.050297e+00
 1.079031e+00 3.376909e-01 9.961104e-01
 1.027647e+00 5.185538e-01 9.265442e-01
 8.278122e-01 9.224469e-01 7.026096e-01
 7.726937e-01 1.271981e+00 6.385287e-01
