 -1.709260e+00 -2.510054e+00 5.031219e-01
 -1.795972e+00 -2.451684e+00 7.779019e-01
 -1.841222e+00 -2.317979e+00 1.031117e+00
 -1.849327e+00 -2.111959e+00 1.248238e+00
 -1.837770e+00 -1.842190e+00 1.400768e+00
 -1.791966e+00 -1.531941e+00 1.469918e+00
 -1.695323e+00 -1.209384e+00 1.445507e+00
 -1.554711e+00 -9.152360e-01 1.318166e+00
 -1.389235e+00 -6.908182e-01 1.093393e+00
 -1.123501e+00 -4.704206e-01 5.644698e-01
 -1.000499e+00 -3.568525e-01 3.561145e-01
 -8.061427e-01 -2.219488e-01 1.416083e-01
 -6.446469e-01 -1.581462e-01 6.528854e-02
 -4.088532e-01 -1.312221e-01 3.276553e-02
 7.608329e-02 -2.756168e-01 1.643419e-02
 5.249789e-01 -6.184824e-01 8.311889e-02
 9.093951e-01 -7.661465e-01 -8.947869e-03
 1.313976e+00 -7.260497e-01 -2.051337e-01
 1.689913e+00 -4.536060e-01 -4.121670e-01
 1.897100e+00 -1.406271e-03 -5.656438e-01
 1.867840e+00 6.014024e-01 -6.310907e-01
 1.896483e+00 7.913804e-01 -6.563569e-01
 1.964623e+00 9.548423e-01 -6.892964e-01
 2.024846e+00 1.107938e+00 -7.636979e-01
 2.038635e+00 1.350146e+00 -9.210808e-01
 1.971058e+00 1.564779e+00 -1.063336e+00
 1.832558e+00 1.779250e+00 -1.170325e+00
 1.643494e+00 1.967115e+00 -1.223643e+00
 1.406859e+00 2.125778e+00 -1.220666e+00
 1.139306e+00 2.256276e+00 -1.137251e+00
 8.589483e-01 2.324831e+00 -9.711781e-01
 5.907160e-01 2.300831e+00 -7.263106e-01
 3.851920e-01 2.169706e+00 -4.194344e-01
 2.645795e-01 1.866210e+00 4.382501e-03
 1.541820e-01 1.760346e+00 2.106888e-01
 1.315327e-03 1.719092e+00 4.006506e-01
 -1.676876e-01 1.654442e+00 5.093612e-01
 -4.150366e-01 1.462343e+00 6.183783e-01
 -5.984696e-01 1.186027e+00 6.832176e-01
 -6.748872e-01 8.607884e-01 7.251395e-01
 -6.414399e-01 6.051125e-01 7.688046e-01
 -4.284274e-01 1.720166e-01 1.025995e+00
 -2.158749e-01 -2.997466e-01 1.047334e+00
 -1.969842e-01 -7.878117e-01 8.817183e-01
 -3.072652e-01 -1.094381e+00 5.654978e-01
 -4.603859e-01 -1.197670e+00 2.320876e-03
 -6.493406e-01 -8.646244e-01 -8.797768e-01
 -1.056730e+00 -6.838855e-01 -1.259704e+00
 -1.624239e+00 -6.323352e-01 -1.382278e+00
 -2.159378e+00 -7.514684e-01 -1.234918e+00
 -2.512030e+00 -9.915434e-01 -8.753135e-01
 -2.595609e+00 -1.239106e+00 -3.949430e-01
 -2.403505e+00 -1.412842e+00 7.328120e-02
 -2.008692e+00 -1.475646e+00 4.017347e-01
 -1.447252e+00 -1.516129e+00 5.029026e-01
 -1.206432e+00 -1.617022e+00 6.372335e-01
 -9.434579e-01 -1.878710e+00 7.652907e-01
 -7.198260e-01 -2.252608e+00 7.451546e-01
 -5.998481e-01 -2.624125e+00 5.734309e-01
 -5.742367e-01 -2.925831e+00 2.633011e-01
 -6.516900e-01 -3.099317e+00 -1.315911e-01
 -8.254164e-01 -3.110984e+00 -5.391110e-01
 -1.040433e+00 -2.939793e+00 -8.935369e-01
 -1.253210e+00 -2.602439e+00 -1.127043e+00
 -1.440668e+00 -2.167511e+00 -1.171523e+00
 -1.559094e+00 -1.728834e+00 -1.004179e+00
 -1.560929e+00 -1.228291e+00 -5.130608e-01
 -1.577193e+00 -1.003712e+00 -4.089409e-01
 -1.653486e+00 -8.030756e-01 -3.152069e-01
 -1.883516e+00 -4.729477e-01 -1.303729e-01
 -1.976617e+00 -2.323825e-01 6.535516e-02
 -1.984815e+00 -1.158674e-02 2.981775e-01
 -1.913322e+00 1.680390e-01 5.546800e-01
 -1.387908e+00 6.426298e-01 1.473745e+00
 -1.014960e+00 8.320120e-01 1.704610e+00
 -5.717701e-01 9.766670e-01 1.741591e+00
 -1.355478e-01 1.026367e+00 1.594845e+00
 2.003548e-01 9.754171e-01 1.301276e+00
 3.683281e-01 8.661937e-01 9.202835e-01
 3.439676e-01 7.585200e-01 5.184933e-01
 1.440949e-01 7.434554e-01 1.119186e-01
 -1.590894e-01 8.634421e-01 -1.960442e-01
 -4.863764e-01 1.212620e+00 -3.859911e-01
 -6.880548e-01 1.682304e+00 -3.846201e-01
 -7.084391e-01 2.158563e+00 -2.129946e-01
 -5.315021e-01 2.532753e+00 5.677108e-02
 -1.983905e-01 2.729305e+00 3.407404e-01
 1.992412e-01 2.718307e+00 5.908613e-01
 5.684884e-01 2.515028e+00 7.677999e-01
 8.433888e-01 2.183903e+00 8.346803e-01
 1.171083e+00 1.423599e+00 7.079980e-01
 1.409770e+00 1.149990e+00 5.334329e-01
 1.660039e+00 1.050527e+00 3.891772e-01
 2.289917e+00 8.408503e-01 2.847234e-01
 2.619592e+00 7.081288e-01 6.386230e-02
 2.834331e+00 5.929412e-01 -2.848726e-01
 2.891690e+00 5.226391e-01 -7.017019e-01
 2.770533e+00 4.835316e-01 -1.110152e+00
 2.482630e+00 4.899620e-01 -1.446838e+00
 2.085086e+00 5.811392e-01 -1.644126e+00
 1.649304e+00 7.299954e-01 -1.651423e+00
 1.269140e+00 9.177757e-01 -1.459689e+00
 1.037744e+00 1.126899e+00 -1.112315e+00
 1.015619e+00 1.342244e+00 -6.945098e-01
 1.166983e+00 1.515518e+00 -4.155338e-01
 1.493441e+00 1.925363e+00 -1.767843e-01
 1.905651e+00 2.066090e+00 2.683110e-01
 2.122094e+00 1.883226e+00 8.520082e-01
 2.111870e+00 1.392931e+00 1.290644e+00
 1.915639e+00 7.863218e-01 1.388047e+00
 1.608037e+00 2.938577e-01 1.128019e+00
 1.281119e+00 9.727953e-02 6.287079e-01
 1.070010e+00 2.492448e-01 3.927299e-02
 9.374329e-01 2.639920e-01 -2.636296e-01
 8.770224e-01 1.832879e-01 -4.945974e-01
 7.815044e-01 -1.240523e-02 -7.283388e-01
 6.603577e-01 -2.904094e-01 -8.911596e-01
 5.569679e-01 -5.727525e-01 -9.537157e-01
 2.469184e-01 -1.484150e+00 -8.733485e-01
 4.332743e-02 -1.767073e+00 -7.967579e-01
 -2.025856e-01 -1.959762e+00 -6.878272e-01
 -4.592963e-01 -2.066203e+00 -5.533209e-01
 -9.905032e-01 -2.125411e+00 -2.368789e-01
 -1.222723e+00 -2.243014e+00 -1.614224e-01
 -1.378067e+00 -2.370309e+00 -4.890298e-02
 -1.573730e+00 -2.484525e+00 2.107708e-01
