 5.516474e-01 -1.592201e+00 7.839943e-01
 7.635733e-01 -1.529794e+00 6.383275e-01
 9.316354e-01 -1.406712e+00 4.766640e-01
 1.018270e+00 -1.268219e+00 3.427008e-01
 1.054916e+00 -1.069869e+00 1.228406e-01
 1.032584e+00 -9.686077e-01 -9.493752e-02
 1.045392e+00 -9.228209e-01 -3.206921e-01
 1.044642e+00 -9.317190e-01 -7.113237e-01
 9.705845e-01 -8.352302e-01 -1.054508e+00
 8.513315e-01 -6.239904e-01 -1.342821e+00
 7.140265e-01 -4.068916e-01 -1.491263e+00
 5.699455e-01 -1.636391e-01 -1.541534e+00
 4.844131e-01 9.057690e-02 -1.529769e+00
 4.876178e-01 3.217415e-01 -1.494094e+00
 5.127487e-01 5.108333e-01 -1.507498e+00
 6.557808e-01 9.070522e-01 -1.555482e+00
 7.277027e-01 1.305978e+00 -1.448341e+00
 6.938740e-01 1.650621e+00 -1.221316e+00
 5.480599e-01 1.898025e+00 -9.053709e-01
 3.467364e-01 1.983002e+00 -5.812609e-01
 8.839894e-02 1.923008e+00 -3.190653e-01
 -1.473719e-01 1.873214e+00 -2.328992e-01
 -3.720087e-01 1.890367e+00 -1.512703e-01
 -5.878715e-01 1.917644e+00 4.213800e-02
 -7.687140e-01 1.867660e+00 3.117499e-01
 -8.980428e-01 1.695599e+00 6.087198e-01
 -9.433200e-01 1.424745e+00 8.668941e-01
 -9.014862e-01 1.091527e+00 1.036855e+00
 -7.772069e-01 7.465197e-01 1.097182e+00
 -5.613068e-01 4.364555e-01 1.061322e+00
 -4.284199e-01 2.368753e-01 1.086942e+00
 -3.611516e-01 1.069189e-01 1.141200e+00
 -2.941980e-01 -8.596988e-02 1.281071e+00
 -1.327744e-01 -6.548422e-01 1.905036e+00
 -1.082293e-01 -9.855221e-01 2.078104e+00
 -1.396414e-01 -1.355323e+00 2.132201e+00
 -2.266719e-01 -1.714739e+00 2.060282e+00
 -3.613976e-01 -2.013862e+00 1.872059e+00
 -5.165661e-01 -2.209154e+00 1.591878e+00
 -6.518584e-01 -2.279866e+00 1.246044e+00
 -7.618170e-01 -2.208317e+00 8.786427e-01
 -8.456400e-01 -1.996136e+00 5.567989e-01
 -8.966975e-01 -1.677758e+00 3.383475e-01
 -9.339555e-01 -1.292425e+00 2.600644e-01
 -9.326914e-01 -9.246798e-01 3.305099e-01
 -9.351457e-01 -6.894169e-01 4.734994e-01
 -1.086633e+00 -4.643217e-01 7.039263e-01
 -1.294749e+00 -3.130063e-01 1.059021e+00
 -1.302068e+00 -1.302687e-01 1.510574e+00
 -1.094122e+00 1.439875e-01 1.901182e+00
 -7.475957e-01 3.971222e-01 2.084635e+00
 -3.036350e-01 6.103848e-01 2.049100e+00
 1.323486e-01 7.287973e-01 1.800054e+00
 4.262485e-01 7.103960e-01 1.419280e+00
 6.527427e-01 4.214797e-01 6.773060e-01
 8.523341e-01 2.535137e-01 4.477276e-01
 1.718062e+00 -2.884227e-01 2.046021e-01
 1.900455e+00 -4.891285e-01 1.100590e-01
 2.015846e+00 -7.381992e-01 4.446258e-04
 2.047786e+00 -1.020747e+00 -1.154299e-01
 1.983543e+00 -1.312124e+00 -2.248347e-01
 1.821045e+00 -1.581315e+00 -3.135041e-01
 1.573757e+00 -1.791297e+00 -3.742328e-01
 1.254283e+00 -1.917151e+00 -4.127734e-01
 9.334939e-01 -1.931175e+00 -4.281297e-01
 6.113247e-01 -1.845899e+00 -3.929614e-01
 3.241472e-01 -1.669188e+00 -2.929039e-01
 1.278733e-01 -1.426878e+00 -1.532716e-01
 3.608165e-02 -1.145829e+00 3.287056e-02
 6.895578e-02 -8.363612e-01 2.549943e-01
 2.388976e-01 -6.175916e-01 5.513433e-01
 6.195940e-01 -5.639523e-01 1.032620e+00
 9.636516e-01 -3.667968e-01 1.282847e+00
 1.273814e+00 -7.854460e-02 1.368715e+00
 1.486757e+00 2.558309e-01 1.307558e+00
 1.574894e+00 6.142116e-01 1.123669e+00
 1.538554e+00 9.445088e-01 7.987641e-01
 1.392638e+00 1.127997e+00 4.548740e-01
 1.146361e+00 1.177451e+00 1.216979e-01
 3.436506e-01 9.491392e-01 -5.542260e-01
 3.995827e-02 9.946068e-01 -7.374127e-01
 -1.891693e-01 1.175651e+00 -9.756654e-01
 -3.549019e-01 1.466339e+00 -1.142563e+00
 -4.584024e-01 1.822241e+00 -1.200929e+00
 -4.959700e-01 2.193150e+00 -1.135175e+00
 -4.550333e-01 2.527718e+00 -9.545520e-01
 -3.682597e-01 2.770469e+00 -6.760124e-01
 -2.523983e-01 2.889130e+00 -3.367463e-01
 -1.226189e-01 2.868439e+00 1.579329e-02
 3.863272e-03 2.711861e+00 3.342374e-01
 1.118085e-01 2.439308e+00 5.760511e-01
 1.691577e-01 2.088238e+00 7.106371e-01
 1.567524e-01 1.710727e+00 7.253713e-01
 7.049624e-02 1.355850e+00 6.175304e-01
 -6.498821e-02 1.118027e+00 4.381181e-01
 -2.354666e-01 9.808341e-01 2.653212e-01
 -5.217993e-01 8.878668e-01 8.857989e-02
 -1.131853e+00 9.689235e-01 -2.671310e-01
 -1.442982e+00 8.571921e-01 -5.870623e-01
 -1.615549e+00 5.954634e-01 -9.221549e-01
 -1.621734e+00 2.301697e-01 -1.197594e+00
 -1.491750e+00 -1.633175e-01 -1.328507e+00
 -1.221698e+00 -5.115668e-01 -1.339403e+00
 -8.220780e-01 -7.278400e-01 -1.260226e+00
 -4.075509e-01 -7.682851e-01 -1.081374e+00
 -6.839811e-02 -6.391975e-01 -8.349492e-01
 2.127062e-01 -3.042515e-01 -5.931166e-01
 5.729235e-01 -3.036177e-02 -5.121893e-01
 9.569388e-01 9.796225e-02 -6.203875e-01
 1.235376e+00 1.652159e-01 -8.220872e-01
 1.429708e+00 2.229178e-01 -1.125051e+00
 1.502580e+00 2.546966e-01 -1.478039e+00
 1.447598e+00 2.627520e-01 -1.839999e+00
 1.273611e+00 2.795111e-01 -2.149457e+00
 1.002852e+00 3.166639e-01 -2.379565e+00
 6.673977e-01 3.524980e-01 -2.500811e+00
 3.093300e-01 3.746853e-01 -2.498070e+00
 -2.630238e-02 3.825501e-01 -2.371973e+00
 -2.984342e-01 3.729194e-01 -2.138214e+00
 -4.725491e-01 3.497750e-01 -1.826171e+00
 -6.041603e-01 2.466204e-01 -9.995206e-01
 -6.960781e-01 1.685917e-01 -7.574137e-01
 -7.801029e-01 6.775524e-02 -6.131818e-01
 -9.358144e-01 -3.551227e-02 -4.718714e-01
 -1.124476e+00 -1.292266e-01 -3.696471e-01
 -1.480031e+00 -2.770511e-01 -2.720834e-01
 -1.703337e+00 -4.344394e-01 -1.394392e-01
 -1.859914e+00 -6.196030e-01 4.205429e-02
 -1.935855e+00 -8.115550e-01 2.544605e-01
 -1.931640e+00 -9.855805e-01 4.886975e-01
 -1.833887e+00 -1.159102e+00 7.531370e-01
 -1.670990e+00 -1.273874e+00 9.642977e-01
 -1.452766e+00 -1.329575e+00 1.136447e+00
 -1.230296e+00 -1.326138e+00 1.244059e+00
 -9.152269e-01 -1.286581e+00 1.297672e+00
 -6.761837e-01 -1.257645e+00 1.261754e+00
 -4.067948e-01 -1.276915e+00 1.141562e+00
 5.695054e-02 -1.509429e+00 1.031396e+00
 3.173976e-01 -1.587551e+00 9.143535e-01
