 4.273652e-01 -1.990959e+00 4.863315e-01
 9.433518e-02 -1.548906e+00 1.026722e+00
 3.340713e-02 -1.425122e+00 1.270310e+00
 6.826053e-02 -1.233430e+00 1.546368e+00
 1.653681e-01 -8.871354e-01 1.756216e+00
 2.650909e-01 -4.654609e-01 1.793854e+00
 3.375973e-01 -4.235258e-02 1.636686e+00
 4.142140e-01 2.718100e-01 1.307918e+00
 4.746239e-01 4.105213e-01 8.793234e-01
 5.005897e-01 3.466845e-01 3.192157e-01
 5.426505e-01 3.598077e-01 8.500989e-02
 6.705099e-01 4.656192e-01 -3.361877e-01
 7.605460e-01 6.383999e-01 -1.105605e+00
 8.183353e-01 1.070504e+00 -1.520940e+00
 8.488950e-01 1.662530e+00 -1.631346e+00
 8.471300e-01 2.216744e+00 -1.399305e+00
 8.365507e-01 2.552467e+00 -8.919437e-01
 8.417804e-01 2.541584e+00 -3.513711e-01
 9.699847e-01 2.417389e+00 -8.196589e-02
 1.138068e+00 2.375973e+00 1.890732e-01
 1.135004e+00 2.341954e+00 7.309259e-01
 8.464389e-01 2.100953e+00 1.220082e+00
 3.976380e-01 1.727392e+00 1.409973e+00
 -4.096105e-02 1.326947e+00 1.239642e+00
 -3.108200e-01 1.033511e+00 7.664874e-01
 -2.910528e-01 8.916787e-01 -7.438477e-02
 -3.018076e-01 8.127497e-01 -2.811551e-01
 -4.021026e-01 7.319365e-01 -5.284667e-01
 -5.967392e-01 5.711612e-01 -7.481777e-01
 -7.940769e-01 3.318155e-01 -8.726954e-01
 -9.440692e-01 2.468626e-02 -9.066024e-01
 -1.032070e+00 -3.107449e-01 -8.407191e-01
 -9.827717e-01 -8.805015e-01 -6.408287e-01
 -1.046156e+00 -1.230575e+00 -6.973275e-01
 -1.071471e+00 -1.599507e+00 -9.142680e-01
 -8.930819e-01 -1.917313e+00 -1.298441e+00
 -5.688557e-01 -2.004373e+00 -1.709894e+00
 -1.319172e-01 -1.877573e+00 -1.988614e+00
 2.992406e-01 -1.563977e+00 -2.060445e+00
 5.885732e-01 -1.127098e+00 -1.922271e+00
 6.562174e-01 -6.898817e-01 -1.606538e+00
 4.870135e-01 -3.802003e-01 -1.201551e+00
 -3.318662e-01 -1.962711e-01 -8.339973e-02
 -6.901431e-01 -5.694905e-02 9.525709e-02
 -1.059534e+00 2.301608e-01 1.171227e-01
 -1.283444e+00 6.334876e-01 2.210506e-02
 -1.299838e+00 1.078693e+00 -1.484278e-01
 -1.105692e+00 1.465918e+00 -3.358723e-01
 -7.429397e-01 1.719026e+00 -5.004706e-01
 -2.904406e-01 1.784062e+00 -6.157476e-01
 4.078361e-01 1.589374e+00 -6.468428e-01
 8.524876e-01 1.538337e+00 -5.806040e-01
 1.241227e+00 1.593093e+00 -6.382146e-01
 1.633303e+00 1.896400e+00 -6.753214e-01
 1.853405e+00 2.344250e+00 -6.127216e-01
 1.853080e+00 2.823315e+00 -4.443630e-01
 1.631851e+00 3.213141e+00 -1.997486e-01
 1.245181e+00 3.411377e+00 6.995409e-02
 7.877143e-01 3.363157e+00 3.084238e-01
 3.811439e-01 3.072022e+00 4.637432e-01
 1.375716e-01 2.605646e+00 5.033828e-01
 1.352465e-01 2.087367e+00 4.306795e-01
 3.463390e-01 1.737745e+00 3.502470e-01
 6.348666e-01 1.455598e+00 4.015383e-01
 1.170772e+00 1.115866e+00 4.030013e-01
 1.407829e+00 8.169794e-01 3.759833e-01
 1.527696e+00 4.709977e-01 3.232567e-01
 1.522753e+00 1.205649e-01 2.328202e-01
 1.397503e+00 -1.942744e-01 1.147671e-01
 8.149698e-01 -8.131148e-01 -1.543655e-01
 4.716960e-01 -1.062769e+00 -1.139843e-01
 -5.675266e-03 -1.211394e+00 -4.322054e-02
 -2.057275e-01 -1.355682e+00 -5.175808e-02
 -5.407420e-01 -1.883982e+00 -7.796064e-02
 -9.213612e-01 -2.110832e+00 -2.650063e-02
 -1.341673e+00 -2.178270e+00 1.395532e-01
 -1.690850e+00 -2.106261e+00 4.329868e-01
 -1.891776e+00 -1.895789e+00 7.718104e-01
 -1.923412e+00 -1.525821e+00 1.113867e+00
 -1.754065e+00 -1.136198e+00 1.342650e+00
 -1.421102e+00 -7.897165e-01 1.418409e+00
 -9.956968e-01 -5.678768e-01 1.322727e+00
 -2.268521e-01 -4.982583e-01 8.897104e-01
 1.551929e-01 -5.609582e-01 7.356035e-01
 5.300338e-01 -6.431709e-01 8.153042e-01
 8.969757e-01 -8.873281e-01 9.935362e-01
 1.079848e+00 -1.321096e+00 1.292818e+00
 9.647624e-01 -1.813468e+00 1.551486e+00
 5.865948e-01 -2.219160e+00 1.669200e+00
 5.511859e-02 -2.413133e+00 1.620985e+00
 -4.764992e-01 -2.329289e+00 1.431514e+00
 -8.430812e-01 -1.994282e+00 1.155810e+00
 -9.451924e-01 -1.439819e+00 7.593696e-01
 -1.133376e+00 -1.215688e+00 4.949934e-01
 -1.816844e+00 -9.926944e-01 -2.198263e-02
 -2.024578e+00 -9.205675e-01 -4.945223e-01
 -1.975195e+00 -8.871769e-01 -1.016872e+00
 -1.667343e+00 -9.011934e-01 -1.467928e+00
 -1.228042e+00 -9.289050e-01 -1.692035e+00
 -7.375448e-01 -9.429622e-01 -1.669727e+00
 -3.424603e-01 -1.012601e+00 -1.427777e+00
 -1.451915e-01 -1.205815e+00 -1.180806e+00
 2.846174e-01 -1.822330e+00 -8.462609e-01
 4.651730e-01 -2.064348e+00 -4.603480e-01
 5.279145e-01 -2.116841e+00 1.007069e-02
