 -3.461117e-01 -1.957856e+00 -1.315168e+00
 7.812401e-02 -2.046047e+00 -1.332594e+00
 4.769539e-01 -1.997866e+00 -1.229405e+00
 8.127110e-01 -1.815570e+00 -1.013648e+00
 1.005773e+00 -1.568741e+00 -6.860648e-01
 1.010722e+00 -1.256356e+00 -3.139966e-01
 1.052376e+00 -1.125325e+00 -1.759684e-01
 1.154792e+00 -9.687405e-01 -1.004303e-02
 1.596431e+00 -6.735657e-01 3.385645e-01
 1.749407e+00 -4.274903e-01 5.504031e-01
 1.785812e+00 -1.333845e-01 7.514591e-01
 1.699570e+00 1.782882e-01 9.103533e-01
 1.498047e+00 4.618900e-01 1.016316e+00
 1.206321e+00 6.784402e-01 1.055347e+00
 2.896288e-01 1.018804e+00 9.443673e-01
 7.282841e-03 1.139483e+00 8.033352e-01
 -1.620486e-01 1.325153e+00 6.377800e-01
 -2.347155e-01 1.474831e+00 4.803316e-01
 -2.739157e-01 1.588987e+00 2.684742e-01
 -2.908867e-01 1.649536e+00 -2.037177e-02
 -2.880858e-01 1.617920e+00 -3.433037e-01
 -2.700872e-01 1.514081e+00 -6.063158e-01
 -2.071050e-01 1.296038e+00 -8.996512e-01
 -1.493094e-01 1.204527e+00 -1.118680e+00
 -9.505180e-02 1.168853e+00 -1.424767e+00
 1.468455e-01 1.231247e+00 -1.769061e+00
 5.093880e-01 1.257300e+00 -1.971345e+00
 9.331478e-01 1.182443e+00 -2.024667e+00
 1.345337e+00 1.019867e+00 -1.901119e+00
 1.648879e+00 8.360799e-01 -1.611639e+00
 1.783966e+00 6.670388e-01 -1.227366e+00
 1.737347e+00 5.322326e-01 -8.155529e-01
 1.339606e+00 3.514569e-01 -1.672361e-01
 9.256133e-01 1.022516e-01 2.474290e-01
 7.984695e-01 -4.377764e-02 4.571794e-01
 7.420360e-01 -3.063009e-01 9.137707e-01
 4.714410e-01 -5.913908e-01 1.267979e+00
 2.037772e-01 -7.478958e-01 1.373556e+00
 -1.768998e-01 -8.381036e-01 1.347721e+00
 -6.587211e-01 -7.644258e-01 1.215208e+00
 -1.013543e+00 -6.885155e-01 9.338277e-01
 -1.351242e+00 -7.842559e-01 8.050541e-01
 -1.627119e+00 -1.045105e+00 6.687316e-01
 -1.761611e+00 -1.405153e+00 4.981206e-01
 -1.713855e+00 -1.798337e+00 3.069254e-01
 -1.520213e+00 -2.096863e+00 1.354831e-01
 -1.177228e+00 -2.306019e+00 -3.330490e-02
 -7.918649e-01 -2.346566e+00 -1.639683e-01
 -4.271970e-01 -2.231156e+00 -2.485938e-01
 -1.413064e-01 -1.982985e+00 -3.065332e-01
 -1.368010e-03 -1.688564e+00 -3.724990e-01
 9.951694e-03 -1.352028e+00 -5.421767e-01
 4.589544e-02 -1.159740e+00 -7.921893e-01
 1.266311e-01 -1.013967e+00 -1.172130e+00
 2.216897e-01 -8.646925e-01 -1.388309e+00
 3.143198e-01 -6.460475e-01 -1.559606e+00
 3.941048e-01 -3.954878e-01 -1.656326e+00
 4.743085e-01 -1.382710e-01 -1.673354e+00
 5.494032e-01 1.109881e-01 -1.613343e+00
 6.233630e-01 3.385363e-01 -1.479118e+00
 7.408948e-01 6.521636e-01 -1.140613e+00
 8.052160e-01 8.974369e-01 -1.026052e+00
 8.528570e-01 1.093288e+00 -1.004399e+00
 8.373273e-01 1.399827e+00 -1.007628e+00
 7.398706e-01 1.687300e+00 -1.061078e+00
 5.517888e-01 1.938948e+00 -1.145720e+00
 3.059329e-01 2.107097e+00 -1.245702e+00
 1.195468e-03 2.189307e+00 -1.351499e+00
 -3.246205e-01 2.170177e+00 -1.414766e+00
 -6.413730e-01 2.041798e+00 -1.444083e+00
 -9.050783e-01 1.811518e+00 -1.442554e+00
 -1.080254e+00 1.504004e+00 -1.406694e+00
 -1.140151e+00 1.154347e+00 -1.345047e+00
 -1.074258e+00 8.074574e-01 -1.261087e+00
 -8.899943e-01 5.100479e-01 -1.161781e+00
 -1.831400e-01 -1.943743e-02 -8.680978e-01
 3.224676e-01 -1.667317e-01 -6.318074e-01
 6.330236e-01 -2.870244e-01 -6.618015e-01
 1.120267e+00 -3.853750e-01 -8.761298e-01
 1.498066e+00 -5.573387e-01 -9.014622e-01
 1.809142e+00 -8.216889e-01 -7.977537e-01
 1.999502e+00 -1.155913e+00 -5.824937e-01
 2.017239e+00 -1.465580e+00 -3.140786e-01
 1.866031e+00 -1.724559e+00 8.766978e-03
 1.573107e+00 -1.867775e+00 3.032824e-01
 1.191571e+00 -1.867672e+00 5.168969e-01
 7.879766e-01 -1.726034e+00 6.105200e-01
 4.445191e-01 -1.476815e+00 5.660295e-01
 6.769528e-02 -8.659136e-01 3.398377e-01
 -1.484883e-01 -4.642214e-01 3.728575e-01
 -2.185284e-01 -2.007375e-01 4.778018e-01
 -2.263705e-01 8.199748e-03 7.063470e-01
 -2.054430e-01 1.318835e-01 9.555216e-01
 -1.680688e-01 2.130434e-01 1.427803e+00
 -2.813353e-01 2.735434e-01 1.774659e+00
 -5.153870e-01 4.094220e-01 2.066855e+00
 -8.498694e-01 5.975275e-01 2.243217e+00
 -1.174241e+00 7.578610e-01 2.258961e+00
 -1.490968e+00 9.266413e-01 2.128894e+00
 -1.750613e+00 1.100467e+00 1.849039e+00
 -1.886581e+00 1.208503e+00 1.488582e+00
 -1.889261e+00 1.242558e+00 1.088508e+00
 -1.756562e+00 1.196870e+00 7.106245e-01
 -1.508657e+00 1.078587e+00 4.158677e-01
 -5.922228e-01 6.562773e-01 -3.611829e-02
 -2.168751e-01 6.329041e-01 -9.562855e-02
 8.975285e-02 6.903274e-01 -1.162373e-01
 3.761121e-01 8.753737e-01 -1.187736e-01
 6.260178e-01 1.181100e+00 -2.014715e-02
 7.451701e-01 1.538200e+00 1.761879e-01
 7.228900e-01 1.843280e+00 5.031405e-01
 5.470169e-01 2.027383e+00 8.918059e-01
 2.585292e-01 2.058020e+00 1.226409e+00
 -9.491194e-02 1.940143e+00 1.461103e+00
 -4.473281e-01 1.697325e+00 1.554800e+00
 -7.309608e-01 1.378987e+00 1.493492e+00
 -9.347288e-01 8.786939e-01 1.251941e+00
 -1.085422e+00 6.178643e-01 1.232628e+00
 -1.238361e+00 3.399976e-01 1.322773e+00
 -1.477308e+00 -2.114954e-01 1.707829e+00
 -1.523942e+00 -6.050176e-01 1.823272e+00
 -1.493492e+00 -1.009806e+00 1.800935e+00
 -1.381962e+00 -1.366286e+00 1.652169e+00
 -1.198385e+00 -1.626133e+00 1.400632e+00
 -9.808227e-01 -1.736476e+00 1.084977e+00
 -7.920751e-01 -1.689882e+00 7.499773e-01
 -7.142732e-01 -1.511475e+00 4.247929e-01
 -8.054996e-01 -1.336811e+00 1.289766e-01
 -9.416067e-01 -1.307629e+00 -1.662329e-01
 -1.011067e+00 -1.400220e+00 -5.023305e-01
 -9.397984e-01 -1.573925e+00 -8.552288e-01
 -7.108821e-01 -1.777408e+00 -1.143990e+00
