 -5.958027e-01 1.658905e-01 4.488133e-01
 -6.863970e-01 -2.423393e-01 6.236215e-01
 -6.917877e-01 -4.552278e-01 6.961230e-01
 -4.850242e-01 -1.428941e+00 1.080137e+00
 -2.406869e-01 -1.767500e+00 1.195536e+00
 1.176726e-01 -1.995780e+00 1.250411e+00
 5.207561e-01 -2.076804e+00 1.238403e+00
 9.062970e-01 -2.005998e+00 1.168477e+00
 1.221306e+00 -1.799748e+00 1.049105e+00
 1.423654e+00 -1.482862e+00 8.989753e-01
 1.476024e+00 -1.134390e+00 7.746955e-01
 1.369507e+00 -7.006558e-01 5.471852e-01
 1.441705e+00 -4.284067e-01 3.394885e-01
 1.598634e+00 -2.521897e-01 4.184456e-02
 1.711107e+00 -2.164679e-01 -3.960349e-01
 1.752484e+00 -3.683594e-01 -8.166542e-01
 1.678811e+00 -6.610181e-01 -1.155846e+00
 1.479460e+00 -1.009418e+00 -1.348984e+00
 1.210136e+00 -1.359216e+00 -1.362757e+00
 9.350531e-01 -1.657556e+00 -1.194075e+00
 7.030172e-01 -1.848876e+00 -8.781631e-01
 5.526435e-01 -1.899680e+00 -4.751576e-01
 5.067646e-01 -1.805483e+00 -8.239179e-02
 4.513435e-01 -1.094762e+00 8.464926e-01
 6.167008e-01 -1.019311e+00 1.513469e+00
 7.202044e-01 -6.281709e-01 1.966044e+00
 6.922343e-01 -7.119921e-02 2.157701e+00
 5.451746e-01 4.932419e-01 2.016199e+00
 2.131152e-01 8.280381e-01 1.630525e+00
 -8.367074e-02 8.313251e-01 1.399399e+00
 -4.292579e-01 7.921794e-01 1.314271e+00
 -8.841653e-01 6.511365e-01 1.331114e+00
 -1.201317e+00 5.104478e-01 1.205199e+00
 -1.478043e+00 3.918630e-01 9.290937e-01
 -1.612357e+00 2.908559e-01 5.672861e-01
 -1.595052e+00 2.269336e-01 1.667929e-01
 -1.405023e+00 2.492856e-01 -3.075407e-01
 -1.383020e+00 2.544628e-01 -5.535072e-01
 -1.471992e+00 2.472159e-01 -8.777231e-01
 -1.595433e+00 8.932919e-02 -1.177002e+00
 -1.693311e+00 -2.136001e-01 -1.414841e+00
 -1.692424e+00 -5.953697e-01 -1.550746e+00
 -1.589383e+00 -9.618707e-01 -1.573716e+00
 -1.381637e+00 -1.280303e+00 -1.506105e+00
 -1.099061e+00 -1.497493e+00 -1.358941e+00
 -7.854040e-01 -1.588635e+00 -1.134135e+00
 -5.001034e-01 -1.537708e+00 -8.597491e-01
 -2.839893e-01 -1.349120e+00 -5.810537e-01
 -1.283946e-02 -6.460416e-01 -1.804510e-02
 2.316118e-01 -3.801480e-01 1.513384e-01
 5.253029e-01 1.372980e-02 1.196489e-01
 1.008876e+00 6.185344e-01 1.318543e-01
 1.141709e+00 9.955552e-01 6.011341e-02
 1.128804e+00 1.380483e+00 -5.943525e-02
 9.744757e-01 1.712458e+00 -2.017723e-01
 7.063190e-01 1.946148e+00 -3.487088e-01
 3.619939e-01 2.053065e+00 -4.780620e-01
 -1.237771e-02 2.017779e+00 -5.748690e-01
 -3.661548e-01 1.844613e+00 -6.180894e-01
 -8.068765e-01 1.415177e+00 -5.537512e-01
 -1.102688e+00 1.280092e+00 -5.577617e-01
 -1.664894e+00 1.234898e+00 -5.262785e-01
 -2.027880e+00 1.049001e+00 -4.982349e-01
 -2.291949e+00 7.409149e-01 -4.860489e-01
 -2.417337e+00 3.648855e-01 -4.991345e-01
 -2.387204e+00 -2.282614e-02 -5.022639e-01
 -2.209391e+00 -3.690879e-01 -4.882031e-01
 -1.880948e+00 -6.406414e-01 -4.959505e-01
 -1.485669e+00 -7.630938e-01 -5.573903e-01
 -1.139499e+00 -7.236092e-01 -6.792805e-01
 -8.890740e-01 -5.904898e-01 -8.978907e-01
 -6.460587e-01 -5.357994e-01 -1.346751e+00
 -4.141657e-01 -3.132751e-01 -1.659102e+00
 -1.192649e-01 -1.533927e-02 -1.816163e+00
 1.520667e-01 2.859317e-01 -1.786188e+00
 3.458484e-01 5.874160e-01 -1.589935e+00
 4.380050e-01 8.733824e-01 -1.212568e+00
 3.951774e-01 1.023346e+00 -8.093578e-01
 1.631453e-01 1.051791e+00 -2.359179e-01
 -4.961149e-02 1.822890e+00 1.125629e+00
 -2.624644e-01 1.833826e+00 1.607631e+00
 -4.508026e-01 1.545676e+00 2.069419e+00
 -5.458002e-01 1.045846e+00 2.326645e+00
 -5.063105e-01 4.645227e-01 2.311234e+00
 -4.175710e-01 6.146939e-02 2.068867e+00
 -2.149517e-01 -1.801844e-01 1.636677e+00
 6.423974e-02 -1.630439e-01 1.290726e+00
 2.817436e-01 -8.397205e-02 1.147690e+00
 6.608124e-01 -2.755239e-02 1.111891e+00
 8.470533e-01 2.467897e-03 1.131260e+00
 1.279341e+00 2.728798e-02 1.251499e+00
 1.540473e+00 -6.796068e-03 1.273480e+00
 1.792604e+00 -8.101796e-02 1.239685e+00
 2.017642e+00 -1.893039e-01 1.151890e+00
 2.200244e+00 -3.232177e-01 1.015853e+00
 2.328296e+00 -4.724702e-01 8.408908e-01
 2.393444e+00 -6.250125e-01 6.400572e-01
 2.391301e+00 -8.048014e-01 3.991288e-01
 2.314228e+00 -9.638531e-01 1.907457e-01
 2.169102e+00 -1.092893e+00 4.599592e-03
 1.965367e+00 -1.191307e+00 -1.444833e-01
 1.738222e+00 -1.238222e+00 -2.414943e-01
 1.445087e+00 -1.218469e+00 -3.244122e-01
 1.256480e+00 -1.151869e+00 -3.553419e-01
 1.066218e+00 -1.013516e+00 -4.004699e-01
 8.998654e-01 -8.655915e-01 -5.085141e-01
 7.264882e-01 -6.119090e-01 -7.193544e-01
 6.239491e-01 -4.863408e-01 -7.957048e-01
 5.034903e-01 -3.613949e-01 -8.453847e-01
 3.690854e-01 -2.419836e-01 -8.662861e-01
 2.321443e-01 -1.345192e-01 -8.568232e-01
 -5.642355e-02 8.868407e-02 -7.689773e-01
 -2.705996e-01 2.436674e-01 -7.976259e-01
 -4.796816e-01 4.534318e-01 -9.708748e-01
 -7.186234e-01 8.505386e-01 -1.413675e+00
 -8.753373e-01 1.185753e+00 -1.559589e+00
 -1.046209e+00 1.547170e+00 -1.551534e+00
 -1.203404e+00 1.874094e+00 -1.392509e+00
 -1.324485e+00 2.118246e+00 -1.110666e+00
 -1.379614e+00 2.258182e+00 -7.456011e-01
 -1.362162e+00 2.265141e+00 -3.706904e-01
 -1.303614e+00 2.129648e+00 -5.651997e-03
 -1.212342e+00 1.885822e+00 2.686302e-01
 -1.086037e+00 1.568825e+00 4.287834e-01
 -9.441038e-01 1.221774e+00 4.541947e-01
 -7.909047e-01 8.474497e-01 3.279041e-01
 -6.684213e-01 6.397908e-01 3.219151e-01
 -6.159701e-01 4.704444e-01 3.516551e-01
