 9.633110e-01 -1.936512e+00 9.035775e-01
 1.322043e+00 -1.932981e+00 6.244819e-01
 1.603400e+00 -1.748628e+00 3.497930e-01
 1.744852e+00 -1.427597e+00 8.285710e-02
 1.748416e+00 -1.059460e+00 -7.743688e-02
 1.668495e+00 -6.391121e-01 -9.522548e-02
 1.536725e+00 -3.296628e-01 2.257798e-02
 1.454453e+00 -1.087647e-01 2.491404e-01
 1.524810e+00 2.323366e-01 7.270649e-01
 1.266901e+00 4.958096e-01 1.209387e+00
 7.567038e-01 6.789264e-01 1.489681e+00
 2.361121e-01 7.008838e-01 1.466717e+00
 -2.907477e-01 6.273036e-01 1.094493e+00
 -5.936543e-01 3.474549e-01 3.833005e-01
 -1.437475e+00 3.753519e-01 -2.301759e-01
 -1.743631e+00 2.229923e-01 -4.502588e-01
 -2.002176e+00 -7.763603e-02 -5.943605e-01
 -2.183843e+00 -4.644298e-01 -6.037492e-01
 -2.252985e+00 -8.668458e-01 -4.748621e-01
 -2.196457e+00 -1.214303e+00 -2.302150e-01
 -2.023674e+00 -1.445137e+00 8.638783e-02
 -1.748279e+00 -1.526887e+00 4.131019e-01
 -1.429563e+00 -1.432460e+00 6.931892e-01
 -1.162433e+00 -1.168537e+00 9.094523e-01
 -1.015795e+00 -8.998421e-01 9.678317e-01
 -9.654718e-01 -6.371937e-01 1.020562e+00
 -1.050342e+00 -2.755278e-01 1.120917e+00
 -1.282738e+00 1.009290e-01 1.159950e+00
 -1.399975e+00 4.234278e-01 1.084057e+00
 -1.399400e+00 7.711135e-01 9.481162e-01
 -1.275829e+00 1.071638e+00 7.783069e-01
 -1.067462e+00 1.277141e+00 5.677723e-01
 -7.978649e-01 1.366927e+00 3.272479e-01
 -2.213219e-01 1.286250e+00 -1.171769e-01
 -1.526913e-01 1.282558e+00 -1.639083e-01
 -7.410745e-02 1.286466e+00 -2.141919e-01
 5.647492e-03 1.298713e+00 -2.638846e-01
 1.841345e-01 1.347358e+00 -3.580607e-01
 8.440205e-01 1.483452e+00 -4.677069e-01
 1.153527e+00 1.522115e+00 -6.398085e-01
 1.390647e+00 1.507381e+00 -8.994959e-01
 1.527371e+00 1.462359e+00 -1.221587e+00
 1.545068e+00 1.398032e+00 -1.571630e+00
 1.437562e+00 1.322021e+00 -1.907566e+00
 1.213376e+00 1.243874e+00 -2.186240e+00
 8.961673e-01 1.174099e+00 -2.368587e+00
 5.253881e-01 1.123269e+00 -2.424338e+00
 1.478055e-01 1.084924e+00 -2.335900e+00
 -1.453692e-01 1.050636e+00 -2.125961e+00
 -3.479102e-01 1.074387e+00 -1.845507e+00
 -4.294669e-01 1.138317e+00 -1.605800e+00
 -4.874642e-01 1.345452e+00 -1.277865e+00
 -4.856317e-01 1.946437e+00 -8.793775e-01
 -3.683160e-01 2.195784e+00 -5.792923e-01
 -1.837628e-01 2.302872e+00 -2.225803e-01
 3.419090e-02 2.244684e+00 1.262419e-01
 2.412643e-01 2.029147e+00 4.129026e-01
 4.082137e-01 1.694908e+00 5.882466e-01
 5.330075e-01 1.299765e+00 6.129019e-01
 5.626333e-01 7.439319e-01 4.558686e-01
 5.238056e-01 3.745691e-01 4.759504e-01
 5.080154e-01 2.545735e-01 5.140747e-01
 4.934103e-01 1.478948e-01 5.812147e-01
 4.806146e-01 -9.451766e-02 8.319923e-01
 4.797241e-01 -2.124314e-01 1.043339e+00
 6.596896e-01 -4.892026e-01 1.707163e+00
 6.771405e-01 -7.493763e-01 1.998590e+00
 6.108611e-01 -1.084260e+00 2.190323e+00
 4.721267e-01 -1.445175e+00 2.252888e+00
 2.694417e-01 -1.788487e+00 2.176472e+00
 4.004475e-02 -2.025036e+00 1.996690e+00
 -1.854648e-01 -2.144824e+00 1.733701e+00
 -3.579191e-01 -2.157687e+00 1.391787e+00
 -4.387709e-01 -2.059069e+00 1.020302e+00
 -4.306560e-01 -1.847620e+00 6.902398e-01
 -3.490247e-01 -1.580174e+00 4.746361e-01
 -2.554873e-01 -1.118285e+00 3.413732e-01
 -2.003586e-01 -8.672987e-01 1.820991e-01
 -1.110763e-01 -7.159143e-01 -4.813228e-02
 3.689864e-03 -6.384722e-01 -3.357779e-01
 1.673625e-01 -6.397449e-01 -7.358486e-01
 2.828762e-01 -5.494336e-01 -1.004448e+00
 3.835034e-01 -3.757475e-01 -1.235814e+00
 4.587647e-01 -1.348929e-01 -1.408782e+00
 5.181393e-01 2.086592e-01 -1.524532e+00
 5.595836e-01 5.339214e-01 -1.532390e+00
 5.850892e-01 9.426113e-01 -1.417620e+00
 5.577328e-01 1.190283e+00 -1.399993e+00
 5.202784e-01 1.513292e+00 -1.464006e+00
 3.505204e-01 1.835210e+00 -1.663729e+00
 1.804254e-02 2.044451e+00 -1.882713e+00
 -4.482017e-01 2.085691e+00 -2.028889e+00
 -8.965319e-01 1.956323e+00 -2.037745e+00
 -1.251302e+00 1.674600e+00 -1.933913e+00
 -1.441229e+00 1.298845e+00 -1.741628e+00
 -1.429525e+00 9.046392e-01 -1.502111e+00
 -1.220597e+00 5.716806e-01 -1.266393e+00
 -8.895836e-01 3.931772e-01 -1.070893e+00
 2.360137e-01 3.571147e-01 -5.394464e-01
 1.651916e+00 6.014531e-01 -4.871982e-01
 2.153968e+00 4.834601e-01 -2.561057e-01
 2.459681e+00 1.661367e-01 9.813087e-02
 2.478804e+00 -2.599883e-01 4.761732e-01
 2.209936e+00 -6.233057e-01 7.903475e-01
 1.748461e+00 -8.320404e-01 9.478102e-01
 1.233809e+00 -9.173592e-01 8.457270e-01
 9.508210e-01 -9.577066e-01 5.632381e-01
 7.978978e-01 -1.095942e+00 3.196933e-01
 6.841571e-01 -1.356341e+00 9.130279e-03
 4.825621e-01 -1.533149e+00 -2.303073e-01
 2.092377e-01 -1.638420e+00 -4.155384e-01
 -6.709073e-02 -1.639377e+00 -5.327405e-01
 -3.819797e-01 -1.549051e+00 -5.864405e-01
 -7.225215e-01 -1.378544e+00 -5.325696e-01
 -9.504854e-01 -1.185139e+00 -4.239083e-01
 -1.379619e+00 -6.237816e-01 4.730078e-02
 -1.679091e+00 -4.853543e-01 3.065648e-01
 -1.948111e+00 -5.304048e-01 6.506838e-01
 -2.030975e+00 -6.321381e-01 1.068728e+00
 -1.876584e+00 -7.435798e-01 1.540742e+00
 -1.491128e+00 -8.898695e-01 1.888068e+00
 -1.016470e+00 -1.009935e+00 1.997092e+00
 -5.448990e-01 -1.081683e+00 1.868773e+00
 -3.958520e-02 -1.178396e+00 1.387863e+00
 2.427615e-01 -1.322158e+00 1.258529e+00
 6.133796e-01 -1.747188e+00 1.128805e+00
