 -1.720276e+00 -1.515328e+00 -5.661304e-01
 -1.568181e+00 -1.651597e+00 -3.819757e-01
 -1.369156e+00 -1.725645e+00 -2.101226e-01
 -1.172133e+00 -1.739043e+00 -9.870596e-02
 -9.282866e-01 -1.732926e+00 -3.715213e-02
 -7.066676e-01 -1.737613e+00 -5.405861e-02
 -4.978854e-01 -1.799558e+00 -7.824709e-02
 -1.410295e-01 -1.968290e+00 -1.942289e-01
 2.248635e-01 -1.993350e+00 -2.899816e-01
 6.152288e-01 -1.878317e+00 -3.531673e-01
 9.022698e-01 -1.648810e+00 -3.627143e-01
 1.083492e+00 -1.313240e+00 -3.535834e-01
 1.123022e+00 -9.169899e-01 -3.318952e-01
 9.764199e-01 -4.011315e-01 -2.518218e-01
 9.893447e-01 -2.243633e-01 -2.358856e-01
 1.124447e+00 7.287806e-02 -2.072973e-01
 1.674453e+00 9.752660e-01 -2.668830e-01
 1.756979e+00 1.318201e+00 -2.358006e-01
 1.740882e+00 1.656864e+00 -1.344191e-01
 1.612793e+00 1.973761e+00 2.397049e-02
 1.392146e+00 2.199166e+00 2.001530e-01
 1.106715e+00 2.311898e+00 3.725988e-01
 7.986766e-01 2.301686e+00 5.322877e-01
 5.098969e-01 2.164785e+00 6.727894e-01
 3.060250e-01 1.936360e+00 7.954237e-01
 2.254858e-01 1.672079e+00 9.910308e-01
 6.220254e-02 1.396580e+00 1.510463e+00
 1.451266e-02 1.040677e+00 1.802993e+00
 1.092914e-02 6.362475e-01 1.921281e+00
 4.080830e-02 2.066228e-01 1.863312e+00
 9.854554e-02 -1.399635e-01 1.631101e+00
 2.270449e-01 -3.456049e-01 1.304092e+00
 4.406583e-01 -3.992165e-01 9.964307e-01
 7.215026e-01 -3.764516e-01 8.051219e-01
 1.353827e+00 -4.352642e-01 7.043371e-01
 1.750131e+00 -4.499503e-01 4.323482e-01
 1.979818e+00 -4.213832e-01 6.203762e-02
 2.030428e+00 -3.808733e-01 -3.576252e-01
 1.900528e+00 -3.263769e-01 -7.480861e-01
 1.607176e+00 -2.635017e-01 -1.061910e+00
 1.178280e+00 -2.345755e-01 -1.245990e+00
 7.554214e-01 -2.001882e-01 -1.232425e+00
 5.203422e-01 -1.488754e-01 -1.275294e+00
 2.864210e-01 -7.743126e-02 -1.404013e+00
 -1.918721e-01 2.006769e-01 -1.914654e+00
 -7.150597e-01 4.962758e-01 -2.010309e+00
 -1.226887e+00 7.576513e-01 -1.747937e+00
 -1.509498e+00 8.738542e-01 -1.252376e+00
 -1.506560e+00 7.850841e-01 -6.126357e-01
 -1.222875e+00 5.498210e-01 -1.449667e-01
 -4.765267e-01 -1.030272e-01 1.854043e-01
 -5.304924e-01 -6.865534e-01 6.899888e-01
 -6.602946e-01 -1.646471e+00 9.558879e-01
 -6.928216e-01 -1.992390e+00 9.303126e-01
 -7.342676e-01 -2.314065e+00 7.855584e-01
 -7.824859e-01 -2.568007e+00 5.357272e-01
 -8.318174e-01 -2.719770e+00 2.080249e-01
 -8.761369e-01 -2.744673e+00 -1.554320e-01
 -8.960822e-01 -2.635978e+00 -5.149263e-01
 -8.761873e-01 -2.412129e+00 -8.076063e-01
 -8.398308e-01 -2.081089e+00 -1.005599e+00
 -8.090136e-01 -1.702953e+00 -1.066033e+00
 -8.016154e-01 -1.347264e+00 -9.872931e-01
 -8.416350e-01 -1.032545e+00 -7.831416e-01
 -9.081146e-01 -8.276829e-01 -4.906801e-01
 -1.287900e+00 -6.909372e-01 -1.301744e-01
 -1.398894e+00 -6.345767e-01 4.193205e-02
 -1.486373e+00 -5.264378e-01 2.543637e-01
 -1.514163e+00 -3.953467e-01 4.592696e-01
 -1.481946e+00 -2.472053e-01 6.490223e-01
 -1.389908e+00 -8.818293e-02 8.139803e-01
 -1.238964e+00 7.373020e-02 9.444057e-01
 -1.033200e+00 2.294635e-01 1.029011e+00
 -7.812904e-01 3.669483e-01 1.057471e+00
 -5.119311e-01 4.748929e-01 1.020462e+00
 -1.913362e-01 5.412910e-01 9.167211e-01
 2.085575e-01 5.892600e-01 8.812578e-01
 4.352072e-01 6.143389e-01 9.609608e-01
 7.092499e-01 5.833483e-01 1.175407e+00
 9.339927e-01 4.258486e-01 1.394637e+00
 1.083664e+00 1.556445e-01 1.608494e+00
 1.138235e+00 -1.533373e-01 1.734903e+00
 1.130732e+00 -4.996035e-01 1.763451e+00
 1.070536e+00 -8.392770e-01 1.675576e+00
 9.646924e-01 -1.141217e+00 1.467423e+00
 8.184185e-01 -1.333390e+00 1.191397e+00
 6.360429e-01 -1.403171e+00 8.766114e-01
 4.464943e-01 -1.338693e+00 5.675217e-01
 2.543250e-01 -1.089321e+00 1.949593e-01
 1.194418e-01 -9.844844e-01 -8.540176e-02
 8.832290e-02 -9.735489e-01 -3.575037e-01
 3.223892e-01 -1.152683e+00 -1.419356e+00
 5.219041e-01 -9.902245e-01 -1.880442e+00
 7.202775e-01 -6.085980e-01 -2.188970e+00
 8.925710e-01 -8.283897e-02 -2.261181e+00
 9.497803e-01 3.865847e-01 -2.075896e+00
 8.801483e-01 7.510031e-01 -1.649838e+00
 7.422117e-01 8.516188e-01 -1.153526e+00
 2.875396e-01 6.229371e-01 -3.818826e-01
 8.636495e-02 6.956646e-01 -1.756970e-01
 -2.523369e-01 1.046040e+00 5.036025e-02
 -6.917155e-01 1.682006e+00 5.420416e-01
 -7.419372e-01 1.966260e+00 8.266472e-01
 -6.378673e-01 2.216027e+00 1.128018e+00
 -3.954257e-01 2.397457e+00 1.394222e+00
 -5.568912e-02 2.478201e+00 1.589140e+00
 3.226730e-01 2.442216e+00 1.686863e+00
 6.816737e-01 2.289227e+00 1.687176e+00
 9.803780e-01 2.052219e+00 1.577341e+00
 1.174469e+00 1.790398e+00 1.357536e+00
 1.234546e+00 1.546144e+00 1.077592e+00
 1.174691e+00 1.364129e+00 7.485038e-01
 1.014040e+00 1.276776e+00 4.697638e-01
 8.481167e-01 1.291498e+00 2.379377e-01
 7.333133e-01 1.461367e+00 -3.672074e-02
 6.374253e-01 1.571574e+00 -1.656648e-01
 4.582081e-01 1.668964e+00 -3.621982e-01
 2.692988e-01 1.691188e+00 -5.436212e-01
 8.067486e-02 1.645222e+00 -6.999328e-01
 -9.732470e-02 1.536565e+00 -8.285168e-01
 -2.591767e-01 1.370991e+00 -9.225571e-01
 -3.966519e-01 1.149332e+00 -9.800216e-01
 -4.835756e-01 8.977827e-01 -1.005348e+00
 -5.370330e-01 5.800239e-01 -9.778166e-01
 -5.834000e-01 4.460182e-01 -9.708933e-01
 -6.413042e-01 3.262548e-01 -9.799248e-01
 -7.289553e-01 1.998188e-01 -1.005103e+00
 -8.509105e-01 7.942746e-02 -1.044338e+00
 -9.874526e-01 -1.540604e-02 -1.086642e+00
 -1.232439e+00 -1.296340e-01 -1.144892e+00
 -1.439156e+00 -2.742771e-01 -1.156418e+00
 -1.613971e+00 -4.583341e-01 -1.133655e+00
 -1.744302e+00 -6.725866e-01 -1.079997e+00
 -1.820971e+00 -9.024722e-01 -9.977147e-01
 -1.840948e+00 -1.129661e+00 -8.844213e-01
 -1.810188e+00 -1.336237e+00 -7.357877e-01
