 3.625820e-01 1.870384e+00 -1.058672e+00
 6.063201e-01 1.481242e+00 -9.803185e-01
 6.814286e-01 1.058006e+00 -1.079544e+00
 8.082762e-01 5.886602e-01 -1.442045e+00
 8.024932e-01 2.588922e-01 -1.576375e+00
 7.587695e-01 -1.057102e-01 -1.588868e+00
 6.589220e-01 -4.299030e-01 -1.489109e+00
 4.998590e-01 -6.858832e-01 -1.295281e+00
 3.178192e-01 -8.465929e-01 -1.014888e+00
 -9.649791e-02 -9.431775e-01 -1.977454e-01
 -2.784492e-01 -1.027436e+00 -2.559884e-02
 -6.309219e-01 -1.088925e+00 1.409037e-01
 -1.029813e+00 -9.803828e-01 2.361472e-01
 -1.368972e+00 -6.818593e-01 2.830883e-01
 -1.540620e+00 -2.332625e-01 2.880473e-01
 -1.490246e+00 2.905960e-01 2.259609e-01
 -1.088638e+00 9.448608e-01 8.227376e-02
 -1.095084e+00 1.412932e+00 1.459205e-01
 -1.254817e+00 1.773176e+00 9.957579e-02
 -1.526541e+00 2.063960e+00 -6.939690e-02
 -1.803898e+00 2.207447e+00 -3.615288e-01
 -1.997511e+00 2.214654e+00 -7.480926e-01
 -2.061163e+00 2.095272e+00 -1.151872e+00
 -2.003310e+00 1.851185e+00 -1.505063e+00
 -1.850048e+00 1.515057e+00 -1.734415e+00
 -1.620852e+00 1.153025e+00 -1.801509e+00
 -8.539154e-01 2.940891e-01 -1.531859e+00
 -5.358801e-01 1.271057e-01 -1.393365e+00
 -2.502877e-01 9.705089e-02 -1.235257e+00
 9.180428e-02 1.443624e-01 -8.558482e-01
 3.202599e-01 1.182999e-01 -6.711486e-01
 5.788492e-01 5.741819e-02 -6.012966e-01
 1.216087e+00 5.824650e-02 -5.121310e-01
 1.669938e+00 -1.051196e-01 -1.773673e-01
 1.851726e+00 -4.314949e-01 2.630990e-01
 1.697186e+00 -7.921719e-01 7.032248e-01
 1.169584e+00 -1.151216e+00 1.030559e+00
 1.073349e+00 -1.229156e+00 1.118542e+00
 9.963226e-01 -1.320239e+00 1.224839e+00
 8.956648e-01 -1.395085e+00 1.397679e+00
 7.717578e-01 -1.421849e+00 1.568501e+00
 5.918660e-01 -1.413363e+00 1.730692e+00
 3.907609e-01 -1.368899e+00 1.847421e+00
 1.616216e-01 -1.286464e+00 1.917486e+00
 -9.756377e-02 -1.178670e+00 1.922722e+00
 -3.333008e-01 -1.045872e+00 1.861481e+00
 -5.365323e-01 -8.746992e-01 1.736343e+00
 -6.810208e-01 -6.813513e-01 1.549918e+00
 -7.471362e-01 -4.864162e-01 1.312800e+00
 -7.234812e-01 -3.142914e-01 1.044917e+00
 -5.776831e-01 -1.528008e-01 6.667109e-01
 -5.283809e-01 -1.204021e-01 4.853403e-01
 -5.158826e-01 -5.018047e-02 9.018977e-02
 -6.116012e-01 -7.259476e-02 -1.726435e-01
 -7.794363e-01 -2.102763e-01 -4.118310e-01
 -8.825596e-01 -4.902046e-01 -6.695738e-01
 -9.153210e-01 -8.255679e-01 -8.181384e-01
 -8.590994e-01 -1.178503e+00 -8.663106e-01
 -7.075633e-01 -1.508868e+00 -8.208935e-01
 -4.698848e-01 -1.765615e+00 -7.035737e-01
 -1.744958e-01 -1.917322e+00 -5.205829e-01
 1.190733e-01 -1.940904e+00 -2.813961e-01
 3.938538e-01 -1.822861e+00 3.038523e-03
 5.303814e-01 -1.806522e+00 1.393746e-01
 7.212976e-01 -1.843550e+00 3.122047e-01
 1.211621e+00 -2.064596e+00 5.504804e-01
 1.525079e+00 -2.084071e+00 7.914949e-01
 1.767590e+00 -1.978666e+00 1.088180e+00
 1.901082e+00 -1.763746e+00 1.395682e+00
 1.904379e+00 -1.472904e+00 1.665791e+00
 1.787263e+00 -1.140308e+00 1.846362e+00
 1.564575e+00 -8.123604e-01 1.911266e+00
 1.255456e+00 -5.600792e-01 1.867143e+00
 9.085588e-01 -4.204612e-01 1.718182e+00
 5.770576e-01 -4.187689e-01 1.489955e+00
 2.943622e-01 -5.685117e-01 1.213111e+00
 1.259192e-01 -8.671151e-01 9.316197e-01
 -1.901940e-01 -1.996002e+00 8.943641e-01
 3.818791e-02 -2.624797e+00 6.168495e-01
 5.156276e-01 -2.879527e+00 1.149931e-01
 9.705557e-01 -2.638625e+00 -3.741266e-01
 1.252406e+00 -2.009247e+00 -6.136066e-01
 1.246344e+00 -1.313074e+00 -4.712038e-01
 7.676134e-01 -5.726860e-01 2.172253e-01
 9.785275e-01 3.933174e-01 8.632734e-01
 9.170506e-01 7.905139e-01 9.972098e-01
 7.752682e-01 1.198182e+00 9.685191e-01
 5.831093e-01 1.531769e+00 7.817034e-01
 3.573090e-01 1.722236e+00 4.893169e-01
 9.003497e-02 1.742733e+00 1.446767e-01
 -1.382440e-01 1.599032e+00 -1.585550e-01
 -2.964077e-01 1.254608e+00 -5.161064e-01
 -3.365540e-01 1.077061e+00 -8.837845e-01
 -3.427266e-01 1.100507e+00 -1.169381e+00
 -2.487106e-01 1.163145e+00 -1.529232e+00
 4.549664e-02 1.297492e+00 -1.866960e+00
 4.617951e-01 1.453295e+00 -2.023727e+00
 9.108277e-01 1.541208e+00 -1.981852e+00
 1.309544e+00 1.542639e+00 -1.761417e+00
 1.578308e+00 1.486646e+00 -1.394756e+00
 1.662156e+00 1.381385e+00 -9.577552e-01
 1.545952e+00 1.244681e+00 -5.379376e-01
 1.255809e+00 1.101292e+00 -2.207454e-01
 4.110576e-01 7.712354e-01 9.458130e-02
 1.876211e-01 7.141818e-01 2.734517e-01
 -5.857698e-01 9.207834e-01 9.733141e-01
 -9.707267e-01 9.746121e-01 1.109522e+00
 -1.381322e+00 1.051158e+00 1.084693e+00
 -1.734928e+00 1.144796e+00 9.076936e-01
 -1.987454e+00 1.204349e+00 6.117003e-01
 -2.113861e+00 1.218991e+00 2.294629e-01
 -2.075299e+00 1.194300e+00 -1.694844e-01
 -1.884002e+00 1.195567e+00 -5.254591e-01
 -1.635638e+00 1.252012e+00 -7.353848e-01
 -1.331515e+00 1.407981e+00 -8.532584e-01
 -1.014016e+00 1.864562e+00 -1.010055e+00
 -5.789398e-01 2.100703e+00 -1.049337e+00
 -5.667884e-02 2.098312e+00 -1.103155e+00
