 -2.236049e-01 2.977432e+00 -8.380144e-01
 -3.578749e-02 3.021791e+00 -6.377643e-01
 1.632366e-01 2.989018e+00 -4.404715e-01
 3.564088e-01 2.873264e+00 -2.496403e-01
 4.973591e-01 2.702890e+00 -9.747559e-02
 6.232668e-01 2.449602e+00 1.939037e-02
 7.264250e-01 2.145455e+00 5.080855e-02
 7.756963e-01 1.876842e+00 -8.593102e-03
 8.325167e-01 1.652142e+00 -1.504790e-01
 9.355677e-01 1.485279e+00 -3.062616e-01
 1.123452e+00 1.290953e+00 -6.252199e-01
 1.216072e+00 1.056587e+00 -8.408596e-01
 1.228125e+00 7.857334e-01 -1.004294e+00
 1.154294e+00 4.973041e-01 -1.119521e+00
 1.000976e+00 2.210227e-01 -1.173528e+00
 7.830369e-01 -1.497401e-02 -1.159960e+00
 5.223996e-01 -1.901077e-01 -1.075236e+00
 3.678496e-01 -3.308789e-01 -1.041144e+00
 2.172254e-01 -5.469671e-01 -1.042773e+00
 -1.824632e-02 -9.291896e-01 -1.225507e+00
 -1.675576e-01 -1.181359e+00 -1.256563e+00
 -3.271283e-01 -1.411888e+00 -1.207975e+00
 -4.758307e-01 -1.599973e+00 -1.092657e+00
 -6.119660e-01 -1.751589e+00 -9.101315e-01
 -7.226013e-01 -1.845559e+00 -6.895434e-01
 -7.980400e-01 -1.888225e+00 -4.334659e-01
 -8.256493e-01 -1.880096e+00 -1.650496e-01
 -8.044949e-01 -1.822126e+00 9.588117e-02
 -7.037328e-01 -1.638894e+00 4.905499e-01
 -7.043790e-01 -1.593808e+00 7.976776e-01
 -7.911798e-01 -1.704827e+00 1.363053e+00
 -7.469984e-01 -1.668707e+00 1.751979e+00
 -6.178664e-01 -1.499211e+00 2.116804e+00
 -4.443146e-01 -1.233519e+00 2.357560e+00
 -2.329102e-01 -9.206190e-01 2.450865e+00
 -4.547652e-03 -6.030732e-01 2.385398e+00
 2.295075e-01 -3.128888e-01 2.149005e+00
 3.913937e-01 -1.449261e-01 1.813302e+00
 4.635355e-01 -9.823374e-02 1.412438e+00
 4.108773e-01 -3.236217e-01 4.051232e-01
 4.708464e-01 -4.381911e-01 1.485278e-01
 6.304722e-01 -5.282736e-01 -4.477068e-02
 9.758571e-01 -7.962308e-01 -3.602496e-01
 1.125910e+00 -9.614204e-01 -7.497334e-01
 1.125714e+00 -1.014710e+00 -1.195764e+00
 9.817243e-01 -9.342100e-01 -1.619905e+00
 7.547750e-01 -7.279268e-01 -1.919628e+00
 4.393810e-01 -4.615341e-01 -2.060847e+00
 6.583721e-02 -2.055009e-01 -2.013754e+00
 -2.472158e-01 6.606754e-05 -1.793802e+00
 -4.580934e-01 1.333642e-01 -1.438746e+00
 -6.090044e-01 1.890812e-01 -6.073159e-01
 -8.007027e-01 1.683985e-01 -3.293143e-01
 -1.223470e+00 2.345006e-01 -5.406852e-02
 -1.475872e+00 2.419831e-01 3.308799e-01
 -1.564412e+00 1.638492e-01 7.484083e-01
 -1.495679e+00 3.899288e-02 1.073158e+00
 -1.288228e+00 -1.722767e-01 1.364696e+00
 -1.000075e+00 -4.040473e-01 1.526211e+00
 -6.724184e-01 -6.011347e-01 1.553125e+00
 -2.612501e-01 -8.279990e-01 1.409042e+00
 -4.811292e-02 -9.931440e-01 1.422937e+00
 3.154915e-01 -1.274851e+00 1.625916e+00
 5.806182e-01 -1.514996e+00 1.650923e+00
 8.253120e-01 -1.753779e+00 1.552579e+00
 1.047589e+00 -1.961940e+00 1.331180e+00
 1.188310e+00 -2.087794e+00 1.046653e+00
 1.241951e+00 -2.141572e+00 7.171851e-01
 1.197664e+00 -2.132635e+00 3.795333e-01
 1.047662e+00 -2.062886e+00 5.258739e-02
 8.356523e-01 -1.931974e+00 -1.870397e-01
 5.776101e-01 -1.754359e+00 -3.295261e-01
 3.051272e-01 -1.551554e+00 -3.597341e-01
 -1.153961e-02 -1.270416e+00 -2.564859e-01
 -2.164912e-01 -1.069028e+00 -2.391427e-01
 -3.863772e-01 -9.762029e-01 -2.773604e-01
 -6.201320e-01 -8.765046e-01 -3.991447e-01
 -1.059709e+00 -7.519205e-01 -6.972122e-01
 -1.327723e+00 -5.193671e-01 -8.779801e-01
 -1.515352e+00 -1.542336e-01 -1.003628e+00
 -1.562457e+00 2.099107e-01 -1.045388e+00
 -1.487312e+00 5.662629e-01 -1.013981e+00
 -1.312434e+00 8.822658e-01 -8.882453e-01
 -1.081239e+00 1.103909e+00 -6.661567e-01
 -8.205809e-01 1.191002e+00 -3.909193e-01
 -4.571587e-01 1.112696e+00 -4.090767e-02
 4.870459e-01 1.172831e+00 6.873137e-01
 8.849006e-01 1.219377e+00 7.827090e-01
 1.288514e+00 1.362950e+00 7.271283e-01
 1.604913e+00 1.575145e+00 5.278007e-01
 1.779413e+00 1.818266e+00 2.225483e-01
 1.784037e+00 2.050256e+00 -1.332200e-01
 1.621332e+00 2.231933e+00 -4.764494e-01
 1.321980e+00 2.322381e+00 -7.625536e-01
 9.557107e-01 2.292927e+00 -9.421007e-01
 5.546408e-01 2.185541e+00 -9.786463e-01
 2.273413e-01 2.058845e+00 -8.597969e-01
 3.639205e-02 2.010009e+00 -6.800063e-01
 -8.938722e-02 2.013760e+00 -5.595700e-01
 -1.953229e-01 2.041963e+00 -4.308102e-01
 -3.720957e-01 2.132261e+00 -1.231462e-01
 -5.736363e-01 2.092884e+00 2.409981e-01
 -7.312505e-01 1.916652e+00 5.504898e-01
 -8.287636e-01 1.626102e+00 7.916333e-01
 -8.456196e-01 1.262896e+00 9.343481e-01
 -7.728609e-01 8.806709e-01 9.623339e-01
 -5.665926e-01 3.852136e-01 8.261168e-01
 -5.305099e-01 9.461299e-02 7.225906e-01
 -5.804402e-01 -2.125615e-01 6.147760e-01
 -6.443131e-01 -3.380648e-01 5.689859e-01
 -7.891272e-01 -4.973565e-01 5.309551e-01
 -9.851355e-01 -6.460165e-01 5.056466e-01
 -1.330826e+00 -8.258697e-01 5.075725e-01
 -1.584409e+00 -1.110415e+00 5.601738e-01
 -1.712447e+00 -1.472713e+00 6.245910e-01
 -1.693322e+00 -1.854295e+00 6.921252e-01
 -1.518026e+00 -2.231813e+00 7.436786e-01
 -1.237127e+00 -2.489034e+00 7.692806e-01
 -8.767534e-01 -2.617466e+00 7.800248e-01
 -4.502314e-01 -2.596107e+00 7.740256e-01
 -8.539655e-02 -2.420454e+00 7.533673e-01
 1.817428e-01 -2.117916e+00 7.139126e-01
 3.410408e-01 -1.638679e+00 6.618021e-01
 4.710958e-01 -1.463275e+00 6.390688e-01
 6.509238e-01 -1.312391e+00 6.467338e-01
 9.715263e-01 -1.130833e+00 7.057317e-01
 1.208051e+00 -9.033752e-01 7.022733e-01
 1.348867e+00 -6.734022e-01 6.597805e-01
 1.422084e+00 -4.144592e-01 5.778797e-01
 1.414276e+00 -1.378408e-01 4.610868e-01
 1.323241e+00 1.164295e-01 3.197830e-01
 1.157483e+00 3.218263e-01 1.469740e-01
 9.265198e-01 4.536238e-01 -3.174468e-02
 6.015329e-01 5.022986e-01 -2.409617e-01
 4.268150e-01 5.751745e-01 -4.079743e-01
 3.073264e-01 6.779063e-01 -5.832931e-01
 1.209989e-01 9.092308e-01 -8.582900e-01
 -2.627203e-01 1.234915e+00 -1.254276e+00
 -4.157763e-01 1.433118e+00 -1.375654e+00
 -5.325592e-01 1.676874e+00 -1.446154e+00
 -6.027873e-01 1.944444e+00 -1.460593e+00
 -6.219707e-01 2.214958e+00 -1.419841e+00
 -5.897345e-01 2.469051e+00 -1.328776e+00
 -5.089045e-01 2.689909e+00 -1.195020e+00
 -3.845505e-01 2.863380e+00 -1.027863e+00
