 -1.068869e+00 9.688867e-01 -4.615693e-01
 -1.586829e+00 1.100212e+00 -4.831826e-01
 -1.980308e+00 1.050384e+00 -4.518259e-01
 -2.322368e+00 8.610439e-01 -3.756054e-01
 -2.559176e+00 5.634054e-01 -2.651518e-01
 -2.659752e+00 1.903180e-01 -1.490167e-01
 -2.608832e+00 -1.823929e-01 -6.869949e-02
 -2.409123e+00 -5.166936e-01 4.023345e-03
 -2.095217e+00 -7.433880e-01 8.849842e-02
 -1.716171e+00 -8.342871e-01 1.470960e-01
 -1.328385e+00 -7.813787e-01 1.587540e-01
 -1.094163e+00 -6.473095e-01 1.560019e-01
 -8.506945e-01 -4.866037e-01 5.192259e-02
 -5.913974e-01 -4.312690e-01 -3.588609e-02
 -3.684854e-01 -4.692056e-01 -1.313157e-01
 -1.001187e-01 -6.350605e-01 -3.835542e-01
 6.764505e-02 -8.397708e-01 -7.718737e-01
 2.509003e-01 -9.550233e-01 -9.773056e-01
 4.929605e-01 -1.036137e+00 -1.128321e+00
 7.663652e-01 -1.078756e+00 -1.211117e+00
 1.048010e+00 -1.084448e+00 -1.223227e+00
 1.312669e+00 -1.057806e+00 -1.168843e+00
 1.544900e+00 -1.000324e+00 -1.059676e+00
 1.726687e+00 -9.070055e-01 -9.256452e-01
 1.853044e+00 -7.911650e-01 -7.806891e-01
 1.930190e+00 -6.668665e-01 -6.147819e-01
 1.955486e+00 -5.362602e-01 -4.431135e-01
 1.933891e+00 -4.033711e-01 -2.354976e-01
 1.886774e+00 -3.359973e-01 -9.107137e-02
 1.841376e+00 -3.128853e-01 2.210075e-02
 1.818035e+00 -2.964460e-01 1.113927e-01
 1.797640e+00 -2.811351e-01 2.563923e-01
 1.791194e+00 -2.594596e-01 7.373729e-01
 1.673660e+00 -1.935716e-01 1.075549e+00
 1.461993e+00 -1.061573e-01 1.335167e+00
 1.178696e+00 -1.761569e-02 1.497763e+00
 8.562573e-01 7.190455e-02 1.548195e+00
 5.204083e-01 1.453779e-01 1.480754e+00
 2.158758e-01 1.772017e-01 1.307631e+00
 -1.907237e-01 1.813863e-01 8.540820e-01
 -4.611106e-01 2.863035e-01 6.482946e-01
 -6.827655e-01 5.115237e-01 5.531464e-01
 -8.744462e-01 8.627899e-01 5.326685e-01
 -9.352920e-01 1.194347e+00 5.240086e-01
 -9.584085e-01 1.535237e+00 3.856409e-01
 -9.809967e-01 1.810418e+00 1.238882e-01
 -9.949959e-01 1.970319e+00 -2.182528e-01
 -1.015976e+00 1.995490e+00 -6.120420e-01
 -1.049144e+00 1.877879e+00 -9.702681e-01
 -1.064212e+00 1.637841e+00 -1.250106e+00
 -1.038516e+00 1.272692e+00 -1.442287e+00
 -9.873850e-01 8.943213e-01 -1.483790e+00
 -9.279291e-01 5.293590e-01 -1.381120e+00
 -8.687907e-01 1.284775e-01 -1.072487e+00
 -8.428726e-01 -1.415175e-01 -1.002193e+00
 -9.397298e-01 -5.868469e-01 -9.825588e-01
 -9.755967e-01 -9.250349e-01 -8.529507e-01
 -9.099020e-01 -1.206908e+00 -6.750409e-01
 -7.787661e-01 -1.395295e+00 -4.554721e-01
 -6.174204e-01 -1.487024e+00 -1.620818e-01
 -4.683647e-01 -1.450170e+00 1.574663e-01
 -3.435736e-01 -1.274977e+00 4.893554e-01
 -2.778492e-01 -8.326343e-01 9.311265e-01
 -2.443451e-01 -7.525654e-01 1.346073e+00
 -3.700306e-01 -7.332874e-01 1.693132e+00
 -6.480144e-01 -7.228022e-01 1.984435e+00
 -1.026561e+00 -6.715039e-01 2.152530e+00
 -1.414688e+00 -5.726651e-01 2.159727e+00
 -1.759100e+00 -4.304047e-01 2.020895e+00
 -2.008432e+00 -2.563724e-01 1.758958e+00
 -2.125501e+00 -8.828937e-02 1.405344e+00
 -2.086137e+00 5.386520e-02 1.017876e+00
 -1.717980e+00 1.977227e-01 2.868345e-01
 -1.639206e+00 1.733440e-01 -4.064017e-02
 -1.641378e+00 8.095885e-02 -3.254457e-01
 -1.842039e+00 -3.094493e-02 -8.032902e-01
 -1.862073e+00 -9.350949e-02 -1.131959e+00
 -1.767792e+00 -1.588418e-01 -1.461710e+00
 -1.573818e+00 -2.362220e-01 -1.731579e+00
 -1.300394e+00 -2.963678e-01 -1.917659e+00
 -9.671755e-01 -3.183778e-01 -2.006079e+00
 -6.147418e-01 -2.859947e-01 -1.986388e+00
 -2.834634e-01 -1.883944e-01 -1.857748e+00
 -2.671528e-02 -5.806730e-02 -1.624322e+00
 1.203399e-01 8.160668e-02 -1.314459e+00
 1.820821e-01 4.010101e-01 -3.143312e-01
 1.960651e-01 5.556790e-01 -8.208506e-02
 2.098317e-01 8.758948e-01 1.537042e-01
 1.736450e-01 1.068667e+00 4.498433e-01
 6.301529e-02 1.176746e+00 8.269275e-01
 -1.208058e-01 1.182388e+00 1.149010e+00
 -3.431536e-01 1.082685e+00 1.374487e+00
 -5.826502e-01 8.786370e-01 1.519962e+00
 -8.766234e-01 4.984254e-01 1.571385e+00
 -1.065274e+00 1.289364e-01 1.459144e+00
 -1.137469e+00 -2.808577e-01 1.194003e+00
 -1.246090e+00 -5.729643e-01 1.147618e+00
 -1.275000e+00 -8.973422e-01 1.178635e+00
 -1.155949e+00 -1.267101e+00 1.270722e+00
 -8.789080e-01 -1.572855e+00 1.377290e+00
 -5.352467e-01 -1.732485e+00 1.435983e+00
 -1.506800e-01 -1.770520e+00 1.415922e+00
 2.145040e-01 -1.675924e+00 1.324104e+00
 5.135130e-01 -1.454596e+00 1.175744e+00
 6.962694e-01 -1.137859e+00 9.859030e-01
 8.057822e-01 -4.597788e-02 4.913788e-01
 1.195448e+00 9.260907e-01 6.922375e-01
 1.449712e+00 1.445712e+00 4.336359e-01
 1.668720e+00 1.701224e+00 -9.831272e-02
 1.826298e+00 1.588648e+00 -6.834935e-01
 1.810797e+00 1.186152e+00 -1.147101e+00
 1.572411e+00 6.453625e-01 -1.347027e+00
 1.249730e+00 1.446714e-01 -1.186935e+00
 9.286480e-01 -3.902655e-01 -4.456033e-01
 9.714327e-01 -7.585520e-01 -2.624905e-01
 1.138652e+00 -1.037166e+00 -9.049568e-02
 1.398947e+00 -1.226557e+00 6.135031e-02
 1.720346e+00 -1.306796e+00 1.908516e-01
 2.057648e+00 -1.270133e+00 2.839291e-01
 2.370687e+00 -1.117628e+00 3.461884e-01
 2.617607e+00 -8.729855e-01 3.666476e-01
 2.769253e+00 -5.653508e-01 3.554688e-01
 2.811687e+00 -2.267161e-01 3.151205e-01
 2.743570e+00 1.025597e-01 2.371063e-01
 2.573703e+00 3.824346e-01 1.290990e-01
 2.320952e+00 5.814514e-01 5.332353e-03
 2.012762e+00 6.775168e-01 -1.170599e-01
 1.633108e+00 6.565561e-01 -2.391806e-01
 1.422391e+00 6.963885e-01 -3.073502e-01
 1.282725e+00 7.585159e-01 -3.430953e-01
 1.188599e+00 8.141226e-01 -3.840203e-01
 1.066002e+00 9.015985e-01 -4.631411e-01
 9.301699e-01 1.036814e+00 -5.853492e-01
 7.761499e-01 1.140970e+00 -6.743765e-01
 6.012651e-01 1.221459e+00 -7.368386e-01
 4.162834e-01 1.278769e+00 -7.683536e-01
 2.339866e-01 1.305746e+00 -7.759659e-01
 5.497338e-02 1.303682e+00 -7.644729e-01
 -1.154349e-01 1.276099e+00 -7.338112e-01
 -2.758487e-01 1.223514e+00 -6.865458e-01
 -7.109947e-01 1.013700e+00 -4.864966e-01
