 4.049018e-01 -2.208773e+00 -1.194987e+00
 8.070205e-01 -2.186368e+00 -1.169507e+00
 1.159161e+00 -2.035520e+00 -1.073335e+00
 1.415747e+00 -1.778526e+00 -9.298263e-01
 1.543087e+00 -1.453395e+00 -7.543215e-01
 1.522432e+00 -1.108223e+00 -5.754218e-01
 1.328187e+00 -7.453436e-01 -3.739323e-01
 1.254167e+00 -5.768644e-01 -2.286434e-01
 1.232839e+00 -4.522611e-01 -1.009919e-01
 1.254107e+00 -2.974168e-01 8.870198e-02
 1.478900e+00 -4.206380e-02 5.336491e-01
 1.502929e+00 1.219042e-01 8.356673e-01
 1.407428e+00 2.994899e-01 1.122358e+00
 1.202013e+00 4.630312e-01 1.351977e+00
 9.158165e-01 5.883052e-01 1.496041e+00
 5.591597e-01 6.478537e-01 1.554637e+00
 -1.017469e-03 6.816546e-01 1.454469e+00
 -2.984065e-01 7.904090e-01 1.486602e+00
 -4.998030e-01 9.512898e-01 1.502822e+00
 -6.766913e-01 1.171048e+00 1.444047e+00
 -8.076684e-01 1.381832e+00 1.313241e+00
 -9.107164e-01 1.558239e+00 1.104070e+00
 -9.754320e-01 1.673968e+00 8.372958e-01
 -9.880543e-01 1.729539e+00 5.392024e-01
 -9.614297e-01 1.709071e+00 2.618004e-01
 -7.860187e-01 1.591906e+00 -2.281313e-01
 -7.337699e-01 1.650251e+00 -5.748097e-01
 -5.826950e-01 1.806935e+00 -8.567595e-01
 -2.510769e-01 1.984018e+00 -1.088950e+00
 1.380486e-01 2.052736e+00 -1.180218e+00
 5.628065e-01 1.992579e+00 -1.150735e+00
 9.171892e-01 1.838877e+00 -9.918099e-01
 1.158128e+00 1.623072e+00 -7.204241e-01
 1.243162e+00 1.373018e+00 -3.878270e-01
 1.164117e+00 1.151070e+00 -7.226804e-02
 6.074160e-01 5.045470e-01 5.256948e-01
 4.931631e-01 2.197389e-01 6.280297e-01
 4.771144e-01 7.563754e-02 7.104549e-01
 5.145919e-01 -1.151714e-01 8.760256e-01
 5.355776e-01 -3.575253e-01 1.201708e+00
 5.155483e-01 -6.722914e-01 1.403532e+00
 4.871139e-01 -1.069706e+00 1.481217e+00
 4.674884e-01 -1.447795e+00 1.413037e+00
 4.543222e-01 -1.758229e+00 1.220283e+00
 4.312601e-01 -1.972207e+00 9.236092e-01
 4.247657e-01 -2.066952e+00 5.520763e-01
 4.449913e-01 -2.018147e+00 1.461783e-01
 4.730317e-01 -1.835222e+00 -1.899108e-01
 5.142847e-01 -1.485796e+00 -4.797999e-01
 5.288343e-01 -1.372167e+00 -6.150598e-01
 5.419517e-01 -1.235929e+00 -8.520067e-01
 5.747064e-01 -1.184703e+00 -1.205359e+00
 5.073666e-01 -1.262042e+00 -1.599465e+00
 3.319225e-01 -1.445112e+00 -1.917323e+00
 6.188232e-02 -1.681347e+00 -2.112662e+00
 -2.588228e-01 -1.925561e+00 -2.154006e+00
 -5.808307e-01 -2.126122e+00 -2.045824e+00
 -8.678634e-01 -2.250284e+00 -1.810490e+00
 -1.075539e+00 -2.284978e+00 -1.483349e+00
 -1.177098e+00 -2.224252e+00 -1.113057e+00
 -1.157329e+00 -2.081547e+00 -7.557667e-01
 -1.046042e+00 -1.859764e+00 -4.749159e-01
 -8.626516e-01 -1.583823e+00 -3.003791e-01
 -6.252353e-01 -1.308299e+00 -2.535693e-01
 -4.644994e-01 -1.114274e+00 -3.180227e-01
 -3.588224e-01 -9.583973e-01 -4.054270e-01
 -2.805746e-01 -7.366701e-01 -5.665209e-01
 -2.148020e-01 -4.642220e-01 -9.761003e-01
 -1.865806e-01 -2.564055e-01 -1.155467e+00
 -1.351840e-01 -2.166068e-02 -1.273939e+00
 -7.622367e-02 2.248037e-01 -1.324922e+00
 -1.353243e-02 4.690030e-01 -1.308199e+00
 4.792738e-02 7.017622e-01 -1.225115e+00
 9.660102e-02 8.970065e-01 -1.088477e+00
 1.591850e-01 1.059410e+00 -8.909396e-01
 2.133354e-01 1.203595e+00 -5.917936e-01
 2.219916e-01 1.404650e+00 -3.574826e-01
 2.410677e-01 1.643596e+00 -2.457531e-01
 1.706487e-01 1.926911e+00 -1.503741e-01
 3.600666e-02 2.180303e+00 -1.165796e-01
 -1.724435e-01 2.399441e+00 -1.277623e-01
 -4.360731e-01 2.551766e+00 -1.704212e-01
 -7.310739e-01 2.620044e+00 -2.424871e-01
 -1.027300e+00 2.593997e+00 -3.199486e-01
 -1.307655e+00 2.473600e+00 -3.832289e-01
 -1.543772e+00 2.262247e+00 -4.399316e-01
 -1.703529e+00 1.980213e+00 -4.907705e-01
 -1.764808e+00 1.654478e+00 -5.336777e-01
 -1.715856e+00 1.319531e+00 -5.611069e-01
 -1.557969e+00 1.013929e+00 -5.668397e-01
 -1.306778e+00 7.749279e-01 -5.470451e-01
 -5.443406e-01 4.298701e-01 -4.291484e-01
 -1.908520e-01 3.014262e-01 -3.112467e-01
 -3.804441e-03 2.545514e-01 -2.945150e-01
 1.409202e-01 2.194975e-01 -3.246629e-01
 4.206743e-01 1.772622e-01 -4.397828e-01
 9.659513e-01 3.304793e-01 -7.023880e-01
 1.406234e+00 3.402067e-01 -7.289370e-01
 1.827308e+00 1.982314e-01 -6.284886e-01
 2.133293e+00 -6.619726e-02 -4.150524e-01
 2.266652e+00 -4.172016e-01 -1.215414e-01
 2.203061e+00 -7.385233e-01 1.641347e-01
 1.971826e+00 -9.894859e-01 3.935552e-01
 1.547174e+00 -1.179410e+00 5.561308e-01
 1.083060e+00 -1.207544e+00 5.789669e-01
 5.989428e-01 -1.056431e+00 4.606842e-01
 4.097376e-01 -1.045204e+00 4.564483e-01
 1.177925e-01 -1.084394e+00 5.220374e-01
 -3.567360e-01 -1.233540e+00 7.202938e-01
 -6.929285e-01 -1.216342e+00 8.195292e-01
 -1.032474e+00 -1.071458e+00 8.984283e-01
 -1.287517e+00 -8.337573e-01 9.535482e-01
 -1.447126e+00 -5.244006e-01 9.827458e-01
 -1.493770e+00 -1.850851e-01 9.650899e-01
 -1.427654e+00 1.534850e-01 8.881746e-01
 -1.232034e+00 4.792642e-01 7.422461e-01
 -9.692342e-01 6.700818e-01 5.928441e-01
 -6.583222e-01 7.625858e-01 5.130737e-01
 -3.440211e-01 9.255666e-01 4.865676e-01
 -1.489754e-01 1.158529e+00 5.500100e-01
 2.643085e-02 1.402825e+00 7.222751e-01
 1.537185e-01 1.597246e+00 1.019887e+00
 2.076989e-01 1.687123e+00 1.390632e+00
 1.956918e-01 1.644225e+00 1.783396e+00
 1.409844e-01 1.470016e+00 2.116488e+00
 6.471217e-02 1.179162e+00 2.362898e+00
 -3.844447e-02 8.280031e-01 2.478789e+00
 -1.604180e-01 4.674893e-01 2.452430e+00
 -2.822523e-01 1.476567e-01 2.290201e+00
 -3.858823e-01 -8.933998e-02 2.016622e+00
 -4.559395e-01 -2.130558e-01 1.671219e+00
 -4.872936e-01 -2.193226e-01 7.349400e-01
 -5.336549e-01 -2.457021e-01 5.560268e-01
 -6.691049e-01 -2.870522e-01 3.535070e-01
 -1.095055e+00 -3.437810e-01 -3.646732e-02
 -1.281296e+00 -4.963675e-01 -4.232725e-01
 -1.284428e+00 -7.277794e-01 -8.089651e-01
 -1.106939e+00 -1.026204e+00 -1.126385e+00
 -8.363193e-01 -1.254635e+00 -1.278533e+00
 -5.130856e-01 -1.450245e+00 -1.274014e+00
 -3.423025e-01 -1.635237e+00 -1.174610e+00
 -2.239295e-01 -1.839311e+00 -1.129505e+00
 2.049554e-02 -2.073656e+00 -1.160561e+00
