 1.297298e+00 -8.704317e-01 -3.092886e-02
 1.252931e+00 -8.174284e-01 -2.983442e-01
 1.279041e+00 -7.266786e-01 -6.613224e-01
 1.203853e+00 -5.801799e-01 -9.515522e-01
 1.046169e+00 -4.275205e-01 -1.172053e+00
 8.259871e-01 -2.680467e-01 -1.318449e+00
 5.423940e-01 -1.076878e-01 -1.378604e+00
 2.708614e-01 1.305255e-02 -1.336839e+00
 -3.855328e-01 2.321618e-01 -1.080134e+00
 -6.557433e-01 3.053759e-01 -1.008621e+00
 -8.766927e-01 2.952339e-01 -1.002583e+00
 -1.152509e+00 2.661543e-01 -1.076424e+00
 -1.453258e+00 3.404086e-01 -1.237367e+00
 -1.658867e+00 4.790372e-01 -1.439736e+00
 -1.788798e+00 6.823246e-01 -1.623504e+00
 -1.841210e+00 8.928354e-01 -1.763433e+00
 -1.840514e+00 1.090929e+00 -1.866420e+00
 -1.803316e+00 1.290697e+00 -1.940789e+00
 -1.721587e+00 1.512251e+00 -1.987588e+00
 -1.575611e+00 1.763925e+00 -1.985755e+00
 -1.326543e+00 2.021332e+00 -1.903123e+00
 -9.654024e-01 2.190534e+00 -1.721184e+00
 -5.559792e-01 2.167873e+00 -1.438942e+00
 -2.263692e-01 1.896648e+00 -1.109838e+00
 -6.225595e-03 9.027789e-01 -4.365551e-01
 -1.688071e-01 5.466085e-01 -4.554391e-02
 -3.170920e-01 4.943971e-01 2.736631e-01
 -5.863128e-01 5.401613e-01 6.006410e-01
 -9.969222e-01 7.530675e-01 8.205071e-01
 -1.392442e+00 1.021769e+00 8.022053e-01
 -1.728894e+00 1.268018e+00 5.630877e-01
 -1.899664e+00 1.450363e+00 2.129484e-01
 -1.920608e+00 1.558410e+00 -1.457395e-01
 -1.842892e+00 1.596532e+00 -4.609876e-01
 -1.697429e+00 1.580493e+00 -7.292516e-01
 -1.494397e+00 1.516038e+00 -9.460567e-01
 -1.058340e+00 1.278881e+00 -1.229909e+00
 -8.720885e-01 1.157358e+00 -1.546477e+00
 -7.992564e-01 8.459380e-01 -1.886534e+00
 -7.674746e-01 2.980606e-01 -2.049795e+00
 -7.989345e-01 -2.479348e-01 -1.908763e+00
 -7.953189e-01 -6.426786e-01 -1.476942e+00
 -7.738407e-01 -7.359304e-01 -8.438648e-01
 -6.923266e-01 -4.437987e-01 -2.569469e-01
 -6.973206e-01 -3.929335e-01 -3.359598e-03
 -7.695904e-01 -4.220901e-01 2.865383e-01
 -8.846886e-01 -4.919437e-01 5.279208e-01
 -1.258073e+00 -9.051724e-01 1.175307e+00
 -1.227872e+00 -1.232200e+00 1.595211e+00
 -9.292458e-01 -1.536395e+00 1.942196e+00
 -4.002919e-01 -1.725075e+00 2.118020e+00
 2.284486e-01 -1.741186e+00 1.985288e+00
 6.986044e-01 -1.543768e+00 1.500728e+00
 7.658682e-01 -1.063822e+00 9.426927e-01
 4.176652e-01 -5.499772e-01 7.102573e-01
 2.366813e-01 -1.053390e-01 8.753790e-01
 2.355714e-01 5.543354e-01 1.384011e+00
 3.200537e-01 8.528196e-01 1.522100e+00
 4.638473e-01 1.203733e+00 1.551803e+00
 6.792098e-01 1.571291e+00 1.424323e+00
 8.785420e-01 1.839282e+00 1.140560e+00
 1.025829e+00 1.951021e+00 7.475138e-01
 1.151553e+00 1.853061e+00 2.918418e-01
 1.209912e+00 1.539078e+00 -1.087189e-01
 1.143077e+00 1.078845e+00 -3.422737e-01
 7.900514e-01 2.152521e-01 -3.498464e-01
 3.316069e-01 -3.450015e-01 -3.750851e-01
 1.649518e-01 -1.186878e+00 -8.910359e-01
 -5.164320e-02 -1.864546e+00 -7.955271e-01
 -1.782044e-01 -2.324690e+00 -2.747401e-01
 -2.553963e-01 -2.351714e+00 4.167983e-01
 -3.495464e-01 -1.933703e+00 9.644593e-01
 -2.697163e-01 -1.222891e+00 1.185731e+00
 -2.234493e-01 -9.841593e-01 1.393851e+00
 -1.116880e-01 -8.412040e-01 1.556483e+00
 1.264840e-01 -6.684991e-01 1.722386e+00
 3.613373e-01 -5.583384e-01 1.788840e+00
 6.264224e-01 -4.597451e-01 1.779858e+00
 8.843658e-01 -3.373298e-01 1.677323e+00
 1.100358e+00 -2.076019e-01 1.468799e+00
 1.264565e+00 -1.050064e-01 1.140413e+00
 1.328460e+00 -4.479992e-02 6.147251e-01
 1.511081e+00 5.102639e-02 3.350622e-01
 1.749265e+00 3.096330e-02 1.129211e-01
 2.007613e+00 -1.416635e-01 -9.556288e-02
 2.195755e+00 -4.201386e-01 -2.502275e-01
 2.272244e+00 -7.471458e-01 -3.578939e-01
 2.238420e+00 -1.046774e+00 -4.241911e-01
 2.125899e+00 -1.307714e+00 -4.615559e-01
 1.967596e+00 -1.511976e+00 -4.703439e-01
 1.770860e+00 -1.676973e+00 -4.441989e-01
 1.525628e+00 -1.797360e+00 -3.874950e-01
 1.230030e+00 -1.850298e+00 -2.914327e-01
 9.212415e-01 -1.802905e+00 -1.620464e-01
 4.936942e-01 -1.565006e+00 5.898103e-02
 3.624475e-01 -1.494024e+00 1.136702e-01
 1.941936e-01 -1.424751e+00 1.455695e-01
 1.403741e-02 -1.363528e+00 1.483862e-01
 -1.188845e-01 -1.333799e+00 1.228077e-01
 -3.294163e-01 -1.336257e+00 8.926001e-02
 -5.858185e-01 -1.399027e+00 6.623898e-02
 -8.183018e-01 -1.408644e+00 5.428965e-02
 -1.082392e+00 -1.354449e+00 2.418601e-02
 -1.331260e+00 -1.221425e+00 -2.381956e-02
 -1.536159e+00 -1.000508e+00 -6.710373e-02
 -1.668987e+00 -6.954221e-01 -1.108075e-01
 -1.703501e+00 -4.132536e-01 -1.383952e-01
 -1.670471e+00 -1.649230e-01 -1.436888e-01
 -1.571223e+00 1.081345e-01 -1.336616e-01
 -1.391381e+00 5.140156e-01 -1.263335e-01
 -1.202189e+00 8.128454e-01 -1.930737e-01
 -1.096502e+00 9.616747e-01 -1.908854e-01
 -1.030768e+00 1.069209e+00 -1.657111e-01
 -9.706287e-01 1.187495e+00 -1.259397e-01
 -8.605886e-01 1.334063e+00 -2.200799e-02
 -7.276874e-01 1.434645e+00 9.216444e-02
 -5.031336e-01 1.505269e+00 2.439562e-01
 -2.704987e-01 1.508998e+00 3.677340e-01
 -1.111608e-02 1.441300e+00 4.677419e-01
 2.254816e-01 1.322753e+00 5.081066e-01
 5.643717e-01 1.035144e+00 5.393921e-01
 7.629511e-01 9.430660e-01 6.093676e-01
 9.565739e-01 9.148432e-01 6.847070e-01
 1.405815e+00 9.525331e-01 8.627551e-01
 1.801501e+00 8.112959e-01 9.702177e-01
 2.099791e+00 5.364121e-01 1.019520e+00
 2.267118e+00 1.986703e-01 1.005189e+00
 2.305583e+00 -1.409219e-01 9.538811e-01
 2.243485e+00 -4.350162e-01 8.754676e-01
 2.109367e+00 -6.823151e-01 7.645923e-01
 1.910219e+00 -8.754210e-01 6.175076e-01
 1.679058e+00 -9.807318e-01 4.360779e-01
 1.461514e+00 -9.760238e-01 2.297020e-01
