 1.451063e+00 2.580004e+00 4.163917e-01
 1.556658e+00 2.610694e+00 1.179466e-01
 1.641227e+00 2.530867e+00 -2.248824e-01
 1.666530e+00 2.302531e+00 -5.788224e-01
 1.593394e+00 1.916636e+00 -8.483671e-01
 1.390352e+00 1.455027e+00 -9.272855e-01
 1.082011e+00 1.043441e+00 -7.595304e-01
 7.631696e-01 8.249226e-01 -3.749078e-01
 4.308863e-01 8.909818e-01 7.155680e-02
 9.448002e-02 1.366723e+00 4.263810e-01
 -1.059826e-01 1.549564e+00 8.228005e-01
 -4.168026e-01 1.487311e+00 1.239421e+00
 -6.914239e-01 1.171547e+00 1.557671e+00
 -8.178847e-01 6.660322e-01 1.725500e+00
 -7.534686e-01 1.218281e-01 1.684012e+00
 -4.642801e-01 -5.196870e-01 1.293206e+00
 -4.580762e-01 -7.993948e-01 1.066535e+00
 -5.581317e-01 -1.034291e+00 9.078748e-01
 -7.267368e-01 -1.192695e+00 7.364592e-01
 -8.900232e-01 -1.256597e+00 5.196003e-01
 -1.006484e+00 -1.252155e+00 2.462602e-01
 -1.074452e+00 -1.184422e+00 -2.479785e-02
 -1.114726e+00 -1.051660e+00 -2.688564e-01
 -1.142530e+00 -5.913240e-01 -7.631438e-01
 -1.195291e+00 -4.624711e-01 -9.557394e-01
 -1.322287e+00 -3.370977e-01 -1.186247e+00
 -1.500601e+00 -3.425238e-01 -1.552639e+00
 -1.585564e+00 -4.962628e-01 -1.917058e+00
 -1.568183e+00 -7.240492e-01 -2.201603e+00
 -1.465529e+00 -9.769303e-01 -2.402490e+00
 -1.291101e+00 -1.234563e+00 -2.521254e+00
 -1.045649e+00 -1.486167e+00 -2.548357e+00
 -7.346229e-01 -1.706238e+00 -2.453737e+00
 -3.868968e-01 -1.838821e+00 -2.205685e+00
 -7.017756e-02 -1.798290e+00 -1.815508e+00
 9.982025e-02 -1.535075e+00 -1.360023e+00
 3.984970e-02 -1.089198e+00 -1.010687e+00
 -1.528012e-01 -5.855932e-01 -9.597721e-01
 -2.442432e-01 -1.642276e-01 -1.136772e+00
 -5.154942e-01 2.332279e-01 -1.412295e+00
 -7.664057e-01 5.428584e-01 -1.471486e+00
 -1.019123e+00 8.849067e-01 -1.358969e+00
 -1.215074e+00 1.195120e+00 -1.049806e+00
 -1.255335e+00 1.387350e+00 -6.259771e-01
 -1.175024e+00 1.386469e+00 -1.405093e-01
 -1.011939e+00 1.155014e+00 2.936731e-01
 -6.909509e-01 7.091493e-01 6.056049e-01
 -4.364284e-01 5.502778e-01 7.626183e-01
 -2.108190e-01 5.092480e-01 8.908351e-01
 -7.629019e-02 5.339559e-01 1.006698e+00
 5.017716e-01 6.844766e-01 1.684893e+00
 8.629409e-01 7.401651e-01 1.859948e+00
 1.296687e+00 8.843784e-01 1.873626e+00
 1.670330e+00 1.079714e+00 1.698373e+00
 1.909351e+00 1.281932e+00 1.374542e+00
 1.975112e+00 1.451036e+00 9.649183e-01
 1.856286e+00 1.549431e+00 5.326559e-01
 1.561308e+00 1.586255e+00 1.964721e-01
 1.256592e+00 1.629735e+00 8.359908e-02
 1.046896e+00 1.735353e+00 2.739420e-02
 8.066944e-01 1.874483e+00 -1.694240e-01
 5.265169e-01 1.853463e+00 -4.246679e-01
 1.654820e-01 1.659800e+00 -6.253112e-01
 -1.758222e-01 1.300723e+00 -6.803923e-01
 -3.380238e-01 9.266619e-01 -5.858960e-01
 -4.203258e-01 7.862076e-01 -5.216897e-01
 -6.224992e-01 5.588462e-01 -4.534981e-01
 -8.435214e-01 4.428649e-01 -4.485653e-01
 -1.446235e+00 3.201437e-01 -3.602213e-01
 -1.754433e+00 1.385793e-01 -3.551072e-01
 -1.997700e+00 -1.290302e-01 -4.228535e-01
 -2.138048e+00 -4.463998e-01 -5.595711e-01
 -2.150807e+00 -7.765346e-01 -7.531497e-01
 -2.022552e+00 -1.072285e+00 -9.893945e-01
 -1.743275e+00 -1.292243e+00 -1.222244e+00
 -1.344175e+00 -1.369248e+00 -1.421587e+00
 -9.539136e-01 -1.250463e+00 -1.551830e+00
 -7.713453e-01 -1.051474e+00 -1.660008e+00
 -6.216334e-01 -8.973592e-01 -1.824156e+00
 -2.825820e-01 -7.846081e-01 -1.988204e+00
 1.717746e-01 -6.452175e-01 -1.967596e+00
 5.556459e-01 -4.932312e-01 -1.737042e+00
 7.952744e-01 -3.579967e-01 -1.328388e+00
 8.225557e-01 -2.637166e-01 -7.848965e-01
 7.012832e-01 -1.536019e-01 -3.927119e-02
 6.179558e-01 -1.082907e-01 4.566984e-01
 6.427915e-01 -1.318405e-01 7.502095e-01
 7.651481e-01 -1.824475e-01 1.062568e+00
 9.953355e-01 -3.791139e-01 1.345683e+00
 1.204127e+00 -7.078896e-01 1.503705e+00
 1.338241e+00 -1.072987e+00 1.521800e+00
 1.382460e+00 -1.420170e+00 1.433317e+00
 1.341297e+00 -1.715904e+00 1.275847e+00
 1.222686e+00 -1.948116e+00 1.069530e+00
 1.035475e+00 -2.100909e+00 8.186304e-01
 7.868183e-01 -2.140273e+00 5.269197e-01
 5.047649e-01 -2.017628e+00 2.356038e-01
 2.622445e-01 -1.743781e+00 3.335416e-02
 1.174258e-01 -1.438085e+00 -4.101387e-02
 -1.918628e-01 -6.324688e-01 4.041674e-02
 -5.555131e-01 -3.058385e-01 1.596261e-01
 -9.775727e-01 -2.328751e-01 3.786102e-01
 -1.315890e+00 -3.388273e-01 7.098868e-01
 -1.488262e+00 -5.942485e-01 1.092184e+00
 -1.413027e+00 -9.151697e-01 1.486739e+00
 -1.102468e+00 -1.212132e+00 1.779182e+00
 -6.463065e-01 -1.437703e+00 1.867698e+00
 -1.635681e-01 -1.533030e+00 1.739578e+00
 2.316825e-01 -1.477112e+00 1.437325e+00
 5.239900e-01 -1.223041e+00 9.182798e-01
 6.595787e-01 -1.151746e+00 7.627498e-01
 8.788435e-01 -1.107973e+00 5.946181e-01
 1.221251e+00 -9.478470e-01 4.996205e-01
 1.510358e+00 -6.288966e-01 4.836164e-01
 1.649461e+00 -2.024932e-01 5.135441e-01
 1.590713e+00 2.587604e-01 5.860940e-01
 1.305208e+00 6.739164e-01 7.342271e-01
 1.061572e+00 9.662110e-01 8.600796e-01
 9.386162e-01 1.308744e+00 9.889538e-01
 9.639222e-01 1.641826e+00 1.062306e+00
 1.064291e+00 2.010269e+00 1.011280e+00
 1.196914e+00 2.276847e+00 8.742237e-01
 1.333080e+00 2.465472e+00 6.710146e-01
