 -9.101462e-02 5.235446e-01 1.733814e-01
 -1.265606e-01 7.121053e-01 4.602079e-01
 -3.902480e-02 9.219896e-01 7.271677e-01
 1.839432e-01 1.179604e+00 9.342179e-01
 4.897318e-01 1.442672e+00 1.003691e+00
 7.951071e-01 1.669532e+00 9.197706e-01
 1.052831e+00 1.852098e+00 6.999941e-01
 1.242401e+00 1.953013e+00 3.783098e-01
 1.341727e+00 1.950804e+00 3.734339e-03
 1.329992e+00 1.852514e+00 -3.721702e-01
 1.211204e+00 1.670857e+00 -6.941962e-01
 1.004784e+00 1.435656e+00 -9.141193e-01
 5.450403e-01 1.024994e+00 -1.072098e+00
 3.007874e-01 8.947928e-01 -1.179132e+00
 1.181611e-01 8.424950e-01 -1.285419e+00
 -6.954790e-02 8.455127e-01 -1.437507e+00
 -3.457174e-01 9.600913e-01 -1.795998e+00
 -6.611105e-01 1.034559e+00 -1.979909e+00
 -1.045495e+00 1.025425e+00 -2.066727e+00
 -1.406645e+00 9.155019e-01 -2.050313e+00
 -1.695940e+00 7.462629e-01 -1.927929e+00
 -1.905597e+00 5.530218e-01 -1.695257e+00
 -2.010541e+00 3.671377e-01 -1.369303e+00
 -1.985285e+00 2.241308e-01 -1.037218e+00
 -1.838105e+00 1.179233e-01 -7.242843e-01
 -1.596550e+00 6.548581e-02 -4.761336e-01
 -1.123348e+00 1.810879e-02 -2.495875e-01
 -8.206493e-01 -1.371515e-01 -1.158115e-01
 -6.566911e-01 -3.179282e-01 -1.828085e-02
 -5.395064e-01 -5.921088e-01 6.249623e-02
 -4.878385e-01 -8.883738e-01 8.676213e-02
 -5.199705e-01 -1.689445e+00 6.627813e-02
 -4.250470e-01 -2.039764e+00 1.305782e-01
 -2.318837e-01 -2.327055e+00 2.606444e-01
 3.472616e-02 -2.512796e+00 4.410754e-01
 3.666264e-01 -2.575474e+00 6.656121e-01
 6.762932e-01 -2.495965e+00 8.581711e-01
 9.437944e-01 -2.291263e+00 1.008721e+00
 1.127462e+00 -1.987641e+00 1.102871e+00
 1.198464e+00 -1.618985e+00 1.141722e+00
 1.137852e+00 -1.303207e+00 1.152778e+00
 9.394427e-01 -9.962313e-01 1.241191e+00
 7.352751e-01 -6.379457e-01 1.589981e+00
 6.233916e-01 -5.087267e-01 1.701084e+00
 4.792061e-01 -3.554392e-01 1.778109e+00
 3.258381e-01 -2.010492e-01 1.806354e+00
 1.636681e-01 -5.421777e-02 1.787053e+00
 -2.902808e-03 7.255928e-02 1.720862e+00
 -2.049381e-01 1.887947e-01 1.591987e+00
 -3.856706e-01 2.438149e-01 1.433357e+00
 -5.633284e-01 2.351800e-01 1.251408e+00
 -7.099035e-01 1.605517e-01 1.061367e+00
 -8.382466e-01 5.935326e-02 9.410835e-01
 -1.252388e+00 -2.489110e-01 8.171086e-01
 -1.462775e+00 -5.587005e-01 5.800811e-01
 -1.536205e+00 -8.238773e-01 1.940557e-01
 -1.461580e+00 -9.614504e-01 -2.203977e-01
 -1.287148e+00 -9.587391e-01 -5.508127e-01
 -9.756349e-01 -8.499656e-01 -8.389644e-01
 -6.528106e-01 -6.961871e-01 -9.649457e-01
 -3.222049e-01 -4.002612e-01 -9.993568e-01
 -4.678170e-02 -2.272764e-01 -1.200288e+00
 3.157716e-01 -9.245263e-02 -1.620172e+00
 4.737758e-01 6.650977e-02 -1.832391e+00
 5.956678e-01 3.016058e-01 -1.998790e+00
 6.667712e-01 5.883541e-01 -2.101456e+00
 6.793537e-01 8.992147e-01 -2.131363e+00
 6.295388e-01 1.236040e+00 -2.079532e+00
 5.265141e-01 1.502123e+00 -1.970493e+00
 3.796401e-01 1.699221e+00 -1.816216e+00
 2.200598e-01 1.817313e+00 -1.624682e+00
 4.188122e-02 1.860091e+00 -1.381704e+00
 -1.466551e-01 1.807509e+00 -1.099935e+00
 -2.977403e-01 1.662818e+00 -8.573825e-01
 -4.264305e-01 1.380343e+00 -5.984934e-01
 -5.439059e-01 1.266388e+00 -3.670898e-01
 -8.050349e-01 1.208679e+00 -1.023638e-01
 -9.334903e-01 1.170107e+00 7.685684e-02
 -1.468794e+00 8.496669e-01 1.099366e+00
 -1.542454e+00 6.302579e-01 1.424329e+00
 -1.495884e+00 3.266253e-01 1.693227e+00
 -1.363488e+00 -1.278437e-03 1.841721e+00
 -1.155688e+00 -3.201192e-01 1.866058e+00
 -8.971358e-01 -5.853967e-01 1.759858e+00
 -6.291559e-01 -7.471639e-01 1.545647e+00
 -3.242773e-01 -7.730494e-01 1.243932e+00
 -6.288430e-02 -6.236600e-01 9.606874e-01
 1.498042e-01 -3.373270e-01 7.950714e-01
 5.252908e-01 1.729015e-02 8.075859e-01
 6.791871e-01 1.486445e-01 7.444969e-01
 8.315649e-01 3.767212e-01 6.025980e-01
 9.040277e-01 6.602452e-01 4.142372e-01
 8.754035e-01 9.124611e-01 2.213040e-01
 7.590688e-01 1.100159e+00 6.859405e-02
 5.681118e-01 1.281005e+00 -7.708226e-03
 4.288413e-01 1.478459e+00 -2.421310e-02
 1.874451e-01 1.857086e+00 6.992664e-02
 -1.443158e-01 2.098825e+00 8.689314e-02
 -5.242905e-01 2.227399e+00 -8.059114e-03
 -8.760076e-01 2.235341e+00 -2.117756e-01
 -1.149471e+00 2.110831e+00 -4.638665e-01
 -1.328185e+00 1.857205e+00 -7.128742e-01
 -1.393764e+00 1.509100e+00 -9.055542e-01
 -1.337101e+00 1.145797e+00 -1.010218e+00
 -1.056197e+00 6.682206e-01 -1.102461e+00
 -9.904803e-01 3.698256e-01 -1.257902e+00
 -9.532124e-01 4.358969e-02 -1.671655e+00
 -8.177686e-01 -2.308698e-01 -1.892237e+00
 -6.208475e-01 -5.465784e-01 -1.991323e+00
 -3.969397e-01 -8.416910e-01 -1.952457e+00
 -1.571138e-01 -1.062575e+00 -1.794460e+00
 6.896027e-02 -1.198029e+00 -1.533047e+00
 2.351213e-01 -1.238092e+00 -1.194884e+00
 3.312202e-01 -1.162361e+00 -8.322349e-01
 3.613657e-01 -9.685829e-01 -5.012449e-01
 4.420118e-01 -8.189876e-01 -2.747010e-01
 5.238642e-01 -7.486213e-01 -1.398171e-01
 6.296246e-01 -7.009416e-01 -3.565322e-02
 1.533210e+00 -5.497145e-01 5.426009e-01
 1.740691e+00 -5.194399e-01 8.162631e-01
 1.865273e+00 -5.607086e-01 1.149093e+00
 1.885777e+00 -6.694249e-01 1.484041e+00
 1.805427e+00 -8.318037e-01 1.780561e+00
 1.639686e+00 -1.028165e+00 2.005149e+00
 1.414249e+00 -1.235292e+00 2.135370e+00
 1.155486e+00 -1.417641e+00 2.167117e+00
 8.776215e-01 -1.550542e+00 2.112833e+00
 6.090832e-01 -1.636841e+00 1.973098e+00
 3.886158e-01 -1.679375e+00 1.763659e+00
 2.353091e-01 -1.685718e+00 1.503318e+00
 1.643899e-01 -1.658766e+00 1.215071e+00
 1.805604e-01 -1.609955e+00 9.272589e-01
 2.498693e-01 -1.555490e+00 7.297277e-01
 3.895373e-01 -1.551058e+00 5.166334e-01
 7.170082e-01 -1.702189e+00 1.744315e-01
 1.059159e+00 -1.640896e+00 -1.483005e-01
 1.293208e+00 -1.401512e+00 -4.482286e-01
 1.370743e+00 -1.048149e+00 -6.893789e-01
 1.284064e+00 -6.185798e-01 -8.332688e-01
 1.056903e+00 -1.867749e-01 -8.173613e-01
 7.471418e-01 1.104834e-01 -6.584090e-01
 1.026517e-01 3.503107e-01 -1.603682e-01
