 7.052858e-02 -1.980208e+00 -1.959138e+00
 1.150237e-01 -2.151254e+00 -1.640699e+00
 1.938885e-01 -2.201810e+00 -1.297460e+00
 2.953831e-01 -2.133178e+00 -9.705248e-01
 4.061888e-01 -1.959388e+00 -6.963632e-01
 5.132507e-01 -1.704253e+00 -5.024955e-01
 5.942185e-01 -1.395949e+00 -4.032290e-01
 6.534305e-01 -9.321187e-01 -4.048526e-01
 6.471177e-01 -4.415262e-01 -3.120851e-01
 6.460087e-01 -2.327925e-01 -3.056121e-01
 7.095773e-01 -2.864079e-02 -3.044271e-01
 1.190042e+00 7.188152e-01 -3.465833e-01
 1.316341e+00 1.030194e+00 -2.623808e-01
 1.389577e+00 1.318053e+00 -7.159851e-02
 1.397815e+00 1.560941e+00 2.246071e-01
 1.353848e+00 1.685582e+00 5.637497e-01
 1.256725e+00 1.688972e+00 9.112318e-01
 1.099964e+00 1.574049e+00 1.219295e+00
 8.770017e-01 1.350052e+00 1.455974e+00
 6.457902e-01 1.077075e+00 1.560816e+00
 4.376858e-01 7.630895e-01 1.536794e+00
 2.514438e-01 3.643947e-01 1.349615e+00
 1.868843e-01 1.156943e-01 1.286180e+00
 1.440921e-01 -1.365706e-01 1.278916e+00
 1.343961e-01 -2.971256e-01 1.326288e+00
 1.099000e-01 -6.165763e-01 1.490566e+00
 3.079908e-02 -1.006417e+00 1.529144e+00
 -5.200638e-02 -1.415907e+00 1.399541e+00
 -1.117663e-01 -1.697032e+00 1.150608e+00
 -1.855512e-01 -1.853323e+00 7.822241e-01
 -2.798397e-01 -1.858433e+00 3.938201e-01
 -3.646989e-01 -1.735477e+00 6.411625e-02
 -4.223193e-01 -1.500939e+00 -2.061283e-01
 -4.360468e-01 -1.190528e+00 -3.820800e-01
 -3.377600e-01 -5.289187e-01 -5.197617e-01
 -8.890251e-02 4.227124e-01 -1.261218e+00
 1.378503e-01 6.579768e-01 -1.469054e+00
 4.674037e-01 7.562372e-01 -1.734169e+00
 8.114079e-01 6.725544e-01 -1.981505e+00
 1.108743e+00 4.253879e-01 -2.166546e+00
 1.308963e+00 6.210991e-02 -2.257694e+00
 1.381012e+00 -3.514870e-01 -2.241356e+00
 1.317934e+00 -7.413094e-01 -2.124032e+00
 1.151329e+00 -1.055185e+00 -1.897400e+00
 8.763630e-01 -1.231759e+00 -1.630813e+00
 5.716139e-01 -1.250091e+00 -1.428978e+00
 2.857238e-01 -1.185176e+00 -1.349641e+00
 3.470054e-02 -1.144093e+00 -1.349273e+00
 -3.298133e-01 -1.038608e+00 -1.442393e+00
 -5.807685e-01 -9.361819e-01 -1.442809e+00
 -8.819868e-01 -7.771202e-01 -1.360242e+00
 -1.088153e+00 -6.081030e-01 -1.225204e+00
 -1.224034e+00 -4.198000e-01 -1.041632e+00
 -1.279920e+00 -2.289286e-01 -8.276290e-01
 -1.203852e+00 2.971160e-01 -1.630347e-01
 -1.221990e+00 4.247426e-01 -1.639313e-02
 -1.272579e+00 5.561157e-01 1.157420e-01
 -1.379443e+00 7.020307e-01 2.493960e-01
 -1.508865e+00 9.232572e-01 3.321488e-01
 -1.607019e+00 1.209502e+00 3.556597e-01
 -1.639986e+00 1.530339e+00 3.073202e-01
 -1.579608e+00 1.843340e+00 2.037287e-01
 -1.426439e+00 2.110037e+00 5.762068e-02
 -1.190550e+00 2.298364e+00 -1.170438e-01
 -8.936080e-01 2.378878e+00 -3.044005e-01
 -5.648577e-01 2.329031e+00 -4.820313e-01
 -2.441208e-01 2.134191e+00 -6.234548e-01
 1.767660e-02 1.800089e+00 -6.878618e-01
 1.562067e-01 1.374601e+00 -6.364913e-01
 1.401472e-01 9.432782e-01 -4.361555e-01
 -4.572617e-02 6.374281e-01 -1.717764e-01
 -2.210570e-01 5.225300e-01 1.335045e-01
 -3.717874e-01 5.711767e-01 5.756716e-01
 -6.633240e-01 8.412173e-01 9.566018e-01
 -9.307433e-01 9.236394e-01 1.149754e+00
 -1.257334e+00 8.713482e-01 1.357931e+00
 -1.547720e+00 6.765116e-01 1.536805e+00
 -1.748852e+00 3.707311e-01 1.664905e+00
 -1.824834e+00 -1.573958e-03 1.744024e+00
 -1.774631e+00 -3.759101e-01 1.746443e+00
 -1.637636e+00 -7.188579e-01 1.634332e+00
 -1.436923e+00 -9.699544e-01 1.425290e+00
 -1.177967e+00 -1.096894e+00 1.163466e+00
 -9.054544e-01 -1.078624e+00 9.001215e-01
 -6.322935e-01 -9.327567e-01 6.995505e-01
 -3.325818e-01 -8.451856e-01 5.838666e-01
 -5.402465e-02 -8.684893e-01 5.087289e-01
 2.473309e-01 -9.584239e-01 5.219336e-01
 8.822475e-01 -1.295788e+00 7.115738e-01
 1.286071e+00 -1.317016e+00 8.491047e-01
 1.667274e+00 -1.161281e+00 9.680739e-01
 1.991593e+00 -8.237158e-01 1.047008e+00
 2.139047e+00 -4.176037e-01 1.055761e+00
 2.107834e+00 5.655556e-03 9.965971e-01
 1.892040e+00 3.854095e-01 9.039766e-01
 1.506416e+00 6.520349e-01 8.015316e-01
 9.833947e-01 7.217052e-01 6.583876e-01
 7.901060e-01 8.186176e-01 5.833618e-01
 6.123449e-01 9.858513e-01 5.364996e-01
 3.770636e-01 1.284857e+00 5.166802e-01
 1.198348e-01 1.467764e+00 4.458466e-01
 -1.885701e-01 1.557169e+00 3.245835e-01
 -4.254592e-01 1.537116e+00 2.058034e-01
 -6.647714e-01 1.432724e+00 7.243098e-03
 -7.562075e-01 1.375869e+00 -1.676825e-01
 -8.842153e-01 1.354520e+00 -3.734139e-01
 -1.172432e+00 1.299012e+00 -5.746868e-01
 -1.538582e+00 1.154479e+00 -6.699244e-01
 -1.881327e+00 9.226012e-01 -6.247158e-01
 -2.129678e+00 6.308186e-01 -4.476047e-01
 -2.229218e+00 3.292115e-01 -1.863893e-01
 -2.169552e+00 5.669029e-02 1.178090e-01
 -1.964205e+00 -1.302780e-01 4.304970e-01
 -1.649530e+00 -2.013102e-01 6.858456e-01
 -1.140033e+00 -8.307401e-02 9.707687e-01
 -9.228926e-01 -9.774559e-02 1.245077e+00
 -7.044715e-01 1.251524e-02 1.869479e+00
 -2.246382e-01 6.034843e-02 2.247659e+00
 3.571677e-01 -8.409922e-03 2.317842e+00
 8.624066e-01 -1.159787e-01 2.057502e+00
 1.155592e+00 -2.221516e-01 1.534004e+00
 1.112569e+00 -3.028306e-01 8.468763e-01
 1.203856e+00 -3.189566e-01 5.825720e-01
 1.492547e+00 -3.750979e-01 2.382315e-01
 1.602003e+00 -4.052036e-01 1.094699e-02
 1.651185e+00 -4.213717e-01 -2.316884e-01
 1.641009e+00 -4.175874e-01 -4.771713e-01
 1.571877e+00 -3.983217e-01 -7.111407e-01
 1.446706e+00 -3.621565e-01 -9.227715e-01
 1.273064e+00 -3.112778e-01 -1.097490e+00
 7.224087e-01 -2.248441e-01 -1.431318e+00
 4.781961e-01 -2.753562e-01 -1.745674e+00
 3.621838e-01 -3.911813e-01 -1.979266e+00
 2.588465e-01 -6.370395e-01 -2.211150e+00
 1.921701e-01 -9.742247e-01 -2.350051e+00
 1.153549e-01 -1.352524e+00 -2.348840e+00
 6.941794e-02 -1.703152e+00 -2.208546e+00
