 2.078390e+00 -1.429170e-01 1.668251e+00
 2.242976e+00 -4.605298e-01 1.396518e+00
 2.228115e+00 -7.470324e-01 1.048168e+00
 2.035949e+00 -9.437590e-01 6.887353e-01
 1.704357e+00 -1.009322e+00 3.868540e-01
 9.090738e-01 -8.416615e-01 1.048965e-02
 5.760220e-01 -6.853476e-01 -1.903055e-01
 3.537945e-01 -6.173494e-01 -4.252614e-01
 2.178006e-01 -6.398124e-01 -6.033873e-01
 1.555888e-01 -6.713102e-01 -7.496876e-01
 7.735255e-02 -7.378393e-01 -1.103460e+00
 -1.607049e-01 -7.395655e-01 -1.470487e+00
 -5.241840e-01 -6.906012e-01 -1.719313e+00
 -8.850819e-01 -6.035495e-01 -1.787351e+00
 -1.252668e+00 -4.581536e-01 -1.702872e+00
 -1.555495e+00 -3.073630e-01 -1.469898e+00
 -1.756272e+00 -1.743011e-01 -1.105813e+00
 -1.787734e+00 -8.846687e-02 -7.298561e-01
 -1.709456e+00 -1.249632e-01 -3.181024e-01
 -1.737994e+00 -2.364744e-01 2.556463e-02
 -1.893424e+00 -3.290301e-01 2.614737e-01
 -2.151390e+00 -5.953798e-01 4.962327e-01
 -2.359269e+00 -1.021780e+00 5.743365e-01
 -2.453346e+00 -1.467656e+00 4.680910e-01
 -2.392293e+00 -1.862957e+00 2.250339e-01
 -2.175879e+00 -2.129083e+00 -8.527325e-02
 -1.853385e+00 -2.214180e+00 -4.080693e-01
 -1.505745e+00 -2.093627e+00 -6.938533e-01
 -1.201965e+00 -1.793206e+00 -8.791216e-01
 -1.000671e+00 -1.376018e+00 -9.224195e-01
 -9.240975e-01 -7.324234e-01 -7.754161e-01
 -8.433970e-01 -4.747268e-01 -7.460948e-01
 -7.962358e-01 -3.140187e-01 -7.760271e-01
 -7.104476e-01 -5.213426e-02 -9.311318e-01
 -6.334141e-01 1.296169e-01 -1.119581e+00
 -4.661122e-01 3.460099e-01 -1.473387e+00
 -1.915983e-01 5.647221e-01 -1.688617e+00
 1.504686e-01 7.775361e-01 -1.755638e+00
 5.208319e-01 9.736288e-01 -1.657127e+00
 7.975871e-01 1.090270e+00 -1.449399e+00
 9.630857e-01 1.126872e+00 -1.201040e+00
 1.027393e+00 1.162499e+00 -8.582995e-01
 9.841412e-01 1.280734e+00 -5.813819e-01
 9.958943e-01 1.531916e+00 -3.210519e-01
 1.206688e+00 1.797120e+00 -5.689426e-02
 1.586924e+00 1.940914e+00 1.731238e-01
 2.045128e+00 1.887082e+00 3.278969e-01
 2.447467e+00 1.620886e+00 4.077326e-01
 2.698614e+00 1.206633e+00 3.943381e-01
 2.749786e+00 7.379200e-01 2.804625e-01
 2.580897e+00 3.107660e-01 1.085792e-01
 2.229838e+00 2.355612e-02 -6.003563e-02
 1.762940e+00 -7.029179e-02 -1.773729e-01
 1.344544e+00 4.417354e-02 -1.978764e-01
 1.026528e+00 2.220648e-01 -6.394893e-02
 5.703957e-01 7.756247e-01 2.019009e-01
 4.178756e-01 9.013169e-01 2.890641e-01
 2.719755e-01 9.957367e-01 4.035916e-01
 -3.948252e-01 1.272492e+00 1.044516e+00
 -7.105289e-01 1.244888e+00 1.283468e+00
 -1.028018e+00 1.086117e+00 1.455050e+00
 -1.304079e+00 8.188825e-01 1.537762e+00
 -1.486368e+00 4.864743e-01 1.533077e+00
 -1.556549e+00 1.372755e-01 1.439325e+00
 -1.508846e+00 -1.895604e-01 1.293091e+00
 -1.365564e+00 -4.303391e-01 1.148500e+00
 -1.192146e+00 -5.823816e-01 9.480999e-01
 -8.906372e-01 -6.421144e-01 4.837504e-01
 -7.591612e-01 -7.084798e-01 3.199706e-01
 -6.204243e-01 -8.379536e-01 1.782885e-01
 -1.697620e-01 -1.470691e+00 -1.297641e-01
 2.115361e-01 -1.650743e+00 -3.938404e-01
 6.174705e-01 -1.590984e+00 -7.016461e-01
 9.525261e-01 -1.306526e+00 -9.374767e-01
 1.128573e+00 -8.600287e-01 -1.067217e+00
 1.069638e+00 -3.548165e-01 -1.126160e+00
 7.908861e-01 7.114239e-02 -1.083335e+00
 3.527968e-01 3.845929e-01 -8.289033e-01
 1.758334e-01 6.322992e-01 -7.255432e-01
 2.033067e-02 9.649861e-01 -7.492657e-01
 -2.681207e-04 1.358892e+00 -8.559632e-01
 1.542778e-01 1.731943e+00 -9.773360e-01
 4.620923e-01 2.014287e+00 -1.076359e+00
 8.249270e-01 2.143182e+00 -1.134536e+00
 1.212945e+00 2.135322e+00 -1.127879e+00
 1.574180e+00 2.008598e+00 -1.030916e+00
 1.844120e+00 1.783303e+00 -8.679204e-01
 1.983945e+00 1.490910e+00 -6.767858e-01
 1.988689e+00 1.202546e+00 -4.403206e-01
 1.901701e+00 1.028158e+00 -2.408675e-01
 1.783989e+00 9.506569e-01 -2.878764e-02
 1.732888e+00 9.095130e-01 1.867963e-01
 1.724837e+00 8.148648e-01 3.945992e-01
 1.687458e+00 5.761328e-01 6.328670e-01
 1.618221e+00 3.023208e-01 7.666669e-01
 1.387187e+00 -1.553111e-01 8.814102e-01
 1.208187e+00 -4.733689e-01 1.172068e+00
 8.563657e-01 -5.675004e-01 1.600475e+00
 3.694522e-01 -4.180355e-01 1.854045e+00
 -1.372465e-01 -1.709823e-01 1.792324e+00
 -4.754624e-01 8.790118e-02 1.490342e+00
 -6.723088e-01 3.061616e-01 8.800025e-01
 -9.779279e-01 4.390092e-01 6.329874e-01
 -1.723347e+00 7.143162e-01 3.917220e-01
 -2.096129e+00 6.962111e-01 2.403101e-01
 -2.422591e+00 5.324774e-01 6.289071e-02
 -2.646490e+00 2.517698e-01 -1.151818e-01
 -2.736915e+00 -1.116036e-01 -2.745363e-01
 -2.686594e+00 -4.788516e-01 -3.861160e-01
 -2.507221e+00 -7.750019e-01 -4.599887e-01
 -2.180321e+00 -1.043304e+00 -4.527562e-01
 -1.840702e+00 -1.180548e+00 -3.222313e-01
 -1.619038e+00 -1.246025e+00 -1.082799e-01
 -1.322807e+00 -1.559465e+00 3.649043e-01
 -1.076830e+00 -1.634031e+00 6.502176e-01
 -8.070458e-01 -1.595255e+00 8.623267e-01
 -5.354084e-01 -1.448758e+00 1.009675e+00
 -2.678005e-01 -1.210178e+00 1.067872e+00
 -3.508440e-02 -9.322648e-01 1.007265e+00
 1.479789e-01 -5.060259e-01 8.276276e-01
 2.985528e-01 -1.455724e-01 8.134257e-01
 3.606201e-01 2.306171e-02 8.662181e-01
 4.592956e-01 2.628366e-01 1.065193e+00
 6.786960e-01 4.435794e-01 1.325166e+00
 9.974919e-01 4.709374e-01 1.620546e+00
 1.372680e+00 3.560132e-01 1.799434e+00
 1.767916e+00 1.418778e-01 1.814048e+00
