 1.658323e+00 9.081289e-01 -6.683023e-01
 1.542775e+00 1.018078e+00 -2.875066e-01
 1.537426e+00 9.715076e-01 4.302915e-02
 1.750826e+00 1.031501e+00 6.709759e-01
 1.717111e+00 8.806352e-01 1.198523e+00
 1.460258e+00 5.827126e-01 1.602748e+00
 1.060546e+00 2.653638e-01 1.754274e+00
 6.166587e-01 3.697128e-03 1.628491e+00
 2.911151e-01 -2.057032e-01 1.255374e+00
 2.232606e-01 -3.086210e-01 8.794709e-01
 2.585701e-01 -3.615120e-01 6.104083e-01
 3.676596e-01 -4.534959e-01 4.179429e-01
 6.259595e-01 -6.531313e-01 1.710469e-01
 8.090850e-01 -8.411239e-01 -6.601318e-02
 1.388436e+00 -1.134207e+00 -8.581753e-01
 1.531733e+00 -1.144716e+00 -1.170302e+00
 1.600293e+00 -1.075312e+00 -1.498628e+00
 1.588695e+00 -9.348543e-01 -1.804585e+00
 1.504221e+00 -7.394228e-01 -2.052265e+00
 1.360766e+00 -5.045251e-01 -2.221129e+00
 1.178667e+00 -2.484295e-01 -2.295682e+00
 9.762633e-01 -8.388881e-03 -2.268123e+00
 7.607128e-01 1.857782e-01 -2.152324e+00
 4.988259e-01 3.246700e-01 -1.932352e+00
 2.775240e-01 3.346120e-01 -1.702104e+00
 1.078592e-01 2.494846e-01 -1.514264e+00
 -7.065672e-02 7.025619e-02 -1.357597e+00
 -2.328029e-01 -6.556549e-02 -1.309524e+00
 -5.704442e-01 -3.116550e-01 -1.324504e+00
 -8.251409e-01 -5.780741e-01 -1.220437e+00
 -1.013916e+00 -8.064166e-01 -1.001250e+00
 -1.124976e+00 -1.000304e+00 -6.610541e-01
 -1.134199e+00 -1.064532e+00 -3.358369e-01
 -1.044871e+00 -1.024058e+00 1.465106e-02
 -8.918794e-01 -9.960802e-01 2.111594e-01
 -7.280219e-01 -1.023197e+00 3.829956e-01
 -5.828576e-01 -1.084303e+00 4.974237e-01
 5.845628e-03 -1.333668e+00 8.250198e-01
 4.345914e-01 -1.309683e+00 9.928471e-01
 8.383687e-01 -1.106329e+00 1.084336e+00
 1.130448e+00 -7.840482e-01 1.066000e+00
 1.276002e+00 -4.141146e-01 9.381625e-01
 1.239297e+00 -5.779553e-02 7.835568e-01
 1.062128e+00 2.415434e-01 6.996234e-01
 8.557523e-01 4.853905e-01 7.271632e-01
 3.152979e-01 1.479223e+00 1.392782e+00
 -1.342526e-01 1.755224e+00 1.553749e+00
 -6.766341e-01 1.798526e+00 1.574307e+00
 -1.167241e+00 1.624653e+00 1.415799e+00
 -1.459121e+00 1.314020e+00 1.105332e+00
 -1.492867e+00 8.753717e-01 7.810889e-01
 -1.295089e+00 4.440902e-01 6.188959e-01
 -9.666420e-01 7.523353e-02 6.937137e-01
 -7.837856e-01 -1.621301e-01 9.096115e-01
 -7.365302e-01 -3.839611e-01 1.206441e+00
 -8.278712e-01 -6.026656e-01 1.489130e+00
 -1.043788e+00 -7.932967e-01 1.721100e+00
 -1.352500e+00 -9.480454e-01 1.858920e+00
 -1.711813e+00 -1.037415e+00 1.889727e+00
 -2.054486e+00 -1.067823e+00 1.804892e+00
 -2.349519e+00 -1.062140e+00 1.608608e+00
 -2.561708e+00 -1.010051e+00 1.329153e+00
 -2.667870e+00 -9.133230e-01 1.004485e+00
 -2.658500e+00 -7.748368e-01 6.777472e-01
 -2.534002e+00 -6.156015e-01 3.869029e-01
 -2.308920e+00 -4.588043e-01 1.647583e-01
 -1.284480e+00 -4.508214e-02 -2.936124e-01
 -8.308389e-01 -6.393105e-02 -3.074658e-01
 -3.276697e-01 -3.209077e-01 -3.162252e-01
 -1.606894e-01 -7.188172e-01 -4.514709e-01
 -1.115015e-01 -1.145240e+00 -4.325440e-01
 -2.074380e-01 -1.518089e+00 -3.492744e-01
 -4.212760e-01 -1.813833e+00 -1.980081e-01
 -6.953716e-01 -1.987802e+00 3.154669e-02
 -9.843893e-01 -2.013467e+00 2.900850e-01
 -1.266098e+00 -1.890804e+00 5.323459e-01
 -1.494209e+00 -1.638375e+00 7.246840e-01
 -1.635764e+00 -1.298490e+00 8.362515e-01
 -1.663336e+00 -7.091633e-01 9.092216e-01
 -1.764323e+00 -4.223872e-01 1.067771e+00
 -1.770396e+00 -2.310268e-01 1.263301e+00
 -1.674867e+00 -2.857987e-02 1.461229e+00
 -1.485074e+00 1.900408e-01 1.603297e+00
 -1.209546e+00 4.080567e-01 1.661270e+00
 -8.859110e-01 5.911082e-01 1.590278e+00
 -6.386057e-01 7.397392e-01 1.405993e+00
 -5.127012e-01 8.456666e-01 1.192445e+00
 -4.685187e-01 1.012638e+00 8.841998e-01
 -5.442235e-01 1.491596e+00 5.339478e-01
 -5.046305e-01 1.723803e+00 1.827662e-01
 -3.481768e-01 1.827358e+00 -2.434514e-01
 -1.175717e-01 1.784138e+00 -5.923035e-01
 1.460307e-01 1.618681e+00 -8.302667e-01
 3.878926e-01 1.333747e+00 -9.448157e-01
 6.094021e-01 9.178978e-01 -9.142215e-01
 6.939528e-01 5.790594e-01 -7.609384e-01
 8.062746e-01 3.326989e-01 -4.821033e-01
 1.028559e+00 1.345781e-01 -3.230466e-01
 1.388101e+00 -7.047429e-03 -2.272265e-01
 1.777579e+00 4.963370e-04 -1.713002e-01
 2.140551e+00 1.655702e-01 -1.373523e-01
 2.412732e+00 4.622611e-01 -1.171704e-01
 2.549460e+00 8.466343e-01 -1.192530e-01
 2.527999e+00 1.249563e+00 -1.061576e-01
 2.354902e+00 1.607266e+00 -6.916467e-02
 2.057182e+00 1.867517e+00 -1.623286e-02
 1.678292e+00 1.991479e+00 4.726786e-02
 1.275807e+00 1.959135e+00 9.734133e-02
 9.222716e-01 1.779031e+00 1.260022e-01
 2.319576e-01 1.014583e+00 4.588189e-02
 2.829564e-02 8.751609e-01 -5.687453e-02
 -2.796870e-01 7.925502e-01 -3.528584e-01
 -7.478601e-01 8.236381e-01 -1.207529e+00
 -8.265170e-01 7.186811e-01 -1.609842e+00
 -7.765360e-01 4.878616e-01 -1.988540e+00
 -6.113566e-01 1.929922e-01 -2.241543e+00
 -3.687973e-01 -1.411149e-01 -2.338301e+00
 -9.878410e-02 -4.468470e-01 -2.257621e+00
 1.925963e-01 -6.601114e-01 -2.025226e+00
 4.658856e-01 -7.118285e-01 -1.732507e+00
 6.668534e-01 -6.143010e-01 -1.482409e+00
 8.975366e-01 -3.581158e-01 -1.287946e+00
 1.343753e+00 -4.193227e-02 -1.282845e+00
 1.583963e+00 2.941518e-01 -1.197640e+00
 1.700917e+00 6.515742e-01 -9.622432e-01
