 1.463640e+00 -2.098390e+00 -2.647548e-01
 1.725523e+00 -1.813187e+00 -2.591818e-01
 1.869914e+00 -1.474774e+00 -1.982056e-01
 1.882386e+00 -1.110524e+00 -1.054136e-01
 1.759978e+00 -7.736117e-01 7.446603e-03
 1.443107e+00 -4.245126e-01 1.422078e-01
 1.330948e+00 -1.046792e-01 2.166934e-01
 1.360714e+00 3.674316e-01 4.145012e-01
 1.330328e+00 5.592707e-01 4.829904e-01
 1.257573e+00 7.426047e-01 5.395116e-01
 1.143205e+00 9.117941e-01 5.822499e-01
 9.872675e-01 1.059390e+00 6.107904e-01
 7.794186e-01 1.183758e+00 6.240615e-01
 5.573855e-01 1.260602e+00 6.225891e-01
 3.261436e-01 1.289352e+00 5.966441e-01
 -3.455349e-02 1.263832e+00 5.036103e-01
 -2.664820e-01 1.305062e+00 4.299375e-01
 -4.484166e-01 1.391603e+00 3.832834e-01
 -6.058570e-01 1.500190e+00 2.919266e-01
 -7.948307e-01 1.637151e+00 8.094005e-02
 -9.163741e-01 1.695012e+00 -1.449515e-01
 -1.021964e+00 1.671758e+00 -4.027326e-01
 -1.095889e+00 1.571517e+00 -6.406580e-01
 -1.136772e+00 1.394413e+00 -8.618960e-01
 -1.160552e+00 1.132537e+00 -1.044245e+00
 -1.137687e+00 8.731705e-01 -1.142489e+00
 -9.909222e-01 5.342274e-01 -1.262987e+00
 -9.225955e-01 2.353666e-01 -1.575091e+00
 -6.951785e-01 1.232750e-01 -1.995882e+00
 -2.707802e-01 2.006521e-01 -2.327990e+00
 2.316926e-01 3.510107e-01 -2.399074e+00
 7.131167e-01 5.036182e-01 -2.174236e+00
 1.002986e+00 6.660254e-01 -1.730227e+00
 1.020302e+00 7.825248e-01 -1.211979e+00
 6.777840e-01 6.728499e-01 -3.361466e-01
 4.026584e-01 4.326567e-01 5.585388e-02
 3.399526e-01 2.869354e-01 3.655654e-01
 5.079457e-01 1.629368e-01 1.392160e+00
 5.906327e-01 4.334393e-02 1.666743e+00
 6.995715e-01 -1.483204e-01 1.886590e+00
 8.257341e-01 -3.937248e-01 2.030197e+00
 9.621162e-01 -6.825354e-01 2.086163e+00
 1.092375e+00 -9.439681e-01 2.050658e+00
 1.207276e+00 -1.180274e+00 1.933656e+00
 1.293006e+00 -1.378437e+00 1.744075e+00
 1.340482e+00 -1.526479e+00 1.492709e+00
 1.325885e+00 -1.621034e+00 1.205958e+00
 1.251337e+00 -1.646437e+00 8.931625e-01
 1.140179e+00 -1.587132e+00 6.120061e-01
 9.275497e-01 -1.346619e+00 2.073540e-01
 8.641909e-01 -1.271982e+00 -1.169106e-01
 8.033895e-01 -1.340535e+00 -5.943284e-01
 7.443925e-01 -1.301604e+00 -8.780232e-01
 6.723619e-01 -1.184675e+00 -1.135235e+00
 5.817862e-01 -9.953035e-01 -1.351005e+00
 4.823824e-01 -7.755657e-01 -1.483217e+00
 3.729214e-01 -5.155725e-01 -1.541301e+00
 2.717526e-01 -2.457835e-01 -1.520540e+00
 1.396428e-01 1.732334e-01 -1.359936e+00
 4.265077e-02 4.942580e-01 -1.362467e+00
 1.189461e-05 6.909338e-01 -1.444498e+00
 -7.318223e-02 8.581752e-01 -1.548513e+00
 -1.991586e-01 1.004486e+00 -1.683841e+00
 -3.754476e-01 1.107035e+00 -1.830324e+00
 -6.221828e-01 1.153979e+00 -1.991769e+00
 -9.002826e-01 1.132850e+00 -2.104691e+00
 -1.200736e+00 1.044597e+00 -2.148519e+00
 -1.492167e+00 9.126414e-01 -2.099239e+00
 -1.733944e+00 7.403105e-01 -1.964025e+00
 -1.901302e+00 5.437661e-01 -1.752078e+00
 -1.970471e+00 3.368232e-01 -1.488088e+00
 -1.927496e+00 1.392129e-01 -1.207634e+00
 -1.776391e+00 -2.085126e-02 -9.390428e-01
 -1.286388e+00 -2.254296e-01 -4.776762e-01
 -1.141194e+00 -3.328961e-01 -2.884312e-01
 -1.034077e+00 -5.048856e-01 -1.003432e-01
 -1.009734e+00 -6.572860e-01 2.195967e-02
 -1.068853e+00 -9.122821e-01 2.625586e-01
 -1.051709e+00 -1.101216e+00 5.237089e-01
 -9.307970e-01 -1.265561e+00 7.874635e-01
 -7.363726e-01 -1.375280e+00 9.965380e-01
 -4.823043e-01 -1.435347e+00 1.143308e+00
 -1.701787e-01 -1.414711e+00 1.238939e+00
 1.346507e-01 -1.300329e+00 1.282099e+00
 4.281040e-01 -1.088665e+00 1.260128e+00
 7.144495e-01 -8.043050e-01 1.108648e+00
 8.767816e-01 -7.217043e-01 1.068191e+00
 1.069700e+00 -6.441964e-01 1.075368e+00
 1.445578e+00 -5.168614e-01 1.165796e+00
 1.807303e+00 -3.782183e-01 1.101897e+00
 2.107525e+00 -2.291019e-01 9.002325e-01
 2.309920e+00 -6.810623e-02 5.775311e-01
 2.356955e+00 6.550216e-02 2.319971e-01
 2.267309e+00 1.444437e-01 -1.320554e-01
 2.071845e+00 1.302639e-01 -4.613273e-01
 1.793485e+00 3.638145e-02 -7.050319e-01
 1.466114e+00 -1.039764e-01 -8.254767e-01
 1.128537e+00 -2.393999e-01 -8.087546e-01
 7.005348e-01 -3.226776e-01 -6.011242e-01
 4.476577e-01 -3.906477e-01 -5.246953e-01
 1.599633e-01 -5.289371e-01 -5.436837e-01
 -6.283004e-01 -1.061797e+00 -8.553865e-01
 -1.032586e+00 -1.202608e+00 -8.510956e-01
 -1.435219e+00 -1.226691e+00 -7.154495e-01
 -1.791852e+00 -1.118282e+00 -4.625121e-01
 -2.000845e+00 -8.983005e-01 -1.816874e-01
 -2.045682e+00 -6.044496e-01 1.135157e-01
 -1.910608e+00 -3.170566e-01 4.039622e-01
 -1.612394e+00 -8.966285e-02 6.345205e-01
 -1.125886e+00 1.484025e-01 7.235152e-01
 -8.848037e-01 4.373540e-01 8.438160e-01
 -7.043299e-01 9.579247e-01 1.274395e+00
 -6.169754e-01 1.240945e+00 1.380722e+00
 -4.955580e-01 1.545711e+00 1.391231e+00
 -3.558591e-01 1.833168e+00 1.297144e+00
 -2.140245e-01 2.071996e+00 1.103178e+00
 -8.242623e-02 2.230710e+00 8.272751e-01
 2.643862e-02 2.284376e+00 4.991144e-01
 1.069066e-01 2.217339e+00 1.594390e-01
 1.405749e-01 2.041893e+00 -1.443173e-01
 1.074282e-01 1.777857e+00 -3.903037e-01
 1.133471e-02 1.469099e+00 -5.327282e-01
 -1.632954e-01 1.166850e+00 -5.742117e-01
 -3.504882e-01 8.738289e-01 -4.913162e-01
 -5.493492e-01 6.892077e-01 -3.343950e-01
 -8.535618e-01 6.417019e-01 -1.920815e-01
 -1.266305e+00 7.408499e-01 -8.328912e-02
 -1.484195e+00 8.839469e-01 9.792044e-02
 -1.688436e+00 9.792644e-01 4.570576e-01
 -1.790206e+00 9.428356e-01 8.666651e-01
 -1.797690e+00 7.670442e-01 1.239070e+00
 -1.693510e+00 5.140155e-01 1.514382e+00
 -1.437562e+00 2.051661e-01 1.706536e+00
 -1.119150e+00 -6.807611e-02 1.733968e+00
 -7.851330e-01 -2.861451e-01 1.597546e+00
 -4.952376e-01 -4.098154e-01 1.322621e+00
 -3.305954e-01 -4.415571e-01 9.814132e-01
 -2.381729e-01 -5.281941e-01 7.199620e-01
 -1.202385e-01 -6.537996e-01 5.199387e-01
 -6.171462e-02 -8.296482e-01 4.012317e-01
 -6.286743e-02 -1.092749e+00 2.825883e-01
 -1.045003e-01 -1.387778e+00 1.871391e-01
 -3.441194e-02 -1.712181e+00 1.127556e-01
 1.545980e-01 -2.003831e+00 2.340866e-02
 4.379975e-01 -2.209918e+00 -6.463272e-02
 7.791502e-01 -2.302040e+00 -1.377968e-01
 1.150755e+00 -2.263138e+00 -2.114610e-01
