 2.676670e+00 1.264359e+00 -3.842421e-01
 2.570128e+00 1.079204e+00 6.518817e-02
 2.298612e+00 7.858067e-01 3.683709e-01
 1.884285e+00 4.782525e-01 4.562071e-01
 1.439041e+00 3.295639e-01 3.362115e-01
 1.115221e+00 3.875455e-01 1.408497e-01
 9.368958e-01 4.780590e-01 6.046127e-02
 3.809306e-01 8.632991e-01 7.466336e-02
 -1.060084e-01 1.101160e+00 -3.779933e-02
 -4.399841e-01 1.146829e+00 -7.351939e-02
 -7.772410e-01 1.094549e+00 -5.746008e-02
 -1.456119e+00 7.666702e-01 8.726073e-02
 -1.729569e+00 7.525626e-01 1.208929e-01
 -1.915951e+00 7.235400e-01 9.174682e-02
 -2.208478e+00 5.797814e-01 1.325614e-02
 -2.397851e+00 3.928711e-01 -7.822154e-02
 -2.532303e+00 1.225666e-01 -1.561590e-01
 -2.581814e+00 -1.889271e-01 -1.932816e-01
 -2.537907e+00 -5.157625e-01 -1.806871e-01
 -2.402216e+00 -8.330793e-01 -9.859677e-02
 -2.186259e+00 -1.072481e+00 1.984416e-02
 -1.905674e+00 -1.217688e+00 1.583668e-01
 -1.593881e+00 -1.250693e+00 3.043854e-01
 -1.289471e+00 -1.167292e+00 4.438140e-01
 -6.846136e-01 -7.226224e-01 7.480439e-01
 -5.351457e-01 -6.229136e-01 8.792187e-01
 -3.853540e-01 -5.112062e-01 1.109374e+00
 -2.201809e-01 -5.042637e-01 1.445807e+00
 9.945828e-03 -7.137425e-01 1.814898e+00
 2.675411e-01 -1.080686e+00 2.011136e+00
 5.193322e-01 -1.509164e+00 1.976966e+00
 7.101370e-01 -1.895080e+00 1.706818e+00
 8.002321e-01 -2.132039e+00 1.261385e+00
 7.738551e-01 -2.153430e+00 7.487138e-01
 6.490548e-01 -1.945138e+00 2.984758e-01
 4.694727e-01 -1.547316e+00 1.612472e-02
 2.934331e-01 -1.087128e+00 -1.565954e-02
 2.660808e-01 -5.719764e-01 1.602850e-01
 5.351759e-01 4.304873e-02 9.167931e-01
 7.065521e-01 4.863397e-01 1.087842e+00
 9.315249e-01 9.184110e-01 1.029189e+00
 1.169118e+00 1.237683e+00 7.625292e-01
 1.364352e+00 1.382460e+00 3.470876e-01
 1.535208e+00 1.295859e+00 -1.280900e-01
 1.665121e+00 1.011579e+00 -4.496379e-01
 1.828382e+00 6.609367e-01 -5.623012e-01
 2.262758e+00 2.854911e-01 -6.074310e-01
 2.440389e+00 -1.791393e-01 -5.953430e-01
 2.375767e+00 -6.846863e-01 -6.290869e-01
 2.091805e+00 -1.088778e+00 -7.375798e-01
 1.648901e+00 -1.298778e+00 -8.771754e-01
 1.132157e+00 -1.264983e+00 -9.570911e-01
 6.982491e-01 -9.936311e-01 -9.709123e-01
 4.481196e-01 -5.796611e-01 -8.871972e-01
 3.949476e-01 9.448356e-02 -7.285726e-01
 2.265997e-01 5.357398e-01 -8.762896e-01
 1.380157e-01 8.593153e-01 -1.184505e+00
 1.877342e-01 1.055150e+00 -1.620140e+00
 3.893160e-01 1.084986e+00 -2.054599e+00
 7.118997e-01 9.580274e-01 -2.385570e+00
 1.079864e+00 7.001667e-01 -2.543756e+00
 1.410212e+00 3.654004e-01 -2.500710e+00
 1.648353e+00 3.950219e-02 -2.262483e+00
 1.755457e+00 -2.018918e-01 -1.871509e+00
 1.696813e+00 -3.205947e-01 -1.416682e+00
 1.444100e+00 -2.752427e-01 -8.912267e-01
 1.404578e+00 -3.226380e-01 -5.772340e-01
 1.235949e+00 -9.011926e-01 4.152190e-01
 1.013876e+00 -1.066348e+00 7.553055e-01
 7.374731e-01 -1.134084e+00 9.487634e-01
 4.152671e-01 -1.197160e+00 9.964519e-01
 1.891015e-01 -1.336723e+00 9.974271e-01
 -9.099337e-02 -1.517166e+00 1.131615e+00
 -5.040190e-01 -1.521300e+00 1.392575e+00
 -9.099819e-01 -1.274802e+00 1.597924e+00
 -1.202489e+00 -8.645608e-01 1.643201e+00
 -1.315921e+00 -3.958661e-01 1.543763e+00
 -1.245908e+00 -7.671598e-04 1.328633e+00
 -1.255622e+00 1.858673e-01 1.211157e+00
 -1.335807e+00 4.182614e-01 1.109498e+00
 -1.460286e+00 1.084027e+00 1.073375e+00
 -1.553617e+00 1.502565e+00 8.173831e-01
 -1.658538e+00 1.747528e+00 3.941830e-01
 -1.737704e+00 1.762157e+00 -9.902395e-02
 -1.761979e+00 1.540954e+00 -5.487026e-01
 -1.743858e+00 1.134429e+00 -8.445901e-01
 -1.693234e+00 6.387159e-01 -9.149692e-01
 -1.622873e+00 1.733444e-01 -7.440400e-01
 -1.575589e+00 -1.445934e-01 -3.833707e-01
 -1.562181e+00 -2.473932e-01 -5.736710e-04
 -1.680523e+00 -2.363864e-01 3.308142e-01
 -2.167575e+00 -2.049338e-01 8.339378e-01
 -2.300363e+00 1.169818e-01 1.461862e+00
 -1.935564e+00 4.609922e-01 1.997307e+00
 -1.255695e+00 6.921338e-01 2.150948e+00
 -6.130903e-01 7.676577e-01 1.829966e+00
 -2.996944e-01 6.685723e-01 1.191885e+00
 -4.751435e-01 1.664630e-01 2.415677e-01
 -6.146639e-01 -1.090943e-01 -7.349936e-01
 -5.511876e-01 -1.308015e-01 -1.109441e+00
 -3.645867e-01 -1.030410e-01 -1.439360e+00
 -8.174400e-02 -4.679514e-02 -1.670357e+00
 2.497701e-01 1.144304e-02 -1.774919e+00
 6.207156e-01 1.187406e-01 -1.750782e+00
 8.366893e-01 2.301480e-01 -1.652277e+00
 1.040770e+00 4.747473e-01 -1.520376e+00
 1.868410e+00 1.064174e+00 -1.512935e+00
 2.285067e+00 1.248027e+00 -1.287782e+00
 2.581024e+00 1.316534e+00 -8.777250e-01
