 -2.186652e+00 1.437789e+00 -1.950149e-03
 -1.964099e+00 1.613953e+00 -2.445568e-01
 -1.661094e+00 1.695684e+00 -4.336417e-01
 -1.083339e+00 1.632276e+00 -6.705269e-01
 -8.070456e-01 1.676536e+00 -9.387288e-01
 -6.524239e-01 1.601474e+00 -1.279144e+00
 -5.332756e-01 1.300543e+00 -1.651891e+00
 -4.821028e-01 8.641409e-01 -1.847900e+00
 -4.733069e-01 3.852404e-01 -1.818397e+00
 -5.239701e-01 -5.112338e-02 -1.561699e+00
 -6.130970e-01 -3.097122e-01 -1.147599e+00
 -6.631110e-01 -3.358555e-01 -5.888869e-01
 -7.365047e-01 -4.042509e-01 -3.507326e-01
 -8.421238e-01 -5.241398e-01 -1.635976e-01
 -1.162434e+00 -6.928273e-01 1.561145e-01
 -1.286038e+00 -8.676117e-01 5.379629e-01
 -1.233990e+00 -1.079832e+00 9.137333e-01
 -1.020251e+00 -1.298631e+00 1.211915e+00
 -6.861933e-01 -1.495236e+00 1.381297e+00
 -3.578562e-01 -1.587425e+00 1.421529e+00
 2.598767e-02 -1.610479e+00 1.340563e+00
 3.163316e-01 -1.610574e+00 1.143433e+00
 4.998489e-01 -1.600725e+00 8.770470e-01
 5.985620e-01 -1.677589e+00 5.086932e-01
 6.382014e-01 -2.062507e+00 -2.143421e-02
 5.674769e-01 -2.150469e+00 -5.110443e-01
 4.755487e-01 -1.987259e+00 -1.001352e+00
 3.908994e-01 -1.632371e+00 -1.343839e+00
 3.524535e-01 -1.224529e+00 -1.459177e+00
 3.599683e-01 -7.136007e-01 -1.350196e+00
 3.910369e-01 -3.832659e-01 -1.107028e+00
 3.619156e-01 -2.274189e-01 -8.555690e-01
 4.026859e-01 -5.060475e-02 -3.715900e-01
 7.266690e-01 7.169756e-01 1.936626e-01
 8.733640e-01 1.077138e+00 7.236198e-01
 8.610294e-01 1.167399e+00 1.209242e+00
 7.046889e-01 1.060291e+00 1.703904e+00
 4.617980e-01 8.126814e-01 2.018992e+00
 1.936656e-01 4.547884e-01 2.134375e+00
 -6.511357e-02 3.609657e-03 2.017946e+00
 -2.171358e-01 -3.633813e-01 1.687642e+00
 -2.263525e-01 -7.803268e-01 7.682755e-01
 -2.941394e-01 -1.125926e+00 4.775702e-01
 -4.042012e-01 -1.416703e+00 3.995415e-01
 -4.166934e-01 -1.841760e+00 4.225639e-01
 -2.747627e-01 -2.247853e+00 5.841327e-01
 1.890599e-02 -2.519342e+00 7.709066e-01
 4.554629e-01 -2.635910e+00 9.214718e-01
 8.980739e-01 -2.549711e+00 1.015134e+00
 1.270199e+00 -2.276765e+00 1.051065e+00
 1.494758e+00 -1.871014e+00 1.019920e+00
 1.523980e+00 -1.414899e+00 9.261141e-01
 1.220985e+00 -6.925205e-01 6.716106e-01
 1.220184e+00 -3.140264e-01 5.572238e-01
 1.327851e+00 -5.092290e-02 5.251282e-01
 1.539979e+00 1.840325e-01 4.533159e-01
 1.804949e+00 3.656899e-01 2.578693e-01
 2.066108e+00 4.205901e-01 3.647446e-03
 2.273447e+00 3.623672e-01 -3.098982e-01
 2.383988e+00 2.006021e-01 -6.369839e-01
 2.376457e+00 -3.384081e-02 -9.310579e-01
 2.257246e+00 -3.107844e-01 -1.154583e+00
 2.050241e+00 -6.060002e-01 -1.270742e+00
 1.782279e+00 -8.765746e-01 -1.261433e+00
 1.489193e+00 -1.082869e+00 -1.126672e+00
 1.223322e+00 -1.188743e+00 -8.950197e-01
 9.656833e-01 -1.160935e+00 -6.222146e-01
 7.460946e-01 -1.126855e+00 -4.898683e-01
 5.334103e-01 -1.119013e+00 -4.170406e-01
 2.059748e-01 -1.159589e+00 -4.201241e-01
 -5.639060e-01 -1.346214e+00 -7.149253e-01
 -9.245075e-01 -1.302759e+00 -8.154915e-01
 -1.236668e+00 -1.149071e+00 -8.613581e-01
 -1.481280e+00 -8.975890e-01 -8.640516e-01
 -1.637356e+00 -5.760639e-01 -8.069615e-01
 -1.699383e+00 -2.433527e-01 -6.547460e-01
 -1.594989e+00 3.235201e-01 -2.492716e-01
 -1.544672e+00 4.699733e-01 -1.629702e-01
 -1.387629e+00 7.821666e-01 -1.234560e-02
 -1.313470e+00 9.340879e-01 1.420367e-01
 -1.286114e+00 1.025417e+00 2.505221e-01
 -1.228198e+00 1.108696e+00 4.380905e-01
 -1.116914e+00 1.151247e+00 6.503416e-01
 -9.546037e-01 1.145284e+00 8.496229e-01
 -7.603805e-01 1.088455e+00 1.008927e+00
 -5.398773e-01 9.974832e-01 1.114709e+00
 -3.219225e-01 8.736174e-01 1.163513e+00
 -1.237255e-01 7.068060e-01 1.169163e+00
 1.254828e-01 4.424688e-01 1.097738e+00
 2.912577e-01 3.137860e-01 1.097137e+00
 3.977015e-01 2.499533e-01 1.123207e+00
 5.794074e-01 1.523552e-01 1.217976e+00
 8.672646e-01 5.255746e-02 1.436988e+00
 1.146756e+00 -2.356586e-02 1.532750e+00
 1.446744e+00 -1.183277e-01 1.536597e+00
 1.731026e+00 -2.181920e-01 1.444472e+00
 1.980739e+00 -3.237002e-01 1.257559e+00
 2.169257e+00 -4.249924e-01 9.800470e-01
 2.239566e+00 -5.085926e-01 7.011600e-01
 2.207900e+00 -5.846971e-01 3.999115e-01
 2.088894e+00 -6.140184e-01 1.074961e-01
 1.883893e+00 -5.715331e-01 -1.679908e-01
 1.702722e+00 -4.909037e-01 -3.131846e-01
 1.548710e+00 -3.516439e-01 -4.153231e-01
 1.445872e+00 -1.965938e-01 -5.410514e-01
 1.311561e+00 2.050881e-01 -8.040220e-01
 1.173431e+00 4.097785e-01 -9.165277e-01
 9.860440e-01 5.771307e-01 -9.912510e-01
 7.648879e-01 7.018198e-01 -1.022620e+00
 5.201412e-01 7.771739e-01 -1.014146e+00
 2.682294e-01 7.950627e-01 -9.761042e-01
 -3.417812e-01 6.856794e-01 -8.412395e-01
 -6.701081e-01 6.782952e-01 -8.216320e-01
 -8.979373e-01 6.578803e-01 -9.147934e-01
 -1.116937e+00 6.852921e-01 -1.057501e+00
 -1.350217e+00 8.241035e-01 -1.224691e+00
 -1.511002e+00 1.036043e+00 -1.378473e+00
 -1.615797e+00 1.325846e+00 -1.491090e+00
 -1.650329e+00 1.654913e+00 -1.532808e+00
 -1.619163e+00 1.979775e+00 -1.488124e+00
 -1.536665e+00 2.271329e+00 -1.351574e+00
 -1.394521e+00 2.500931e+00 -1.138742e+00
 -1.198124e+00 2.634884e+00 -8.815485e-01
 -9.695770e-01 2.651820e+00 -6.099259e-01
 -7.383896e-01 2.544355e+00 -3.555356e-01
 -5.366858e-01 2.321677e+00 -1.500632e-01
 -3.947240e-01 2.011044e+00 -2.044588e-02
 -2.556273e-01 1.001022e+00 1.195263e-01
 -3.838321e-01 5.435062e-01 1.948942e-01
 -5.309349e-01 3.161413e-01 3.163702e-01
 -7.667662e-01 1.796087e-01 5.674749e-01
 -1.136307e+00 1.324857e-01 7.488666e-01
 -1.509605e+00 2.143708e-01 8.404187e-01
 -1.833513e+00 3.867455e-01 8.303713e-01
 -2.107974e+00 6.289345e-01 7.061048e-01
 -2.266288e+00 9.094380e-01 5.070361e-01
 -2.292683e+00 1.192262e+00 2.604573e-01
