 2.771008e+00 -4.677580e-01 -1.557795e+00
 2.546840e+00 -8.401190e-01 -1.551379e+00
 2.202196e+00 -1.083259e+00 -1.501742e+00
 1.803124e+00 -1.165101e+00 -1.421155e+00
 1.424904e+00 -1.087758e+00 -1.312793e+00
 1.128831e+00 -8.840003e-01 -1.181951e+00
 9.470321e-01 -5.913256e-01 -1.024798e+00
 9.198575e-01 -3.287471e-01 -8.779742e-01
 9.553699e-01 -7.682888e-02 -6.397127e-01
 1.281766e+00 3.334040e-01 3.929738e-03
 1.314682e+00 4.770626e-01 2.652640e-01
 1.260115e+00 6.145420e-01 5.219695e-01
 1.126985e+00 7.297699e-01 7.543886e-01
 9.126562e-01 8.162236e-01 9.651965e-01
 6.642142e-01 8.471955e-01 1.114862e+00
 1.851572e-01 8.302316e-01 1.258223e+00
 -7.880916e-02 9.028959e-01 1.336354e+00
 -3.630756e-01 1.082482e+00 1.457392e+00
 -5.931486e-01 1.454609e+00 1.524314e+00
 -7.249568e-01 1.871457e+00 1.410745e+00
 -7.674259e-01 2.239262e+00 1.111827e+00
 -6.937543e-01 2.460593e+00 7.097591e-01
 -5.100887e-01 2.503885e+00 2.850406e-01
 -2.547940e-01 2.360388e+00 -7.517750e-02
 1.900142e-02 2.060468e+00 -2.972431e-01
 2.553498e-01 1.666450e+00 -3.377584e-01
 3.879429e-01 1.308649e+00 -2.085440e-01
 3.007626e-01 4.650924e-01 2.210519e-01
 3.173400e-01 2.776810e-01 3.418989e-01
 3.913559e-01 -1.002599e-01 6.862505e-01
 4.491387e-01 -9.626805e-01 1.057377e+00
 2.859383e-01 -1.389353e+00 1.155407e+00
 -5.896483e-02 -1.729937e+00 1.173174e+00
 -5.013038e-01 -1.889867e+00 1.118488e+00
 -8.852800e-01 -1.849259e+00 1.016169e+00
 -1.199930e+00 -1.638561e+00 9.290350e-01
 -1.407323e+00 -1.453464e+00 9.824260e-01
 -1.693102e+00 -1.330332e+00 1.019745e+00
 -2.069777e+00 -1.176899e+00 8.693425e-01
 -2.337977e+00 -9.952899e-01 5.415848e-01
 -2.416568e+00 -8.066962e-01 1.188705e-01
 -2.280050e+00 -6.125130e-01 -2.896216e-01
 -1.954353e+00 -4.454737e-01 -5.882770e-01
 -1.509269e+00 -3.584358e-01 -7.233379e-01
 -1.056752e+00 -3.792557e-01 -6.734354e-01
 -5.099966e-01 -4.359868e-01 -3.239536e-01
 -2.316584e-01 -4.155844e-01 -2.297244e-01
 3.139713e-02 -5.157855e-01 -2.231864e-01
 5.744477e-01 -8.673798e-01 -7.247403e-02
 9.985308e-01 -9.341976e-01 -4.281608e-02
 1.427679e+00 -8.713227e-01 -1.559791e-01
 1.772473e+00 -6.800260e-01 -3.958222e-01
 1.942006e+00 -4.075899e-01 -7.300476e-01
 1.910347e+00 -1.984141e-01 -1.055391e+00
 1.822228e+00 -1.491065e-01 -1.302480e+00
 1.797035e+00 -1.384108e-01 -1.532540e+00
 1.817099e+00 -2.276739e-03 -1.851434e+00
 1.765301e+00 3.016843e-01 -2.140603e+00
 1.591115e+00 6.793208e-01 -2.298271e+00
 1.314745e+00 1.033595e+00 -2.289834e+00
 9.818223e-01 1.292728e+00 -2.117971e+00
 6.504981e-01 1.392025e+00 -1.821904e+00
 3.839284e-01 1.307814e+00 -1.477740e+00
 1.907051e-01 1.031245e+00 -1.163577e+00
 1.377667e-01 6.654480e-01 -9.735069e-01
 8.810204e-02 3.177003e-01 -9.612130e-01
 -4.104087e-02 -1.732945e-01 -1.193533e+00
 -5.614845e-02 -4.535794e-01 -1.241354e+00
 -1.132906e-01 -8.078170e-01 -1.186451e+00
 -1.922310e-01 -1.109557e+00 -1.016204e+00
 -2.788436e-01 -1.331399e+00 -7.451988e-01
 -3.661592e-01 -1.437413e+00 -4.172862e-01
 -4.276794e-01 -1.419185e+00 -6.748853e-02
 -4.428589e-01 -1.278925e+00 2.712188e-01
 -4.839001e-01 -9.905588e-01 5.867577e-01
 -5.733523e-01 -8.310754e-01 9.138223e-01
 -6.235014e-01 -8.829903e-01 1.339740e+00
 -7.855292e-01 -1.075114e+00 1.705075e+00
 -1.014756e+00 -1.375982e+00 1.927223e+00
 -1.291596e+00 -1.719788e+00 1.967231e+00
 -1.569566e+00 -2.032497e+00 1.817995e+00
 -1.803673e+00 -2.249777e+00 1.507266e+00
 -1.944348e+00 -2.332825e+00 1.094601e+00
 -1.980246e+00 -2.256663e+00 6.618743e-01
 -1.905038e+00 -2.036610e+00 2.880641e-01
 -1.735969e+00 -1.723512e+00 4.681396e-02
 -1.537178e+00 -1.330807e+00 -2.735363e-02
 -1.398985e+00 -1.032585e+00 6.622731e-02
 -1.384788e+00 -6.974827e-01 2.597509e-01
 -1.678222e+00 1.475037e-01 4.684993e-01
 -1.678896e+00 4.775192e-01 5.276561e-01
 -1.570246e+00 7.952339e-01 5.724431e-01
 -1.351810e+00 1.079858e+00 5.912766e-01
 -1.079124e+00 1.271716e+00 5.688060e-01
 -5.904154e-01 1.419577e+00 4.890755e-01
 -2.913693e-01 1.518151e+00 5.330442e-01
 -1.463800e-02 1.671217e+00 6.689341e-01
 2.031298e-01 1.819379e+00 9.587365e-01
 3.484506e-01 1.844621e+00 1.343657e+00
 4.130830e-01 1.712203e+00 1.745678e+00
 3.922946e-01 1.465481e+00 2.060457e+00
 2.832938e-01 1.151212e+00 2.267905e+00
 1.091425e-01 8.210643e-01 2.344220e+00
 -1.003548e-01 5.219510e-01 2.290055e+00
 -3.154716e-01 2.887454e-01 2.123281e+00
 -5.098541e-01 1.436516e-01 1.872812e+00
 -6.600456e-01 9.724419e-02 1.578557e+00
 -7.284749e-01 1.240872e-01 1.283118e+00
 -6.739922e-01 3.034205e-01 4.977270e-01
 -6.967535e-01 3.707702e-01 2.652675e-01
 -7.858276e-01 5.729775e-01 -1.928853e-01
 -8.956879e-01 6.455961e-01 -1.041968e+00
 -7.753640e-01 6.245842e-01 -1.458957e+00
 -4.603719e-01 5.706269e-01 -1.826207e+00
 -9.016358e-02 4.992386e-01 -1.997900e+00
 2.970779e-01 4.120973e-01 -1.997864e+00
 6.678339e-01 3.575532e-01 -1.821691e+00
 9.097357e-01 3.995235e-01 -1.575442e+00
 1.117505e+00 5.956483e-01 -1.364079e+00
 1.446745e+00 8.061860e-01 -1.277968e+00
 1.905115e+00 8.753911e-01 -1.285626e+00
 2.351756e+00 7.306760e-01 -1.348252e+00
 2.678901e+00 4.049102e-01 -1.431425e+00
 2.823259e+00 -2.483059e-02 -1.516653e+00
