0.7791966251704514 1.79244774390808 0.8866329549249844
0.5917708098543566 2.027467089602704 1.002019553176775
0.3350915980722035 2.205195765987088 1.072220044246422
0.03559774047699014 2.312495420600845 1.086147662243548
-0.3083861370863549 2.350316199037852 1.028707229694856
-0.5989366175300694 2.298306661913162 0.9174056168477056
-0.8367247836929574 2.163742334442639 0.7625558715698174
-1.012092762658696 1.945685673182575 0.588132855102915
-1.103017106647062 1.666715589233541 0.4197704955975241
-1.088398958300847 1.377961679166147 0.2695692115243256
-0.9753335036813777 1.1031751168255 0.1496356436599222
-0.7597256180428968 0.8620169640988775 0.03855450989784764
-0.5092351223955323 0.5796115621287098 -0.196547357195687
-0.4136689181605342 0.4635893993420616 -0.4045432115075773
-0.4362412494471032 0.3679082173309665 -0.7519399043935714
-0.6901353533785723 0.2387926985591519 -1.274072954380509
-0.7826333865040059 0.06453357761046531 -1.550621082918194
-0.7822135547754077 -0.1765636760174824 -1.799658099686964
-0.6982680981612598 -0.4560971518573232 -1.974833340420331
-0.5430918477077122 -0.761537763891597 -2.054810726926599
-0.3408085347173813 -1.024607377292723 -2.034899086354187
-0.08253184371133755 -1.223335199141586 -1.939772755361189
0.2010148347504351 -1.325859144346935 -1.789013382758785
0.4727012524946227 -1.325914763372532 -1.591154271865784
0.6993458623222217 -1.225687382509293 -1.384159668892841
0.8492306582420952 -1.060483172818291 -1.154256967478233
0.9243360971614385 -0.7691603654203417 -0.8171731794030705
1.050409523277117 -0.6304994559168653 -0.5301862985486503
1.658529167503659 -0.2078097831396688 -0.1079756084328378
1.808776969352862 -0.05619015718063944 0.1031752303050765
1.876941755030486 0.1151116965496465 0.3507533597517768
1.85065079059244 0.2942900776033549 0.6214457765801091
1.73564482684834 0.4395735880309793 0.8756781177894813
1.539175037325521 0.5436409366939281 1.100232490371915
1.257657465417289 0.6016573066734905 1.281343803959198
0.9721570089604372 0.6059820467294394 1.360501601083365
0.6187647827504091 0.5669693699341803 1.327722391029579
0.2973174469595489 0.4906270726162689 1.188867111227664
-0.004473999964522275 0.3704990042976651 0.9115715555745161
-0.2748641835644112 0.3296595968976526 0.8013445687617493
-0.5105722487797368 0.2286881737879349 0.7859348040612284
-1.232311799962493 -0.1414444690930116 0.7956011667967218
-1.470659327273267 -0.3101051708413458 0.7203912828683409
-1.68061771118031 -0.5114634018626236 0.5544537449563349
-1.805306652631427 -0.6908543597136958 0.3403368309587457
-1.847855883566991 -0.8478926576985928 0.08983648559929647
-1.806842528044672 -0.9704239289990065 -0.1763831167817059
-1.684572373900445 -1.050559115354195 -0.437043147696488
-1.48906053085699 -1.080461770897883 -0.6708854028638768
-1.221401526064475 -1.057347971724224 -0.8633254828982998
-0.9577877633036435 -0.991924901584443 -0.9672650089545501
-0.2977826528797253 -0.696202050517538 -1.06327279940979
-0.03980553524831192 -0.5443205459202922 -1.181372554395509
0.1165628096622758 -0.3868152271074997 -1.368847374972579
0.3503727501330989 -0.2930835710328328 -1.73698132022573
0.5797323402798691 -0.1119180746222282 -1.969535998017118
0.7794283245668473 0.1539280893683992 -2.106360937659522
0.9490158834154059 0.4384128676447963 -2.121369976637469
1.091052157513981 0.7414573049481935 -2.019183289357053
1.15589813405794 1.012960947170628 -1.829092827346559
1.135566250097196 1.257817509085092 -1.554406918404062
1.016722772516432 1.422109869160662 -1.263113650083546
0.826053028453683 1.493804181423929 -0.9992524925453257
0.5827045373393819 1.48841686729431 -0.7993596591176308
0.3264808476463437 1.429113493470941 -0.6922266017759107
0.02190322033881343 1.355732720784132 -0.6850819809113059
-0.3874358640183349 1.408967046372976 -0.7830494473888098
-0.7329108894001255 1.337029028515997 -0.8852392062116742
-1.089999984435144 1.160771895210545 -0.8836034768222534
-1.324367692913454 0.9403657147621819 -0.8067542964993825
-1.453891474440222 0.6554102835381311 -0.6778600950539688
-1.457716674358238 0.3369909685309316 -0.5323056113390632
-1.29010215817986 -0.07396096328531357 -0.3428753173646689
-0.9442970279715972 -0.3945269339579573 -0.146578730834047
-0.8612185351243896 -0.5597317066186974 -0.05266447229423474
-0.8189892662469452 -0.999545003470186 0.1518862763044675
-0.6709211559992094 -1.288959914230784 0.3139617509363001
-0.4140718728660034 -1.512471084067671 0.4671303939335716
-0.1134848412443734 -1.622811448167553 0.5590391053962496
0.2049088995352371 -1.619581771169546 0.6084496186889422
0.5759019215486532 -1.494425466458035 0.5875842678282661
1.026924847059951 -1.184419420597128 0.4137134384631664
1.275998735369266 -1.114106730256636 0.3993337812293425
1.535038016369206 -1.112053873551467 0.4036474519262334
1.859831086653019 -1.218395899048849 0.3496127530170046
2.12766712886149 -1.422310194349276 0.248405665066638
2.30198716548777 -1.692401952385322 0.09181988092995343
2.36259153052027 -1.949880817981178 -0.1058055982453199
2.320047393623168 -2.189158853488766 -0.3508916653334954
2.171933145123688 -2.381966998465282 -0.5878690847554902
1.937531249992486 -2.512752126290387 -0.7885712451782342
1.64549091962213 -2.570314887890052 -0.9322029741009702
1.329894423151173 -2.550984627129147 -1.006815145264156
1.023377859803792 -2.459531193805845 -1.009065348810033
0.7554507099586234 -2.307218317999614 -0.9426694689401717
0.5523530168609838 -2.112259737008119 -0.818707474650159
0.2738041050410277 -1.578141984707916 -0.4766959213987645
0.1551907283737087 -1.125873544151519 -0.2821430088786239
0.1645431146285927 -0.789379481694697 -0.0623061057494434
0.1521151833625853 -0.6422404991879656 0.1716004848582109
0.05652616017704101 -0.6110842080104656 0.53295807997683
-0.02179518961692619 -0.6531942728481852 0.9493204739050934
-0.1257729021633251 -0.5769293913840089 1.271987181866837
-0.2384607023236947 -0.3929143886415649 1.542876765267072
-0.3696995254668744 -0.1255003595359099 1.727980431108822
-0.4930726455088542 0.1895979754163099 1.801369685462791
-0.5721786247471414 0.5289419448205045 1.761164390839975
-0.5780690388925431 0.8547061940325633 1.622246779705117
-0.507484288155419 1.124966337735419 1.401410195940042
-0.3734017800600693 1.300657059002422 1.130989531558582
-0.1560614659595125 1.385178512245234 0.7092514331532735
-0.1024110056872375 1.499731149478197 0.4805916682595777
-0.0690782137261883 1.693236567188046 0.2808665079459084
-0.06734813099439448 2.037188237737346 0.06194855626630214
-0.07144190942734976 2.248397388026869 -0.2011124755042494
-0.05377630305384529 2.365992405643741 -0.5200464726600327
-0.01599595745438223 2.375294848097114 -0.8530046571655945
0.02112747137128829 2.274709839429068 -1.17027544839619
0.0492735600150649 2.073029416482451 -1.440484992197835
0.06845634675345035 1.792556448453101 -1.626433934816924
0.08835834011768673 1.474954098951102 -1.705676058616945
0.122853930730744 1.152858636780047 -1.677118046564112
0.1882073838196187 0.8601178489033893 -1.55321856431491
0.283712056651352 0.6868902757449488 -1.396762928715213
0.4913461673810376 0.5550123226406419 -1.185100517513877
0.6699940674913085 0.465157670859941 -1.118418960227327
0.9885865297610084 0.2768680323829583 -1.107549481931345
1.437754528806008 -0.004638442860442846 -1.261060623949561
1.658804528206893 -0.2467228844737687 -1.287223376965918
1.823414305282932 -0.5231647236023143 -1.225796180144053
1.903273774215563 -0.823279045883213 -1.096286718182522
1.879362364306197 -1.120663995006401 -0.9210515488877452
1.762493087227693 -1.365695824853372 -0.7496881228974112
1.494224413914738 -1.620792558914589 -0.5332457179972067
1.388832595922792 -1.762686445187402 -0.3660932168620789
1.340493475662782 -1.954194766345105 -0.1685583182389997
1.367473596332577 -2.100100806419952 0.1099030677549239
1.421316987799387 -2.141596320112054 0.4432393908198945
1.458284123136099 -2.066419546960009 0.7688682263948402
1.450926921083388 -1.882901901441089 1.061383401156962
1.392519362835159 -1.625357611486469 1.276979522782364
1.294905154534246 -1.289095073435345 1.402384106159362
1.196522852611463 -0.9575968420153657 1.402840601638586
1.097474684332138 -0.6473738618778396 1.287532654530114
1.00917458129264 -0.3957358657468952 1.071333743640887
0.9470772502459432 -0.1935144254739954 0.7254995088913953
0.8688748061857829 0.04711203483886457 0.4701186089081968
0.867043828817127 0.2213033634799637 0.3769682484259565
0.869529047244095 0.6065688666322443 0.330168308433835
0.8724958080227579 0.9536928842985042 0.401643721053654
0.8771521385478073 1.527218942697173 0.7352922961351849
