 1.987339e+00 4.766790e-01 -1.047034e-01
 1.736360e+00 7.701891e-01 -1.362694e-01
 1.415918e+00 9.473311e-01 -1.448119e-01
 9.896990e-01 1.010509e+00 -1.303295e-01
 8.469154e-01 1.040795e+00 -1.434713e-01
 6.747186e-01 1.102189e+00 -1.750215e-01
 5.447498e-01 1.169393e+00 -2.124274e-01
 3.921966e-01 1.307415e+00 -2.912454e-01
 -3.888155e-02 1.708456e+00 -6.872854e-01
 -2.674658e-01 1.864071e+00 -7.850639e-01
 -5.406743e-01 2.002814e+00 -8.035485e-01
 -8.203157e-01 2.125605e+00 -7.273160e-01
 -1.076052e+00 2.218685e+00 -5.592062e-01
 -1.280661e+00 2.271673e+00 -3.111778e-01
 -1.409168e+00 2.277196e+00 -4.879737e-03
 -1.442522e+00 2.232505e+00 3.288646e-01
 -1.371415e+00 2.140712e+00 6.529238e-01
 -1.200441e+00 2.011061e+00 9.263319e-01
 -9.444494e-01 1.835520e+00 1.120962e+00
 -6.473848e-01 1.632180e+00 1.186103e+00
 -3.245407e-01 1.480241e+00 1.127678e+00
 -9.038109e-02 1.424788e+00 1.007037e+00
 2.559122e-01 1.480412e+00 7.994803e-01
 7.290415e-01 1.851108e+00 5.267385e-01
 9.639116e-01 2.013092e+00 1.994464e-01
 1.120875e+00 2.027307e+00 -2.155493e-01
 1.166970e+00 1.887037e+00 -6.287958e-01
 1.115141e+00 1.607965e+00 -9.555730e-01
 9.595577e-01 1.243038e+00 -1.149937e+00
 7.211913e-01 8.776647e-01 -1.177803e+00
 3.793029e-01 4.333821e-01 -9.711005e-01
 2.649623e-01 5.359542e-02 -8.596066e-01
 2.595295e-01 -1.205084e-01 -8.519648e-01
 3.022575e-01 -4.653764e-01 -9.465416e-01
 3.349756e-01 -6.597523e-01 -1.057769e+00
 4.757565e-01 -9.983013e-01 -1.337902e+00
 6.041920e-01 -1.299668e+00 -1.443841e+00
 7.296529e-01 -1.619060e+00 -1.434004e+00
 8.551409e-01 -1.916472e+00 -1.308083e+00
 9.557801e-01 -2.153829e+00 -1.082635e+00
 1.002093e+00 -2.317784e+00 -7.777345e-01
 9.734289e-01 -2.393653e+00 -4.354491e-01
 8.731064e-01 -2.368979e+00 -9.540323e-02
 7.153555e-01 -2.244033e+00 1.964301e-01
 3.775591e-01 -1.810484e+00 6.212990e-01
 3.032365e-01 -1.636851e+00 9.125299e-01
 3.591586e-01 -1.432990e+00 1.183463e+00
 5.094385e-01 -1.133878e+00 1.384351e+00
 6.757626e-01 -8.151768e-01 1.443667e+00
 8.520359e-01 -4.613751e-01 1.351259e+00
 1.017360e+00 -1.910299e-01 1.129213e+00
 1.110282e+00 -4.988425e-03 8.037256e-01
 1.130698e+00 6.692394e-02 4.043262e-01
 1.079859e+00 -3.139653e-02 -1.309713e-01
 1.311283e+00 -6.432172e-02 -8.528552e-01
 1.170398e+00 -1.123640e-01 -1.406708e+00
 7.561952e-01 -7.892309e-02 -1.808587e+00
 1.676107e-01 -4.721946e-02 -1.905313e+00
 -4.035860e-01 -2.098434e-02 -1.657310e+00
 -7.687090e-01 -2.346690e-02 -1.115099e+00
 -9.857415e-01 -3.036496e-02 -9.560451e-01
 -1.546930e+00 7.094707e-02 -7.661645e-01
 -1.841795e+00 1.092250e-01 -5.186715e-01
 -2.035396e+00 8.884930e-02 -2.028757e-01
 -2.111996e+00 1.511176e-02 1.390842e-01
 -2.061894e+00 -8.291105e-02 4.676500e-01
 -1.892594e+00 -1.851102e-01 7.557762e-01
 -1.602913e+00 -2.854282e-01 9.863522e-01
 -1.253428e+00 -3.716024e-01 1.095190e+00
 -8.990429e-01 -4.324546e-01 1.074854e+00
 1.006384e-02 -5.350581e-01 6.798601e-01
 3.770030e-01 -6.812400e-01 4.649708e-01
 6.792791e-01 -8.496363e-01 4.020857e-01
 9.073609e-01 -9.458845e-01 4.543198e-01
 1.155954e+00 -1.144028e+00 5.815120e-01
 1.310115e+00 -1.414252e+00 7.830028e-01
 1.329171e+00 -1.719680e+00 1.011685e+00
 1.207763e+00 -2.039779e+00 1.198534e+00
 9.613825e-01 -2.327239e+00 1.304932e+00
 6.197645e-01 -2.525855e+00 1.330705e+00
 2.347525e-01 -2.602542e+00 1.272774e+00
 -1.352814e-01 -2.545241e+00 1.138856e+00
 -4.336524e-01 -2.362178e+00 9.483236e-01
 -6.140070e-01 -2.080977e+00 7.294769e-01
 -6.469739e-01 -1.752338e+00 5.201498e-01
 -4.710134e-01 -1.297288e+00 2.060785e-01
 -4.034777e-01 -9.907086e-01 -2.010764e-01
 -5.378480e-01 -9.557707e-01 -6.643130e-01
 -8.587149e-01 -1.055319e+00 -1.170420e+00
 -1.210872e+00 -8.660794e-01 -1.548457e+00
 -1.461784e+00 -4.246878e-01 -1.798304e+00
 -1.499690e+00 1.147261e-01 -1.866362e+00
 -1.354748e+00 6.017934e-01 -1.718636e+00
 -1.081216e+00 9.464412e-01 -1.339788e+00
 -7.518972e-01 9.937223e-01 -8.865592e-01
 -2.439333e-01 5.390852e-01 -1.260893e-01
 2.096904e-01 4.402026e-01 1.002992e+00
 3.902749e-01 5.897283e-01 1.374852e+00
 5.235046e-01 9.182778e-01 1.665038e+00
 5.540172e-01 1.350907e+00 1.811777e+00
 4.785083e-01 1.799003e+00 1.785939e+00
 3.153809e-01 2.174807e+00 1.594747e+00
 9.961145e-02 2.407272e+00 1.277545e+00
 -1.220426e-01 2.462434e+00 8.602309e-01
 -2.953967e-01 2.309362e+00 4.829038e-01
 -4.356422e-01 2.011646e+00 2.308362e-01
 -5.790113e-01 1.707059e+00 1.692183e-01
 -7.420624e-01 1.491283e+00 1.745111e-01
 -9.410551e-01 1.246328e+00 2.722883e-01
 -1.046867e+00 1.042685e+00 3.204531e-01
 -1.121811e+00 8.136280e-01 3.357447e-01
 -1.156832e+00 5.746418e-01 3.186897e-01
 -1.147866e+00 3.393444e-01 2.734374e-01
 -1.089281e+00 6.641601e-02 1.769937e-01
 -1.083999e+00 -1.220438e-01 1.224624e-01
 -1.102019e+00 -2.299530e-01 9.944891e-02
 -1.156352e+00 -3.620884e-01 7.399986e-02
 -1.393301e+00 -7.401310e-01 -2.302334e-02
 -1.443926e+00 -1.215530e+00 -1.993195e-01
 -1.255624e+00 -1.669117e+00 -3.726498e-01
 -9.457375e-01 -1.906090e+00 -5.029982e-01
 -4.205166e-01 -1.991760e+00 -5.843250e-01
 6.758106e-02 -1.843768e+00 -5.734328e-01
 4.155769e-01 -1.533805e+00 -4.716493e-01
 6.254622e-01 -1.434893e+00 -4.256128e-01
 1.025652e+00 -1.298576e+00 -4.844178e-01
 1.284331e+00 -1.170628e+00 -4.566239e-01
 1.830125e+00 -8.006295e-01 -2.457525e-01
 2.026762e+00 -5.270345e-01 -1.579526e-01
 2.125112e+00 -1.963545e-01 -1.041971e-01
 2.111722e+00 1.524572e-01 -8.709966e-02
