 5.485190e-01 1.430313e+00 1.004796e+00
 3.602134e-01 1.195856e+00 1.076631e+00
 2.722793e-01 9.741050e-01 1.084311e+00
 2.452860e-01 6.574107e-01 1.118442e+00
 3.198233e-01 5.136943e-02 1.423860e+00
 3.157480e-01 -2.797719e-01 1.472121e+00
 2.446641e-01 -6.148692e-01 1.424330e+00
 1.014738e-01 -9.039996e-01 1.293941e+00
 -8.656212e-02 -1.099742e+00 1.108426e+00
 -3.671031e-01 -1.273515e+00 7.046689e-01
 -4.791652e-01 -1.520695e+00 5.027030e-01
 -4.724410e-01 -1.762028e+00 2.992087e-01
 -3.304493e-01 -1.976708e+00 8.946527e-03
 -8.772953e-02 -2.075858e+00 -3.057290e-01
 1.863276e-01 -2.022965e+00 -5.826936e-01
 4.569338e-01 -1.811616e+00 -8.206384e-01
 6.394405e-01 -1.467476e+00 -9.765427e-01
 7.289157e-01 -1.047762e+00 -9.997684e-01
 7.078516e-01 -6.512912e-01 -8.893706e-01
 4.368338e-01 -9.524618e-02 -6.048571e-01
 3.613624e-01 1.903315e-01 -6.085372e-01
 3.243647e-01 7.059652e-01 -8.741037e-01
 5.237485e-01 1.638582e+00 -1.084989e+00
 7.036024e-01 1.965880e+00 -1.080734e+00
 9.746447e-01 2.215264e+00 -1.008769e+00
 1.300608e+00 2.350852e+00 -8.810166e-01
 1.638655e+00 2.353556e+00 -7.169033e-01
 1.943777e+00 2.222207e+00 -5.410377e-01
 2.167022e+00 1.979946e+00 -3.723217e-01
 2.273484e+00 1.662674e+00 -2.060644e-01
 2.251924e+00 1.309193e+00 -8.293365e-02
 2.127822e+00 9.636764e-01 -4.688727e-02
 1.921123e+00 6.770113e-01 -1.015351e-01
 1.679920e+00 4.690507e-01 -2.551202e-01
 1.488948e+00 3.911476e-01 -4.214062e-01
 1.374718e+00 3.137349e-01 -6.750780e-01
 1.296670e+00 2.755251e-01 -1.036999e+00
 1.175308e+00 2.431239e-01 -1.272498e+00
 9.995500e-01 1.914094e-01 -1.464733e+00
 7.857237e-01 1.318747e-01 -1.593569e+00
 5.453293e-01 6.554048e-02 -1.654372e+00
 2.887488e-01 -2.227276e-03 -1.642269e+00
 3.018915e-02 -6.960192e-02 -1.552406e+00
 -2.312827e-01 -1.333623e-01 -1.370310e+00
 -4.471140e-01 -1.800897e-01 -1.132180e+00
 -6.338430e-01 -2.194433e-01 -1.011968e+00
 -8.498742e-01 -2.597827e-01 -9.493239e-01
 -1.284260e+00 -3.393718e-01 -9.444754e-01
 -1.618678e+00 -4.391126e-01 -8.132173e-01
 -1.901208e+00 -5.432809e-01 -5.480711e-01
 -2.042086e+00 -6.205458e-01 -2.477741e-01
 -2.065869e+00 -6.726351e-01 9.135146e-02
 -1.965542e+00 -7.290776e-01 4.164490e-01
 -1.780653e+00 -8.001864e-01 6.576211e-01
 -1.597294e+00 -8.933720e-01 7.831510e-01
 -1.415103e+00 -1.064424e+00 8.827368e-01
 -1.191941e+00 -1.539551e+00 1.275635e+00
 -8.488148e-01 -1.871892e+00 1.412824e+00
 -4.082843e-01 -2.095135e+00 1.362652e+00
 3.124653e-02 -2.154275e+00 1.140927e+00
 3.751501e-01 -2.017704e+00 8.305184e-01
 5.539139e-01 -1.715815e+00 4.860344e-01
 5.005770e-01 -1.354688e+00 1.554197e-01
 2.849966e-01 -1.137019e+00 -7.034905e-02
 2.097684e-02 -1.049579e+00 -2.420834e-01
 -2.090117e-01 -1.072480e+00 -5.411115e-01
 -4.380152e-01 -1.219551e+00 -1.027513e+00
 -6.136569e-01 -1.170279e+00 -1.382560e+00
 -7.905821e-01 -9.760547e-01 -1.683925e+00
 -9.582533e-01 -6.352158e-01 -1.905260e+00
 -1.060016e+00 -2.557231e-01 -1.965491e+00
 -1.094738e+00 1.294415e-01 -1.873407e+00
 -1.051769e+00 4.945885e-01 -1.619136e+00
 -9.426617e-01 7.167300e-01 -1.283781e+00
 -7.856385e-01 7.840766e-01 -9.065130e-01
 -5.455362e-01 6.254063e-01 -3.158633e-01
 -5.009433e-01 6.022475e-01 5.415965e-02
 -7.524047e-01 9.112117e-01 1.018609e+00
 -7.024319e-01 9.573300e-01 1.419846e+00
 -4.851396e-01 9.853481e-01 1.782403e+00
 -1.388153e-01 9.898043e-01 2.027857e+00
 2.778430e-01 9.710368e-01 2.112906e+00
 6.906122e-01 9.336249e-01 2.021831e+00
 1.032131e+00 8.557967e-01 1.772119e+00
 1.234540e+00 7.585113e-01 1.400742e+00
 1.267219e+00 6.965877e-01 9.823867e-01
 1.128586e+00 6.852395e-01 5.798289e-01
 8.732282e-01 7.406480e-01 2.959406e-01
 6.191237e-01 8.489486e-01 1.456452e-01
 4.146066e-01 1.043053e+00 7.505250e-02
 2.046154e-01 1.332512e+00 9.050125e-03
 -1.080798e-01 1.541276e+00 -3.506191e-02
 -4.719939e-01 1.627025e+00 -6.986345e-02
 -8.369737e-01 1.581129e+00 -8.620320e-02
 -1.151146e+00 1.422473e+00 -6.818565e-02
 -1.376064e+00 1.178688e+00 -4.890743e-02
 -1.506254e+00 8.600895e-01 -3.808875e-02
 -1.523525e+00 5.013451e-01 -1.406890e-03
 -1.420707e+00 1.652463e-01 5.210131e-02
 -1.161451e+00 -1.929443e-01 7.975955e-02
 -1.031674e+00 -5.208316e-01 3.195034e-02
 -1.032485e+00 -7.794997e-01 -5.033673e-02
 -1.158132e+00 -1.112837e+00 -1.132887e-01
 -1.377006e+00 -1.418656e+00 -7.638730e-02
 -1.655062e+00 -1.644148e+00 7.382352e-02
 -1.922701e+00 -1.763141e+00 3.332432e-01
 -2.136962e+00 -1.758809e+00 6.559980e-01
 -2.268791e+00 -1.639002e+00 9.837033e-01
 -2.296477e+00 -1.431858e+00 1.292175e+00
 -2.204591e+00 -1.180724e+00 1.548345e+00
 -2.010044e+00 -9.160045e-01 1.715464e+00
 -1.741046e+00 -6.675296e-01 1.772050e+00
 -1.442415e+00 -4.592560e-01 1.705146e+00
 -1.150290e+00 -3.222283e-01 1.527146e+00
 -4.276753e-01 -1.989518e-01 7.835324e-01
 -2.977659e-01 -2.145809e-01 6.578582e-01
 -1.334639e-01 -2.394891e-01 5.564263e-01
 4.476502e-02 -2.515422e-01 4.897612e-01
 5.931838e-01 -2.955636e-01 4.023583e-01
 1.595112e+00 -5.819801e-01 -1.372478e-01
 1.910816e+00 -5.385452e-01 -3.878188e-01
 2.166685e+00 -3.485296e-01 -6.470080e-01
 2.315391e+00 -4.308309e-02 -8.726519e-01
 2.342943e+00 3.349052e-01 -1.019995e+00
 2.235014e+00 7.171104e-01 -1.085757e+00
 2.006918e+00 1.029217e+00 -1.067998e+00
 1.697099e+00 1.249060e+00 -9.451246e-01
 1.467549e+00 1.340288e+00 -7.598419e-01
 1.302486e+00 1.407081e+00 -4.610509e-01
 1.220951e+00 1.665822e+00 1.267494e-02
 1.133528e+00 1.724992e+00 3.149108e-01
 9.666797e-01 1.709195e+00 6.140800e-01
 7.676459e-01 1.612066e+00 8.418316e-01
