 -1.348160e+00 -1.474217e+00 -1.062543e+00
 -1.301403e+00 -1.514502e+00 -7.651151e-01
 -1.172828e+00 -1.514350e+00 -4.861720e-01
 -9.780348e-01 -1.470714e+00 -2.548544e-01
 -7.974372e-01 -1.358669e+00 -9.968123e-02
 -4.818997e-01 -1.004520e+00 1.166093e-01
 -3.255012e-01 -8.809005e-01 2.752854e-01
 -1.923373e-01 -8.513554e-01 4.439555e-01
 -5.293776e-02 -8.738465e-01 7.017103e-01
 7.636135e-02 -8.579228e-01 1.768496e+00
 4.636951e-02 -7.840251e-01 2.074779e+00
 -3.825295e-02 -6.388979e-01 2.343193e+00
 -1.659825e-01 -4.344299e-01 2.547762e+00
 -3.243433e-01 -1.943333e-01 2.667930e+00
 -5.082587e-01 5.089959e-02 2.695523e+00
 -6.993900e-01 2.829649e-01 2.628468e+00
 -8.829188e-01 4.788885e-01 2.472503e+00
 -1.037533e+00 6.245661e-01 2.239201e+00
 -1.125861e+00 7.213476e-01 1.950896e+00
 -1.143562e+00 7.529754e-01 1.632868e+00
 -1.092541e+00 7.106935e-01 1.322456e+00
 -9.581300e-01 6.086302e-01 1.036950e+00
 -7.537690e-01 4.352782e-01 8.137096e-01
 -5.236234e-01 2.427704e-01 7.042087e-01
 -2.565633e-01 1.332180e-01 6.891590e-01
 2.287183e-01 1.191930e-01 7.795807e-01
 9.388921e-01 2.513346e-01 1.187245e+00
 1.228214e+00 3.924498e-01 1.282966e+00
 1.500302e+00 5.935300e-01 1.288231e+00
 1.721621e+00 8.251630e-01 1.202521e+00
 1.868880e+00 1.065081e+00 1.042084e+00
 1.944522e+00 1.312614e+00 7.938977e-01
 1.925227e+00 1.490484e+00 5.198244e-01
 1.817797e+00 1.599545e+00 2.399587e-01
 1.608500e+00 1.644682e+00 -3.842438e-02
 1.337351e+00 1.637756e+00 -2.298465e-01
 1.083594e+00 1.588317e+00 -3.151757e-01
 8.042312e-01 1.575453e+00 -3.146735e-01
 1.211818e-01 1.767291e+00 -4.386517e-01
 -2.075788e-01 1.765606e+00 -4.394535e-01
 -5.258910e-01 1.669733e+00 -3.881040e-01
 -7.765293e-01 1.496462e+00 -3.217111e-01
 -9.631507e-01 1.249922e+00 -2.619091e-01
 -1.064969e+00 9.564951e-01 -2.141108e-01
 -1.086221e+00 2.526947e-02 -1.095628e-01
 -1.186168e+00 -2.787346e-01 -8.429521e-02
 -1.305661e+00 -4.410804e-01 -9.844102e-02
 -1.478381e+00 -6.124172e-01 -7.945961e-02
 -1.732089e+00 -8.351025e-01 7.249760e-02
 -1.941982e+00 -1.008434e+00 3.620832e-01
 -2.059662e+00 -1.086066e+00 7.269554e-01
 -2.068770e+00 -1.062042e+00 1.116950e+00
 -1.943955e+00 -9.724906e-01 1.475677e+00
 -1.702055e+00 -8.346810e-01 1.749206e+00
 -1.385459e+00 -6.480046e-01 1.899318e+00
 -1.050498e+00 -4.356892e-01 1.899745e+00
 -5.969001e-01 -1.059443e-01 1.673993e+00
 -3.657806e-01 8.097714e-02 1.691850e+00
 -2.278204e-01 3.149707e-01 1.701060e+00
 -1.346981e-01 5.634604e-01 1.637609e+00
 -6.372486e-02 8.105219e-01 1.481405e+00
 -2.307576e-02 9.969398e-01 1.250310e+00
 -2.169160e-02 1.125703e+00 9.312168e-01
 -5.032848e-02 1.151137e+00 6.938198e-01
 -3.262121e-02 1.064400e+00 3.354992e-01
 -4.665219e-02 7.719306e-01 -1.538184e-01
 -1.455083e-01 7.372165e-01 -7.170683e-01
 2.973393e-02 7.325964e-01 -1.730937e+00
 2.295330e-01 5.312361e-01 -2.143330e+00
 4.655715e-01 1.444606e-01 -2.394961e+00
 6.404653e-01 -3.215815e-01 -2.420594e+00
 7.223541e-01 -7.455521e-01 -2.224862e+00
 7.674890e-01 -1.041563e+00 -1.839000e+00
 7.838798e-01 -1.120866e+00 -1.381759e+00
 5.502078e-01 -1.031088e+00 -6.782622e-01
 3.426474e-01 -1.583417e+00 2.741000e-04
 2.484707e-01 -1.710922e+00 1.408592e-01
 6.625574e-02 -1.827859e+00 3.508068e-01
 -1.195790e-01 -1.870756e+00 5.325035e-01
 -3.190462e-01 -1.847791e+00 6.944819e-01
 -5.231478e-01 -1.758457e+00 8.276157e-01
 -7.172578e-01 -1.610206e+00 9.187060e-01
 -8.790038e-01 -1.412648e+00 9.643380e-01
 -1.017546e+00 -1.109794e+00 9.801229e-01
 -1.155536e+00 -6.065722e-01 8.928947e-01
 -1.344049e+00 -3.718809e-01 9.100231e-01
 -1.592896e+00 -1.685306e-01 8.515505e-01
 -1.857651e+00 5.373538e-02 6.137520e-01
 -2.044139e+00 1.828560e-01 2.511536e-01
 -2.101247e+00 2.039238e-01 -1.587739e-01
 -2.011411e+00 1.420339e-01 -5.512213e-01
 -1.778591e+00 2.551064e-02 -8.754598e-01
 -1.451652e+00 -1.494448e-01 -1.069726e+00
 -1.103484e+00 -3.516992e-01 -1.100054e+00
 -6.642914e-01 -7.253933e-01 -9.250845e-01
 -4.722288e-01 -9.565652e-01 -9.633329e-01
 -4.081384e-01 -1.082878e+00 -1.000029e+00
 -3.047117e-01 -1.453637e+00 -1.075886e+00
 -5.066395e-02 -1.802228e+00 -1.094743e+00
 2.906682e-01 -2.022763e+00 -1.050756e+00
 6.641755e-01 -2.092990e+00 -9.502435e-01
 1.023274e+00 -2.005724e+00 -8.111235e-01
 1.318261e+00 -1.766159e+00 -6.453503e-01
 1.497741e+00 -1.395434e+00 -4.816034e-01
 1.516824e+00 -9.592127e-01 -3.543780e-01
 1.376544e+00 -5.681272e-01 -2.957621e-01
 1.083809e+00 -2.327106e-01 -3.124708e-01
 9.519940e-01 -5.665731e-02 -3.688396e-01
 8.465537e-01 1.838968e-01 -4.643700e-01
 8.261493e-01 3.494669e-01 -5.311622e-01
 8.685330e-01 5.840557e-01 -6.744137e-01
 9.263690e-01 9.146619e-01 -1.083052e+00
 9.326794e-01 1.234367e+00 -1.271414e+00
 9.371066e-01 1.605077e+00 -1.332024e+00
 9.418947e-01 1.972049e+00 -1.254596e+00
 9.492634e-01 2.284360e+00 -1.051324e+00
 9.467892e-01 2.501037e+00 -7.521481e-01
 9.273338e-01 2.595724e+00 -3.963172e-01
 9.058407e-01 2.557298e+00 -3.077067e-02
 8.902165e-01 2.392441e+00 2.963368e-01
 8.819272e-01 2.124281e+00 5.432049e-01
 8.793253e-01 1.796196e+00 6.763089e-01
 9.196939e-01 1.430466e+00 6.929642e-01
 9.693531e-01 1.099758e+00 5.747275e-01
 1.046495e+00 9.303799e-01 4.424474e-01
 1.245353e+00 7.519626e-01 2.954318e-01
 1.428123e+00 6.638009e-01 2.077070e-01
 1.582358e+00 6.226298e-01 8.218716e-02
 1.749235e+00 5.391702e-01 -1.525357e-01
 1.837295e+00 4.416431e-01 -4.060094e-01
 1.848312e+00 3.337373e-01 -6.566811e-01
 1.785177e+00 2.163239e-01 -8.886956e-01
 1.649695e+00 9.222917e-02 -1.090985e+00
 1.469880e+00 -7.048215e-03 -1.243472e+00
 1.253015e+00 -7.263665e-02 -1.352833e+00
 1.009767e+00 -1.008217e-01 -1.419129e+00
 8.276315e-01 -9.402719e-02 -1.434326e+00
 6.416024e-01 -1.054300e-01 -1.411224e+00
 4.618212e-01 -1.499198e-01 -1.402406e+00
 3.402541e-01 -1.998360e-01 -1.421585e+00
 1.793194e-01 -2.714790e-01 -1.487614e+00
 5.888782e-03 -3.370939e-01 -1.604637e+00
 -1.674525e-01 -4.353300e-01 -1.778756e+00
 -3.674631e-01 -5.926567e-01 -1.904697e+00
 -5.859728e-01 -7.781628e-01 -1.954966e+00
 -8.155055e-01 -9.844866e-01 -1.919502e+00
 -1.023379e+00 -1.160094e+00 -1.799563e+00
 -1.195680e+00 -1.296200e+00 -1.607306e+00
 -1.311099e+00 -1.399535e+00 -1.351437e+00
