 1.384487e+00 -1.810731e+00 -2.951316e-01
 1.665692e+00 -1.632470e+00 -1.533131e-01
 1.850423e+00 -1.380094e+00 3.226826e-02
 1.917089e+00 -1.070708e+00 2.612074e-01
 1.847578e+00 -7.921149e-01 4.832826e-01
 1.654285e+00 -5.556913e-01 6.726333e-01
 1.356234e+00 -3.830870e-01 8.033956e-01
 9.676333e-01 -2.813425e-01 8.402740e-01
 6.220167e-01 -2.741679e-01 7.644560e-01
 3.086559e-01 -2.972778e-01 5.385748e-01
 1.133898e-01 -3.609638e-01 2.483788e-01
 2.837947e-02 -4.551388e-01 -9.884075e-02
 7.399367e-02 -7.380754e-01 -7.432874e-01
 -2.096643e-02 -8.227535e-01 -1.050179e+00
 -1.752094e-01 -7.758794e-01 -1.412758e+00
 -3.479561e-01 -5.844165e-01 -1.719742e+00
 -5.249444e-01 -2.675623e-01 -1.923641e+00
 -6.777313e-01 8.372809e-02 -1.974276e+00
 -7.889992e-01 4.521771e-01 -1.871569e+00
 -7.942364e-01 7.889150e-01 -1.650274e+00
 -7.021741e-01 1.032550e+00 -1.354426e+00
 -5.496781e-01 1.144718e+00 -1.010040e+00
 -3.661975e-01 1.097792e+00 -5.955910e-01
 -3.067954e-01 1.147729e+00 -3.733276e-01
 -3.664337e-01 1.326813e+00 8.626665e-02
 -3.290393e-01 1.541670e+00 6.595103e-01
 -3.059067e-01 1.558899e+00 9.614395e-01
 -2.927589e-01 1.485569e+00 1.255853e+00
 -2.966246e-01 1.333072e+00 1.511266e+00
 -3.001820e-01 1.116258e+00 1.706409e+00
 -2.967137e-01 8.510620e-01 1.828064e+00
 -2.797733e-01 5.497210e-01 1.868215e+00
 -2.463282e-01 2.588425e-01 1.824958e+00
 -1.428748e-01 -5.725279e-01 1.431627e+00
 -9.161369e-02 -8.895847e-01 1.250067e+00
 1.856668e-03 -1.173381e+00 9.954354e-01
 2.245914e-02 -1.370185e+00 8.739200e-01
 2.182156e-02 -1.633787e+00 7.827841e-01
 -1.021511e-01 -1.931398e+00 7.197929e-01
 -3.073841e-01 -2.151376e+00 6.069339e-01
 -5.481981e-01 -2.277772e+00 4.337251e-01
 -8.338591e-01 -2.296439e+00 2.181612e-01
 -1.104806e+00 -2.198050e+00 1.966157e-02
 -1.353568e+00 -1.984056e+00 -1.481847e-01
 -1.517633e+00 -1.718130e+00 -2.490509e-01
 -1.604500e+00 -1.408136e+00 -2.926154e-01
 -1.642126e+00 -6.000281e-01 -2.132811e-01
 -1.801773e+00 -2.739705e-01 -1.505723e-01
 -1.946347e+00 4.640426e-02 9.244669e-02
 -1.928503e+00 2.851854e-01 3.857388e-01
 -1.746951e+00 4.741132e-01 6.492181e-01
 -1.390382e+00 6.149521e-01 8.448435e-01
 -8.964187e-01 6.478513e-01 9.446761e-01
 -3.484421e-01 5.395337e-01 8.542380e-01
 -7.212980e-02 5.746307e-01 8.638055e-01
 4.550516e-01 6.711327e-01 1.070650e+00
 8.564745e-01 6.922015e-01 1.063020e+00
 1.236339e+00 7.336828e-01 8.841931e-01
 1.502094e+00 7.998672e-01 5.853726e-01
 1.616326e+00 8.959554e-01 2.366839e-01
 1.592175e+00 1.035540e+00 -7.506263e-02
 1.532645e+00 1.214329e+00 -2.424763e-01
 1.534570e+00 1.391506e+00 -3.817976e-01
 1.567949e+00 1.530910e+00 -6.045004e-01
 1.557991e+00 1.613224e+00 -9.510545e-01
 1.473844e+00 1.588985e+00 -1.305275e+00
 1.287432e+00 1.476121e+00 -1.618706e+00
 1.036393e+00 1.290035e+00 -1.829756e+00
 7.553589e-01 1.050220e+00 -1.913846e+00
 4.809852e-01 7.918538e-01 -1.857538e+00
 2.610203e-01 5.476903e-01 -1.671519e+00
 4.104047e-02 3.101039e-01 -1.273532e+00
 -1.945033e-01 1.874267e-01 -1.063938e+00
 -3.863699e-01 1.323692e-01 -9.850185e-01
 -5.875012e-01 5.119209e-02 -9.502526e-01
 -7.884234e-01 -3.038735e-02 -9.650728e-01
 -1.665174e+00 -3.287506e-01 -1.192967e+00
 -1.968703e+00 -4.537455e-01 -1.167558e+00
 -2.242448e+00 -5.838402e-01 -1.040335e+00
 -2.458875e+00 -7.029723e-01 -8.249317e-01
 -2.597177e+00 -7.966105e-01 -5.439124e-01
 -2.643960e+00 -8.532405e-01 -2.301893e-01
 -2.591742e+00 -8.843820e-01 8.061675e-02
 -2.446155e+00 -8.873841e-01 3.643599e-01
 -2.227570e+00 -8.449968e-01 5.948774e-01
 -1.960915e+00 -7.636804e-01 7.463248e-01
 -1.659075e+00 -6.330663e-01 8.132297e-01
 -1.329172e+00 -4.453459e-01 7.731297e-01
 -9.851809e-01 -2.784992e-01 5.092709e-01
 -8.751901e-01 -1.513132e-01 2.756716e-01
 -8.656516e-01 6.606853e-03 1.155446e-01
 -9.783605e-01 3.865644e-01 -7.500202e-02
 -1.270229e+00 8.143067e-01 -2.216860e-01
 -1.345694e+00 1.223843e+00 -3.017736e-01
 -1.251275e+00 1.614179e+00 -3.944127e-01
 -1.009628e+00 1.920540e+00 -4.891220e-01
 -6.551645e-01 2.100395e+00 -5.908626e-01
 -2.535333e-01 2.119468e+00 -7.038905e-01
 1.330996e-01 1.967894e+00 -8.149564e-01
 4.296865e-01 1.675053e+00 -8.791447e-01
 6.762808e-01 1.094323e+00 -8.914210e-01
 8.161862e-01 9.158841e-01 -9.023527e-01
 1.016126e+00 7.253499e-01 -9.663095e-01
 1.356780e+00 6.041285e-01 -1.041514e+00
 1.765644e+00 6.064655e-01 -1.028827e+00
 2.136997e+00 7.339656e-01 -9.111576e-01
 2.410475e+00 9.538557e-01 -7.008257e-01
 2.543348e+00 1.214147e+00 -4.228218e-01
 2.520845e+00 1.469122e+00 -1.200191e-01
 2.352120e+00 1.684284e+00 1.594286e-01
 2.067185e+00 1.827645e+00 3.785216e-01
 1.710225e+00 1.883776e+00 5.060465e-01
 1.338970e+00 1.835815e+00 5.395268e-01
 1.007554e+00 1.695029e+00 4.824817e-01
 7.586873e-01 1.475462e+00 3.608910e-01
 6.328351e-01 1.239543e+00 2.172237e-01
 5.949416e-01 9.522075e-01 9.719843e-02
 6.458270e-01 6.146330e-01 4.605745e-02
 9.333086e-01 1.393366e-01 -1.389751e-01
 1.021018e+00 -1.405078e-01 -1.809663e-01
 1.050248e+00 -4.903483e-01 -1.646157e-01
 1.005225e+00 -7.458538e-01 -9.151834e-02
 9.097080e-01 -9.850366e-01 8.598974e-02
 8.826027e-01 -1.157421e+00 3.177673e-01
 1.030857e+00 -1.400962e+00 7.276422e-01
 1.009566e+00 -1.536554e+00 1.088668e+00
 8.316137e-01 -1.665158e+00 1.429189e+00
 5.263596e-01 -1.761390e+00 1.677133e+00
 1.424568e-01 -1.811744e+00 1.793122e+00
 -2.566550e-01 -1.810163e+00 1.759404e+00
 -6.232045e-01 -1.733012e+00 1.587535e+00
 -8.830290e-01 -1.599175e+00 1.299339e+00
 -9.978308e-01 -1.454560e+00 9.125694e-01
 -9.446896e-01 -1.349879e+00 5.655999e-01
 -8.367782e-01 -1.269859e+00 3.582390e-01
 -7.230290e-01 -1.261162e+00 1.983412e-01
 -4.951192e-01 -1.369787e+00 -5.841147e-02
 -2.658019e-01 -1.535260e+00 -2.006235e-01
 6.875366e-01 -1.878022e+00 -3.797606e-01
 1.044122e+00 -1.894987e+00 -3.740784e-01
