 -4.835238e-01 1.363675e+00 -5.916189e-01
 -7.410843e-01 1.144870e+00 -6.316941e-01
 -1.645916e+00 8.882347e-01 -9.831259e-01
 -2.036097e+00 7.203206e-01 -9.665507e-01
 -2.365811e+00 4.976440e-01 -7.879794e-01
 -2.569780e+00 2.597785e-01 -4.662992e-01
 -2.596506e+00 5.477876e-02 -4.965412e-02
 -2.422504e+00 -6.585540e-02 3.810321e-01
 -2.048198e+00 -9.047502e-02 7.271843e-01
 -1.577084e+00 -8.361613e-03 8.606508e-01
 -1.145109e+00 2.307137e-01 8.124097e-01
 -9.234640e-01 4.511619e-01 6.389702e-01
 -8.294429e-01 7.201716e-01 4.987161e-01
 -8.641288e-01 1.145035e+00 3.881243e-01
 -1.028225e+00 1.491555e+00 2.816729e-01
 -1.160532e+00 1.726952e+00 9.926122e-02
 -1.241032e+00 1.920026e+00 -1.739809e-01
 -1.249285e+00 2.040661e+00 -5.100707e-01
 -1.170519e+00 2.066449e+00 -8.773594e-01
 -1.015066e+00 1.962117e+00 -1.233236e+00
 -7.952433e-01 1.706452e+00 -1.515395e+00
 -5.223232e-01 1.332519e+00 -1.634591e+00
 -2.400406e-01 9.256665e-01 -1.518805e+00
 -3.824697e-02 5.958844e-01 -1.166867e+00
 5.912073e-02 4.731186e-01 -6.725790e-01
 7.110249e-02 6.177019e-01 -1.234144e-01
 1.259583e-01 1.066341e+00 2.259558e-01
 2.986439e-01 1.564969e+00 3.093916e-01
 6.378684e-01 1.981090e+00 1.525022e-01
 1.032736e+00 2.163454e+00 -1.807917e-01
 1.381842e+00 2.076766e+00 -5.703471e-01
 1.630990e+00 1.758787e+00 -8.767266e-01
 1.731336e+00 1.306224e+00 -1.040510e+00
 1.670092e+00 8.308038e-01 -1.045656e+00
 1.467066e+00 4.353039e-01 -9.145750e-01
 8.792175e-01 -8.231813e-02 -4.198471e-01
 7.291553e-01 -1.952083e-01 -2.755838e-01
 6.142121e-01 -2.499394e-01 -9.922874e-02
 5.271653e-01 -3.627863e-01 1.479213e-01
 5.524210e-01 -5.166248e-01 5.221653e-01
 7.833246e-01 -7.751563e-01 8.582512e-01
 1.092531e+00 -1.084126e+00 9.951331e-01
 1.401170e+00 -1.421080e+00 9.150223e-01
 1.612629e+00 -1.742257e+00 6.439759e-01
 1.672150e+00 -1.984724e+00 2.405007e-01
 1.567204e+00 -2.093365e+00 -2.106283e-01
 1.304723e+00 -2.069530e+00 -5.886197e-01
 9.753368e-01 -1.964108e+00 -7.873663e-01
 6.554128e-01 -1.903554e+00 -8.060793e-01
 4.128577e-01 -1.940204e+00 -8.149850e-01
 6.480184e-02 -1.955151e+00 -9.648500e-01
 -3.415915e-01 -1.704420e+00 -1.175154e+00
 -6.478304e-01 -1.195484e+00 -1.221402e+00
 -7.399401e-01 -6.429603e-01 -9.992671e-01
 -6.075656e-01 -2.889057e-01 -6.077452e-01
 -4.924035e-01 -2.356114e-01 -1.047998e-01
 -4.412119e-01 -4.934489e-01 6.404524e-01
 -4.992869e-01 -4.948101e-01 1.421843e+00
 -4.266380e-01 -3.305870e-01 1.845987e+00
 -2.260210e-01 -5.645308e-02 2.159855e+00
 5.032271e-02 2.712973e-01 2.295081e+00
 3.257858e-01 6.151939e-01 2.228373e+00
 5.402425e-01 9.049664e-01 1.981918e+00
 7.076281e-01 1.066300e+00 1.590874e+00
 8.075063e-01 1.054511e+00 1.216930e+00
 8.776370e-01 8.996188e-01 8.945365e-01
 9.272731e-01 6.525954e-01 6.887333e-01
 1.011974e+00 4.691106e-01 5.902329e-01
 1.411140e+00 9.276447e-02 4.540493e-01
 1.566694e+00 -3.480225e-01 3.081045e-01
 1.506659e+00 -7.341499e-01 1.030612e-01
 1.229983e+00 -1.085412e+00 -5.610897e-02
 9.640389e-01 -1.275775e+00 -3.169533e-02
 7.544389e-01 -1.500827e+00 1.139783e-01
 6.621096e-01 -1.786070e+00 2.076222e-01
 6.054011e-01 -2.193753e+00 1.750435e-01
 6.039315e-01 -2.589328e+00 -3.488526e-02
 6.187026e-01 -2.861771e+00 -4.052490e-01
 6.389849e-01 -2.944079e+00 -8.650712e-01
 6.637526e-01 -2.802758e+00 -1.329385e+00
 6.684510e-01 -2.445653e+00 -1.690729e+00
 6.440360e-01 -1.943173e+00 -1.841207e+00
 5.687872e-01 -1.425108e+00 -1.722412e+00
 4.610255e-01 -1.040637e+00 -1.352172e+00
 3.039834e-01 -9.115666e-01 -8.445839e-01
 1.153600e-01 -1.016332e+00 -5.150236e-01
 -1.031712e-01 -1.167548e+00 -3.052393e-01
 -4.323122e-01 -1.270753e+00 -1.989505e-01
 -7.316281e-01 -1.254325e+00 -1.565348e-01
 -1.062806e+00 -1.110984e+00 -1.258544e-01
 -1.340408e+00 -8.539716e-01 -1.099435e-01
 -1.510672e+00 -5.121552e-01 -1.277114e-01
 -1.552052e+00 -1.755168e-03 -1.780666e-01
 -1.574693e+00 2.001654e-01 -1.518580e-01
 -1.623638e+00 3.986687e-01 -8.569430e-02
 -1.721049e+00 6.108649e-01 2.094261e-02
 -1.845110e+00 8.316969e-01 2.929744e-01
 -1.849579e+00 9.834241e-01 6.593914e-01
 -1.669583e+00 1.083793e+00 1.030886e+00
 -1.353920e+00 1.114325e+00 1.313435e+00
 -9.225052e-01 1.026703e+00 1.494909e+00
 -5.086982e-01 8.461778e-01 1.492244e+00
 7.386947e-02 3.380799e-01 1.220305e+00
 4.352774e-01 6.025573e-02 1.359606e+00
 9.169526e-01 3.174212e-02 1.534774e+00
 1.491063e+00 3.176155e-01 1.529719e+00
 1.847540e+00 7.084830e-01 1.232762e+00
 1.915837e+00 1.029362e+00 7.191644e-01
 1.646653e+00 1.184279e+00 1.333159e-01
 1.023920e+00 1.122748e+00 -2.958697e-01
 8.265515e-01 1.199931e+00 -5.404300e-01
 5.729164e-01 1.372790e+00 -6.953670e-01
 1.962377e-01 1.513983e+00 -7.252264e-01
 -2.002604e-01 1.502742e+00 -6.572966e-01
