 3.252744e-02 1.545358e+00 -1.104752e-01
 2.576055e-01 1.440926e+00 4.439062e-02
 4.427861e-01 1.302161e+00 2.838274e-01
 6.931736e-01 7.859059e-01 1.027007e+00
 7.668566e-01 4.501518e-01 1.239109e+00
 8.180320e-01 1.828148e-02 1.311031e+00
 8.062868e-01 -2.963893e-01 1.240802e+00
 8.164677e-01 -5.080042e-01 1.096043e+00
 8.870050e-01 -6.823971e-01 9.773437e-01
 9.627208e-01 -9.930629e-01 9.080536e-01
 9.016417e-01 -1.387787e+00 8.869958e-01
 6.679464e-01 -1.735023e+00 8.702923e-01
 3.002845e-01 -1.961007e+00 8.150489e-01
 -1.175917e-01 -2.018785e+00 7.461193e-01
 -7.669690e-01 -1.835171e+00 6.991151e-01
 -1.097948e+00 -1.879988e+00 7.079378e-01
 -1.367695e+00 -1.918934e+00 8.351551e-01
 -1.653830e+00 -1.868115e+00 1.075529e+00
 -1.850337e+00 -1.704493e+00 1.333377e+00
 -1.952788e+00 -1.446311e+00 1.568550e+00
 -1.956035e+00 -1.115874e+00 1.740348e+00
 -1.855180e+00 -7.447467e-01 1.825825e+00
 -1.660772e+00 -4.245370e-01 1.817225e+00
 -1.391838e+00 -1.818983e-01 1.724479e+00
 -1.087322e+00 -4.687426e-02 1.557030e+00
 -5.168599e-02 1.584676e-03 7.622811e-01
 1.546949e-01 1.023302e-02 5.227346e-01
 4.046378e-01 5.425402e-02 3.585535e-01
 7.497829e-01 7.963804e-02 2.660911e-01
 1.157043e+00 8.491156e-02 3.335766e-01
 1.524937e+00 1.327017e-02 5.620299e-01
 1.764003e+00 -1.557554e-01 8.881776e-01
 1.831322e+00 -3.861849e-01 1.247016e+00
 1.718490e+00 -6.369695e-01 1.578608e+00
 1.445924e+00 -8.657673e-01 1.824472e+00
 1.065793e+00 -1.041064e+00 1.934118e+00
 6.534885e-01 -1.141517e+00 1.881957e+00
 2.848715e-01 -1.151986e+00 1.684136e+00
 2.563091e-02 -1.099441e+00 1.364335e+00
 -8.012171e-02 -1.006824e+00 9.758547e-01
 -2.829669e-02 -9.949145e-01 6.476671e-01
 9.697919e-02 -1.062230e+00 3.270105e-01
 1.401787e-01 -1.175854e+00 -1.691824e-02
 8.006630e-02 -1.275380e+00 -6.013980e-01
 4.257630e-02 -1.166880e+00 -1.017169e+00
 3.926948e-02 -8.977018e-01 -1.355411e+00
 6.149051e-02 -4.992948e-01 -1.561368e+00
 7.264997e-02 -8.919264e-02 -1.583141e+00
 8.040577e-02 2.674726e-01 -1.443645e+00
 1.674916e-01 5.805211e-01 -1.145324e+00
 3.962217e-01 7.546624e-01 -7.313481e-01
 8.260549e-01 7.554901e-01 -4.680585e-01
 1.270415e+00 7.302793e-01 -4.221681e-01
 1.688854e+00 7.049943e-01 -5.747635e-01
 2.006408e+00 7.151368e-01 -8.929504e-01
 2.158260e+00 7.587828e-01 -1.314562e+00
 2.118685e+00 8.336326e-01 -1.753341e+00
 1.902620e+00 9.473281e-01 -2.122307e+00
 1.551255e+00 1.077690e+00 -2.355462e+00
 1.126637e+00 1.198324e+00 -2.411339e+00
 7.066281e-01 1.301823e+00 -2.270845e+00
 3.957041e-01 1.390211e+00 -1.964128e+00
 2.762510e-01 1.462579e+00 -1.614001e+00
 3.159043e-01 1.635514e+00 -1.221493e+00
 4.384869e-01 2.255069e+00 -7.328126e-01
 4.057927e-01 2.479356e+00 -3.284764e-01
 2.832741e-01 2.519276e+00 1.180912e-01
 9.110564e-02 2.367428e+00 5.140556e-01
 -1.378603e-01 2.053547e+00 7.786846e-01
 -3.555540e-01 1.612158e+00 8.668352e-01
 -4.663778e-01 1.208107e+00 7.573672e-01
 -4.961423e-01 8.515734e-01 4.482417e-01
 -4.603763e-01 6.823622e-01 8.382841e-02
 -5.582189e-01 6.946491e-01 -3.394173e-01
 -6.791920e-01 8.500950e-01 -6.742264e-01
 -7.073137e-01 1.079638e+00 -9.137668e-01
 -6.850616e-01 1.813632e+00 -1.346885e+00
 -5.546674e-01 2.096929e+00 -1.518631e+00
 -3.180490e-01 2.317060e+00 -1.673455e+00
 -3.458395e-03 2.443695e+00 -1.795098e+00
 3.485784e-01 2.460647e+00 -1.864183e+00
 6.954448e-01 2.375175e+00 -1.854733e+00
 1.001183e+00 2.195001e+00 -1.764071e+00
 1.219277e+00 1.925908e+00 -1.624308e+00
 1.311523e+00 1.595833e+00 -1.480869e+00
 1.272184e+00 1.298743e+00 -1.386243e+00
 1.171788e+00 1.041252e+00 -1.394026e+00
 1.135685e+00 8.190716e-01 -1.451729e+00
 1.154079e+00 5.135994e-01 -1.437565e+00
 1.111270e+00 1.752646e-01 -1.280575e+00
 9.662005e-01 -8.975420e-02 -1.041464e+00
 7.014652e-01 -2.475320e-01 -7.848105e-01
 3.966035e-01 -2.830611e-01 -6.078161e-01
 2.679068e-03 -2.372969e-01 -5.296614e-01
 -6.927271e-01 -2.287108e-01 -7.921232e-01
 -1.119326e+00 -3.067254e-01 -7.918468e-01
 -1.493482e+00 -4.437218e-01 -6.375849e-01
 -1.746817e+00 -6.017932e-01 -3.648292e-01
 -1.858978e+00 -7.251902e-01 -4.228487e-03
 -1.807463e+00 -8.127983e-01 4.069296e-01
 -1.592373e+00 -8.552996e-01 7.795622e-01
 -1.170604e+00 -9.432013e-01 1.078528e+00
 -1.031039e+00 -1.054155e+00 1.304414e+00
 -9.422786e-01 -1.283847e+00 1.552244e+00
 -8.588468e-01 -1.668339e+00 1.706156e+00
 -8.298376e-01 -2.080827e+00 1.696248e+00
 -8.279160e-01 -2.463691e+00 1.519487e+00
 -8.432870e-01 -2.740413e+00 1.209430e+00
 -8.411412e-01 -2.867754e+00 8.239283e-01
 -8.322403e-01 -2.832944e+00 4.213835e-01
 -8.385065e-01 -2.648162e+00 6.699586e-02
 -8.581651e-01 -2.348637e+00 -1.864489e-01
 -8.838475e-01 -1.981895e+00 -3.076024e-01
 -9.074828e-01 -1.609689e+00 -2.852486e-01
 -8.240916e-01 -5.615425e-01 1.674334e-01
 -9.356261e-01 -2.796095e-01 2.258987e-01
 -1.358896e+00 2.121984e-01 2.478973e-01
 -1.498753e+00 6.764965e-01 1.597108e-01
 -1.411009e+00 1.149258e+00 5.645551e-02
 -1.099390e+00 1.545366e+00 -3.897834e-02
 -6.872601e-01 1.725599e+00 -1.174289e-01
 -2.295130e-01 1.657842e+00 -1.762999e-01
