 -2.030982e+00 -1.043697e+00 3.938467e-01
 -2.235819e+00 -7.581744e-01 2.895951e-01
 -2.319752e+00 -4.252625e-01 1.577127e-01
 -2.271878e+00 -9.848465e-02 -3.853311e-03
 -2.090627e+00 1.871238e-01 -1.825987e-01
 -1.800810e+00 3.880003e-01 -3.234605e-01
 -1.431494e+00 4.853055e-01 -3.982601e-01
 -1.061428e+00 4.589187e-01 -3.982166e-01
 -7.041973e-01 3.341759e-01 -2.896287e-01
 -4.716875e-01 1.311741e-01 -1.172567e-01
 -3.493029e-01 -4.155946e-02 7.322933e-02
 -2.910760e-01 -2.043743e-01 3.749837e-01
 -4.366830e-01 -5.514791e-01 1.036317e+00
 -4.339127e-01 -6.235675e-01 1.364330e+00
 -3.655493e-01 -6.058306e-01 1.692526e+00
 -2.392621e-01 -5.007032e-01 1.984429e+00
 -4.764017e-02 -2.946078e-01 2.239161e+00
 1.555354e-01 -4.319117e-02 2.366276e+00
 3.598784e-01 2.361034e-01 2.369606e+00
 5.594874e-01 5.402036e-01 2.236667e+00
 6.934712e-01 7.747945e-01 2.011280e+00
 7.638823e-01 9.389274e-01 1.710447e+00
 7.633720e-01 1.014483e+00 1.370541e+00
 6.930757e-01 9.939123e-01 1.032695e+00
 4.003673e-01 6.977676e-01 2.971409e-01
 4.326444e-01 5.769728e-01 -9.975475e-02
 4.671069e-01 6.418645e-01 -4.459558e-01
 6.070156e-01 8.320385e-01 -7.527626e-01
 8.447768e-01 1.030469e+00 -9.603255e-01
 1.152111e+00 1.235222e+00 -1.041204e+00
 1.498694e+00 1.389822e+00 -9.935615e-01
 1.825006e+00 1.475560e+00 -8.228521e-01
 2.089479e+00 1.479577e+00 -5.622502e-01
 2.269511e+00 1.387175e+00 -2.620841e-01
 2.349686e+00 1.211433e+00 3.783852e-02
 2.321738e+00 9.771902e-01 3.056247e-01
 2.187597e+00 7.222410e-01 5.137087e-01
 1.964709e+00 4.811494e-01 6.406303e-01
 1.683217e+00 2.771371e-01 6.710853e-01
 1.090603e+00 -1.827807e-02 5.309333e-01
 8.454698e-01 -1.929362e-01 4.748790e-01
 7.209500e-01 -3.749629e-01 4.610862e-01
 6.103464e-01 -6.403407e-01 4.979496e-01
 4.055387e-01 -1.386745e+00 7.196772e-01
 2.319807e-01 -1.710331e+00 7.165327e-01
 -2.874878e-04 -1.974399e+00 6.103400e-01
 -3.065212e-01 -2.174517e+00 3.801377e-01
 -5.606863e-01 -2.226169e+00 1.273943e-01
 -7.929924e-01 -2.146132e+00 -1.559013e-01
 -9.359606e-01 -1.972582e+00 -3.785875e-01
 -1.000352e+00 -1.703467e+00 -5.801143e-01
 -9.532985e-01 -1.449400e+00 -7.263441e-01
 -8.118191e-01 -1.222487e+00 -9.115468e-01
 -4.999490e-01 -9.197887e-01 -1.566688e+00
 -2.533862e-01 -7.571881e-01 -1.791155e+00
 5.907070e-02 -5.645346e-01 -1.898856e+00
 3.739939e-01 -3.716932e-01 -1.875491e+00
 6.467224e-01 -2.087344e-01 -1.725803e+00
 8.407731e-01 -8.001434e-02 -1.478252e+00
 9.835540e-01 -2.432409e-02 -1.129924e+00
 1.047169e+00 -1.024878e-01 -8.087085e-01
 1.107988e+00 -2.593558e-01 -5.593829e-01
 1.412409e+00 -6.232973e-01 -2.538083e-01
 1.546035e+00 -7.967102e-01 3.385001e-02
 1.601302e+00 -8.898457e-01 3.749650e-01
 1.570644e+00 -8.946004e-01 7.285930e-01
 1.451643e+00 -8.179569e-01 1.045133e+00
 1.250803e+00 -6.814487e-01 1.290353e+00
 9.894189e-01 -4.895038e-01 1.443605e+00
 7.063865e-01 -2.488255e-01 1.481698e+00
 3.032653e-01 9.377109e-02 1.344856e+00
 3.056821e-02 2.927414e-01 1.388876e+00
 -3.654425e-01 5.324376e-01 1.648409e+00
 -6.486440e-01 7.319610e-01 1.708201e+00
 -9.287888e-01 9.668356e-01 1.647081e+00
 -1.156042e+00 1.169029e+00 1.475832e+00
 -1.311289e+00 1.331857e+00 1.214899e+00
 -1.378510e+00 1.438760e+00 8.883783e-01
 -1.349364e+00 1.471032e+00 5.450620e-01
 -1.191807e+00 1.455281e+00 1.883932e-01
 -9.179617e-01 1.405819e+00 -7.497042e-02
 -6.181521e-01 1.351406e+00 -1.887354e-01
 -2.896341e-01 1.349455e+00 -2.039042e-01
 1.630188e-01 1.584017e+00 -1.823809e-01
 5.418374e-01 1.633437e+00 -1.080745e-01
 9.427970e-01 1.504551e+00 -5.025432e-02
 1.218153e+00 1.250201e+00 -1.842637e-02
 1.362914e+00 9.673199e-01 -5.751991e-02
 1.475285e+00 7.140550e-01 -2.217253e-01
 1.896331e+00 4.070650e-01 -5.371654e-01
 2.042108e+00 1.373338e-01 -7.766805e-01
 2.045958e+00 -1.747836e-01 -1.008220e+00
 1.905664e+00 -5.114387e-01 -1.192211e+00
 1.649040e+00 -7.965861e-01 -1.280341e+00
 1.313785e+00 -9.931082e-01 -1.263321e+00
 9.055506e-01 -1.063792e+00 -1.165309e+00
 5.262261e-01 -9.618720e-01 -1.044808e+00
 2.731830e-01 -7.473603e-01 -9.195548e-01
 1.629943e-01 -5.846887e-01 -8.676210e-01
 1.743214e-02 -2.984648e-01 -9.073142e-01
 -1.449039e-01 1.743431e-01 -1.115451e+00
 -2.454049e-01 4.946689e-01 -1.186252e+00
 -3.167716e-01 8.943676e-01 -1.211265e+00
 -4.050972e-01 1.538645e+00 -1.196676e+00
 -4.473557e-01 1.862737e+00 -1.073500e+00
 -4.855545e-01 2.128970e+00 -8.469824e-01
 -5.207611e-01 2.303259e+00 -5.439394e-01
 -5.333152e-01 2.366942e+00 -1.957385e-01
 -5.020039e-01 2.315203e+00 1.506002e-01
 -4.504981e-01 2.149525e+00 4.496246e-01
 -3.927203e-01 1.889053e+00 6.704358e-01
 -3.551852e-01 1.536552e+00 7.960621e-01
 -3.861728e-01 1.211187e+00 8.051091e-01
 -4.789050e-01 9.628324e-01 7.326875e-01
 -5.866722e-01 8.004774e-01 6.866089e-01
 -9.976786e-01 4.604283e-01 7.052921e-01
 -1.232673e+00 1.747563e-01 5.793380e-01
 -1.317601e+00 -1.229284e-01 4.169858e-01
 -1.304276e+00 -3.358646e-01 2.273868e-01
 -1.304798e+00 -4.455938e-01 -3.455292e-03
 -1.378342e+00 -5.508221e-01 -2.319768e-01
 -1.714937e+00 -7.558690e-01 -7.402573e-01
 -1.802415e+00 -9.628976e-01 -1.043950e+00
 -1.763565e+00 -1.223358e+00 -1.316481e+00
 -1.603410e+00 -1.502247e+00 -1.518810e+00
 -1.343881e+00 -1.761766e+00 -1.621370e+00
 -1.022359e+00 -1.965463e+00 -1.608119e+00
 -6.757553e-01 -2.074477e+00 -1.490147e+00
 -3.483885e-01 -2.066276e+00 -1.286271e+00
 -1.048717e-01 -1.964248e+00 -1.009750e+00
 2.127901e-02 -1.788170e+00 -7.008201e-01
 1.188460e-02 -1.549632e+00 -3.680103e-01
 -1.243477e-01 -1.301777e+00 -1.537307e-01
 -3.425634e-01 -1.187903e+00 3.637537e-02
 -7.168677e-01 -1.226990e+00 2.911878e-01
 -1.051000e+00 -1.329372e+00 4.232736e-01
 -1.393087e+00 -1.343405e+00 4.644345e-01
 -1.737317e+00 -1.245915e+00 4.538935e-01
