 -1.249259e+00 -1.105274e-01 -3.899006e-02
 -1.384467e+00 6.826498e-02 2.652451e-01
 -1.364262e+00 2.331709e-01 6.033275e-01
 -1.182581e+00 4.098214e-01 9.106347e-01
 -8.545066e-01 5.518843e-01 1.135766e+00
 -3.486264e-01 6.197804e-01 1.264200e+00
 -1.896545e-01 6.695074e-01 1.327968e+00
 1.147929e-02 7.697295e-01 1.468801e+00
 2.907098e-01 1.077799e+00 1.568811e+00
 5.680048e-01 1.382505e+00 1.476769e+00
 8.435976e-01 1.578890e+00 1.225053e+00
 1.072785e+00 1.650804e+00 8.289713e-01
 1.163850e+00 1.585826e+00 3.944805e-01
 1.082963e+00 1.347466e+00 -1.554014e-01
 1.128684e+00 1.312089e+00 -4.554747e-01
 1.079251e+00 1.372483e+00 -7.823981e-01
 8.690343e-01 1.423944e+00 -1.119821e+00
 5.084173e-01 1.363239e+00 -1.380180e+00
 1.272783e-01 1.222679e+00 -1.476253e+00
 -2.488795e-01 1.031558e+00 -1.405057e+00
 -8.791439e-01 6.733247e-01 -9.369610e-01
 -1.213805e+00 6.150255e-01 -8.564101e-01
 -1.517808e+00 4.601216e-01 -8.843186e-01
 -1.750172e+00 1.889526e-01 -9.030641e-01
 -1.874906e+00 -1.648118e-01 -8.727051e-01
 -1.869227e+00 -5.428256e-01 -7.714443e-01
 -1.734172e+00 -8.723322e-01 -6.070006e-01
 -1.470870e+00 -1.119232e+00 -4.296613e-01
 -8.184852e-01 -1.339956e+00 -6.031128e-02
 -6.008451e-01 -1.699387e+00 2.124447e-01
 -3.913379e-01 -2.190783e+00 2.068306e-01
 -1.110359e-01 -2.609189e+00 -1.108123e-01
 1.771510e-01 -2.741996e+00 -6.158123e-01
 4.108937e-01 -2.537981e+00 -1.121504e+00
 5.005062e-01 -2.070940e+00 -1.471412e+00
 4.466109e-01 -1.487525e+00 -1.545240e+00
 2.951044e-01 -9.735765e-01 -1.306672e+00
 9.963961e-02 -6.949189e-01 -8.434081e-01
 -2.638927e-03 -7.100376e-01 -3.719457e-01
 3.880471e-02 -8.140113e-01 -6.138648e-02
 2.786917e-01 -1.277707e+00 6.550558e-01
 4.550494e-01 -1.349014e+00 1.008456e+00
 6.586843e-01 -1.267230e+00 1.342287e+00
 8.983398e-01 -1.024262e+00 1.629011e+00
 1.079837e+00 -7.019162e-01 1.764959e+00
 1.175281e+00 -3.217925e-01 1.773608e+00
 1.198286e+00 8.304221e-02 1.626222e+00
 1.153111e+00 3.946390e-01 1.358824e+00
 1.041224e+00 5.619698e-01 1.056894e+00
 7.697476e-01 6.634826e-01 7.356493e-01
 4.498029e-01 8.520298e-01 5.523511e-01
 2.818636e-01 1.070288e+00 5.294329e-01
 6.136011e-02 1.322809e+00 5.796679e-01
 -2.275908e-01 1.538057e+00 7.950335e-01
 -4.625307e-01 1.632057e+00 1.116680e+00
 -6.367104e-01 1.577237e+00 1.493435e+00
 -7.267556e-01 1.379590e+00 1.844902e+00
 -7.437955e-01 1.061179e+00 2.103695e+00
 -6.756574e-01 6.689654e-01 2.234026e+00
 -5.136047e-01 2.758544e-01 2.217581e+00
 -2.901945e-01 -4.936538e-02 2.049051e+00
 -4.737216e-02 -2.468939e-01 1.757620e+00
 4.706858e-01 -3.089015e-01 1.002410e+00
 7.482063e-01 -3.813461e-01 8.184325e-01
 1.219682e+00 -5.429673e-01 7.432795e-01
 1.570314e+00 -5.714094e-01 5.665738e-01
 1.866465e+00 -5.361792e-01 2.415261e-01
 1.998107e+00 -4.570515e-01 -1.307488e-01
 1.970544e+00 -3.405458e-01 -4.979125e-01
 1.785711e+00 -1.465054e-01 -8.325114e-01
 1.492666e+00 7.942237e-02 -1.041388e+00
 1.122455e+00 2.731834e-01 -1.098398e+00
 7.664176e-01 3.950159e-01 -1.002474e+00
 4.377772e-01 5.528902e-01 -7.284711e-01
 1.992262e-01 8.908026e-01 -4.860395e-01
 8.937834e-02 1.310344e+00 -4.375000e-01
 1.737711e-01 1.740960e+00 -4.173197e-01
 4.269490e-01 2.089672e+00 -4.279947e-01
 8.156984e-01 2.305719e+00 -4.263877e-01
 1.263084e+00 2.335659e+00 -4.187977e-01
 1.674034e+00 2.179993e+00 -3.765440e-01
 1.975906e+00 1.872145e+00 -2.877705e-01
 2.113801e+00 1.462419e+00 -1.793769e-01
 2.060216e+00 1.028132e+00 -8.326091e-02
 1.826321e+00 6.535688e-01 -2.182892e-02
 1.297574e+00 2.915183e-01 -2.784151e-02
 1.059527e+00 6.633550e-03 -1.077435e-01
 9.628556e-01 -2.654240e-01 -2.215775e-01
 1.025800e+00 -8.126053e-01 -3.569872e-01
 9.443905e-01 -1.142142e+00 -4.213236e-01
 7.271477e-01 -1.456844e+00 -4.834595e-01
 4.642459e-01 -1.634401e+00 -5.073549e-01
 1.754438e-01 -1.697247e+00 -5.462300e-01
 -2.264809e-02 -1.709362e+00 -6.398322e-01
 -2.061771e-01 -1.777207e+00 -7.530189e-01
 -3.728197e-01 -1.874377e+00 -8.091541e-01
 -6.114300e-01 -2.009011e+00 -8.069028e-01
 -8.677003e-01 -2.132344e+00 -7.153057e-01
 -1.116992e+00 -2.210314e+00 -5.424700e-01
 -1.324748e+00 -2.228699e+00 -3.032794e-01
 -1.481141e+00 -2.166004e+00 -4.450777e-02
 -1.578581e+00 -2.023911e+00 2.147979e-01
 -1.602673e+00 -1.813079e+00 4.540772e-01
 -1.548164e+00 -1.545869e+00 6.465439e-01
 -1.406001e+00 -1.257282e+00 7.742637e-01
 -1.189046e+00 -9.861863e-01 8.175774e-01
 -5.939862e-01 -4.428091e-01 6.810968e-01
 -4.588072e-01 -2.360867e-01 5.928137e-01
 -3.235143e-01 4.418024e-02 3.973427e-01
 -3.446295e-01 2.906452e-01 2.662509e-01
 -8.869144e-01 1.219964e+00 -7.493672e-02
 -1.013247e+00 1.473804e+00 -3.052952e-01
 -1.148747e+00 1.624935e+00 -6.400819e-01
 -1.268523e+00 1.632023e+00 -1.013460e+00
 -1.358796e+00 1.492190e+00 -1.370077e+00
 -1.400043e+00 1.229635e+00 -1.654069e+00
 -1.363319e+00 8.881794e-01 -1.834961e+00
 -1.257835e+00 5.095350e-01 -1.884784e+00
 -1.134254e+00 1.434846e-01 -1.781656e+00
 -1.007502e+00 -1.494298e-01 -1.538090e+00
 -9.019689e-01 -3.158071e-01 -1.204881e+00
 -8.650095e-01 -3.553264e-01 -8.245590e-01
 -9.043361e-01 -2.618325e-01 -4.385166e-01
