 1.997895e-01 2.418539e+00 -5.250959e-01
 1.621228e-01 2.173357e+00 -2.128220e-01
 7.226758e-02 1.957783e+00 -9.033932e-02
 -4.776485e-02 1.806663e+00 2.300009e-02
 -1.436248e-01 1.609733e+00 2.974636e-01
 -9.309101e-02 1.368417e+00 5.903891e-01
 1.165917e-01 8.931215e-01 8.815695e-01
 1.217939e-01 6.696917e-01 1.089550e+00
 4.582718e-02 4.793886e-01 1.272065e+00
 -6.985275e-02 2.798296e-01 1.370131e+00
 -2.106108e-01 3.144368e-02 1.393302e+00
 -3.319504e-01 -2.520565e-01 1.323279e+00
 -3.984665e-01 -5.192308e-01 1.168616e+00
 -4.175649e-01 -7.663332e-01 9.174454e-01
 -3.267153e-01 -1.122063e+00 2.730195e-01
 -2.749418e-01 -1.384457e+00 5.395285e-02
 -1.787046e-01 -1.665797e+00 -6.055232e-02
 -1.314936e-01 -2.057365e+00 -6.687062e-02
 -1.840816e-01 -2.437882e+00 5.665657e-02
 -3.525161e-01 -2.747901e+00 2.749545e-01
 -6.186468e-01 -2.928296e+00 5.487906e-01
 -9.460115e-01 -2.945738e+00 8.191150e-01
 -1.283620e+00 -2.792852e+00 1.035171e+00
 -1.572994e+00 -2.490503e+00 1.155112e+00
 -1.757249e+00 -2.087428e+00 1.153883e+00
 -1.806291e+00 -1.660243e+00 1.016173e+00
 -1.711550e+00 -1.301811e+00 7.572202e-01
 -1.515079e+00 -1.098966e+00 4.247174e-01
 -1.319616e+00 -1.086338e+00 1.083213e-01
 -1.240973e+00 -1.175290e+00 -1.759301e-01
 -1.249393e+00 -1.213606e+00 -4.752976e-01
 -1.278854e+00 -1.065915e+00 -8.984248e-01
 -1.234597e+00 -7.759235e-01 -1.199249e+00
 -1.035852e+00 -3.954714e-01 -1.389738e+00
 -7.501081e-01 -3.479783e-02 -1.391481e+00
 -4.542055e-01 2.679808e-01 -1.195319e+00
 1.252963e-01 6.710216e-01 -3.790037e-01
 2.631598e-01 7.636751e-01 -2.508753e-01
 4.677689e-01 8.953944e-01 -1.326810e-01
 7.842710e-01 1.212292e+00 -8.392429e-04
 9.107393e-01 1.522946e+00 3.228215e-01
 8.015411e-01 1.900920e+00 6.390537e-01
 4.771152e-01 2.272586e+00 8.078422e-01
 2.488839e-02 2.540692e+00 7.648801e-01
 -4.261253e-01 2.643343e+00 5.116468e-01
 -7.491772e-01 2.567150e+00 1.062837e-01
 -8.601654e-01 2.337156e+00 -3.512291e-01
 -7.326426e-01 2.006128e+00 -7.413226e-01
 -4.027903e-01 1.672106e+00 -9.596800e-01
 2.694750e-02 1.481875e+00 -9.960255e-01
 3.846009e-01 1.494809e+00 -9.382287e-01
 7.349949e-01 1.607551e+00 -9.756248e-01
 1.127492e+00 1.597054e+00 -1.217530e+00
 1.480659e+00 1.317210e+00 -1.510268e+00
 1.665617e+00 8.633251e-01 -1.685118e+00
 1.671073e+00 3.543629e-01 -1.679155e+00
 1.487518e+00 -9.809576e-02 -1.509725e+00
 1.173986e+00 -3.724787e-01 -1.213737e+00
 7.976043e-01 -4.186355e-01 -7.635649e-01
 6.587135e-01 -5.054751e-01 -4.935747e-01
 6.129611e-01 -6.491453e-01 -2.985611e-01
 6.209776e-01 -8.501450e-01 -1.183211e-01
 7.169927e-01 -1.191733e+00 2.702472e-01
 5.990361e-01 -1.469587e+00 6.060171e-01
 3.019045e-01 -1.716761e+00 8.525939e-01
 -1.191824e-01 -1.879182e+00 9.569095e-01
 -5.561717e-01 -1.936965e+00 8.801752e-01
 -8.498054e-01 -1.931328e+00 6.806433e-01
 -9.840701e-01 -1.971117e+00 4.859406e-01
 -1.152663e+00 -2.073898e+00 3.085230e-01
 -1.493498e+00 -2.119986e+00 1.412570e-01
 -1.891855e+00 -1.961560e+00 -3.266141e-02
 -2.182606e+00 -1.604709e+00 -1.877319e-01
 -2.270871e+00 -1.139351e+00 -3.126523e-01
 -2.136255e+00 -6.795631e-01 -3.831920e-01
 -1.815694e+00 -3.288229e-01 -3.900139e-01
 -1.382085e+00 -1.678228e-01 -3.703946e-01
 -9.388609e-01 -2.193540e-01 -3.669523e-01
 -5.474149e-01 -4.449570e-01 -4.507036e-01
 -9.749222e-02 -1.028129e+00 -9.623955e-01
 3.207075e-01 -1.340058e+00 -1.026069e+00
 9.057611e-01 -1.446544e+00 -9.229881e-01
 1.370114e+00 -1.300466e+00 -6.719271e-01
 1.620063e+00 -9.472758e-01 -3.710980e-01
 1.610841e+00 -4.175474e-01 -7.471692e-02
 1.283706e+00 5.387331e-02 1.482356e-01
 1.224311e+00 3.007650e-01 3.007805e-01
 1.086872e+00 9.827540e-01 1.255719e+00
 8.551746e-01 1.241278e+00 1.534604e+00
 4.709274e-01 1.408404e+00 1.719044e+00
 1.392150e-02 1.443708e+00 1.763736e+00
 -4.248308e-01 1.337934e+00 1.656470e+00
 -7.678044e-01 1.099284e+00 1.407561e+00
 -9.086851e-01 8.167587e-01 1.074284e+00
 -8.292990e-01 5.059804e-01 7.047539e-01
 -5.544567e-01 2.250274e-01 4.434763e-01
 -1.767093e-01 4.606800e-02 3.408719e-01
 1.603796e-01 -7.875121e-02 4.045171e-01
 6.893967e-01 -3.676644e-01 8.864082e-01
 1.119756e+00 -4.232237e-01 1.046489e+00
 1.570076e+00 -3.316582e-01 1.060600e+00
 1.942949e+00 -1.050662e-01 9.390696e-01
 2.180030e+00 1.771231e-01 6.697803e-01
 2.248969e+00 4.210511e-01 2.859021e-01
 2.126389e+00 5.891796e-01 -1.262854e-01
 1.826513e+00 6.708572e-01 -4.726223e-01
 1.112804e+00 6.114887e-01 -8.439784e-01
 8.996128e-01 6.026784e-01 -1.014575e+00
 7.215607e-01 6.080452e-01 -1.321243e+00
 5.821037e-01 8.134442e-01 -1.685547e+00
 4.662699e-01 1.206289e+00 -1.923613e+00
 3.839444e-01 1.667595e+00 -1.962791e+00
 3.053800e-01 2.097145e+00 -1.788591e+00
 2.389321e-01 2.401189e+00 -1.436931e+00
 2.159122e-01 2.517861e+00 -9.851746e-01
