 -4.623367e-01 -1.300987e+00 -1.161814e+00
 -1.739281e-01 -1.307632e+00 -1.389227e+00
 3.530860e-01 -1.379755e+00 -1.452267e+00
 8.160292e-01 -1.349237e+00 -1.264341e+00
 1.166426e+00 -1.151955e+00 -8.856930e-01
 1.248383e+00 -8.794930e-01 -4.087173e-01
 7.491431e-01 -1.625601e-01 6.265407e-01
 6.828080e-01 -1.926610e-02 9.024830e-01
 7.733294e-01 1.077395e-01 1.163707e+00
 9.170714e-01 1.351886e-01 1.528508e+00
 1.097163e+00 -3.415296e-02 1.902561e+00
 1.202915e+00 -3.854694e-01 2.198130e+00
 1.188066e+00 -8.308157e-01 2.344613e+00
 1.027493e+00 -1.271272e+00 2.329511e+00
 7.706170e-01 -1.623886e+00 2.138785e+00
 4.868862e-01 -1.812234e+00 1.802390e+00
 2.331548e-01 -1.791631e+00 1.396365e+00
 5.904860e-02 -1.564113e+00 1.011643e+00
 -7.633727e-02 -7.608925e-01 4.429696e-01
 -1.441521e-01 -5.124091e-01 3.277754e-01
 -2.686444e-01 -1.788435e-01 2.873462e-01
 -5.559383e-01 1.154840e-01 3.409315e-01
 -8.713551e-01 3.427709e-01 5.849223e-01
 -1.121420e+00 4.313363e-01 9.813980e-01
 -1.212302e+00 3.844401e-01 1.408360e+00
 -1.124142e+00 2.336866e-01 1.841126e+00
 -8.961080e-01 2.073434e-02 2.150420e+00
 -5.726902e-01 -2.336121e-01 2.302685e+00
 -2.138557e-01 -4.822581e-01 2.270855e+00
 1.123633e-01 -6.783284e-01 2.063425e+00
 5.060592e-01 -8.056040e-01 1.549209e+00
 8.284654e-01 -9.113104e-01 1.370945e+00
 1.255568e+00 -8.251866e-01 1.239910e+00
 1.622498e+00 -4.987915e-01 1.083901e+00
 1.753974e+00 -5.323358e-02 8.735109e-01
 1.611693e+00 4.134500e-01 6.281653e-01
 1.216880e+00 7.750072e-01 4.846777e-01
 1.623090e-01 1.022456e+00 3.796826e-01
 -1.981730e-01 1.361521e+00 4.556643e-01
 -3.551217e-01 1.792993e+00 5.986401e-01
 -2.877954e-01 2.272085e+00 6.944294e-01
 -1.810894e-02 2.669781e+00 7.126960e-01
 3.898583e-01 2.906082e+00 6.578360e-01
 8.471915e-01 2.938773e+00 5.379459e-01
 1.245868e+00 2.774424e+00 3.578455e-01
 1.501710e+00 2.460148e+00 1.468787e-01
 1.574363e+00 2.058827e+00 -5.461760e-02
 1.456136e+00 1.673095e+00 -1.988764e-01
 1.187173e+00 1.393838e+00 -3.395093e-01
 8.999322e-01 1.296650e+00 -4.755124e-01
 6.506913e-01 1.252509e+00 -7.385794e-01
 5.215867e-01 1.054928e+00 -1.106802e+00
 4.647251e-01 6.843999e-01 -1.355869e+00
 3.914377e-01 1.406237e-01 -1.392847e+00
 3.686508e-01 -3.304448e-01 -1.163017e+00
 2.811071e-01 -6.288658e-01 -7.376563e-01
 2.136439e-01 -8.413849e-01 -5.473670e-01
 2.292635e-01 -1.202014e+00 -4.092837e-01
 1.965355e-01 -1.685631e+00 -4.572184e-01
 7.604009e-02 -2.070159e+00 -6.958014e-01
 -1.538297e-01 -2.296464e+00 -1.048947e+00
 -4.718992e-01 -2.310674e+00 -1.425653e+00
 -8.077008e-01 -2.092856e+00 -1.736452e+00
 -1.087125e+00 -1.699077e+00 -1.880848e+00
 -1.265226e+00 -1.254541e+00 -1.807366e+00
 -1.332791e+00 -9.570249e-01 -1.580812e+00
 -1.422932e+00 -8.372815e-01 -1.381418e+00
 -1.594569e+00 -6.549216e-01 -1.199440e+00
 -1.692900e+00 -2.750205e-01 -1.033384e+00
 -1.571260e+00 1.472932e-01 -8.522930e-01
 -1.277724e+00 4.571682e-01 -6.947993e-01
 -8.627739e-01 6.121820e-01 -5.845279e-01
 -2.627328e-01 5.646843e-01 -5.182968e-01
 2.720152e-01 3.583445e-01 -3.822974e-01
 6.034295e-01 3.010999e-01 -3.654610e-01
 1.003599e+00 2.709863e-01 -5.459888e-01
 1.352713e+00 4.491537e-01 -8.688040e-01
 1.548788e+00 8.670822e-01 -1.173496e+00
 1.510891e+00 1.375783e+00 -1.330828e+00
 1.313692e+00 1.866985e+00 -1.260753e+00
 1.020388e+00 2.198311e+00 -9.965088e-01
 7.160974e-01 2.308607e+00 -5.930410e-01
 5.392760e-01 2.205987e+00 -1.499172e-01
 5.541225e-01 2.022995e+00 1.517208e-01
 6.416501e-01 1.942756e+00 3.604184e-01
 6.890636e-01 1.909118e+00 6.813727e-01
 5.643031e-01 1.724896e+00 1.087954e+00
 3.551625e-01 1.326764e+00 1.372576e+00
 -9.919145e-02 5.286913e-01 1.424426e+00
 -1.640461e-01 3.708530e-01 1.409385e+00
 -2.615190e-01 -4.555543e-02 1.325362e+00
 -4.492337e-01 -3.099426e-01 1.281173e+00
 -7.035032e-01 -4.874494e-01 1.194610e+00
 -9.422107e-01 -6.159766e-01 9.712941e-01
 -1.106656e+00 -7.149876e-01 6.102252e-01
 -1.145355e+00 -7.325554e-01 2.362517e-01
 -1.061657e+00 -6.790245e-01 -1.329868e-01
 -6.952368e-01 -4.073914e-01 -7.568022e-01
 -6.345639e-01 -2.365472e-01 -1.161584e+00
 -7.853675e-01 -3.245984e-02 -1.511557e+00
 -1.150533e+00 3.181672e-02 -1.870831e+00
 -1.594096e+00 -8.432705e-02 -2.075270e+00
 -1.991126e+00 -3.685052e-01 -2.117357e+00
 -2.257503e+00 -7.553758e-01 -1.996022e+00
 -2.339382e+00 -1.159209e+00 -1.737943e+00
 -2.209551e+00 -1.502102e+00 -1.419821e+00
 -1.895275e+00 -1.713899e+00 -1.119318e+00
 -1.470589e+00 -1.744869e+00 -9.008902e-01
 -1.031668e+00 -1.614537e+00 -8.344297e-01
 -6.783966e-01 -1.408525e+00 -9.449971e-01
