 1.807012e+00 1.381477e-01 -2.491548e-01
 1.705982e+00 1.258382e-01 -5.692278e-01
 1.654278e+00 -1.515238e-02 -8.406557e-01
 1.716510e+00 -1.181517e-01 -1.131871e+00
 1.809427e+00 -6.846223e-02 -1.519983e+00
 1.851683e+00 1.455711e-01 -1.872416e+00
 1.809163e+00 4.723669e-01 -2.127730e+00
 1.670915e+00 8.230181e-01 -2.251479e+00
 1.466234e+00 1.138945e+00 -2.248328e+00
 1.224644e+00 1.388158e+00 -2.131570e+00
 9.835683e-01 1.551364e+00 -1.916084e+00
 7.655575e-01 1.606327e+00 -1.635205e+00
 5.726268e-01 1.533407e+00 -1.328699e+00
 4.312978e-01 1.343640e+00 -1.055369e+00
 3.573435e-01 1.064665e+00 -8.541566e-01
 3.153448e-01 7.027972e-01 -7.621208e-01
 2.428264e-01 3.674737e-01 -8.225189e-01
 2.677686e-01 -1.288579e-01 -1.043678e+00
 3.109713e-01 -6.212763e-01 -1.233970e+00
 2.699907e-01 -9.820524e-01 -1.262872e+00
 1.587772e-01 -1.322067e+00 -1.189276e+00
 -1.218901e-03 -1.613299e+00 -1.004106e+00
 -2.051318e-01 -1.808901e+00 -7.387480e-01
 -4.030954e-01 -1.864826e+00 -4.230188e-01
 -5.519021e-01 -1.783468e+00 -1.113069e-01
 -6.404413e-01 -1.586311e+00 1.219047e-01
 -7.639432e-01 -1.352097e+00 2.573035e-01
 -9.793516e-01 -1.140239e+00 3.525275e-01
 -1.571024e+00 -7.436075e-01 3.894788e-01
 -1.776097e+00 -5.043409e-01 3.594629e-01
 -1.917869e+00 -1.675092e-01 2.886285e-01
 -1.942908e+00 1.513526e-01 2.149028e-01
 -1.854246e+00 4.703430e-01 1.349960e-01
 -1.653344e+00 7.332391e-01 5.274007e-02
 -1.429047e+00 8.633083e-01 -1.248219e-02
 -1.122642e+00 9.253745e-01 -1.771506e-01
 -8.759826e-01 9.549057e-01 -4.763940e-01
 -5.927862e-01 8.514197e-01 -1.200115e+00
 -4.369650e-01 8.025944e-01 -1.461705e+00
 -1.507392e-01 7.448560e-01 -1.692013e+00
 2.283257e-01 6.747334e-01 -1.804828e+00
 6.008704e-01 5.979756e-01 -1.760863e+00
 9.495535e-01 5.832655e-01 -1.556967e+00
 1.154891e+00 7.008088e-01 -1.369925e+00
 1.381108e+00 8.619552e-01 -1.264555e+00
 1.731018e+00 9.356058e-01 -1.213904e+00
 2.110600e+00 8.571503e-01 -1.165009e+00
 2.432068e+00 6.326523e-01 -1.086120e+00
 2.634224e+00 3.089508e-01 -9.636652e-01
 2.688920e+00 -5.057294e-02 -8.084948e-01
 2.589304e+00 -4.033276e-01 -6.551078e-01
 2.345670e+00 -6.965874e-01 -5.096404e-01
 1.983766e+00 -8.699629e-01 -3.814818e-01
 1.565674e+00 -8.796070e-01 -2.975910e-01
 1.169499e+00 -7.036040e-01 -2.444400e-01
 9.110180e-01 -3.889580e-01 -2.043613e-01
 8.273293e-01 -1.645314e-01 -1.630743e-01
 8.013249e-01 2.124542e-01 1.020777e-02
 9.272313e-01 6.358674e-01 3.613908e-01
 8.896412e-01 8.924963e-01 5.989067e-01
 7.394950e-01 1.121914e+00 8.112187e-01
 4.703267e-01 1.316300e+00 9.883720e-01
 1.381214e-01 1.415511e+00 1.078186e+00
 -2.178431e-01 1.423220e+00 1.066266e+00
 -5.039933e-01 1.403587e+00 9.378497e-01
 -7.619658e-01 1.463684e+00 6.825626e-01
 -1.120618e+00 1.801605e+00 3.481242e-01
 -1.330298e+00 1.905444e+00 3.998432e-02
 -1.527691e+00 1.861713e+00 -2.992568e-01
 -1.681344e+00 1.674667e+00 -6.105664e-01
 -1.770987e+00 1.373107e+00 -8.457313e-01
 -1.786745e+00 1.004216e+00 -9.691672e-01
 -1.725096e+00 6.290589e-01 -9.686164e-01
 -1.578892e+00 2.999236e-01 -8.643771e-01
 -1.376750e+00 6.733166e-02 -6.815627e-01
 -1.165223e+00 -7.179515e-02 -4.005328e-01
 -9.706964e-01 -7.742996e-02 -1.053716e-01
 -8.928372e-01 6.868753e-03 2.110294e-01
 -1.001163e+00 1.775275e-01 6.141876e-01
 -1.115098e+00 4.146143e-01 8.785656e-01
 -1.354112e+00 9.047210e-01 1.297975e+00
 -1.397098e+00 1.224630e+00 1.448887e+00
 -1.349986e+00 1.578992e+00 1.517293e+00
 -1.209306e+00 1.925596e+00 1.490010e+00
 -9.843200e-01 2.213134e+00 1.364437e+00
 -7.015417e-01 2.391075e+00 1.155316e+00
 -4.157879e-01 2.426886e+00 8.881557e-01
 -1.882229e-01 2.323102e+00 5.793591e-01
 -3.628833e-02 2.081068e+00 2.961625e-01
 4.264377e-02 1.747359e+00 1.124059e-01
 4.805752e-02 1.349782e+00 5.339730e-02
 -2.448335e-02 9.683866e-01 1.401293e-01
 -9.951099e-02 6.821316e-01 3.518530e-01
 -4.523014e-02 4.700241e-01 7.149008e-01
 3.861002e-02 3.751072e-01 1.091176e+00
 1.133912e-01 2.348797e-01 1.338369e+00
 1.926045e-01 -1.844757e-02 1.566021e+00
 2.502091e-01 -3.883733e-01 1.706955e+00
 2.682517e-01 -7.928348e-01 1.687354e+00
 2.284624e-01 -1.138820e+00 1.521697e+00
 8.810087e-02 -1.373018e+00 1.304693e+00
 -1.900620e-01 -1.546612e+00 1.137079e+00
 -6.162616e-01 -1.870706e+00 1.116832e+00
 -8.993918e-01 -1.992370e+00 1.036792e+00
 -1.176260e+00 -2.059339e+00 8.652478e-01
 -1.408007e+00 -2.059719e+00 6.175278e-01
 -1.566158e+00 -1.989455e+00 3.119408e-01
 -1.621516e+00 -1.850005e+00 -2.290024e-02
 -1.557102e+00 -1.641404e+00 -3.378954e-01
 -1.374571e+00 -1.374078e+00 -5.734839e-01
 -1.079225e+00 -1.104945e+00 -6.875184e-01
 -7.163178e-01 -9.267013e-01 -6.744919e-01
 -4.209957e-01 -8.099939e-01 -5.275657e-01
 -2.272347e-01 -7.970282e-01 -3.893869e-01
 4.251890e-02 -9.222264e-01 -2.508675e-01
 2.866124e-01 -1.189554e+00 -7.777807e-02
 4.871188e-01 -1.733419e+00 3.680908e-01
 5.530998e-01 -2.070650e+00 6.733680e-01
 5.234354e-01 -2.262761e+00 9.737962e-01
 4.150790e-01 -2.359812e+00 1.308622e+00
 2.399657e-01 -2.341587e+00 1.636877e+00
 2.095929e-02 -2.202234e+00 1.914150e+00
 -2.142644e-01 -1.955593e+00 2.096766e+00
 -4.407190e-01 -1.642681e+00 2.145050e+00
 -6.434069e-01 -1.311029e+00 2.038974e+00
 -7.555876e-01 -9.975961e-01 1.798314e+00
 -7.378872e-01 -7.463248e-01 1.477200e+00
 -5.778593e-01 -5.888558e-01 1.124787e+00
 -3.065125e-01 -5.514836e-01 8.430730e-01
 -4.243039e-02 -5.644156e-01 7.073874e-01
 3.469184e-01 -5.360965e-01 6.913118e-01
 8.141806e-01 -4.831653e-01 8.066430e-01
 1.146855e+00 -3.930813e-01 7.876213e-01
 1.455335e+00 -2.629780e-01 6.588271e-01
 1.691918e+00 -1.152630e-01 4.261511e-01
 1.817402e+00 4.145165e-02 9.273262e-02
