 -4.930227e-01 -2.683435e+00 -3.822470e-01
 -5.216041e-01 -2.433501e+00 -5.967863e-01
 -4.868279e-01 -2.123691e+00 -7.357800e-01
 -3.961075e-01 -1.836935e+00 -7.781532e-01
 -2.618834e-01 -1.637526e+00 -7.587855e-01
 -9.383382e-02 -1.477831e+00 -7.145965e-01
 1.744484e-01 -1.337777e+00 -7.368389e-01
 6.099078e-01 -1.247112e+00 -8.384180e-01
 8.973788e-01 -1.069353e+00 -9.256585e-01
 1.113685e+00 -8.001374e-01 -9.887602e-01
 1.232166e+00 -4.704850e-01 -1.019888e+00
 1.248103e+00 -1.419868e-01 -9.922269e-01
 1.163415e+00 1.592087e-01 -9.200140e-01
 9.753901e-01 4.212750e-01 -8.101562e-01
 5.886089e-01 6.939985e-01 -6.140108e-01
 4.460163e-01 9.532605e-01 -5.137756e-01
 3.339722e-01 1.266575e+00 -5.082297e-01
 2.923230e-01 1.738916e+00 -6.003372e-01
 3.175352e-01 2.103695e+00 -5.465213e-01
 3.622331e-01 2.430043e+00 -3.611710e-01
 4.229757e-01 2.664431e+00 -7.184118e-02
 4.828644e-01 2.783155e+00 3.076066e-01
 5.198518e-01 2.753813e+00 6.857021e-01
 5.343976e-01 2.583720e+00 1.026675e+00
 5.346446e-01 2.302171e+00 1.271205e+00
 5.590209e-01 1.915148e+00 1.403662e+00
 6.010129e-01 1.634903e+00 1.388118e+00
 7.508293e-01 1.348733e+00 1.301241e+00
 1.223159e+00 8.905358e-01 1.317815e+00
 1.402406e+00 6.506808e-01 1.246924e+00
 1.511361e+00 4.076386e-01 1.115545e+00
 1.549084e+00 1.764228e-01 9.304426e-01
 1.514527e+00 -1.823451e-02 7.027983e-01
 1.396896e+00 -1.728108e-01 4.599609e-01
 1.204504e+00 -2.701349e-01 2.324941e-01
 6.181633e-01 -3.336728e-01 -2.216118e-01
 4.096914e-01 -3.363086e-01 -4.062878e-01
 2.766036e-01 -3.083254e-01 -6.286784e-01
 2.412061e-01 -2.865249e-01 -8.945907e-01
 2.422178e-01 -1.536077e-01 -1.337979e+00
 1.236063e-01 -9.653087e-02 -1.672102e+00
 -9.724158e-02 -1.016184e-01 -1.960252e+00
 -3.839763e-01 -1.867243e-01 -2.170502e+00
 -6.821991e-01 -3.550989e-01 -2.282092e+00
 -9.577540e-01 -5.699490e-01 -2.276811e+00
 -1.202517e+00 -7.926880e-01 -2.146049e+00
 -1.398891e+00 -9.942964e-01 -1.892076e+00
 -1.495980e+00 -1.134581e+00 -1.576112e+00
 -1.484949e+00 -1.216982e+00 -1.225266e+00
 -1.367723e+00 -1.229270e+00 -8.853667e-01
 -9.787916e-01 -1.091361e+00 -3.210416e-01
 -8.843709e-01 -1.035420e+00 -7.155296e-02
 -8.760532e-01 -9.743962e-01 1.549296e-01
 -9.381402e-01 -9.809766e-01 5.301766e-01
 -8.634896e-01 -9.502267e-01 9.212455e-01
 -7.199467e-01 -8.155447e-01 1.226048e+00
 -5.110985e-01 -6.285606e-01 1.416172e+00
 -2.294450e-01 -3.881928e-01 1.500894e+00
 1.992870e-02 -1.759432e-01 1.469187e+00
 2.605293e-01 7.728779e-03 1.336861e+00
 4.517236e-01 1.697778e-01 1.114405e+00
 5.791117e-01 3.749036e-01 7.201586e-01
 6.871721e-01 5.776857e-01 4.960923e-01
 1.158362e+00 8.792145e-01 2.190233e-01
 1.339812e+00 1.051809e+00 -1.351478e-02
 1.402893e+00 1.264567e+00 -3.167354e-01
 1.349251e+00 1.404578e+00 -6.801345e-01
 1.205041e+00 1.424392e+00 -1.036329e+00
 9.810409e-01 1.354657e+00 -1.309304e+00
 6.386949e-01 1.225892e+00 -1.491995e+00
 2.828232e-01 1.072616e+00 -1.523452e+00
 -4.316651e-02 8.910065e-01 -1.412640e+00
 -2.865810e-01 7.005747e-01 -1.180309e+00
 -4.572475e-01 4.115371e-01 -7.213910e-01
 -5.673740e-01 2.399102e-01 -5.300755e-01
 -7.520136e-01 1.219918e-01 -3.871683e-01
 -1.528495e+00 -2.365327e-01 -1.376725e-01
 -1.786677e+00 -5.362604e-01 -1.188524e-02
 -1.900332e+00 -9.298054e-01 1.087228e-01
 -1.851078e+00 -1.323579e+00 1.706698e-01
 -1.640053e+00 -1.676718e+00 2.040313e-01
 -1.293787e+00 -1.918920e+00 2.434980e-01
 -8.893206e-01 -1.997107e+00 2.904516e-01
 -4.937285e-01 -1.913477e+00 2.882659e-01
 -2.295866e-01 -1.896321e+00 2.182340e-01
 6.364787e-02 -1.988764e+00 1.450391e-01
 3.035638e-01 -2.139015e+00 -4.635408e-02
 4.720937e-01 -2.266537e+00 -3.917351e-01
 5.192425e-01 -2.308056e+00 -7.808022e-01
 4.630192e-01 -2.235903e+00 -1.164526e+00
 3.435579e-01 -2.047227e+00 -1.469953e+00
 1.684468e-01 -1.752580e+00 -1.677879e+00
 -5.718269e-02 -1.423156e+00 -1.740636e+00
 -2.992117e-01 -1.112283e+00 -1.647112e+00
 -5.624780e-01 -7.814440e-01 -1.342080e+00
 -7.296184e-01 -5.160105e-01 -1.263642e+00
 -1.098002e+00 -1.278363e-01 -1.320138e+00
 -1.279219e+00 1.704739e-01 -1.272955e+00
 -1.384964e+00 4.626149e-01 -1.132596e+00
 -1.405916e+00 7.243613e-01 -9.085405e-01
 -1.331884e+00 9.279860e-01 -6.282776e-01
 -1.155103e+00 1.059279e+00 -3.409688e-01
 -8.998396e-01 1.098015e+00 -9.031689e-02
 -5.631731e-01 1.011569e+00 1.485902e-01
 -3.734671e-01 9.511328e-01 3.675405e-01
 -2.702188e-01 9.284141e-01 5.625150e-01
 -2.194209e-01 9.555082e-01 9.702202e-01
 -1.269102e-01 9.212345e-01 1.600270e+00
 4.370085e-02 9.378208e-01 1.917827e+00
 2.998104e-01 1.021192e+00 2.163449e+00
 6.027133e-01 1.161134e+00 2.302569e+00
 9.118940e-01 1.340673e+00 2.321118e+00
 1.188026e+00 1.538620e+00 2.221005e+00
 1.399562e+00 1.727117e+00 2.018040e+00
 1.532662e+00 1.870766e+00 1.736197e+00
 1.577664e+00 1.953713e+00 1.403833e+00
 1.519613e+00 1.981200e+00 1.063750e+00
 1.365351e+00 1.956929e+00 7.610725e-01
 1.131192e+00 1.900165e+00 5.343722e-01
 8.469110e-01 1.831357e+00 4.064180e-01
 6.098696e-01 1.766371e+00 3.812221e-01
 3.289381e-01 1.761325e+00 4.201190e-01
 -7.646900e-02 1.923062e+00 5.020107e-01
 -4.049354e-01 1.940923e+00 6.232087e-01
 -7.401376e-01 1.829289e+00 7.494504e-01
 -1.009931e+00 1.606149e+00 8.483199e-01
 -1.185329e+00 1.301459e+00 9.048231e-01
 -1.249503e+00 9.607868e-01 9.046853e-01
 -1.203604e+00 6.178806e-01 8.579106e-01
 -1.043875e+00 3.036677e-01 7.867722e-01
 -8.031099e-01 7.344151e-02 6.914239e-01
 -3.952581e-01 -1.070452e-01 5.328211e-01
 -1.361484e-01 -3.411720e-01 4.657621e-01
 5.569665e-02 -6.651174e-01 5.578603e-01
 1.469815e-01 -9.574717e-01 7.007131e-01
 1.531916e-01 -1.527314e+00 1.084828e+00
 1.009446e-01 -1.866312e+00 1.181041e+00
 1.720531e-02 -2.209914e+00 1.157527e+00
 -8.349319e-02 -2.515619e+00 1.019696e+00
 -1.854247e-01 -2.749359e+00 7.878685e-01
 -2.798715e-01 -2.886944e+00 4.941424e-01
 -3.630486e-01 -2.916442e+00 1.770959e-01
 -4.340531e-01 -2.838801e+00 -1.386942e-01
