 -1.371564e+00 4.703614e-01 1.078275e+00
 -1.311983e+00 4.173524e-01 1.334963e+00
 -1.246698e+00 4.310410e-01 1.563547e+00
 -1.147891e+00 5.107487e-01 1.790227e+00
 -9.466700e-01 6.390648e-01 2.002155e+00
 -7.102894e-01 7.503291e-01 2.109714e+00
 -3.903150e-01 8.418505e-01 2.146765e+00
 -6.086082e-02 8.824450e-01 2.080360e+00
 2.857081e-01 8.692858e-01 1.890331e+00
 5.227035e-01 8.090060e-01 1.635338e+00
 6.581460e-01 7.131854e-01 1.317698e+00
 6.708605e-01 5.944339e-01 9.883645e-01
 4.331503e-01 1.658192e-01 2.493274e-01
 4.312846e-01 -2.966692e-01 -5.072636e-02
 5.386047e-01 -7.680993e-01 -6.998761e-02
 8.127933e-01 -1.165077e+00 6.854317e-02
 1.186492e+00 -1.362030e+00 2.875585e-01
 1.602210e+00 -1.333825e+00 4.812923e-01
 1.994890e+00 -1.107635e+00 6.212881e-01
 2.249849e+00 -7.487465e-01 6.944062e-01
 2.345298e+00 -3.140706e-01 6.877888e-01
 2.263653e+00 1.142597e-01 6.057923e-01
 2.020696e+00 4.567016e-01 4.667810e-01
 8.316741e-01 1.103112e+00 -1.273193e-01
 6.486594e-01 1.249780e+00 -3.893841e-01
 5.846942e-01 1.346079e+00 -5.951662e-01
 5.494192e-01 1.388287e+00 -8.489237e-01
 5.351044e-01 1.370413e+00 -1.051615e+00
 5.270715e-01 1.296710e+00 -1.255558e+00
 5.031558e-01 1.176892e+00 -1.442939e+00
 4.724315e-01 1.024028e+00 -1.590986e+00
 4.368854e-01 8.116369e-01 -1.718322e+00
 4.127494e-01 6.242982e-01 -1.785011e+00
 3.945623e-01 4.160570e-01 -1.816049e+00
 3.863283e-01 -4.504819e-02 -1.794513e+00
 3.749961e-01 -3.655978e-01 -1.924719e+00
 5.402816e-01 -6.902652e-01 -2.082540e+00
 8.097074e-01 -1.013099e+00 -2.080544e+00
 1.128388e+00 -1.316144e+00 -1.861971e+00
 1.421232e+00 -1.440913e+00 -1.516900e+00
 1.639592e+00 -1.375436e+00 -1.105272e+00
 1.734503e+00 -1.134649e+00 -7.135086e-01
 1.620038e+00 -5.542884e-01 -2.073943e-01
 1.480325e+00 -3.666148e-01 1.075763e-01
 1.374634e+00 -3.309127e-01 3.527601e-01
 1.282973e+00 -3.573029e-01 5.416405e-01
 1.127547e+00 -4.434768e-01 7.426397e-01
 9.932216e-01 -5.059380e-01 8.365647e-01
 8.035014e-01 -5.605777e-01 9.091117e-01
 4.663372e-01 -6.142838e-01 9.473990e-01
 1.719975e-01 -6.324469e-01 8.959689e-01
 -1.592252e-02 -6.259199e-01 8.035071e-01
 -5.728088e-01 -4.400809e-01 5.447329e-01
 -9.861094e-01 -5.367875e-01 4.282492e-01
 -1.267192e+00 -7.183563e-01 3.987855e-01
 -1.545797e+00 -9.659454e-01 5.051122e-01
 -1.732778e+00 -1.210487e+00 7.275260e-01
 -1.814521e+00 -1.420614e+00 1.043658e+00
 -1.786926e+00 -1.543736e+00 1.410333e+00
 -1.680297e+00 -1.540731e+00 1.778156e+00
 -1.492118e+00 -1.424626e+00 2.096911e+00
 -1.238978e+00 -1.225105e+00 2.312645e+00
 -9.606502e-01 -9.701268e-01 2.394957e+00
 -6.987086e-01 -6.942307e-01 2.333982e+00
 -4.929470e-01 -4.356554e-01 2.140644e+00
 -2.699160e-01 2.966892e-02 1.532167e+00
 -3.006957e-01 3.595703e-01 1.207270e+00
 -3.490162e-01 6.568674e-01 1.118554e+00
 -5.056466e-01 1.036537e+00 1.149790e+00
 -8.397489e-01 1.337481e+00 1.248619e+00
 -1.253630e+00 1.448280e+00 1.388226e+00
 -1.680835e+00 1.364407e+00 1.506590e+00
 -2.021842e+00 1.109377e+00 1.614068e+00
 -2.225742e+00 7.306501e-01 1.689824e+00
 -2.258150e+00 2.983563e-01 1.719845e+00
 -2.115788e+00 -1.098071e-01 1.698547e+00
 -1.826471e+00 -4.212435e-01 1.629536e+00
 -1.175482e+00 -7.005860e-01 1.423248e+00
 -9.417695e-01 -9.630169e-01 1.358050e+00
 -8.251738e-01 -1.212302e+00 1.206664e+00
 -7.319959e-01 -1.412230e+00 9.405243e-01
 -6.214108e-01 -1.493508e+00 5.908817e-01
 -5.075666e-01 -1.429306e+00 1.985840e-01
 -4.429406e-01 -1.218123e+00 -1.423002e-01
 -3.964210e-01 -7.203869e-01 -4.975163e-01
 -3.743227e-01 -6.502718e-01 -5.615692e-01
 -3.260852e-01 -5.213418e-01 -7.075212e-01
 -3.304822e-01 -4.332190e-01 -8.642134e-01
 -3.863698e-01 -3.429299e-01 -1.102621e+00
 -6.120369e-01 -1.662286e-01 -1.621045e+00
 -6.201931e-01 -5.618087e-02 -1.981126e+00
 -4.922043e-01 4.094204e-02 -2.321247e+00
 -2.466125e-01 1.077193e-01 -2.596764e+00
 8.022213e-02 1.314044e-01 -2.771570e+00
 4.407493e-01 1.277512e-01 -2.819013e+00
 7.945096e-01 1.063214e-01 -2.734803e+00
 1.097472e+00 6.095454e-02 -2.529635e+00
 1.305861e+00 -1.979956e-02 -2.241045e+00
 1.396214e+00 -1.465490e-01 -1.913686e+00
 1.355976e+00 -2.942990e-01 -1.581472e+00
 1.183486e+00 -4.551065e-01 -1.284675e+00
 8.113510e-01 -6.886239e-01 -1.033211e+00
 1.946400e-01 -1.268766e+00 -1.173523e+00
 -2.717645e-01 -1.377385e+00 -1.298053e+00
 -8.199779e-01 -1.270465e+00 -1.266311e+00
 -1.219166e+00 -9.637172e-01 -1.077121e+00
 -1.373468e+00 -5.057633e-01 -8.029004e-01
 -1.225631e+00 -3.949997e-02 -5.198551e-01
 -5.172790e-01 4.630338e-01 5.488160e-02
 -2.554672e-01 1.012832e+00 1.612735e-01
 3.662240e-03 1.611910e+00 3.323775e-01
 3.699319e-01 1.967750e+00 3.012047e-01
 8.121322e-01 2.139917e+00 1.139830e-01
 1.223139e+00 2.086759e+00 -1.778895e-01
 1.507287e+00 1.823473e+00 -4.991223e-01
 1.596480e+00 1.413447e+00 -7.872616e-01
 1.482095e+00 9.534406e-01 -9.491091e-01
 1.145484e+00 5.325279e-01 -9.599475e-01
 7.875636e-01 3.764562e-01 -8.794259e-01
 5.606858e-01 3.474460e-01 -8.222334e-01
 3.810034e-01 3.743723e-01 -8.086566e-01
 1.549349e-01 4.571150e-01 -8.111809e-01
 -6.619516e-02 5.826678e-01 -8.563816e-01
 -3.550083e-01 8.399584e-01 -9.105359e-01
 -6.938265e-01 1.062890e+00 -8.088159e-01
 -1.003519e+00 1.183267e+00 -5.724886e-01
 -1.233991e+00 1.193379e+00 -2.325673e-01
 -1.369386e+00 1.067654e+00 1.468616e-01
 -1.397976e+00 5.664422e-01 8.628187e-01
