 -9.884763e-01 1.676979e+00 4.564872e-01
 -9.938167e-01 1.829908e+00 2.767808e-01
 -9.389093e-01 1.963392e+00 6.501698e-02
 -8.378261e-01 2.042223e+00 -1.568739e-01
 -7.047737e-01 2.065241e+00 -3.671417e-01
 -5.458209e-01 2.028435e+00 -5.655980e-01
 -3.810663e-01 1.932471e+00 -7.387255e-01
 -2.350572e-01 1.797223e+00 -8.625069e-01
 1.191598e-01 1.484527e+00 -1.021588e+00
 4.050487e-01 1.386736e+00 -1.237238e+00
 7.467403e-01 1.402818e+00 -1.353505e+00
 1.200324e+00 1.446380e+00 -1.300237e+00
 1.583282e+00 1.420685e+00 -1.052243e+00
 1.828291e+00 1.307815e+00 -6.491481e-01
 1.861818e+00 1.172252e+00 -1.972143e-01
 1.680131e+00 1.037859e+00 2.243570e-01
 1.337269e+00 9.364841e-01 5.103702e-01
 -1.479376e-01 4.597907e-01 8.524877e-01
 -4.165359e-01 3.013754e-01 1.135901e+00
 -5.359900e-01 1.027782e-01 1.361782e+00
 -5.679892e-01 -1.412405e-01 1.549501e+00
 -5.461530e-01 -4.583515e-01 1.665685e+00
 -4.846487e-01 -7.881781e-01 1.671867e+00
 -3.945393e-01 -1.091778e+00 1.574267e+00
 -2.851453e-01 -1.352102e+00 1.374266e+00
 7.838211e-02 -1.781113e+00 7.086702e-01
 2.964026e-01 -1.916761e+00 5.147767e-01
 5.761456e-01 -2.062131e+00 4.107307e-01
 9.053567e-01 -2.120867e+00 3.868439e-01
 1.300444e+00 -2.022791e+00 3.563149e-01
 1.625928e+00 -1.753434e+00 2.947824e-01
 1.805709e+00 -1.367189e+00 2.077132e-01
 1.802916e+00 -8.778475e-01 1.125357e-01
 1.608595e+00 -4.763038e-01 5.236641e-02
 1.267025e+00 -1.976274e-01 3.158550e-02
 6.091825e-01 -3.486785e-02 -1.472090e-02
 2.892740e-01 1.343184e-01 -1.535283e-01
 1.460531e-01 2.236903e-01 -3.165249e-01
 -3.172976e-01 6.395203e-01 -1.408129e+00
 -4.100414e-01 9.164726e-01 -1.698758e+00
 -3.991478e-01 1.282863e+00 -1.892794e+00
 -2.833041e-01 1.674202e+00 -1.958818e+00
 -7.977422e-02 2.024899e+00 -1.889864e+00
 1.781754e-01 2.276489e+00 -1.702441e+00
 4.278734e-01 2.397763e+00 -1.422857e+00
 6.225493e-01 2.387687e+00 -1.081940e+00
 7.596479e-01 2.240695e+00 -7.543404e-01
 8.340313e-01 1.995985e+00 -5.016826e-01
 8.636222e-01 1.695119e+00 -3.546732e-01
 8.590406e-01 1.381592e+00 -3.153759e-01
 8.368740e-01 1.154860e+00 -3.545047e-01
 9.012321e-01 8.888244e-01 -4.706889e-01
 9.983583e-01 6.568899e-01 -6.669961e-01
 1.006624e+00 4.414278e-01 -8.367688e-01
 9.684928e-01 2.252329e-01 -9.464919e-01
 8.935899e-01 1.188086e-03 -1.000195e+00
 7.717705e-01 -2.267541e-01 -1.001286e+00
 6.055030e-01 -4.269059e-01 -9.587109e-01
 4.175427e-01 -5.857190e-01 -8.671756e-01
 2.207332e-01 -7.001360e-01 -7.249139e-01
 -2.027152e-02 -8.116882e-01 -4.375949e-01
 -2.653875e-01 -9.781457e-01 -2.543894e-01
 -5.841941e-01 -1.161545e+00 -2.164815e-01
 -8.508840e-01 -1.399818e+00 -2.975079e-01
 -1.015594e+00 -1.688240e+00 -4.608076e-01
 -1.056246e+00 -1.983638e+00 -6.772454e-01
 -9.636136e-01 -2.255430e+00 -9.192825e-01
 -7.499343e-01 -2.475734e+00 -1.126091e+00
 -4.407716e-01 -2.633308e+00 -1.256108e+00
 -6.805510e-02 -2.695471e+00 -1.303913e+00
 3.121520e-01 -2.637083e+00 -1.272814e+00
 6.422245e-01 -2.465777e+00 -1.163298e+00
 8.738434e-01 -2.206832e+00 -9.871282e-01
 9.714066e-01 -1.901177e+00 -7.676936e-01
 8.798590e-01 -1.329408e+00 -2.823501e-01
 7.948628e-01 -1.115667e+00 1.056660e-01
 8.201271e-01 -1.061612e+00 3.685661e-01
 9.132557e-01 -1.110895e+00 6.458359e-01
 9.449356e-01 -1.274402e+00 9.848831e-01
 9.312417e-01 -1.586872e+00 1.262417e+00
 8.109508e-01 -1.956185e+00 1.412342e+00
 6.123516e-01 -2.321881e+00 1.412406e+00
 3.822183e-01 -2.631869e+00 1.255215e+00
 1.590287e-01 -2.834155e+00 9.663769e-01
 -2.114133e-02 -2.893916e+00 5.942183e-01
 -1.292284e-01 -2.800102e+00 2.014072e-01
 -1.482281e-01 -2.567811e+00 -1.453101e-01
 -3.402182e-02 -1.949646e+00 -5.834421e-01
 -6.500846e-02 -1.740483e+00 -9.049872e-01
 -2.943447e-01 -1.492436e+00 -1.171561e+00
 -5.632942e-01 -1.150796e+00 -1.256813e+00
 -7.783671e-01 -7.215365e-01 -1.136465e+00
 -8.789169e-01 -3.644022e-01 -8.302273e-01
 -8.198138e-01 2.755339e-02 -8.207554e-02
 -8.601056e-01 1.471236e-01 1.102311e-01
 -9.519299e-01 2.427784e-01 2.558313e-01
 -1.099698e+00 3.602730e-01 3.995495e-01
 -1.523988e+00 7.350802e-01 9.402904e-01
 -1.627103e+00 1.002961e+00 1.175430e+00
 -1.620448e+00 1.328503e+00 1.355797e+00
 -1.504691e+00 1.670016e+00 1.455407e+00
 -1.295166e+00 1.982056e+00 1.458141e+00
 -1.020313e+00 2.222302e+00 1.360772e+00
 -7.103388e-01 2.355174e+00 1.177707e+00
 -4.105079e-01 2.352073e+00 9.554253e-01
 -1.532332e-01 2.213951e+00 7.100840e-01
 5.355055e-03 1.966921e+00 4.543995e-01
 2.886407e-02 1.665184e+00 2.197711e-01
 -8.560767e-02 1.356306e+00 4.231208e-02
 -3.096426e-01 1.131963e+00 -8.933621e-02
 -9.547930e-01 9.895871e-01 -4.579655e-01
 -1.336869e+00 8.092613e-01 -5.144912e-01
 -1.673875e+00 4.874527e-01 -4.428553e-01
 -1.837326e+00 1.334469e-01 -2.718375e-01
 -1.820334e+00 -2.275446e-01 -4.199519e-02
 -1.618710e+00 -5.367176e-01 2.346314e-01
 -1.303643e+00 -7.012512e-01 4.743654e-01
 -9.336775e-01 -7.196951e-01 6.381734e-01
 -1.947748e-01 -5.883501e-01 6.882649e-01
 9.500665e-02 -5.492161e-01 8.598666e-01
 3.174624e-01 -4.355375e-01 1.117997e+00
 4.531416e-01 -1.896806e-01 1.414865e+00
 4.518567e-01 1.315087e-01 1.662622e+00
 3.566114e-01 5.101129e-01 1.782878e+00
 1.776933e-01 8.847761e-01 1.755297e+00
 -8.508545e-02 1.178202e+00 1.601825e+00
 -3.747081e-01 1.335423e+00 1.347917e+00
 -7.199947e-01 1.365634e+00 8.583966e-01
 -9.054580e-01 1.507336e+00 6.355950e-01
