 -3.066320e-01 1.694183e+00 -7.144844e-01
 -3.827157e-01 1.625898e+00 -5.247761e-01
 -4.151260e-01 1.611504e+00 -3.236250e-01
 -3.572649e-01 1.574450e+00 1.348900e-02
 -2.000047e-01 1.504504e+00 2.899295e-01
 1.462705e-01 1.224215e+00 6.794631e-01
 2.493012e-01 1.123732e+00 1.004748e+00
 2.148968e-01 9.825407e-01 1.324386e+00
 1.091906e-01 7.095735e-01 1.576201e+00
 1.077861e-02 2.995226e-01 1.695037e+00
 -2.444798e-02 -1.472269e-01 1.625268e+00
 2.672341e-02 -6.613643e-01 1.300240e+00
 9.579158e-03 -9.807349e-01 1.241051e+00
 1.169784e-01 -1.544762e+00 1.330804e+00
 1.110632e-01 -1.961332e+00 1.243077e+00
 1.733894e-02 -2.310347e+00 1.017584e+00
 -1.271803e-01 -2.526861e+00 6.839322e-01
 -2.959398e-01 -2.574745e+00 2.888145e-01
 -4.921801e-01 -2.439071e+00 -8.375998e-02
 -6.783110e-01 -2.144134e+00 -3.513578e-01
 -8.454186e-01 -1.750132e+00 -4.557106e-01
 -9.522912e-01 -1.448360e+00 -3.830778e-01
 -1.073698e+00 -1.286264e+00 -2.877745e-01
 -1.236708e+00 -1.105799e+00 -2.450911e-01
 -1.375603e+00 -7.980733e-01 -2.657074e-01
 -1.374279e+00 -3.765151e-01 -2.985785e-01
 -1.226612e+00 -1.101439e-02 -3.002289e-01
 -9.474164e-01 2.740867e-01 -2.873600e-01
 -2.417172e-01 5.721816e-01 -2.563055e-01
 1.450741e-01 7.427872e-01 -2.998878e-01
 4.194695e-01 1.001713e+00 -3.838904e-01
 6.118060e-01 1.427285e+00 -3.442849e-01
 5.991063e-01 1.866482e+00 -2.625557e-01
 3.794547e-01 2.271830e+00 -2.150504e-01
 4.630794e-03 2.544188e+00 -2.285658e-01
 -4.316867e-01 2.638764e+00 -3.271006e-01
 -8.394935e-01 2.545719e+00 -4.815697e-01
 -1.144586e+00 2.296862e+00 -6.628278e-01
 -1.297972e+00 1.948619e+00 -8.530631e-01
 -1.281417e+00 1.556858e+00 -1.015680e+00
 -1.097021e+00 1.185640e+00 -1.125557e+00
 -7.613480e-01 9.086210e-01 -1.189611e+00
 -3.970209e-01 8.188746e-01 -1.216705e+00
 -1.215993e-01 8.594610e-01 -1.261578e+00
 1.158739e-01 9.151363e-01 -1.387308e+00
 3.105262e-01 8.953574e-01 -1.553296e+00
 5.526988e-01 7.489935e-01 -1.749385e+00
 7.551025e-01 4.935951e-01 -1.900761e+00
 8.959422e-01 2.007552e-01 -1.950998e+00
 1.000210e+00 -1.226501e-01 -1.889324e+00
 1.068128e+00 -4.162651e-01 -1.715850e+00
 1.078622e+00 -6.461903e-01 -1.456246e+00
 1.022533e+00 -7.948831e-01 -1.145865e+00
 9.027841e-01 -8.502967e-01 -8.291659e-01
 6.688890e-01 -7.795752e-01 -3.772888e-01
 6.044304e-01 -7.483681e-01 -1.451996e-01
 5.847845e-01 -7.175191e-01 1.182295e-01
 6.397227e-01 -7.297540e-01 3.330555e-01
 9.800711e-01 -8.569222e-01 9.391515e-01
 1.032965e+00 -8.942196e-01 1.312751e+00
 9.419931e-01 -9.232344e-01 1.687916e+00
 7.158180e-01 -9.444342e-01 2.004558e+00
 3.897516e-01 -9.824006e-01 2.211792e+00
 2.388428e-02 -1.023624e+00 2.276314e+00
 -3.600645e-01 -1.017838e+00 2.198294e+00
 -6.919399e-01 -9.461757e-01 1.991442e+00
 -9.141731e-01 -8.433703e-01 1.681820e+00
 -9.971903e-01 -7.367831e-01 1.311554e+00
 -9.322182e-01 -6.413326e-01 9.513317e-01
 -3.987760e-01 -5.606723e-01 2.777589e-02
 -3.511709e-01 -5.773065e-01 -5.034312e-01
 -6.025603e-01 -6.483789e-01 -9.459675e-01
 -9.568476e-01 -8.341883e-01 -1.213162e+00
 -1.344094e+00 -1.106632e+00 -1.273357e+00
 -1.660428e+00 -1.422129e+00 -1.130547e+00
 -1.846659e+00 -1.706079e+00 -8.257199e-01
 -1.875727e+00 -1.908973e+00 -4.351000e-01
 -1.751671e+00 -2.011411e+00 -4.075655e-02
 -1.511876e+00 -2.003042e+00 2.913992e-01
 -1.195320e+00 -1.904677e+00 5.148726e-01
 -8.492143e-01 -1.747427e+00 5.943639e-01
 -5.495156e-01 -1.599952e+00 5.329150e-01
 -3.130772e-01 -1.550889e+00 4.004347e-01
 -7.307012e-02 -1.568499e+00 3.086050e-01
 5.286769e-01 -1.739839e+00 1.734303e-01
 9.470992e-01 -1.683481e+00 9.784193e-02
 1.303348e+00 -1.473335e+00 4.003208e-02
 1.534207e+00 -1.161464e+00 1.031032e-02
 1.620605e+00 -7.891069e-01 1.983467e-03
 1.543708e+00 -3.551399e-01 6.386059e-03
 1.230643e+00 1.184526e-01 5.951554e-02
 1.163829e+00 4.747195e-01 8.953103e-02
 1.186637e+00 1.034852e+00 3.884454e-01
 1.097781e+00 1.603225e+00 6.375920e-01
 9.211398e-01 1.889686e+00 8.023063e-01
 6.329815e-01 2.086320e+00 9.751478e-01
 2.654303e-01 2.150421e+00 1.132807e+00
 -1.251506e-01 2.054855e+00 1.248957e+00
 -4.650848e-01 1.804450e+00 1.301462e+00
 -7.050886e-01 1.452320e+00 1.246936e+00
 -7.898121e-01 1.058675e+00 1.102271e+00
 -6.819813e-01 6.507165e-01 9.117626e-01
 -4.044499e-01 3.524659e-01 7.473810e-01
 -9.581119e-02 2.248279e-01 6.716676e-01
 1.510328e-01 1.807213e-01 6.564662e-01
 3.757839e-01 1.618895e-01 7.167668e-01
 8.691053e-01 1.575699e-01 1.048198e+00
 1.412174e+00 1.972992e-01 1.083980e+00
 1.887045e+00 3.079631e-01 8.496478e-01
 2.167550e+00 4.615148e-01 4.027686e-01
 2.184631e+00 5.271619e-01 -1.427107e-01
 1.932453e+00 4.924313e-01 -6.309640e-01
 1.471956e+00 4.017928e-01 -9.200937e-01
 5.597913e-01 1.016259e-01 -9.455890e-01
 2.290422e-01 -9.913219e-02 -1.212783e+00
 -2.798201e-02 -1.157274e-01 -1.603166e+00
 -2.690787e-01 1.616818e-01 -2.021067e+00
 -4.107596e-01 6.311359e-01 -2.243241e+00
 -4.887215e-01 1.163693e+00 -2.195441e+00
 -4.650264e-01 1.601950e+00 -1.909927e+00
 -3.646460e-01 1.844189e+00 -1.465935e+00
 -2.781659e-01 1.837513e+00 -1.000783e+00
