 2.436391e-01 6.853008e-01 -2.059247e+00
 2.063453e-01 1.180274e+00 -1.931754e+00
 1.578575e-01 1.495413e+00 -1.634949e+00
 1.570550e-01 1.628658e+00 -1.227943e+00
 2.973609e-01 1.679394e+00 -9.425505e-01
 6.060094e-01 2.020742e+00 -5.095554e-01
 8.491026e-01 2.068363e+00 -8.155211e-02
 1.033395e+00 1.881643e+00 3.596759e-01
 1.126887e+00 1.506064e+00 6.824751e-01
 1.067521e+00 1.073034e+00 8.309804e-01
 8.866045e-01 6.163351e-01 7.771269e-01
 7.002307e-01 3.319443e-01 5.651564e-01
 6.352654e-01 1.759816e-01 3.571982e-01
 7.072815e-01 2.498730e-03 -9.452287e-03
 1.230697e+00 -4.319737e-01 -1.312458e+00
 1.260063e+00 -5.007378e-01 -1.567970e+00
 1.218792e+00 -5.597287e-01 -1.832590e+00
 1.102411e+00 -6.055767e-01 -2.087299e+00
 9.118062e-01 -6.352298e-01 -2.309509e+00
 6.589069e-01 -6.465707e-01 -2.473224e+00
 3.653818e-01 -6.399124e-01 -2.557801e+00
 6.103255e-02 -6.048024e-01 -2.554664e+00
 -2.295209e-01 -5.287240e-01 -2.466236e+00
 -4.655329e-01 -4.172595e-01 -2.303090e+00
 -6.310756e-01 -3.062048e-01 -2.074185e+00
 -7.257906e-01 -2.101538e-01 -1.751314e+00
 -7.256340e-01 -1.840451e-01 -1.441928e+00
 -6.589709e-01 -2.253834e-01 -1.196870e+00
 -5.669342e-01 -3.369205e-01 -9.719818e-01
 -5.453198e-01 -5.795443e-01 -7.157997e-01
 -5.907656e-01 -9.240252e-01 -5.236241e-01
 -6.538992e-01 -1.109254e+00 -3.483618e-01
 -7.121234e-01 -1.255018e+00 -1.015442e-01
 -7.322853e-01 -1.333403e+00 1.598131e-01
 -7.258647e-01 -1.343345e+00 4.327423e-01
 -6.936929e-01 -1.294620e+00 6.574111e-01
 -6.409850e-01 -1.186202e+00 8.507464e-01
 -6.259368e-01 -9.857662e-01 1.057540e+00
 -7.129454e-01 -7.986403e-01 1.215709e+00
 -9.709274e-01 1.416714e-01 1.673436e+00
 -9.260682e-01 5.318691e-01 1.772200e+00
 -7.927488e-01 9.305771e-01 1.726443e+00
 -6.181825e-01 1.223895e+00 1.558405e+00
 -3.859731e-01 1.414435e+00 1.278737e+00
 -1.666190e-01 1.456125e+00 9.485098e-01
 3.066102e-01 1.186957e+00 1.295471e-01
 4.962501e-01 1.092861e+00 -6.590314e-02
 6.701821e-01 1.053680e+00 -1.463726e-01
 1.004295e+00 9.755765e-01 -1.973776e-01
 1.271901e+00 8.354916e-01 -1.647919e-01
 1.505018e+00 6.378921e-01 -3.968421e-02
 1.649354e+00 3.714924e-01 1.360972e-01
 1.672692e+00 8.539030e-02 3.415562e-01
 1.555778e+00 -2.293237e-01 5.943864e-01
 1.316116e+00 -4.479602e-01 8.161562e-01
 9.971222e-01 -5.548145e-01 9.797957e-01
 5.134688e-01 -5.069678e-01 1.184377e+00
 2.461749e-01 -5.185207e-01 1.445782e+00
 1.369161e-01 -5.477103e-01 1.747471e+00
 6.950780e-02 -6.910735e-01 2.056262e+00
 7.942725e-02 -9.128677e-01 2.311454e+00
 1.404123e-01 -1.218486e+00 2.488640e+00
 2.388083e-01 -1.570020e+00 2.549516e+00
 3.408326e-01 -1.916357e+00 2.475482e+00
 4.112594e-01 -2.221148e+00 2.274361e+00
 4.646276e-01 -2.437909e+00 1.963913e+00
 5.019488e-01 -2.525613e+00 1.588991e+00
 5.144896e-01 -2.467936e+00 1.203399e+00
 4.970593e-01 -2.270745e+00 8.642605e-01
 4.490325e-01 -1.962356e+00 6.236287e-01
 2.276782e-01 -9.911730e-01 3.450276e-01
 5.488152e-02 -6.998450e-01 2.910280e-01
 -3.030491e-01 -3.645944e-01 2.917911e-01
 -7.211525e-01 -3.184178e-01 2.962490e-01
 -1.134342e+00 -3.992252e-01 3.648292e-01
 -1.487087e+00 -6.492390e-01 5.550675e-01
 -1.657296e+00 -9.803442e-01 8.513403e-01
 -1.601662e+00 -1.334840e+00 1.202567e+00
 -1.331127e+00 -1.617983e+00 1.492578e+00
 -9.041922e-01 -1.785422e+00 1.658961e+00
 -4.213092e-01 -1.795286e+00 1.668107e+00
 1.728701e-01 -1.550847e+00 1.520072e+00
 4.991601e-01 -1.492855e+00 1.555945e+00
 7.777881e-01 -1.366052e+00 1.696214e+00
 1.007229e+00 -1.085242e+00 1.892550e+00
 1.100063e+00 -7.685180e-01 2.009468e+00
 1.102062e+00 -3.849089e-01 2.031007e+00
 9.969378e-01 -3.075188e-02 1.965079e+00
 7.765603e-01 2.625258e-01 1.846185e+00
 4.774938e-01 4.452562e-01 1.684449e+00
 2.021249e-01 4.860654e-01 1.517505e+00
 -1.763814e-01 4.267509e-01 1.077585e+00
 -3.910391e-01 4.578586e-01 8.889956e-01
 -6.285591e-01 5.468730e-01 7.900419e-01
 -1.121085e+00 7.815776e-01 6.762550e-01
 -1.422114e+00 9.615550e-01 4.315773e-01
 -1.597286e+00 1.107073e+00 7.140896e-02
 -1.626811e+00 1.187156e+00 -3.886500e-01
 -1.502841e+00 1.169324e+00 -7.746375e-01
 -1.243876e+00 1.074494e+00 -1.073840e+00
 -8.579447e-01 9.263534e-01 -1.247914e+00
 -4.673761e-01 7.700451e-01 -1.245551e+00
 -1.081505e-01 6.434602e-01 -1.085250e+00
 2.547369e-01 6.414285e-01 -9.901032e-01
 6.449615e-01 7.168585e-01 -1.107611e+00
 9.679063e-01 9.690911e-01 -1.249302e+00
 1.143123e+00 1.305200e+00 -1.379627e+00
 1.168116e+00 1.690872e+00 -1.481341e+00
 1.036382e+00 2.067680e+00 -1.549004e+00
 7.811432e-01 2.381136e+00 -1.539155e+00
 4.564369e-01 2.584889e+00 -1.437729e+00
 1.090812e-01 2.651630e+00 -1.264119e+00
 -2.093205e-01 2.574040e+00 -1.041518e+00
 -4.537577e-01 2.361472e+00 -8.038028e-01
 -5.905210e-01 2.043626e+00 -5.983420e-01
 -6.052210e-01 1.263601e+00 -2.943150e-01
 -6.281162e-01 9.596692e-01 -2.390380e-01
 -7.006735e-01 7.152136e-01 -2.526305e-01
 -8.662184e-01 4.863397e-01 -3.145591e-01
 -1.365535e+00 9.623186e-02 -5.023664e-01
 -1.546162e+00 -2.518948e-01 -6.658657e-01
 -1.563271e+00 -6.160043e-01 -9.036660e-01
 -1.410994e+00 -9.200321e-01 -1.171639e+00
 -1.124468e+00 -1.123904e+00 -1.390601e+00
 -7.368697e-01 -1.210839e+00 -1.517049e+00
 -3.205543e-01 -1.142174e+00 -1.561723e+00
 3.555625e-02 -9.127677e-01 -1.562496e+00
 2.156547e-01 -6.281889e-01 -1.545157e+00
 2.816078e-01 -2.368204e-01 -1.602343e+00
 3.016758e-01 2.621163e-01 -1.968740e+00
