 -1.838295e+00 1.135306e-01 1.461818e+00
 -1.993841e+00 1.605627e-02 1.326041e+00
 -2.109297e+00 -1.056827e-01 1.155997e+00
 -2.170860e+00 -2.399380e-01 9.606324e-01
 -2.172915e+00 -3.890237e-01 7.527985e-01
 -2.115083e+00 -5.233816e-01 5.546061e-01
 -2.000386e+00 -6.400399e-01 3.684106e-01
 -1.834275e+00 -7.331644e-01 2.064293e-01
 -1.627161e+00 -7.926379e-01 7.652483e-02
 -1.391613e+00 -8.146541e-01 -1.217814e-02
 -1.156214e+00 -7.994451e-01 -5.041281e-02
 -9.051126e-01 -7.756425e-01 -2.845555e-02
 -7.170190e-01 -7.844564e-01 -3.267752e-02
 -4.792076e-01 -8.190982e-01 -8.244638e-02
 -2.322655e-01 -9.798769e-01 -1.547790e-01
 -1.618927e-02 -1.237435e+00 -2.029642e-01
 1.891430e-01 -1.732372e+00 -3.302195e-01
 3.785677e-01 -2.030397e+00 -5.939342e-01
 5.814236e-01 -2.169185e+00 -9.612014e-01
 7.562288e-01 -2.123384e+00 -1.363185e+00
 8.682497e-01 -1.903493e+00 -1.727023e+00
 9.002910e-01 -1.517256e+00 -2.011051e+00
 8.507847e-01 -1.116449e+00 -2.099263e+00
 7.104827e-01 -6.638827e-01 -1.997421e+00
 5.290176e-01 -3.545929e-01 -1.756603e+00
 3.882697e-01 -1.918929e-01 -1.418179e+00
 3.398557e-01 -6.172640e-02 -1.272194e+00
 2.311369e-01 1.317887e-01 -1.143226e+00
 -5.271470e-02 6.174513e-01 -9.887622e-01
 -4.323285e-01 1.445436e+00 -6.939647e-01
 -4.947911e-01 1.760146e+00 -4.502528e-01
 -4.485960e-01 1.994174e+00 -1.239489e-01
 -2.926451e-01 2.115434e+00 2.403643e-01
 -6.549021e-02 2.101799e+00 5.687262e-01
 2.011039e-01 1.951134e+00 8.334432e-01
 4.220862e-01 1.700675e+00 9.833130e-01
 6.347737e-01 1.357339e+00 1.003783e+00
 7.846545e-01 1.048664e+00 8.767193e-01
 9.429610e-01 8.685344e-01 6.731334e-01
 1.379229e+00 4.972911e-01 4.786677e-01
 1.545817e+00 2.864472e-01 2.984029e-01
 1.646912e+00 8.094207e-02 2.435306e-02
 1.658083e+00 -6.643972e-02 -2.676244e-01
 1.583955e+00 -1.394592e-01 -5.153316e-01
 1.424114e+00 -1.249884e-01 -8.031053e-01
 1.341168e+00 -3.517939e-02 -1.042340e+00
 1.327417e+00 1.454022e-01 -1.289664e+00
 1.263118e+00 3.372392e-01 -1.444922e+00
 1.056240e+00 5.484364e-01 -1.661076e+00
 7.600759e-01 6.625404e-01 -1.853359e+00
 4.173897e-01 6.552165e-01 -2.003273e+00
 7.800080e-02 5.324751e-01 -2.078227e+00
 -2.275381e-01 3.318584e-01 -2.041897e+00
 -4.805687e-01 7.404872e-02 -1.880175e+00
 -6.134724e-01 -1.950081e-01 -1.626762e+00
 -5.989804e-01 -4.580143e-01 -1.337061e+00
 -6.229356e-01 -6.034307e-01 -1.204062e+00
 -7.152517e-01 -7.848624e-01 -1.074567e+00
 -8.498856e-01 -1.155833e+00 -9.789040e-01
 -8.811192e-01 -1.520559e+00 -7.384777e-01
 -8.998494e-01 -1.738127e+00 -3.835636e-01
 -8.546413e-01 -1.795925e+00 2.592118e-02
 -7.018747e-01 -1.703170e+00 4.204897e-01
 -5.016094e-01 -1.449288e+00 7.304445e-01
 -2.555061e-01 -8.564294e-01 9.975883e-01
 -2.016081e-01 -5.359884e-01 1.548954e+00
 -1.456711e-01 7.156102e-02 2.079429e+00
 -1.945999e-01 4.108684e-01 2.226024e+00
 -3.303246e-01 7.598402e-01 2.265496e+00
 -5.364712e-01 1.068253e+00 2.191187e+00
 -7.867869e-01 1.292089e+00 2.012813e+00
 -1.048089e+00 1.398047e+00 1.755015e+00
 -1.282996e+00 1.369110e+00 1.456715e+00
 -1.444726e+00 1.216588e+00 1.142032e+00
 -1.503136e+00 9.510729e-01 8.458006e-01
 -1.455038e+00 6.075068e-01 6.418741e-01
 -1.342477e+00 2.435395e-01 5.776341e-01
 -1.222178e+00 -5.667895e-02 6.567163e-01
 -1.165307e+00 -2.470887e-01 7.911948e-01
 -1.175526e+00 -4.251416e-01 9.137557e-01
 -1.259014e+00 -7.066888e-01 1.187456e+00
 -1.181744e+00 -1.000359e+00 1.480190e+00
 -9.612395e-01 -1.268056e+00 1.692586e+00
 -6.377645e-01 -1.468741e+00 1.797697e+00
 -2.586548e-01 -1.578547e+00 1.782786e+00
 1.233905e-01 -1.579807e+00 1.650622e+00
 4.483576e-01 -1.473288e+00 1.417824e+00
 6.540038e-01 -1.294307e+00 1.123867e+00
 7.231341e-01 -1.077140e+00 8.366844e-01
 7.195533e-01 -3.803454e-01 5.559077e-02
 6.603880e-01 -1.379227e-01 -1.115681e-01
 6.453215e-01 7.101566e-02 -1.727926e-01
 6.928144e-01 3.168206e-01 -2.569170e-01
 8.066462e-01 5.466973e-01 -3.669717e-01
 1.044297e+00 7.582672e-01 -4.606000e-01
 1.380551e+00 8.745349e-01 -5.660137e-01
 1.721726e+00 8.611831e-01 -6.825120e-01
 2.006475e+00 7.358537e-01 -8.179907e-01
 2.213202e+00 5.249248e-01 -9.677568e-01
 2.330465e+00 2.415183e-01 -1.112497e+00
 2.348207e+00 -9.896108e-02 -1.232886e+00
 2.262273e+00 -4.136387e-01 -1.302736e+00
 2.085474e+00 -6.906555e-01 -1.327291e+00
 1.839774e+00 -9.032741e-01 -1.304104e+00
 1.556365e+00 -1.030960e+00 -1.236484e+00
 9.155449e-01 -1.095011e+00 -1.059832e+00
 5.532969e-01 -1.144526e+00 -1.092366e+00
 2.298299e-01 -1.225079e+00 -1.257938e+00
 -7.066995e-02 -1.342511e+00 -1.643446e+00
 -3.258986e-01 -1.319205e+00 -1.866258e+00
 -6.599935e-01 -1.237631e+00 -2.000501e+00
 -1.004177e+00 -1.106160e+00 -2.010339e+00
 -1.303301e+00 -9.412279e-01 -1.899588e+00
 -1.518122e+00 -7.278423e-01 -1.698631e+00
 -1.613913e+00 -4.805099e-01 -1.449952e+00
 -1.582195e+00 -2.475257e-01 -1.165311e+00
 -1.427727e+00 -6.696158e-02 -8.807484e-01
 -8.523936e-01 1.781647e-01 -3.456732e-01
 -6.291063e-01 2.118778e-01 -1.406354e-01
 -4.628735e-01 1.903319e-01 3.880898e-02
 -2.319731e-01 8.071628e-02 3.732139e-01
 6.184716e-01 9.351592e-02 1.248333e+00
 8.848200e-01 1.886910e-01 1.434893e+00
 1.148007e+00 3.652097e-01 1.546160e+00
 1.381441e+00 5.937326e-01 1.566490e+00
 1.570445e+00 8.445824e-01 1.493117e+00
 1.693108e+00 1.100743e+00 1.339498e+00
 1.731323e+00 1.339997e+00 1.131482e+00
 1.684369e+00 1.538935e+00 8.932684e-01
 1.562124e+00 1.679628e+00 6.484760e-01
 1.381148e+00 1.751792e+00 4.191467e-01
 1.161663e+00 1.752912e+00 2.234568e-01
 9.322506e-01 1.688869e+00 7.913505e-02
 6.814689e-01 1.582891e+00 -1.296335e-03
 4.250896e-01 1.420339e+00 -1.112318e-02
 2.631786e-01 1.281295e+00 4.043553e-02
 1.874211e-01 1.220645e+00 8.423174e-02
 9.116332e-02 1.171464e+00 1.485772e-01
 -9.867043e-02 1.103900e+00 3.342560e-01
 -2.022842e-01 1.092158e+00 4.629732e-01
 -3.233809e-01 1.045002e+00 6.952835e-01
 -4.139349e-01 9.671039e-01 8.727658e-01
 -4.857791e-01 8.591661e-01 1.027562e+00
 -5.925798e-01 6.480455e-01 1.225387e+00
 -7.549080e-01 4.881029e-01 1.374765e+00
 -9.498193e-01 4.048150e-01 1.524963e+00
 -1.147859e+00 3.541541e-01 1.601236e+00
 -1.394230e+00 2.859471e-01 1.615153e+00
 -1.620460e+00 2.095229e-01 1.569872e+00
