 6.002745e-01 1.280770e+00 1.248867e+00
 4.137093e-01 1.450521e+00 1.727178e+00
 7.248599e-02 1.390882e+00 2.142307e+00
 -3.133922e-01 1.085210e+00 2.411348e+00
 -6.420242e-01 6.381673e-01 2.415067e+00
 -8.713607e-01 2.077522e-01 2.128741e+00
 -8.972263e-01 -9.316762e-02 1.649578e+00
 -7.013761e-01 -2.016415e-01 1.219632e+00
 -4.377090e-01 -4.233390e-01 8.553412e-01
 -3.325402e-01 -6.499093e-01 7.260352e-01
 -2.740918e-01 -1.216519e+00 7.062195e-01
 -3.215519e-01 -1.597581e+00 7.908093e-01
 -4.513511e-01 -1.930657e+00 7.686538e-01
 -6.085697e-01 -2.240740e+00 6.129511e-01
 -7.526404e-01 -2.464940e+00 3.449981e-01
 -8.570976e-01 -2.577479e+00 -4.057921e-03
 -8.988824e-01 -2.563876e+00 -3.784932e-01
 -9.019103e-01 -2.416017e+00 -7.233101e-01
 -9.039696e-01 -2.143386e+00 -9.944557e-01
 -8.892900e-01 -1.785486e+00 -1.144863e+00
 -8.399847e-01 -1.397462e+00 -1.153237e+00
 -7.436344e-01 -1.057702e+00 -1.029789e+00
 -6.602653e-01 -8.607086e-01 -9.948972e-01
 -6.020864e-01 -6.893693e-01 -1.008701e+00
 -5.301675e-01 -5.506439e-01 -1.047487e+00
 -4.304550e-01 -4.041669e-01 -1.115553e+00
 -3.398635e-01 -2.959366e-01 -1.194201e+00
 -1.765610e-01 -1.560848e-01 -1.337376e+00
 -3.609670e-02 -2.785478e-02 -1.414900e+00
 1.030289e-01 1.143608e-01 -1.454179e+00
 3.541515e-01 3.733747e-01 -1.453523e+00
 5.603643e-01 5.539922e-01 -1.381020e+00
 8.261407e-01 7.639835e-01 -1.185151e+00
 9.631404e-01 9.537707e-01 -1.083107e+00
 1.091344e+00 1.180227e+00 -1.046469e+00
 1.136851e+00 1.451270e+00 -1.020326e+00
 1.098151e+00 1.724665e+00 -9.693056e-01
 1.005810e+00 1.953379e+00 -8.872972e-01
 8.712405e-01 2.138619e+00 -7.664957e-01
 7.073400e-01 2.268768e+00 -6.157639e-01
 5.263280e-01 2.337797e+00 -4.345094e-01
 3.409597e-01 2.336264e+00 -2.372104e-01
 1.553730e-01 2.257459e+00 -1.797133e-02
 1.756892e-03 2.113812e+00 1.629527e-01
 -1.211066e-01 1.914740e+00 3.040093e-01
 -2.048655e-01 1.676643e+00 3.979321e-01
 -2.425388e-01 1.429457e+00 4.390918e-01
 -2.619928e-01 1.159808e+00 4.155979e-01
 -3.194458e-01 9.263002e-01 4.051111e-01
 -4.042331e-01 7.485278e-01 4.145749e-01
 -4.992828e-01 6.370174e-01 4.253459e-01
 -7.007408e-01 4.900595e-01 4.274603e-01
 -9.596790e-01 3.813187e-01 4.226386e-01
 -1.550741e+00 2.810242e-01 4.079477e-01
 -1.853547e+00 1.204755e-01 3.585300e-01
 -2.082037e+00 -1.233101e-01 2.771777e-01
 -2.224022e+00 -4.529337e-01 1.739136e-01
 -2.238721e+00 -7.735274e-01 7.430858e-02
 -2.139930e+00 -1.066964e+00 -3.683601e-02
 -1.929057e+00 -1.323207e+00 -1.350543e-01
 -1.634093e+00 -1.511013e+00 -1.827270e-01
 -1.300765e+00 -1.600223e+00 -1.748592e-01
 -7.875624e-01 -1.562046e+00 -1.378888e-01
 -4.871856e-01 -1.632507e+00 -2.124565e-01
 -1.044803e-01 -1.881708e+00 -2.422416e-01
 2.531178e-01 -1.958983e+00 -2.678383e-01
 6.260594e-01 -1.902794e+00 -3.133384e-01
 9.626587e-01 -1.714419e+00 -3.852752e-01
 1.190549e+00 -1.433102e+00 -4.619594e-01
 1.292951e+00 -1.082218e+00 -5.176524e-01
 1.253827e+00 -7.054754e-01 -5.642857e-01
 1.071349e+00 -3.543255e-01 -6.052582e-01
 8.308728e-01 -1.368427e-01 -6.121131e-01
 2.325553e-01 2.004826e-01 -4.237595e-01
 -4.584685e-01 6.294669e-01 -5.956643e-01
 -7.476605e-01 8.767059e-01 -5.380939e-01
 -1.010105e+00 1.112623e+00 -3.269190e-01
 -1.191491e+00 1.293839e+00 1.207186e-02
 -1.264831e+00 1.358543e+00 3.941954e-01
 -1.214937e+00 1.311403e+00 7.672127e-01
 -9.955563e-01 1.181128e+00 1.141487e+00
 -6.559171e-01 9.861372e-01 1.380543e+00
 -2.304392e-01 6.812593e-01 1.442437e+00
 -9.365762e-03 4.903871e-01 1.593853e+00
 3.253454e-01 3.400556e-01 1.960090e+00
 5.585913e-01 1.867133e-01 2.119513e+00
 7.782352e-01 -1.401231e-02 2.199098e+00
 9.694221e-01 -2.474476e-01 2.199290e+00
 1.120847e+00 -4.775203e-01 2.117018e+00
 1.234162e+00 -6.885113e-01 1.957436e+00
 1.291454e+00 -8.785743e-01 1.732537e+00
 1.281284e+00 -1.027011e+00 1.467800e+00
 1.206711e+00 -1.118126e+00 1.162757e+00
 1.076163e+00 -1.132484e+00 8.839779e-01
 4.565747e-01 -9.384479e-01 4.902484e-02
 3.369030e-01 -9.329872e-01 -1.721262e-01
 2.713101e-01 -9.462995e-01 -3.801818e-01
 2.630892e-01 -9.755448e-01 -5.446222e-01
 3.388134e-01 -1.075539e+00 -9.290569e-01
 2.787974e-01 -1.117973e+00 -1.301889e+00
 9.699841e-02 -1.112990e+00 -1.626282e+00
 -1.705767e-01 -1.033911e+00 -1.875704e+00
 -4.839459e-01 -8.970952e-01 -2.006050e+00
 -8.358594e-01 -7.520555e-01 -1.999103e+00
 -1.156347e+00 -6.279087e-01 -1.859974e+00
 -1.402532e+00 -5.311712e-01 -1.616794e+00
 -1.549636e+00 -4.621285e-01 -1.301849e+00
 -1.584269e+00 -4.285512e-01 -9.551227e-01
 -1.508053e+00 -4.337141e-01 -6.255415e-01
 -1.247890e+00 -5.573702e-01 -1.499171e-01
 -1.207023e+00 -6.479817e-01 1.780966e-01
 -1.322438e+00 -8.141573e-01 5.286911e-01
 -1.298613e+00 -1.015604e+00 9.163309e-01
 -1.141153e+00 -1.127611e+00 1.268721e+00
 -8.619590e-01 -1.160631e+00 1.551989e+00
 -5.058591e-01 -1.091587e+00 1.705303e+00
 -1.220583e-01 -9.181753e-01 1.723155e+00
 2.757578e-01 -6.730026e-01 1.556861e+00
 5.093279e-01 -3.919977e-01 1.282617e+00
 6.118044e-01 -2.978065e-01 1.227030e+00
 8.433490e-01 -1.444756e-01 1.192226e+00
 1.165443e+00 4.994167e-02 1.225831e+00
 1.396112e+00 3.012303e-01 1.202761e+00
 1.553373e+00 5.859145e-01 1.102812e+00
 1.624421e+00 9.224207e-01 9.250655e-01
 1.580413e+00 1.188251e+00 7.313774e-01
 1.441834e+00 1.384521e+00 5.247011e-01
 1.220523e+00 1.497162e+00 3.030038e-01
 9.308176e-01 1.498555e+00 6.004771e-02
 5.007552e-01 1.318600e+00 -2.382318e-01
 3.026577e-01 1.338150e+00 -4.203911e-01
 1.596718e-01 1.420242e+00 -6.661538e-01
 1.038028e-01 1.489536e+00 -1.004907e+00
 1.697296e-01 1.535931e+00 -1.350474e+00
 3.431195e-01 1.535572e+00 -1.651821e+00
 5.666269e-01 1.476856e+00 -1.869840e+00
 8.342937e-01 1.349764e+00 -2.018694e+00
 1.113792e+00 1.188152e+00 -2.066917e+00
 1.380411e+00 1.013292e+00 -2.012536e+00
 1.608401e+00 8.451335e-01 -1.863911e+00
 1.776050e+00 6.988416e-01 -1.638783e+00
 1.868590e+00 5.865850e-01 -1.360830e+00
 1.878571e+00 5.169770e-01 -1.057323e+00
 1.806746e+00 4.949044e-01 -7.601478e-01
 1.415384e+00 5.119566e-01 -9.027050e-02
 9.104475e-01 4.898446e-01 3.216164e-01
 7.027672e-01 5.999826e-01 5.073000e-01
 6.150239e-01 8.231900e-01 7.731179e-01
