 2.548237e-01 -1.585262e+00 -2.078143e-01
 2.826428e-01 -1.929660e+00 -4.271146e-01
 1.638705e-01 -2.316879e+00 -5.533640e-01
 -9.624725e-02 -2.626454e+00 -6.091949e-01
 -4.700125e-01 -2.820171e+00 -6.130498e-01
 -8.704832e-01 -2.861296e+00 -5.570216e-01
 -1.243176e+00 -2.756502e+00 -4.373215e-01
 -1.529550e+00 -2.523955e+00 -2.738008e-01
 -1.686001e+00 -2.201979e+00 -9.298849e-02
 -1.690806e+00 -1.840764e+00 7.719648e-02
 -1.546161e+00 -1.498241e+00 2.098292e-01
 -1.030343e+00 -9.365446e-01 3.136696e-01
 -8.182327e-01 -5.620596e-01 2.318802e-01
 -7.141772e-01 -1.988318e-01 2.933379e-02
 -7.327560e-01 -1.220132e-02 -1.677788e-01
 -1.007418e+00 2.651746e-01 -4.584383e-01
 -1.363283e+00 4.531384e-01 -6.753952e-01
 -1.606634e+00 7.349017e-01 -7.933678e-01
 -1.738102e+00 1.101320e+00 -8.536579e-01
 -1.729079e+00 1.509994e+00 -8.611268e-01
 -1.574114e+00 1.873058e+00 -8.260659e-01
 -1.308082e+00 2.137445e+00 -7.400095e-01
 -9.742012e-01 2.283505e+00 -5.786792e-01
 -6.272846e-01 2.281633e+00 -3.562321e-01
 -3.208418e-01 2.121491e+00 -1.395929e-01
 -7.628177e-02 1.811120e+00 3.172645e-02
 8.860514e-02 1.685030e+00 1.213193e-01
 2.560966e-01 1.624433e+00 2.114354e-01
 7.398776e-01 1.613521e+00 5.361666e-01
 1.080904e+00 1.431399e+00 7.268795e-01
 1.329963e+00 1.100865e+00 8.427460e-01
 1.432216e+00 7.032472e-01 8.489878e-01
 1.450609e+00 3.165182e-01 7.030361e-01
 1.476354e+00 1.136224e-01 4.752211e-01
 1.552261e+00 -1.873506e-02 2.966640e-01
 1.715431e+00 -1.570223e-01 -3.283818e-02
 1.751372e+00 -3.083879e-01 -3.183024e-01
 1.691878e+00 -5.022662e-01 -5.783115e-01
 1.546244e+00 -6.961350e-01 -7.752438e-01
 1.299112e+00 -8.639519e-01 -9.357919e-01
 9.926063e-01 -9.574003e-01 -1.031371e+00
 6.535220e-01 -9.813963e-01 -1.043001e+00
 8.687869e-02 -8.910865e-01 -9.174077e-01
 -2.490197e-01 -8.689961e-01 -7.779584e-01
 -5.025867e-01 -8.329293e-01 -7.445128e-01
 -8.185185e-01 -8.147354e-01 -7.806470e-01
 -1.096759e+00 -7.766416e-01 -7.373133e-01
 -1.406526e+00 -6.766667e-01 -6.096298e-01
 -1.600949e+00 -5.600590e-01 -4.541735e-01
 -1.717504e+00 -4.412617e-01 -2.636963e-01
 -1.760514e+00 -3.101906e-01 -7.787781e-02
 -1.736525e+00 -1.046804e-01 1.606252e-01
 -1.627213e+00 1.100552e-01 3.580965e-01
 -1.447148e+00 3.271691e-01 4.943739e-01
 -1.204137e+00 5.192605e-01 5.650669e-01
 -8.402187e-01 6.817402e-01 5.856933e-01
 -6.891595e-01 8.052944e-01 6.476068e-01
 -5.073449e-01 1.085335e+00 7.854490e-01
 -3.770536e-01 1.599994e+00 1.022069e+00
 -2.471147e-01 1.946069e+00 1.047183e+00
 -6.012700e-02 2.266136e+00 9.483449e-01
 1.468804e-01 2.501531e+00 7.471906e-01
 3.553711e-01 2.618652e+00 4.929593e-01
 5.315174e-01 2.621735e+00 2.070351e-01
 6.542655e-01 2.518326e+00 -9.063585e-02
 7.102758e-01 2.311954e+00 -3.834317e-01
 6.916342e-01 2.082928e+00 -5.896040e-01
 6.213097e-01 1.821124e+00 -7.273440e-01
 5.089239e-01 1.561171e+00 -7.882761e-01
 1.218878e-01 7.705223e-01 -7.243133e-01
 -5.356522e-02 5.350158e-01 -8.092353e-01
 -1.417968e-01 3.245603e-01 -9.764488e-01
 -3.873625e-01 -2.193602e-01 -1.550338e+00
 -4.537020e-01 -4.660102e-01 -1.692209e+00
 -4.989550e-01 -7.457864e-01 -1.758874e+00
 -5.349266e-01 -1.043812e+00 -1.741659e+00
 -5.754292e-01 -1.320833e+00 -1.639051e+00
 -6.223908e-01 -1.555554e+00 -1.459375e+00
 -6.727995e-01 -1.726609e+00 -1.218062e+00
 -7.209992e-01 -1.814166e+00 -9.492079e-01
 -7.422143e-01 -1.841595e+00 -3.600488e-01
 -6.802677e-01 -1.993810e+00 -3.803111e-02
 -5.530951e-01 -2.132958e+00 1.624506e-01
 -3.516627e-01 -2.239460e+00 3.281087e-01
 -1.110559e-01 -2.290975e+00 4.527561e-01
 1.635825e-01 -2.281890e+00 5.389308e-01
 4.150911e-01 -2.209365e+00 5.748815e-01
 6.543284e-01 -2.057541e+00 5.946266e-01
 8.482828e-01 -1.851499e+00 5.749988e-01
 9.937675e-01 -1.611110e+00 4.989332e-01
 1.069643e+00 -1.354880e+00 3.806182e-01
 1.068226e+00 -1.100295e+00 2.317563e-01
 9.958774e-01 -8.896488e-01 8.064853e-02
 7.814439e-01 -5.926465e-01 -9.773710e-02
 7.293627e-01 -2.923124e-01 -2.819215e-01
 7.599291e-01 -8.135382e-02 -5.565840e-01
 8.598482e-01 1.127688e-01 -1.004245e+00
 8.258677e-01 2.984741e-01 -1.294149e+00
 6.925194e-01 5.112063e-01 -1.527790e+00
 4.698388e-01 7.114840e-01 -1.688890e+00
 1.973447e-01 8.873768e-01 -1.750450e+00
 -9.295646e-02 1.040199e+00 -1.702204e+00
 -3.613775e-01 1.167368e+00 -1.548022e+00
 -5.738564e-01 1.263002e+00 -1.302057e+00
 -7.028703e-01 1.311380e+00 -9.967528e-01
 -7.701518e-01 1.278613e+00 -5.345433e-01
 -9.151634e-01 1.291325e+00 -2.706541e-01
 -1.205245e+00 1.489729e+00 8.724872e-02
 -1.357563e+00 1.547291e+00 4.165706e-01
 -1.443058e+00 1.506337e+00 7.438993e-01
 -1.448884e+00 1.386320e+00 1.056880e+00
 -1.369832e+00 1.185323e+00 1.330329e+00
 -1.224437e+00 9.226189e-01 1.516576e+00
 -1.031628e+00 6.297054e-01 1.592306e+00
 -8.234738e-01 3.306174e-01 1.542778e+00
 -6.247394e-01 8.594987e-02 1.379630e+00
 -3.589036e-01 -1.209307e-01 1.047404e+00
 -1.183060e-01 -2.255068e-01 8.817153e-01
 1.045944e-01 -2.966381e-01 7.997260e-01
 2.502108e-01 -3.303187e-01 7.916306e-01
 4.640969e-01 -3.820547e-01 8.346229e-01
 1.175754e+00 -5.885352e-01 1.145566e+00
 1.512919e+00 -5.941264e-01 1.204555e+00
 1.844570e+00 -5.141262e-01 1.186687e+00
 2.132835e+00 -3.574696e-01 1.095527e+00
 2.345437e+00 -1.419676e-01 9.432500e-01
 2.459828e+00 1.085575e-01 7.485809e-01
 2.464800e+00 3.661415e-01 5.341405e-01
 2.363087e+00 5.982502e-01 3.231226e-01
 2.166887e+00 7.765293e-01 1.194565e-01
 1.899505e+00 8.771035e-01 -4.989404e-02
 1.585468e+00 9.088359e-01 -1.461420e-01
 1.271993e+00 8.751919e-01 -1.597826e-01
 9.619118e-01 8.017849e-01 -7.374561e-02
 6.685658e-01 6.573507e-01 1.283738e-01
 5.062355e-01 5.966223e-01 4.066120e-01
 4.025181e-01 6.638251e-01 7.587156e-01
 4.255839e-01 6.442437e-01 1.048218e+00
 4.260951e-01 4.471228e-01 1.439460e+00
 3.780232e-01 1.163562e-01 1.726943e+00
 2.888516e-01 -2.127113e-01 1.838386e+00
 1.683743e-01 -5.666897e-01 1.806064e+00
 6.502528e-02 -9.227607e-01 1.610266e+00
 -6.977740e-04 -1.183802e+00 1.295212e+00
 -3.524378e-02 -1.299384e+00 9.298018e-01
 2.307559e-02 -1.281163e+00 3.394148e-01
 1.317623e-01 -1.399997e+00 -4.363412e-03
