 -1.600899e+00 -1.477379e+00 -8.981329e-01
 -1.862987e+00 -1.239872e+00 -7.111021e-01
 -1.993796e+00 -9.162387e-01 -5.134506e-01
 -1.965327e+00 -5.569070e-01 -3.114082e-01
 -1.776116e+00 -2.288404e-01 -1.424154e-01
 -1.457187e+00 9.931159e-03 -3.586253e-02
 -1.062296e+00 1.089420e-01 1.381437e-02
 -5.932525e-01 3.179790e-02 2.067929e-02
 -2.559713e-01 -2.315113e-01 -2.086828e-02
 -4.702032e-02 -6.029919e-01 6.415307e-02
 9.946236e-03 -1.283164e+00 1.742201e-01
 1.207862e-01 -1.623769e+00 3.739946e-01
 3.300234e-01 -1.853606e+00 6.571311e-01
 6.192517e-01 -1.929190e+00 9.831334e-01
 9.042996e-01 -1.832169e+00 1.272797e+00
 1.143208e+00 -1.580542e+00 1.485920e+00
 1.333312e+00 -1.179942e+00 1.587795e+00
 1.408428e+00 -7.701813e-01 1.551218e+00
 1.362001e+00 -3.810736e-01 1.395258e+00
 1.205396e+00 -8.359108e-02 1.142336e+00
 5.612710e-01 3.208638e-01 4.061562e-01
 4.453720e-01 4.171549e-01 2.988594e-01
 3.205281e-01 5.775454e-01 1.515338e-01
 2.668421e-01 7.154675e-01 7.152911e-02
 2.166195e-01 1.070483e+00 -1.630207e-02
 1.768050e-01 1.385176e+00 -2.132507e-01
 8.978943e-02 1.573607e+00 -4.188898e-01
 -3.801208e-02 1.681882e+00 -6.540347e-01
 -1.869201e-01 1.697796e+00 -9.242250e-01
 -3.301483e-01 1.611341e+00 -1.192525e+00
 -4.436580e-01 1.435763e+00 -1.434710e+00
 -5.269250e-01 1.165821e+00 -1.641296e+00
 -5.696352e-01 8.848817e-01 -1.748148e+00
 -5.742704e-01 5.835379e-01 -1.775179e+00
 -5.062358e-01 9.944344e-02 -1.692176e+00
 -4.462227e-01 -1.530843e-01 -1.709780e+00
 -3.868299e-01 -3.907456e-01 -1.802041e+00
 -1.609788e-01 -6.742018e-01 -1.934531e+00
 2.065618e-01 -9.309052e-01 -1.920557e+00
 5.913511e-01 -1.078575e+00 -1.714805e+00
 8.903672e-01 -1.108017e+00 -1.341390e+00
 1.036224e+00 -1.002202e+00 -8.646751e-01
 1.037065e+00 -6.836071e-01 -4.110417e-01
 1.167139e+00 -4.268845e-01 -1.517281e-01
 1.400177e+00 -2.893582e-01 1.969501e-02
 1.675158e+00 -1.065685e-01 8.924079e-02
 1.969017e+00 1.485505e-01 8.895091e-03
 2.150727e+00 3.873719e-01 -1.668727e-01
 2.216236e+00 6.717672e-01 -4.184948e-01
 2.127104e+00 9.580720e-01 -6.767303e-01
 1.885814e+00 1.199628e+00 -9.100058e-01
 1.538296e+00 1.321706e+00 -1.097311e+00
 1.140289e+00 1.306371e+00 -1.206186e+00
 7.556624e-01 1.159686e+00 -1.215025e+00
 3.150003e-01 8.218526e-01 -1.065811e+00
 -3.000392e-02 6.568643e-01 -9.137604e-01
 -2.192395e-01 6.403776e-01 -8.278727e-01
 -4.554079e-01 7.267260e-01 -7.010405e-01
 -6.426253e-01 8.743131e-01 -5.510918e-01
 -7.611035e-01 1.019124e+00 -3.574908e-01
 -9.461768e-01 1.534122e+00 2.945221e-01
 -9.794249e-01 1.652088e+00 6.069483e-01
 -9.721876e-01 1.671385e+00 9.384590e-01
 -9.420310e-01 1.587474e+00 1.251603e+00
 -8.775588e-01 1.397007e+00 1.541906e+00
 -7.980356e-01 1.161607e+00 1.722957e+00
 -7.252695e-01 9.205032e-01 1.802358e+00
 -6.837841e-01 6.434548e-01 1.814211e+00
 -7.293544e-01 4.226687e-01 1.795111e+00
 -7.933446e-01 2.042565e-01 1.830615e+00
 -7.670371e-01 -1.144402e-01 1.924712e+00
 -5.910908e-01 -4.622832e-01 1.972989e+00
 -3.485240e-01 -7.413996e-01 1.901574e+00
 -6.035334e-02 -9.448150e-01 1.698072e+00
 2.279686e-01 -1.008769e+00 1.416681e+00
 5.523696e-01 -8.941350e-01 9.763596e-01
 7.350085e-01 -9.208566e-01 7.942688e-01
 9.130754e-01 -9.964922e-01 6.656957e-01
 1.255015e+00 -1.208956e+00 4.987374e-01
 1.563398e+00 -1.277655e+00 2.702328e-01
 1.822490e+00 -1.221286e+00 -1.045916e-02
 1.989612e+00 -1.055215e+00 -3.076627e-01
 2.054042e+00 -7.867677e-01 -5.899937e-01
 1.981939e+00 -5.116948e-01 -8.055921e-01
 1.770204e+00 -1.815407e-01 -9.533229e-01
 1.492711e+00 1.615749e-01 -9.246992e-01
 1.287203e+00 3.694837e-01 -7.653205e-01
 1.168649e+00 5.787881e-01 -4.749120e-01
 1.248697e+00 9.264316e-01 -9.588956e-02
 1.222042e+00 1.085402e+00 2.368286e-01
 1.041217e+00 1.205118e+00 5.809977e-01
 7.492798e-01 1.224234e+00 8.492343e-01
 3.764240e-01 1.152836e+00 1.006260e+00
 -2.753253e-02 1.016413e+00 1.008885e+00
 -4.337402e-01 8.111785e-01 8.323523e-01
 -7.152008e-01 6.824660e-01 8.022030e-01
 -1.085031e+00 6.498428e-01 8.622662e-01
 -1.439662e+00 6.542433e-01 1.096297e+00
 -1.667230e+00 6.732791e-01 1.467428e+00
 -1.717526e+00 6.738320e-01 1.909388e+00
 -1.577615e+00 6.524400e-01 2.328885e+00
 -1.286459e+00 5.930676e-01 2.645206e+00
 -9.001999e-01 5.010808e-01 2.808460e+00
 -4.857321e-01 3.990882e-01 2.793796e+00
 -1.155392e-01 3.027091e-01 2.607085e+00
 1.431064e-01 2.195924e-01 2.285254e+00
 2.458086e-01 1.356712e-01 1.894794e+00
 1.762555e-01 5.302765e-02 1.504080e+00
 1.034707e-02 -1.963269e-02 1.262490e+00
 -9.248551e-02 -7.228629e-02 1.155092e+00
 -2.935206e-01 -2.033970e-01 1.020328e+00
 -5.788101e-01 -4.405231e-01 9.350833e-01
 -7.393305e-01 -5.897561e-01 8.228901e-01
 -8.779713e-01 -7.243403e-01 6.507531e-01
 -9.888190e-01 -8.455067e-01 4.029433e-01
 -1.028861e+00 -9.036078e-01 1.784651e-01
 -1.018171e+00 -9.173908e-01 -8.376757e-02
 -9.887730e-01 -8.644118e-01 -3.304050e-01
 -9.778716e-01 -7.848877e-01 -4.811583e-01
 -1.001202e+00 -6.873673e-01 -6.268075e-01
 -1.071119e+00 -5.997643e-01 -8.447824e-01
 -1.403356e+00 -4.714372e-01 -1.549324e+00
 -1.418321e+00 -3.602673e-01 -1.950294e+00
 -1.271038e+00 -2.228203e-01 -2.314509e+00
 -9.852984e-01 -8.507758e-02 -2.583285e+00
 -6.111565e-01 2.695480e-02 -2.712219e+00
 -2.127547e-01 1.153206e-01 -2.678669e+00
 1.520681e-01 1.702219e-01 -2.481046e+00
 4.241333e-01 1.536085e-01 -2.156056e+00
 5.493684e-01 6.787200e-02 -1.768288e+00
 5.253864e-01 -1.065764e-01 -1.385209e+00
 3.592085e-01 -2.558725e-01 -1.106316e+00
 2.306340e-01 -3.680595e-01 -9.964874e-01
 1.119089e-01 -5.494786e-01 -9.387142e-01
 -5.200525e-02 -8.968265e-01 -9.214469e-01
 -2.174732e-01 -1.204638e+00 -1.019718e+00
 -4.972922e-01 -1.434946e+00 -1.108007e+00
 -8.618016e-01 -1.573618e+00 -1.120408e+00
 -1.249494e+00 -1.590279e+00 -1.047130e+00
