 -4.098518e-01 -1.144769e+00 1.660357e+00
 -7.851297e-02 -1.052439e+00 1.459538e+00
 1.021124e-01 -8.797022e-01 1.283971e+00
 2.587033e-01 -5.605378e-01 1.169968e+00
 6.107506e-01 -1.384146e-01 1.235845e+00
 7.416072e-01 1.067104e-01 1.228620e+00
 8.482164e-01 3.518452e-01 1.151169e+00
 9.981102e-01 7.414022e-01 8.967827e-01
 1.103829e+00 9.393609e-01 8.228876e-01
 1.211962e+00 1.126118e+00 8.064971e-01
 1.386650e+00 1.274493e+00 7.845803e-01
 1.662154e+00 1.418492e+00 6.866751e-01
 1.904758e+00 1.481106e+00 5.340403e-01
 2.112096e+00 1.483275e+00 3.191852e-01
 2.255527e+00 1.436731e+00 5.915934e-02
 2.322545e+00 1.339510e+00 -2.185523e-01
 2.305832e+00 1.183909e+00 -5.253972e-01
 2.206210e+00 1.008571e+00 -7.676948e-01
 2.034727e+00 8.154786e-01 -9.462540e-01
 1.808029e+00 6.239475e-01 -1.045163e+00
 1.547654e+00 4.527990e-01 -1.056196e+00
 8.176592e-01 9.975460e-02 -8.538452e-01
 6.477129e-01 5.679242e-02 -8.142727e-01
 4.065509e-01 4.536793e-02 -7.610021e-01
 6.741845e-02 9.760424e-02 -7.331401e-01
 -1.504856e-01 2.089204e-01 -7.625653e-01
 -4.086826e-01 4.233475e-01 -9.715487e-01
 -6.032307e-01 6.785969e-01 -1.220940e+00
 -8.667356e-01 8.148330e-01 -1.425925e+00
 -1.199562e+00 8.589497e-01 -1.570071e+00
 -1.555796e+00 8.027350e-01 -1.632456e+00
 -1.918688e+00 6.402826e-01 -1.601539e+00
 -2.178071e+00 4.084957e-01 -1.489184e+00
 -2.330363e+00 1.268759e-01 -1.299128e+00
 -2.358125e+00 -1.701064e-01 -1.029677e+00
 -2.243785e+00 -4.167111e-01 -7.520528e-01
 -2.002943e+00 -5.909229e-01 -5.009155e-01
 -1.694842e+00 -6.598747e-01 -3.247227e-01
 -1.052475e+00 -7.053367e-01 -2.262286e-01
 -6.930811e-01 -9.169059e-01 -1.674118e-01
 -4.340407e-01 -1.481970e+00 -1.690057e-01
 -1.753836e-01 -1.742474e+00 -2.274329e-01
 1.832515e-01 -1.895477e+00 -2.645519e-01
 5.748497e-01 -1.900799e+00 -2.957169e-01
 9.492607e-01 -1.744771e+00 -3.367447e-01
 1.243523e+00 -1.437387e+00 -3.512003e-01
 1.396765e+00 -1.055398e+00 -2.956209e-01
 1.392643e+00 -6.619638e-01 -1.610861e-01
 1.221264e+00 -3.086976e-01 1.068158e-02
 9.198607e-01 -6.631203e-02 1.419127e-01
 2.108720e-01 1.464561e-01 3.236514e-01
 -1.780533e-01 4.836204e-01 7.809962e-01
 -4.256418e-01 7.042457e-01 9.153119e-01
 -8.031509e-01 9.040730e-01 9.358910e-01
 -1.174669e+00 1.042332e+00 7.969059e-01
 -1.476750e+00 1.108147e+00 5.200741e-01
 -1.673100e+00 1.047686e+00 1.856561e-01
 -1.759787e+00 8.470839e-01 -2.062492e-01
 -1.684382e+00 5.617290e-01 -5.490797e-01
 -1.405935e+00 1.735480e-01 -8.350037e-01
 -1.335465e+00 -3.719301e-02 -1.073315e+00
 -1.361592e+00 -2.790752e-01 -1.577000e+00
 -1.290802e+00 -4.426423e-01 -1.828074e+00
 -1.139425e+00 -6.537894e-01 -2.038812e+00
 -9.456733e-01 -8.741576e-01 -2.156043e+00
 -7.148550e-01 -1.081289e+00 -2.181609e+00
 -4.625405e-01 -1.254625e+00 -2.114553e+00
 -2.072611e-01 -1.375360e+00 -1.958223e+00
 3.366198e-02 -1.415120e+00 -1.735702e+00
 2.310781e-01 -1.369333e+00 -1.460370e+00
 3.448196e-01 -1.251128e+00 -1.163349e+00
 3.663743e-01 -9.616537e-01 -6.565220e-01
 3.756188e-01 -8.939712e-01 -4.060964e-01
 3.940128e-01 -8.849660e-01 -2.034306e-01
 4.142834e-01 -9.467116e-01 3.227504e-02
 5.353005e-01 -1.031087e+00 2.819954e-01
 8.503659e-01 -1.171876e+00 6.073839e-01
 1.025661e+00 -1.189223e+00 9.118442e-01
 1.102248e+00 -1.144775e+00 1.254379e+00
 1.069672e+00 -1.049089e+00 1.589012e+00
 9.353198e-01 -9.196678e-01 1.875897e+00
 7.287988e-01 -7.634482e-01 2.080253e+00
 4.784080e-01 -5.855633e-01 2.187477e+00
 2.114158e-01 -4.070171e-01 2.191158e+00
 -6.503006e-02 -2.485642e-01 2.089974e+00
 -3.195155e-01 -1.519767e-01 1.904944e+00
 -5.238226e-01 -1.247133e-01 1.653271e+00
 -6.641993e-01 -1.778444e-01 1.373652e+00
 -7.302678e-01 -3.017203e-01 1.129064e+00
 -7.742462e-01 -5.092029e-01 9.490538e-01
 -8.819220e-01 -7.335101e-01 8.353451e-01
 -1.128642e+00 -1.099821e+00 7.488849e-01
 -1.323064e+00 -1.372319e+00 5.254890e-01
 -1.448335e+00 -1.617016e+00 1.240476e-01
 -1.447182e+00 -1.699749e+00 -2.598674e-01
 -1.365706e+00 -1.636098e+00 -6.273557e-01
 -1.173599e+00 -1.439880e+00 -9.533108e-01
 -8.796125e-01 -1.167460e+00 -1.153822e+00
 -5.816163e-01 -8.140835e-01 -1.193072e+00
 -4.605365e-01 -6.404960e-01 -1.277906e+00
 -1.983012e-01 -3.869522e-01 -1.597034e+00
 2.439455e-02 -1.256106e-01 -1.731397e+00
 2.084221e-01 1.986252e-01 -1.755190e+00
 3.511083e-01 5.567510e-01 -1.646836e+00
 4.065783e-01 8.183406e-01 -1.445444e+00
 4.193542e-01 1.005031e+00 -1.125028e+00
 3.969509e-01 1.073080e+00 -7.498747e-01
 3.332371e-01 1.010401e+00 -3.156654e-01
 3.362689e-01 1.029105e+00 -1.559756e-01
 3.481174e-01 1.128986e+00 5.942724e-02
 2.262242e-01 1.419024e+00 6.181498e-01
 2.607754e-01 1.479263e+00 1.034256e+00
 4.448354e-01 1.446537e+00 1.421264e+00
 7.476367e-01 1.334909e+00 1.700984e+00
 1.113384e+00 1.166521e+00 1.826598e+00
 1.475134e+00 9.586596e-01 1.783492e+00
 1.770728e+00 7.408186e-01 1.578224e+00
 1.956442e+00 5.607423e-01 1.245483e+00
 2.001858e+00 4.522000e-01 8.410961e-01
 1.912596e+00 4.473303e-01 4.454367e-01
 1.727004e+00 5.711959e-01 9.909031e-02
 1.519752e+00 7.234105e-01 -6.965609e-02
 1.372779e+00 9.380195e-01 -1.759627e-01
 1.265010e+00 1.463355e+00 -3.063069e-01
 1.011888e+00 1.813497e+00 -3.276372e-01
 5.936176e-01 2.029586e+00 -3.667777e-01
 1.241829e-01 2.029369e+00 -3.853793e-01
 -3.090477e-01 1.817046e+00 -3.454294e-01
 -6.050899e-01 1.437992e+00 -2.471998e-01
 -7.330062e-01 7.445089e-01 -7.707004e-02
 -8.142720e-01 4.839848e-01 -9.394522e-03
 -9.192061e-01 3.230230e-01 9.865617e-02
 -1.136528e+00 1.688935e-01 2.571020e-01
 -1.496179e+00 5.213359e-02 5.032224e-01
 -1.694448e+00 -8.818712e-02 8.059868e-01
 -1.759999e+00 -2.919657e-01 1.141101e+00
 -1.677152e+00 -5.166013e-01 1.452510e+00
 -1.459858e+00 -7.507711e-01 1.690932e+00
 -1.158688e+00 -9.644883e-01 1.799365e+00
 -7.756188e-01 -1.114801e+00 1.781132e+00
