 -2.301453e-01 4.271799e-01 1.973673e+00
 -3.254152e-01 5.533548e-01 1.758735e+00
 -5.667512e-01 6.127495e-01 1.497141e+00
 -7.906692e-01 5.021387e-01 1.147003e+00
 -1.014332e+00 -1.080714e-01 3.263042e-01
 -1.178842e+00 -2.805105e-01 1.566368e-01
 -1.350482e+00 -3.656370e-01 6.799781e-03
 -1.506272e+00 -4.037330e-01 -2.394742e-01
 -1.576094e+00 -4.239570e-01 -5.828689e-01
 -1.517934e+00 -4.351198e-01 -9.365873e-01
 -1.331451e+00 -4.330081e-01 -1.262365e+00
 -8.957930e-01 -3.276640e-01 -1.655600e+00
 -7.720925e-01 -2.841812e-01 -1.960715e+00
 -6.950750e-01 -1.083461e-01 -2.238845e+00
 -5.646411e-01 1.699687e-01 -2.437166e+00
 -3.689396e-01 4.876725e-01 -2.509767e+00
 -1.127362e-01 7.850189e-01 -2.438334e+00
 1.754959e-01 9.915075e-01 -2.238820e+00
 4.345606e-01 1.081172e+00 -1.926203e+00
 6.193860e-01 1.038499e+00 -1.541737e+00
 7.286165e-01 8.041340e-01 -1.035603e+00
 8.252984e-01 7.400319e-01 -8.167770e-01
 9.716398e-01 7.307863e-01 -6.122142e-01
 1.075279e+00 8.094856e-01 -2.848919e-01
 1.027603e+00 8.374126e-01 9.274566e-02
 8.709485e-01 7.489965e-01 4.521559e-01
 6.275660e-01 5.543443e-01 7.211840e-01
 1.908658e-01 1.644397e-01 9.084056e-01
 -5.738099e-02 -2.624825e-01 1.182396e+00
 -4.241520e-01 -4.362368e-01 1.462798e+00
 -7.929773e-01 -3.872153e-01 1.692699e+00
 -1.087950e+00 -1.404575e-01 1.975526e+00
 -1.210067e+00 2.423602e-01 2.227633e+00
 -1.137154e+00 6.802612e-01 2.397987e+00
 -8.745293e-01 1.070766e+00 2.468845e+00
 -4.734075e-01 1.324106e+00 2.434821e+00
 -1.777347e-02 1.385739e+00 2.300285e+00
 3.977150e-01 1.236863e+00 2.092766e+00
 6.784090e-01 9.002907e-01 1.876802e+00
 7.640814e-01 4.788417e-01 1.743691e+00
 7.221035e-01 1.137090e-01 1.784834e+00
 7.956943e-01 -2.449062e-01 1.946252e+00
 1.116763e+00 -6.431398e-01 1.975805e+00
 1.510086e+00 -9.535084e-01 1.720481e+00
 1.764725e+00 -1.098474e+00 1.276126e+00
 1.800259e+00 -1.093570e+00 7.446849e-01
 1.628233e+00 -9.055261e-01 2.648333e-01
 1.304242e+00 -5.811844e-01 -2.238284e-02
 7.795367e-01 -1.671147e-01 -5.740597e-02
 2.746169e-01 1.076895e-01 -1.640391e-01
 5.753156e-02 5.607619e-01 -1.602464e-01
 5.144864e-02 9.950674e-01 -1.935620e-01
 2.147640e-01 1.382338e+00 -3.062409e-01
 5.035057e-01 1.649007e+00 -4.707796e-01
 8.631270e-01 1.756242e+00 -6.696813e-01
 1.225471e+00 1.689989e+00 -8.721540e-01
 1.513380e+00 1.472169e+00 -1.064234e+00
 1.681335e+00 1.140640e+00 -1.228896e+00
 1.715507e+00 7.454202e-01 -1.326092e+00
 1.613598e+00 3.497297e-01 -1.336135e+00
 1.389826e+00 1.937763e-02 -1.265552e+00
 7.668038e-01 -3.967916e-01 -1.033954e+00
 3.992453e-01 -5.778124e-01 -1.029213e+00
 1.018334e-01 -8.712489e-01 -1.286514e+00
 -5.436191e-01 -1.289906e+00 -1.716683e+00
 -9.376858e-01 -1.319251e+00 -1.934615e+00
 -1.318808e+00 -1.154005e+00 -2.119994e+00
 -1.607671e+00 -8.208508e-01 -2.244428e+00
 -1.747832e+00 -3.922807e-01 -2.268544e+00
 -1.730537e+00 5.214625e-02 -2.160158e+00
 -1.529661e+00 4.376908e-01 -1.957058e+00
 -1.164647e+00 6.675325e-01 -1.734843e+00
 -7.243560e-01 6.846386e-01 -1.548863e+00
 -3.081058e-01 5.056923e-01 -1.472569e+00
 -3.403923e-02 2.519118e-01 -1.524112e+00
 3.603209e-01 -4.353748e-02 -1.935626e+00
 6.671923e-01 -4.819421e-01 -2.074374e+00
 9.269286e-01 -9.078332e-01 -1.925413e+00
 1.052824e+00 -1.264214e+00 -1.534629e+00
 9.847950e-01 -1.447422e+00 -1.001608e+00
 7.343475e-01 -1.397320e+00 -4.884848e-01
 8.009806e-02 -8.928028e-01 1.486907e-01
 -3.399509e-02 -8.617926e-01 2.484897e-01
 -2.664018e-01 -8.773295e-01 4.179059e-01
 -8.140759e-01 -1.037131e+00 7.560991e-01
 -1.222364e+00 -9.236145e-01 9.593156e-01
 -1.593877e+00 -6.350044e-01 1.030401e+00
 -1.865022e+00 -2.555479e-01 9.254265e-01
 -1.971987e+00 1.386936e-01 6.701965e-01
 -1.885152e+00 4.605287e-01 3.214909e-01
 -1.644887e+00 6.223969e-01 -5.659062e-02
 -1.299999e+00 5.959396e-01 -3.839285e-01
 -9.285942e-01 3.828885e-01 -5.934285e-01
 -6.714621e-01 6.466819e-02 -6.510942e-01
 -5.204540e-01 -2.864787e-01 -6.259870e-01
 -6.604069e-01 -1.081003e+00 -5.430125e-01
 -6.073382e-01 -1.525094e+00 -3.128931e-01
 -3.984752e-01 -1.821678e+00 1.690890e-02
 -1.123537e-01 -1.898755e+00 3.832154e-01
 2.042277e-01 -1.752894e+00 7.194776e-01
 5.122820e-01 -1.409102e+00 9.312119e-01
 9.822922e-01 -4.630614e-01 9.562306e-01
 1.280514e+00 -2.122644e-01 9.979545e-01
 1.591302e+00 -2.918294e-02 1.241291e+00
 1.753648e+00 1.386206e-01 1.686436e+00
 1.699989e+00 2.443027e-01 2.134505e+00
 1.445047e+00 3.411172e-01 2.512676e+00
 1.041955e+00 3.858991e-01 2.743055e+00
 5.606617e-01 3.798846e-01 2.774910e+00
 1.134294e-01 3.639899e-01 2.580889e+00
 -1.560929e-01 3.523927e-01 2.247162e+00
