 2.077335e+00 -6.429966e-01 -8.470063e-01
 2.122517e+00 -3.338808e-01 -1.079152e+00
 2.038175e+00 5.744426e-03 -1.232895e+00
 1.831700e+00 3.320810e-01 -1.292540e+00
 1.510841e+00 6.121712e-01 -1.243682e+00
 1.163279e+00 7.587372e-01 -1.103768e+00
 5.899433e-01 7.948260e-01 -7.023549e-01
 3.422703e-01 8.976568e-01 -4.300252e-01
 2.423586e-01 1.025275e+00 -2.509459e-01
 1.766786e-01 1.401686e+00 9.633559e-02
 4.700827e-03 1.597257e+00 4.099305e-01
 -2.502302e-01 1.655708e+00 7.184559e-01
 -5.413095e-01 1.569322e+00 9.666729e-01
 -8.476818e-01 1.365811e+00 1.109118e+00
 -1.140502e+00 1.094296e+00 1.111016e+00
 -1.384911e+00 8.114371e-01 9.646995e-01
 -1.518426e+00 5.677718e-01 7.163571e-01
 -1.514373e+00 2.699348e-01 3.913126e-01
 -1.599167e+00 2.770045e-02 2.512889e-01
 -1.655483e+00 -2.159011e-01 1.994005e-01
 -1.649865e+00 -5.104788e-01 2.064325e-01
 -1.575677e+00 -7.446882e-01 2.416997e-01
 -1.422392e+00 -9.657914e-01 2.737178e-01
 -1.209066e+00 -1.139073e+00 2.917574e-01
 -9.346910e-01 -1.255861e+00 2.903522e-01
 -6.776645e-01 -1.294202e+00 2.840143e-01
 -3.518761e-01 -1.260175e+00 2.925975e-01
 -1.093647e-01 -1.287732e+00 3.108734e-01
 3.220253e-02 -1.338323e+00 3.272501e-01
 2.166843e-01 -1.459581e+00 3.435175e-01
 5.047857e-01 -1.761600e+00 3.504321e-01
 8.137074e-01 -1.918439e+00 3.649309e-01
 1.154118e+00 -1.964485e+00 3.982167e-01
 1.485161e+00 -1.897422e+00 4.501367e-01
 1.766299e+00 -1.731171e+00 5.174673e-01
 1.975486e+00 -1.484494e+00 5.738743e-01
 2.096439e+00 -1.192707e+00 6.133073e-01
 2.118354e+00 -9.004334e-01 6.143961e-01
 2.051575e+00 -6.090778e-01 6.083286e-01
 1.898005e+00 -3.534892e-01 6.386698e-01
 1.716742e+00 -1.809063e-01 7.224585e-01
 1.571625e+00 -3.654175e-02 8.621095e-01
 1.356526e+00 9.098546e-02 1.108306e+00
 1.132308e+00 2.093198e-01 1.244836e+00
 8.827849e-01 3.463306e-01 1.305130e+00
 5.967642e-01 4.981426e-01 1.280353e+00
 3.495434e-01 6.000293e-01 1.185081e+00
 1.132602e-01 6.475518e-01 1.031134e+00
 -3.170648e-01 6.371014e-01 5.944817e-01
 -5.233109e-01 7.112629e-01 3.937038e-01
 -6.186359e-01 7.842847e-01 2.904520e-01
 -7.178776e-01 9.113584e-01 1.874695e-01
 -9.075944e-01 1.141513e+00 1.082284e-01
 -1.331918e+00 1.593513e+00 1.168746e-01
 -1.645868e+00 1.775676e+00 4.295941e-02
 -1.973466e+00 1.856296e+00 -1.180267e-01
 -2.267470e+00 1.825523e+00 -3.499007e-01
 -2.487874e+00 1.684154e+00 -6.175958e-01
 -2.612281e+00 1.441685e+00 -8.722308e-01
 -2.623258e+00 1.126280e+00 -1.082403e+00
 -2.506931e+00 7.897920e-01 -1.230304e+00
 -2.272533e+00 4.880139e-01 -1.300370e+00
 -1.953611e+00 2.701671e-01 -1.282452e+00
 -1.596939e+00 1.685782e-01 -1.183267e+00
 -1.250984e+00 2.076929e-01 -1.035584e+00
 -9.511233e-01 3.838824e-01 -8.757275e-01
 -7.908916e-01 5.905116e-01 -7.857681e-01
 -6.079538e-01 9.160883e-01 -8.329922e-01
 -4.329994e-01 1.291138e+00 -9.783427e-01
 -1.462527e-01 1.579147e+00 -1.024638e+00
 2.110024e-01 1.767824e+00 -9.607980e-01
 6.037047e-01 1.829035e+00 -7.904460e-01
 9.068696e-01 1.764272e+00 -5.717413e-01
 1.121559e+00 1.591078e+00 -3.232481e-01
 1.225950e+00 1.310706e+00 -7.465069e-02
 1.183973e+00 9.738510e-01 1.550263e-01
 1.020247e+00 6.573388e-01 3.007625e-01
 7.218623e-01 2.387449e-01 2.950169e-01
 5.214980e-01 -5.611548e-02 4.172562e-01
 3.510589e-02 -7.905273e-01 1.198419e+00
 -1.211638e-01 -1.203745e+00 1.337244e+00
 -2.636385e-01 -1.647272e+00 1.264090e+00
 -3.593145e-01 -2.025553e+00 9.883805e-01
 -4.009133e-01 -2.257973e+00 5.635596e-01
 -3.869526e-01 -2.278556e+00 1.325307e-01
 -2.814677e-01 -2.107192e+00 -2.924740e-01
 -9.616435e-02 -1.774534e+00 -5.971084e-01
 8.972319e-02 -1.374578e+00 -6.942103e-01
 2.094362e-01 -7.644012e-01 -5.807772e-01
 1.537984e-01 -3.556061e-01 -6.567003e-01
 6.769226e-02 -2.596548e-02 -9.336970e-01
 -9.342420e-02 2.260520e-01 -1.444170e+00
 -3.691440e-01 4.200162e-01 -1.721319e+00
 -7.230271e-01 6.855131e-01 -1.833191e+00
 -1.092889e+00 9.477455e-01 -1.743485e+00
 -1.382193e+00 1.136698e+00 -1.472471e+00
 -1.563865e+00 1.205847e+00 -1.103351e+00
 -1.647560e+00 1.122758e+00 -7.663003e-01
 -1.770684e+00 9.300683e-01 -5.205898e-01
 -2.331904e+00 7.054609e-01 -3.780133e-02
 -2.496720e+00 5.355430e-01 2.619519e-01
 -2.529954e+00 3.116782e-01 5.744049e-01
 -2.423508e+00 6.580231e-02 8.533340e-01
 -2.184974e+00 -1.469504e-01 1.074458e+00
 -1.847131e+00 -2.940187e-01 1.201917e+00
 -1.462949e+00 -3.660697e-01 1.202849e+00
 -1.077943e+00 -3.742633e-01 1.052858e+00
 -8.009741e-01 -3.464730e-01 7.924269e-01
 -6.768275e-01 -3.010194e-01 5.116121e-01
 -6.363297e-01 -2.794279e-01 2.404412e-01
 -6.834926e-01 -3.340000e-01 -7.160347e-02
 -7.972043e-01 -4.596491e-01 -3.445328e-01
 -8.359820e-01 -6.073474e-01 -6.006594e-01
 -7.701074e-01 -7.027887e-01 -9.591838e-01
 -5.252197e-01 -7.756422e-01 -1.340356e+00
 -2.311232e-01 -8.210262e-01 -1.544884e+00
 8.958049e-02 -8.170849e-01 -1.616674e+00
 5.300509e-01 -7.129275e-01 -1.564188e+00
 8.574410e-01 -5.619394e-01 -1.384237e+00
 1.081341e+00 -3.831506e-01 -1.086582e+00
 1.157955e+00 -2.011398e-01 -7.309804e-01
 1.224684e+00 -1.177879e-01 -5.856762e-01
 1.350661e+00 -2.692043e-02 -4.582998e-01
 1.530291e+00 6.412828e-02 -3.520363e-01
 2.044738e+00 3.842954e-01 -6.110182e-02
 2.268733e+00 4.911815e-01 1.867656e-01
 2.437503e+00 5.086721e-01 4.991051e-01
 2.527992e+00 4.318759e-01 8.362426e-01
 2.528026e+00 2.682148e-01 1.156547e+00
 2.436271e+00 3.616555e-02 1.419073e+00
 2.263235e+00 -2.361272e-01 1.588612e+00
 2.030745e+00 -5.119980e-01 1.641501e+00
 1.749579e+00 -7.505642e-01 1.575954e+00
 1.454747e+00 -9.085959e-01 1.392278e+00
 1.223518e+00 -9.813767e-01 1.109056e+00
 1.098978e+00 -9.975675e-01 7.566103e-01
 1.101889e+00 -9.406055e-01 4.189229e-01
 1.265589e+00 -9.693561e-01 3.390567e-02
 1.634137e+00 -1.004952e+00 -3.093799e-01
 1.891989e+00 -8.917593e-01 -5.523698e-01
