 -1.322276e+00 9.774233e-01 -8.582203e-01
 -1.172541e+00 1.061120e+00 -4.992977e-01
 -1.051787e+00 1.010512e+00 -2.420643e-01
 -1.001080e+00 9.370632e-01 -7.987653e-02
 -9.353492e-01 7.524017e-01 1.404525e-01
 -7.372780e-01 1.182750e-01 6.387286e-01
 -5.278407e-01 -2.640723e-01 8.930214e-01
 -3.984190e-01 -5.291754e-01 9.580247e-01
 -2.586361e-01 -8.018241e-01 9.366169e-01
 -1.258120e-01 -1.025097e+00 8.425424e-01
 -1.885975e-02 -1.206158e+00 6.826887e-01
 3.089631e-02 -1.349767e+00 4.626803e-01
 -5.865790e-02 -1.636688e+00 1.020940e-01
 -1.089878e-01 -2.142265e+00 -6.350194e-01
 4.010666e-02 -2.450694e+00 -9.237000e-01
 3.103364e-01 -2.738774e+00 -1.070369e+00
 6.357389e-01 -2.964566e+00 -1.075950e+00
 9.683590e-01 -3.108125e+00 -9.578950e-01
 1.270497e+00 -3.160500e+00 -7.388106e-01
 1.511668e+00 -3.114478e+00 -4.342770e-01
 1.656230e+00 -2.949404e+00 -6.154021e-02
 1.674139e+00 -2.698390e+00 2.343819e-01
 1.537612e+00 -2.404394e+00 4.843944e-01
 1.247261e+00 -2.146960e+00 6.347409e-01
 8.521912e-01 -2.053962e+00 7.439637e-01
 1.421768e-01 -2.210053e+00 1.041269e+00
 -4.492310e-01 -2.112107e+00 1.010959e+00
 -9.052101e-01 -1.762007e+00 7.664190e-01
 -1.037118e+00 -1.260339e+00 3.786252e-01
 -7.624118e-01 -8.114003e-01 8.350252e-03
 -2.469677e-01 -5.186534e-01 -8.261090e-02
 6.803880e-01 -2.130636e-01 3.426186e-01
 1.041693e+00 1.630651e-01 4.258508e-01
 1.174859e+00 6.933782e-01 4.774787e-01
 1.028835e+00 1.221549e+00 4.421331e-01
 5.891675e-01 1.613068e+00 3.233084e-01
 3.572293e-02 1.691494e+00 2.868629e-01
 -4.223844e-01 1.544440e+00 4.931346e-01
 -7.735736e-01 1.500554e+00 9.600155e-01
 -9.557182e-01 1.866913e+00 1.545081e+00
 -9.081102e-01 2.567743e+00 1.812888e+00
 -6.899126e-01 3.248464e+00 1.580786e+00
 -4.370550e-01 3.579362e+00 9.365456e-01
 -3.021176e-01 3.379871e+00 2.088545e-01
 -4.105270e-01 2.784775e+00 -2.351791e-01
 -7.352947e-01 2.205127e+00 -2.154455e-01
 -1.568700e+00 1.843367e+00 7.071626e-02
 -1.888218e+00 1.498110e+00 1.248486e-01
 -2.045528e+00 1.010262e+00 7.719536e-02
 -1.953318e+00 4.874159e-01 -9.608843e-02
 -1.546506e+00 6.812693e-02 -3.642836e-01
 -9.800016e-01 7.432175e-03 -6.044600e-01
 -4.716382e-01 2.956528e-01 -6.947683e-01
 -3.048745e-01 7.318088e-01 -9.489605e-01
 -3.115599e-01 1.098943e+00 -1.067142e+00
 -4.409088e-01 1.416673e+00 -1.148900e+00
 -1.029570e+00 2.170378e+00 -1.190415e+00
 -1.239036e+00 2.477594e+00 -1.059938e+00
 -1.370746e+00 2.724623e+00 -8.342105e-01
 -1.443749e+00 2.889033e+00 -5.609728e-01
 -1.461054e+00 2.978680e+00 -2.669059e-01
 -1.404742e+00 3.006348e+00 4.370888e-02
 -1.285611e+00 2.938665e+00 3.603417e-01
 -1.099937e+00 2.779809e+00 6.154732e-01
 -8.330903e-01 2.588715e+00 7.432459e-01
 -5.957154e-01 2.527274e+00 7.845140e-01
 -3.340700e-01 2.490982e+00 9.012804e-01
 -6.145697e-02 2.295479e+00 1.144084e+00
 1.432257e-01 1.939987e+00 1.304070e+00
 2.493636e-01 1.466205e+00 1.310478e+00
 2.154951e-01 9.940800e-01 1.108801e+00
 1.487301e-01 7.033138e-01 7.223708e-01
 1.346402e-01 6.623571e-01 3.034548e-01
 2.060718e-01 6.778682e-01 5.298235e-02
 8.681098e-01 7.575106e-01 -8.625410e-01
 1.054023e+00 5.318742e-01 -1.328401e+00
 1.153047e+00 4.722086e-02 -1.633656e+00
 1.097635e+00 -5.574443e-01 -1.667762e+00
 8.974739e-01 -1.034606e+00 -1.409937e+00
 7.072077e-01 -1.274021e+00 -9.370567e-01
 6.747938e-01 -1.245040e+00 -5.007109e-01
 1.272001e+00 -1.085762e+00 7.726607e-01
 1.377958e+00 -1.321888e+00 1.302282e+00
 1.368941e+00 -1.809450e+00 1.637796e+00
 1.255076e+00 -2.376865e+00 1.670859e+00
 1.084184e+00 -2.843589e+00 1.411703e+00
 9.078992e-01 -3.087674e+00 9.644269e-01
 7.391107e-01 -3.072063e+00 5.261625e-01
 6.501106e-01 -2.851661e+00 1.187875e-01
 6.817986e-01 -2.588524e+00 -1.144780e-01
 8.611723e-01 -2.311014e+00 -3.003327e-01
 1.371737e+00 -2.006948e+00 -5.530045e-01
 1.631590e+00 -1.658706e+00 -6.412880e-01
 1.719196e+00 -1.203176e+00 -6.924596e-01
 1.598620e+00 -7.446564e-01 -6.829998e-01
 1.285682e+00 -4.078648e-01 -6.473205e-01
 8.996121e-01 -2.684671e-01 -6.606570e-01
 6.247144e-01 -2.518393e-01 -7.764089e-01
 4.238327e-01 -2.378230e-01 -9.266641e-01
 5.894126e-02 -2.422284e-01 -1.383058e+00
 -2.984256e-01 -1.370474e-01 -1.619390e+00
 -7.130010e-01 8.957711e-02 -1.701540e+00
 -1.068841e+00 4.094363e-01 -1.588829e+00
 -1.286416e+00 7.298755e-01 -1.291956e+00
