 1.380542e+00 5.159744e-01 1.902761e-01
 1.708269e+00 6.279011e-01 -1.708469e-01
 1.792898e+00 6.899386e-01 -6.546855e-01
 1.639270e+00 6.794120e-01 -1.143479e+00
 1.280339e+00 6.611680e-01 -1.493807e+00
 8.130932e-01 6.225729e-01 -1.637971e+00
 3.622722e-01 5.683152e-01 -1.568697e+00
 -2.377776e-01 4.754032e-01 -1.167128e+00
 -8.823481e-01 3.795537e-01 -6.351518e-01
 -1.206456e+00 3.524009e-01 -5.046359e-01
 -1.597155e+00 2.052385e-01 -5.212996e-01
 -1.992876e+00 9.935834e-02 -7.399930e-01
 -2.287723e+00 1.109891e-01 -1.121013e+00
 -2.421872e+00 2.808303e-01 -1.564182e+00
 -2.365749e+00 5.817718e-01 -1.953891e+00
 -2.128726e+00 9.447836e-01 -2.199524e+00
 -1.761191e+00 1.283815e+00 -2.242342e+00
 -1.348113e+00 1.520181e+00 -2.065648e+00
 -9.952952e-01 1.589061e+00 -1.712321e+00
 -8.227373e-01 1.523646e+00 -1.248691e+00
 -8.684108e-01 1.390699e+00 -8.548580e-01
 -1.053600e+00 1.367824e+00 -5.537716e-01
 -1.597465e+00 1.534286e+00 2.245062e-01
 -1.714789e+00 1.432464e+00 7.537588e-01
 -1.603598e+00 1.179299e+00 1.216413e+00
 -1.326306e+00 8.214227e-01 1.484718e+00
 -9.434644e-01 4.487461e-01 1.498605e+00
 -5.270692e-01 1.964603e-01 1.263074e+00
 -1.860479e-01 1.325680e-01 8.259597e-01
 -9.714819e-02 2.256889e-01 3.448773e-01
 -6.952832e-02 5.178471e-01 1.280235e-02
 -1.086720e-01 9.705745e-01 -1.476584e-01
 -1.381078e-01 1.674330e+00 -1.552523e-01
 -3.838254e-01 2.110762e+00 -2.593438e-01
 -7.720617e-01 2.366056e+00 -4.672653e-01
 -1.207276e+00 2.381707e+00 -7.246120e-01
 -1.597432e+00 2.154136e+00 -9.578211e-01
 -1.844928e+00 1.742068e+00 -1.101006e+00
 -1.857705e+00 1.262876e+00 -1.198449e+00
 -1.692437e+00 9.543591e-01 -1.248480e+00
 -1.455006e+00 6.900698e-01 -1.430409e+00
 -1.373087e+00 3.188915e-01 -1.554177e+00
 -1.265615e+00 -1.264812e-01 -1.463336e+00
 -1.111488e+00 -5.257920e-01 -1.099571e+00
 -9.646872e-01 -6.687472e-01 -5.810696e-01
 -8.596335e-01 -4.719305e-01 1.341124e-01
 -8.870023e-01 -4.991022e-01 4.834100e-01
 -9.780122e-01 -6.349118e-01 8.080532e-01
 -9.777546e-01 -9.856820e-01 1.118556e+00
 -7.671757e-01 -1.410266e+00 1.292753e+00
 -4.005024e-01 -1.756209e+00 1.301324e+00
 6.534080e-02 -1.909491e+00 1.187752e+00
 4.844022e-01 -1.828626e+00 1.016043e+00
 7.602590e-01 -1.588120e+00 9.332926e-01
 9.927394e-01 -1.351272e+00 1.011367e+00
 1.304136e+00 -1.243441e+00 1.138488e+00
 1.784435e+00 -1.235341e+00 1.139462e+00
 2.195738e+00 -1.328586e+00 9.528259e-01
 2.481977e+00 -1.454739e+00 5.885644e-01
 2.564589e+00 -1.573039e+00 1.032667e-01
 2.386200e+00 -1.657253e+00 -3.971832e-01
 1.967355e+00 -1.624051e+00 -7.737661e-01
 1.402312e+00 -1.469158e+00 -8.828040e-01
 8.720662e-01 -1.220257e+00 -6.426852e-01
 6.337715e-01 -9.109570e-01 -1.579671e-01
 7.611339e-01 -6.239797e-01 2.171971e-01
 1.262205e+00 -2.143634e-01 9.934948e-01
 1.513429e+00 2.364887e-01 1.217678e+00
 1.642759e+00 7.747015e-01 1.184564e+00
 1.632285e+00 1.241882e+00 9.076681e-01
 1.473326e+00 1.522992e+00 4.801653e-01
 1.202929e+00 1.548257e+00 1.623277e-02
 9.317692e-01 1.315135e+00 -3.621400e-01
 7.788084e-01 8.928208e-01 -6.034484e-01
 7.350377e-01 5.551742e-01 -6.150317e-01
 8.582265e-01 2.013950e-01 -6.439252e-01
 1.113451e+00 -9.499869e-02 -6.316608e-01
 1.478226e+00 -3.533354e-01 -4.881441e-01
 1.680677e+00 -6.533238e-01 -2.490145e-01
 1.702165e+00 -9.682786e-01 9.701727e-04
 1.583984e+00 -1.235390e+00 1.320020e-01
 1.524854e+00 -1.481428e+00 1.602880e-01
 1.556361e+00 -1.814718e+00 2.755494e-01
 1.587534e+00 -2.161822e+00 6.741926e-01
 1.498326e+00 -2.273989e+00 1.189774e+00
 1.261201e+00 -2.134697e+00 1.673352e+00
 9.389586e-01 -1.805877e+00 1.953199e+00
 5.926513e-01 -1.394991e+00 1.965648e+00
 3.041824e-01 -1.051018e+00 1.725086e+00
 1.356657e-01 -8.569054e-01 1.323385e+00
 3.365022e-02 -8.744588e-01 8.783890e-01
 -1.063774e-01 -1.150399e+00 4.917679e-01
 -4.393506e-01 -1.425554e+00 2.952303e-01
 -9.671374e-01 -1.513862e+00 2.205082e-01
 -1.442739e+00 -1.353504e+00 2.073390e-01
 -1.801897e+00 -9.412983e-01 2.184349e-01
 -1.913046e+00 -3.953682e-01 3.298801e-01
 -1.730577e+00 9.344894e-02 4.781373e-01
 -9.464935e-01 7.717071e-01 4.956217e-01
 -7.380619e-01 1.032941e+00 6.503986e-01
 -4.435867e-01 1.142657e+00 8.195456e-01
 2.236908e-02 1.149096e+00 8.727787e-01
 5.148467e-01 9.790231e-01 7.478899e-01
 9.189013e-01 6.411643e-01 4.451602e-01
 1.095202e+00 5.626784e-01 3.243711e-01
