 1.726102e+00 4.406800e-01 1.969145e+00
 1.881180e+00 6.743173e-01 1.829576e+00
 2.008022e+00 8.701001e-01 1.600388e+00
 2.074919e+00 1.011261e+00 1.306975e+00
 2.056998e+00 1.091735e+00 9.789701e-01
 1.956422e+00 1.096513e+00 6.536088e-01
 1.787534e+00 1.021100e+00 3.689755e-01
 1.249429e+00 6.474596e-01 -1.694578e-01
 1.144515e+00 5.642829e-01 -2.683972e-01
 1.064285e+00 4.806608e-01 -3.449579e-01
 9.366790e-01 3.145069e-01 -4.674483e-01
 5.964240e-01 -1.315287e-01 -8.335636e-01
 5.516118e-01 -3.204944e-01 -1.223821e+00
 5.365723e-01 -3.506966e-01 -1.573670e+00
 4.552375e-01 -2.383000e-01 -1.913966e+00
 2.585231e-01 -3.828242e-02 -2.191687e+00
 -3.452880e-02 1.892724e-01 -2.347308e+00
 -3.861483e-01 4.162350e-01 -2.348440e+00
 -7.423247e-01 6.213517e-01 -2.168285e+00
 -1.033705e+00 7.460561e-01 -1.818444e+00
 -1.227981e+00 7.965216e-01 -1.140581e+00
 -1.315416e+00 9.169175e-01 -8.505143e-01
 -1.417683e+00 1.128425e+00 -6.410675e-01
 -1.693611e+00 1.298273e+00 -4.381066e-01
 -2.077724e+00 1.296537e+00 -1.617576e-01
 -2.360809e+00 1.106699e+00 9.974299e-02
 -2.504799e+00 7.867447e-01 3.515840e-01
 -2.500185e+00 3.951252e-01 5.318170e-01
 -2.369300e+00 1.219163e-02 6.021409e-01
 -2.123696e+00 -3.092714e-01 5.762355e-01
 -1.193603e+00 -1.047889e+00 1.242403e-01
 -9.940034e-01 -1.418889e+00 -3.466589e-01
 -9.072625e-01 -1.334270e+00 -1.148507e+00
 -6.456562e-01 -5.432291e-01 -1.631702e+00
 -3.042651e-01 2.160039e-01 -1.327578e+00
 2.374688e-03 5.672892e-01 -1.379587e+00
 5.403437e-01 7.105111e-01 -1.479177e+00
 1.099436e+00 5.302003e-01 -1.525381e+00
 1.467244e+00 1.378638e-01 -1.418645e+00
 1.592339e+00 -3.131044e-01 -1.186263e+00
 1.451337e+00 -7.808840e-01 -7.938552e-01
 1.542649e+00 -1.075145e+00 -5.495514e-01
 1.789171e+00 -1.250451e+00 -2.301164e-01
 2.066443e+00 -1.202950e+00 2.047603e-01
 2.216112e+00 -9.228368e-01 5.966126e-01
 2.153116e+00 -5.054909e-01 9.091852e-01
 1.883977e+00 -6.394411e-02 1.043290e+00
 1.397791e+00 3.112277e-01 9.807715e-01
 1.193882e+00 5.344634e-01 1.086402e+00
 9.503399e-01 7.153273e-01 1.354758e+00
 6.484220e-01 7.118502e-01 1.718922e+00
 3.932731e-01 4.878958e-01 2.063112e+00
 2.223107e-01 9.252698e-02 2.283318e+00
 1.447604e-01 -3.770651e-01 2.311992e+00
 1.727579e-01 -8.260647e-01 2.143830e+00
 3.327188e-01 -1.163337e+00 1.825094e+00
 5.909873e-01 -1.302590e+00 1.421772e+00
 8.798255e-01 -1.201990e+00 1.028795e+00
 1.378461e+00 -3.976336e-01 1.915404e-01
 1.532318e+00 -2.855991e-01 9.859831e-02
 1.801137e+00 -1.963587e-01 -2.175955e-02
 2.205251e+00 -2.796486e-01 -2.748238e-01
 2.451317e+00 -5.221802e-01 -5.500332e-01
 2.503239e+00 -8.399663e-01 -8.935804e-01
 2.326717e+00 -1.161056e+00 -1.231651e+00
 1.979088e+00 -1.401778e+00 -1.445763e+00
 1.528443e+00 -1.538883e+00 -1.498862e+00
 1.066340e+00 -1.537835e+00 -1.383671e+00
 2.497256e-01 -1.207041e+00 -8.399116e-01
 2.170166e-02 -1.001242e+00 -6.826897e-01
 -2.760595e-01 -6.375057e-01 -5.672906e-01
 -5.373725e-01 -4.832741e-01 -5.148962e-01
 -8.209292e-01 -3.708380e-01 -5.570762e-01
 -1.045225e+00 -3.537552e-01 -6.179138e-01
 -1.287504e+00 -4.207750e-01 -6.860468e-01
 -1.566532e+00 -5.753425e-01 -7.324716e-01
 -1.838042e+00 -8.538247e-01 -6.947339e-01
 -2.019698e+00 -1.168050e+00 -5.347582e-01
 -2.071565e+00 -1.487665e+00 -2.736519e-01
 -1.955076e+00 -1.771788e+00 3.463351e-02
 -1.677822e+00 -1.954303e+00 3.347491e-01
 -1.289749e+00 -1.987240e+00 5.672749e-01
 -8.728333e-01 -1.858040e+00 6.864818e-01
 -5.134888e-01 -1.593448e+00 6.755337e-01
 2.534077e-01 -4.094231e-01 2.825488e-01
 4.100413e-01 -3.006622e-02 3.132937e-01
 4.234336e-01 3.674557e-01 4.580729e-01
 2.418099e-01 7.188003e-01 6.439235e-01
 -5.184780e-02 9.452107e-01 7.718337e-01
 -3.945822e-01 1.058601e+00 8.152457e-01
 -7.188748e-01 1.075027e+00 7.846866e-01
 -9.986614e-01 1.023327e+00 6.974260e-01
 -1.228030e+00 9.167117e-01 5.739142e-01
 -1.409109e+00 7.544965e-01 4.289714e-01
 -1.496092e+00 6.006637e-01 3.133066e-01
 -1.548151e+00 4.625985e-01 1.484092e-01
 -1.680200e+00 3.166776e-01 -9.556414e-02
 -1.916130e+00 2.812111e-01 -3.172617e-01
 -2.134687e+00 3.607518e-01 -6.138435e-01
 -2.279865e+00 5.803972e-01 -9.089255e-01
 -2.284923e+00 9.089531e-01 -1.190279e+00
 -2.121977e+00 1.267739e+00 -1.392114e+00
 -1.816300e+00 1.574185e+00 -1.482594e+00
 -1.424308e+00 1.764392e+00 -1.449687e+00
 -1.023703e+00 1.796200e+00 -1.318078e+00
 -6.739492e-01 1.676435e+00 -1.117286e+00
 -4.362868e-01 1.439350e+00 -8.622038e-01
 -3.513316e-01 1.142073e+00 -6.228342e-01
 -5.675681e-01 2.309978e-01 2.095217e-01
 -5.989888e-01 1.381485e-01 4.162484e-01
 -5.780981e-01 8.168768e-02 6.058525e-01
 -4.973162e-01 3.016842e-02 8.152640e-01
 -3.927447e-01 -9.714639e-03 9.701341e-01
 -2.613904e-01 -5.828013e-02 1.095444e+00
 -8.427274e-02 -1.193317e-01 1.207315e+00
 9.851481e-02 -1.779420e-01 1.275035e+00
 4.520589e-01 -2.496719e-01 1.331304e+00
 6.814731e-01 -2.741110e-01 1.429570e+00
 8.577343e-01 -3.031248e-01 1.571175e+00
 1.009848e+00 -2.649285e-01 1.719065e+00
 1.182721e+00 -1.595320e-01 1.869330e+00
 1.359712e+00 2.027379e-04 1.974323e+00
 1.543429e+00 2.093099e-01 2.014713e+00
