 1.945221e+00 9.909624e-02 1.232622e+00
 1.858716e+00 -1.487138e-01 1.264971e+00
 1.812151e+00 -5.014385e-01 1.158089e+00
 1.687601e+00 -7.883768e-01 9.122438e-01
 1.460385e+00 -9.566085e-01 5.761731e-01
 1.211571e+00 -9.496379e-01 2.449293e-01
 9.638446e-01 -7.767587e-01 -4.723101e-02
 6.059185e-01 -2.545871e-01 -3.774728e-01
 4.581025e-01 -1.110625e-01 -4.953066e-01
 3.558891e-01 1.005857e-02 -7.040234e-01
 2.208425e-01 3.012489e-01 -1.379513e+00
 -4.285349e-02 4.611131e-01 -1.713059e+00
 -4.419054e-01 5.187342e-01 -1.937678e+00
 -8.851232e-01 4.523071e-01 -2.009844e+00
 -1.278909e+00 3.081698e-01 -1.906137e+00
 -1.577894e+00 1.382010e-01 -1.633121e+00
 -1.723422e+00 -4.600546e-02 -1.228491e+00
 -1.659040e+00 -3.333796e-01 -7.729392e-01
 -1.744240e+00 -5.589696e-01 -5.452581e-01
 -1.874505e+00 -7.858881e-01 -4.362847e-01
 -1.977488e+00 -1.139929e+00 -3.948246e-01
 -2.028364e+00 -1.506390e+00 -4.923593e-01
 -1.984219e+00 -1.843260e+00 -7.066842e-01
 -1.832109e+00 -2.086185e+00 -9.893980e-01
 -1.579862e+00 -2.203752e+00 -1.278228e+00
 -1.271115e+00 -2.171153e+00 -1.543195e+00
 -9.694974e-01 -1.983370e+00 -1.752674e+00
 -7.241484e-01 -1.670272e+00 -1.867500e+00
 -5.737861e-01 -1.283001e+00 -1.865250e+00
 -5.418795e-01 -8.869746e-01 -1.743086e+00
 -6.745484e-01 -3.352275e-01 -1.360154e+00
 -7.090078e-01 -7.768473e-03 -1.080645e+00
 -7.563071e-01 2.376905e-01 -9.963878e-01
 -9.908860e-01 7.897713e-01 -9.761331e-01
 -9.897232e-01 1.220037e+00 -8.910589e-01
 -8.359896e-01 1.593810e+00 -7.096587e-01
 -5.585616e-01 1.839842e+00 -4.469371e-01
 -2.636851e-01 1.896599e+00 -1.734462e-01
 5.207851e-02 1.770977e+00 8.894957e-02
 3.317928e-01 1.528321e+00 2.317292e-01
 5.540203e-01 1.247081e+00 2.382317e-01
 6.752097e-01 1.021887e+00 1.554818e-01
 8.326331e-01 8.410809e-01 -2.672474e-03
 1.231919e+00 5.517361e-01 -5.582318e-01
 1.335507e+00 2.905303e-01 -8.472808e-01
 1.313315e+00 -3.112598e-02 -1.076774e+00
 1.174484e+00 -3.575711e-01 -1.214112e+00
 9.263172e-01 -6.351065e-01 -1.265976e+00
 6.015800e-01 -8.436734e-01 -1.210876e+00
 2.627681e-01 -9.570522e-01 -1.041765e+00
 -3.604581e-02 -9.479433e-01 -7.975400e-01
 -3.696639e-01 -7.555921e-01 -4.735401e-01
 -6.378441e-01 -6.802394e-01 -3.132093e-01
 -1.183521e+00 -8.958361e-01 2.854182e-01
 -1.556719e+00 -7.775896e-01 5.905591e-01
 -1.834236e+00 -4.343441e-01 8.544344e-01
 -1.910504e+00 1.263504e-02 1.031898e+00
 -1.800770e+00 4.606276e-01 1.071346e+00
 -1.546688e+00 8.644477e-01 9.411877e-01
 -1.230249e+00 1.092903e+00 7.018254e-01
 -8.879893e-01 1.128473e+00 4.001256e-01
 -4.455255e-01 8.831523e-01 -7.423510e-02
 -2.192904e-01 8.572454e-01 -3.011723e-01
 -7.324602e-02 9.355445e-01 -5.155175e-01
 1.463579e-01 1.121610e+00 -7.204999e-01
 4.724775e-01 1.407776e+00 -7.901220e-01
 8.142360e-01 1.630463e+00 -6.818983e-01
 1.166698e+00 1.723163e+00 -4.311348e-01
 1.425440e+00 1.682895e+00 -9.832659e-02
 1.550761e+00 1.539314e+00 2.876466e-01
 1.521726e+00 1.309669e+00 6.513563e-01
 1.215602e+00 8.455635e-01 1.128617e+00
 1.143878e+00 6.701258e-01 1.457562e+00
 1.206380e+00 5.617903e-01 1.764931e+00
 1.435180e+00 3.920176e-01 2.068169e+00
 1.785634e+00 2.145403e-01 2.238919e+00
 2.172962e+00 2.442268e-02 2.233280e+00
 2.516813e+00 -1.474431e-01 2.055914e+00
 2.759666e+00 -2.793919e-01 1.741773e+00
 2.867550e+00 -3.442544e-01 1.344297e+00
 2.820636e+00 -3.388507e-01 9.279444e-01
 2.624357e+00 -2.734398e-01 5.657788e-01
 2.312613e+00 -1.722916e-01 3.200341e-01
 1.932988e+00 -6.016830e-02 2.240412e-01
 1.540233e+00 3.689283e-02 2.949643e-01
 1.237736e+00 5.377302e-02 4.904908e-01
 1.041088e+00 -2.591274e-02 6.621906e-01
 7.923934e-01 -1.944260e-01 1.066942e+00
 4.735840e-01 -2.500770e-01 1.325227e+00
 1.185833e-01 -2.599975e-01 1.436098e+00
 -2.528444e-01 -2.255911e-01 1.406718e+00
 -5.961521e-01 -1.369167e-01 1.239390e+00
 -8.487297e-01 -1.464980e-02 9.553820e-01
 -1.011664e+00 1.037936e-01 4.896121e-01
 -1.196089e+00 1.478319e-01 2.776941e-01
 -1.468858e+00 2.156346e-01 1.193946e-01
 -1.955351e+00 2.971575e-01 -9.562779e-03
 -2.302314e+00 2.319001e-01 -1.906073e-01
 -2.560349e+00 6.048716e-02 -4.434310e-01
 -2.687480e+00 -1.918750e-01 -7.273923e-01
 -2.658571e+00 -5.161441e-01 -1.036427e+00
 -2.466759e+00 -7.962795e-01 -1.269416e+00
 -2.151683e+00 -1.003152e+00 -1.408158e+00
 -1.745396e+00 -1.137033e+00 -1.411293e+00
 -1.443221e+00 -1.183640e+00 -1.293857e+00
 -1.207114e+00 -1.257606e+00 -1.055180e+00
 -8.706690e-01 -1.639943e+00 -6.244129e-01
 -6.324310e-01 -1.730801e+00 -3.183780e-01
 -3.957637e-01 -1.673592e+00 -3.335694e-02
 -1.907330e-01 -1.480816e+00 2.172588e-01
 -5.023921e-02 -1.177758e+00 3.990407e-01
 1.971294e-02 -8.009683e-01 4.766129e-01
 -2.386569e-03 -2.451920e-01 4.186107e-01
 2.738069e-02 2.413949e-02 4.185188e-01
 3.674306e-02 2.107272e-01 4.935592e-01
 8.740868e-02 7.569341e-01 9.874986e-01
 3.418921e-01 1.338518e+00 1.386806e+00
 6.442654e-01 1.579045e+00 1.588260e+00
 1.047574e+00 1.672884e+00 1.733475e+00
 1.479750e+00 1.598813e+00 1.795421e+00
 1.859832e+00 1.365390e+00 1.761006e+00
 2.113716e+00 1.043668e+00 1.611775e+00
 2.193535e+00 6.523733e-01 1.399278e+00
 2.096908e+00 3.363562e-01 1.248630e+00
