 7.275410e-01 1.612941e+00 -2.150474e+00
 1.079788e+00 1.383703e+00 -2.045708e+00
 1.300556e+00 1.052732e+00 -1.856092e+00
 1.340866e+00 6.748222e-01 -1.631625e+00
 1.195045e+00 3.160156e-01 -1.430889e+00
 8.901818e-01 2.951539e-02 -1.310195e+00
 5.495727e-01 -1.161297e-01 -1.311044e+00
 2.551601e-01 -2.279820e-01 -1.445798e+00
 -2.496765e-01 -3.743446e-01 -1.887453e+00
 -6.849485e-01 -5.584324e-01 -2.005445e+00
 -1.089653e+00 -7.974432e-01 -1.917660e+00
 -1.378578e+00 -1.025045e+00 -1.649996e+00
 -1.516428e+00 -1.182496e+00 -1.242171e+00
 -1.464775e+00 -1.254340e+00 -7.547244e-01
 -1.225771e+00 -1.215758e+00 -3.292136e-01
 -7.578428e-01 -9.712665e-01 5.169481e-02
 -5.989410e-01 -9.176233e-01 2.122758e-01
 -4.565979e-01 -9.167259e-01 3.501252e-01
 -2.815716e-01 -1.006923e+00 6.137222e-01
 -1.126713e-01 -1.250563e+00 1.226075e+00
 1.386611e-02 -1.221550e+00 1.646382e+00
 1.640109e-01 -1.014761e+00 2.008577e+00
 3.126355e-01 -6.873791e-01 2.230822e+00
 4.125439e-01 -2.802264e-01 2.299050e+00
 4.394910e-01 1.275420e-01 2.208812e+00
 4.075017e-01 4.702967e-01 1.970892e+00
 3.687962e-01 7.698007e-01 1.474766e+00
 4.654033e-01 1.040625e+00 1.216378e+00
 6.620460e-01 1.246866e+00 1.052088e+00
 9.964053e-01 1.372589e+00 8.762646e-01
 1.356795e+00 1.352995e+00 7.493848e-01
 1.685464e+00 1.189705e+00 6.333206e-01
 1.927470e+00 9.226332e-01 5.514413e-01
 2.071974e+00 5.854858e-01 5.292491e-01
 2.102204e+00 2.264705e-01 5.675594e-01
 2.019119e+00 -1.083152e-01 6.586246e-01
 1.837685e+00 -3.794170e-01 7.887473e-01
 1.583549e+00 -5.578811e-01 9.405614e-01
 1.282714e+00 -6.294491e-01 1.090007e+00
 9.603178e-01 -5.910791e-01 1.196082e+00
 2.691040e-01 -2.904190e-01 1.286849e+00
 1.098793e-01 -2.554255e-01 1.317890e+00
 2.946902e-03 -2.373956e-01 1.354098e+00
 -2.048553e-01 -2.132492e-01 1.480313e+00
 -6.097927e-01 -2.269226e-01 1.839984e+00
 -1.022275e+00 -2.560363e-01 1.970710e+00
 -1.452355e+00 -2.780117e-01 1.921150e+00
 -1.820147e+00 -2.799724e-01 1.704210e+00
 -2.065201e+00 -2.935943e-01 1.358876e+00
 -2.148378e+00 -3.280788e-01 9.408133e-01
 -2.044819e+00 -3.535687e-01 5.228358e-01
 -1.783995e+00 -3.359653e-01 1.884947e-01
 -1.469704e+00 -2.224936e-01 -4.533812e-03
 -1.170021e+00 -4.270145e-02 -4.687576e-02
 -9.845524e-01 2.348171e-01 -8.689625e-02
 -8.282221e-01 8.420957e-01 -1.360506e-01
 -5.967509e-01 1.181074e+00 -2.805564e-01
 -2.955052e-01 1.382638e+00 -5.274625e-01
 1.065184e-02 1.410600e+00 -8.429192e-01
 2.431513e-01 1.276369e+00 -1.128756e+00
 3.656322e-01 1.009040e+00 -1.396777e+00
 3.305637e-01 8.380142e-01 -1.597634e+00
 3.146155e-01 7.410149e-01 -1.798471e+00
 4.021143e-01 5.850296e-01 -2.057606e+00
 5.868139e-01 2.989000e-01 -2.268408e+00
 7.563009e-01 -4.243519e-02 -2.329086e+00
 8.745574e-01 -4.318280e-01 -2.245132e+00
 9.211171e-01 -7.699807e-01 -2.022640e+00
 8.843994e-01 -1.013788e+00 -1.696457e+00
 7.725153e-01 -1.121686e+00 -1.319019e+00
 5.683896e-01 -1.078578e+00 -9.152219e-01
 4.490785e-01 -1.094393e+00 -7.326079e-01
 3.213029e-01 -1.163935e+00 -5.599242e-01
 1.839882e-01 -1.305063e+00 -3.875570e-01
 -6.995571e-02 -1.732312e+00 -1.444460e-01
 -4.094635e-01 -1.935844e+00 1.533007e-01
 -7.612365e-01 -1.911888e+00 4.762504e-01
 -1.063539e+00 -1.673569e+00 7.408850e-01
 -1.233673e+00 -1.284483e+00 9.299551e-01
 -1.224403e+00 -8.641125e-01 1.031336e+00
 -1.100685e+00 -3.377309e-01 9.464870e-01
 -1.165727e+00 2.378907e-02 9.673041e-01
 -1.350183e+00 3.162972e-01 8.926754e-01
 -1.575634e+00 5.520877e-01 6.920285e-01
 -1.798748e+00 6.833097e-01 3.694763e-01
 -1.912201e+00 6.989922e-01 2.354532e-03
 -1.891714e+00 6.338805e-01 -3.841678e-01
 -1.763118e+00 4.583667e-01 -7.296751e-01
 -1.553488e+00 1.944748e-01 -9.670997e-01
 -1.286564e+00 -9.763856e-02 -1.057393e+00
 -8.147931e-01 -4.658203e-01 -9.756629e-01
 -6.192094e-01 -7.041122e-01 -9.853255e-01
 -5.549254e-01 -8.415148e-01 -1.018438e+00
 -4.434430e-01 -1.319717e+00 -1.233478e+00
 -1.661231e-01 -1.729638e+00 -1.275173e+00
 2.418073e-01 -2.033489e+00 -1.137330e+00
 6.193270e-01 -2.109352e+00 -8.918205e-01
 9.655155e-01 -1.970191e+00 -5.484320e-01
 1.146857e+00 -1.680762e+00 -2.286781e-01
 1.151188e+00 -1.292156e+00 3.130657e-02
 9.891143e-01 -8.963075e-01 1.671201e-01
 1.562344e-01 -1.109095e-01 3.023052e-01
 -4.220475e-02 1.472957e-01 4.073352e-01
 -5.141358e-01 8.637203e-01 9.358375e-01
 -5.639024e-01 1.136046e+00 1.200193e+00
 -4.748816e-01 1.376309e+00 1.482884e+00
 -2.617577e-01 1.550935e+00 1.743237e+00
 4.336147e-02 1.637228e+00 1.945458e+00
 3.968898e-01 1.625766e+00 2.063352e+00
 7.506118e-01 1.520735e+00 2.083259e+00
 1.057716e+00 1.338788e+00 2.005163e+00
 1.286066e+00 1.086653e+00 1.845365e+00
 1.384337e+00 8.157535e-01 1.653568e+00
 1.369834e+00 5.511155e-01 1.385450e+00
 1.263266e+00 3.991232e-01 1.136109e+00
 1.133925e+00 3.582830e-01 8.769827e-01
 1.058428e+00 3.772867e-01 6.291697e-01
 9.566213e-01 5.163357e-01 2.560846e-01
 8.621867e-01 5.647744e-01 5.049989e-02
 7.268492e-01 5.807234e-01 -1.575957e-01
 5.716474e-01 5.615827e-01 -3.251002e-01
 3.974193e-01 5.121030e-01 -4.559194e-01
 1.188457e-01 4.224945e-01 -5.806155e-01
 -1.069118e-01 3.927103e-01 -7.273336e-01
 -3.152569e-01 4.168597e-01 -9.228226e-01
 -5.477355e-01 5.903551e-01 -1.140855e+00
 -6.706168e-01 8.663489e-01 -1.397906e+00
 -6.320428e-01 1.173130e+00 -1.668288e+00
 -4.313373e-01 1.448809e+00 -1.902225e+00
 -9.999576e-02 1.643072e+00 -2.068574e+00
 3.097569e-01 1.702337e+00 -2.158423e+00
