 1.105469e-01 -7.521057e-01 1.919882e+00
 -2.379859e-01 -6.900172e-01 2.056742e+00
 -6.280712e-01 -4.442421e-01 2.099899e+00
 -9.147307e-01 -1.593220e-01 1.972583e+00
 -1.102241e+00 1.167223e-01 1.673386e+00
 -1.123051e+00 3.474954e-01 1.294517e+00
 -9.687167e-01 5.044704e-01 9.058453e-01
 -6.818791e-01 5.470372e-01 5.838786e-01
 -1.537264e-01 3.658277e-01 2.020606e-01
 6.781681e-02 3.605371e-01 5.439064e-02
 2.084262e-01 4.009930e-01 -3.751485e-02
 1.187056e+00 8.020912e-01 -3.911264e-01
 1.406496e+00 9.318883e-01 -5.761457e-01
 1.550654e+00 1.123205e+00 -8.132922e-01
 1.588594e+00 1.347039e+00 -1.062153e+00
 1.516596e+00 1.580126e+00 -1.294247e+00
 1.342919e+00 1.798277e+00 -1.483004e+00
 1.085234e+00 1.975142e+00 -1.610463e+00
 7.711149e-01 2.089642e+00 -1.662447e+00
 4.360509e-01 2.121216e+00 -1.638933e+00
 1.136740e-01 2.066812e+00 -1.542927e+00
 -1.574339e-01 1.939553e+00 -1.373917e+00
 -3.400706e-01 1.758910e+00 -1.154918e+00
 -4.136439e-01 1.597948e+00 -9.170692e-01
 -3.870760e-01 1.415503e+00 -6.565212e-01
 -3.062582e-01 1.326857e+00 -4.685831e-01
 -2.140824e-01 1.308577e+00 -2.224835e-01
 -7.596903e-02 1.365118e+00 5.571720e-02
 5.151293e-02 1.360834e+00 2.501347e-01
 1.813678e-01 1.290619e+00 4.565142e-01
 3.121833e-01 1.155958e+00 6.397577e-01
 4.379957e-01 9.678247e-01 7.779989e-01
 5.539382e-01 7.429019e-01 8.577930e-01
 6.517352e-01 5.048726e-01 8.720495e-01
 7.156567e-01 2.258385e-01 8.285692e-01
 7.305192e-01 -8.826630e-02 8.172898e-01
 8.015569e-01 -3.504822e-01 8.276531e-01
 8.891985e-01 -5.068443e-01 8.301011e-01
 1.216953e+00 -8.075088e-01 8.942634e-01
 1.393352e+00 -1.188674e+00 9.018851e-01
 1.410126e+00 -1.623503e+00 8.546433e-01
 1.281062e+00 -1.960817e+00 7.940892e-01
 1.027771e+00 -2.230511e+00 6.846353e-01
 6.771945e-01 -2.388143e+00 5.087042e-01
 3.156496e-01 -2.382197e+00 3.349975e-01
 -1.905515e-02 -2.223826e+00 1.870132e-01
 -2.764910e-01 -1.939681e+00 8.635211e-02
 -4.189882e-01 -1.574903e+00 4.702020e-02
 -4.398526e-01 -1.049861e+00 1.008388e-01
 -5.371032e-01 -6.715669e-01 8.583070e-02
 -6.625197e-01 -5.080327e-01 8.401299e-02
 -1.033075e+00 -2.957113e-01 1.199002e-01
 -1.413030e+00 -1.796235e-01 1.659434e-01
 -1.718743e+00 -3.399919e-02 9.843603e-02
 -1.961812e+00 1.617962e-01 -5.733810e-02
 -2.110300e+00 3.835659e-01 -2.821340e-01
 -2.148467e+00 6.269045e-01 -5.677362e-01
 -2.080056e+00 8.104404e-01 -8.091027e-01
 -1.919212e+00 9.568124e-01 -1.025029e+00
 -1.672481e+00 1.047954e+00 -1.213823e+00
 -1.376923e+00 1.050087e+00 -1.369945e+00
 -1.079452e+00 9.747869e-01 -1.457406e+00
 -8.010644e-01 8.453328e-01 -1.464957e+00
 -5.591547e-01 7.108029e-01 -1.384584e+00
 -2.623206e-01 5.269175e-01 -1.139578e+00
 -1.634650e-02 3.696865e-01 -1.031673e+00
 2.569204e-01 1.835171e-01 -1.059986e+00
 6.753423e-01 -1.150245e-01 -1.214418e+00
 9.017742e-01 -3.614115e-01 -1.231131e+00
 1.064125e+00 -6.335079e-01 -1.171104e+00
 1.171857e+00 -9.060862e-01 -1.025180e+00
 1.206448e+00 -1.128965e+00 -8.213670e-01
 1.161497e+00 -1.304415e+00 -5.789366e-01
 1.031011e+00 -1.429569e+00 -2.842952e-01
 8.395666e-01 -1.467316e+00 -1.778699e-02
 5.506545e-01 -1.374815e+00 3.396953e-01
 4.204606e-01 -1.398198e+00 6.141766e-01
 3.906343e-01 -1.471963e+00 9.777226e-01
 5.988290e-01 -1.647474e+00 1.681789e+00
 6.807925e-01 -1.621413e+00 1.990335e+00
 7.280501e-01 -1.499527e+00 2.287294e+00
 7.323615e-01 -1.293725e+00 2.540474e+00
 6.903536e-01 -1.025091e+00 2.723400e+00
 6.092152e-01 -7.182285e-01 2.815130e+00
 4.957863e-01 -4.064611e-01 2.803204e+00
 3.667417e-01 -1.233421e-01 2.686792e+00
 2.576550e-01 1.032515e-01 2.478811e+00
 1.583087e-01 2.521320e-01 2.188423e+00
 5.880414e-02 2.925178e-01 1.871444e+00
 -4.009882e-02 2.210165e-01 1.573766e+00
 -1.359559e-01 6.116034e-02 1.337746e+00
 -2.056446e-01 -1.190274e-01 1.193775e+00
 -4.025539e-01 -3.735565e-01 1.085324e+00
 -7.406345e-01 -7.015712e-01 1.084474e+00
 -1.036082e+00 -9.366124e-01 9.454358e-01
 -1.257707e+00 -1.103208e+00 7.127892e-01
 -1.396562e+00 -1.204295e+00 4.106539e-01
 -1.446034e+00 -1.227223e+00 8.501575e-02
 -1.395181e+00 -1.184324e+00 -2.408271e-01
 -1.245471e+00 -1.078697e+00 -5.440687e-01
 -1.027815e+00 -9.186483e-01 -7.713385e-01
 -7.234047e-01 -6.645022e-01 -9.424136e-01
 -5.799309e-01 -5.119608e-01 -1.150802e+00
 -4.151394e-01 -3.756765e-01 -1.608616e+00
 -2.602312e-01 -2.011544e-01 -1.855649e+00
 -6.792749e-02 3.325108e-02 -2.014854e+00
 1.167374e-01 2.877238e-01 -2.063015e+00
 2.844786e-01 5.703609e-01 -2.002988e+00
 4.181753e-01 8.308677e-01 -1.840891e+00
 5.159022e-01 1.036438e+00 -1.590489e+00
 5.615718e-01 1.241847e+00 -1.136820e+00
 5.765327e-01 1.370892e+00 -9.622287e-01
 6.174406e-01 1.562117e+00 -8.006285e-01
 5.506753e-01 1.863047e+00 -6.348467e-01
 3.021285e-01 2.170959e+00 -4.561520e-01
 -2.366399e-02 2.324257e+00 -3.113365e-01
 -3.941548e-01 2.320466e+00 -1.702134e-01
 -7.763094e-01 2.152122e+00 -6.504559e-02
 -1.057878e+00 1.865749e+00 -2.387327e-02
 -1.227415e+00 1.499549e+00 -6.191364e-02
 -1.256468e+00 1.124444e+00 -1.667951e-01
 -1.109873e+00 5.562927e-01 -5.054130e-01
 -1.195101e+00 2.631227e-01 -7.323596e-01
 -1.467600e+00 1.640564e-02 -1.103740e+00
 -1.537503e+00 -2.179136e-01 -1.383802e+00
 -1.492055e+00 -5.218577e-01 -1.620661e+00
 -1.356187e+00 -8.414696e-01 -1.750926e+00
 -1.140330e+00 -1.122101e+00 -1.779610e+00
 -8.574511e-01 -1.333070e+00 -1.717151e+00
 -5.244544e-01 -1.455437e+00 -1.558575e+00
 -2.406420e-01 -1.460982e+00 -1.362664e+00
 -6.082924e-03 -1.367442e+00 -1.128181e+00
 1.509015e-01 -1.187635e+00 -8.840998e-01
 2.507571e-01 -8.459204e-01 -5.972310e-01
 3.935147e-01 -6.226024e-01 -3.799972e-01
 6.166587e-01 -4.997568e-01 -2.590625e-01
 1.191073e+00 -2.903886e-01 -1.095813e-01
 1.417030e+00 -1.441904e-01 3.984046e-02
 1.620221e+00 -7.599541e-03 3.177982e-01
 1.722419e+00 7.302210e-02 6.421333e-01
 1.724439e+00 9.313568e-02 9.772565e-01
 1.623069e+00 6.340076e-02 1.290583e+00
 1.430252e+00 -2.353125e-02 1.561590e+00
 1.181741e+00 -1.829468e-01 1.755768e+00
 9.102285e-01 -3.863087e-01 1.840222e+00
 6.097668e-01 -5.836006e-01 1.807590e+00
 3.850720e-01 -6.664090e-01 1.816334e+00
