 -1.940179e+00 1.019824e+00 8.066943e-02
 -1.772809e+00 9.034632e-01 -2.182813e-01
 -1.483089e+00 7.074914e-01 -4.367464e-01
 -1.268061e+00 5.223415e-01 -5.234006e-01
 -1.038797e+00 2.173828e-01 -6.084006e-01
 -9.545689e-01 -1.378851e-01 -7.234960e-01
 -9.491933e-01 -4.797048e-01 -1.037012e+00
 -1.143332e+00 -7.168847e-01 -1.387841e+00
 -1.505781e+00 -8.381561e-01 -1.658786e+00
 -1.962196e+00 -8.663021e-01 -1.759266e+00
 -2.405863e+00 -7.997054e-01 -1.674136e+00
 -2.752625e+00 -6.587223e-01 -1.432641e+00
 -2.946609e+00 -4.740003e-01 -1.086908e+00
 -2.960751e+00 -2.791868e-01 -6.979483e-01
 -2.791164e+00 -1.084454e-01 -3.304135e-01
 -2.468644e+00 2.447706e-03 -5.698504e-02
 -2.068341e+00 -5.460274e-03 9.303046e-02
 -1.749972e+00 -1.022912e-01 1.076844e-01
 -1.555179e+00 -2.467129e-01 1.180375e-01
 -1.215639e+00 -5.972379e-01 2.171173e-01
 -8.339876e-01 -1.056111e+00 3.524597e-01
 -5.892774e-01 -1.228523e+00 3.931948e-01
 -2.163273e-01 -1.354173e+00 3.887795e-01
 1.373590e-01 -1.348385e+00 3.297346e-01
 3.949611e-01 -1.237441e+00 2.666166e-01
 5.867452e-01 -1.068563e+00 1.596180e-01
 7.413138e-01 -9.634357e-01 -2.839546e-02
 1.019467e+00 -6.587485e-01 -8.238032e-01
 1.079815e+00 -4.429081e-01 -1.088967e+00
 1.110596e+00 -1.214581e-01 -1.285122e+00
 1.116990e+00 2.422896e-01 -1.356207e+00
 1.069342e+00 5.904442e-01 -1.302503e+00
 9.804709e-01 8.817565e-01 -1.140446e+00
 7.439495e-01 1.309466e+00 -6.432805e-01
 6.339261e-01 1.623888e+00 -5.077487e-01
 3.442056e-01 1.934616e+00 -4.453934e-01
 -8.931863e-02 2.074763e+00 -3.326126e-01
 -5.045863e-01 1.995896e+00 -1.704823e-01
 -8.261945e-01 1.736633e+00 3.294574e-02
 -9.709808e-01 1.386605e+00 2.652680e-01
 -9.612878e-01 9.727005e-01 4.049733e-01
 -1.065166e+00 6.600826e-01 5.256227e-01
 -1.337565e+00 2.751171e-01 9.696236e-01
 -1.566917e+00 5.654837e-03 1.111770e+00
 -1.804200e+00 -3.007711e-01 1.112122e+00
 -2.013732e+00 -5.973705e-01 9.671074e-01
 -2.163577e+00 -8.524318e-01 6.826876e-01
 -2.226056e+00 -1.003886e+00 3.029454e-01
 -2.190022e+00 -1.012377e+00 -1.336504e-01
 -2.080083e+00 -8.405773e-01 -5.428086e-01
 -1.961006e+00 -5.970241e-01 -7.455880e-01
 -1.947584e+00 -1.582466e-01 -9.667533e-01
 -1.829261e+00 7.221843e-02 -1.279102e+00
 -1.457746e+00 2.820831e-01 -1.555902e+00
 -9.926012e-01 3.894519e-01 -1.633151e+00
 -5.409699e-01 3.835951e-01 -1.518615e+00
 -6.674633e-02 2.496175e-01 -1.166724e+00
 3.199736e-01 2.171170e-01 -7.131895e-01
 5.769316e-01 2.151592e-01 -4.671034e-01
 8.488748e-01 2.248791e-01 -3.537415e-01
 1.529663e+00 3.431192e-01 -3.157063e-01
 1.821313e+00 4.119775e-01 -1.678664e-01
 2.143864e+00 3.575314e-01 1.114392e-01
 2.370929e+00 1.521556e-01 4.282434e-01
 2.455031e+00 -1.741721e-01 7.131886e-01
 2.346989e+00 -5.372764e-01 9.622687e-01
 2.028788e+00 -8.974843e-01 1.107400e+00
 1.648502e+00 -1.168795e+00 1.023257e+00
 1.410754e+00 -1.365135e+00 7.516934e-01
 1.311343e+00 -1.729526e+00 4.144356e-01
 1.195802e+00 -1.883131e+00 1.239959e-01
 9.964389e-01 -1.945376e+00 -1.724711e-01
 7.397028e-01 -1.903947e+00 -4.257268e-01
 4.509234e-01 -1.771088e+00 -5.968460e-01
 1.576634e-01 -1.515621e+00 -6.912045e-01
 -6.482978e-02 -1.185398e+00 -6.601734e-01
 -1.714239e-01 -8.199195e-01 -4.983090e-01
 -1.777254e-01 -4.502977e-01 -1.584804e-01
 -8.991878e-02 -3.048493e-01 3.271328e-01
 4.527295e-02 -4.408435e-01 8.157756e-01
 2.216756e-01 -6.629816e-01 1.097904e+00
 5.804924e-01 -1.270558e+00 1.410047e+00
 9.009527e-01 -1.732723e+00 1.561488e+00
 1.229959e+00 -2.001484e+00 1.537493e+00
 1.583889e+00 -2.148592e+00 1.399085e+00
 1.909419e+00 -2.163235e+00 1.185025e+00
 2.164214e+00 -2.059539e+00 9.347909e-01
 2.316961e+00 -1.873236e+00 6.846765e-01
 2.360890e+00 -1.641687e+00 4.425325e-01
 2.302993e+00 -1.385423e+00 2.376493e-01
 2.147254e+00 -1.101464e+00 9.550792e-02
 1.936525e+00 -8.311824e-01 5.920022e-02
 1.698231e+00 -5.855839e-01 1.509176e-01
 1.501415e+00 -4.114849e-01 3.510395e-01
 1.419624e+00 -2.113376e-01 6.117545e-01
 1.457759e+00 7.245749e-02 1.087300e+00
 1.387541e+00 4.112615e-01 1.358572e+00
 1.199882e+00 7.885516e-01 1.492412e+00
 9.471462e-01 1.137526e+00 1.459644e+00
 6.818685e-01 1.403651e+00 1.273849e+00
 4.461642e-01 1.534031e+00 9.924999e-01
 2.588320e-01 1.522269e+00 6.943298e-01
 9.374451e-02 1.381007e+00 4.210004e-01
 -2.137495e-02 1.041517e+00 1.006046e-02
 -1.983273e-01 1.012925e+00 -3.359758e-01
 -2.721113e-01 1.152982e+00 -7.656955e-01
 -1.468942e-01 1.358451e+00 -1.163880e+00
 1.341109e-01 1.617788e+00 -1.426056e+00
 5.239219e-01 1.851779e+00 -1.512285e+00
 9.534585e-01 1.973786e+00 -1.427520e+00
 1.339169e+00 1.971603e+00 -1.187002e+00
 1.594246e+00 1.871741e+00 -8.313409e-01
 1.677813e+00 1.695722e+00 -4.425783e-01
 1.594159e+00 1.478958e+00 -9.742670e-02
 1.316377e+00 1.189114e+00 2.271690e-01
 1.036943e+00 8.950678e-01 4.493605e-01
 7.396626e-01 5.983210e-01 5.849177e-01
 5.552347e-01 5.093819e-01 7.424146e-01
 2.321650e-01 5.310258e-01 9.710996e-01
 3.517912e-03 6.189562e-01 1.099757e+00
 -6.811431e-01 1.077283e+00 1.390343e+00
 -1.007694e+00 1.230885e+00 1.393378e+00
 -1.328318e+00 1.320348e+00 1.291033e+00
 -1.629853e+00 1.324165e+00 1.097800e+00
 -1.869020e+00 1.250701e+00 8.070048e-01
 -1.979491e+00 1.141473e+00 4.462018e-01
