 2.538890e+00 5.743521e-01 9.818649e-02
 2.422673e+00 3.666468e-01 -2.213403e-02
 2.214856e+00 1.565985e-01 -1.140404e-01
 1.918597e+00 -7.670987e-04 -1.795936e-01
 1.662828e+00 -2.517657e-02 -2.074350e-01
 1.436209e+00 4.336979e-02 -2.732417e-01
 1.333728e+00 6.611648e-02 -3.266025e-01
 1.045149e+00 1.106774e-01 -5.400349e-01
 3.306743e-01 2.253863e-01 -1.124004e+00
 2.283296e-01 2.637407e-01 -1.287397e+00
 1.385254e-01 3.525688e-01 -1.492854e+00
 1.690834e-02 5.346888e-01 -1.664739e+00
 -1.837519e-01 7.451631e-01 -1.768628e+00
 -4.367382e-01 9.150854e-01 -1.787212e+00
 -7.032959e-01 1.016918e+00 -1.743964e+00
 -9.586701e-01 1.049544e+00 -1.658841e+00
 -1.179739e+00 1.022478e+00 -1.558850e+00
 -1.353526e+00 9.579281e-01 -1.456896e+00
 -1.486975e+00 8.745239e-01 -1.351111e+00
 -1.587967e+00 7.811463e-01 -1.241007e+00
 -1.665471e+00 6.727563e-01 -1.119416e+00
 -1.718387e+00 5.378567e-01 -9.778772e-01
 -1.731832e+00 3.686583e-01 -8.149541e-01
 -1.623998e+00 -1.571384e-01 -4.190430e-01
 -1.650840e+00 -5.706057e-01 -2.614060e-01
 -1.846289e+00 -1.006332e+00 -2.713889e-01
 -2.317485e+00 -1.297201e+00 -1.108828e-01
 -2.733548e+00 -1.369305e+00 3.048666e-01
 -2.882810e+00 -1.263294e+00 9.231114e-01
 -2.677697e+00 -9.211552e-01 1.493647e+00
 -2.178965e+00 -4.496320e-01 1.720901e+00
 -1.529608e+00 -7.293211e-02 1.467124e+00
 -1.086180e+00 6.924126e-02 1.179874e+00
 -7.852799e-01 6.751344e-02 1.046115e+00
 -4.528377e-01 -2.470547e-02 9.692208e-01
 -2.836016e-01 -1.239366e-01 9.624940e-01
 -2.096885e-02 -3.387741e-01 1.043941e+00
 3.660128e-01 -9.067786e-01 1.392672e+00
 8.578525e-01 -1.113973e+00 1.563547e+00
 1.408473e+00 -1.075458e+00 1.579408e+00
 1.868683e+00 -8.020258e-01 1.450333e+00
 2.114062e+00 -3.555883e-01 1.217665e+00
 2.058395e+00 1.502326e-01 9.517935e-01
 1.763426e+00 4.693596e-01 7.485223e-01
 1.613751e+00 6.297012e-01 5.578485e-01
 1.564914e+00 9.101559e-01 2.610108e-01
 1.677984e+00 1.054522e+00 -2.249289e-01
 1.823560e+00 8.776697e-01 -7.673240e-01
 1.909624e+00 4.032187e-01 -1.136597e+00
 1.824534e+00 -1.772302e-01 -1.229272e+00
 1.570848e+00 -6.830644e-01 -1.024102e+00
 1.294076e+00 -9.557366e-01 -5.528434e-01
 1.077622e+00 -8.952555e-01 -1.580422e-02
 1.099623e+00 2.408311e-01 1.839255e+00
 9.964234e-01 7.398495e-01 2.120763e+00
 6.873724e-01 1.222850e+00 2.145694e+00
 2.618105e-01 1.598075e+00 1.824769e+00
 -9.263633e-02 1.661335e+00 1.268942e+00
 -2.542884e-01 1.331552e+00 6.706867e-01
 2.275405e-04 1.643700e-01 8.182983e-03
 8.024111e-02 -4.972641e-01 2.252935e-02
 7.675478e-02 -1.401772e+00 4.355499e-01
 -3.763469e-01 -1.891359e+00 7.146994e-01
 -1.117659e+00 -1.981064e+00 8.208588e-01
 -1.719233e+00 -1.559568e+00 8.837817e-01
 -1.937497e+00 -7.675074e-01 7.349757e-01
 -2.309194e+00 -4.086426e-01 5.502524e-01
 -2.663173e+00 -2.833908e-01 -3.755834e-02
 -2.609615e+00 -4.046902e-01 -7.475655e-01
 -2.166979e+00 -6.234835e-01 -1.222266e+00
 -1.538296e+00 -8.278248e-01 -1.295787e+00
 -9.616676e-01 -8.440508e-01 -9.917698e-01
 -5.163743e-01 -8.129047e-01 -9.665095e-01
 4.835874e-01 -7.128590e-01 -1.531756e+00
 8.622797e-01 -4.118664e-01 -1.761155e+00
 1.088784e+00 1.031685e-01 -1.849961e+00
 1.117441e+00 6.323151e-01 -1.706787e+00
 9.067403e-01 1.056333e+00 -1.399983e+00
 4.732737e-01 1.256561e+00 -1.071501e+00
 -1.620535e-02 1.165290e+00 -8.354239e-01
 -4.281225e-01 8.560023e-01 -7.594874e-01
 -6.755039e-01 4.840814e-01 -8.608932e-01
 -7.748901e-01 1.983220e-01 -1.083898e+00
 -8.577307e-01 6.787551e-02 -1.426493e+00
 -7.811074e-01 -1.269608e-01 -1.740760e+00
 -7.392959e-01 -5.473156e-01 -1.987182e+00
 -7.139524e-01 -1.007271e+00 -2.005487e+00
 -6.911267e-01 -1.480139e+00 -1.773643e+00
 -7.196909e-01 -1.770727e+00 -1.396074e+00
 -7.701352e-01 -1.859024e+00 -9.321728e-01
 -8.363742e-01 -1.734802e+00 -4.911375e-01
 -9.262108e-01 -1.129533e+00 1.914329e-01
 -9.180868e-01 -1.012702e+00 4.040285e-01
 -8.742002e-01 -9.555186e-01 5.829629e-01
 -8.515711e-01 -9.384259e-01 7.425578e-01
 -8.517149e-01 -9.637398e-01 1.168932e+00
 -7.521840e-01 -7.957089e-01 1.635688e+00
 -6.144438e-01 -5.240380e-01 1.880253e+00
 -3.808967e-01 -1.293561e-01 1.994283e+00
 -1.528795e-01 2.213367e-01 1.921201e+00
 5.002650e-02 4.992665e-01 1.697494e+00
 2.728823e-01 6.539656e-01 1.347183e+00
 4.865050e-01 7.760201e-01 1.192545e+00
 7.437889e-01 9.526575e-01 1.125930e+00
 9.247273e-01 1.101026e+00 1.140952e+00
 1.241104e+00 1.307496e+00 1.221021e+00
 1.596794e+00 1.414793e+00 1.205399e+00
 1.920933e+00 1.429080e+00 1.109488e+00
 2.181638e+00 1.375359e+00 9.626064e-01
 2.371403e+00 1.279199e+00 7.915678e-01
 2.500086e+00 1.149278e+00 6.150396e-01
 2.572756e+00 9.884095e-01 4.380805e-01
 2.587355e+00 7.950611e-01 2.578135e-01
