 -1.940591e+00 1.241822e+00 -7.373632e-01
 -2.077742e+00 1.276476e+00 -2.272112e-01
 -1.965342e+00 1.187984e+00 2.960246e-01
 -1.624163e+00 1.031969e+00 6.724389e-01
 -1.132943e+00 8.749671e-01 8.128675e-01
 -6.275911e-01 7.364872e-01 6.737358e-01
 -2.915113e-01 5.929319e-01 3.162524e-01
 1.799627e-01 6.161215e-01 -9.824121e-01
 3.696691e-01 3.774917e-01 -1.392691e+00
 6.088721e-01 -1.664483e-02 -1.607992e+00
 8.557202e-01 -4.597680e-01 -1.573255e+00
 1.035320e+00 -8.591457e-01 -1.294343e+00
 1.065455e+00 -1.121333e+00 -8.575846e-01
 9.054438e-01 -1.214675e+00 -3.843549e-01
 6.150501e-01 -1.088027e+00 3.602187e-02
 2.855156e-01 -7.024116e-01 3.301089e-01
 -1.891065e-01 -9.547742e-02 1.086147e+00
 -2.237980e-01 1.439432e-01 1.456819e+00
 -5.361838e-02 2.796541e-01 1.931746e+00
 2.914408e-01 2.350979e-01 2.326679e+00
 7.188932e-01 1.299145e-02 2.536935e+00
 1.111371e+00 -3.400987e-01 2.512424e+00
 1.313993e+00 -7.073256e-01 2.297433e+00
 1.296143e+00 -9.619140e-01 2.168649e+00
 1.298146e+00 -1.227098e+00 2.113139e+00
 1.487995e+00 -1.594104e+00 1.937910e+00
 1.735642e+00 -1.828784e+00 1.543666e+00
 1.915613e+00 -1.823874e+00 1.049867e+00
 1.954189e+00 -1.587018e+00 5.744118e-01
 1.839007e+00 -1.181178e+00 2.474560e-01
 1.604725e+00 -7.156076e-01 1.576449e-01
 1.134282e+00 -1.658259e-01 3.750857e-01
 9.924785e-01 1.771067e-02 3.842136e-01
 8.997423e-01 2.282132e-01 3.645282e-01
 8.536899e-01 4.235062e-01 3.257528e-01
 7.667136e-01 1.080525e+00 6.425898e-02
 5.360808e-01 1.434677e+00 -1.885450e-01
 1.943973e-01 1.616992e+00 -4.825398e-01
 -4.858156e-01 1.587181e+00 -9.368782e-01
 -8.066563e-01 1.756481e+00 -1.073781e+00
 -1.022254e+00 1.876512e+00 -1.346210e+00
 -1.282119e+00 1.807778e+00 -1.717160e+00
 -1.509607e+00 1.537496e+00 -2.012536e+00
 -1.691852e+00 1.124364e+00 -2.153320e+00
 -1.795572e+00 6.586656e-01 -2.096699e+00
 -1.799478e+00 2.493909e-01 -1.853448e+00
 -1.582583e+00 -1.890206e-01 -1.330093e+00
 -1.504109e+00 -4.951873e-01 -1.189704e+00
 -1.357951e+00 -7.351762e-01 -1.149623e+00
 -1.045151e+00 -9.634786e-01 -1.112879e+00
 -6.681384e-01 -1.055297e+00 -1.077829e+00
 -3.012418e-01 -1.002104e+00 -9.994295e-01
 2.455797e-02 -8.090935e-01 -8.780962e-01
 3.353015e-01 -3.774550e-01 -6.759846e-01
 6.049922e-01 -2.389164e-01 -5.783848e-01
 1.144268e+00 8.054677e-02 -6.360099e-01
 1.540446e+00 3.211702e-01 -4.450347e-01
 1.809405e+00 4.869506e-01 -5.941594e-02
 1.881080e+00 5.522756e-01 4.366461e-01
 1.748237e+00 4.770129e-01 9.204665e-01
 1.443462e+00 2.823541e-01 1.273266e+00
 8.358149e-01 -1.523059e-01 1.490439e+00
 5.712677e-01 -4.970388e-01 1.628577e+00
 3.414945e-01 -7.120949e-01 1.868495e+00
 2.733639e-01 -9.490628e-01 2.318195e+00
 4.701225e-01 -1.145836e+00 2.765638e+00
 8.835615e-01 -1.267098e+00 3.072746e+00
 1.399565e+00 -1.307553e+00 3.146805e+00
 1.886839e+00 -1.261442e+00 2.972534e+00
 2.225039e+00 -1.138641e+00 2.595502e+00
 2.328095e+00 -9.857441e-01 2.106937e+00
 2.172873e+00 -8.521046e-01 1.636859e+00
 1.815326e+00 -8.071499e-01 1.292232e+00
 1.453442e+00 -8.870238e-01 1.166252e+00
 1.072368e+00 -1.154826e+00 1.043518e+00
 4.999522e-01 -1.436032e+00 1.045447e+00
 1.187269e-01 -1.509429e+00 9.429042e-01
 -2.451093e-01 -1.475179e+00 7.354738e-01
 -5.043796e-01 -1.332767e+00 4.936233e-01
 -6.597082e-01 -1.092633e+00 2.388111e-01
 -7.265046e-01 -3.590327e-01 -3.272554e-01
 -7.141918e-01 -1.984392e-01 -5.136774e-01
 -6.862143e-01 -5.825818e-02 -7.823385e-01
 -5.885424e-01 -1.960249e-02 -1.134296e+00
 -5.716397e-01 -1.377131e-01 -1.539297e+00
 -7.570373e-01 -3.795327e-01 -1.928919e+00
 -1.125972e+00 -6.502820e-01 -2.151201e+00
 -1.592451e+00 -8.286035e-01 -2.167523e+00
 -2.050291e+00 -8.579439e-01 -1.993932e+00
 -2.394996e+00 -7.580826e-01 -1.661202e+00
 -2.546604e+00 -5.689390e-01 -1.240903e+00
 -2.478703e+00 -3.284824e-01 -8.304691e-01
 -2.219584e+00 -8.968362e-02 -5.278670e-01
 -1.245028e+00 6.000935e-01 -2.082091e-01
 -1.072298e+00 9.878084e-01 -2.313009e-01
 -9.710192e-01 1.652658e+00 -2.529247e-02
 -8.177696e-01 2.116763e+00 -9.394612e-02
 -6.004384e-01 2.461281e+00 -3.456283e-01
 -3.543837e-01 2.618036e+00 -7.193051e-01
 -1.559289e-01 2.564500e+00 -1.155753e+00
 -7.162491e-02 2.316744e+00 -1.564437e+00
 -1.153774e-01 1.926040e+00 -1.849868e+00
 -2.781011e-01 1.480411e+00 -1.948290e+00
 -5.323534e-01 1.089110e+00 -1.845592e+00
 -8.664640e-01 8.488642e-01 -1.584012e+00
 -1.168277e+00 8.320332e-01 -1.279134e+00
 -1.655221e+00 1.052511e+00 -1.083132e+00
