 -1.093184e+00 1.660761e+00 -5.276149e-01
 -1.314464e+00 2.218601e+00 -2.308836e-01
 -1.438704e+00 2.476453e+00 3.855909e-01
 -1.428801e+00 2.345168e+00 1.023622e+00
 -1.279783e+00 1.888532e+00 1.464922e+00
 -1.052858e+00 1.290359e+00 1.538706e+00
 -7.578800e-01 5.133581e-01 1.081549e+00
 -7.517896e-01 2.901688e-01 9.499484e-01
 -8.566256e-01 -1.056509e-01 7.639949e-01
 -9.946476e-01 -2.864634e-01 7.143253e-01
 -1.681565e+00 -7.763557e-01 8.260149e-01
 -1.899353e+00 -1.497620e+00 5.192593e-01
 -1.573729e+00 -2.058382e+00 1.155597e-01
 -8.835361e-01 -2.268482e+00 -1.119100e-01
 -1.660274e-01 -1.975423e+00 -1.205026e-01
 2.692124e-01 -1.217291e+00 2.096721e-01
 5.207668e-01 -1.009831e+00 3.992842e-01
 8.482331e-01 -9.294184e-01 6.348111e-01
 1.299976e+00 -1.054639e+00 8.044819e-01
 1.700332e+00 -1.312790e+00 7.814403e-01
 1.979011e+00 -1.599681e+00 5.857799e-01
 2.116933e+00 -1.840170e+00 2.842009e-01
 2.123100e+00 -2.013604e+00 -5.452533e-02
 2.013661e+00 -2.108516e+00 -3.993621e-01
 1.800139e+00 -2.107846e+00 -7.248771e-01
 1.506433e+00 -1.999404e+00 -9.768130e-01
 1.167181e+00 -1.776005e+00 -1.110375e+00
 8.487216e-01 -1.460205e+00 -1.077295e+00
 6.484730e-01 -1.104703e+00 -8.879057e-01
 6.306560e-01 -7.874950e-01 -6.218579e-01
 7.638739e-01 -5.304649e-01 -4.459602e-01
 8.730938e-01 -2.935605e-01 -3.939244e-01
 9.095438e-01 1.145449e-02 -3.782967e-01
 7.692702e-01 7.886412e-01 -4.496550e-01
 7.859048e-01 1.029797e+00 -4.169396e-01
 8.539185e-01 1.250467e+00 -3.801746e-01
 9.724040e-01 1.550688e+00 -4.593376e-01
 1.000566e+00 1.867649e+00 -6.634344e-01
 9.000045e-01 2.122462e+00 -9.128038e-01
 6.994720e-01 2.286110e+00 -1.150565e+00
 4.532746e-01 2.362520e+00 -1.326233e+00
 1.987726e-01 2.366779e+00 -1.452322e+00
 4.061001e-03 2.326345e+00 -1.522904e+00
 -1.484279e-01 2.266814e+00 -1.564289e+00
 -2.713469e-01 2.199093e+00 -1.587627e+00
 -3.875874e-01 2.116946e+00 -1.600819e+00
 -5.271367e-01 1.989091e+00 -1.601650e+00
 -1.123709e+00 1.219929e+00 -1.462726e+00
 -1.335619e+00 9.370907e-01 -1.300508e+00
 -1.502543e+00 6.827219e-01 -1.009154e+00
 -1.561721e+00 5.220082e-01 -6.366922e-01
 -1.494965e+00 4.689081e-01 -2.678438e-02
 -1.565907e+00 4.136770e-01 2.268525e-01
 -1.804183e+00 4.217685e-01 7.802317e-01
 -1.715021e+00 2.327494e-01 1.385627e+00
 -1.319315e+00 -1.190422e-01 1.742171e+00
 -7.877797e-01 -5.346067e-01 1.722888e+00
 -3.954140e-01 -8.357056e-01 1.367336e+00
 -2.824912e-01 -9.237797e-01 1.298600e+00
 -1.851147e-01 -9.977774e-01 1.263838e+00
 -2.221754e-02 -1.174781e+00 1.239236e+00
 1.353559e-01 -1.446189e+00 1.229441e+00
 3.070240e-01 -1.668292e+00 1.146259e+00
 4.902648e-01 -1.829579e+00 1.009365e+00
 6.607538e-01 -1.923139e+00 8.417901e-01
 8.191185e-01 -1.963490e+00 6.448750e-01
 9.370270e-01 -1.953700e+00 4.624573e-01
 1.027578e+00 -1.898150e+00 2.700467e-01
 1.105343e+00 -1.790325e+00 8.786805e-02
 1.170688e+00 -1.649009e+00 -4.784220e-02
 1.238467e+00 -1.505854e+00 -1.233941e-01
 1.321152e+00 -1.391777e+00 -1.694486e-01
 1.451979e+00 -1.267643e+00 -2.525354e-01
 1.606085e+00 -1.104096e+00 -4.628102e-01
 1.664920e+00 -9.014034e-01 -7.660074e-01
 1.548835e+00 -6.334565e-01 -1.115076e+00
 1.201178e+00 -3.270025e-01 -1.381143e+00
 6.550481e-01 -7.508897e-02 -1.403959e+00
 9.619985e-02 3.053126e-02 -1.065938e+00
 -1.674638e-01 -4.793658e-02 -4.425842e-01
 4.094329e-01 -1.500285e-01 1.472665e+00
 3.728310e-01 -5.165510e-01 2.019084e+00
 8.606213e-02 -1.059365e+00 2.282099e+00
 -3.592478e-01 -1.505164e+00 2.181573e+00
 -7.640462e-01 -1.757036e+00 1.726934e+00
 -9.091699e-01 -1.743939e+00 1.073724e+00
 -8.236011e-01 -1.374386e+00 5.052174e-01
 -8.947662e-01 -1.223055e+00 1.799309e-01
 -1.083419e+00 -1.063669e+00 -6.054607e-02
 -1.381321e+00 -8.263213e-01 -2.090217e-01
 -2.309743e+00 -1.807324e-01 -1.914352e-01
 -2.530401e+00 3.046112e-01 -1.335391e-01
 -2.481705e+00 8.166431e-01 -4.932355e-02
 -2.219462e+00 1.215244e+00 1.039038e-01
 -1.843303e+00 1.416082e+00 3.038741e-01
 -1.282593e+00 1.415726e+00 4.933621e-01
 -8.771559e-01 1.575927e+00 5.257846e-01
 -5.677323e-01 1.818148e+00 4.019562e-01
 -3.070841e-01 1.940166e+00 1.201262e-01
 -7.686500e-02 1.900124e+00 -2.794410e-01
 -1.763930e-02 1.777450e+00 -6.268479e-01
 2.663615e-02 1.554257e+00 -8.705939e-01
 1.226771e-01 1.435131e+00 -1.058147e+00
 3.156698e-01 1.351237e+00 -1.264231e+00
 7.065168e-01 1.225942e+00 -1.422341e+00
 1.193440e+00 1.089856e+00 -1.368288e+00
 1.631714e+00 9.540244e-01 -1.030566e+00
 1.827712e+00 8.534813e-01 -4.494268e-01
 1.637634e+00 7.967364e-01 1.731283e-01
 1.078745e+00 8.106179e-01 5.772728e-01
 4.099945e-01 9.045264e-01 5.589634e-01
 -5.555986e-01 9.357044e-01 -2.245127e-01
 -8.573109e-01 1.236792e+00 -4.459228e-01
