 1.551564e+00 -2.323658e+00 5.562404e-01
 1.582751e+00 -2.059796e+00 8.265601e-01
 1.555431e+00 -1.712465e+00 9.954030e-01
 1.485786e+00 -1.325007e+00 1.026939e+00
 1.378687e+00 -9.581999e-01 9.084765e-01
 1.260883e+00 -6.725781e-01 6.539295e-01
 1.168746e+00 -5.116520e-01 2.993062e-01
 1.143600e+00 -4.893830e-01 -1.552546e-01
 1.462943e+00 -6.776288e-01 -8.093344e-01
 1.503828e+00 -6.919839e-01 -1.267386e+00
 1.422404e+00 -5.468198e-01 -1.696512e+00
 1.236644e+00 -2.774269e-01 -2.000443e+00
 9.820681e-01 6.842679e-02 -2.128612e+00
 6.997947e-01 4.310728e-01 -2.052472e+00
 4.698552e-01 7.485039e-01 -1.779759e+00
 3.390398e-01 9.450796e-01 -1.367738e+00
 3.208140e-01 1.000314e+00 -5.762766e-01
 3.080686e-01 1.052003e+00 -3.865698e-01
 3.121366e-01 1.138640e+00 -2.172541e-01
 4.759967e-01 1.396648e+00 3.003596e-01
 4.396466e-01 1.492994e+00 7.260648e-01
 2.392594e-01 1.504049e+00 1.117622e+00
 -9.017708e-02 1.431381e+00 1.400196e+00
 -4.860310e-01 1.291575e+00 1.520355e+00
 -8.578657e-01 1.088645e+00 1.467093e+00
 -1.135936e+00 8.398626e-01 1.264180e+00
 -1.360870e+00 5.925636e-01 8.378682e-01
 -1.572441e+00 4.479622e-01 6.970937e-01
 -1.813457e+00 3.652529e-01 5.900512e-01
 -2.160112e+00 3.976359e-01 4.592207e-01
 -2.488456e+00 5.847114e-01 3.378824e-01
 -2.715276e+00 8.931182e-01 2.094049e-01
 -2.793844e+00 1.254703e+00 7.182567e-02
 -2.716165e+00 1.621769e+00 -5.906582e-02
 -2.496832e+00 1.949221e+00 -1.351515e-01
 -2.170790e+00 2.182422e+00 -1.441431e-01
 -1.787542e+00 2.284765e+00 -8.765249e-02
 -1.405106e+00 2.239681e+00 2.276439e-02
 -1.081774e+00 2.053302e+00 1.671697e-01
 -6.663002e-01 1.477529e+00 4.393798e-01
 -3.696083e-01 8.577423e-01 5.639532e-01
 -4.731672e-02 2.228175e-01 1.151439e+00
 1.209648e-02 -1.057900e-01 1.301161e+00
 -2.227627e-02 -4.699471e-01 1.362850e+00
 -1.475300e-01 -8.181114e-01 1.325790e+00
 -3.649108e-01 -1.116815e+00 1.193005e+00
 -6.408567e-01 -1.292804e+00 1.002817e+00
 -9.240903e-01 -1.332229e+00 7.665274e-01
 -1.175710e+00 -1.233884e+00 4.696782e-01
 -1.344117e+00 -1.004993e+00 1.830687e-01
 -1.410422e+00 -6.759212e-01 -3.674087e-02
 -1.365597e+00 -2.951816e-01 -1.566678e-01
 -9.993113e-01 5.388283e-01 -1.872267e-01
 -8.264096e-01 8.764940e-01 -4.142613e-01
 -5.352401e-01 1.567464e+00 -6.686016e-01
 -2.089008e-01 1.869595e+00 -7.390540e-01
 2.239737e-01 2.009636e+00 -7.582279e-01
 6.693526e-01 1.957512e+00 -7.234192e-01
 1.046583e+00 1.726261e+00 -6.359917e-01
 1.280915e+00 1.369198e+00 -4.899236e-01
 1.329184e+00 9.222593e-01 -3.088206e-01
 1.388343e+00 7.237682e-01 -2.475973e-01
 1.481871e+00 5.587181e-01 -2.074946e-01
 1.593085e+00 4.293235e-01 -1.676770e-01
 1.911038e+00 1.789983e-01 -7.476599e-02
 2.104865e+00 -1.406410e-01 -3.350451e-03
 2.172473e+00 -5.006689e-01 5.033562e-02
 2.110002e+00 -8.607830e-01 7.536040e-02
 1.932389e+00 -1.174150e+00 5.594306e-02
 1.665815e+00 -1.390037e+00 1.995470e-02
 1.357275e+00 -1.482231e+00 8.952542e-03
 1.133838e+00 -1.511658e+00 8.719909e-02
 8.839075e-01 -1.626992e+00 1.973549e-01
 5.158462e-01 -1.839586e+00 1.554913e-01
 1.260809e-01 -1.963229e+00 -8.479366e-02
 -1.798099e-01 -1.917230e+00 -4.380587e-01
 -3.502001e-01 -1.713624e+00 -8.170762e-01
 -3.493287e-01 -1.394106e+00 -1.157434e+00
 -1.772338e-01 -1.020234e+00 -1.383361e+00
 1.072456e-01 -7.040743e-01 -1.442734e+00
 8.710608e-01 1.206897e-01 -1.067431e+00
 1.650324e+00 5.305891e-01 -1.262188e+00
 2.194378e+00 8.682430e-01 -9.355594e-01
 2.370725e+00 1.144717e+00 -2.934234e-01
 2.113686e+00 1.191512e+00 3.715089e-01
 1.584755e+00 9.649575e-01 7.703534e-01
 9.926147e-01 5.964990e-01 7.333707e-01
 2.845038e-01 9.327062e-02 -3.668755e-02
 -4.650545e-01 2.302874e-02 -9.197238e-01
 -7.873478e-01 1.286006e-01 -1.136373e+00
 -1.185489e+00 2.978744e-01 -1.199061e+00
 -1.540996e+00 5.299083e-01 -1.089928e+00
 -1.780616e+00 7.994564e-01 -8.366291e-01
 -1.857960e+00 1.048945e+00 -4.901712e-01
 -1.751600e+00 1.277834e+00 1.285408e-01
 -1.865142e+00 1.414993e+00 5.025124e-01
 -2.055742e+00 1.359476e+00 8.662696e-01
 -2.198262e+00 1.060606e+00 1.267874e+00
 -2.156941e+00 6.220217e-01 1.537517e+00
 -1.903409e+00 1.668700e-01 1.637335e+00
 -1.533904e+00 -1.832089e-01 1.522444e+00
 -1.151632e+00 -3.591785e-01 1.209893e+00
 -8.610096e-01 -3.124160e-01 7.978393e-01
 -7.386197e-01 -3.289163e-01 6.507846e-01
 -6.188348e-01 -3.717481e-01 5.397000e-01
 -4.592009e-01 -5.054497e-01 3.729091e-01
 -3.262049e-01 -6.895196e-01 2.357741e-01
 -2.455194e-01 -7.728249e-01 1.539028e-01
 -1.572201e-01 -8.394601e-01 6.416909e-02
 -6.334806e-02 -8.878665e-01 -3.183530e-02
 2.747837e-01 -9.895911e-01 -3.840798e-01
 3.949877e-01 -1.064910e+00 -5.161903e-01
 5.251694e-01 -1.191382e+00 -6.507833e-01
 6.207244e-01 -1.361129e+00 -7.735135e-01
 7.513324e-01 -1.638326e+00 -8.419624e-01
 8.890114e-01 -1.928888e+00 -8.042787e-01
 1.038672e+00 -2.198297e+00 -6.576675e-01
 1.192469e+00 -2.398714e+00 -4.148204e-01
 1.339863e+00 -2.496349e+00 -1.085869e-01
 1.466706e+00 -2.472848e+00 2.288331e-01
