 1.547412e+00 -3.369729e-01 -6.063390e-01
 1.713508e+00 -4.736491e-01 -1.885126e-01
 1.763891e+00 -4.375219e-01 2.001911e-01
 1.621192e+00 -2.589290e-01 6.512952e-01
 1.283895e+00 4.096332e-02 9.653664e-01
 9.075666e-01 3.523065e-01 1.024974e+00
 4.197174e-01 6.566882e-01 8.151852e-01
 1.999785e-01 7.741595e-01 8.353252e-01
 -9.209551e-02 8.582149e-01 9.062283e-01
 -4.217282e-01 8.174016e-01 9.818184e-01
 -7.469468e-01 6.505966e-01 1.027629e+00
 -1.004597e+00 4.102489e-01 9.809452e-01
 -1.172099e+00 1.359863e-01 8.573009e-01
 -1.246669e+00 -1.399487e-01 6.591294e-01
 -1.161183e+00 -8.059191e-01 -2.073302e-04
 -1.219931e+00 -1.015234e+00 -2.574952e-01
 -1.388669e+00 -1.140301e+00 -5.134118e-01
 -1.738112e+00 -1.296984e+00 -7.126490e-01
 -2.163523e+00 -1.412900e+00 -7.434702e-01
 -2.579283e+00 -1.495596e+00 -5.809952e-01
 -2.888013e+00 -1.547559e+00 -2.516848e-01
 -3.027599e+00 -1.557745e+00 1.864691e-01
 -2.961255e+00 -1.522057e+00 6.514102e-01
 -2.688660e+00 -1.459540e+00 1.043993e+00
 -2.259633e+00 -1.396779e+00 1.270765e+00
 -1.772130e+00 -1.348768e+00 1.270620e+00
 -1.347694e+00 -1.365540e+00 1.051568e+00
 -1.118556e+00 -1.466883e+00 7.510055e-01
 -9.572365e-01 -1.750087e+00 4.612825e-01
 -5.932968e-01 -2.078937e+00 3.718939e-01
 -1.894090e-02 -2.146319e+00 3.258733e-01
 5.097464e-01 -1.872408e+00 2.526818e-01
 8.038775e-01 -1.338045e+00 1.675777e-01
 7.335159e-01 -3.125633e-01 1.136193e-01
 8.389833e-01 6.946965e-02 1.101920e-02
 1.070696e+00 3.685228e-01 -1.491425e-03
 1.414578e+00 5.197597e-01 4.519085e-03
 1.856182e+00 5.540445e-01 -1.258876e-01
 2.212722e+00 4.420328e-01 -3.790041e-01
 2.425014e+00 2.237011e-01 -6.863443e-01
 2.460981e+00 -4.415038e-02 -1.024907e+00
 2.322226e+00 -3.330427e-01 -1.312801e+00
 2.040142e+00 -5.889265e-01 -1.499172e+00
 1.668750e+00 -7.686203e-01 -1.558480e+00
 1.272207e+00 -8.452863e-01 -1.488402e+00
 9.134938e-01 -8.103837e-01 -1.307045e+00
 3.925910e-01 -5.322881e-01 -8.218984e-01
 -6.867318e-03 -3.739979e-01 -6.225021e-01
 -7.111813e-01 -2.409545e-01 -7.606587e-01
 -1.222092e+00 -1.023456e-01 -7.685067e-01
 -1.697651e+00 -1.472914e-01 -6.032231e-01
 -2.060218e+00 -3.754744e-01 -3.053345e-01
 -2.195626e+00 -6.949001e-01 4.900793e-03
 -2.124324e+00 -1.049421e+00 2.414540e-01
 -2.017547e+00 -1.334738e+00 2.709791e-01
 -1.999065e+00 -1.598905e+00 2.688567e-01
 -1.990488e+00 -1.939163e+00 4.278737e-01
 -1.837569e+00 -2.240536e+00 7.304982e-01
 -1.535396e+00 -2.386715e+00 1.057310e+00
 -1.128952e+00 -2.355742e+00 1.306662e+00
 -7.054016e-01 -2.149756e+00 1.418051e+00
 -3.511936e-01 -1.819560e+00 1.350998e+00
 -1.441360e-01 -1.445866e+00 1.103651e+00
 -1.236448e-01 -1.167068e+00 7.298063e-01
 -2.077094e-01 -1.073051e+00 2.886262e-01
 -2.722448e-01 -1.372208e+00 -5.299216e-01
 -3.241774e-01 -1.276355e+00 -1.087456e+00
 -2.789514e-01 -9.232418e-01 -1.521954e+00
 -1.591837e-01 -4.227491e-01 -1.702425e+00
 5.002359e-03 9.791097e-02 -1.582052e+00
 1.667608e-01 4.860967e-01 -1.184443e+00
 2.270324e-01 6.661636e-01 -5.447640e-01
 2.311238e-01 8.477869e-01 -3.050371e-01
 1.755092e-01 1.071854e+00 -1.443564e-01
 -1.572422e-01 1.586529e+00 1.695305e-01
 -1.475382e-01 2.035817e+00 4.663500e-01
 1.266220e-01 2.447311e+00 6.798421e-01
 5.838363e-01 2.688788e+00 7.721138e-01
 1.098770e+00 2.716720e+00 7.205704e-01
 1.540532e+00 2.546964e+00 5.219383e-01
 1.804306e+00 2.229110e+00 2.251649e-01
 1.829688e+00 1.844120e+00 -8.955030e-02
 1.623955e+00 1.517441e+00 -3.787938e-01
 1.317159e+00 1.356550e+00 -5.572968e-01
 1.085386e+00 1.327945e+00 -6.755404e-01
 6.626594e-01 1.505892e+00 -9.713267e-01
 1.826228e-01 1.600846e+00 -1.027011e+00
 -2.885820e-01 1.480790e+00 -9.740644e-01
 -6.241231e-01 1.205064e+00 -8.055305e-01
 -7.948259e-01 8.528806e-01 -4.713077e-01
 -7.258295e-01 5.328514e-01 -8.924573e-02
 -3.208312e-01 8.918631e-02 2.627792e-01
 -2.230696e-01 -1.079259e-01 5.557678e-01
 -1.438672e-01 -2.007803e-01 9.910208e-01
 -2.791261e-02 1.865784e-03 1.506794e+00
 1.369367e-01 3.878506e-01 1.802285e+00
 3.664896e-01 8.218827e-01 1.854228e+00
 5.961483e-01 1.219282e+00 1.674799e+00
 7.625239e-01 1.485705e+00 1.329847e+00
 8.623864e-01 1.784975e+00 2.865090e-01
 7.972506e-01 2.009897e+00 1.586888e-02
 8.759020e-01 2.246910e+00 -2.368156e-01
 1.059882e+00 2.379892e+00 -5.431838e-01
 1.285625e+00 2.350498e+00 -8.856788e-01
 1.478009e+00 2.148882e+00 -1.202174e+00
 1.620410e+00 1.791446e+00 -1.432089e+00
 1.672289e+00 1.402657e+00 -1.518998e+00
 1.654133e+00 1.006479e+00 -1.466135e+00
 1.445296e+00 1.322637e-01 -9.970614e-01
 1.448180e+00 -8.056826e-02 -8.301295e-01
