 2.119493e+00 7.492501e-01 9.513032e-01
 2.448542e+00 1.171388e+00 8.697700e-01
 2.576704e+00 1.593621e+00 6.010404e-01
 2.517369e+00 1.898253e+00 1.945100e-01
 2.261354e+00 2.038411e+00 -2.333682e-01
 1.862641e+00 1.988101e+00 -5.623435e-01
 1.426936e+00 1.749770e+00 -7.176216e-01
 9.124062e-01 1.198346e+00 -6.495882e-01
 8.149388e-01 1.062149e+00 -6.554508e-01
 7.087268e-01 9.004464e-01 -6.987805e-01
 6.452501e-01 7.772296e-01 -7.533028e-01
 5.885868e-01 6.370202e-01 -8.413891e-01
 4.640407e-01 4.707304e-01 -1.042437e+00
 3.640506e-01 3.902365e-01 -1.234398e+00
 8.823913e-02 3.062182e-01 -1.728043e+00
 -1.865232e-01 2.002212e-01 -1.972418e+00
 -4.889943e-01 6.144354e-02 -2.099075e+00
 -7.861625e-01 -9.857400e-02 -2.112190e+00
 -1.061411e+00 -2.489187e-01 -2.019362e+00
 -1.290025e+00 -3.823975e-01 -1.833893e+00
 -1.439733e+00 -4.916754e-01 -1.573085e+00
 -1.478372e+00 -5.656298e-01 -1.327234e+00
 -1.428475e+00 -6.709705e-01 -1.066625e+00
 -1.316294e+00 -8.844249e-01 -8.549606e-01
 -1.291830e+00 -1.072491e+00 -7.425020e-01
 -1.358233e+00 -1.320334e+00 -5.944876e-01
 -1.524673e+00 -1.543686e+00 -4.268181e-01
 -1.777713e+00 -1.693258e+00 -2.455983e-01
 -2.065279e+00 -1.732493e+00 -7.096406e-02
 -2.359708e+00 -1.660300e+00 8.762019e-02
 -2.632526e+00 -1.470892e+00 2.198133e-01
 -2.851007e+00 -1.170534e+00 2.951021e-01
 -2.963821e+00 -7.819418e-01 3.043243e-01
 -2.926800e+00 -3.616745e-01 2.401262e-01
 -2.718976e+00 1.486408e-02 1.101123e-01
 -2.361685e+00 2.566967e-01 -7.214235e-02
 -1.918321e+00 2.940947e-01 -2.506979e-01
 -1.486484e+00 1.185049e-01 -3.360943e-01
 -1.247537e+00 -7.140784e-02 -2.625126e-01
 -1.122318e+00 -1.549938e-01 -1.967125e-01
 -9.403498e-01 -2.335696e-01 -6.094183e-02
 -7.470651e-01 -2.628256e-01 1.124375e-01
 -7.765666e-02 -1.482906e-01 8.650448e-01
 3.223251e-02 -1.511643e-01 1.033284e+00
 1.109219e-01 -1.811786e-01 1.189539e+00
 1.696139e-01 -2.442048e-01 1.420620e+00
 2.544733e-01 -4.278833e-01 1.641289e+00
 3.849544e-01 -6.365406e-01 1.783752e+00
 5.498378e-01 -8.225384e-01 1.850688e+00
 7.269527e-01 -9.742208e-01 1.861499e+00
 9.165439e-01 -1.088594e+00 1.834291e+00
 1.104640e+00 -1.165699e+00 1.776027e+00
 1.292513e+00 -1.206127e+00 1.694619e+00
 1.485025e+00 -1.211556e+00 1.582481e+00
 1.665643e+00 -1.181406e+00 1.434898e+00
 1.824708e+00 -1.109255e+00 1.242871e+00
 1.938021e+00 -9.886385e-01 1.016401e+00
 1.983688e+00 -8.204241e-01 7.750031e-01
 1.945187e+00 -6.087025e-01 5.401234e-01
 1.634483e+00 -6.543816e-02 9.233988e-02
 1.587249e+00 3.923291e-02 -7.525698e-03
 1.532565e+00 1.575043e-01 -1.779109e-01
 1.481950e+00 2.445926e-01 -4.197833e-01
 1.591902e+00 4.126648e-01 -9.318240e-01
 1.500358e+00 6.725359e-01 -1.324753e+00
 1.209686e+00 9.501135e-01 -1.603374e+00
 8.199644e-01 1.206763e+00 -1.676096e+00
 3.913029e-01 1.368251e+00 -1.557937e+00
 -4.303025e-03 1.356579e+00 -1.298427e+00
 -2.671086e-01 1.204961e+00 -9.508230e-01
 -3.483634e-01 9.733908e-01 -6.370705e-01
 -4.222834e-01 8.701326e-01 -4.948626e-01
 -5.371728e-01 7.921149e-01 -3.568809e-01
 -6.406115e-01 7.559155e-01 -1.798330e-01
 -8.997399e-01 7.572289e-01 2.583741e-01
 -1.219248e+00 5.305973e-01 5.871309e-01
 -1.516539e+00 1.313902e-01 7.187932e-01
 -1.757993e+00 -2.964700e-01 6.047665e-01
 -1.916387e+00 -6.161916e-01 2.938051e-01
 -1.992210e+00 -7.180569e-01 -2.877714e-02
 -2.089186e+00 -7.228409e-01 -2.283091e-01
 -2.260340e+00 -8.031664e-01 -4.695332e-01
 -2.346378e+00 -1.022483e+00 -7.726569e-01
 -2.257868e+00 -1.277948e+00 -1.099448e+00
 -1.976951e+00 -1.482555e+00 -1.403878e+00
 -1.531216e+00 -1.552321e+00 -1.626296e+00
 -1.018390e+00 -1.429419e+00 -1.687725e+00
 -5.924161e-01 -1.103909e+00 -1.569996e+00
 -4.040136e-01 -6.326860e-01 -1.310900e+00
 -5.416777e-01 -1.575070e-01 -1.076545e+00
 -1.176622e+00 6.094369e-01 -1.202357e+00
 -1.369388e+00 1.249712e+00 -8.511539e-01
 -1.044233e+00 1.740829e+00 -3.562253e-01
 -4.056926e-01 1.769344e+00 9.669184e-02
 1.676213e-01 1.273389e+00 3.091266e-01
 3.926798e-01 3.913984e-01 1.465770e-01
 6.960812e-01 -4.813932e-01 -2.914156e-01
 1.242188e+00 -7.819130e-01 -5.825684e-01
 1.898619e+00 -6.832972e-01 -7.203133e-01
 2.405208e+00 -2.589170e-01 -6.061032e-01
 2.550063e+00 3.256118e-01 -3.822008e-01
 2.299068e+00 8.788842e-01 -2.040587e-01
 1.770580e+00 1.162381e+00 6.187805e-02
 1.580370e+00 1.438500e+00 3.211054e-01
 1.512829e+00 1.602744e+00 7.120019e-01
 1.481161e+00 1.549867e+00 1.197697e+00
 1.503238e+00 1.270704e+00 1.620061e+00
 1.490046e+00 8.226330e-01 1.860771e+00
 1.401039e+00 3.105441e-01 1.855326e+00
 1.314905e+00 -1.296728e-01 1.586014e+00
 1.108866e+00 -4.044771e-01 1.078615e+00
 9.529147e-01 -6.734944e-01 8.969407e-01
 6.616201e-01 -9.761282e-01 8.420900e-01
 2.275826e-01 -1.165369e+00 9.125396e-01
 -2.364030e-01 -1.150343e+00 1.089930e+00
 -6.238585e-01 -9.051569e-01 1.310795e+00
 -8.361919e-01 -4.878228e-01 1.484198e+00
 -8.295995e-01 -1.154616e-03 1.582188e+00
 -6.040677e-01 4.349119e-01 1.603481e+00
 -2.291129e-01 7.215805e-01 1.541237e+00
 1.876071e-01 8.116953e-01 1.418964e+00
 1.249932e+00 6.048331e-01 8.273497e-01
 1.715628e+00 5.495817e-01 8.832254e-01
