 -1.527922e+00 -1.024955e+00 -2.434957e-01
 -1.515688e+00 -1.206109e+00 -7.590232e-02
 -1.512724e+00 -1.353538e+00 1.903399e-01
 -1.483398e+00 -1.411487e+00 5.355163e-01
 -1.425318e+00 -1.348800e+00 8.784927e-01
 -1.338115e+00 -1.179207e+00 1.167993e+00
 -1.102703e+00 -8.007798e-01 1.502675e+00
 -9.138979e-01 -6.773337e-01 1.838170e+00
 -6.254551e-01 -6.822644e-01 2.088110e+00
 -1.679471e-01 -7.170629e-01 2.203091e+00
 2.685613e-01 -7.476878e-01 2.115638e+00
 6.121567e-01 -7.295807e-01 1.869258e+00
 8.325732e-01 -6.478739e-01 1.486938e+00
 8.689440e-01 -5.401418e-01 1.057075e+00
 7.250869e-01 -4.508529e-01 6.749139e-01
 4.149852e-01 -2.778783e-01 3.585998e-01
 2.692538e-01 -2.132328e-01 8.699959e-02
 2.309037e-01 -2.189308e-01 -9.621605e-02
 2.345756e-01 -2.878688e-01 -4.198779e-01
 3.900977e-01 -6.663040e-01 -1.262716e+00
 5.457999e-01 -7.236836e-01 -1.589192e+00
 7.678058e-01 -6.750147e-01 -1.877623e+00
 1.029010e+00 -5.313003e-01 -2.086541e+00
 1.301291e+00 -2.926435e-01 -2.202853e+00
 1.517539e+00 3.488442e-04 -2.209202e+00
 1.661544e+00 3.065703e-01 -2.105515e+00
 1.729157e+00 5.857159e-01 -1.903258e+00
 1.723774e+00 8.079437e-01 -1.598162e+00
 1.677650e+00 8.931124e-01 -1.301283e+00
 1.682655e+00 8.488340e-01 -9.412983e-01
 1.968056e+00 7.929461e-01 -3.693877e-01
 2.007406e+00 7.202082e-01 -1.698597e-02
 1.914978e+00 6.251326e-01 3.255102e-01
 1.695533e+00 5.299081e-01 6.167043e-01
 1.376544e+00 4.773552e-01 8.156690e-01
 9.985588e-01 4.896775e-01 8.990571e-01
 6.967811e-01 5.710991e-01 8.604150e-01
 4.704275e-01 7.166494e-01 8.164610e-01
 1.126905e-01 1.129270e+00 9.103537e-01
 -2.214378e-01 1.326321e+00 9.045092e-01
 -5.808830e-01 1.413206e+00 8.097507e-01
 -9.777101e-01 1.362525e+00 6.365287e-01
 -1.245835e+00 1.183681e+00 4.630173e-01
 -1.403291e+00 8.929363e-01 2.287465e-01
 -1.393031e+00 5.461894e-01 -6.709283e-02
 -1.230582e+00 2.512286e-01 -2.848187e-01
 -8.935991e-01 -7.094038e-02 -4.207495e-01
 -7.595889e-01 -3.061733e-01 -5.500661e-01
 -7.054281e-01 -5.600093e-01 -7.633656e-01
 -7.987224e-01 -8.665776e-01 -9.892782e-01
 -1.016828e+00 -1.147575e+00 -1.136988e+00
 -1.335765e+00 -1.369735e+00 -1.191548e+00
 -1.703314e+00 -1.499347e+00 -1.134651e+00
 -2.054138e+00 -1.539142e+00 -9.538308e-01
 -2.332601e+00 -1.477851e+00 -6.820168e-01
 -2.499913e+00 -1.323797e+00 -3.610944e-01
 -2.532818e+00 -1.099384e+00 -4.039247e-02
 -2.422076e+00 -8.486005e-01 2.400914e-01
 -2.184123e+00 -6.231356e-01 4.480182e-01
 -1.851662e+00 -4.520926e-01 5.521692e-01
 -1.494642e+00 -3.793477e-01 5.485042e-01
 -1.218683e+00 -4.179716e-01 4.966042e-01
 -9.256761e-01 -5.520574e-01 4.583455e-01
 -5.846750e-01 -8.604194e-01 2.816054e-01
 -1.048815e-01 -1.154783e+00 1.214167e-01
 1.867181e-01 -1.226414e+00 3.246521e-02
 4.881822e-01 -1.209058e+00 -5.563420e-02
 7.892415e-01 -1.099233e+00 -1.402228e-01
 9.927971e-01 -9.411038e-01 -1.929999e-01
 1.136699e+00 -7.277554e-01 -2.355587e-01
 1.223949e+00 -4.456294e-01 -2.526396e-01
 1.239310e+00 -1.470966e-01 -2.192253e-01
 1.189843e+00 8.393473e-02 -2.152103e-01
 9.840922e-01 5.525160e-01 -1.412016e-01
 1.000961e+00 9.185402e-01 -4.017534e-02
 1.068436e+00 1.180046e+00 1.252424e-01
 1.122568e+00 1.392174e+00 4.104079e-01
 1.131797e+00 1.499677e+00 7.702964e-01
 1.098614e+00 1.483802e+00 1.123177e+00
 1.004662e+00 1.364000e+00 1.436836e+00
 8.507943e-01 1.158915e+00 1.679060e+00
 6.417335e-01 8.994963e-01 1.820980e+00
 4.222979e-01 6.310659e-01 1.841187e+00
 2.247306e-01 3.614891e-01 1.744458e+00
 -6.144677e-02 -1.571473e-01 1.333094e+00
 -1.552640e-01 -4.644239e-01 1.199800e+00
 -1.401528e-01 -6.916693e-01 1.169077e+00
 -1.369015e-01 -9.651230e-01 1.194861e+00
 -2.178203e-01 -1.294396e+00 1.343450e+00
 -3.870264e-01 -1.537153e+00 1.563597e+00
 -6.273017e-01 -1.671796e+00 1.807320e+00
 -9.329477e-01 -1.694342e+00 2.011209e+00
 -1.259432e+00 -1.599540e+00 2.150663e+00
 -1.555396e+00 -1.394527e+00 2.222235e+00
 -1.778865e+00 -1.106086e+00 2.222422e+00
 -1.903574e+00 -7.733011e-01 2.150833e+00
 -1.916606e+00 -4.392304e-01 2.016023e+00
 -1.818938e+00 -1.458196e-01 1.833956e+00
 -1.624820e+00 7.071031e-02 1.625962e+00
 -9.429832e-01 3.609339e-01 1.070444e+00
 -7.910703e-01 3.895643e-01 9.170158e-01
 -6.036633e-01 3.958411e-01 6.486488e-01
 -4.428326e-01 5.022626e-01 3.241600e-01
 -3.711504e-01 7.482270e-01 5.478715e-02
 -5.157844e-01 1.140605e+00 -2.903080e-01
 -5.650868e-01 1.310023e+00 -5.877292e-01
 -5.248371e-01 1.408547e+00 -9.453388e-01
 -3.986754e-01 1.405279e+00 -1.305216e+00
 -2.258999e-01 1.311082e+00 -1.582459e+00
 -1.345174e-02 1.132747e+00 -1.777490e+00
 2.319853e-01 9.002654e-01 -1.865653e+00
 4.890532e-01 6.507563e-01 -1.831450e+00
 7.192879e-01 4.033192e-01 -1.675682e+00
 9.770775e-01 1.636089e-01 -1.321473e+00
 1.200539e+00 -1.045220e-02 -1.225177e+00
 1.514839e+00 -1.342559e-01 -1.194742e+00
 1.902726e+00 -1.224552e-01 -1.175515e+00
 2.245280e+00 2.622526e-02 -1.186491e+00
 2.513306e+00 2.927994e-01 -1.204928e+00
 2.663949e+00 6.291022e-01 -1.204915e+00
 2.689535e+00 9.813235e-01 -1.171409e+00
 2.593533e+00 1.315563e+00 -1.111528e+00
 2.389119e+00 1.593810e+00 -1.049555e+00
 2.104839e+00 1.784208e+00 -9.976272e-01
 1.776333e+00 1.868243e+00 -9.585268e-01
 1.441144e+00 1.840395e+00 -9.334118e-01
 1.135215e+00 1.706801e+00 -9.219734e-01
 5.602424e-01 1.182211e+00 -9.084230e-01
 2.744583e-01 7.849617e-01 -8.330925e-01
 1.447767e-01 6.310194e-01 -8.695906e-01
 -6.708729e-02 4.951126e-01 -9.815321e-01
 -2.401103e-01 4.218128e-01 -1.087062e+00
 -6.515191e-01 3.434409e-01 -1.341284e+00
 -1.043283e+00 1.884081e-01 -1.410928e+00
 -1.400179e+00 -3.667960e-02 -1.319396e+00
 -1.657235e+00 -3.046182e-01 -1.085445e+00
 -1.753128e+00 -5.232636e-01 -7.778238e-01
 -1.692685e+00 -7.003831e-01 -4.861505e-01
 -1.586774e+00 -8.593015e-01 -3.433583e-01
