 -8.300940e-01 -1.268631e+00 2.240747e+00
 -1.043425e+00 -1.137981e+00 1.792586e+00
 -1.041046e+00 -8.765575e-01 1.359496e+00
 -8.301279e-01 -5.683569e-01 1.049061e+00
 -4.730086e-01 -3.542993e-01 8.972150e-01
 -1.060190e-01 -3.063193e-01 8.190857e-01
 5.759320e-01 -3.411678e-01 9.139037e-01
 9.108875e-01 -3.826179e-01 8.466056e-01
 1.207727e+00 -4.247135e-01 6.674526e-01
 1.427287e+00 -4.600868e-01 3.984369e-01
 1.566822e+00 -4.760465e-01 1.401558e-02
 1.583156e+00 -4.390137e-01 -7.070552e-01
 1.729752e+00 -5.371619e-01 -1.132675e+00
 1.916001e+00 -8.733150e-01 -1.450113e+00
 1.922271e+00 -1.413899e+00 -1.636498e+00
 1.686070e+00 -1.936008e+00 -1.620695e+00
 1.301253e+00 -2.290177e+00 -1.379754e+00
 8.859836e-01 -2.365422e+00 -9.872051e-01
 5.675154e-01 -2.137772e+00 -5.634605e-01
 4.440874e-01 -1.677443e+00 -2.397514e-01
 5.551983e-01 -9.767865e-01 -1.066482e-01
 5.415545e-01 -3.927869e-01 -9.865568e-02
 5.860119e-01 -1.918001e-01 -1.181429e-01
 8.504679e-01 3.127711e-01 -2.408746e-01
 8.665487e-01 7.167612e-01 -3.480398e-01
 7.197830e-01 1.096717e+00 -4.096595e-01
 4.350863e-01 1.388976e+00 -4.268672e-01
 5.037081e-02 1.551610e+00 -3.993914e-01
 -5.657373e-01 1.561076e+00 -2.672369e-01
 -7.809678e-01 1.593888e+00 -2.633128e-01
 -1.059191e+00 1.698169e+00 -2.885501e-01
 -1.438675e+00 1.767600e+00 -5.333670e-01
 -1.749336e+00 1.638505e+00 -8.419449e-01
 -1.949109e+00 1.331397e+00 -1.114235e+00
 -2.008778e+00 8.762029e-01 -1.296921e+00
 -1.903440e+00 4.279726e-01 -1.337352e+00
 -1.645441e+00 5.143576e-02 -1.255284e+00
 -1.292727e+00 -1.757259e-01 -1.063593e+00
 -7.886577e-01 -2.385488e-01 -6.556266e-01
 -5.773794e-01 -3.599601e-01 -3.927869e-01
 -4.648430e-01 -5.879086e-01 -1.709839e-01
 -4.171679e-01 -1.121762e+00 2.036519e-01
 -2.256339e-01 -1.335455e+00 6.296535e-01
 -8.473571e-02 -1.311159e+00 1.107225e+00
 -2.522276e-02 -1.046949e+00 1.558034e+00
 -9.012388e-02 -6.722741e-01 1.793552e+00
 -2.638222e-01 -4.695370e-01 1.901375e+00
 -4.331232e-01 -3.071197e-01 2.083779e+00
 -4.884233e-01 6.877986e-02 2.376398e+00
 -4.241001e-01 5.774191e-01 2.464964e+00
 -2.953786e-01 1.052330e+00 2.305119e+00
 -1.424049e-01 1.374456e+00 1.945900e+00
 -3.685812e-03 1.478027e+00 1.475455e+00
 9.066904e-02 1.348100e+00 1.021659e+00
 1.380252e-02 7.186638e-01 2.451559e-01
 -1.559065e-01 5.659455e-01 -1.420029e-01
 -1.208566e-01 5.232444e-01 -6.811282e-01
 -1.500445e-01 3.495765e-01 -1.465345e+00
 -5.522736e-02 1.171125e-01 -1.826898e+00
 1.291136e-01 -2.132098e-01 -2.053247e+00
 3.681404e-01 -5.816584e-01 -2.101547e+00
 6.160965e-01 -9.201767e-01 -1.961522e+00
 8.142812e-01 -1.171806e+00 -1.658886e+00
 1.053637e+00 -1.316676e+00 -1.031505e+00
 1.337589e+00 -1.435754e+00 -7.552240e-01
 1.679141e+00 -1.466131e+00 -6.138560e-01
 2.082249e+00 -1.335328e+00 -5.340817e-01
 2.400546e+00 -1.060550e+00 -5.191913e-01
 2.583196e+00 -6.885359e-01 -5.385321e-01
 2.610703e+00 -2.743586e-01 -6.211093e-01
 2.471297e+00 1.078929e-01 -7.539421e-01
 2.184224e+00 3.890257e-01 -9.144576e-01
 1.796699e+00 5.147026e-01 -1.073855e+00
 1.379348e+00 4.570866e-01 -1.201362e+00
 1.003966e+00 2.296695e-01 -1.252575e+00
 5.536025e-01 -3.220657e-01 -1.113495e+00
 3.023298e-01 -4.968478e-01 -1.073739e+00
 -2.041045e-01 -9.925384e-01 -1.102974e+00
 -5.328625e-01 -1.177228e+00 -1.017393e+00
 -8.675368e-01 -1.243863e+00 -8.538366e-01
 -1.187707e+00 -1.189315e+00 -6.042434e-01
 -1.386384e+00 -1.023780e+00 -3.418059e-01
 -1.486846e+00 -7.092897e-01 -4.213947e-02
 -1.426255e+00 -3.388731e-01 1.842010e-01
 -1.000205e+00 4.065843e-01 4.294744e-01
 -9.754620e-01 7.659230e-01 4.760529e-01
 -9.182670e-01 1.461329e+00 7.444224e-01
 -7.783791e-01 1.913421e+00 7.158205e-01
 -6.392662e-01 2.312439e+00 4.629944e-01
 -5.443110e-01 2.553061e+00 4.159675e-02
 -5.155928e-01 2.577713e+00 -4.533380e-01
 -5.575313e-01 2.376181e+00 -9.073988e-01
 -6.477973e-01 1.990734e+00 -1.209305e+00
 -7.626743e-01 1.515920e+00 -1.290690e+00
 -9.332767e-01 1.071294e+00 -1.140448e+00
 -1.077265e+00 8.262299e-01 -8.535896e-01
 -1.251425e+00 7.397729e-01 -5.856349e-01
 -1.850610e+00 7.591055e-01 -1.311930e-01
 -2.030699e+00 7.251848e-01 5.040947e-01
 -1.813724e+00 6.229208e-01 1.105424e+00
 -1.280178e+00 5.307392e-01 1.462386e+00
 -3.410573e-01 4.902912e-01 1.431534e+00
 -2.010474e-02 4.352626e-01 1.499170e+00
 3.236062e-01 3.712139e-01 1.761898e+00
 5.382628e-01 1.246787e-01 2.161889e+00
 5.223840e-01 -2.271426e-01 2.527819e+00
 2.985496e-01 -6.220431e-01 2.761727e+00
 -6.070229e-02 -9.792574e-01 2.787580e+00
 -4.691155e-01 -1.213920e+00 2.599564e+00
