 5.344871e-01 -1.336767e+00 1.846288e+00
 6.520789e-01 -1.113706e+00 2.067967e+00
 8.618521e-01 -8.121734e-01 2.190036e+00
 1.094958e+00 -4.882151e-01 2.167604e+00
 1.285110e+00 -1.978261e-01 1.999391e+00
 1.389278e+00 3.194005e-02 1.737744e+00
 1.409814e+00 1.846067e-01 1.409847e+00
 1.371245e+00 2.243774e-01 1.067129e+00
 1.226093e+00 1.873718e-01 7.221019e-01
 7.808699e-01 4.042571e-02 3.349749e-01
 6.431419e-01 -1.474933e-02 9.239091e-02
 6.109141e-01 -4.102799e-02 -2.253844e-01
 7.007451e-01 -7.262279e-02 -5.711027e-01
 8.265832e-01 -3.526734e-02 -8.493693e-01
 8.777403e-01 6.184501e-02 -1.139541e+00
 8.353397e-01 1.891557e-01 -1.424092e+00
 7.060053e-01 3.385679e-01 -1.664796e+00
 5.066410e-01 4.821025e-01 -1.838992e+00
 2.593713e-01 6.387698e-01 -1.932093e+00
 2.349825e-04 8.178574e-01 -1.931198e+00
 -2.357044e-01 9.879652e-01 -1.835476e+00
 -4.982725e-01 1.135940e+00 -1.627235e+00
 -7.047778e-01 1.203380e+00 -1.534588e+00
 -9.667638e-01 1.302008e+00 -1.500913e+00
 -1.264847e+00 1.308303e+00 -1.520462e+00
 -1.611461e+00 1.174350e+00 -1.538248e+00
 -1.857163e+00 9.692733e-01 -1.522491e+00
 -2.033620e+00 7.027794e-01 -1.442709e+00
 -2.117288e+00 4.125843e-01 -1.312389e+00
 -2.098457e+00 1.166936e-01 -1.151462e+00
 -1.981030e+00 -1.395134e-01 -9.949972e-01
 -1.778512e+00 -3.404858e-01 -8.491976e-01
 -1.512564e+00 -4.674019e-01 -7.286707e-01
 -1.215803e+00 -5.085775e-01 -6.465669e-01
 -9.466937e-01 -4.602115e-01 -5.898429e-01
 -7.320178e-01 -3.984360e-01 -4.838076e-01
 -4.445911e-01 -3.879098e-01 -3.148208e-01
 -3.169445e-01 -4.090512e-01 -1.396562e-01
 -2.352353e-01 -4.660347e-01 2.639288e-01
 -2.670019e-01 -5.107558e-01 5.855591e-01
 -3.413217e-01 -6.219299e-01 8.249874e-01
 -4.231237e-01 -8.320483e-01 1.101372e+00
 -4.690881e-01 -1.585388e+00 1.715336e+00
 -3.669183e-01 -1.847348e+00 1.923191e+00
 -1.547985e-01 -2.066219e+00 2.102499e+00
 1.457866e-01 -2.212698e+00 2.232167e+00
 5.009436e-01 -2.263845e+00 2.295375e+00
 8.667375e-01 -2.206987e+00 2.282420e+00
 1.194391e+00 -2.046388e+00 2.188208e+00
 1.432762e+00 -1.800751e+00 2.024695e+00
 1.548896e+00 -1.526958e+00 1.795129e+00
 1.521851e+00 -1.234418e+00 1.519274e+00
 1.340934e+00 -9.676427e-01 1.286180e+00
 1.056220e+00 -7.464042e-01 1.164274e+00
 7.085856e-01 -5.666908e-01 1.202380e+00
 4.695782e-01 -2.692246e-01 1.371752e+00
 2.391551e-01 4.200363e-01 1.837419e+00
 1.610742e-01 8.157016e-01 1.915678e+00
 1.097813e-01 1.216251e+00 1.833525e+00
 1.033478e-01 1.567525e+00 1.598963e+00
 1.339953e-01 1.795847e+00 1.263810e+00
 1.550307e-01 1.865175e+00 9.179260e-01
 1.970446e-01 1.782183e+00 5.233986e-01
 3.087896e-01 1.559304e+00 1.901026e-01
 4.488031e-01 1.283417e+00 1.357435e-02
 6.645370e-01 1.038560e+00 -4.098825e-02
 1.136323e+00 8.376065e-01 -2.076289e-01
 1.434878e+00 5.757699e-01 -2.696834e-01
 1.603039e+00 2.913719e-01 -2.669457e-01
 1.657231e+00 -1.827061e-03 -2.344887e-01
 1.611124e+00 -3.038896e-01 -1.724056e-01
 1.428869e+00 -6.491096e-01 -6.115547e-02
 1.214191e+00 -8.474595e-01 1.774528e-02
 3.799061e-01 -1.268318e+00 4.748584e-01
 1.171445e-01 -1.496271e+00 5.635739e-01
 -6.414571e-02 -1.812499e+00 5.557599e-01
 -2.367444e-01 -2.156696e+00 3.554570e-01
 -3.916498e-01 -2.371698e+00 2.791057e-03
 -5.120667e-01 -2.408355e+00 -4.167269e-01
 -5.962736e-01 -2.260901e+00 -8.249222e-01
 -6.212835e-01 -1.954704e+00 -1.149045e+00
 -5.600694e-01 -1.545965e+00 -1.337223e+00
 -2.289564e-01 -4.205916e-01 -1.358568e+00
 -1.776958e-01 -1.497887e-01 -1.292766e+00
 -9.064867e-02 4.228822e-01 -9.803227e-01
 1.492846e-01 7.429946e-01 -9.142731e-01
 4.290791e-01 1.172141e+00 -1.023006e+00
 6.574667e-01 1.436891e+00 -9.858904e-01
 8.766888e-01 1.668082e+00 -8.331496e-01
 1.068685e+00 1.825448e+00 -5.885819e-01
 1.211522e+00 1.892165e+00 -2.804733e-01
 1.293780e+00 1.857818e+00 5.841300e-02
 1.307681e+00 1.725233e+00 3.765201e-01
 1.220424e+00 1.524793e+00 6.641867e-01
 1.055119e+00 1.304045e+00 8.603311e-01
 8.018498e-01 1.077728e+00 9.728933e-01
 5.356953e-01 8.957284e-01 9.590030e-01
 3.385609e-01 8.290087e-01 9.082584e-01
 8.831188e-02 8.284946e-01 8.818488e-01
 -1.989789e-01 8.996713e-01 8.813491e-01
 -5.236340e-01 1.087439e+00 8.802717e-01
 -7.787583e-01 1.222042e+00 7.891766e-01
 -1.040481e+00 1.295865e+00 6.224006e-01
 -1.270861e+00 1.291740e+00 4.043957e-01
 -1.439226e+00 1.219630e+00 1.536050e-01
 -1.524198e+00 1.096961e+00 -1.135520e-01
 -1.519222e+00 9.337424e-01 -3.784243e-01
 -1.439391e+00 7.572776e-01 -5.844837e-01
 -1.166283e+00 4.926390e-01 -9.072665e-01
 -1.110753e+00 3.571920e-01 -1.163988e+00
 -1.108630e+00 2.760403e-01 -1.399124e+00
 -1.116478e+00 3.044079e-01 -1.774143e+00
 -1.120872e+00 4.715391e-01 -2.110840e+00
 -1.103036e+00 7.555493e-01 -2.364136e+00
 -1.031557e+00 1.085986e+00 -2.501114e+00
 -9.056352e-01 1.428456e+00 -2.516683e+00
 -7.591998e-01 1.744794e+00 -2.403985e+00
 -6.157598e-01 1.993346e+00 -2.178485e+00
 -4.984286e-01 2.144728e+00 -1.871024e+00
 -4.191227e-01 2.181290e+00 -1.522449e+00
 -3.845080e-01 2.100178e+00 -1.176491e+00
 -3.958202e-01 1.912660e+00 -8.756953e-01
 -5.090254e-01 1.191345e+00 -2.989910e-01
 -5.444194e-01 6.640681e-01 -5.881803e-02
 -9.651278e-01 2.870125e-01 2.612896e-01
 -1.173633e+00 -5.396056e-02 3.685355e-01
 -1.266008e+00 -4.348211e-01 3.828006e-01
 -1.220426e+00 -7.807624e-01 3.396976e-01
 -1.040315e+00 -1.099510e+00 2.059398e-01
 -7.555490e-01 -1.342396e+00 -6.192457e-02
 -5.163402e-01 -1.391507e+00 -2.692225e-01
 -2.028340e-01 -1.402615e+00 -3.881873e-01
 5.212559e-02 -1.549106e+00 -4.612135e-01
 3.272093e-01 -1.768823e+00 -4.191133e-01
 5.552111e-01 -1.959944e+00 -2.670945e-01
 7.272654e-01 -2.084911e+00 -4.138780e-02
 8.642060e-01 -2.151462e+00 2.793962e-01
 9.149019e-01 -2.140839e+00 6.092731e-01
 8.793269e-01 -2.062113e+00 9.354562e-01
 7.704842e-01 -1.915879e+00 1.216323e+00
 5.912140e-01 -1.673042e+00 1.453793e+00
 5.384953e-01 -1.502660e+00 1.612236e+00
