 -1.111017e+00 -1.651574e+00 1.544363e+00
 -7.537180e-01 -1.725271e+00 1.765620e+00
 -3.468060e-01 -1.668381e+00 1.877155e+00
 3.801250e-02 -1.490493e+00 1.862089e+00
 3.346124e-01 -1.221783e+00 1.725758e+00
 4.928732e-01 -9.072549e-01 1.493876e+00
 4.771145e-01 -2.413901e-01 8.888624e-01
 3.057994e-01 1.038400e-01 3.333712e-01
 2.075073e-01 2.559798e-01 2.042935e-01
 6.731275e-02 5.215369e-01 1.469253e-01
 -2.771626e-01 9.557459e-01 8.942204e-02
 -4.359112e-01 1.353959e+00 -1.083614e-01
 -4.261494e-01 1.695020e+00 -4.013471e-01
 -2.601569e-01 1.923155e+00 -7.316497e-01
 3.231936e-02 2.005260e+00 -1.046921e+00
 4.137114e-01 1.945701e+00 -1.270865e+00
 8.007521e-01 1.769258e+00 -1.347325e+00
 1.208956e+00 1.360151e+00 -1.318580e+00
 1.496187e+00 1.143883e+00 -1.452341e+00
 1.662103e+00 8.900039e-01 -1.703586e+00
 1.645788e+00 5.166605e-01 -2.000851e+00
 1.479446e+00 1.729923e-01 -2.155581e+00
 1.207896e+00 -1.746087e-01 -2.150827e+00
 8.660958e-01 -4.171943e-01 -2.002792e+00
 4.999065e-01 -5.009210e-01 -1.749940e+00
 1.992732e-01 -4.149827e-01 -1.436378e+00
 -3.557518e-02 -1.105140e-01 -9.026492e-01
 -1.947460e-01 -1.049714e-02 -7.011353e-01
 -4.051858e-01 4.785926e-02 -5.983170e-01
 -1.051503e+00 2.975983e-01 -3.105772e-01
 -1.304520e+00 3.449628e-01 -1.005157e-01
 -1.499522e+00 3.197192e-01 1.651239e-01
 -1.615765e+00 2.270400e-01 4.564438e-01
 -1.641738e+00 5.839101e-02 8.154287e-01
 -1.471108e+00 -2.962430e-01 1.353089e+00
 -1.541021e+00 -5.101939e-01 1.705086e+00
 -1.739809e+00 -7.667330e-01 1.931531e+00
 -1.996522e+00 -1.153657e+00 2.000385e+00
 -2.186116e+00 -1.554313e+00 1.864109e+00
 -2.242486e+00 -1.903725e+00 1.582912e+00
 -2.187081e+00 -2.128204e+00 1.187867e+00
 -2.029067e+00 -2.178338e+00 7.590850e-01
 -1.799109e+00 -2.041892e+00 3.829207e-01
 -1.543206e+00 -1.744591e+00 1.365877e-01
 -1.313937e+00 -1.346465e+00 7.198865e-02
 -1.052023e+00 -7.044297e-01 2.844293e-01
 -8.031762e-01 -3.813981e-01 4.018365e-01
 -6.923533e-01 -2.110129e-01 5.087453e-01
 -5.684217e-01 1.985624e-01 8.804322e-01
 -3.472129e-01 4.536061e-01 1.079051e+00
 -6.041961e-02 6.683640e-01 1.148343e+00
 2.761841e-01 8.230321e-01 1.095369e+00
 6.162769e-01 8.870974e-01 9.272738e-01
 8.996506e-01 8.678663e-01 6.513600e-01
 1.099884e+00 7.952600e-01 2.144694e-01
 1.272252e+00 8.225352e-01 -1.389034e-03
 1.516452e+00 1.000312e+00 -2.514330e-01
 1.905008e+00 1.592306e+00 -6.003747e-01
 1.993624e+00 1.846614e+00 -8.630742e-01
 1.989996e+00 2.024503e+00 -1.200876e+00
 1.893219e+00 2.095950e+00 -1.566919e+00
 1.715894e+00 2.046231e+00 -1.910406e+00
 1.483386e+00 1.877346e+00 -2.180071e+00
 1.226057e+00 1.616976e+00 -2.329110e+00
 9.618555e-01 1.318388e+00 -2.326141e+00
 7.442053e-01 1.025383e+00 -2.170906e+00
 6.413895e-01 7.662486e-01 -1.929038e+00
 6.737038e-01 5.321523e-01 -1.630376e+00
 8.089136e-01 4.031020e-01 -1.373717e+00
 1.039811e+00 2.275241e-01 -1.203324e+00
 1.522815e+00 -7.784403e-02 -1.107289e+00
 1.756265e+00 -4.243528e-01 -9.465479e-01
 1.817664e+00 -7.928269e-01 -6.895915e-01
 1.700180e+00 -1.097416e+00 -3.632074e-01
 1.435614e+00 -1.256111e+00 -3.812829e-02
 1.056472e+00 -1.249077e+00 2.212754e-01
 6.683287e-01 -1.150393e+00 3.122607e-01
 3.659065e-01 -1.023462e+00 2.571468e-01
 5.687464e-02 -8.806575e-01 7.845787e-02
 -4.974880e-01 -9.799716e-01 -5.785658e-01
 -7.192364e-01 -8.766393e-01 -9.001863e-01
 -8.709183e-01 -6.477468e-01 -1.176659e+00
 -9.209758e-01 -3.497410e-01 -1.376950e+00
 -8.618480e-01 -2.125807e-02 -1.504102e+00
 -7.172898e-01 3.207996e-01 -1.528581e+00
 -5.184121e-01 6.224569e-01 -1.437881e+00
 -2.836879e-01 8.376872e-01 -1.254302e+00
 4.390353e-01 1.104032e+00 -6.384574e-01
 6.325336e-01 1.591928e+00 -2.499191e-01
 9.024953e-01 1.792852e+00 4.171866e-02
 1.244420e+00 1.816111e+00 3.365119e-01
 1.556481e+00 1.680338e+00 5.284707e-01
 1.819993e+00 1.398516e+00 6.600909e-01
 1.977664e+00 9.858262e-01 7.288799e-01
 1.989562e+00 5.652344e-01 6.897049e-01
 1.866535e+00 1.869657e-01 5.480752e-01
 1.630340e+00 -8.387641e-02 3.295769e-01
 9.252136e-01 -3.618920e-01 -3.066319e-01
 8.058741e-01 -6.273459e-01 -5.781770e-01
 7.210577e-01 -9.526689e-01 -7.264031e-01
 5.809139e-01 -1.402512e+00 -6.949989e-01
 3.678908e-01 -1.750685e+00 -4.778846e-01
 5.319279e-02 -1.930379e+00 -1.303577e-01
 -2.180284e-01 -1.882999e+00 2.850912e-01
 -3.790279e-01 -1.624052e+00 6.790489e-01
 -4.242965e-01 -1.078044e+00 1.029511e+00
 -5.108611e-01 -8.467454e-01 1.265913e+00
 -5.110192e-01 -3.472001e-01 1.739945e+00
 -6.479877e-01 -1.595538e-02 1.926676e+00
 -9.342259e-01 2.674738e-01 2.045915e+00
 -1.315530e+00 4.373512e-01 2.077277e+00
 -1.725857e+00 4.663861e-01 2.017253e+00
 -2.097133e+00 3.524936e-01 1.878055e+00
 -2.370605e+00 1.166365e-01 1.684058e+00
 -2.504112e+00 -2.003552e-01 1.468403e+00
 -2.478668e+00 -5.384585e-01 1.254904e+00
 -2.305836e+00 -8.256435e-01 1.061932e+00
 -2.050283e+00 -1.051511e+00 9.686289e-01
 -1.801867e+00 -1.189270e+00 9.742698e-01
 -1.489013e+00 -1.348016e+00 1.107859e+00
