 2.985620e+00 -3.695584e-01 -2.850570e-01
 2.944672e+00 -2.832389e-02 3.014760e-02
 2.708497e+00 2.352056e-01 3.287764e-01
 2.327687e+00 3.785886e-01 5.433196e-01
 1.877790e+00 3.883279e-01 6.197536e-01
 1.481371e+00 2.870495e-01 5.347801e-01
 1.226883e+00 1.898722e-01 3.292800e-01
 1.053586e+00 1.646771e-01 1.169640e-01
 7.677544e-01 6.149691e-02 -6.344799e-01
 5.075899e-01 -8.955235e-02 -1.151583e+00
 2.707697e-01 -1.658455e-01 -1.477452e+00
 -5.914006e-02 -1.740510e-01 -1.702508e+00
 -4.468497e-01 -1.023232e-01 -1.801142e+00
 -8.594221e-01 2.674988e-02 -1.736096e+00
 -1.162590e+00 1.819666e-01 -1.518238e+00
 -1.330052e+00 4.064292e-01 -1.226056e+00
 -1.337510e+00 6.181414e-01 -1.035400e+00
 -1.332939e+00 9.029221e-01 -9.064058e-01
 -1.495887e+00 1.268945e+00 -8.177778e-01
 -1.839878e+00 1.545654e+00 -7.092564e-01
 -2.275349e+00 1.632580e+00 -5.603481e-01
 -2.689298e+00 1.507407e+00 -3.807368e-01
 -2.996178e+00 1.199802e+00 -2.131869e-01
 -3.132093e+00 7.780293e-01 -8.094321e-02
 -3.069743e+00 3.344224e-01 1.030716e-03
 -2.821360e+00 -4.492184e-02 3.077796e-02
 -2.440223e+00 -2.896936e-01 -1.268471e-02
 -1.997839e+00 -3.468222e-01 -9.652048e-02
 -1.570262e+00 -2.025842e-01 -1.600082e-01
 -1.329325e+00 4.358460e-02 -1.799159e-01
 -1.135650e+00 3.239279e-01 -9.299541e-02
 -9.337114e-01 1.125583e+00 2.472073e-01
 -5.469692e-01 1.475405e+00 5.019635e-01
 -3.710339e-02 1.541262e+00 6.849285e-01
 3.868900e-01 1.376963e+00 7.180830e-01
 7.421400e-01 1.180779e+00 5.153336e-01
 1.278705e+00 1.174331e+00 2.038184e-02
 1.586389e+00 9.752824e-01 -2.431754e-01
 1.832110e+00 6.149708e-01 -3.959183e-01
 1.956566e+00 1.658063e-01 -4.006321e-01
 1.961738e+00 -2.103175e-01 -2.497859e-01
 1.978878e+00 -3.882938e-01 -4.257647e-02
 2.056759e+00 -5.506551e-01 1.304922e-01
 2.109377e+00 -9.237181e-01 2.838260e-01
 1.972248e+00 -1.348357e+00 3.741867e-01
 1.666608e+00 -1.668080e+00 4.198947e-01
 1.218402e+00 -1.826927e+00 4.563843e-01
 7.629030e-01 -1.782983e+00 4.424339e-01
 3.545765e-01 -1.541096e+00 3.822247e-01
 1.577010e-01 -1.469152e+00 3.453934e-01
 -7.777770e-02 -1.451421e+00 3.129045e-01
 -3.547985e-01 -1.449815e+00 1.554302e-01
 -5.737652e-01 -1.368934e+00 -6.319928e-02
 -7.190530e-01 -1.192700e+00 -3.037671e-01
 -7.849257e-01 -9.399355e-01 -5.153152e-01
 -7.608389e-01 -6.564250e-01 -6.745728e-01
 -6.381765e-01 -3.577391e-01 -7.895787e-01
 -4.833763e-01 -2.031607e-02 -7.754364e-01
 -3.911610e-01 2.847504e-01 -8.371884e-01
 -3.139755e-01 5.988431e-01 -1.049373e+00
 -4.108961e-01 9.008508e-01 -1.396431e+00
 -7.118920e-01 1.098005e+00 -1.719003e+00
 -1.167078e+00 1.185459e+00 -1.893901e+00
 -1.660120e+00 1.154440e+00 -1.865864e+00
 -2.081737e+00 1.011944e+00 -1.638278e+00
 -2.325002e+00 8.036482e-01 -1.263806e+00
 -2.344968e+00 6.333660e-01 -8.328379e-01
 -2.212634e+00 5.892963e-01 -5.066310e-01
 -2.127937e+00 6.501463e-01 -2.963082e-01
 -2.098708e+00 7.027252e-01 1.298191e-02
 -2.004230e+00 5.477027e-01 4.503877e-01
 -1.724319e+00 2.469654e-01 7.671549e-01
 -1.346190e+00 -6.801470e-02 8.567723e-01
 -9.713196e-01 -3.150088e-01 7.195100e-01
 -3.872025e-04 -4.859239e-01 7.021775e-03
 1.623648e-01 -6.239568e-01 -2.217361e-01
 2.408146e-01 -9.018353e-01 -5.245481e-01
 2.697670e-01 -1.421490e+00 -6.811338e-01
 2.007095e-01 -1.928618e+00 -5.808004e-01
 8.186539e-02 -2.310598e+00 -2.541720e-01
 -4.522945e-02 -2.478737e+00 2.011873e-01
 -1.044185e-01 -2.416914e+00 6.781179e-01
 -1.044122e-01 -2.153221e+00 1.073671e+00
 -6.235103e-02 -1.753155e+00 1.308442e+00
 1.963460e-02 -1.305347e+00 1.347847e+00
 2.203236e-01 -5.711743e-01 1.073607e+00
 3.545286e-01 -2.940479e-01 1.009575e+00
 5.288056e-01 -8.789970e-02 1.039510e+00
 9.646721e-01 7.616229e-01 1.425314e+00
 1.160249e+00 1.169867e+00 1.455755e+00
 1.262306e+00 1.597105e+00 1.307395e+00
 1.235716e+00 1.959865e+00 9.998115e-01
 1.071684e+00 2.174263e+00 5.977183e-01
 7.976666e-01 2.188976e+00 1.973827e-01
 5.011030e-01 1.986449e+00 -1.286123e-01
 2.437553e-01 1.590829e+00 -3.152472e-01
 6.369818e-02 1.106979e+00 -2.727422e-01
 -4.151429e-03 7.631765e-01 -4.825769e-02
 -3.160380e-02 5.989640e-01 1.743892e-01
 -8.641628e-02 5.281116e-01 4.237318e-01
 -3.169803e-01 4.933460e-01 9.717687e-01
 -3.242713e-01 3.806879e-01 1.390720e+00
 -1.877950e-01 1.761193e-01 1.742625e+00
 7.591585e-02 -6.635758e-02 1.972132e+00
 4.136183e-01 -2.940675e-01 2.044482e+00
 7.481220e-01 -4.990537e-01 1.950777e+00
 1.016557e+00 -6.831682e-01 1.711164e+00
 1.175344e+00 -8.103711e-01 1.369427e+00
 1.214229e+00 -8.538042e-01 9.759726e-01
 1.102932e+00 -7.960460e-01 4.703350e-01
 1.078112e+00 -8.472579e-01 1.242422e-01
 1.200056e+00 -1.027868e+00 -2.530750e-01
 1.539153e+00 -1.153288e+00 -5.688888e-01
 1.997530e+00 -1.162172e+00 -7.228089e-01
 2.461405e+00 -1.002615e+00 -7.173587e-01
 2.815415e+00 -7.181113e-01 -5.550738e-01
