 -1.201425e+00 5.928644e-01 -7.243524e-01
 -8.279471e-01 8.909391e-01 -4.758718e-01
 -4.214485e-01 9.173373e-01 -3.185847e-01
 -1.126214e-01 8.589625e-01 -2.935686e-01
 7.256439e-01 8.918821e-01 -5.818346e-01
 1.106646e+00 7.611474e-01 -6.493060e-01
 1.420305e+00 4.968635e-01 -6.582951e-01
 1.606538e+00 1.434585e-01 -6.214283e-01
 1.637703e+00 -2.278511e-01 -5.494532e-01
 1.521297e+00 -5.841465e-01 -4.306341e-01
 1.180327e+00 -1.005040e+00 -3.038637e-01
 1.122485e+00 -1.298672e+00 -2.407268e-01
 1.143219e+00 -1.659527e+00 -2.422270e-01
 1.211404e+00 -2.077708e+00 -4.677913e-01
 1.312491e+00 -2.339483e+00 -8.544084e-01
 1.358041e+00 -2.402827e+00 -1.325007e+00
 1.306391e+00 -2.264976e+00 -1.775677e+00
 1.207353e+00 -1.942213e+00 -2.113880e+00
 1.090436e+00 -1.506812e+00 -2.263788e+00
 9.746054e-01 -1.053294e+00 -2.196680e+00
 8.782333e-01 -6.778431e-01 -1.929172e+00
 7.336754e-01 -2.318970e-01 -1.087640e+00
 6.340330e-01 -1.518677e-01 -7.321595e-01
 6.027169e-01 -1.115197e-01 -3.702064e-01
 7.530483e-01 -1.079303e-02 -7.170262e-02
 1.194240e+00 1.241316e-01 4.696658e-01
 1.271622e+00 3.711890e-01 1.006392e+00
 1.049966e+00 7.164349e-01 1.413807e+00
 5.804497e-01 1.029699e+00 1.590824e+00
 -6.129950e-02 1.269067e+00 1.434953e+00
 -2.111993e-01 1.329472e+00 1.424653e+00
 -3.502578e-01 1.400846e+00 1.439826e+00
 -5.538248e-01 1.451222e+00 1.488554e+00
 -7.470820e-01 1.451531e+00 1.525347e+00
 -9.805630e-01 1.409911e+00 1.527754e+00
 -1.199092e+00 1.328158e+00 1.486490e+00
 -1.402558e+00 1.203267e+00 1.396183e+00
 -1.580024e+00 1.052585e+00 1.238919e+00
 -1.693203e+00 8.764654e-01 1.045518e+00
 -1.730058e+00 6.702717e-01 8.311162e-01
 -1.676157e+00 4.547530e-01 6.133481e-01
 -1.527488e+00 2.544885e-01 4.118884e-01
 -1.297317e+00 9.884296e-02 2.502035e-01
 -8.204030e-01 -2.687106e-02 3.172178e-02
 -5.387592e-01 -8.201771e-02 -2.227280e-01
 -4.257768e-01 -9.618002e-02 -4.162363e-01
 -3.803102e-01 -6.044148e-02 -6.419112e-01
 -3.127640e-01 1.167547e-01 -9.850414e-01
 -2.406125e-01 5.077441e-01 -1.264433e+00
 -2.208246e-01 9.629596e-01 -1.338098e+00
 -1.861771e-01 1.413118e+00 -1.190043e+00
 -1.143430e-01 1.745711e+00 -8.552618e-01
 -4.773727e-02 1.890238e+00 -3.927002e-01
 -2.464269e-02 1.815572e+00 6.093795e-02
 -2.240276e-02 1.810629e+00 1.771177e-01
 -1.822201e-02 1.819331e+00 2.857434e-01
 -1.291536e-02 1.853747e+00 4.282733e-01
 1.512765e-02 1.935910e+00 6.128642e-01
 1.558267e-01 2.195066e+00 1.017830e+00
 2.116164e-01 2.263351e+00 1.451298e+00
 1.799304e-01 2.161931e+00 1.881718e+00
 6.596954e-02 1.909551e+00 2.227587e+00
 -9.852740e-02 1.548396e+00 2.423517e+00
 -2.743342e-01 1.139091e+00 2.431576e+00
 -4.478471e-01 7.710809e-01 2.251718e+00
 -5.958518e-01 5.144126e-01 1.912998e+00
 -6.878308e-01 4.253894e-01 1.487471e+00
 -7.308222e-01 5.265517e-01 1.046619e+00
 -7.073610e-01 8.056326e-01 6.875074e-01
 -1.078036e+00 1.848104e+00 3.213249e-01
 -8.232501e-01 2.514274e+00 2.051216e-01
 -1.767818e-01 2.867469e+00 1.326623e-01
 5.181548e-01 2.729443e+00 1.117512e-01
 9.813658e-01 2.167594e+00 2.000640e-01
 9.835929e-01 1.476696e+00 3.739062e-01
 2.831073e-01 6.500954e-01 6.328422e-01
 1.503687e-01 -2.863659e-01 1.364058e+00
 8.593000e-02 -7.215320e-01 1.464426e+00
 4.869468e-02 -1.156618e+00 1.369270e+00
 5.520910e-02 -1.512315e+00 1.100072e+00
 1.124678e-01 -1.716284e+00 7.222631e-01
 1.474591e-01 -1.739050e+00 2.800349e-01
 1.321195e-01 -1.570489e+00 -1.421726e-01
 1.194295e-01 -1.025435e+00 -6.455073e-01
 -2.224497e-02 -9.041000e-01 -1.043172e+00
 -2.296291e-01 -9.064670e-01 -1.350938e+00
 -5.622415e-01 -9.801122e-01 -1.579609e+00
 -9.546060e-01 -1.113265e+00 -1.659116e+00
 -1.304897e+00 -1.263638e+00 -1.581345e+00
 -1.606859e+00 -1.394056e+00 -1.354011e+00
 -1.821221e+00 -1.457752e+00 -1.004239e+00
 -1.889948e+00 -1.462535e+00 -5.944471e-01
 -1.794956e+00 -1.419517e+00 -1.873779e-01
 -1.549928e+00 -1.330507e+00 1.459576e-01
 -1.197874e+00 -1.206216e+00 3.454368e-01
 -6.103669e-02 -7.259132e-01 4.415997e-01
 2.429888e-01 -7.255119e-01 4.372517e-01
 1.140742e+00 -9.434929e-01 7.391938e-01
 1.629519e+00 -1.085578e+00 6.418602e-01
 1.997417e+00 -1.253273e+00 3.149277e-01
 2.158140e+00 -1.408768e+00 -1.832181e-01
 2.071176e+00 -1.465651e+00 -6.712795e-01
 1.779920e+00 -1.422925e+00 -1.059759e+00
 1.351130e+00 -1.361128e+00 -1.246010e+00
 9.394291e-01 -1.441299e+00 -1.237474e+00
 4.498586e-01 -1.791305e+00 -1.280211e+00
 1.042354e-01 -1.910094e+00 -1.221872e+00
 -2.823073e-01 -1.901094e+00 -1.103654e+00
 -5.803657e-01 -1.783108e+00 -9.406749e-01
 -7.675557e-01 -1.588542e+00 -7.680383e-01
 -8.722022e-01 -1.308073e+00 -6.422870e-01
 -9.567647e-01 -1.015358e+00 -6.329572e-01
 -1.336062e+00 -4.390151e-01 -8.014049e-01
 -1.383002e+00 1.167311e-01 -8.404797e-01
