 6.434139e-01 -1.950610e-01 2.427447e+00
 4.230131e-01 -1.618154e-01 2.471042e+00
 1.701073e-01 -1.240381e-01 2.460850e+00
 -1.049230e-01 -9.456964e-02 2.374354e+00
 -3.589213e-01 -7.717980e-02 2.197123e+00
 -5.568938e-01 -5.792311e-02 1.918748e+00
 -6.274230e-01 -4.197501e-02 1.611058e+00
 -5.967098e-01 3.133584e-02 1.348546e+00
 -5.500787e-01 1.921919e-01 1.147191e+00
 -5.680838e-01 3.301285e-01 1.004208e+00
 -7.423461e-01 7.497184e-01 5.464234e-01
 -8.484817e-01 1.003570e+00 2.887345e-01
 -9.453629e-01 1.232375e+00 1.290012e-01
 -9.798484e-01 1.367806e+00 8.260644e-02
 -9.814690e-01 1.583495e+00 4.720759e-02
 -9.478910e-01 1.776553e+00 4.137101e-02
 -8.616746e-01 1.977613e+00 3.025731e-02
 -7.482120e-01 2.131095e+00 2.038081e-02
 -6.088328e-01 2.255598e+00 1.059613e-02
 -4.368480e-01 2.358566e+00 -1.347563e-02
 -2.328035e-01 2.427648e+00 -4.830890e-02
 2.050514e-02 2.454645e+00 -1.083637e-01
 2.771304e-01 2.416763e+00 -1.746669e-01
 5.526859e-01 2.287439e+00 -2.395502e-01
 8.027739e-01 2.046575e+00 -2.921088e-01
 9.684471e-01 1.699183e+00 -3.204745e-01
 9.924027e-01 1.291966e+00 -3.159617e-01
 5.600600e-01 1.092839e-01 -2.711654e-01
 1.647303e-01 -2.950685e-01 -4.079066e-01
 -9.699840e-01 -5.846339e-01 -5.895260e-01
 -1.407695e+00 -5.832892e-01 -9.185353e-01
 -1.622797e+00 -5.023809e-01 -1.420211e+00
 -1.552553e+00 -3.656342e-01 -1.949153e+00
 -1.239677e+00 -2.606203e-01 -2.346454e+00
 -7.700537e-01 -1.667875e-01 -2.532970e+00
 -2.591701e-01 -5.664455e-02 -2.459960e+00
 1.519507e-01 -4.731537e-04 -2.147815e+00
 4.105587e-01 -6.425244e-02 -1.624831e+00
 5.760387e-01 -7.820177e-02 -1.458677e+00
 7.962896e-01 -1.391772e-01 -1.327499e+00
 1.010943e+00 -2.436428e-01 -1.239364e+00
 1.529754e+00 -5.617840e-01 -1.178043e+00
 1.913478e+00 -9.299143e-01 -9.722215e-01
 2.040510e+00 -1.362274e+00 -5.202116e-01
 1.781307e+00 -1.720412e+00 -5.148700e-02
 1.247722e+00 -1.909814e+00 2.007937e-01
 5.790170e-01 -1.776523e+00 2.562752e-01
 2.132730e-01 -1.709571e+00 4.769181e-01
 1.777461e-03 -1.601499e+00 8.872295e-01
 -2.648658e-02 -1.386642e+00 1.234234e+00
 6.344720e-02 -9.960057e-01 1.495714e+00
 2.315533e-01 -6.065152e-01 1.556064e+00
 3.668283e-01 -2.417218e-01 1.456163e+00
 4.019993e-01 -2.434630e-02 1.459125e+00
 3.861295e-01 2.716582e-01 1.553114e+00
 2.019812e-01 6.225354e-01 1.692076e+00
 -1.548090e-01 8.808529e-01 1.799221e+00
 -6.339717e-01 9.794076e-01 1.809494e+00
 -1.132092e+00 8.564074e-01 1.704353e+00
 -1.496207e+00 5.471945e-01 1.434547e+00
 -1.594912e+00 1.472837e-01 1.046794e+00
 -1.374326e+00 -2.635783e-01 6.971494e-01
 -9.065759e-01 -5.308565e-01 4.911909e-01
 4.954681e-01 -7.081516e-01 5.351975e-01
 7.932960e-01 -9.084789e-01 7.618572e-01
 9.554340e-01 -1.131448e+00 9.807958e-01
 9.956877e-01 -1.532285e+00 1.204362e+00
 8.899422e-01 -1.992763e+00 1.250020e+00
 6.845488e-01 -2.441295e+00 1.062166e+00
 4.547963e-01 -2.694323e+00 7.474194e-01
 2.194441e-01 -2.753663e+00 3.562730e-01
 2.736470e-02 -2.612734e+00 -3.349488e-02
 -8.187137e-02 -2.304805e+00 -3.465494e-01
 -7.644474e-02 -1.604483e+00 -6.640475e-01
 -3.405369e-02 -1.412824e+00 -7.883285e-01
 7.597116e-02 -1.172101e+00 -1.026395e+00
 1.608380e-01 -1.087265e+00 -1.138912e+00
 2.491139e-01 -1.051144e+00 -1.258673e+00
 5.901142e-01 -1.085596e+00 -1.735235e+00
 9.316188e-01 -8.334055e-01 -2.096424e+00
 1.178389e+00 -3.936708e-01 -2.258193e+00
 1.254373e+00 1.148120e-01 -2.223590e+00
 1.101535e+00 6.083336e-01 -2.035674e+00
 7.805901e-01 9.127047e-01 -1.707479e+00
 3.749574e-01 9.372448e-01 -1.314765e+00
 -5.185274e-02 6.185340e-01 -9.430557e-01
 -2.391887e-01 5.763002e-01 -7.793501e-01
 -4.455809e-01 5.637591e-01 -6.637448e-01
 -1.112670e+00 4.336374e-01 -5.146763e-01
 -1.447146e+00 4.571629e-01 -3.382930e-01
 -1.714323e+00 5.742729e-01 -6.876985e-02
 -1.861590e+00 7.826836e-01 2.575409e-01
 -1.849308e+00 1.061168e+00 5.848185e-01
 -1.659221e+00 1.354908e+00 8.572989e-01
 -1.297444e+00 1.581543e+00 1.034648e+00
 -8.253081e-01 1.688236e+00 1.063268e+00
 -3.686107e-01 1.692222e+00 8.872773e-01
 -4.038549e-02 1.595009e+00 5.357708e-01
 5.473199e-02 1.463759e+00 1.432928e-01
 -2.584595e-02 1.432600e+00 -2.564393e-01
 -1.572705e-01 1.557137e+00 -5.577576e-01
 -3.972333e-01 1.596161e+00 -8.127505e-01
 -6.424181e-01 1.435215e+00 -1.179247e+00
 -7.817627e-01 1.139499e+00 -1.445103e+00
 -8.311959e-01 7.832918e-01 -1.589846e+00
 -7.995740e-01 4.102821e-01 -1.617854e+00
 -6.857902e-01 9.910912e-04 -1.509930e+00
 -6.262572e-01 -2.213671e-01 -1.503038e+00
 -5.997637e-01 -3.510379e-01 -1.528852e+00
 -5.938776e-01 -5.041574e-01 -1.570799e+00
 -6.552380e-01 -1.086003e+00 -1.802105e+00
 -3.949546e-01 -1.689028e+00 -1.805815e+00
 1.084589e-01 -2.060114e+00 -1.612154e+00
 6.299318e-01 -2.071224e+00 -1.269053e+00
 9.815206e-01 -1.716687e+00 -8.911181e-01
 1.005551e+00 -1.002830e+00 -4.064228e-01
 1.423012e+00 -6.075789e-01 2.385356e-02
 1.563317e+00 -4.559079e-01 2.859323e-01
 1.619078e+00 -3.530938e-01 5.762917e-01
 1.592887e+00 -3.000407e-01 8.870393e-01
 1.301644e+00 -2.828403e-01 1.838293e+00
 1.221973e+00 -2.765915e-01 1.990689e+00
 1.134991e+00 -2.670981e-01 2.108197e+00
 1.044636e+00 -2.556202e-01 2.201323e+00
 9.430349e-01 -2.414333e-01 2.282796e+00
 8.162152e-01 -2.224393e-01 2.358850e+00
