 -1.655300e+00 1.587125e+00 -1.721093e+00
 -1.408142e+00 1.616780e+00 -2.052839e+00
 -1.083550e+00 1.532229e+00 -2.289141e+00
 -7.401379e-01 1.339966e+00 -2.400949e+00
 -4.366070e-01 1.075816e+00 -2.372460e+00
 -2.014190e-01 7.987952e-01 -2.199257e+00
 -6.493004e-02 5.636048e-01 -1.915046e+00
 -4.655724e-02 4.003448e-01 -1.568594e+00
 -1.185091e-01 3.491537e-01 -1.228089e+00
 -2.317464e-01 4.279162e-01 -8.899852e-01
 -3.678240e-01 6.574902e-01 -5.690925e-01
 -6.505441e-01 1.375301e+00 -1.725789e-01
 -6.470257e-01 1.675685e+00 9.342052e-04
 -5.290120e-01 1.948191e+00 1.876044e-01
 -3.104055e-01 2.159341e+00 3.584311e-01
 -3.670421e-03 2.285485e+00 5.145916e-01
 3.742016e-01 2.298041e+00 6.366320e-01
 7.050726e-01 2.187341e+00 6.855101e-01
 9.832615e-01 1.959220e+00 6.780647e-01
 1.181817e+00 1.692296e+00 5.822259e-01
 1.282459e+00 1.433514e+00 4.142181e-01
 1.315395e+00 1.307045e+00 2.529621e-01
 1.379202e+00 1.210500e+00 1.094463e-01
 1.638357e+00 9.838340e-01 -2.934310e-01
 1.704518e+00 7.430107e-01 -6.029288e-01
 1.634131e+00 4.827516e-01 -8.649719e-01
 1.443274e+00 2.294323e-01 -1.049229e+00
 1.154706e+00 -1.528446e-02 -1.126542e+00
 8.344799e-01 -2.286749e-01 -1.063251e+00
 2.377224e-01 -4.669053e-01 -7.214560e-01
 -4.069890e-02 -5.244656e-01 -6.214763e-01
 -2.655219e-01 -6.106247e-01 -5.910387e-01
 -4.727580e-01 -7.602209e-01 -5.747036e-01
 -5.749698e-01 -8.653687e-01 -6.007109e-01
 -8.383076e-01 -1.113365e+00 -7.646519e-01
 -1.163714e+00 -1.338065e+00 -7.978795e-01
 -1.463857e+00 -1.519682e+00 -7.019252e-01
 -1.698994e+00 -1.623113e+00 -5.112999e-01
 -1.873005e+00 -1.691155e+00 -2.268075e-01
 -1.955195e+00 -1.725627e+00 1.462393e-01
 -1.933158e+00 -1.698264e+00 4.780200e-01
 -1.816638e+00 -1.623850e+00 7.812437e-01
 -1.620434e+00 -1.508981e+00 1.022776e+00
 -1.366970e+00 -1.364071e+00 1.178104e+00
 -1.087201e+00 -1.204181e+00 1.231105e+00
 -7.012110e-01 -1.012934e+00 1.162720e+00
 -3.941278e-01 -9.475762e-01 1.146859e+00
 -8.708382e-02 -9.441554e-01 1.196903e+00
 1.272814e-01 -1.009624e+00 1.294801e+00
 4.154125e-01 -1.221481e+00 1.442694e+00
 7.531638e-01 -1.396485e+00 1.461296e+00
 1.159176e+00 -1.440022e+00 1.410862e+00
 1.529865e+00 -1.341759e+00 1.283329e+00
 1.803357e+00 -1.139547e+00 1.058094e+00
 1.939375e+00 -8.767076e-01 7.632128e-01
 1.906180e+00 -5.901462e-01 4.589483e-01
 1.709591e+00 -3.145927e-01 2.043351e-01
 1.017043e+00 1.540094e-01 -1.271814e-01
 8.461750e-01 3.311457e-01 -2.042919e-01
 7.106215e-01 5.490829e-01 -3.859833e-01
 6.514295e-01 9.535055e-01 -8.477981e-01
 4.460612e-01 1.188912e+00 -1.061919e+00
 1.366545e-01 1.353313e+00 -1.186436e+00
 -2.798397e-01 1.374889e+00 -1.319592e+00
 -6.164203e-01 1.253186e+00 -1.378030e+00
 -8.220588e-01 1.066954e+00 -1.414908e+00
 -9.398305e-01 8.844770e-01 -1.500475e+00
 -1.075079e+00 7.386594e-01 -1.639169e+00
 -1.337079e+00 6.005256e-01 -1.754354e+00
 -1.640875e+00 4.042004e-01 -1.742530e+00
 -1.905117e+00 1.484373e-01 -1.599244e+00
 -2.062188e+00 -9.372328e-02 -1.360921e+00
 -2.099215e+00 -3.150135e-01 -1.057588e+00
 -2.008979e+00 -4.852703e-01 -7.326181e-01
 -1.615543e+00 -6.712290e-01 -1.597124e-01
 -1.477717e+00 -7.657206e-01 -1.156174e-02
 -1.312648e+00 -9.139426e-01 1.204763e-01
 -1.173457e+00 -1.075263e+00 2.025538e-01
 -1.100052e+00 -1.172633e+00 2.186806e-01
 -9.774646e-01 -1.422276e+00 2.132516e-01
 -8.776712e-01 -1.896490e+00 7.660782e-02
 -5.994734e-01 -2.238801e+00 -7.948570e-02
 -1.865364e-01 -2.462063e+00 -1.118226e-01
 2.573856e-01 -2.496803e+00 -4.511264e-02
 6.790771e-01 -2.318097e+00 5.266961e-02
 9.850944e-01 -1.952324e+00 1.788324e-01
 1.081531e+00 -1.516199e+00 3.124169e-01
 9.443724e-01 -1.006098e+00 4.988595e-01
 9.165116e-01 -7.138338e-01 7.130413e-01
 9.781615e-01 -5.540891e-01 9.048182e-01
 1.045479e+00 -4.260487e-01 1.231349e+00
 1.011799e+00 -2.302817e-01 1.529409e+00
 9.613528e-01 4.389512e-02 1.729621e+00
 8.796559e-01 3.469298e-01 1.817058e+00
 7.294401e-01 6.799802e-01 1.793525e+00
 5.582782e-01 9.669619e-01 1.649717e+00
 3.952820e-01 1.191901e+00 1.388417e+00
 2.703433e-01 1.307284e+00 1.070721e+00
 2.023248e-01 1.306629e+00 7.960679e-01
 2.296414e-01 1.283624e+00 5.145702e-01
 3.093249e-01 1.363480e+00 1.569140e-01
 3.717393e-01 1.519637e+00 -4.630345e-02
 5.489772e-01 1.777033e+00 -2.346344e-01
 8.741532e-01 1.992189e+00 -3.589577e-01
 1.249272e+00 2.126661e+00 -3.520753e-01
 1.637101e+00 2.138723e+00 -2.461901e-01
 1.971455e+00 2.026976e+00 -6.122093e-02
 2.202676e+00 1.813187e+00 1.749787e-01
 2.301582e+00 1.527138e+00 4.158906e-01
 2.260536e+00 1.208820e+00 6.281399e-01
 2.083045e+00 9.103051e-01 7.945691e-01
 1.795920e+00 6.736620e-01 8.897991e-01
 1.442773e+00 5.305634e-01 8.983608e-01
 9.217187e-01 5.010734e-01 8.108028e-01
 6.390860e-01 3.992765e-01 7.948134e-01
 4.923821e-01 3.388448e-01 8.387436e-01
 2.227827e-01 2.004141e-01 1.040611e+00
 6.171752e-02 1.127526e-01 1.252187e+00
 -1.373378e-01 -9.057625e-02 1.751847e+00
 -2.538934e-01 -3.623084e-01 2.017562e+00
 -3.480304e-01 -7.235213e-01 2.161927e+00
 -4.005715e-01 -1.112505e+00 2.163842e+00
 -4.118069e-01 -1.507860e+00 2.013512e+00
 -3.875451e-01 -1.785130e+00 1.759204e+00
 -3.288738e-01 -1.936473e+00 1.420182e+00
 -2.078683e-01 -1.957825e+00 1.055357e+00
 -4.282988e-02 -1.837652e+00 7.093790e-01
 3.759001e-02 -1.635190e+00 4.720395e-01
 5.245059e-02 -1.521977e+00 2.926602e-01
 7.938580e-02 -1.465004e+00 1.936285e-02
 2.160002e-01 -1.542646e+00 -6.486198e-01
 1.007763e-01 -1.380557e+00 -1.208116e+00
 -1.314058e-01 -1.010947e+00 -1.544809e+00
 -4.809951e-01 -5.887262e-01 -1.613790e+00
 -8.631079e-01 -2.983892e-01 -1.426889e+00
 -1.095011e+00 -7.076312e-02 -1.012450e+00
 -1.224007e+00 1.666555e-01 -8.137373e-01
 -1.466424e+00 4.698371e-01 -7.212627e-01
 -1.687011e+00 8.281142e-01 -8.038577e-01
 -1.804412e+00 1.163121e+00 -1.029911e+00
 -1.790558e+00 1.434004e+00 -1.352525e+00
