 1.334666e+00 -1.542499e+00 4.552794e-01
 1.492778e+00 -1.407432e+00 2.452260e-01
 1.983452e+00 -1.334546e+00 -3.037526e-01
 2.110285e+00 -9.936620e-01 -8.644481e-01
 1.920283e+00 -4.967295e-01 -1.221313e+00
 1.496544e+00 -1.596629e-02 -1.260930e+00
 1.043923e+00 2.905347e-01 -9.554983e-01
 8.139209e-01 3.610359e-01 -4.831919e-01
 9.076232e-01 4.209546e-01 1.262343e-02
 1.068668e+00 6.450840e-01 3.040184e-01
 1.145694e+00 1.059274e+00 5.157102e-01
 1.054818e+00 1.477718e+00 5.932370e-01
 8.095858e-01 1.822543e+00 5.954121e-01
 4.840569e-01 2.044860e+00 5.128379e-01
 1.460740e-01 2.140536e+00 3.527050e-01
 -5.556419e-01 2.072037e+00 -1.049155e-01
 -6.759096e-01 2.039818e+00 -1.625360e-01
 -9.708029e-01 1.890400e+00 -3.197103e-01
 -1.214965e+00 1.799449e+00 -6.338702e-01
 -1.289797e+00 1.695241e+00 -9.873216e-01
 -1.221644e+00 1.391673e+00 -1.370930e+00
 -1.026706e+00 9.868397e-01 -1.574078e+00
 -7.686261e-01 5.504450e-01 -1.543978e+00
 -4.849909e-01 1.971170e-01 -1.272288e+00
 -2.317459e-01 3.603492e-02 -8.179061e-01
 -5.510849e-02 1.424803e-01 1.085607e-01
 -3.717535e-02 5.381566e-02 4.483803e-01
 -1.065913e-01 -1.604896e-01 7.721831e-01
 -1.484100e-01 -4.988390e-01 9.781845e-01
 -1.134108e-01 -8.960005e-01 1.050244e+00
 -6.799865e-03 -1.279213e+00 9.762805e-01
 2.605429e-01 -1.849836e+00 5.932158e-01
 3.166269e-01 -2.089340e+00 5.415027e-01
 3.090787e-01 -2.261356e+00 4.749108e-01
 2.817038e-01 -2.520206e+00 2.716986e-01
 2.437747e-01 -2.674409e+00 3.573392e-02
 2.374359e-01 -2.760371e+00 -2.582863e-01
 2.652465e-01 -2.753978e+00 -5.652219e-01
 3.367706e-01 -2.656560e+00 -8.660612e-01
 4.673270e-01 -2.462738e+00 -1.136776e+00
 6.150992e-01 -2.189577e+00 -1.314228e+00
 7.579109e-01 -1.864160e+00 -1.376343e+00
 8.784436e-01 -1.538859e+00 -1.315540e+00
 9.657740e-01 -1.261120e+00 -1.153351e+00
 1.102916e+00 -7.870519e-01 -6.212231e-01
 1.196088e+00 -6.308069e-01 -4.660538e-01
 1.350062e+00 -4.902582e-01 -3.156141e-01
 1.597391e+00 -3.070429e-01 -2.369816e-01
 1.808822e+00 -1.380411e-03 -2.544954e-01
 1.883939e+00 4.047307e-01 -3.319670e-01
 1.761555e+00 8.517792e-01 -4.365822e-01
 1.417005e+00 1.218218e+00 -5.023879e-01
 9.505862e-01 1.398923e+00 -4.510723e-01
 5.121598e-01 1.350115e+00 -2.870879e-01
 1.923990e-01 1.162823e+00 4.675695e-02
 3.142119e-02 9.654451e-01 9.259387e-01
 -4.325474e-01 8.562438e-01 1.375280e+00
 -1.086142e+00 8.696559e-01 1.479154e+00
 -1.662446e+00 9.939246e-01 1.178220e+00
 -1.904207e+00 1.231278e+00 6.339660e-01
 -1.842334e+00 1.555718e+00 3.251536e-01
 -1.874319e+00 2.282574e+00 3.511877e-02
 -1.681753e+00 2.659814e+00 -2.440799e-01
 -1.342412e+00 2.841181e+00 -5.798196e-01
 -9.398282e-01 2.777974e+00 -8.925235e-01
 -5.752657e-01 2.480675e+00 -1.105977e+00
 -3.127978e-01 2.012005e+00 -1.141190e+00
 -2.503950e-01 1.495649e+00 -9.681543e-01
 -4.346373e-01 1.102630e+00 -7.362487e-01
 -6.505345e-01 9.493128e-01 -5.729126e-01
 -1.087208e+00 7.607515e-01 -5.530967e-01
 -2.345364e+00 9.401736e-01 -3.517144e-01
 -2.762352e+00 1.233697e+00 -5.490195e-02
 -2.889716e+00 1.599195e+00 3.729516e-01
 -2.713092e+00 1.910096e+00 8.014652e-01
 -2.312809e+00 2.085710e+00 1.108412e+00
 -1.812799e+00 2.119147e+00 1.209901e+00
 -1.338075e+00 2.013219e+00 1.109040e+00
 -1.009237e+00 1.787602e+00 8.803153e-01
 -8.653280e-01 1.473970e+00 6.408422e-01
 -8.864817e-01 1.177263e+00 4.378086e-01
 -9.327730e-01 7.480207e-01 4.411023e-01
 -9.752709e-01 5.846077e-01 4.278620e-01
 -1.063173e+00 6.912855e-02 3.047138e-01
 -9.861204e-01 -2.847131e-01 2.107888e-01
 -7.651992e-01 -6.138627e-01 1.209397e-01
 -4.557078e-01 -8.208490e-01 5.599111e-02
 -1.392500e-01 -8.819872e-01 2.080518e-02
 3.085689e-01 -8.520795e-01 7.469209e-02
 1.181130e+00 -5.516627e-01 8.355061e-01
 1.837077e+00 -8.183837e-01 1.076985e+00
 2.267877e+00 -1.422431e+00 9.896896e-01
 2.254663e+00 -2.077089e+00 6.189106e-01
 1.821670e+00 -2.436242e+00 1.217218e-01
 1.242224e+00 -2.295903e+00 -2.998994e-01
 7.033122e-01 -1.829753e+00 -3.567406e-01
 3.486423e-01 -1.729607e+00 -4.190742e-01
 -9.906304e-02 -1.800133e+00 -3.791511e-01
 -5.142446e-01 -1.940834e+00 -8.589525e-02
 -7.133679e-01 -2.136603e+00 3.646342e-01
 -6.471205e-01 -2.284705e+00 8.840768e-01
 -3.194238e-01 -2.351139e+00 1.319015e+00
 1.762462e-01 -2.281998e+00 1.553502e+00
 7.105383e-01 -2.089677e+00 1.511026e+00
 1.126718e+00 -1.857063e+00 1.177091e+00
