 -1.675604e+00 -1.019652e-01 1.721211e-01
 -1.528747e+00 -1.778086e-01 1.992264e-01
 -1.386685e+00 -2.682811e-01 2.453693e-01
 -1.308932e+00 -3.488016e-01 2.849094e-01
 -1.229180e+00 -4.567176e-01 3.528742e-01
 -1.136651e+00 -6.197076e-01 4.805461e-01
 -1.051871e+00 -8.947766e-01 7.186464e-01
 -9.015598e-01 -1.091086e+00 8.920703e-01
 -6.866219e-01 -1.254009e+00 1.012728e+00
 -4.021788e-01 -1.370900e+00 1.089722e+00
 -1.259385e-01 -1.405674e+00 1.110183e+00
 1.797837e-01 -1.392969e+00 1.046964e+00
 4.343834e-01 -1.356603e+00 8.925105e-01
 6.065103e-01 -1.364892e+00 6.773093e-01
 8.050006e-01 -1.473150e+00 4.297275e-01
 1.153343e+00 -1.692653e+00 2.727091e-01
 1.573981e+00 -1.869071e+00 3.081932e-01
 1.985011e+00 -1.909815e+00 5.021851e-01
 2.294167e+00 -1.811046e+00 7.897111e-01
 2.460691e+00 -1.615579e+00 1.109463e+00
 2.485936e+00 -1.357868e+00 1.401573e+00
 2.387437e+00 -1.075667e+00 1.624767e+00
 2.190869e+00 -7.964904e-01 1.755562e+00
 1.913644e+00 -5.544887e-01 1.787301e+00
 1.585609e+00 -3.801675e-01 1.710767e+00
 1.262450e+00 -2.907448e-01 1.513808e+00
 1.013727e+00 -2.880074e-01 1.225065e+00
 8.969515e-01 -3.558504e-01 9.394485e-01
 8.888754e-01 -4.001183e-01 7.238957e-01
 9.023075e-01 -4.194259e-01 5.008025e-01
 1.123220e+00 -5.993937e-01 -7.539480e-04
 1.197469e+00 -6.246334e-01 -2.869832e-01
 1.215878e+00 -5.874722e-01 -5.817827e-01
 1.166996e+00 -4.932523e-01 -8.633139e-01
 1.041549e+00 -3.237669e-01 -1.134374e+00
 8.897673e-01 -1.590473e-01 -1.287464e+00
 7.343015e-01 -2.414418e-02 -1.354356e+00
 5.827468e-01 1.224626e-01 -1.370627e+00
 4.641553e-01 2.879932e-01 -1.349964e+00
 3.726950e-01 5.337823e-01 -1.297306e+00
 3.128465e-01 1.020213e+00 -1.357864e+00
 2.112379e-01 1.393859e+00 -1.285148e+00
 8.323339e-02 1.662925e+00 -1.141891e+00
 -9.965929e-02 1.852622e+00 -9.328108e-01
 -3.164102e-01 1.931340e+00 -6.859624e-01
 -5.152561e-01 1.883694e+00 -4.253853e-01
 -6.661806e-01 1.715192e+00 -1.376182e-01
 -6.661641e-01 1.582412e+00 7.720624e-02
 -6.544803e-01 1.516638e+00 2.682382e-01
 -6.288473e-01 1.491909e+00 4.173141e-01
 -4.282440e-01 1.408255e+00 9.348885e-01
 -2.552727e-01 1.103568e+00 1.314542e+00
 -1.422641e-01 7.367854e-01 1.489839e+00
 -7.770034e-02 3.885250e-01 1.508900e+00
 -5.465029e-02 8.297112e-02 1.418438e+00
 -6.402324e-02 -1.763077e-01 1.241599e+00
 -1.086844e-01 -3.808547e-01 9.824100e-01
 -1.088218e-01 -5.038280e-01 6.394189e-01
 -1.148015e-01 -6.865789e-01 3.565385e-01
 -2.098328e-01 -1.068960e+00 1.144008e-01
 -2.172668e-01 -1.594010e+00 9.030508e-02
 -5.522625e-02 -2.067663e+00 2.923815e-01
 2.367259e-01 -2.335413e+00 6.077926e-01
 6.101635e-01 -2.376256e+00 9.141826e-01
 9.619310e-01 -2.205515e+00 1.162972e+00
 1.241654e+00 -1.878519e+00 1.299466e+00
 1.431611e+00 -1.496728e+00 1.272303e+00
 1.514647e+00 -1.214277e+00 1.116725e+00
 1.600680e+00 -1.079285e+00 9.649766e-01
 1.767079e+00 -8.970156e-01 8.267217e-01
 1.917912e+00 -5.055681e-01 7.350340e-01
 1.843023e+00 -3.611530e-03 6.646461e-01
 1.528889e+00 4.100592e-01 6.267181e-01
 1.069112e+00 6.149509e-01 6.256380e-01
 -4.091427e-01 4.803452e-01 4.607028e-01
 -1.335782e+00 2.329957e-01 1.246611e+00
 -2.023868e+00 -5.379110e-01 1.144591e+00
 -2.150987e+00 -1.095538e+00 3.355497e-01
 -1.634364e+00 -1.030214e+00 -5.406950e-01
 -9.005220e-01 -3.401743e-01 -7.749828e-01
 -7.769628e-01 -1.602055e-01 -8.901759e-01
 -6.588045e-01 3.269694e-03 -1.127149e+00
 -4.265659e-01 2.526480e-01 -1.883202e+00
 -1.300196e-01 3.944834e-01 -2.188537e+00
 2.654574e-01 5.371769e-01 -2.328680e+00
 6.903111e-01 6.503371e-01 -2.283390e+00
 1.059631e+00 7.297183e-01 -2.058658e+00
 1.300292e+00 7.803368e-01 -1.695118e+00
 1.374881e+00 7.702635e-01 -1.251727e+00
 1.280740e+00 6.751765e-01 -8.415913e-01
 1.066173e+00 5.232374e-01 -5.469274e-01
 7.886809e-01 3.191122e-01 -3.788692e-01
 4.583550e-01 8.789770e-02 -3.499563e-01
 2.259231e-01 -2.945393e-01 -4.997885e-01
 3.150581e-02 -8.292505e-01 -9.916735e-01
 -4.086280e-01 -9.736039e-01 -1.459274e+00
 -9.676974e-01 -8.232341e-01 -1.701837e+00
 -1.371479e+00 -4.970796e-01 -1.706033e+00
 -1.626523e+00 -1.151832e-01 -1.501120e+00
 -1.707984e+00 2.558393e-01 -1.085144e+00
 -1.494701e+00 5.540723e-01 -5.836924e-01
 -1.475693e+00 7.873259e-01 -3.497496e-01
 -1.693483e+00 1.570564e+00 8.305715e-02
 -1.588810e+00 1.985269e+00 2.842818e-01
 -1.290853e+00 2.315806e+00 4.419703e-01
 -8.570507e-01 2.496780e+00 5.198895e-01
 -3.782142e-01 2.487838e+00 4.897911e-01
 4.324217e-02 2.272771e+00 3.800781e-01
 3.106066e-01 1.893259e+00 2.064364e-01
 3.494732e-01 1.461052e+00 -2.585543e-02
 1.675313e-01 1.104127e+00 -2.981347e-01
 -1.366777e-01 8.934654e-01 -4.479081e-01
 -4.338620e-01 8.685491e-01 -6.504672e-01
 -7.696100e-01 1.074064e+00 -1.058257e+00
 -1.031805e+00 1.249415e+00 -1.180031e+00
 -1.421691e+00 1.358752e+00 -1.216572e+00
 -1.806001e+00 1.359010e+00 -1.146007e+00
 -2.111312e+00 1.265139e+00 -1.020815e+00
 -2.334667e+00 1.107386e+00 -8.463055e-01
 -2.471217e+00 8.954289e-01 -6.124380e-01
 -2.493180e+00 6.015188e-01 -3.354858e-01
 -2.361490e+00 3.019059e-01 -8.686734e-02
 -2.055600e+00 3.687456e-02 1.100068e-01
