 7.964153e-01 1.137079e+00 -5.472723e-01
 7.467541e-01 1.655248e+00 -7.194461e-01
 4.699716e-01 2.134564e+00 -7.133053e-01
 1.373603e-01 2.489168e+00 -4.323581e-01
 -1.938703e-01 2.576244e+00 1.826464e-02
 -4.263333e-01 2.374145e+00 4.929170e-01
 -4.758939e-01 1.944292e+00 8.735411e-01
 -3.163538e-01 1.368497e+00 1.056277e+00
 -5.510984e-02 7.657846e-01 1.129453e+00
 1.205222e-01 5.265329e-01 1.158302e+00
 4.404999e-01 2.470633e-01 1.179837e+00
 5.747868e-01 3.070965e-02 1.190752e+00
 6.743392e-01 -3.123075e-01 1.294531e+00
 5.492049e-01 -7.926362e-01 1.398189e+00
 2.531088e-01 -1.177968e+00 1.344851e+00
 -1.340761e-01 -1.401624e+00 1.151407e+00
 -5.310211e-01 -1.413967e+00 8.919556e-01
 -8.430386e-01 -1.229500e+00 6.023063e-01
 -9.694920e-01 -9.470272e-01 3.152052e-01
 -1.118248e+00 -7.820034e-01 -5.564561e-02
 -1.512778e+00 -7.738280e-01 -3.636194e-01
 -1.884517e+00 -1.069695e+00 -6.794810e-01
 -2.064977e+00 -1.559257e+00 -8.497637e-01
 -1.999125e+00 -2.077467e+00 -8.853110e-01
 -1.748524e+00 -2.484338e+00 -7.973943e-01
 -1.402138e+00 -2.715341e+00 -6.329380e-01
 -1.040419e+00 -2.764285e+00 -4.501519e-01
 -7.107658e-01 -2.661964e+00 -2.887896e-01
 -4.503826e-01 -2.443290e+00 -1.526025e-01
 -2.811831e-01 -2.148880e+00 -6.342919e-02
 -1.890837e-01 -1.803316e+00 -5.396084e-02
 -1.962134e-01 -1.492067e+00 -1.270413e-01
 -2.231243e-01 -1.315809e+00 -2.457213e-01
 -2.248777e-01 -1.235579e+00 -3.109345e-01
 -2.148362e-01 -1.141067e+00 -3.760141e-01
 -2.694045e-02 -4.438272e-01 -8.681653e-01
 -1.992402e-02 -2.458538e-01 -1.094173e+00
 -4.129751e-02 -1.363450e-01 -1.327981e+00
 -1.906765e-01 3.669844e-03 -1.578309e+00
 -3.807179e-01 1.713810e-01 -1.724163e+00
 -5.900294e-01 3.953015e-01 -1.782204e+00
 -7.727323e-01 6.712831e-01 -1.742880e+00
 -8.784935e-01 9.533770e-01 -1.622223e+00
 -9.074786e-01 1.197603e+00 -1.452566e+00
 -8.737111e-01 1.393955e+00 -1.257138e+00
 -8.078476e-01 1.523806e+00 -1.059305e+00
 -7.275030e-01 1.597573e+00 -8.760429e-01
 -6.419626e-01 1.630221e+00 -7.150203e-01
 -5.546044e-01 1.634201e+00 -5.742648e-01
 -4.721851e-01 1.617829e+00 -4.586590e-01
 -1.489863e-01 1.529116e+00 -1.105932e-01
 1.687156e-01 1.587178e+00 1.420850e-01
 3.543645e-01 1.724218e+00 2.405030e-01
 9.800077e-01 2.127636e+00 4.019934e-01
 1.759753e+00 1.844366e+00 9.162865e-01
 1.890133e+00 1.009258e+00 1.313488e+00
 1.494560e+00 6.194008e-01 1.533952e+00
 9.818589e-01 3.731098e-01 2.066847e+00
 5.774532e-01 2.170747e-01 2.205569e+00
 1.700939e-01 2.204916e-02 2.146775e+00
 -1.688449e-01 -1.739091e-01 1.896216e+00
 -3.550719e-01 -3.157542e-01 1.551868e+00
 -3.853037e-01 -3.789894e-01 1.175841e+00
 -2.513331e-01 -4.167989e-01 8.225234e-01
 -2.835266e-02 -5.513915e-01 5.577478e-01
 5.845883e-01 -8.859043e-01 2.326363e-01
 7.981138e-01 -1.163275e+00 -1.586708e-01
 7.435502e-01 -1.480305e+00 -5.829290e-01
 4.374542e-01 -1.755811e+00 -9.123956e-01
 -3.929058e-02 -1.908618e+00 -1.074455e+00
 -5.617082e-01 -1.895065e+00 -1.033949e+00
 -9.639366e-01 -1.785412e+00 -7.754663e-01
 -1.113643e+00 -1.734810e+00 -4.746542e-01
 -1.220859e+00 -1.777114e+00 -2.581382e-01
 -1.462021e+00 -1.782505e+00 -3.236720e-02
 -1.716045e+00 -1.645338e+00 1.900891e-01
 -1.922379e+00 -1.320965e+00 4.146141e-01
 -1.972230e+00 -9.017778e-01 5.708619e-01
 -1.837822e+00 -4.529858e-01 6.370837e-01
 -1.524484e+00 -7.913154e-02 5.952962e-01
 -6.154775e-01 3.525979e-01 2.707402e-01
 -2.056742e-01 3.991659e-01 1.943252e-01
 2.583707e-01 3.424780e-01 1.534803e-01
 8.761651e-01 9.904811e-02 2.205502e-01
 1.162369e+00 -5.710921e-03 3.691098e-01
 2.003656e+00 -2.088549e-01 1.182842e+00
 2.239462e+00 -9.010956e-02 1.634651e+00
 2.288163e+00 2.160208e-01 2.063875e+00
 2.144156e+00 6.362005e-01 2.349521e+00
 1.861782e+00 1.068642e+00 2.413228e+00
 1.510738e+00 1.391073e+00 2.258615e+00
 1.154627e+00 1.525249e+00 1.946429e+00
 8.892177e-01 1.461706e+00 1.544706e+00
 8.121144e-01 1.279438e+00 1.122657e+00
 9.201608e-01 1.079295e+00 8.172053e-01
 1.068960e+00 1.024064e+00 5.835010e-01
 1.218340e+00 1.022878e+00 4.240610e-01
 1.650216e+00 1.084831e+00 3.859332e-02
 1.822747e+00 1.129687e+00 -3.995673e-01
 1.781908e+00 1.147702e+00 -8.676234e-01
 1.535345e+00 1.135750e+00 -1.277013e+00
 1.162732e+00 1.106282e+00 -1.533439e+00
 7.465551e-01 1.062948e+00 -1.598493e+00
 3.387145e-01 9.975530e-01 -1.474263e+00
 6.535535e-02 9.422282e-01 -1.222808e+00
 -1.671163e-01 7.560051e-01 -8.691869e-01
 -4.812202e-01 5.979336e-01 -7.491444e-01
 -8.138265e-01 3.239072e-01 -7.767888e-01
 -1.028653e+00 -7.568948e-02 -9.577458e-01
 -1.011856e+00 -5.225300e-01 -1.228331e+00
 -7.420297e-01 -8.932828e-01 -1.482696e+00
 -2.692484e-01 -1.098673e+00 -1.651747e+00
 2.813754e-01 -1.076327e+00 -1.654298e+00
 7.605804e-01 -8.125522e-01 -1.487984e+00
 1.006608e+00 -3.657887e-01 -1.213517e+00
 8.358721e-01 8.490026e-01 -5.616213e-01
