 2.488724e+00 -2.576375e-01 2.750625e-01
 2.569453e+00 -2.330663e-01 6.955644e-01
 2.378023e+00 -5.302867e-02 1.227161e+00
 1.952282e+00 2.156094e-01 1.527106e+00
 1.421413e+00 3.945479e-01 1.532181e+00
 9.282479e-01 3.838919e-01 1.302217e+00
 6.190722e-01 2.505508e-01 9.133602e-01
 4.506321e-01 -8.026562e-02 2.778187e-02
 1.329287e-01 3.739079e-02 -5.937767e-01
 -3.094324e-01 2.639519e-01 -8.399257e-01
 -6.830246e-01 6.546016e-01 -7.915381e-01
 -9.575216e-01 1.210310e+00 -3.486900e-01
 -1.264293e+00 1.422300e+00 -2.348155e-01
 -1.684148e+00 1.489707e+00 -1.555172e-01
 -2.118114e+00 1.359397e+00 -9.445125e-02
 -2.460220e+00 1.047723e+00 -1.366901e-02
 -2.587721e+00 6.653936e-01 8.901217e-02
 -2.543491e+00 3.365334e-01 2.776640e-01
 -2.542653e+00 1.162381e-01 6.093046e-01
 -2.803767e+00 -1.441096e-01 9.326085e-01
 -3.184692e+00 -5.317153e-01 1.008433e+00
 -3.478789e+00 -9.152283e-01 8.104399e-01
 -3.610968e+00 -1.210531e+00 4.488536e-01
 -3.567482e+00 -1.393054e+00 4.263232e-02
 -3.375950e+00 -1.458970e+00 -3.470346e-01
 -3.052675e+00 -1.386357e+00 -6.735256e-01
 -2.620482e+00 -1.163215e+00 -8.531176e-01
 -2.164732e+00 -8.416477e-01 -7.624481e-01
 -1.876555e+00 -5.533915e-01 -4.109828e-01
 -1.749333e+00 -5.142594e-01 1.578105e-02
 -1.638479e+00 -5.921300e-01 2.873532e-01
 -1.406886e+00 -7.439300e-01 5.350365e-01
 -1.121375e+00 -8.800319e-01 6.623792e-01
 -8.090220e-01 -9.788175e-01 6.859964e-01
 -1.063768e-01 -1.085837e+00 5.406677e-01
 3.916699e-01 -1.142162e+00 4.188867e-01
 9.560360e-01 -1.200372e+00 2.822804e-01
 1.478808e+00 -1.218830e+00 2.224962e-01
 1.759290e+00 -1.184565e+00 3.128145e-01
 2.034653e+00 -1.211099e+00 4.501825e-01
 2.448376e+00 -1.283970e+00 4.334093e-01
 2.844627e+00 -1.220086e+00 2.638295e-01
 3.116316e+00 -1.030670e+00 4.015947e-02
 3.263339e+00 -7.512217e-01 -1.847657e-01
 3.276786e+00 -4.167484e-01 -3.773464e-01
 3.150681e+00 -7.045440e-02 -5.289455e-01
 2.877633e+00 2.494364e-01 -6.185769e-01
 2.181212e+00 6.837485e-01 -5.616320e-01
 2.018761e+00 9.794318e-01 -5.680420e-01
 1.833238e+00 1.245146e+00 -7.092425e-01
 1.471619e+00 1.405616e+00 -8.948386e-01
 9.898615e-01 1.404860e+00 -9.584152e-01
 5.889178e-01 1.274709e+00 -8.687408e-01
 2.743169e-01 1.127352e+00 -6.239366e-01
 2.900569e-02 9.380862e-01 5.988156e-03
 -2.258509e-01 7.063864e-01 2.261031e-01
 -5.040072e-01 3.666849e-01 2.297872e-01
 -6.887687e-01 -7.776750e-02 6.809106e-02
 -7.689178e-01 -6.486211e-01 -3.047853e-01
 -1.004307e+00 -1.165718e+00 -3.401871e-01
 -1.415893e+00 -1.492019e+00 -2.023702e-01
 -1.925155e+00 -1.548238e+00 -5.986899e-03
 -2.382449e+00 -1.327464e+00 1.523454e-01
 -2.624812e+00 -1.002632e+00 1.950228e-01
 -2.753589e+00 -7.532819e-01 9.257250e-02
 -2.962598e+00 -5.594895e-01 -4.363056e-02
 -3.329999e+00 -2.820365e-01 -9.282670e-03
 -3.561452e+00 1.329363e-01 2.452384e-01
 -3.518037e+00 5.523959e-01 5.929628e-01
 -3.198669e+00 8.781393e-01 9.150147e-01
 -2.683748e+00 1.056799e+00 1.056205e+00
 -2.107484e+00 1.010144e+00 9.757818e-01
 -1.635907e+00 7.519730e-01 6.191807e-01
 -1.535313e+00 4.910952e-01 1.419052e-01
 -1.688490e+00 4.436099e-01 -3.746904e-01
 -1.790993e+00 6.242380e-01 -7.363072e-01
 -1.718182e+00 1.004067e+00 -1.084524e+00
 -1.426906e+00 1.425761e+00 -1.271551e+00
 -9.880657e-01 1.776342e+00 -1.221798e+00
 -4.919794e-01 1.993077e+00 -8.879465e-01
 1.509280e-01 2.099504e+00 -3.215817e-01
 5.180086e-01 1.982775e+00 -8.792546e-02
 8.504703e-01 1.701739e+00 4.439320e-02
 1.053613e+00 1.325731e+00 7.115397e-02
 1.120031e+00 9.762729e-01 -1.137048e-02
 1.115225e+00 6.080931e-01 -2.758275e-01
 1.161776e+00 3.943738e-01 -7.124907e-01
 1.428853e+00 4.198239e-01 -1.248595e+00
 1.864134e+00 6.295768e-01 -1.556061e+00
 2.326558e+00 9.122269e-01 -1.570912e+00
 2.697210e+00 1.198588e+00 -1.325557e+00
 2.909733e+00 1.385279e+00 -8.973638e-01
 2.947373e+00 1.401776e+00 -3.959537e-01
 2.798942e+00 1.245830e+00 7.260660e-02
 2.476446e+00 9.864484e-01 3.857543e-01
 1.800742e+00 4.565211e-01 5.186637e-01
 1.607887e+00 1.950755e-01 5.252186e-01
 1.520148e+00 -1.681944e-01 6.243475e-01
 1.372966e+00 -6.369277e-01 1.097880e+00
 1.366875e+00 -1.114682e+00 1.268535e+00
 1.410387e+00 -1.617976e+00 1.188078e+00
 1.534694e+00 -2.001185e+00 9.112252e-01
 1.714851e+00 -2.196330e+00 5.283680e-01
 1.906622e+00 -2.188740e+00 1.183812e-01
 2.071526e+00 -1.987051e+00 -2.518433e-01
 2.193639e+00 -1.619545e+00 -5.134887e-01
 2.258725e+00 -1.132599e+00 -5.902592e-01
 2.264685e+00 -6.472510e-01 -4.142597e-01
 2.280786e+00 -3.746671e-01 -7.093576e-02
