 -1.546703e+00 1.277511e+00 4.694877e-01
 -1.488221e+00 1.156674e+00 3.482062e-01
 -1.463567e+00 1.018167e+00 2.112061e-01
 -1.483931e+00 8.529639e-01 7.197938e-02
 -1.631281e+00 3.772231e-01 -2.330230e-01
 -1.552711e+00 -1.561778e-02 -4.647213e-01
 -1.293985e+00 -3.603719e-01 -6.354925e-01
 -8.372408e-01 -6.413343e-01 -7.150154e-01
 -6.801854e-01 -7.412019e-01 -7.753386e-01
 -5.621339e-01 -8.265197e-01 -8.500117e-01
 -4.498536e-01 -9.477459e-01 -9.865383e-01
 -3.268676e-01 -1.183256e+00 -1.102915e+00
 -1.502528e-01 -1.423266e+00 -1.125216e+00
 1.015631e-01 -1.618606e+00 -1.079263e+00
 3.789748e-01 -1.727019e+00 -9.844266e-01
 6.640958e-01 -1.743577e+00 -8.621628e-01
 1.019065e+00 -1.645458e+00 -6.658009e-01
 1.220750e+00 -1.646060e+00 -5.470101e-01
 1.447581e+00 -1.712556e+00 -4.365226e-01
 1.634350e+00 -1.840448e+00 -2.229617e-01
 1.746819e+00 -1.938967e+00 7.435967e-02
 1.782821e+00 -1.949002e+00 4.314448e-01
 1.740975e+00 -1.855463e+00 7.763701e-01
 1.633020e+00 -1.659442e+00 1.072224e+00
 1.465062e+00 -1.388354e+00 1.273852e+00
 1.237427e+00 -1.085364e+00 1.349870e+00
 9.855465e-01 -7.918536e-01 1.280041e+00
 7.515607e-01 -5.501536e-01 1.068160e+00
 4.897267e-01 -3.065068e-01 5.669226e-01
 4.360502e-01 -2.087207e-01 4.178912e-01
 3.941697e-01 -8.012074e-02 2.832136e-01
 3.664926e-01 6.138674e-02 1.822618e-01
 3.673196e-01 2.783524e-01 6.929793e-02
 5.923812e-01 1.157531e+00 -2.450446e-01
 5.696682e-01 1.528648e+00 -2.918191e-01
 4.525251e-01 1.883262e+00 -2.392535e-01
 2.596076e-01 2.172263e+00 -9.039732e-02
 1.656161e-02 2.355005e+00 1.338022e-01
 -2.602424e-01 2.405484e+00 4.037530e-01
 -5.037215e-01 2.327103e+00 6.208562e-01
 -7.261270e-01 2.114546e+00 8.284816e-01
 -8.208189e-01 1.877977e+00 9.730624e-01
 -8.210745e-01 1.654124e+00 1.130166e+00
 -7.908991e-01 1.259634e+00 1.679424e+00
 -7.346295e-01 8.486665e-01 1.899184e+00
 -6.760953e-01 3.422345e-01 1.911927e+00
 -6.350307e-01 -8.681137e-02 1.701956e+00
 -6.048043e-01 -3.646270e-01 1.317942e+00
 -6.049994e-01 -4.351143e-01 8.261714e-01
 -6.443265e-01 -2.776343e-01 3.575531e-01
 -5.746421e-01 8.764328e-01 -7.635918e-01
 -3.874286e-01 1.048152e+00 -1.268360e+00
 -5.876128e-02 9.466866e-01 -1.724649e+00
 2.696921e-01 5.917174e-01 -2.006395e+00
 5.272014e-01 9.066351e-02 -2.024934e+00
 6.858395e-01 -3.760502e-01 -1.756804e+00
 6.764727e-01 -6.868089e-01 -1.292595e+00
 4.626604e-01 -7.677756e-01 -5.819080e-01
 3.167992e-01 -9.529656e-01 -3.087059e-01
 3.046247e-02 -1.245193e+00 -1.221770e-01
 -3.304959e-01 -1.504306e+00 -1.173734e-01
 -7.080027e-01 -1.659820e+00 -2.736920e-01
 -1.040846e+00 -1.682826e+00 -5.543949e-01
 -1.271473e+00 -1.567271e+00 -9.108939e-01
 -1.359148e+00 -1.329475e+00 -1.272019e+00
 -1.298625e+00 -1.008374e+00 -1.555217e+00
 -1.119760e+00 -6.447176e-01 -1.701625e+00
 -8.386060e-01 -3.030533e-01 -1.691163e+00
 -4.970176e-01 -6.228631e-02 -1.529964e+00
 -5.069497e-02 5.749474e-02 -1.155822e+00
 1.496560e-01 1.799129e-01 -1.049007e+00
 3.311846e-01 2.817943e-01 -1.017802e+00
 1.659186e+00 6.501833e-01 -9.913228e-01
 2.426474e+00 1.165982e-01 -3.732548e-01
 2.164397e+00 -6.966815e-01 2.833469e-01
 1.176682e+00 -1.107991e+00 3.272678e-01
 9.498664e-01 -1.330131e+00 3.804189e-01
 7.897782e-01 -1.687730e+00 3.820957e-01
 7.420175e-01 -2.105546e+00 2.341464e-01
 8.217403e-01 -2.447536e+00 -4.373007e-02
 9.951287e-01 -2.638665e+00 -3.936195e-01
 1.197642e+00 -2.654928e+00 -7.616800e-01
 1.389025e+00 -2.499684e+00 -1.098196e+00
 1.562669e+00 -2.206363e+00 -1.336112e+00
 1.685793e+00 -1.828854e+00 -1.439718e+00
 1.744100e+00 -1.429510e+00 -1.396310e+00
 1.726096e+00 -1.068871e+00 -1.218880e+00
 1.518301e+00 -5.156699e-01 -6.574710e-01
 1.354690e+00 -2.997552e-01 -4.292711e-01
 1.328459e+00 -2.447812e-01 -3.684665e-01
 1.307771e+00 -1.530181e-01 -2.579040e-01
 1.336813e+00 -3.125131e-03 -6.960493e-02
 1.379759e+00 1.215129e-01 1.267270e-01
 1.334018e+00 2.848970e-01 4.065791e-01
 1.187117e+00 4.309326e-01 6.606856e-01
 9.626036e-01 5.443594e-01 8.535322e-01
 6.907065e-01 5.975436e-01 9.827718e-01
 3.928913e-01 5.835567e-01 1.050774e+00
 -5.895686e-02 5.238316e-01 1.020911e+00
 -6.009848e-01 6.002404e-01 9.053381e-01
 -8.176724e-01 5.787967e-01 9.054344e-01
 -1.289605e+00 4.031199e-01 1.020465e+00
 -1.739731e+00 3.780503e-01 9.714909e-01
 -2.135624e+00 4.926047e-01 7.909032e-01
 -2.413092e+00 7.208446e-01 4.940867e-01
 -2.494095e+00 1.003556e+00 1.773417e-01
 -2.386992e+00 1.325964e+00 -1.218436e-01
 -2.116850e+00 1.593904e+00 -3.365308e-01
 -1.735404e+00 1.769041e+00 -4.374253e-01
 -1.312059e+00 1.824556e+00 -4.098581e-01
 -9.213496e-01 1.754422e+00 -2.611463e-01
 -4.289042e-01 1.429764e+00 1.174259e-01
 -1.949804e-01 1.366806e+00 3.679130e-01
 1.948972e-02 1.435713e+00 5.838714e-01
 1.865506e-01 1.614329e+00 9.218295e-01
 1.702075e-01 1.880639e+00 1.293524e+00
 -4.424223e-02 2.147576e+00 1.603988e+00
 -4.173162e-01 2.333921e+00 1.805458e+00
 -8.682165e-01 2.384438e+00 1.869533e+00
 -1.309711e+00 2.300317e+00 1.778707e+00
 -1.653775e+00 2.112348e+00 1.540400e+00
 -1.831378e+00 1.855829e+00 1.204968e+00
 -1.807910e+00 1.579124e+00 8.413705e-01
