 6.248098e-01 -3.093277e+00 -5.139820e-01
 8.134498e-01 -2.987164e+00 -7.235201e-01
 9.813253e-01 -2.799650e+00 -8.982753e-01
 1.115641e+00 -2.530065e+00 -1.024295e+00
 1.195216e+00 -2.185953e+00 -1.076227e+00
 1.181127e+00 -1.793285e+00 -1.032602e+00
 1.032835e+00 -1.421683e+00 -8.863598e-01
 7.933638e-01 -1.208213e+00 -7.080540e-01
 6.191253e-01 -1.138024e+00 -6.284549e-01
 4.539782e-01 -1.083094e+00 -5.855796e-01
 1.803649e-01 -9.228188e-01 -5.919290e-01
 -2.196966e-02 -7.289271e-01 -6.578911e-01
 -3.998208e-01 -1.501453e-01 -9.234162e-01
 -5.012095e-01 1.397217e-02 -9.988667e-01
 -7.714647e-01 4.071877e-01 -1.186777e+00
 -9.302579e-01 5.701692e-01 -1.284419e+00
 -1.057263e+00 6.397862e-01 -1.363019e+00
 -1.268180e+00 7.097436e-01 -1.437141e+00
 -1.536609e+00 7.344689e-01 -1.483749e+00
 -1.765581e+00 7.163785e-01 -1.472387e+00
 -1.989103e+00 6.866094e-01 -1.406712e+00
 -2.188113e+00 6.471415e-01 -1.290611e+00
 -2.378121e+00 5.937676e-01 -1.107345e+00
 -2.526755e+00 5.097326e-01 -8.516115e-01
 -2.592453e+00 3.781071e-01 -5.107646e-01
 -2.492616e+00 2.024916e-01 -1.098170e-01
 -2.153374e+00 2.021253e-02 2.488537e-01
 -1.603182e+00 -9.349564e-02 3.976914e-01
 -8.134037e-02 1.402940e-01 5.305439e-02
 7.659617e-01 1.263650e+00 -5.267755e-01
 8.207348e-01 1.920680e+00 -5.471007e-01
 6.381716e-01 2.494430e+00 -2.180235e-01
 3.649485e-01 2.715822e+00 3.193353e-01
 3.683905e-02 2.540952e+00 8.337878e-01
 -3.095123e-01 2.029795e+00 1.108642e+00
 -4.056326e-01 1.336253e+00 1.083851e+00
 -4.789196e-01 1.023206e+00 1.185421e+00
 -4.535640e-01 7.052548e-01 1.425931e+00
 -3.347285e-01 5.095730e-01 1.659951e+00
 3.749928e-01 -2.855070e-02 2.450363e+00
 9.842061e-01 -4.054290e-01 2.466057e+00
 1.519651e+00 -6.391080e-01 2.037740e+00
 1.714302e+00 -6.619435e-01 1.440945e+00
 1.573423e+00 -5.015998e-01 8.859352e-01
 1.111705e+00 -2.902333e-01 4.896274e-01
 9.265347e-01 -2.556175e-01 1.946111e-01
 8.512284e-01 -1.343361e-01 -8.655513e-01
 6.342886e-01 -4.561794e-01 -1.439912e+00
 3.239734e-01 -1.019834e+00 -1.639137e+00
 1.409506e-01 -1.612430e+00 -1.435666e+00
 1.509145e-01 -1.995339e+00 -9.898587e-01
 3.210414e-01 -2.113383e+00 -5.196016e-01
 5.401524e-01 -2.099023e+00 -2.960978e-01
 7.285533e-01 -2.145614e+00 -1.636832e-01
 8.927936e-01 -2.255845e+00 8.073303e-02
 9.764195e-01 -2.281050e+00 3.729795e-01
 1.017037e+00 -2.211302e+00 6.757750e-01
 1.017508e+00 -2.076535e+00 9.261412e-01
 9.974187e-01 -1.890050e+00 1.123494e+00
 9.514705e-01 -1.671898e+00 1.262952e+00
 8.815600e-01 -1.440546e+00 1.342899e+00
 6.616879e-01 -7.434721e-01 1.405943e+00
 6.887567e-01 -2.818304e-01 1.450323e+00
 8.208897e-01 -4.143025e-02 1.474662e+00
 1.257702e+00 3.096105e-01 1.553343e+00
 1.522374e+00 7.265906e-01 1.426150e+00
 1.529759e+00 1.230625e+00 1.242866e+00
 1.294741e+00 1.603497e+00 9.761351e-01
 8.529692e-01 1.766205e+00 6.206312e-01
 3.891211e-01 1.658082e+00 3.834648e-01
 2.550123e-01 1.650170e+00 3.045373e-01
 1.397901e-01 1.671134e+00 2.236186e-01
 -4.275299e-02 1.765542e+00 1.133331e-01
 -3.385075e-01 1.959282e+00 1.553682e-02
 -6.233158e-01 2.033825e+00 -9.139014e-02
 -9.035569e-01 2.013442e+00 -2.102173e-01
 -1.171446e+00 1.900494e+00 -3.228130e-01
 -1.395385e+00 1.696923e+00 -4.319707e-01
 -1.567575e+00 1.393242e+00 -5.043337e-01
 -1.651196e+00 1.035744e+00 -4.867476e-01
 -1.560028e+00 5.244086e-01 -4.739950e-01
 -1.589676e+00 1.061493e-01 -6.505005e-01
 -1.605667e+00 -1.732960e-01 -9.924442e-01
 -1.466660e+00 -3.084490e-01 -1.460192e+00
 -1.196525e+00 -2.422561e-01 -1.873011e+00
 -8.555833e-01 -2.138218e-02 -2.127041e+00
 -5.263705e-01 2.894286e-01 -2.187448e+00
 -2.709673e-01 6.203123e-01 -2.068097e+00
 -1.224218e-01 9.154001e-01 -1.811482e+00
 -9.465851e-02 1.132382e+00 -1.469158e+00
 -1.829445e-01 1.247032e+00 -1.092386e+00
 -3.646140e-01 1.239649e+00 -7.539558e-01
 -5.954458e-01 1.067314e+00 -4.130382e-01
 -6.746312e-01 1.015234e+00 -1.771630e-01
 -7.820979e-01 1.040447e+00 5.559412e-02
 -9.201059e-01 1.071071e+00 2.193604e-01
 -1.304971e+00 1.239799e+00 5.622735e-01
 -1.444823e+00 1.415158e+00 1.044926e+00
 -1.328210e+00 1.528947e+00 1.530165e+00
 -1.007323e+00 1.557876e+00 1.907729e+00
 -5.608454e-01 1.509790e+00 2.102612e+00
 -1.044945e-01 1.439612e+00 2.073985e+00
 2.870564e-01 1.310618e+00 1.849384e+00
 5.151760e-01 1.090003e+00 1.496694e+00
 5.423457e-01 8.549482e-01 1.019742e+00
 6.183751e-01 7.766686e-01 8.683122e-01
 8.198866e-01 7.221766e-01 6.517899e-01
 1.334798e+00 7.154349e-01 2.830124e-01
 1.737808e+00 4.104694e-01 2.736886e-02
 1.932327e+00 -1.078871e-01 -1.364911e-01
 1.853453e+00 -6.386909e-01 -1.785459e-01
 1.604842e+00 -1.053538e+00 -6.220985e-02
 1.284430e+00 -1.278543e+00 1.715088e-01
 8.941322e-01 -1.269845e+00 3.292958e-01
 5.641570e-01 -1.299998e+00 3.883431e-01
 2.075781e-01 -1.580141e+00 5.314733e-01
 2.408017e-03 -2.007971e+00 5.763060e-01
 -4.270738e-02 -2.453769e+00 4.688098e-01
 4.177256e-02 -2.805881e+00 2.469727e-01
 2.137919e-01 -3.023099e+00 -1.690594e-02
 4.201189e-01 -3.111299e+00 -2.762177e-01
