 1.021468e+00 6.463523e-01 -1.407937e+00
 1.173047e+00 2.941260e-01 -1.247870e+00
 1.189689e+00 3.856879e-02 -1.218838e+00
 1.265109e+00 -2.090143e-01 -1.238287e+00
 1.452328e+00 -4.996178e-01 -1.154442e+00
 1.651013e+00 -7.809749e-01 -8.691381e-01
 1.721366e+00 -9.702148e-01 -4.633768e-01
 1.608161e+00 -1.050916e+00 -2.261866e-02
 1.347695e+00 -9.714103e-01 3.873098e-01
 9.379793e-01 -7.255263e-01 6.769567e-01
 8.003270e-01 -6.807333e-01 8.686974e-01
 4.287291e-01 -7.033368e-01 1.769310e+00
 2.441289e-01 -5.102116e-01 2.148712e+00
 9.294366e-02 -1.537543e-01 2.401897e+00
 7.194702e-03 2.914475e-01 2.479287e+00
 4.212395e-03 7.340378e-01 2.369717e+00
 8.333570e-02 1.084149e+00 2.103035e+00
 1.950285e-01 1.281363e+00 1.719425e+00
 3.288110e-01 1.288924e+00 1.302494e+00
 5.089952e-01 1.129839e+00 9.494332e-01
 6.899370e-01 8.608619e-01 7.417928e-01
 8.317349e-01 5.948270e-01 6.655026e-01
 1.178989e+00 2.978392e-01 7.201979e-01
 1.533121e+00 4.318924e-02 9.836917e-01
 1.678851e+00 -2.611522e-01 1.215410e+00
 1.695450e+00 -6.747840e-01 1.380301e+00
 1.590282e+00 -1.075486e+00 1.421108e+00
 1.385209e+00 -1.404149e+00 1.349863e+00
 1.096261e+00 -1.622538e+00 1.195964e+00
 7.663876e-01 -1.705565e+00 9.568257e-01
 4.676179e-01 -1.634950e+00 6.588031e-01
 1.559640e-01 -1.336485e+00 2.986776e-01
 -1.130124e-01 -1.273311e+00 8.900697e-02
 -6.354834e-01 -1.441743e+00 -3.050708e-01
 -1.043750e+00 -1.355050e+00 -5.226477e-01
 -1.375389e+00 -1.094747e+00 -6.584869e-01
 -1.566426e+00 -6.977463e-01 -7.284022e-01
 -1.549382e+00 -3.136519e-01 -7.476896e-01
 -1.441776e+00 -2.291857e-02 -8.541162e-01
 -1.521890e+00 6.975952e-01 -1.280883e+00
 -1.451144e+00 1.130335e+00 -1.357834e+00
 -1.250792e+00 1.538558e+00 -1.287830e+00
 -9.629344e-01 1.833936e+00 -1.080493e+00
 -6.627905e-01 1.942526e+00 -8.108746e-01
 -3.756592e-01 1.865471e+00 -4.986876e-01
 -1.658068e-01 1.606128e+00 -1.597969e-01
 -9.666998e-02 1.247483e+00 7.965385e-02
 -1.623025e-01 6.933541e-01 2.243386e-01
 -5.081934e-02 1.983941e-01 3.508832e-01
 -5.143519e-02 -1.888458e-01 5.541593e-01
 -3.956486e-01 -8.103596e-01 9.873698e-01
 -5.671283e-01 -1.218117e+00 1.031633e+00
 -6.202567e-01 -1.667025e+00 9.089947e-01
 -5.219670e-01 -2.065162e+00 6.347794e-01
 -2.992539e-01 -2.291140e+00 3.092702e-01
 -1.052257e-02 -2.317157e+00 -2.716782e-02
 2.974376e-01 -2.122373e+00 -3.585601e-01
 5.127604e-01 -1.793032e+00 -5.608522e-01
 6.361230e-01 -1.380494e+00 -6.196878e-01
 7.440485e-01 -5.421566e-01 -3.872211e-01
 9.738400e-01 -2.699418e-01 -2.693897e-01
 1.268139e+00 -7.241028e-02 -2.044165e-01
 1.662590e+00 9.499983e-02 -3.102692e-01
 2.000872e+00 1.947712e-01 -6.078596e-01
 2.188331e+00 2.278952e-01 -1.039978e+00
 2.169935e+00 2.110188e-01 -1.508760e+00
 1.947465e+00 1.641401e-01 -1.917395e+00
 1.568886e+00 8.843798e-02 -2.181290e+00
 1.110772e+00 4.986565e-03 -2.245939e+00
 6.665351e-01 -5.036484e-02 -2.099606e+00
 3.328757e-01 -4.954097e-02 -1.776830e+00
 1.645630e-01 3.064734e-02 -1.338991e+00
 2.203779e-01 1.815966e-01 -8.549854e-01
 4.024607e-01 4.963066e-01 -5.847132e-01
 1.193826e+00 1.107598e+00 -1.443821e-01
 1.470966e+00 1.233024e+00 1.656555e-01
 1.625551e+00 1.264281e+00 5.822713e-01
 1.615934e+00 1.201120e+00 1.022604e+00
 1.451121e+00 1.027365e+00 1.413492e+00
 1.192660e+00 7.812923e-01 1.650099e+00
 8.625914e-01 4.910917e-01 1.699729e+00
 5.658930e-01 3.176438e-01 1.604414e+00
 2.474890e-01 2.739700e-01 1.464133e+00
 -2.616880e-01 3.670139e-01 1.379023e+00
 -5.427890e-01 4.039103e-01 1.241426e+00
 -8.854394e-01 4.145985e-01 9.360163e-01
 -1.227008e+00 4.056045e-01 3.538699e-01
 -1.460139e+00 3.481026e-01 1.563406e-01
 -2.014125e+00 3.645230e-01 -9.756252e-02
 -2.302403e+00 3.020137e-01 -3.881753e-01
 -2.459290e+00 1.660412e-01 -7.466406e-01
 -2.456982e+00 -1.262810e-02 -1.113516e+00
 -2.292915e+00 -1.881796e-01 -1.442258e+00
 -1.988191e+00 -3.498354e-01 -1.678444e+00
 -1.597464e+00 -4.885514e-01 -1.766308e+00
 -1.187207e+00 -5.735141e-01 -1.687976e+00
 -8.341913e-01 -5.944063e-01 -1.454947e+00
 -5.936943e-01 -5.695884e-01 -1.084408e+00
 -5.207881e-01 -4.536087e-01 -6.112907e-01
 -6.998511e-01 -3.939271e-01 -1.977449e-01
 -1.115426e+00 -6.173144e-01 2.680999e-01
 -1.389778e+00 -5.942513e-01 5.661663e-01
 -1.661255e+00 -4.156131e-01 8.154417e-01
 -1.884583e+00 -1.106296e-01 9.711434e-01
 -2.006341e+00 2.789823e-01 1.026534e+00
 -2.005520e+00 6.942878e-01 9.658841e-01
 -1.914668e+00 1.054157e+00 7.655072e-01
 -1.741235e+00 1.297115e+00 4.585914e-01
 -1.496327e+00 1.378501e+00 1.114448e-01
 -1.227003e+00 1.280259e+00 -2.122663e-01
 -9.228573e-01 9.806503e-01 -4.826021e-01
 -7.520357e-01 9.075052e-01 -6.347392e-01
 -5.518326e-01 9.119170e-01 -8.586276e-01
 -2.038953e-01 1.064284e+00 -1.229995e+00
 2.145681e-01 1.078805e+00 -1.426495e+00
 6.491849e-01 9.403897e-01 -1.484778e+00
