 1.633249e+00 -6.548086e-01 -4.053000e-01
 1.658103e+00 -9.860055e-01 -6.331020e-01
 1.573210e+00 -1.234528e+00 -9.442541e-01
 1.387812e+00 -1.357901e+00 -1.290937e+00
 1.126545e+00 -1.332040e+00 -1.617279e+00
 8.373284e-01 -1.151706e+00 -1.867469e+00
 5.718393e-01 -8.470456e-01 -1.996647e+00
 3.708973e-01 -4.701378e-01 -1.977044e+00
 2.726447e-01 -8.668528e-02 -1.810086e+00
 2.930589e-01 2.582216e-01 -1.497477e+00
 2.561398e-01 4.113424e-01 -1.401584e+00
 1.869545e-01 6.558636e-01 -1.333624e+00
 6.402697e-02 1.155597e+00 -1.329372e+00
 -1.061663e-01 1.469190e+00 -1.233779e+00
 -3.246406e-01 1.703876e+00 -1.045645e+00
 -5.554582e-01 1.827255e+00 -7.891699e-01
 -7.741022e-01 1.825316e+00 -5.063748e-01
 -9.572069e-01 1.696650e+00 -1.965825e-01
 -1.037954e+00 1.486005e+00 5.695205e-02
 -1.050024e+00 1.144232e+00 2.656873e-01
 -1.022418e+00 7.322084e-01 3.286632e-01
 -9.675374e-01 4.570991e-01 2.616263e-01
 -9.990012e-01 1.417459e-01 5.794690e-02
 -1.222981e+00 -2.013047e-01 -2.929875e-01
 -1.309391e+00 -5.879468e-01 -4.644721e-01
 -1.339574e+00 -1.028647e+00 -4.664194e-01
 -1.294949e+00 -1.449427e+00 -2.903774e-01
 -1.157673e+00 -1.731672e+00 1.575054e-03
 -9.503849e-01 -1.857203e+00 3.976323e-01
 -7.702596e-01 -1.771637e+00 8.288512e-01
 -7.034135e-01 -1.552057e+00 1.128490e+00
 -8.145470e-01 -1.251280e+00 1.406431e+00
 -1.135146e+00 -1.040040e+00 1.768629e+00
 -1.329235e+00 -8.210084e-01 1.926591e+00
 -1.451467e+00 -5.082984e-01 2.050204e+00
 -1.468911e+00 -1.635657e-01 2.117758e+00
 -1.392825e+00 1.718214e-01 2.108967e+00
 -1.241427e+00 4.627463e-01 2.014763e+00
 -1.032223e+00 6.854335e-01 1.834685e+00
 -7.879620e-01 8.124225e-01 1.582202e+00
 -5.419857e-01 8.076806e-01 1.313121e+00
 -1.884974e-01 5.930531e-01 8.895932e-01
 -2.331589e-02 5.383549e-01 7.207725e-01
 1.216159e-01 5.102102e-01 6.201914e-01
 2.311283e-01 5.030054e-01 5.743622e-01
 4.520492e-01 5.300033e-01 5.201122e-01
 6.960693e-01 5.989853e-01 5.003733e-01
 9.509137e-01 7.314279e-01 4.879625e-01
 1.211068e+00 8.642770e-01 3.840459e-01
 1.447595e+00 9.514563e-01 2.010458e-01
 1.635825e+00 9.774326e-01 -3.063302e-02
 1.752670e+00 9.594239e-01 -2.915810e-01
 1.796645e+00 9.007428e-01 -5.615295e-01
 1.765769e+00 8.167482e-01 -8.130073e-01
 1.671025e+00 7.336038e-01 -1.023264e+00
 1.519558e+00 6.699098e-01 -1.203370e+00
 1.302929e+00 6.871550e-01 -1.396213e+00
 1.011248e+00 8.476452e-01 -1.942132e+00
 6.701884e-01 8.831690e-01 -2.218579e+00
 2.297935e-01 8.344333e-01 -2.352094e+00
 -1.798403e-01 7.328796e-01 -2.296409e+00
 -5.152266e-01 5.695275e-01 -2.077028e+00
 -7.075661e-01 3.377339e-01 -1.753326e+00
 -7.151766e-01 7.906969e-02 -1.373789e+00
 -5.556107e-01 -1.005557e-01 -1.062568e+00
 1.005544e-01 -1.712931e-01 -1.926130e-01
 5.840715e-01 -4.951426e-01 2.212859e-01
 1.086553e+00 -6.749364e-01 6.030310e-01
 1.302070e+00 -7.349787e-01 1.089731e+00
 1.254641e+00 -7.227445e-01 1.624229e+00
 9.390423e-01 -6.303945e-01 2.090102e+00
 5.030719e-01 -5.021914e-01 2.306270e+00
 9.451294e-03 -3.638636e-01 2.256217e+00
 -4.239504e-01 -2.178911e-01 1.939613e+00
 -6.596940e-01 -1.939877e-01 1.469192e+00
 -8.689097e-01 -1.730153e-01 1.279862e+00
 -1.172745e+00 -5.758677e-02 1.137620e+00
 -1.559822e+00 3.733814e-02 9.678437e-01
 -1.790121e+00 1.409695e-01 7.649712e-01
 -1.940481e+00 2.739861e-01 5.026468e-01
 -1.990796e+00 4.222046e-01 1.983436e-01
 -1.929168e+00 5.806504e-01 -1.037546e-01
 -1.737903e+00 7.179090e-01 -4.042961e-01
 -1.455363e+00 7.864927e-01 -6.162479e-01
 -1.073280e+00 8.106556e-01 -7.173545e-01
 -7.048628e-01 8.207780e-01 -6.660222e-01
 -4.248465e-01 8.438193e-01 -4.951880e-01
 -1.805529e-01 1.013077e+00 -2.801954e-01
 4.864927e-02 1.416558e+00 1.389810e-01
 2.132075e-01 1.537357e+00 5.800776e-01
 3.991192e-01 1.424016e+00 1.041569e+00
 5.431327e-01 1.139496e+00 1.359802e+00
 6.107345e-01 7.179994e-01 1.524205e+00
 5.757241e-01 2.259036e-01 1.504063e+00
 3.543197e-01 -3.271077e-01 1.255259e+00
 2.460220e-01 -7.391932e-01 1.283199e+00
 1.430512e-01 -1.410102e+00 1.734328e+00
 -1.861560e-02 -1.659162e+00 1.916205e+00
 -2.827798e-01 -1.881212e+00 2.027011e+00
 -6.059612e-01 -2.038417e+00 2.044296e+00
 -9.457601e-01 -2.113969e+00 1.966853e+00
 -1.259629e+00 -2.102177e+00 1.805540e+00
 -1.508890e+00 -2.008882e+00 1.582268e+00
 -1.672860e+00 -1.837522e+00 1.335483e+00
 -1.740867e+00 -1.598732e+00 1.096643e+00
 -1.697222e+00 -1.318955e+00 8.870977e-01
 -1.554310e+00 -1.081691e+00 7.252360e-01
 -1.330629e+00 -9.071629e-01 5.903616e-01
 -1.095290e+00 -8.352660e-01 5.099415e-01
 -8.636983e-01 -8.259797e-01 4.387936e-01
 -5.699539e-01 -8.971825e-01 2.154207e-01
 -3.064587e-01 -1.108507e+00 -1.297838e-01
 -1.588145e-01 -1.158482e+00 -3.124513e-01
 1.581460e-02 -1.156376e+00 -4.852207e-01
 1.985630e-01 -1.101023e+00 -6.333938e-01
 3.750274e-01 -9.924684e-01 -7.570730e-01
 8.150783e-01 -5.468933e-01 -1.039706e+00
 9.042625e-01 -4.759788e-01 -1.101158e+00
 1.003461e+00 -4.167765e-01 -1.172924e+00
 1.106068e+00 -3.744362e-01 -1.254751e+00
 1.566572e+00 -2.609715e-01 -1.670783e+00
 1.822116e+00 -4.830675e-02 -1.885728e+00
 2.011893e+00 2.737249e-01 -2.016957e+00
 2.111188e+00 6.565644e-01 -2.041059e+00
 2.101727e+00 1.042735e+00 -1.957545e+00
 1.976651e+00 1.373870e+00 -1.787818e+00
 1.747845e+00 1.604526e+00 -1.562596e+00
 1.463248e+00 1.697409e+00 -1.294293e+00
 1.177178e+00 1.631029e+00 -1.015610e+00
 9.353789e-01 1.418003e+00 -7.822274e-01
 7.929375e-01 1.097242e+00 -6.057985e-01
 7.660487e-01 7.399123e-01 -5.193424e-01
 8.499211e-01 4.312096e-01 -4.867403e-01
 1.288431e+00 1.321333e-02 -2.939210e-01
 1.507610e+00 -2.971445e-01 -2.947708e-01
