 -2.518159e-01 -2.945750e+00 -3.282286e-01
 1.986899e-01 -2.949997e+00 -3.329830e-01
 6.347845e-01 -2.734666e+00 -3.275235e-01
 8.869339e-01 -2.380226e+00 -2.940104e-01
 9.720436e-01 -1.870049e+00 -3.080491e-01
 8.366443e-01 -1.428724e+00 -3.838237e-01
 5.298159e-01 -1.112675e+00 -5.834716e-01
 2.211095e-01 -1.035807e+00 -1.017526e+00
 -1.305217e-01 -9.480372e-01 -1.259899e+00
 -4.881125e-01 -6.840786e-01 -1.341954e+00
 -7.352557e-01 -3.009083e-01 -1.257659e+00
 -8.051657e-01 1.574217e-01 -1.081718e+00
 -6.950786e-01 5.167858e-01 -8.345175e-01
 -4.666952e-01 8.370982e-01 -5.041312e-01
 -2.269855e-01 1.177701e+00 -2.022870e-01
 2.538601e-03 1.576865e+00 -8.083887e-02
 1.292423e-01 2.055062e+00 -1.540553e-01
 6.392380e-02 2.454691e+00 -2.000740e-01
 -1.789937e-01 2.858142e+00 -1.138504e-01
 -5.041237e-01 3.107349e+00 9.468278e-02
 -8.219994e-01 3.180777e+00 4.040701e-01
 -1.087225e+00 3.062293e+00 7.353085e-01
 -1.248266e+00 2.768117e+00 1.100278e+00
 -1.191858e+00 2.450828e+00 1.332970e+00
 -8.911520e-01 2.149970e+00 1.662073e+00
 -8.161955e-01 1.856649e+00 1.951506e+00
 -8.117103e-01 1.437599e+00 2.091014e+00
 -8.266271e-01 9.553005e-01 2.063356e+00
 -8.327218e-01 4.828718e-01 1.985584e+00
 -8.260324e-01 1.694529e-02 1.884064e+00
 -8.090478e-01 -4.457862e-01 1.762419e+00
 -7.896604e-01 -9.084712e-01 1.635701e+00
 -7.681059e-01 -1.369020e+00 1.504507e+00
 -7.369164e-01 -1.821189e+00 1.351749e+00
 -6.971793e-01 -2.264448e+00 1.178029e+00
 -6.483464e-01 -2.704835e+00 9.858980e-01
 -5.247012e-01 -3.116130e+00 7.550398e-01
 -4.864834e-01 -3.485682e+00 5.339484e-01
 -6.839899e-01 -3.744320e+00 2.183274e-01
 -9.035777e-01 -3.771333e+00 -2.357354e-01
 -1.051890e+00 -3.600477e+00 -6.289095e-01
 -1.142986e+00 -3.262769e+00 -9.430649e-01
 -1.180825e+00 -2.809888e+00 -1.084281e+00
 -1.150023e+00 -2.395232e+00 -1.027182e+00
 -1.057542e+00 -1.916596e+00 -8.080085e-01
 -9.341883e-01 -1.502786e+00 -6.123382e-01
 -7.112412e-01 -1.101909e+00 -3.977318e-01
 -4.819826e-01 -7.090599e-01 -2.967202e-01
 -1.523329e-01 -2.951932e-01 -3.916425e-01
 1.292886e-01 -7.332020e-02 -6.625740e-01
 2.353183e-01 -3.528999e-04 -1.064824e+00
 2.867064e-01 2.993458e-02 -1.573645e+00
 4.815146e-01 2.943827e-01 -1.977054e+00
 7.221125e-01 6.367450e-01 -2.173730e+00
 1.006446e+00 1.017819e+00 -2.164425e+00
 1.278911e+00 1.358344e+00 -1.932239e+00
 1.480492e+00 1.544152e+00 -1.522836e+00
 1.615947e+00 1.480295e+00 -1.195583e+00
 1.923042e+00 1.321316e+00 -7.753663e-01
 2.026862e+00 1.407190e+00 -2.581562e-01
 1.883844e+00 1.528215e+00 2.028452e-01
 1.552236e+00 1.606729e+00 5.329152e-01
 1.093374e+00 1.597098e+00 7.099022e-01
 6.199292e-01 1.534300e+00 8.212785e-01
 1.661784e-01 1.442945e+00 9.302549e-01
 -3.274707e-01 1.305943e+00 1.040548e+00
 -7.968553e-01 1.287483e+00 1.056669e+00
 -1.285390e+00 1.333127e+00 1.157417e+00
 -1.660876e+00 1.472397e+00 1.441440e+00
 -1.873501e+00 1.769868e+00 1.792049e+00
 -1.884220e+00 2.164502e+00 2.070376e+00
 -1.718800e+00 2.568280e+00 2.224156e+00
 -1.425599e+00 2.906813e+00 2.235068e+00
 -1.064890e+00 3.124528e+00 2.111920e+00
 -6.977402e-01 3.187516e+00 1.881556e+00
 -3.875424e-01 3.085489e+00 1.579080e+00
 -1.947015e-01 2.823300e+00 1.220614e+00
 -2.345036e-01 2.438986e+00 8.648597e-01
 -5.223126e-01 2.201207e+00 6.145139e-01
 -8.221864e-01 2.133635e+00 3.189774e-01
 -9.209123e-01 2.100295e+00 -1.987967e-01
 -7.954267e-01 1.992159e+00 -6.494294e-01
 -4.860626e-01 1.824510e+00 -9.887967e-01
 -1.193784e-01 1.605735e+00 -1.140051e+00
 2.730168e-01 1.293414e+00 -1.157349e+00
 6.450066e-01 9.878910e-01 -1.159039e+00
 1.021637e+00 6.669161e-01 -1.176597e+00
 1.337973e+00 4.847898e-01 -1.331456e+00
 1.811911e+00 5.354682e-01 -1.561061e+00
 2.183293e+00 7.815654e-01 -1.707827e+00
 2.442783e+00 1.178350e+00 -1.743107e+00
 2.526084e+00 1.642771e+00 -1.658646e+00
 2.426722e+00 2.065761e+00 -1.452073e+00
 2.167619e+00 2.352300e+00 -1.160548e+00
 1.804892e+00 2.435252e+00 -8.490022e-01
 1.429781e+00 2.296081e+00 -5.861619e-01
 1.109960e+00 1.954141e+00 -4.063657e-01
 9.861745e-01 1.485833e+00 -3.334214e-01
 1.019828e+00 1.071909e+00 -2.060357e-01
 1.134582e+00 5.746516e-01 -1.653316e-01
 1.209561e+00 1.835719e-01 -2.962699e-01
 1.274596e+00 -2.144277e-01 -6.027188e-01
 1.332660e+00 -5.762359e-01 -9.377892e-01
 1.322387e+00 -9.531628e-01 -1.225215e+00
 1.176485e+00 -1.358955e+00 -1.378069e+00
 9.029252e-01 -1.745042e+00 -1.373118e+00
 5.359389e-01 -1.994896e+00 -1.244290e+00
 1.585821e-01 -2.072336e+00 -9.738682e-01
 -3.610449e-02 -1.978059e+00 -6.020691e-01
 -6.521053e-02 -1.910160e+00 -1.689103e-01
 7.639074e-02 -2.131247e+00 3.147055e-01
 3.150213e-01 -2.471901e+00 6.580607e-01
 4.375884e-01 -2.813683e+00 9.660942e-01
 3.631672e-01 -3.175108e+00 1.267778e+00
 9.463654e-02 -3.491823e+00 1.482997e+00
 -3.088866e-01 -3.711428e+00 1.567631e+00
 -7.490157e-01 -3.803302e+00 1.505438e+00
 -1.152142e+00 -3.756041e+00 1.297554e+00
 -1.434510e+00 -3.580378e+00 9.806242e-01
 -1.533535e+00 -3.310614e+00 6.145857e-01
 -1.421423e+00 -3.003364e+00 2.504185e-01
 -1.102898e+00 -2.756303e+00 -1.707013e-02
 -7.294819e-01 -2.720189e+00 -1.597169e-01
