 7.961146e-01 1.916647e+00 -6.036738e-01
 6.590725e-01 1.850042e+00 -8.074922e-01
 5.105413e-01 1.711315e+00 -9.858761e-01
 3.378509e-01 1.480267e+00 -1.137654e+00
 1.846403e-01 1.211957e+00 -1.199800e+00
 4.645149e-02 9.233270e-01 -1.167117e+00
 -3.357219e-02 7.106972e-01 -1.070430e+00
 -4.248304e-02 3.977613e-01 -9.196357e-01
 -2.951968e-02 7.015120e-02 -8.900446e-01
 -4.069068e-02 -2.321039e-01 -1.001142e+00
 -6.073250e-02 -4.866427e-01 -1.189378e+00
 -9.986124e-02 -7.889117e-01 -1.544607e+00
 -1.683110e-01 -1.081088e+00 -1.723328e+00
 -2.723795e-01 -1.402803e+00 -1.795632e+00
 -3.939638e-01 -1.719782e+00 -1.753429e+00
 -5.257337e-01 -1.995211e+00 -1.603318e+00
 -6.485058e-01 -2.203334e+00 -1.357434e+00
 -7.472758e-01 -2.318816e+00 -1.037079e+00
 -8.165057e-01 -2.313433e+00 -6.824229e-01
 -8.630159e-01 -2.184012e+00 -3.468949e-01
 -9.017013e-01 -1.956550e+00 -9.300513e-02
 -9.526481e-01 -1.649538e+00 5.912777e-02
 -1.027217e+00 -1.345969e+00 7.649212e-02
 -1.158470e+00 -1.109043e+00 5.064884e-02
 -1.584677e+00 -7.941006e-01 1.657020e-04
 -1.784955e+00 -4.888248e-01 -1.427440e-02
 -1.867169e+00 -1.373703e-01 1.400829e-05
 -1.820193e+00 2.330372e-01 1.727967e-02
 -1.647408e+00 5.501812e-01 5.028019e-02
 -1.362036e+00 7.895573e-01 1.118535e-01
 -1.028681e+00 8.991650e-01 1.929447e-01
 -6.713670e-01 8.848278e-01 3.394079e-01
 -3.664753e-01 7.301104e-01 5.296985e-01
 -1.979946e-01 5.452975e-01 8.409785e-01
 -1.177183e-01 2.590792e-01 1.554260e+00
 -6.704964e-02 -1.439412e-02 1.834654e+00
 -1.414196e-02 -3.738179e-01 1.988951e+00
 3.580352e-02 -7.655130e-01 1.994179e+00
 7.803708e-02 -1.131326e+00 1.848808e+00
 1.029007e-01 -1.417041e+00 1.572729e+00
 9.926283e-02 -1.580310e+00 1.199768e+00
 4.940923e-02 -1.592742e+00 8.165264e-01
 -1.902355e-02 -1.447019e+00 4.469433e-01
 -3.961628e-02 -1.194771e+00 1.762730e-01
 -6.036631e-02 -9.036016e-01 3.374441e-02
 -2.121080e-02 -6.570925e-01 -1.144675e-02
 1.066954e-01 -4.044936e-01 -9.755106e-03
 4.210837e-01 -5.434466e-02 7.177373e-02
 1.401914e+00 4.247274e-01 6.560373e-01
 1.604888e+00 6.711600e-01 8.828538e-01
 1.674932e+00 9.870266e-01 1.108857e+00
 1.596717e+00 1.345101e+00 1.305516e+00
 1.398142e+00 1.669828e+00 1.409843e+00
 1.115497e+00 1.921592e+00 1.411087e+00
 7.710830e-01 2.061396e+00 1.338402e+00
 4.113979e-01 2.061359e+00 1.196695e+00
 1.094852e-01 1.924404e+00 1.061560e+00
 -1.717537e-01 1.664930e+00 1.044757e+00
 -6.427477e-01 1.403758e+00 1.243153e+00
 -8.549956e-01 1.189456e+00 1.310331e+00
 -1.038871e+00 9.271640e-01 1.295417e+00
 -1.154587e+00 6.580580e-01 1.208462e+00
 -1.184734e+00 3.822599e-01 1.070048e+00
 -1.142097e+00 1.539292e-01 8.943158e-01
 -1.052943e+00 -2.548372e-02 6.467154e-01
 -9.312043e-01 -1.133910e-01 3.969813e-01
 -8.537291e-01 -1.055669e-01 1.865891e-01
 -8.513436e-01 -6.660194e-02 -1.461305e-01
 -1.044900e+00 3.928001e-02 -8.054848e-01
 -1.007025e+00 1.046518e-01 -1.194568e+00
 -8.248240e-01 1.577089e-01 -1.544228e+00
 -4.902143e-01 1.889440e-01 -1.830041e+00
 -1.332548e-01 1.970814e-01 -1.946229e+00
 2.288297e-01 1.841806e-01 -1.905649e+00
 5.984759e-01 1.656306e-01 -1.700770e+00
 8.195439e-01 1.544599e-01 -1.438998e+00
 1.001473e+00 2.868463e-02 -1.050741e+00
 1.257161e+00 -6.746190e-02 -8.595144e-01
 1.497638e+00 -2.391349e-01 -7.699419e-01
 1.726062e+00 -5.660894e-01 -7.328453e-01
 1.808977e+00 -9.200795e-01 -7.463656e-01
 1.746843e+00 -1.299255e+00 -7.677906e-01
 1.534387e+00 -1.640026e+00 -7.648032e-01
 1.198653e+00 -1.877181e+00 -7.397623e-01
 7.867200e-01 -1.966523e+00 -7.328710e-01
 3.710991e-01 -1.887200e+00 -7.447634e-01
 -2.441254e-01 -1.471692e+00 -7.806666e-01
 -4.581394e-01 -1.361200e+00 -7.862469e-01
 -7.635492e-01 -1.295680e+00 -8.985541e-01
 -1.085119e+00 -1.358697e+00 -9.422198e-01
 -1.405681e+00 -1.485789e+00 -8.685344e-01
 -1.708935e+00 -1.640574e+00 -6.440179e-01
 -1.885972e+00 -1.743018e+00 -3.500371e-01
 -1.964104e+00 -1.777445e+00 7.620954e-04
 -1.936839e+00 -1.727660e+00 3.594893e-01
 -1.787769e+00 -1.600152e+00 7.070597e-01
 -1.558879e+00 -1.439053e+00 9.430932e-01
 -1.266570e+00 -1.255190e+00 1.065429e+00
 -3.541707e-01 -6.746112e-01 1.040297e+00
 -1.414119e-01 -5.969407e-01 9.968585e-01
 1.258309e-01 -5.751894e-01 9.865815e-01
 3.546122e-01 -6.251057e-01 9.524078e-01
 5.461740e-01 -7.031232e-01 8.743064e-01
 7.566867e-01 -8.191224e-01 6.948248e-01
 9.024622e-01 -9.085000e-01 4.212816e-01
 9.568674e-01 -9.631219e-01 1.273092e-01
 9.216534e-01 -9.944786e-01 -2.026224e-01
 7.485557e-01 -9.361345e-01 -7.062165e-01
 8.176963e-01 -9.765343e-01 -1.075765e+00
 1.002297e+00 -9.378104e-01 -1.385184e+00
 1.294775e+00 -7.598051e-01 -1.650895e+00
 1.558051e+00 -4.991350e-01 -1.764183e+00
 1.762589e+00 -1.508661e-01 -1.754969e+00
 1.837306e+00 2.470482e-01 -1.645725e+00
 1.767639e+00 6.146226e-01 -1.441869e+00
 1.585026e+00 8.747557e-01 -1.152379e+00
 1.323196e+00 9.786997e-01 -8.344249e-01
 8.154453e-01 9.024252e-01 -4.240838e-01
 4.598753e-01 9.891404e-01 -2.407324e-01
 2.618104e-01 1.136571e+00 -1.872368e-01
 -3.667088e-01 2.079661e+00 1.337754e-01
 -5.522508e-01 2.303371e+00 3.407684e-01
 -6.820795e-01 2.461356e+00 6.441407e-01
 -7.322945e-01 2.529725e+00 1.002960e+00
 -6.919049e-01 2.499552e+00 1.371237e+00
 -5.620855e-01 2.375249e+00 1.698811e+00
 -3.658152e-01 2.169392e+00 1.938596e+00
 -1.440465e-01 1.897360e+00 2.059213e+00
 7.573434e-02 1.591470e+00 2.044624e+00
 2.853591e-01 1.322753e+00 1.897277e+00
 4.563285e-01 1.132902e+00 1.651801e+00
 5.991511e-01 1.043446e+00 1.328608e+00
 6.564103e-01 1.058026e+00 1.010041e+00
 7.212390e-01 1.178011e+00 7.629961e-01
 9.192110e-01 1.444388e+00 5.303550e-01
 9.759878e-01 1.593262e+00 3.845144e-01
 1.009807e+00 1.759216e+00 1.386537e-01
 9.895234e-01 1.864299e+00 -1.117105e-01
 9.152611e-01 1.917732e+00 -3.685545e-01
