 1.076851e+00 -1.426352e+00 1.096006e+00
 1.250358e+00 -1.253857e+00 1.035158e+00
 1.461825e+00 -1.082741e+00 8.274354e-01
 1.568156e+00 -8.538387e-01 4.734338e-01
 1.453598e+00 -5.778563e-01 8.489463e-02
 1.136495e+00 -3.536265e-01 -2.055724e-01
 7.001595e-01 -2.219370e-01 -3.300162e-01
 1.063309e-01 -1.198899e-01 -2.205018e-01
 -3.222524e-01 -1.415387e-01 -3.222700e-01
 -5.955936e-01 -2.188037e-01 -4.974162e-01
 -7.946870e-01 -3.319614e-01 -7.749720e-01
 -8.791024e-01 -4.210496e-01 -1.149711e+00
 -8.241275e-01 -4.482782e-01 -1.539156e+00
 -6.454148e-01 -4.216068e-01 -1.872427e+00
 -3.697268e-01 -3.311979e-01 -2.121619e+00
 -6.951373e-02 -1.667003e-01 -2.251807e+00
 2.368097e-01 4.444558e-02 -2.253313e+00
 5.149020e-01 2.568515e-01 -2.121347e+00
 7.202683e-01 4.507847e-01 -1.876112e+00
 8.194537e-01 5.937248e-01 -1.570874e+00
 7.888429e-01 7.534629e-01 -1.200992e+00
 7.422063e-01 1.003868e+00 -9.352738e-01
 7.498524e-01 1.190607e+00 -8.350697e-01
 7.794498e-01 1.429539e+00 -7.720699e-01
 7.258690e-01 1.807511e+00 -7.816149e-01
 6.058923e-01 2.137830e+00 -9.153676e-01
 4.087156e-01 2.383376e+00 -1.136536e+00
 1.612619e-01 2.500516e+00 -1.398147e+00
 -1.062166e-01 2.484182e+00 -1.646438e+00
 -3.731899e-01 2.343773e+00 -1.847317e+00
 -5.952506e-01 2.095585e+00 -1.990881e+00
 -7.420998e-01 1.774603e+00 -2.060103e+00
 -7.976104e-01 1.423220e+00 -2.049077e+00
 -7.576636e-01 1.083715e+00 -1.961589e+00
 -6.312119e-01 7.959611e-01 -1.807120e+00
 -1.759240e-01 3.333626e-01 -1.361009e+00
 -2.439368e-02 1.261217e-01 -1.261866e+00
 1.157781e-01 -1.206051e-01 -1.248148e+00
 1.453849e-01 -3.811582e-01 -1.226542e+00
 1.203157e-01 -6.258179e-01 -1.133416e+00
 5.823006e-02 -8.937783e-01 -9.145938e-01
 -5.054883e-02 -1.075209e+00 -6.507136e-01
 -1.910609e-01 -1.156182e+00 -3.739842e-01
 -3.451121e-01 -1.136448e+00 -9.495780e-02
 -5.142652e-01 -9.616156e-01 2.868268e-01
 -7.012447e-01 -8.954596e-01 5.296163e-01
 -9.247188e-01 -9.301287e-01 7.394754e-01
 -1.193462e+00 -9.683336e-01 8.556829e-01
 -1.549670e+00 -9.712579e-01 8.791745e-01
 -1.856068e+00 -9.190181e-01 8.115269e-01
 -2.117483e+00 -8.021287e-01 6.803678e-01
 -2.308638e+00 -6.315002e-01 4.992165e-01
 -2.414473e+00 -4.154763e-01 2.926247e-01
 -2.423611e+00 -1.719378e-01 8.543265e-02
 -2.331188e+00 6.953648e-02 -1.098544e-01
 -2.144700e+00 2.821333e-01 -2.764729e-01
 -1.883114e+00 4.397197e-01 -3.991356e-01
 -8.339044e-01 7.486910e-01 -6.030729e-01
 -6.267537e-01 7.903409e-01 -5.878532e-01
 -3.060571e-01 8.598424e-01 -4.803088e-01
 -1.253244e-01 9.955946e-01 -3.374209e-01
 1.052785e-01 1.386276e+00 -2.311571e-02
 2.991294e-01 1.530723e+00 1.207471e-01
 5.786053e-01 1.610730e+00 3.439683e-01
 8.309268e-01 1.574514e+00 5.655143e-01
 1.045808e+00 1.434960e+00 7.672223e-01
 1.200597e+00 1.210109e+00 9.363507e-01
 1.286257e+00 9.202128e-01 1.053628e+00
 1.288855e+00 5.882261e-01 1.112977e+00
 1.193520e+00 2.289548e-01 1.110313e+00
 1.022021e+00 -6.356574e-02 1.029978e+00
 6.153924e-01 -4.846746e-01 7.070227e-01
 5.202843e-01 -8.002945e-01 5.002961e-01
 5.504812e-01 -1.010523e+00 3.391655e-01
 6.465037e-01 -1.241938e+00 1.939108e-01
 8.608447e-01 -1.519606e+00 1.061631e-01
 1.133836e+00 -1.771177e+00 1.399838e-01
 1.419354e+00 -1.962922e+00 2.991698e-01
 1.676791e+00 -2.064421e+00 5.664891e-01
 1.848690e+00 -2.076870e+00 9.092881e-01
 1.912340e+00 -1.996701e+00 1.277539e+00
 1.857526e+00 -1.836687e+00 1.621253e+00
 1.693470e+00 -1.615932e+00 1.890517e+00
 1.433578e+00 -1.368358e+00 2.050793e+00
 1.111403e+00 -1.143938e+00 2.074702e+00
 7.671855e-01 -9.859023e-01 1.962390e+00
 4.471092e-01 -9.350889e-01 1.731949e+00
 2.284337e-01 -1.007015e+00 1.478261e+00
 2.904361e-02 -1.191190e+00 1.281996e+00
 -2.463673e-01 -1.670260e+00 1.011501e+00
 -4.752137e-01 -1.856230e+00 8.031453e-01
 -7.370947e-01 -1.923706e+00 5.637219e-01
 -1.000522e+00 -1.863191e+00 3.275728e-01
 -1.225288e+00 -1.682878e+00 1.142470e-01
 -1.378435e+00 -1.397091e+00 -5.803835e-02
 -1.458389e+00 -1.046960e+00 -1.405079e-01
 -1.473090e+00 -6.804503e-01 -1.053839e-01
 -1.435726e+00 -4.003957e-01 2.982698e-02
 -1.401088e+00 -2.047302e-01 2.163518e-01
 -1.541904e+00 6.888378e-02 6.221699e-01
 -1.486500e+00 2.871001e-01 9.776748e-01
 -1.257785e+00 5.683034e-01 1.286606e+00
 -9.383330e-01 7.754883e-01 1.425514e+00
 -5.454645e-01 8.902100e-01 1.423958e+00
 -8.295734e-02 9.040435e-01 1.244881e+00
 2.388306e-01 8.004897e-01 9.697142e-01
 4.475709e-01 6.099935e-01 5.284287e-01
 5.803862e-01 5.855076e-01 3.750835e-01
 8.194745e-01 6.262699e-01 1.999412e-01
 1.487376e+00 8.048722e-01 -2.466339e-01
 1.696028e+00 9.422630e-01 -5.460281e-01
 1.766096e+00 1.111007e+00 -8.934521e-01
 1.681784e+00 1.292021e+00 -1.247715e+00
 1.462064e+00 1.457306e+00 -1.532800e+00
 1.133782e+00 1.576171e+00 -1.718468e+00
 7.936106e-01 1.602905e+00 -1.790466e+00
 4.127506e-01 1.552308e+00 -1.739591e+00
 1.177259e-01 1.488094e+00 -1.569719e+00
 -4.746320e-02 1.499588e+00 -1.366233e+00
 -1.880184e-01 1.554545e+00 -1.228762e+00
 -4.620578e-01 1.756105e+00 -9.508122e-01
 -6.824074e-01 1.816084e+00 -6.292170e-01
 -8.580198e-01 1.739804e+00 -3.031537e-01
 -9.395899e-01 1.558344e+00 6.054373e-03
 -9.238246e-01 1.303379e+00 2.485269e-01
 -8.315133e-01 9.532441e-01 4.059365e-01
 -6.340982e-01 5.425458e-01 4.505060e-01
 -5.485965e-01 2.984685e-01 5.467281e-01
 -4.959638e-01 7.517808e-02 7.755631e-01
 -4.813778e-01 -1.349210e-01 1.198500e+00
 -6.443707e-01 -5.806891e-01 1.796976e+00
 -6.278849e-01 -8.825694e-01 2.027959e+00
 -4.998028e-01 -1.214558e+00 2.173401e+00
 -2.791076e-01 -1.529251e+00 2.208318e+00
 8.598838e-04 -1.782065e+00 2.124833e+00
 3.156155e-01 -1.933895e+00 1.937107e+00
 5.846014e-01 -1.961471e+00 1.682954e+00
 8.193905e-01 -1.848025e+00 1.377516e+00
 9.654131e-01 -1.626694e+00 1.164477e+00
