 -1.719917e+00 4.795682e-01 -6.300964e-01
 -2.134829e+00 5.311304e-01 -5.849248e-01
 -2.528099e+00 5.090537e-01 -3.767759e-01
 -2.790324e+00 4.149095e-01 -6.427580e-02
 -2.892179e+00 2.776814e-01 3.017884e-01
 -2.827255e+00 1.416584e-01 6.827042e-01
 -2.596957e+00 3.486451e-02 1.033421e+00
 -2.249982e+00 -4.234685e-02 1.255794e+00
 -1.842228e+00 -7.805837e-02 1.325137e+00
 -8.771552e-01 -5.784892e-02 1.104383e+00
 -6.210145e-01 1.569248e-02 1.126667e+00
 -3.321059e-01 7.189656e-02 1.254420e+00
 3.459351e-01 -4.603723e-02 1.707438e+00
 8.197834e-01 -1.900071e-01 1.762071e+00
 1.256464e+00 -3.312323e-01 1.580616e+00
 1.542743e+00 -4.762377e-01 1.221057e+00
 1.622632e+00 -6.058862e-01 7.578598e-01
 1.484508e+00 -6.592171e-01 2.958995e-01
 1.051372e+00 -5.598461e-01 -2.311875e-01
 4.936236e-01 -1.848877e-01 -1.311524e+00
 4.288418e-01 6.842152e-02 -1.639555e+00
 5.356059e-01 3.721883e-01 -1.931542e+00
 7.950239e-01 6.600837e-01 -2.122700e+00
 1.158187e+00 8.805230e-01 -2.181442e+00
 1.559554e+00 9.959870e-01 -2.101062e+00
 1.929635e+00 9.886908e-01 -1.899267e+00
 2.207145e+00 8.639035e-01 -1.611352e+00
 2.330358e+00 6.912757e-01 -1.296055e+00
 2.317471e+00 4.307194e-01 -9.643224e-01
 2.186837e+00 1.599416e-01 -7.663279e-01
 1.993120e+00 -2.125338e-01 -6.977719e-01
 1.825958e+00 -8.268423e-01 -8.422555e-01
 1.603809e+00 -1.131927e+00 -8.826525e-01
 1.291164e+00 -1.354951e+00 -8.486294e-01
 9.319527e-01 -1.457811e+00 -7.490098e-01
 5.742698e-01 -1.422856e+00 -6.025223e-01
 2.669187e-01 -1.251740e+00 -4.349464e-01
 5.830731e-02 -9.737101e-01 -2.800315e-01
 -1.351215e-01 -1.145587e-01 1.328353e-01
 -1.398001e-01 8.023013e-02 2.330257e-01
 3.373271e-02 1.050809e+00 5.215700e-01
 -1.517251e-01 1.530556e+00 6.712724e-01
 -5.804764e-01 1.870067e+00 7.805812e-01
 -1.078696e+00 1.956412e+00 8.127843e-01
 -1.555402e+00 1.793699e+00 7.733350e-01
 -1.916683e+00 1.393863e+00 6.753670e-01
 -2.027463e+00 9.074917e-01 5.585766e-01
 -1.851028e+00 3.231027e-01 3.805221e-01
 -1.874362e+00 6.398399e-02 3.004820e-01
 -2.076575e+00 -3.714460e-01 4.991931e-02
 -2.067995e+00 -7.683911e-01 -1.247797e-01
 -1.910824e+00 -1.162422e+00 -1.968343e-01
 -1.621669e+00 -1.465201e+00 -1.877641e-01
 -1.233788e+00 -1.636549e+00 -9.360897e-02
 -8.378252e-01 -1.645917e+00 9.490078e-02
 -5.038894e-01 -1.498077e+00 3.677872e-01
 -3.407628e-01 -1.235588e+00 6.544941e-01
 -3.794747e-01 -1.005510e+00 9.744986e-01
 -4.882521e-01 -9.158963e-01 1.560122e+00
 -6.874730e-01 -6.419353e-01 1.937152e+00
 -8.223032e-01 -1.703979e-01 2.141167e+00
 -8.908781e-01 3.256397e-01 2.089837e+00
 -9.581271e-01 7.423184e-01 1.787361e+00
 -1.010909e+00 9.630754e-01 1.300761e+00
 -9.921363e-01 9.139961e-01 6.555544e-01
 -1.000707e+00 9.831407e-01 4.077845e-01
 -1.019540e+00 1.328896e+00 -8.162038e-02
 -1.040691e+00 1.397429e+00 -5.596746e-01
 -1.059091e+00 1.230155e+00 -1.047879e+00
 -1.067380e+00 9.099986e-01 -1.361000e+00
 -1.064004e+00 4.820407e-01 -1.494084e+00
 -1.050351e+00 -2.571420e-02 -1.410316e+00
 -1.037739e+00 -4.134058e-01 -1.124574e+00
 -1.025704e+00 -6.281367e-01 -6.956986e-01
 -1.045440e+00 -6.249970e-01 -1.568829e-02
 -1.144475e+00 -6.874726e-01 3.416348e-01
 -1.340807e+00 -8.883276e-01 6.188961e-01
 -1.380669e+00 -1.261195e+00 8.984285e-01
 -1.178306e+00 -1.660909e+00 1.141561e+00
 -8.150955e-01 -1.916786e+00 1.283649e+00
 -3.545861e-01 -1.981225e+00 1.376260e+00
 9.869545e-02 -1.837094e+00 1.392230e+00
 4.580548e-01 -1.529750e+00 1.288939e+00
 6.370043e-01 -1.126200e+00 1.094448e+00
 5.884463e-01 -6.174352e-01 8.421373e-01
 6.162750e-01 -3.494162e-01 7.563313e-01
 7.055891e-01 -1.260950e-01 7.335946e-01
 8.881087e-01 5.627932e-01 8.365761e-01
 1.006301e+00 9.197472e-01 7.515164e-01
 1.104558e+00 1.231328e+00 5.142120e-01
 1.206357e+00 1.423712e+00 1.626905e-01
 1.289374e+00 1.458505e+00 -2.414399e-01
 1.336427e+00 1.330155e+00 -6.326286e-01
 1.336267e+00 1.064660e+00 -9.420616e-01
 1.321304e+00 4.408550e-01 -1.246620e+00
 1.472086e+00 1.276453e-01 -1.524804e+00
 1.795381e+00 -9.035236e-02 -1.718714e+00
 2.245145e+00 -2.900654e-01 -1.714707e+00
 2.644192e+00 -4.280641e-01 -1.497094e+00
 2.911223e+00 -4.996717e-01 -1.126497e+00
 3.013394e+00 -4.710591e-01 -6.769842e-01
 2.931413e+00 -3.492971e-01 -2.415010e-01
 2.683968e+00 -1.599808e-01 9.366897e-02
 2.321875e+00 5.850638e-02 2.635200e-01
 1.917956e+00 2.582242e-01 2.373528e-01
 1.221961e+00 4.339396e-01 -1.232170e-01
 8.974924e-01 4.991533e-01 -2.027627e-01
 4.053386e-01 5.707608e-01 -5.334137e-01
 2.046652e-01 5.650408e-01 -6.242676e-01
 -2.451444e-02 5.476788e-01 -6.742661e-01
 -2.545396e-01 5.172606e-01 -6.763793e-01
 -4.737646e-01 4.728994e-01 -6.335045e-01
 -7.922416e-01 3.921118e-01 -4.972296e-01
 -9.813622e-01 3.721889e-01 -4.605024e-01
 -1.207107e+00 3.762551e-01 -4.662496e-01
