 -1.012875e+00 8.537133e-01 1.703241e+00
 -9.395817e-01 4.484191e-01 1.872329e+00
 -8.526476e-01 1.800320e-02 1.846416e+00
 -7.588533e-01 -3.654772e-01 1.628641e+00
 -6.960023e-01 -6.304306e-01 1.254014e+00
 -6.893381e-01 -7.767436e-01 5.164866e-01
 -7.311024e-01 -9.037725e-01 2.470564e-01
 -8.170106e-01 -1.102106e+00 2.397166e-02
 -8.068192e-01 -1.518031e+00 -1.747296e-01
 -5.992922e-01 -1.928101e+00 -2.734355e-01
 -1.876801e-01 -2.209586e+00 -3.205766e-01
 2.513526e-01 -2.237005e+00 -3.634459e-01
 6.011608e-01 -2.118086e+00 -5.617465e-01
 9.956504e-01 -2.096188e+00 -1.065822e+00
 1.249173e+00 -1.947029e+00 -1.313771e+00
 1.521609e+00 -1.696043e+00 -1.451833e+00
 1.767963e+00 -1.382120e+00 -1.451078e+00
 1.950436e+00 -1.051847e+00 -1.306730e+00
 2.038365e+00 -7.574946e-01 -1.035556e+00
 2.011734e+00 -5.418264e-01 -6.653984e-01
 1.874481e+00 -4.497838e-01 -2.818834e-01
 1.613915e+00 -4.913963e-01 6.744866e-02
 1.278680e+00 -7.139010e-01 2.983524e-01
 1.111040e+00 -1.025061e+00 4.225046e-01
 1.093977e+00 -1.440532e+00 5.340471e-01
 1.101494e+00 -2.596544e+00 2.043783e-01
 1.000654e+00 -2.962054e+00 -1.109826e-01
 7.845879e-01 -3.143078e+00 -5.186276e-01
 4.952216e-01 -3.098202e+00 -9.199848e-01
 1.937891e-01 -2.840562e+00 -1.215502e+00
 -2.248024e-02 -2.426432e+00 -1.354759e+00
 -9.457192e-02 -1.938571e+00 -1.319702e+00
 -5.083632e-02 -1.512993e+00 -1.089976e+00
 5.905496e-02 -1.251986e+00 -7.218460e-01
 1.530420e-01 -1.211560e+00 -3.775211e-01
 2.052678e-01 -1.274598e+00 -6.848594e-03
 9.716712e-02 -1.489835e+00 3.799314e-01
 -2.068440e-01 -1.686083e+00 6.708269e-01
 -6.471118e-01 -1.766361e+00 8.272511e-01
 -1.131055e+00 -1.658129e+00 8.480962e-01
 -1.523678e+00 -1.358310e+00 7.472654e-01
 -1.726081e+00 -9.457916e-01 5.335049e-01
 -1.688375e+00 -5.178356e-01 2.623669e-01
 -1.410899e+00 -1.646087e-01 -4.028729e-03
 -1.081846e+00 2.174539e-01 -1.646737e-01
 -9.704436e-01 4.187492e-01 -3.292253e-01
 -9.625125e-01 6.662167e-01 -6.234597e-01
 -1.125535e+00 1.018177e+00 -1.056378e+00
 -1.152009e+00 1.441267e+00 -1.271369e+00
 -1.036399e+00 1.903050e+00 -1.320377e+00
 -8.064036e-01 2.301109e+00 -1.189796e+00
 -5.168249e-01 2.554916e+00 -9.000668e-01
 -2.315615e-01 2.601947e+00 -5.193564e-01
 2.725647e-02 2.428417e+00 -1.760710e-01
 1.906589e-01 2.160667e+00 -5.664980e-03
 3.534721e-01 1.955854e+00 2.000799e-02
 6.151949e-01 1.752070e+00 1.213224e-01
 8.037068e-01 1.435211e+00 4.710184e-01
 7.251801e-01 1.048056e+00 8.304791e-01
 4.059595e-01 7.075015e-01 1.069545e+00
 -4.616817e-02 4.806648e-01 1.117360e+00
 -8.417594e-01 2.939709e-01 8.210495e-01
 -1.279887e+00 2.184573e-01 9.215251e-01
 -1.729159e+00 3.876738e-01 1.044990e+00
 -2.092768e+00 8.009519e-01 1.065768e+00
 -2.217095e+00 1.301125e+00 9.613070e-01
 -2.117027e+00 1.755840e+00 7.028280e-01
 -1.825605e+00 2.032299e+00 3.487130e-01
 -1.396976e+00 2.063566e+00 9.846933e-03
 -6.046057e-01 1.647803e+00 -4.135389e-01
 -3.727130e-01 1.560895e+00 -5.920828e-01
 -9.788760e-02 1.610178e+00 -8.378863e-01
 2.760815e-01 1.819382e+00 -9.943545e-01
 6.310459e-01 2.116927e+00 -9.573845e-01
 9.182306e-01 2.402174e+00 -7.159268e-01
 1.070973e+00 2.611301e+00 -3.260292e-01
 1.063058e+00 2.700521e+00 1.295028e-01
 8.996149e-01 2.656759e+00 5.547165e-01
 6.312721e-01 2.478737e+00 8.700840e-01
 3.127226e-01 2.208735e+00 1.018915e+00
 4.352674e-03 1.871616e+00 9.837343e-01
 -2.024398e-01 1.531236e+00 7.694537e-01
 -2.337796e-01 1.328132e+00 5.436570e-01
 -2.086206e-01 1.195463e+00 3.889790e-01
 -1.322509e-01 1.041554e+00 2.454095e-01
 -2.469432e-02 9.279983e-01 1.101937e-01
 5.139875e-01 5.516346e-01 -2.983418e-01
 6.332181e-01 4.239574e-01 -3.897052e-01
 7.274007e-01 2.702127e-01 -4.679103e-01
 7.925182e-01 9.798197e-02 -5.300567e-01
 9.360974e-01 -6.209478e-01 -6.902813e-01
 1.017093e+00 -8.239317e-01 -7.032866e-01
 1.132018e+00 -1.069236e+00 -6.554550e-01
 1.259783e+00 -1.242614e+00 -5.712834e-01
 1.473492e+00 -1.404504e+00 -4.577379e-01
 1.824698e+00 -1.478191e+00 -2.095188e-01
 2.054715e+00 -1.420147e+00 1.571168e-01
 2.120490e+00 -1.284786e+00 5.381156e-01
 2.011548e+00 -1.071075e+00 9.471338e-01
 1.745559e+00 -8.266685e-01 1.224596e+00
 1.370345e+00 -5.912943e-01 1.331953e+00
 9.594274e-01 -4.128904e-01 1.248350e+00
 6.000265e-01 -3.295558e-01 9.956612e-01
 -1.523090e-01 -2.544626e-01 -2.924222e-01
 -4.708713e-01 -3.911796e-01 -7.631864e-01
 -9.625433e-01 -3.559376e-01 -1.035962e+00
 -1.517489e+00 -9.247195e-02 -1.083582e+00
 -1.896766e+00 2.573160e-01 -8.573186e-01
 -2.003981e+00 6.198849e-01 -4.701335e-01
 -1.811262e+00 9.612766e-01 -1.725494e-02
 -1.349779e+00 1.098332e+00 3.906193e-01
 -1.234604e+00 1.218766e+00 6.240689e-01
 -1.165258e+00 1.271891e+00 9.546435e-01
 -1.086043e+00 1.149979e+00 1.372069e+00
