 -2.627162e-01 2.557751e+00 -3.127861e-01
 -8.596840e-02 2.626478e+00 2.699789e-02
 9.095224e-02 2.546507e+00 3.639200e-01
 2.183011e-01 2.333032e+00 6.582248e-01
 2.870228e-01 2.007441e+00 8.707150e-01
 3.109751e-01 1.614197e+00 9.494725e-01
 2.840046e-01 1.218529e+00 8.780375e-01
 2.120562e-01 8.846785e-01 6.641263e-01
 1.293887e-01 6.891624e-01 3.758992e-01
 7.735031e-02 5.931122e-01 1.820324e-02
 1.329074e-01 6.486823e-01 -4.038931e-01
 3.095558e-01 1.054815e+00 -1.160407e+00
 2.658643e-01 1.285133e+00 -1.447140e+00
 9.947108e-02 1.526347e+00 -1.676860e+00
 -1.713764e-01 1.752111e+00 -1.819294e+00
 -4.741197e-01 1.898989e+00 -1.866901e+00
 -7.865476e-01 1.973819e+00 -1.829200e+00
 -1.077295e+00 1.987327e+00 -1.704704e+00
 -1.323394e+00 1.937869e+00 -1.508748e+00
 -1.515908e+00 1.830597e+00 -1.230829e+00
 -1.599459e+00 1.702151e+00 -9.657801e-01
 -1.596270e+00 1.544321e+00 -7.070047e-01
 -1.509004e+00 1.372409e+00 -4.768984e-01
 -1.065765e+00 9.063843e-01 2.370424e-02
 -9.588565e-01 8.207268e-01 1.813802e-01
 -8.759503e-01 7.782070e-01 3.597310e-01
 -7.774073e-01 6.950768e-01 1.227066e+00
 -7.113385e-01 5.295255e-01 1.562450e+00
 -6.008163e-01 2.616976e-01 1.813853e+00
 -4.577228e-01 -9.305725e-02 1.950163e+00
 -3.127773e-01 -4.245307e-01 1.943140e+00
 -1.384125e-01 -7.193397e-01 1.804632e+00
 -5.400850e-03 -9.116816e-01 1.577066e+00
 5.504558e-02 -1.073551e+00 1.195295e+00
 -1.371220e-02 -1.123363e+00 8.675648e-01
 -2.146801e-01 -1.163879e+00 5.735360e-01
 -5.777793e-01 -1.317921e+00 3.563339e-01
 -1.050662e+00 -1.438660e+00 2.926889e-01
 -1.435244e+00 -1.381588e+00 2.075665e-01
 -1.762299e+00 -1.194639e+00 4.310403e-02
 -1.969267e+00 -9.074987e-01 -1.781863e-01
 -2.023916e+00 -5.672965e-01 -4.041423e-01
 -1.919816e+00 -2.201369e-01 -5.913411e-01
 -1.702087e+00 5.472766e-02 -6.871077e-01
 -1.375046e+00 2.437750e-01 -7.450363e-01
 -1.020844e+00 2.838574e-01 -7.691291e-01
 -7.552374e-01 2.344797e-01 -8.004874e-01
 -4.371698e-01 7.054868e-02 -1.004167e+00
 -1.604539e-01 -2.401392e-01 -1.310408e+00
 5.140874e-02 -5.055185e-01 -1.413409e+00
 3.020292e-01 -7.639713e-01 -1.397556e+00
 5.568421e-01 -9.663301e-01 -1.271136e+00
 7.728129e-01 -1.115480e+00 -1.038563e+00
 9.079063e-01 -1.183769e+00 -7.612665e-01
 9.309667e-01 -1.206172e+00 -4.281955e-01
 8.457731e-01 -1.288162e+00 -1.327913e-01
 7.404348e-01 -1.490066e+00 1.207455e-01
 4.367536e-01 -1.962425e+00 4.637297e-01
 1.570032e-01 -2.126856e+00 6.988842e-01
 -1.627412e-01 -2.139065e+00 9.404506e-01
 -4.695019e-01 -1.998150e+00 1.151990e+00
 -7.509531e-01 -1.703363e+00 1.304344e+00
 -9.366160e-01 -1.325224e+00 1.330844e+00
 -9.838106e-01 -9.378934e-01 1.237010e+00
 -8.483058e-01 -5.340756e-01 1.083502e+00
 -6.179063e-01 -3.013966e-01 9.612260e-01
 -3.874033e-01 -1.893263e-01 9.109174e-01
 -1.069458e-01 -8.158115e-02 9.807354e-01
 4.242333e-01 6.730402e-02 1.295604e+00
 7.582916e-01 7.974584e-02 1.385045e+00
 1.107814e+00 5.665338e-02 1.362102e+00
 1.421330e+00 -2.092752e-03 1.232527e+00
 1.665310e+00 -1.025845e-01 1.015380e+00
 1.795657e+00 -2.151076e-01 7.809534e-01
 1.835945e+00 -3.536284e-01 5.263965e-01
 1.803583e+00 -5.136274e-01 3.346372e-01
 1.744613e+00 -7.834902e-01 1.794103e-01
 1.863367e+00 -1.312637e+00 -3.890269e-03
 1.810130e+00 -1.645657e+00 -1.245287e-01
 1.639456e+00 -1.931479e+00 -2.660769e-01
 1.375564e+00 -2.129543e+00 -4.100958e-01
 1.053997e+00 -2.215773e+00 -5.396248e-01
 6.970146e-01 -2.184098e+00 -6.323206e-01
 3.762222e-01 -2.050985e+00 -6.572885e-01
 1.104709e-01 -1.812234e+00 -6.257699e-01
 -6.297120e-02 -1.469614e+00 -5.654389e-01
 -9.644935e-02 -1.106662e+00 -4.957706e-01
 9.566573e-03 -7.516819e-01 -4.151967e-01
 2.590007e-01 -4.429335e-01 -3.965138e-01
 5.555961e-01 -2.450310e-01 -5.542126e-01
 7.975447e-01 -1.794772e-01 -6.306508e-01
 1.939847e+00 -2.488674e-01 -6.659524e-01
 2.277884e+00 -3.393202e-01 -5.709401e-01
 2.550881e+00 -4.739318e-01 -3.744928e-01
 2.725247e+00 -6.318558e-01 -1.001852e-01
 2.780526e+00 -7.894007e-01 2.184374e-01
 2.710542e+00 -9.335907e-01 5.351486e-01
 2.523383e+00 -1.061323e+00 8.078079e-01
 2.244531e+00 -1.158152e+00 1.000998e+00
 1.897717e+00 -1.192379e+00 1.105944e+00
 1.544769e+00 -1.146252e+00 1.113661e+00
 1.225583e+00 -1.027517e+00 1.023862e+00
 9.829068e-01 -8.474236e-01 8.599409e-01
 8.401882e-01 -6.241314e-01 6.510532e-01
 8.116895e-01 -3.695866e-01 4.552406e-01
 8.793886e-01 -4.449494e-02 3.743061e-01
 1.084407e+00 3.649191e-01 2.301886e-01
 1.116962e+00 6.952263e-01 1.154003e-01
 1.028907e+00 1.022826e+00 1.880015e-02
 8.198769e-01 1.326723e+00 -4.360946e-02
 5.299333e-01 1.537327e+00 -6.474719e-02
 2.555508e-01 1.612214e+00 -7.368500e-02
 1.790048e-02 1.610337e+00 -3.943721e-02
 -2.312154e-01 1.604076e+00 7.749141e-02
 -6.880499e-01 1.783971e+00 3.891883e-01
 -1.028720e+00 1.764501e+00 5.829633e-01
 -1.352124e+00 1.632537e+00 6.933198e-01
 -1.618549e+00 1.405351e+00 7.296915e-01
 -1.799313e+00 1.098619e+00 7.056410e-01
 -1.867087e+00 7.502523e-01 6.376301e-01
 -1.807214e+00 3.992605e-01 5.531336e-01
 -1.643315e+00 1.161073e-01 4.527296e-01
 -1.178710e+00 -2.949992e-01 1.296319e-01
 -1.006471e+00 -5.239901e-01 -1.633624e-01
 -9.968606e-01 -6.353134e-01 -3.406630e-01
 -1.033848e+00 -7.382413e-01 -6.221098e-01
 -1.105508e+00 -7.158383e-01 -1.035477e+00
 -1.180411e+00 -5.443066e-01 -1.370065e+00
 -1.189291e+00 -2.965954e-01 -1.602594e+00
 -1.140073e+00 3.870520e-02 -1.752496e+00
 -1.053286e+00 4.001182e-01 -1.778765e+00
 -9.467508e-01 7.188846e-01 -1.688424e+00
 -8.377872e-01 9.843866e-01 -1.492786e+00
 -6.864796e-01 1.261040e+00 -1.070879e+00
 -5.968822e-01 1.494350e+00 -9.221882e-01
 -5.186532e-01 2.040046e+00 -8.056209e-01
 -4.132296e-01 2.352005e+00 -6.042861e-01
