 -1.104169e+00 2.828480e+00 5.045423e-01
 -1.242897e+00 2.537778e+00 1.085274e-01
 -1.245091e+00 2.101778e+00 -1.384447e-01
 -1.053747e+00 1.622934e+00 -2.247634e-01
 -8.141725e-01 1.321665e+00 -1.072819e-01
 -5.027072e-01 1.157461e+00 5.927966e-03
 4.772482e-01 1.116198e+00 -4.395268e-02
 8.118284e-01 9.724157e-01 -7.085141e-02
 1.083903e+00 7.119756e-01 -7.213840e-02
 1.254908e+00 3.716993e-01 -3.958080e-02
 1.301303e+00 9.833671e-03 3.288016e-02
 1.150379e+00 -6.141633e-01 1.639772e-01
 1.151790e+00 -9.604056e-01 1.449993e-01
 9.867663e-01 -1.730357e+00 1.829607e-01
 9.658725e-01 -2.148978e+00 1.971096e-02
 1.070051e+00 -2.481429e+00 -2.777767e-01
 1.280290e+00 -2.654090e+00 -6.472169e-01
 1.555863e+00 -2.631968e+00 -1.014293e+00
 1.842664e+00 -2.418835e+00 -1.304613e+00
 2.082917e+00 -2.058297e+00 -1.457952e+00
 2.212431e+00 -1.609261e+00 -1.458343e+00
 2.202696e+00 -1.148119e+00 -1.284295e+00
 2.090155e+00 -8.559304e-01 -9.769967e-01
 2.024805e+00 -7.374212e-01 -5.426278e-01
 2.176948e+00 -7.474983e-01 1.739966e-01
 2.065226e+00 -7.931884e-01 6.228117e-01
 1.762756e+00 -8.346534e-01 9.780899e-01
 1.333482e+00 -8.672304e-01 1.162287e+00
 8.664755e-01 -8.884899e-01 1.137128e+00
 4.628383e-01 -8.982491e-01 9.100286e-01
 2.698334e-02 -8.277970e-01 2.895365e-01
 -1.736435e-01 -7.818630e-01 1.219684e-01
 -2.816209e-01 -7.752391e-01 1.364024e-02
 -7.396382e-01 -8.205704e-01 -5.723267e-01
 -1.206730e+00 -6.751716e-01 -8.165317e-01
 -1.664823e+00 -3.639869e-01 -8.215076e-01
 -1.982869e+00 2.909936e-02 -5.692914e-01
 -2.071628e+00 2.835196e-01 -1.869853e-01
 -2.097040e+00 2.983585e-01 1.302954e-01
 -2.226800e+00 2.902852e-01 4.398514e-01
 -2.438223e+00 5.858404e-01 8.676916e-01
 -2.390060e+00 1.120657e+00 1.192284e+00
 -2.057398e+00 1.604985e+00 1.290449e+00
 -1.494404e+00 1.883683e+00 1.181315e+00
 -7.805736e-01 1.865871e+00 7.516019e-01
 -4.898513e-01 1.986977e+00 6.058957e-01
 -2.910378e-01 2.126460e+00 3.195362e-01
 -1.682344e-01 2.157181e+00 -1.271805e-01
 -1.596450e-01 2.026634e+00 -5.298958e-01
 -2.071858e-01 1.739178e+00 -8.385400e-01
 -3.450504e-01 1.313079e+00 -1.026442e+00
 -5.370078e-01 9.038164e-01 -1.012524e+00
 -7.479156e-01 5.746666e-01 -8.212607e-01
 -1.094569e+00 1.043521e-03 4.954382e-05
 -1.332655e+00 -3.735970e-01 1.944768e-01
 -1.710895e+00 -6.635971e-01 1.889612e-01
 -2.260869e+00 -7.286400e-01 1.018331e-01
 -2.759859e+00 -4.976360e-01 -2.119057e-02
 -3.065454e+00 -3.898678e-02 -1.016176e-01
 -3.094081e+00 5.155926e-01 -1.142514e-01
 -2.835152e+00 1.010684e+00 -5.792376e-02
 -2.371794e+00 1.298950e+00 8.011921e-02
 -1.858768e+00 1.295538e+00 2.874599e-01
 -1.552360e+00 1.068346e+00 5.233676e-01
 -1.451194e+00 9.225178e-01 7.404371e-01
 -1.328962e+00 7.112354e-01 1.401471e+00
 -8.453633e-01 4.535838e-01 1.812442e+00
 -2.236006e-01 2.518457e-01 1.829654e+00
 2.945810e-01 1.417000e-01 1.453145e+00
 5.018544e-01 1.131204e-01 8.008131e-01
 2.692918e-01 1.374913e-01 1.356542e-01
 7.193743e-02 1.430766e-02 -9.460694e-01
 7.721370e-02 -2.089937e-01 -1.332070e+00
 2.273319e-01 -5.408343e-01 -1.622175e+00
 4.876266e-01 -9.136142e-01 -1.737611e+00
 7.992402e-01 -1.257146e+00 -1.647819e+00
 1.087163e+00 -1.502504e+00 -1.368079e+00
 1.434492e+00 -1.622365e+00 -7.532152e-01
 1.783468e+00 -1.742233e+00 -5.055084e-01
 2.204182e+00 -1.761698e+00 -4.275233e-01
 2.647180e+00 -1.576755e+00 -4.474640e-01
 2.947665e+00 -1.242387e+00 -5.176744e-01
 3.071371e+00 -8.203257e-01 -6.089480e-01
 2.998213e+00 -3.888497e-01 -7.323350e-01
 2.737505e+00 -3.514631e-02 -8.626742e-01
 2.337132e+00 1.678223e-01 -9.728558e-01
 1.875838e+00 1.749052e-01 -1.038727e+00
 1.463978e+00 -1.245135e-02 -1.044289e+00
 5.858309e-01 -9.014884e-01 -6.948118e-01
 2.408700e-01 -1.522407e+00 -4.650410e-01
 -4.680870e-02 -1.768542e+00 -1.568287e-01
 -3.517524e-01 -1.795853e+00 2.212745e-01
 -5.989204e-01 -1.601237e+00 5.910306e-01
 -7.314554e-01 -1.230694e+00 8.717197e-01
 -7.110341e-01 -7.901677e-01 1.006912e+00
 -5.283452e-01 3.702179e-01 8.029237e-01
 -4.545316e-01 5.538735e-01 8.209137e-01
 -3.325065e-01 8.613623e-01 9.713937e-01
 -1.913671e-01 1.415119e+00 1.466535e+00
 -2.421234e-01 1.878324e+00 1.633803e+00
 -4.012767e-01 2.348816e+00 1.589934e+00
 -6.228845e-01 2.718765e+00 1.337357e+00
 -8.717979e-01 2.893671e+00 9.447050e-01
