 -5.520020e-01 -1.252257e+00 9.096979e-01
 -4.202337e-01 -1.116603e+00 7.846892e-01
 -2.241247e-01 -1.015494e+00 5.841338e-01
 -4.969530e-02 -9.982509e-01 3.945082e-01
 2.954486e-01 -1.110613e+00 -4.184540e-02
 1.129626e+00 -1.095552e+00 -6.489409e-01
 1.515611e+00 -8.983507e-01 -8.265058e-01
 1.825766e+00 -5.268721e-01 -8.943624e-01
 1.958406e+00 -9.999147e-02 -8.518722e-01
 1.918885e+00 3.176174e-01 -6.968255e-01
 1.742002e+00 6.428256e-01 -4.216298e-01
 1.522116e+00 7.705850e-01 -1.273047e-01
 8.811595e-01 8.611373e-01 2.877500e-01
 6.865481e-01 1.175304e+00 6.091365e-01
 5.937222e-01 1.548057e+00 7.736332e-01
 5.914615e-01 1.962617e+00 7.960154e-01
 6.537575e-01 2.351852e+00 6.627052e-01
 7.679259e-01 2.648091e+00 3.963936e-01
 9.045690e-01 2.804719e+00 4.334451e-02
 1.038748e+00 2.801939e+00 -3.386828e-01
 1.153207e+00 2.645884e+00 -6.874988e-01
 1.219627e+00 2.365708e+00 -9.578172e-01
 1.225866e+00 2.003753e+00 -1.112064e+00
 1.171020e+00 1.619750e+00 -1.129604e+00
 1.019314e+00 1.247543e+00 -1.018724e+00
 8.351548e-01 1.036869e+00 -8.451693e-01
 6.128431e-01 9.466930e-01 -7.209188e-01
 4.546764e-01 8.873475e-01 -6.755171e-01
 2.936609e-01 8.421480e-01 -6.555505e-01
 -1.431778e-01 7.517099e-01 -6.739399e-01
 -3.178345e-01 7.044882e-01 -6.696808e-01
 -4.258232e-01 6.653785e-01 -6.543163e-01
 -5.139504e-01 6.272766e-01 -6.218331e-01
 -6.589119e-01 5.606078e-01 -5.289478e-01
 -7.873591e-01 5.320224e-01 -4.368181e-01
 -9.653261e-01 5.519491e-01 -3.169416e-01
 -1.282689e+00 6.573078e-01 -4.347972e-02
 -1.586108e+00 5.833207e-01 2.492561e-01
 -1.850586e+00 3.297645e-01 5.166115e-01
 -2.005914e+00 -2.323358e-02 6.773065e-01
 -2.033995e+00 -4.183108e-01 7.360905e-01
 -1.922778e+00 -8.182000e-01 6.885247e-01
 -1.712718e+00 -1.151129e+00 5.092425e-01
 -1.481778e+00 -1.319909e+00 2.720169e-01
 -1.073472e+00 -1.396752e+00 4.853805e-02
 -7.216785e-01 -1.665637e+00 -4.414098e-02
 -3.185990e-01 -1.988716e+00 1.709064e-01
 7.781964e-02 -2.030963e+00 6.038115e-01
 3.021310e-01 -1.814141e+00 1.048089e+00
 4.179309e-01 -1.342487e+00 1.377295e+00
 6.504868e-01 -1.125515e+00 1.619314e+00
 1.064377e+00 -9.318636e-01 1.713102e+00
 1.541401e+00 -7.275253e-01 1.539484e+00
 1.843077e+00 -5.921268e-01 1.168887e+00
 1.915704e+00 -4.311818e-01 6.729058e-01
 1.688897e+00 -2.890629e-01 1.889926e-01
 1.183945e+00 -1.932121e-01 -1.484570e-01
 1.018105e+00 -8.885250e-02 -3.885512e-01
 8.254402e-01 5.135844e-02 -1.178089e+00
 5.608694e-01 2.785050e-01 -1.515208e+00
 3.070392e-01 7.101911e-01 -1.687024e+00
 1.451694e-01 1.209049e+00 -1.612887e+00
 9.742888e-02 1.634789e+00 -1.300118e+00
 1.998891e-01 1.886874e+00 -8.471702e-01
 4.656614e-01 1.919770e+00 -4.091399e-01
 7.655919e-01 1.814534e+00 -2.039478e-01
 1.040374e+00 1.797056e+00 -1.264299e-01
 1.312818e+00 1.830454e+00 6.771391e-02
 1.553509e+00 1.719835e+00 4.181041e-01
 1.679730e+00 1.416930e+00 7.657977e-01
 1.656589e+00 9.912655e-01 9.939849e-01
 1.448139e+00 5.353443e-01 1.087542e+00
 9.814283e-01 -3.143626e-02 9.449664e-01
 8.470842e-01 -4.675472e-01 8.106249e-01
 8.670629e-01 -6.578620e-01 7.311789e-01
 1.062072e+00 -1.032262e+00 6.337666e-01
 1.298926e+00 -1.455052e+00 8.130463e-01
 1.378391e+00 -1.773107e+00 1.194331e+00
 1.194686e+00 -2.022775e+00 1.635972e+00
 7.938612e-01 -2.099142e+00 2.007730e+00
 3.112946e-01 -1.941680e+00 2.226519e+00
 -1.208264e-01 -1.596574e+00 2.228619e+00
 -6.973455e-01 -7.032753e-01 1.745640e+00
 -8.150964e-01 -5.159504e-01 1.550650e+00
 -9.236619e-01 -3.729108e-01 1.263493e+00
 -9.933619e-01 -3.004673e-01 9.466999e-01
 -1.047093e+00 -3.279105e-01 4.449263e-01
 -1.192588e+00 -3.564624e-01 1.132753e-01
 -1.319104e+00 -3.672075e-01 -3.017995e-02
 -1.752323e+00 -3.975875e-01 -2.763671e-01
 -2.023837e+00 -5.000227e-01 -6.555326e-01
 -2.093658e+00 -5.945412e-01 -1.115675e+00
 -1.949839e+00 -6.961934e-01 -1.538434e+00
 -1.619267e+00 -7.934579e-01 -1.853265e+00
 -1.165725e+00 -8.235715e-01 -2.003029e+00
 -6.915276e-01 -7.767469e-01 -1.949032e+00
 -2.956303e-01 -6.765975e-01 -1.697494e+00
 -6.668460e-02 -5.618177e-01 -1.309282e+00
 4.335327e-03 -1.071380e-01 -1.260660e-01
 -5.743287e-03 2.049540e-01 1.778234e-01
 -1.262917e-01 5.960019e-01 3.428879e-01
 -2.664413e-01 9.793640e-01 3.214032e-01
 -4.547805e-01 1.325936e+00 1.286903e-01
 -6.817808e-01 1.529691e+00 -1.723036e-01
 -9.212452e-01 1.557931e+00 -5.108387e-01
 -1.140064e+00 1.410744e+00 -8.444552e-01
 -1.276958e+00 1.110473e+00 -1.131397e+00
 -1.311675e+00 7.243098e-01 -1.299821e+00
 -1.245886e+00 3.342156e-01 -1.329696e+00
 -1.031350e+00 -6.542567e-01 -9.768397e-01
 -1.385654e+00 -1.576165e+00 -9.083081e-01
 -1.528298e+00 -1.922505e+00 -7.106975e-01
 -1.578160e+00 -2.197198e+00 -3.760940e-01
 -1.514452e+00 -2.346769e+00 2.742383e-02
 -1.353044e+00 -2.340176e+00 4.377327e-01
 -1.172449e+00 -2.171137e+00 7.710782e-01
 -9.646316e-01 -1.881464e+00 9.813490e-01
 -7.371581e-01 -1.512070e+00 1.017410e+00
