 2.304924e-01 -1.709858e+00 2.974941e+00
 6.649878e-01 -1.843291e+00 2.957758e+00
 1.075239e+00 -1.889916e+00 2.758581e+00
 1.378595e+00 -1.838186e+00 2.412742e+00
 1.505148e+00 -1.701162e+00 1.996882e+00
 1.457173e+00 -1.459436e+00 1.617666e+00
 1.279371e+00 -1.172209e+00 1.390976e+00
 1.166506e+00 -9.122388e-01 1.344479e+00
 1.130846e+00 -6.818289e-01 1.304630e+00
 1.183954e+00 3.250807e-02 1.190473e+00
 1.153380e+00 3.383301e-01 1.044493e+00
 1.067958e+00 5.802675e-01 8.252097e-01
 9.242529e-01 7.571537e-01 5.170472e-01
 5.314382e-01 9.120228e-01 -3.068719e-01
 4.981679e-01 9.289210e-01 -3.952284e-01
 4.694069e-01 9.567317e-01 -5.030675e-01
 4.500185e-01 9.943061e-01 -6.323023e-01
 4.466113e-01 1.039133e+00 -7.576116e-01
 4.810641e-01 1.153128e+00 -9.933324e-01
 7.877042e-01 1.294230e+00 -1.550759e+00
 7.873002e-01 1.441766e+00 -2.030955e+00
 5.538245e-01 1.612138e+00 -2.440791e+00
 1.452029e-01 1.766471e+00 -2.682986e+00
 -3.401513e-01 1.870606e+00 -2.702542e+00
 -7.914498e-01 1.893657e+00 -2.500257e+00
 -1.106910e+00 1.819552e+00 -2.127962e+00
 -1.213451e+00 1.674692e+00 -1.681753e+00
 -1.088741e+00 1.553784e+00 -1.216378e+00
 -8.606321e-01 1.469455e+00 -9.896189e-01
 -5.647295e-01 1.508820e+00 -7.515566e-01
 9.766469e-03 1.920373e+00 -4.131957e-01
 6.010770e-01 1.991324e+00 -3.498225e-01
 1.148981e+00 1.751073e+00 -4.379483e-01
 1.463690e+00 1.261755e+00 -6.129074e-01
 1.430055e+00 6.851347e-01 -8.429103e-01
 1.069132e+00 2.788235e-01 -1.113073e+00
 5.236665e-01 1.357735e-01 -1.277779e+00
 -1.778860e+00 6.846958e-01 -1.225143e+00
 -2.222763e+00 9.143179e-01 -9.115124e-01
 -2.437038e+00 1.026905e+00 -3.752292e-01
 -2.350108e+00 9.880371e-01 2.105899e-01
 -1.964988e+00 9.255110e-01 6.421179e-01
 -1.406283e+00 8.530110e-01 7.948979e-01
 -8.606240e-01 7.570446e-01 6.227966e-01
 -4.197364e-01 5.751967e-01 9.480627e-02
 -1.930082e-01 2.203177e-01 -2.195772e-01
 -3.043164e-02 -2.305658e-01 -3.838029e-01
 -6.141224e-03 -4.589471e-01 -3.710546e-01
 -3.601462e-02 -7.074212e-01 -2.494291e-01
 -1.934449e-01 -1.034692e+00 3.328799e-02
 -2.653380e-01 -1.138307e+00 1.269740e-01
 -5.149393e-01 -1.568743e+00 4.492734e-01
 -5.428253e-01 -1.869052e+00 8.586324e-01
 -3.836436e-01 -2.027563e+00 1.303790e+00
 -7.746162e-02 -2.011574e+00 1.686737e+00
 2.723033e-01 -1.825559e+00 1.909605e+00
 4.853016e-01 -1.544549e+00 1.979486e+00
 5.785639e-01 -1.214910e+00 2.124925e+00
 8.494524e-01 -9.485676e-01 2.338216e+00
 1.367171e+00 -6.926839e-01 2.342008e+00
 1.862602e+00 -5.853686e-01 2.054370e+00
 2.148484e+00 -5.945804e-01 1.539098e+00
 2.122242e+00 -7.046352e-01 9.633373e-01
 1.800469e+00 -8.956869e-01 5.118068e-01
 1.148434e+00 -1.137230e+00 2.763029e-01
 9.209617e-01 -1.205501e+00 7.998982e-02
 6.037779e-01 -1.556936e+00 -3.217584e-01
 3.885908e-01 -1.685498e+00 -4.778536e-01
 1.261398e-01 -1.758302e+00 -5.952974e-01
 -1.676724e-01 -1.770423e+00 -6.615090e-01
 -4.891734e-01 -1.723262e+00 -6.688737e-01
 -1.568760e+00 -1.335482e+00 -4.881550e-01
 -1.909410e+00 -9.666418e-01 -4.183838e-01
 -2.042248e+00 -4.823163e-01 -3.547120e-01
 -1.938289e+00 6.137635e-03 -2.873386e-01
 -1.493118e+00 5.474014e-01 -2.179336e-01
 -1.414521e+00 8.498476e-01 -2.531918e-01
 -1.400789e+00 1.060084e+00 -2.296089e-01
 -1.447163e+00 1.422335e+00 -1.598433e-01
 -1.427719e+00 1.776541e+00 -2.002019e-01
 -1.329968e+00 2.095210e+00 -3.320749e-01
 -1.163559e+00 2.337818e+00 -5.369402e-01
 -9.426999e-01 2.477726e+00 -7.946491e-01
 -7.343177e-01 2.495820e+00 -1.055709e+00
 -5.276785e-01 2.402809e+00 -1.295618e+00
 -3.355235e-01 2.216169e+00 -1.474174e+00
 -2.036012e-01 1.935933e+00 -1.623102e+00
 -1.682066e-01 1.691038e+00 -1.693604e+00
 -2.193590e-01 1.414489e+00 -1.773467e+00
 -4.808661e-01 7.147891e-01 -2.223017e+00
 -6.391034e-01 2.971138e-01 -2.270448e+00
 -7.885428e-01 -1.020690e-01 -2.124423e+00
 -9.108930e-01 -4.036580e-01 -1.811115e+00
 -9.925525e-01 -5.457429e-01 -1.391197e+00
 -1.018381e+00 -4.288146e-01 -3.846691e-02
 -9.071330e-01 -3.401896e-01 2.850206e-01
 -6.616466e-01 -3.195011e-01 5.759731e-01
 -3.165613e-01 -2.667785e-01 7.008424e-01
 2.658961e-01 -2.224820e-01 6.358356e-01
 6.578674e-01 -2.228816e-01 3.607456e-01
 1.031799e+00 -1.552510e-01 -9.652356e-02
 1.393221e+00 -4.746892e-01 -5.170582e-01
 1.654083e+00 -1.020133e+00 -6.526177e-01
 1.740824e+00 -1.608757e+00 -4.613360e-01
 1.569915e+00 -2.046339e+00 -4.410069e-02
 1.185327e+00 -2.177956e+00 4.279368e-01
 7.319379e-01 -1.960821e+00 7.960292e-01
 2.185401e-01 -1.170355e+00 1.062176e+00
 -1.136631e-01 -1.025642e+00 1.326035e+00
 -3.575374e-01 -1.010010e+00 1.707814e+00
 -4.537615e-01 -1.113044e+00 2.115567e+00
 -3.823758e-01 -1.295244e+00 2.506592e+00
 -1.424069e-01 -1.514746e+00 2.812169e+00
