 -1.592857e+00 -1.838995e+00 -1.065100e-01
 -1.761427e+00 -1.867303e+00 2.193673e-01
 -1.779073e+00 -1.877313e+00 6.550475e-01
 -1.619162e+00 -1.847212e+00 1.054506e+00
 -1.320455e+00 -1.743166e+00 1.356399e+00
 -9.436185e-01 -1.605693e+00 1.497041e+00
 -5.681311e-01 -1.438487e+00 1.464520e+00
 -2.431068e-01 -1.254167e+00 1.271554e+00
 -2.581888e-02 -1.107159e+00 9.550004e-01
 7.359120e-02 -1.003318e+00 4.871596e-01
 2.287831e-01 -8.693711e-01 1.873359e-01
 4.486019e-01 -8.661152e-01 -4.749778e-03
 9.691434e-01 -8.996213e-01 -1.575444e-01
 1.879829e+00 -1.073939e+00 -2.359501e-02
 2.272928e+00 -9.909637e-01 1.005546e-01
 2.592497e+00 -7.503945e-01 2.361199e-01
 2.782596e+00 -3.954547e-01 3.563177e-01
 2.813961e+00 1.283244e-02 4.386624e-01
 2.674205e+00 4.236678e-01 4.830619e-01
 2.407821e+00 7.152894e-01 5.178166e-01
 2.072263e+00 8.736064e-01 5.020874e-01
 1.673214e+00 9.064621e-01 3.915136e-01
 1.420777e+00 8.463774e-01 2.376122e-01
 1.231708e+00 7.409720e-01 -1.339325e-02
 1.094921e+00 7.450585e-01 -4.550049e-01
 1.120977e+00 9.798139e-01 -1.219140e+00
 1.020424e+00 1.194795e+00 -1.548222e+00
 7.995583e-01 1.454990e+00 -1.781263e+00
 4.924857e-01 1.710120e+00 -1.875659e+00
 1.287660e-01 1.929419e+00 -1.813439e+00
 -1.881993e-01 2.051689e+00 -1.627195e+00
 -4.413435e-01 2.058401e+00 -1.358327e+00
 -6.054409e-01 1.982105e+00 -9.558132e-01
 -5.880586e-01 1.879944e+00 -5.990582e-01
 -4.528642e-01 1.850095e+00 -3.056312e-01
 -3.099421e-01 2.002491e+00 3.216168e-01
 -1.751245e-01 2.000035e+00 6.227097e-01
 5.585197e-03 1.917379e+00 8.745761e-01
 2.110713e-01 1.757654e+00 1.058500e+00
 4.170047e-01 1.523628e+00 1.165582e+00
 5.833705e-01 1.232180e+00 1.188181e+00
 6.920364e-01 9.197922e-01 1.117652e+00
 7.760685e-01 2.809592e-01 7.817868e-01
 8.118531e-01 1.253192e-02 7.234819e-01
 8.210315e-01 -2.534967e-01 7.495263e-01
 9.396304e-01 -6.060997e-01 8.732779e-01
 1.019170e+00 -9.443670e-01 8.786813e-01
 1.015934e+00 -1.233687e+00 8.211491e-01
 9.461315e-01 -1.479243e+00 7.017464e-01
 8.195955e-01 -1.686164e+00 5.218757e-01
 6.464481e-01 -1.822461e+00 3.034476e-01
 4.233854e-01 -1.878164e+00 8.512406e-02
 1.736993e-01 -1.845808e+00 -1.078953e-01
 -7.225990e-02 -1.723233e+00 -2.695457e-01
 -2.792959e-01 -1.528386e+00 -3.851262e-01
 -4.972356e-01 -1.243430e+00 -4.300527e-01
 -8.114997e-01 -1.053854e+00 -4.617296e-01
 -1.041385e+00 -9.863560e-01 -5.906514e-01
 -1.315353e+00 -9.754914e-01 -7.487443e-01
 -1.658865e+00 -1.137848e+00 -9.317839e-01
 -1.939879e+00 -1.448735e+00 -1.031407e+00
 -2.109677e+00 -1.847539e+00 -1.013306e+00
 -2.140925e+00 -2.256306e+00 -8.779756e-01
 -2.038304e+00 -2.599033e+00 -6.410754e-01
 -1.824081e+00 -2.815038e+00 -3.410991e-01
 -1.535756e+00 -2.867345e+00 -2.900864e-02
 -1.221847e+00 -2.745981e+00 2.409045e-01
 -9.425630e-01 -2.473642e+00 4.181638e-01
 -7.761887e-01 -2.094788e+00 5.061235e-01
 -7.548510e-01 -1.729670e+00 4.914458e-01
 -8.461267e-01 -1.489314e+00 4.794058e-01
 -9.591426e-01 -1.254837e+00 5.167570e-01
 -1.223479e+00 -6.290708e-01 9.133065e-01
 -1.266593e+00 -3.306202e-01 1.011457e+00
 -1.247968e+00 2.377247e-02 1.034370e+00
 -1.135927e+00 3.905581e-01 9.827605e-01
 -9.436252e-01 6.621388e-01 8.896906e-01
 -6.795101e-01 8.455246e-01 7.668811e-01
 -1.071356e-01 9.913339e-01 4.685509e-01
 1.036878e-01 1.070292e+00 3.007979e-01
 3.310570e-01 1.213724e+00 1.935385e-01
 5.974151e-01 1.516393e+00 1.267100e-01
 8.868967e-01 1.704438e+00 4.106209e-02
 1.209543e+00 1.772715e+00 -1.675128e-01
 1.593832e+00 1.665881e+00 -3.576689e-01
 1.933104e+00 1.374634e+00 -4.890424e-01
 2.112962e+00 9.654692e-01 -5.414087e-01
 2.134765e+00 5.556059e-01 -4.835298e-01
 2.037008e+00 1.589783e-01 -2.688449e-01
 1.892492e+00 -2.880532e-02 -2.774825e-02
 1.775808e+00 -1.105512e-01 3.461216e-01
 1.832551e+00 -9.586993e-02 8.076179e-01
 1.753442e+00 -7.390250e-03 1.136680e+00
 1.499487e+00 3.112346e-02 1.482953e+00
 1.139874e+00 -4.338519e-03 1.703077e+00
 7.236553e-01 -6.178039e-02 1.755599e+00
 3.080781e-01 -8.763788e-02 1.624174e+00
 -1.729121e-02 -8.517453e-02 1.330409e+00
 -3.365061e-01 -9.204743e-02 5.810157e-01
 -4.217163e-01 -1.144620e-01 4.496411e-01
 -6.082871e-01 -1.459702e-01 2.550905e-01
 -9.167251e-01 -1.512864e-01 4.419849e-02
 -1.180291e+00 -4.882020e-02 -2.625928e-01
 -1.261838e+00 3.720259e-02 -6.157804e-01
 -1.221240e+00 2.261773e-01 -9.718059e-01
 -1.055327e+00 4.549143e-01 -1.235857e+00
 -7.848118e-01 6.868852e-01 -1.391142e+00
 -4.479399e-01 9.170477e-01 -1.407291e+00
 -1.512250e-01 1.072593e+00 -1.297641e+00
 8.882386e-02 1.222549e+00 -1.067004e+00
 2.551759e-01 1.418444e+00 -9.085937e-01
 3.834599e-01 1.647394e+00 -8.598987e-01
 4.298075e-01 2.050648e+00 -8.018578e-01
 2.842914e-01 2.455170e+00 -6.832334e-01
 -5.383443e-03 2.743456e+00 -5.581464e-01
 -3.887307e-01 2.878602e+00 -4.061582e-01
 -7.928311e-01 2.832700e+00 -2.628767e-01
 -1.135798e+00 2.616034e+00 -1.298471e-01
 -1.362736e+00 2.263031e+00 -2.893626e-02
 -1.440300e+00 1.835209e+00 -4.174488e-03
 -1.349875e+00 1.411686e+00 -5.627537e-02
 -1.105064e+00 1.068996e+00 -1.711961e-01
 -5.986626e-01 7.856310e-01 -3.859649e-01
 -3.859034e-01 5.729983e-01 -4.430012e-01
 -2.978808e-01 4.312651e-01 -5.229128e-01
 -2.307985e-01 1.016315e-01 -7.218650e-01
 -3.858995e-01 -7.781629e-01 -1.361709e+00
 -5.416739e-01 -1.177612e+00 -1.463520e+00
 -7.283768e-01 -1.565054e+00 -1.379938e+00
 -9.299900e-01 -1.860151e+00 -1.132326e+00
 -1.101763e+00 -1.999544e+00 -7.974904e-01
 -1.240074e+00 -1.974300e+00 -4.554166e-01
 -1.399249e+00 -1.877496e+00 -2.749460e-01
