 1.606368e+00 7.080082e-01 -7.940131e-01
 1.286359e+00 1.130062e+00 -6.563491e-01
 7.162131e-01 1.298955e+00 -2.742989e-01
 2.493988e-01 1.068194e+00 1.515266e-01
 1.190033e-01 1.056300e+00 2.549256e-01
 -5.119634e-01 1.192836e+00 6.253251e-01
 -7.607291e-01 1.165315e+00 8.530883e-01
 -1.017382e+00 1.010763e+00 1.057018e+00
 -1.257790e+00 7.622141e-01 1.171361e+00
 -1.449006e+00 4.583644e-01 1.180560e+00
 -1.570993e+00 1.391629e-01 1.086658e+00
 -1.610464e+00 -1.764797e-01 8.965949e-01
 -1.545874e+00 -4.147553e-01 6.914364e-01
 -1.407600e+00 -5.779111e-01 4.405675e-01
 -1.290279e+00 -6.171631e-01 2.206919e-01
 -1.231356e+00 -6.014541e-01 2.404707e-02
 -1.218090e+00 -6.079541e-01 -1.453760e-01
 -1.186583e+00 -6.750719e-01 -3.659522e-01
 -9.316403e-01 -8.636745e-01 -9.659312e-01
 -9.212958e-01 -9.433866e-01 -1.270875e+00
 -9.685483e-01 -9.506365e-01 -1.514813e+00
 -1.007297e+00 -8.712730e-01 -1.763336e+00
 -9.935705e-01 -7.140150e-01 -2.014555e+00
 -9.136906e-01 -5.081884e-01 -2.215124e+00
 -7.734526e-01 -2.857871e-01 -2.352683e+00
 -5.837138e-01 -6.767655e-02 -2.417423e+00
 -3.449432e-01 1.548295e-01 -2.401527e+00
 -1.211852e-01 3.243883e-01 -2.306840e+00
 8.785255e-02 4.497317e-01 -2.139395e+00
 2.652595e-01 5.193969e-01 -1.914711e+00
 3.975945e-01 5.271032e-01 -1.652415e+00
 5.656689e-01 4.068300e-01 -1.051121e+00
 6.223899e-01 3.496787e-01 -8.294298e-01
 6.833373e-01 2.712109e-01 -6.185006e-01
 7.711314e-01 2.291560e-01 -2.322260e-01
 9.005552e-01 2.706611e-01 -3.961119e-02
 1.217387e+00 4.637721e-01 1.755749e-01
 1.689772e+00 8.006960e-01 2.911395e-01
 1.933864e+00 1.106079e+00 5.447599e-01
 2.024254e+00 1.352005e+00 9.368459e-01
 1.939640e+00 1.480830e+00 1.381378e+00
 1.696083e+00 1.466598e+00 1.785932e+00
 1.344230e+00 1.310216e+00 2.064778e+00
 9.777559e-01 1.015745e+00 2.171130e+00
 7.453706e-01 7.228979e-01 2.092015e+00
 6.910223e-01 4.388805e-01 2.006112e+00
 5.997559e-01 1.165647e-01 1.990548e+00
 2.137448e-01 -2.344536e-01 1.880906e+00
 -2.208696e-01 -3.714658e-01 1.568102e+00
 -5.207474e-01 -2.817618e-01 1.104430e+00
 -6.596062e-01 9.493431e-02 6.089801e-01
 -8.101416e-01 2.495465e-01 4.084213e-01
 -1.054675e+00 3.817437e-01 2.252590e-01
 -1.424964e+00 4.019719e-01 7.224460e-02
 -1.806757e+00 2.416007e-01 -5.885148e-02
 -2.103394e+00 -8.385879e-02 -1.370693e-01
 -2.240210e+00 -5.098724e-01 -1.662046e-01
 -2.182399e+00 -9.623210e-01 -1.568467e-01
 -1.938958e+00 -1.344500e+00 -1.079074e-01
 -1.553519e+00 -1.580995e+00 -2.923165e-02
 -1.088848e+00 -1.619960e+00 3.376759e-02
 -6.490019e-01 -1.447954e+00 6.343572e-02
 -3.436978e-01 -1.112063e+00 6.084278e-02
 -1.975492e-01 -6.823194e-01 -4.700833e-02
 -2.813637e-01 4.934668e-02 -4.316144e-01
 -4.432265e-01 1.067573e+00 -6.125244e-01
 -3.942659e-01 1.553991e+00 -4.976269e-01
 -2.322090e-01 1.909427e+00 -2.404300e-01
 9.208648e-03 2.087039e+00 1.081923e-01
 2.936158e-01 2.054399e+00 4.780292e-01
 5.762945e-01 1.817666e+00 7.797441e-01
 1.187414e+00 7.969517e-01 1.186618e+00
 1.391277e+00 6.005230e-01 1.284176e+00
 1.638078e+00 4.277332e-01 1.595611e+00
 1.706609e+00 2.756378e-01 2.062306e+00
 1.552123e+00 1.936084e-01 2.519584e+00
 1.202615e+00 1.820290e-01 2.867824e+00
 7.369911e-01 2.504680e-01 3.025314e+00
 2.610329e-01 3.768601e-01 2.950129e+00
 -1.171381e-01 5.184455e-01 2.651830e+00
 -3.044421e-01 6.426496e-01 2.196412e+00
 -2.595105e-01 6.899459e-01 1.690081e+00
 -4.058215e-02 6.359805e-01 1.330926e+00
 2.059205e-01 4.770532e-01 1.101227e+00
 4.315627e-01 1.678054e-01 9.263502e-01
 8.557647e-01 -1.689331e-01 8.975960e-01
 1.133639e+00 -2.865034e-01 8.507850e-01
 2.170898e+00 -5.650714e-01 3.919729e-01
 2.485763e+00 -6.902628e-01 -8.643735e-02
 2.505510e+00 -7.712179e-01 -6.671442e-01
 2.227783e+00 -7.910947e-01 -1.160298e+00
 1.745189e+00 -7.081704e-01 -1.442490e+00
 1.257386e+00 -5.692823e-01 -1.427774e+00
 8.736926e-01 -5.459836e-01 -1.203828e+00
 5.322086e-01 -7.579974e-01 -8.669070e-01
 -3.633448e-01 -1.719359e+00 -8.597103e-01
 -7.725813e-01 -1.891243e+00 -8.941523e-01
 -1.207444e+00 -1.878004e+00 -9.579810e-01
 -1.590851e+00 -1.684166e+00 -1.037842e+00
 -1.855973e+00 -1.340102e+00 -1.112668e+00
 -1.949169e+00 -9.105746e-01 -1.188044e+00
 -1.847059e+00 -4.755597e-01 -1.268512e+00
 -1.558687e+00 -1.233825e-01 -1.327791e+00
 -1.156010e+00 6.498337e-02 -1.357327e+00
 -7.061835e-01 6.091947e-02 -1.393032e+00
 -3.746088e-01 -1.072465e-01 -1.419869e+00
 -1.940151e-01 -2.799943e-01 -1.488622e+00
 1.008147e-01 -8.168120e-01 -1.890877e+00
 5.445931e-01 -1.343168e+00 -1.834667e+00
 1.016507e+00 -1.601190e+00 -1.383103e+00
 1.342402e+00 -1.456462e+00 -8.184445e-01
 1.482009e+00 -1.006249e+00 -4.458424e-01
 1.505168e+00 -5.282642e-01 -4.064382e-01
 1.745367e+00 8.496941e-02 -6.534876e-01
