 -1.062034e+00 1.587652e-01 -4.556687e-01
 -1.102935e+00 5.423123e-01 -5.130248e-01
 -1.192901e+00 8.517088e-01 -7.441288e-01
 -1.193919e+00 1.045526e+00 -1.082211e+00
 -1.046871e+00 1.150458e+00 -1.463466e+00
 -7.551299e-01 1.149811e+00 -1.785657e+00
 -3.727890e-01 1.053424e+00 -1.978642e+00
 3.233560e-02 8.629225e-01 -2.010512e+00
 3.796780e-01 5.948649e-01 -1.879320e+00
 7.787811e-01 5.608339e-02 -1.380136e+00
 8.749176e-01 -9.013828e-02 -1.295991e+00
 9.728786e-01 -2.444286e-01 -1.247781e+00
 1.041831e+00 -3.460425e-01 -1.237864e+00
 1.216495e+00 -5.812618e-01 -1.257738e+00
 1.339709e+00 -9.291502e-01 -1.422267e+00
 1.280647e+00 -1.308086e+00 -1.657921e+00
 1.022126e+00 -1.626214e+00 -1.888583e+00
 6.076891e-01 -1.825843e+00 -2.020853e+00
 1.284545e-01 -1.858506e+00 -2.017827e+00
 -3.129005e-01 -1.711108e+00 -1.879022e+00
 -6.151090e-01 -1.412924e+00 -1.629582e+00
 -7.046329e-01 -1.050637e+00 -1.301106e+00
 -5.517326e-01 -7.120180e-01 -9.657695e-01
 -1.686922e-01 -4.714940e-01 -6.827881e-01
 3.196222e-01 -4.885169e-01 -5.157625e-01
 5.773747e-01 -6.677865e-01 -4.089903e-01
 9.224507e-01 -9.459814e-01 -3.664134e-01
 1.477274e+00 -1.031806e+00 -2.051484e-01
 1.919412e+00 -8.447453e-01 9.776534e-02
 2.131476e+00 -4.248823e-01 4.429978e-01
 2.041200e+00 1.273569e-01 7.102076e-01
 1.659410e+00 5.881938e-01 7.996300e-01
 6.116984e-01 1.045491e+00 5.593453e-01
 3.734873e-01 1.310772e+00 3.878237e-01
 2.025673e-01 1.512823e+00 6.095370e-02
 -3.199547e-02 1.450858e+00 -4.636364e-01
 -1.394294e-01 1.106009e+00 -8.919208e-01
 -2.750493e-01 4.926149e-01 -1.098950e+00
 -5.158044e-01 2.583873e-01 -1.327275e+00
 -8.959023e-01 1.308089e-01 -1.471519e+00
 -1.346548e+00 9.157380e-02 -1.445397e+00
 -1.772405e+00 1.413400e-01 -1.221334e+00
 -2.030518e+00 2.345387e-01 -8.683777e-01
 -2.109485e+00 3.318465e-01 -4.091009e-01
 -1.974313e+00 3.972910e-01 2.164558e-02
 -1.695195e+00 3.992195e-01 3.257209e-01
 -1.349989e+00 2.821782e-01 5.116698e-01
 -1.097946e+00 2.863248e-02 5.765422e-01
 -9.998212e-01 -1.628445e-01 6.584869e-01
 -9.305330e-01 -4.767748e-01 9.089048e-01
 -9.748879e-01 -9.777260e-01 1.563851e+00
 -7.657152e-01 -1.153329e+00 2.035190e+00
 -3.633979e-01 -1.144167e+00 2.402684e+00
 1.191534e-01 -9.528813e-01 2.564815e+00
 5.548585e-01 -6.265564e-01 2.477966e+00
 8.021263e-01 -2.495165e-01 2.170689e+00
 8.083472e-01 6.046669e-02 1.734727e+00
 6.074474e-01 1.946587e-01 1.278426e+00
 2.866461e-01 1.043814e-01 8.855467e-01
 9.503869e-02 -1.586888e-01 6.939021e-01
 4.025543e-02 -2.824710e-01 6.116557e-01
 -1.378343e-01 -1.008221e+00 2.508774e-01
 -1.344206e-01 -1.288885e+00 -1.896797e-02
 -6.354192e-02 -1.457091e+00 -3.498310e-01
 6.900357e-02 -1.499530e+00 -7.151523e-01
 2.152161e-01 -1.415648e+00 -9.975121e-01
 3.288094e-01 -1.223469e+00 -1.227679e+00
 3.225123e-01 -1.046113e+00 -1.399423e+00
 3.058184e-01 -9.171313e-01 -1.626160e+00
 4.165662e-01 -7.895754e-01 -1.911892e+00
 6.848951e-01 -6.060123e-01 -2.160667e+00
 1.032095e+00 -3.985846e-01 -2.263043e+00
 1.360996e+00 -1.610485e-01 -2.195532e+00
 1.631265e+00 5.527710e-02 -1.972788e+00
 1.813159e+00 1.959325e-01 -1.632195e+00
 1.873148e+00 2.458617e-01 -1.231671e+00
 1.802101e+00 2.046191e-01 -8.419041e-01
 1.179147e+00 -7.549649e-02 1.501370e-01
 1.112822e+00 -1.835465e-01 3.234876e-01
 1.065479e+00 -5.160274e-01 6.323189e-01
 9.406246e-01 -7.067214e-01 8.565486e-01
 7.573384e-01 -8.140967e-01 1.100997e+00
 5.130754e-01 -8.418025e-01 1.316527e+00
 2.618603e-01 -7.852893e-01 1.468398e+00
 7.630391e-02 -6.746569e-01 1.558476e+00
 -3.148027e-02 -5.454776e-01 1.620154e+00
 -1.551459e-01 -3.419713e-01 1.752395e+00
 -2.824545e-01 2.369924e-03 2.167092e+00
 -3.740122e-01 3.019021e-01 2.336699e+00
 -5.009015e-01 6.316817e-01 2.388669e+00
 -6.574879e-01 9.409867e-01 2.321109e+00
 -8.132341e-01 1.194651e+00 2.144727e+00
 -9.354601e-01 1.373514e+00 1.879311e+00
 -9.974821e-01 1.469880e+00 1.557120e+00
 -9.861859e-01 1.479332e+00 1.217481e+00
 -9.132199e-01 1.395400e+00 8.980281e-01
 -7.929506e-01 1.226559e+00 6.326076e-01
 -4.315132e-01 6.993864e-01 2.131273e-01
 -2.025377e-01 5.430993e-01 1.975811e-02
 1.708867e-01 4.423925e-01 -1.338676e-01
 3.558617e-01 4.694190e-01 -2.301233e-01
 5.605724e-01 5.849334e-01 -3.508696e-01
 8.468264e-01 8.527479e-01 -4.326236e-01
 1.122912e+00 1.219253e+00 -3.404390e-01
 1.265968e+00 1.602985e+00 -5.955370e-02
 1.267248e+00 1.853162e+00 3.743136e-01
 1.090559e+00 1.930855e+00 8.507612e-01
 7.669192e-01 1.818884e+00 1.238582e+00
 3.839768e-01 1.535281e+00 1.443521e+00
 -2.667065e-01 7.839130e-01 1.393909e+00
 -4.267222e-01 6.330824e-01 1.372631e+00
 -6.609386e-01 5.266619e-01 1.375423e+00
 -1.104585e+00 3.580822e-01 1.551769e+00
 -1.521149e+00 1.161674e-01 1.525285e+00
 -1.828465e+00 -1.491215e-01 1.316218e+00
 -1.969373e+00 -4.148255e-01 9.659347e-01
 -1.926486e+00 -5.982263e-01 5.108754e-01
 -1.722708e+00 -6.110200e-01 6.276709e-02
 -1.439402e+00 -4.493282e-01 -2.643185e-01
 -1.194375e+00 -1.681467e-01 -4.212825e-01
