 -9.212988e-01 8.153495e-01 -9.537670e-01
 -8.069333e-01 6.119535e-01 -7.773850e-01
 -7.519860e-01 3.695244e-01 -6.465792e-01
 -7.673364e-01 -8.960404e-02 -4.773970e-01
 -7.422091e-01 -3.109921e-01 -3.412708e-01
 -6.785421e-01 -4.940034e-01 -1.771469e-01
 -3.456065e-01 -1.020982e+00 5.769701e-01
 -3.924430e-01 -1.194402e+00 9.721650e-01
 -5.766014e-01 -1.348493e+00 1.275360e+00
 -8.656081e-01 -1.640883e+00 1.462574e+00
 -1.143864e+00 -2.011571e+00 1.455692e+00
 -1.322493e+00 -2.406485e+00 1.257871e+00
 -1.349935e+00 -2.736536e+00 9.156956e-01
 -1.208355e+00 -2.939701e+00 5.106267e-01
 -9.260851e-01 -2.971885e+00 1.269268e-01
 -5.601394e-01 -2.822518e+00 -1.526005e-01
 -1.818694e-01 -2.531149e+00 -2.541822e-01
 1.245738e-01 -2.179873e+00 -1.468984e-01
 3.116434e-01 -1.872490e+00 1.424107e-01
 3.703659e-01 -1.727096e+00 4.966949e-01
 4.651395e-01 -1.734155e+00 8.836510e-01
 8.547424e-01 -1.689620e+00 1.244406e+00
 1.279188e+00 -1.336646e+00 1.447959e+00
 1.479353e+00 -7.495219e-01 1.463792e+00
 1.355397e+00 -1.376513e-01 1.286332e+00
 8.198692e-01 3.844734e-01 8.591147e-01
 6.746017e-01 5.511053e-01 7.900594e-01
 5.889107e-01 6.980985e-01 7.710413e-01
 5.470844e-01 7.979968e-01 7.558061e-01
 2.079390e-01 1.910322e+00 6.024557e-01
 5.178044e-02 2.252012e+00 3.772412e-01
 -1.138515e-01 2.456769e+00 2.616821e-02
 -2.657947e-01 2.485221e+00 -3.854479e-01
 -3.830909e-01 2.330105e+00 -7.803195e-01
 -4.945009e-01 1.715342e+00 -1.389107e+00
 -5.200559e-01 1.558918e+00 -1.697910e+00
 -3.772142e-01 1.403753e+00 -2.033479e+00
 -8.805771e-02 1.188210e+00 -2.279273e+00
 2.372968e-01 9.787807e-01 -2.351492e+00
 5.617295e-01 7.471379e-01 -2.256667e+00
 8.472714e-01 5.230384e-01 -1.981879e+00
 1.022074e+00 4.062599e-01 -1.584444e+00
 1.052028e+00 4.121599e-01 -1.140168e+00
 9.567547e-01 5.676337e-01 -7.254955e-01
 9.592937e-01 6.347057e-01 -5.152248e-01
 1.053475e+00 6.891768e-01 -2.126311e-01
 1.438495e+00 9.924082e-01 2.473242e-01
 1.522528e+00 1.149832e+00 7.470023e-01
 1.373283e+00 1.167676e+00 1.257841e+00
 1.034314e+00 1.033384e+00 1.642742e+00
 6.093388e-01 7.684942e-01 1.803953e+00
 2.018484e-01 4.509727e-01 1.705084e+00
 -1.617291e-01 9.420714e-02 1.286903e+00
 -3.826705e-01 -1.171146e-01 1.194048e+00
 -1.010278e+00 -3.417985e-01 1.061586e+00
 -1.343686e+00 -7.514730e-01 8.523363e-01
 -1.381712e+00 -1.254641e+00 6.033055e-01
 -1.136766e+00 -1.725688e+00 4.488814e-01
 -7.576603e-01 -2.007676e+00 4.738884e-01
 -5.561988e-01 -2.138308e+00 6.211704e-01
 -4.057816e-01 -2.333857e+00 7.602848e-01
 -5.613500e-02 -2.649424e+00 7.788079e-01
 4.768980e-01 -2.766809e+00 6.794776e-01
 9.863316e-01 -2.585223e+00 5.246143e-01
 1.324807e+00 -2.144537e+00 3.865465e-01
 1.391555e+00 -1.579075e+00 3.404930e-01
 1.175746e+00 -1.065017e+00 4.311342e-01
 8.260887e-01 -7.984181e-01 6.383110e-01
 5.723354e-01 -7.153877e-01 8.665194e-01
 3.107782e-01 -7.453750e-01 1.680100e+00
 -5.086254e-02 -6.102976e-01 2.057227e+00
 -4.700025e-01 -3.035871e-01 2.214920e+00
 -8.003902e-01 1.133411e-01 2.123492e+00
 -9.625692e-01 5.257130e-01 1.798665e+00
 -9.563528e-01 7.652500e-01 1.310438e+00
 -8.005207e-01 7.569903e-01 7.863000e-01
 -5.546970e-01 5.583482e-01 4.451809e-01
 7.087094e-01 -3.135179e-01 -2.308497e-01
 1.165214e+00 -3.596666e-01 -3.083108e-01
 1.628206e+00 -1.595360e-01 -4.158429e-01
 1.924015e+00 2.275008e-01 -5.422324e-01
 1.987381e+00 6.780152e-01 -6.927636e-01
 1.813206e+00 1.147430e+00 -7.952541e-01
 1.457843e+00 1.514932e+00 -7.402664e-01
 1.022484e+00 1.666462e+00 -5.720033e-01
 -1.058130e+00 1.320148e+00 -4.104980e-02
 -1.526566e+00 9.418316e-01 -8.614531e-02
 -1.787814e+00 4.899836e-01 -4.215147e-01
 -1.740906e+00 1.462975e-01 -9.390165e-01
 -1.371722e+00 -2.656304e-02 -1.403325e+00
 -8.004757e-01 1.578474e-02 -1.645323e+00
 -2.545235e-01 2.844594e-01 -1.600586e+00
 1.511872e-01 8.991211e-01 -1.293365e+00
 3.497498e-01 1.150627e+00 -1.334953e+00
 5.126697e-01 1.466063e+00 -1.482034e+00
 4.710062e-01 1.919958e+00 -1.697535e+00
 2.171067e-01 2.279128e+00 -1.893809e+00
 -1.988849e-01 2.507184e+00 -1.998626e+00
 -6.825054e-01 2.552809e+00 -1.979289e+00
 -1.127069e+00 2.400329e+00 -1.849658e+00
 -1.433646e+00 2.076969e+00 -1.645097e+00
 -1.529650e+00 1.655259e+00 -1.408309e+00
 -1.389860e+00 1.234292e+00 -1.191670e+00
