 -1.612741e+00 -1.307087e+00 4.350708e-01
 -1.369289e+00 -1.272386e+00 1.902718e-01
 -1.161588e+00 -1.275384e+00 9.811890e-02
 -9.624056e-01 -1.330163e+00 2.097943e-03
 -4.654919e-01 -1.645926e+00 -4.574832e-01
 -1.446833e-02 -1.667173e+00 -6.838667e-01
 3.517324e-01 -1.520890e+00 -7.803037e-01
 6.311396e-01 -1.304888e+00 -7.458379e-01
 8.139508e-01 -1.159261e+00 -6.239746e-01
 1.089439e+00 -1.050063e+00 -3.981755e-01
 1.585089e+00 -1.079886e+00 -2.784088e-01
 2.109319e+00 -1.101716e+00 -4.579618e-01
 2.455802e+00 -1.062115e+00 -8.591264e-01
 2.561395e+00 -9.551529e-01 -1.331204e+00
 2.452208e+00 -8.265644e-01 -1.754519e+00
 2.193912e+00 -6.851301e-01 -2.060359e+00
 1.846592e+00 -5.438339e-01 -2.220900e+00
 1.454251e+00 -4.280757e-01 -2.227196e+00
 1.069797e+00 -3.533795e-01 -2.069984e+00
 7.689987e-01 -3.171411e-01 -1.756543e+00
 6.358569e-01 -2.984670e-01 -1.364187e+00
 6.750299e-01 -2.543252e-01 -1.042781e+00
 7.377703e-01 -1.725403e-01 -8.183681e-01
 8.371433e-01 -5.580195e-03 -5.972618e-01
 1.072594e+00 5.328971e-01 -2.119179e-01
 1.085204e+00 7.861829e-01 6.309749e-03
 1.018253e+00 9.843318e-01 2.087291e-01
 9.141359e-01 1.120835e+00 3.654466e-01
 5.415575e-01 1.413691e+00 7.801380e-01
 4.602400e-01 1.620886e+00 1.099378e+00
 3.045326e-01 1.898464e+00 1.281573e+00
 -1.284751e-02 2.179163e+00 1.378326e+00
 -3.857307e-01 2.330602e+00 1.360691e+00
 -7.666419e-01 2.330902e+00 1.274611e+00
 -1.101261e+00 2.201471e+00 1.136162e+00
 -1.347805e+00 1.973672e+00 9.793987e-01
 -1.478780e+00 1.690795e+00 8.011305e-01
 -1.487385e+00 1.390781e+00 6.274768e-01
 -1.386965e+00 1.109647e+00 4.795774e-01
 -1.001950e+00 6.248591e-01 2.607594e-01
 -9.010302e-01 4.297148e-01 1.599707e-01
 -8.151704e-01 1.276180e-01 -6.344439e-03
 -8.471852e-01 -4.480392e-02 -1.133065e-01
 -1.018306e+00 -2.714828e-01 -2.648394e-01
 -1.320835e+00 -6.205578e-01 -6.725999e-01
 -1.488954e+00 -1.004850e+00 -8.376047e-01
 -1.587869e+00 -1.461562e+00 -8.195231e-01
 -1.597899e+00 -1.893592e+00 -6.039745e-01
 -1.490689e+00 -2.184189e+00 -2.687604e-01
 -1.302774e+00 -2.297603e+00 1.193920e-01
 -1.100120e+00 -2.217069e+00 5.074371e-01
 -9.149936e-01 -1.968852e+00 8.141762e-01
 -7.891990e-01 -1.591675e+00 9.968827e-01
 -7.594302e-01 -1.168803e+00 1.031535e+00
 -8.399160e-01 -7.943394e-01 9.354225e-01
 -1.026738e+00 -5.295826e-01 7.888295e-01
 -1.547703e+00 -2.410681e-01 6.545406e-01
 -1.875417e+00 4.282592e-02 2.259676e-01
 -1.859536e+00 3.389785e-01 -2.455029e-01
 -1.523649e+00 5.493589e-01 -6.711538e-01
 -9.766675e-01 5.929600e-01 -9.246055e-01
 -3.821798e-01 4.723992e-01 -9.117881e-01
 -1.177202e-01 4.809926e-01 -9.778105e-01
 4.409814e-01 7.419338e-01 -1.220062e+00
 9.511100e-01 6.999423e-01 -1.354002e+00
 1.378720e+00 4.407470e-01 -1.362131e+00
 1.639560e+00 2.756761e-02 -1.287186e+00
 1.669820e+00 -4.116812e-01 -1.213621e+00
 1.573783e+00 -6.790461e-01 -1.238456e+00
 1.527153e+00 -8.767973e-01 -1.307123e+00
 1.543499e+00 -1.207417e+00 -1.337347e+00
 1.542820e+00 -1.577685e+00 -1.206640e+00
 1.472642e+00 -1.891683e+00 -9.212777e-01
 1.290194e+00 -2.074316e+00 -5.447491e-01
 1.011435e+00 -2.070796e+00 -1.606127e-01
 6.834613e-01 -1.853564e+00 1.469143e-01
 3.663434e-01 -1.458837e+00 2.666860e-01
 1.281019e-01 -1.010770e+00 1.301844e-01
 -2.290986e-02 -7.078582e-01 -2.136274e-01
 -2.613306e-01 -6.040398e-01 -9.113203e-01
 -3.992900e-01 -3.857200e-01 -1.474471e+00
 -4.601170e-01 -7.830786e-02 -1.780986e+00
 -4.861168e-01 3.548117e-01 -1.936845e+00
 -4.822130e-01 8.569544e-01 -1.880226e+00
 -4.515943e-01 1.255071e+00 -1.615564e+00
 -3.900794e-01 1.472186e+00 -1.218197e+00
 -2.826267e-01 1.488081e+00 -7.726011e-01
 -1.491562e-01 1.327813e+00 -3.895913e-01
 -8.179212e-02 1.099999e+00 -1.725477e-01
 3.085694e-01 -2.106685e-02 4.491554e-01
 4.318230e-01 -2.683351e-01 7.298216e-01
 4.368741e-01 -4.327262e-01 1.203127e+00
 3.206213e-01 -3.796481e-01 1.699896e+00
 1.517051e-01 -9.361319e-02 2.092657e+00
 -4.797546e-02 3.522923e-01 2.278601e+00
 -2.889497e-01 7.933065e-01 2.204819e+00
 -5.013172e-01 1.135721e+00 1.904286e+00
 -6.109575e-01 1.303149e+00 1.481411e+00
 -5.118821e-01 1.370805e+00 9.322441e-01
 -4.668457e-01 1.551987e+00 6.610485e-01
 -3.633413e-01 1.813502e+00 4.813449e-01
 -1.045685e-01 2.073844e+00 3.375203e-01
 2.236357e-01 2.275752e+00 3.146135e-01
 6.152616e-01 2.364273e+00 3.806215e-01
 1.003235e+00 2.311841e+00 5.362221e-01
 1.319239e+00 2.110619e+00 7.694169e-01
 1.488366e+00 1.781739e+00 1.048075e+00
 1.454330e+00 1.367073e+00 1.301947e+00
 1.196718e+00 9.494824e-01 1.451821e+00
 7.553552e-01 6.526404e-01 1.456528e+00
 8.414791e-02 5.507072e-01 1.265856e+00
 -1.688230e-01 4.097929e-01 1.242038e+00
 -4.261298e-01 2.839653e-01 1.306345e+00
 -9.881317e-01 -4.725500e-02 1.690764e+00
 -1.300021e+00 -3.357597e-01 1.760035e+00
 -1.545638e+00 -6.551250e-01 1.676978e+00
 -1.707078e+00 -9.514115e-01 1.462506e+00
 -1.783637e+00 -1.170868e+00 1.140957e+00
 -1.753593e+00 -1.290142e+00 7.734950e-01
