 1.611358e+00 -6.176223e-01 1.385138e-01
 1.456994e+00 -4.320340e-01 2.159870e-01
 1.356707e+00 -2.270196e-01 3.503166e-01
 1.275434e+00 1.246837e-01 6.580013e-01
 1.124933e+00 4.120903e-01 8.261348e-01
 9.076045e-01 6.450879e-01 9.046135e-01
 6.416720e-01 8.205937e-01 8.964690e-01
 3.776881e-01 9.066635e-01 8.231487e-01
 -1.434582e-01 1.027106e+00 5.366862e-01
 -4.854476e-01 1.431031e+00 4.552725e-01
 -5.763507e-01 1.897670e+00 3.157055e-01
 -4.238788e-01 2.339348e+00 1.280529e-01
 -8.394221e-02 2.626164e+00 -1.246718e-01
 3.392498e-01 2.677010e+00 -3.926573e-01
 7.506027e-01 2.487519e+00 -6.098618e-01
 1.067168e+00 2.107616e+00 -7.046963e-01
 1.210229e+00 1.627977e+00 -6.579860e-01
 1.144392e+00 1.161401e+00 -4.850755e-01
 7.443120e-01 6.380584e-01 -1.142998e-01
 4.702610e-01 2.552895e-01 2.621716e-02
 3.080360e-01 1.765904e-02 3.117626e-01
 2.408595e-01 -1.118856e-01 7.259353e-01
 -5.720791e-02 6.177496e-02 1.838536e+00
 -2.750609e-01 2.229969e-01 2.160145e+00
 -5.795573e-01 4.391797e-01 2.349367e+00
 -9.130057e-01 6.783334e-01 2.376942e+00
 -1.217850e+00 9.045260e-01 2.243295e+00
 -1.446930e+00 1.089381e+00 1.973217e+00
 -1.573938e+00 1.199753e+00 1.605842e+00
 -1.591166e+00 1.201515e+00 1.202549e+00
 -1.503205e+00 1.092365e+00 8.317644e-01
 -1.316412e+00 8.613985e-01 5.165253e-01
 -1.131109e+00 6.493135e-01 3.904315e-01
 -8.702871e-01 3.611516e-01 3.677853e-01
 -7.277113e-01 1.842678e-02 4.787506e-01
 -7.735931e-01 -3.278718e-01 6.453253e-01
 -1.010791e+00 -7.471504e-01 7.221041e-01
 -1.379426e+00 -1.080231e+00 6.052132e-01
 -1.783784e+00 -1.219817e+00 3.340926e-01
 -2.115719e+00 -1.145293e+00 -3.174789e-02
 -2.280876e+00 -8.992717e-01 -4.205068e-01
 -2.252407e+00 -5.379661e-01 -7.492083e-01
 -2.053948e+00 -1.265051e-01 -9.285356e-01
 -1.725878e+00 2.340584e-01 -9.238750e-01
 -8.993595e-01 6.624000e-01 -6.032815e-01
 -4.448872e-01 7.275908e-01 -5.771263e-01
 -1.249913e-01 6.892766e-01 -6.962712e-01
 1.026920e-01 6.895242e-01 -8.917054e-01
 4.764663e-01 7.427534e-01 -1.382875e+00
 8.766574e-01 5.008765e-01 -1.720277e+00
 1.252025e+00 2.992962e-02 -1.820924e+00
 1.451713e+00 -4.731486e-01 -1.654843e+00
 1.438765e+00 -8.778769e-01 -1.281377e+00
 1.190656e+00 -1.091083e+00 -8.081949e-01
 8.199659e-01 -1.014724e+00 -3.440689e-01
 6.982232e-01 -1.091008e+00 -4.267648e-03
 7.613696e-01 -1.150628e+00 4.592666e-01
 1.029837e+00 -1.107865e+00 8.663923e-01
 1.428243e+00 -9.399865e-01 1.115922e+00
 1.849416e+00 -6.731227e-01 1.146525e+00
 2.183793e+00 -3.676195e-01 9.603261e-01
 2.345203e+00 -7.602783e-02 6.206133e-01
 2.315757e+00 1.419646e-01 2.018196e-01
 2.113422e+00 2.297686e-01 -2.180198e-01
 1.782522e+00 1.801146e-01 -5.388820e-01
 7.582526e-01 -1.371441e-01 -9.006756e-01
 6.219267e-01 -2.310465e-01 -1.017981e+00
 4.865164e-01 -4.526712e-01 -1.272468e+00
 3.003209e-01 -1.134231e+00 -1.785611e+00
 1.189811e-01 -1.554868e+00 -1.873359e+00
 -1.170588e-01 -1.942607e+00 -1.758635e+00
 -3.626463e-01 -2.214894e+00 -1.463743e+00
 -5.597619e-01 -2.316147e+00 -1.044519e+00
 -6.442223e-01 -2.236885e+00 -5.932963e-01
 -6.055854e-01 -1.976126e+00 -1.885411e-01
 -4.988793e-01 -1.580581e+00 5.035354e-02
 -3.522347e-01 -1.152282e+00 7.935907e-02
 -2.440207e-01 -7.487929e-01 -9.492901e-02
 -2.679970e-01 -3.993788e-01 -4.537107e-01
 -5.087729e-01 -1.632554e-01 -1.156013e+00
 -5.947348e-01 2.771246e-01 -1.545710e+00
 -6.421444e-01 8.522837e-01 -1.615292e+00
 -4.964415e-01 1.407016e+00 -1.380994e+00
 -1.893685e-01 1.709302e+00 -9.426316e-01
 2.658275e-01 1.646276e+00 -2.264999e-01
 4.271641e-01 1.732040e+00 3.175965e-02
 4.704711e-01 1.856570e+00 3.310695e-01
 3.946395e-01 1.945340e+00 6.936282e-01
 2.236338e-01 1.922147e+00 1.021599e+00
 1.196040e-02 1.769588e+00 1.297718e+00
 -2.222603e-01 1.514397e+00 1.469070e+00
 -4.491435e-01 1.184034e+00 1.510139e+00
 -7.482006e-01 6.310261e-01 1.347039e+00
 -9.701830e-01 3.910081e-01 1.393518e+00
 -1.358204e+00 1.858878e-01 1.322905e+00
 -1.724121e+00 3.823112e-03 9.467862e-01
 -1.816086e+00 -1.204363e-01 4.578409e-01
 -1.631456e+00 -2.273829e-01 3.697622e-02
 -1.389002e+00 -3.973738e-01 -1.813231e-01
 -1.141152e+00 -9.441943e-01 -6.046554e-01
 -9.436322e-01 -1.136754e+00 -7.676827e-01
 -7.103564e-01 -1.236838e+00 -8.997164e-01
 -4.650856e-01 -1.287109e+00 -9.513111e-01
 -2.361217e-01 -1.345181e+00 -9.267362e-01
 -6.640842e-02 -1.422305e+00 -8.684084e-01
 9.311464e-02 -1.548507e+00 -8.233928e-01
 3.431471e-01 -1.852067e+00 -6.866376e-01
 6.560210e-01 -2.020961e+00 -4.882601e-01
 1.009283e+00 -2.035084e+00 -2.834373e-01
 1.336673e+00 -1.892428e+00 -9.838581e-02
 1.592464e+00 -1.621477e+00 3.352062e-02
 1.731744e+00 -1.270717e+00 1.039253e-01
 1.731092e+00 -9.037202e-01 1.270181e-01
