 -1.331788e+00 -2.239217e+00 -1.689684e+00
 -1.579822e+00 -1.973802e+00 -1.863349e+00
 -1.746902e+00 -1.596894e+00 -1.938712e+00
 -1.776338e+00 -1.161241e+00 -1.915022e+00
 -1.639521e+00 -7.459955e-01 -1.797450e+00
 -1.356241e+00 -4.480775e-01 -1.598431e+00
 -9.480060e-01 -3.262996e-01 -1.399388e+00
 -5.408793e-01 -4.168247e-01 -1.263199e+00
 -1.625198e-01 -5.595454e-01 -1.353540e+00
 9.714607e-02 -7.373118e-01 -1.498597e+00
 3.594956e-01 -1.046444e+00 -1.549320e+00
 6.018361e-01 -1.405662e+00 -1.423721e+00
 7.903810e-01 -1.753769e+00 -1.074904e+00
 8.005100e-01 -1.939777e+00 -6.469015e-01
 6.481144e-01 -1.935813e+00 -1.606804e-01
 3.933791e-01 -1.677346e+00 2.743325e-01
 -1.701332e-02 -1.316047e+00 4.602622e-01
 -2.667192e-01 -1.195772e+00 6.925436e-01
 -5.822993e-01 -1.221302e+00 8.963146e-01
 -9.679243e-01 -1.354364e+00 9.794178e-01
 -1.341158e+00 -1.545038e+00 8.960923e-01
 -1.648684e+00 -1.704771e+00 6.402997e-01
 -1.848198e+00 -1.767981e+00 2.511969e-01
 -1.875336e+00 -1.742939e+00 -2.625504e-01
 -1.689269e+00 -1.625131e+00 -7.084254e-01
 -1.020159e+00 -1.350451e+00 -1.232394e+00
 -8.224206e-01 -1.359809e+00 -1.538227e+00
 -7.250366e-01 -1.218756e+00 -1.931407e+00
 -6.233552e-01 -8.648625e-01 -2.237930e+00
 -4.769182e-01 -3.735565e-01 -2.327524e+00
 -3.420040e-01 8.885282e-02 -2.163381e+00
 -2.557350e-01 4.379891e-01 -1.775083e+00
 -1.866425e-01 7.262019e-01 -6.241943e-01
 -2.626466e-01 7.514600e-01 -2.207903e-01
 -4.203505e-01 7.991060e-01 -2.090600e-02
 -7.593283e-01 7.959920e-01 2.380096e-01
 -1.152767e+00 6.040007e-01 3.942920e-01
 -1.431545e+00 2.805383e-01 4.236379e-01
 -1.565616e+00 -1.093512e-01 3.674564e-01
 -1.544897e+00 -4.903132e-01 2.639916e-01
 -1.400598e+00 -8.104270e-01 1.286503e-01
 -1.022257e+00 -1.175970e+00 -3.550510e-02
 -9.074581e-01 -1.446362e+00 -5.203740e-02
 -8.287536e-01 -1.780018e+00 2.589703e-02
 -6.796600e-01 -2.079708e+00 2.882558e-01
 -4.713137e-01 -2.228624e+00 6.715468e-01
 -1.992373e-01 -2.177900e+00 1.030772e+00
 1.000649e-01 -1.961393e+00 1.277705e+00
 3.774222e-01 -1.652157e+00 1.361950e+00
 5.687916e-01 -1.296239e+00 1.306510e+00
 6.474741e-01 -9.578658e-01 1.148834e+00
 6.274881e-01 -6.886696e-01 9.310286e-01
 3.845641e-01 -1.321269e-02 -9.492090e-02
 5.971733e-01 9.160720e-02 -5.707094e-01
 1.001738e+00 2.342841e-01 -8.406144e-01
 1.493301e+00 4.258348e-01 -8.642508e-01
 1.866357e+00 6.093064e-01 -6.668252e-01
 2.085864e+00 8.573091e-01 -3.117549e-01
 2.074971e+00 1.127255e+00 1.131072e-01
 1.829716e+00 1.302565e+00 5.313925e-01
 1.494901e+00 1.332265e+00 7.770615e-01
 1.261962e+00 1.329047e+00 8.919354e-01
 1.108753e+00 1.353888e+00 1.009211e+00
 9.874861e-01 1.400834e+00 1.135532e+00
 8.609829e-01 1.403464e+00 1.335700e+00
 7.647666e-01 1.364269e+00 1.481106e+00
 6.346624e-01 1.279773e+00 1.622002e+00
 5.000420e-01 1.169876e+00 1.723640e+00
 3.503903e-01 1.031051e+00 1.789322e+00
 1.844931e-01 8.726553e-01 1.808994e+00
 1.155637e-02 6.992001e-01 1.771718e+00
 -1.553657e-01 5.078710e-01 1.663711e+00
 -2.949066e-01 3.220403e-01 1.480943e+00
 -3.776511e-01 1.768845e-01 1.263218e+00
 -4.969374e-01 -1.678227e-01 5.369839e-01
 -5.448310e-01 -2.216480e-01 3.117791e-01
 -6.105133e-01 -1.930853e-01 -6.267808e-02
 -7.196463e-01 -1.481364e-01 -2.350879e-01
 -8.940338e-01 -3.161445e-02 -3.930278e-01
 -1.074167e+00 2.016181e-01 -5.526768e-01
 -1.173512e+00 4.737147e-01 -6.493716e-01
 -1.201498e+00 7.461402e-01 -6.925108e-01
 -1.156579e+00 1.025690e+00 -6.971888e-01
 -1.038296e+00 1.294596e+00 -6.562488e-01
 -8.343077e-01 1.531096e+00 -5.876721e-01
 -5.653236e-01 1.697136e+00 -4.806879e-01
 -2.702765e-01 1.764654e+00 -3.301822e-01
 1.365111e-01 1.711147e+00 -7.299064e-02
 3.261369e-01 1.739307e+00 7.720393e-02
 4.544523e-01 1.801826e+00 2.021859e-01
 5.936278e-01 1.907376e+00 3.110191e-01
 8.592237e-01 2.198404e+00 4.970607e-01
 1.128405e+00 2.337680e+00 7.395373e-01
 1.390001e+00 2.336374e+00 1.030813e+00
 1.600459e+00 2.194698e+00 1.326464e+00
 1.741435e+00 1.932828e+00 1.570537e+00
 1.800899e+00 1.585706e+00 1.725936e+00
 1.762666e+00 1.197863e+00 1.777880e+00
 1.613517e+00 8.323407e-01 1.727477e+00
 1.360952e+00 5.398709e-01 1.573548e+00
 1.037583e+00 3.822530e-01 1.327966e+00
 6.805285e-01 4.196764e-01 1.045548e+00
 3.280920e-01 6.896814e-01 7.564616e-01
 -3.013135e-01 1.570759e+00 9.177894e-01
 -3.719673e-01 2.234478e+00 7.094048e-01
 -1.253706e-01 2.685690e+00 2.533315e-01
 2.834429e-01 2.741588e+00 -2.468165e-01
 7.101812e-01 2.455478e+00 -5.760496e-01
 1.021682e+00 1.995051e+00 -6.514638e-01
 1.141054e+00 1.491825e+00 -5.141579e-01
 1.056841e+00 8.390915e-01 3.295885e-03
 1.255915e+00 4.715816e-01 1.784159e-01
 1.438378e+00 4.231302e-02 1.045211e-01
 1.429274e+00 -3.445307e-01 -9.378515e-02
 1.216870e+00 -6.884431e-01 -2.815922e-01
 8.696845e-01 -9.063935e-01 -4.238386e-01
 3.656055e-01 -9.832093e-01 -5.092423e-01
 1.302627e-01 -1.104702e+00 -5.511825e-01
 -7.328347e-02 -1.347177e+00 -6.348911e-01
 -2.902927e-01 -1.944040e+00 -8.465954e-01
 -4.760013e-01 -2.185034e+00 -1.000618e+00
 -7.367627e-01 -2.340568e+00 -1.208924e+00
 -1.039306e+00 -2.365539e+00 -1.450940e+00
