 4.848797e-02 -2.100349e+00 2.256911e+00
 2.239003e-01 -2.089038e+00 1.851527e+00
 3.436371e-01 -1.896423e+00 1.470913e+00
 3.467818e-01 -1.585131e+00 1.181398e+00
 2.295177e-01 -1.279542e+00 1.036612e+00
 4.982064e-02 -1.028661e+00 9.768804e-01
 -2.679595e-01 -8.738289e-01 8.331107e-01
 -9.014995e-01 -7.469485e-01 5.476648e-01
 -1.182663e+00 -5.706861e-01 3.206358e-01
 -1.325841e+00 -3.649694e-01 8.827787e-02
 -1.361470e+00 -9.646902e-02 -1.554659e-01
 -1.258690e+00 1.599812e-01 -3.330516e-01
 -1.120865e+00 3.742446e-01 -3.999088e-01
 -9.999470e-01 6.643289e-01 -4.059563e-01
 -8.154685e-01 1.570729e+00 -4.453958e-02
 -5.452323e-01 1.891348e+00 1.630272e-01
 -1.351057e-01 2.053125e+00 3.295460e-01
 3.643293e-01 2.020831e+00 4.184910e-01
 7.662727e-01 1.813767e+00 3.951819e-01
 1.026884e+00 1.472505e+00 2.959302e-01
 1.114210e+00 1.025467e+00 1.261549e-01
 1.014340e+00 6.489101e-01 -5.505915e-02
 5.728848e-01 1.536150e-01 -3.733311e-01
 5.417904e-01 -1.720203e-01 -6.440350e-01
 6.873699e-01 -5.438289e-01 -8.321285e-01
 8.982636e-01 -8.823689e-01 -8.570740e-01
 1.116125e+00 -1.169823e+00 -7.241150e-01
 1.293380e+00 -1.395802e+00 -4.526379e-01
 1.391230e+00 -1.537774e+00 -6.427916e-02
 1.416277e+00 -1.529677e+00 3.511569e-01
 1.368350e+00 -1.376681e+00 7.337832e-01
 1.161398e+00 -9.371233e-01 1.215621e+00
 8.913059e-01 -5.810141e-01 1.538569e+00
 8.597041e-01 -2.722377e-01 1.777901e+00
 8.507202e-01 2.105414e-01 1.848401e+00
 6.790618e-01 7.224326e-01 1.637263e+00
 4.334483e-01 1.013479e+00 1.213519e+00
 1.154379e-01 1.015870e+00 5.064368e-01
 7.969343e-02 1.059675e+00 1.147833e-01
 1.345572e-01 1.180708e+00 -1.661970e-01
 3.599666e-01 1.540961e+00 -5.588409e-01
 4.318322e-01 1.692785e+00 -1.011169e+00
 3.645642e-01 1.661780e+00 -1.523288e+00
 1.771891e-01 1.420923e+00 -1.929143e+00
 -1.152365e-01 1.104238e+00 -2.115256e+00
 -4.195491e-01 9.667432e-01 -2.125790e+00
 -6.595972e-01 9.244171e-01 -2.184413e+00
 -9.492411e-01 7.471861e-01 -2.352390e+00
 -1.207015e+00 3.607026e-01 -2.435697e+00
 -1.356091e+00 -9.056236e-02 -2.325342e+00
 -1.386502e+00 -4.684692e-01 -2.042890e+00
 -1.280911e+00 -7.148634e-01 -1.651126e+00
 -1.060042e+00 -7.758466e-01 -1.234078e+00
 -4.815978e-01 -4.844539e-01 -5.040480e-01
 -3.720644e-01 -3.440569e-01 -2.741441e-01
 -3.188823e-01 -8.586063e-02 1.310466e-02
 -3.965216e-01 9.566849e-02 2.500325e-01
 -6.537506e-01 3.034165e-01 5.252081e-01
 -1.135930e+00 5.366152e-01 6.335887e-01
 -1.575123e+00 7.113058e-01 4.871998e-01
 -1.913699e+00 8.535609e-01 8.860251e-02
 -2.042139e+00 8.586010e-01 -4.614160e-01
 -1.891897e+00 7.468950e-01 -9.902254e-01
 -1.510689e+00 5.424419e-01 -1.347951e+00
 -8.906165e-01 2.333922e-01 -1.450114e+00
 -5.714287e-01 6.092669e-02 -1.639800e+00
 -3.285060e-01 -6.112479e-02 -2.043844e+00
 -1.884311e-01 4.423922e-02 -2.525913e+00
 -1.695228e-01 3.621381e-01 -2.926632e+00
 -2.394266e-01 8.270322e-01 -3.135959e+00
 -3.861514e-01 1.314282e+00 -3.106140e+00
 -5.503863e-01 1.710642e+00 -2.846351e+00
 -6.761685e-01 1.932816e+00 -2.418906e+00
 -7.483023e-01 1.927995e+00 -1.926286e+00
 -7.247736e-01 1.711461e+00 -1.482401e+00
 -5.734649e-01 1.353204e+00 -1.182076e+00
 -3.561710e-01 1.017454e+00 -1.111239e+00
 -1.196021e-01 8.214826e-01 -1.129461e+00
 1.432382e-01 7.018130e-01 -1.182242e+00
 7.328924e-01 6.328641e-01 -1.294917e+00
 1.183408e+00 4.493903e-01 -1.187631e+00
 1.497337e+00 1.471196e-01 -9.164020e-01
 1.595426e+00 -1.348518e-01 -5.684534e-01
 1.493910e+00 -3.431473e-01 -2.018538e-01
 1.170912e+00 -5.416810e-01 1.092147e-01
 8.011472e-01 -7.086790e-01 1.957820e-01
 2.761578e-01 -1.236406e+00 -1.103985e-02
 -7.161898e-02 -1.580391e+00 9.172685e-02
 -3.790068e-01 -1.808416e+00 3.974294e-01
 -6.076992e-01 -1.853110e+00 8.328904e-01
 -6.891069e-01 -1.708384e+00 1.287017e+00
 -5.615335e-01 -1.434130e+00 1.708351e+00
 -3.117021e-01 -1.189196e+00 1.914465e+00
 3.977814e-02 -1.083334e+00 2.021681e+00
 6.598163e-01 -1.141906e+00 2.375927e+00
 1.155072e+00 -1.072610e+00 2.415083e+00
 1.587839e+00 -8.621440e-01 2.263795e+00
 1.850260e+00 -5.562676e-01 1.966203e+00
 1.884862e+00 -2.338188e-01 1.596489e+00
 1.698827e+00 6.597159e-03 1.219194e+00
 1.334776e+00 1.243922e-01 9.189971e-01
 8.696172e-01 1.369304e-01 7.940529e-01
 4.397507e-01 1.967374e-02 8.419443e-01
 1.125421e-01 3.882159e-03 1.134524e+00
 -3.609926e-02 -1.115296e-02 1.336015e+00
 -3.761775e-01 -1.807914e-01 2.272171e+00
 -4.501040e-01 -4.148716e-01 2.629135e+00
 -4.520492e-01 -7.741219e-01 2.873644e+00
 -3.864235e-01 -1.196750e+00 2.958991e+00
 -2.701283e-01 -1.607767e+00 2.866561e+00
 -1.244816e-01 -1.929966e+00 2.613932e+00
