 -2.485944e-01 1.901807e+00 7.681117e-01
 -2.136872e-01 1.486591e+00 9.800084e-01
 -2.659183e-01 1.051839e+00 9.833010e-01
 -3.972093e-01 7.339497e-01 8.671272e-01
 -5.619287e-01 5.848891e-01 8.174314e-01
 -1.052956e+00 3.748645e-01 8.359201e-01
 -1.334533e+00 1.784910e-01 7.566416e-01
 -1.531475e+00 -1.341127e-01 6.066552e-01
 -1.593309e+00 -4.570696e-01 3.671804e-01
 -1.516777e+00 -7.189834e-01 3.947348e-02
 -1.352660e+00 -8.183448e-01 -2.785715e-01
 -1.202065e+00 -7.486994e-01 -5.933105e-01
 -1.191782e+00 -6.396515e-01 -9.193526e-01
 -1.261315e+00 -6.731834e-01 -1.305759e+00
 -1.329816e+00 -9.001879e-01 -1.688288e+00
 -1.308485e+00 -1.296629e+00 -1.962555e+00
 -1.171171e+00 -1.773867e+00 -2.045721e+00
 -9.337440e-01 -2.224661e+00 -1.888644e+00
 -6.298744e-01 -2.508030e+00 -1.502361e+00
 -3.263856e-01 -2.487914e+00 -9.853512e-01
 -1.390065e-01 -2.125316e+00 -5.097181e-01
 -1.171326e-01 -1.515962e+00 -2.879508e-01
 -2.048841e-01 -9.558131e-01 -4.377331e-01
 -1.738127e-01 -2.822144e-03 -1.591050e+00
 9.188136e-02 3.388401e-01 -1.893105e+00
 5.494100e-01 5.455280e-01 -2.059537e+00
 1.072740e+00 5.572867e-01 -2.053945e+00
 1.526744e+00 3.761439e-01 -1.885603e+00
 1.800953e+00 5.304186e-02 -1.604375e+00
 1.839538e+00 -3.194664e-01 -1.232430e+00
 1.615751e+00 -6.381511e-01 -8.950921e-01
 1.234048e+00 -8.630727e-01 -7.360378e-01
 9.091197e-01 -1.011887e+00 -7.996387e-01
 7.153452e-01 -1.165467e+00 -8.965255e-01
 5.059013e-01 -1.337009e+00 -1.108530e+00
 3.137824e-01 -1.420801e+00 -1.234811e+00
 1.131555e-01 -1.473400e+00 -1.313356e+00
 -1.051922e-01 -1.500960e+00 -1.351368e+00
 -3.277335e-01 -1.504655e+00 -1.339400e+00
 -4.852094e-01 -1.496449e+00 -1.289693e+00
 -6.731775e-01 -1.508324e+00 -1.178859e+00
 -8.469886e-01 -1.581931e+00 -1.071303e+00
 -1.105886e+00 -1.673548e+00 -1.012392e+00
 -1.477418e+00 -1.651781e+00 -9.880992e-01
 -1.846679e+00 -1.460431e+00 -9.595566e-01
 -2.120834e+00 -1.111019e+00 -9.141220e-01
 -2.219968e+00 -6.899083e-01 -8.274042e-01
 -2.130107e+00 -2.744696e-01 -6.912995e-01
 -1.865820e+00 5.324225e-02 -5.474873e-01
 -1.479744e+00 2.255085e-01 -4.030070e-01
 -1.060928e+00 2.043515e-01 -2.429172e-01
 -7.846466e-01 3.492672e-02 -1.030527e-01
 -6.097240e-01 -2.431940e-01 1.351637e-01
 -5.488807e-01 -4.615461e-01 4.870653e-01
 -6.276805e-01 -5.645721e-01 9.007907e-01
 -1.050066e+00 -4.467876e-01 1.962731e+00
 -1.086689e+00 -1.963122e-01 2.403180e+00
 -9.668516e-01 1.444210e-01 2.707158e+00
 -7.493053e-01 4.837200e-01 2.839538e+00
 -5.019352e-01 7.930360e-01 2.808996e+00
 -2.487154e-01 1.035413e+00 2.642149e+00
 -2.272117e-02 1.169695e+00 2.368730e+00
 2.046879e-01 1.165114e+00 2.008219e+00
 3.511875e-01 1.028536e+00 1.771074e+00
 5.449525e-01 7.811813e-01 1.618129e+00
 8.607453e-01 6.138709e-01 1.547217e+00
 1.250521e+00 6.087591e-01 1.408887e+00
 1.595539e+00 7.690873e-01 1.133854e+00
 1.766485e+00 1.051296e+00 7.580371e-01
 1.690491e+00 1.376526e+00 3.498915e-01
 1.374336e+00 1.608487e+00 1.699660e-02
 9.261487e-01 1.654281e+00 -1.872116e-01
 4.388678e-01 1.543998e+00 -2.157245e-01
 -9.958504e-02 1.251577e+00 -1.450955e-02
 -4.741827e-01 1.206418e+00 -2.505241e-02
 -8.192939e-01 1.296553e+00 1.051970e-01
 -1.174708e+00 1.399593e+00 5.586797e-01
 -1.258529e+00 1.385289e+00 1.053251e+00
 -1.134753e+00 1.168980e+00 1.530816e+00
 -9.057835e-01 8.055945e-01 1.793886e+00
 -4.038544e-01 3.508533e-01 1.854171e+00
 -1.075438e-01 1.514229e-01 2.100708e+00
 2.205986e-01 1.619313e-01 2.370679e+00
 5.855479e-01 3.488194e-01 2.549651e+00
 8.981296e-01 6.673057e-01 2.583254e+00
 1.106920e+00 9.985173e-01 2.471059e+00
 1.233180e+00 1.299113e+00 2.218094e+00
 1.240714e+00 1.522603e+00 1.885450e+00
 1.143557e+00 1.630032e+00 1.527251e+00
 9.862265e-01 1.606533e+00 1.196029e+00
 8.106496e-01 1.443529e+00 8.946343e-01
 7.393545e-01 1.259996e+00 7.511701e-01
 7.405866e-01 9.895388e-01 6.028030e-01
 8.131001e-01 8.207331e-01 4.321897e-01
 9.261857e-01 6.897587e-01 2.052831e-01
 1.114267e+00 5.960782e-01 -1.668016e-01
 1.155253e+00 4.743355e-01 -5.010996e-01
 1.088118e+00 3.123472e-01 -8.028433e-01
 8.745458e-01 5.865699e-02 -1.126307e+00
 8.175791e-01 -1.226194e-01 -1.306885e+00
 8.294572e-01 -3.079570e-01 -1.522541e+00
 9.327198e-01 -5.305934e-01 -1.694497e+00
 1.101168e+00 -8.247381e-01 -1.782785e+00
 1.293779e+00 -1.125463e+00 -1.745468e+00
 1.430387e+00 -1.433978e+00 -1.579929e+00
 1.488583e+00 -1.695848e+00 -1.307295e+00
 1.476853e+00 -1.860611e+00 -9.370150e-01
 1.385451e+00 -1.881956e+00 -5.193790e-01
 1.218463e+00 -1.730031e+00 -1.268298e-01
 9.978621e-01 -1.411684e+00 1.476702e-01
 7.682845e-01 -9.872422e-01 2.221614e-01
 4.253091e-01 -2.331402e-01 -5.633984e-02
 1.551797e-01 2.383860e-01 -3.936317e-01
 -7.089427e-02 7.245111e-01 -9.007064e-01
 -2.403297e-01 1.183782e+00 -1.049069e+00
 -3.745913e-01 1.667745e+00 -9.515602e-01
 -4.469837e-01 2.052663e+00 -6.254948e-01
 -4.301991e-01 2.244689e+00 -1.454856e-01
 -3.476873e-01 2.185644e+00 3.700305e-01
