 -6.003308e-01 2.177371e+00 1.237752e+00
 -3.892363e-01 1.750495e+00 1.366271e+00
 -1.445766e-01 1.514718e+00 1.304780e+00
 7.600792e-02 1.395750e+00 1.299646e+00
 5.995947e-01 1.260592e+00 1.264219e+00
 9.783128e-01 9.786275e-01 1.091275e+00
 1.151082e+00 6.014542e-01 8.291123e-01
 1.114437e+00 2.903432e-01 5.161049e-01
 9.319036e-01 1.232741e-01 2.094356e-01
 7.811975e-01 1.059518e-01 -2.517202e-02
 6.960098e-01 1.846590e-01 -3.593127e-01
 7.038127e-01 3.659037e-01 -7.138504e-01
 6.293391e-01 5.300045e-01 -9.400045e-01
 4.519168e-01 6.739550e-01 -1.172289e+00
 2.016906e-01 7.601647e-01 -1.357857e+00
 -1.377276e-01 7.958847e-01 -1.486392e+00
 -5.181047e-01 7.628937e-01 -1.517162e+00
 -7.777110e-01 6.876884e-01 -1.453268e+00
 -1.046087e+00 5.344910e-01 -1.270830e+00
 -1.215337e+00 2.845902e-01 -1.064706e+00
 -1.253567e+00 5.727308e-02 -9.517522e-01
 -1.291827e+00 -1.078090e-01 -9.042975e-01
 -1.329717e+00 -2.830737e-01 -8.891190e-01
 -1.464162e+00 -1.212732e+00 -9.596147e-01
 -1.345378e+00 -1.629618e+00 -9.766970e-01
 -1.059819e+00 -1.974277e+00 -9.572883e-01
 -6.774372e-01 -2.162895e+00 -8.972130e-01
 -2.653108e-01 -2.169318e+00 -8.135847e-01
 1.337751e-01 -1.988238e+00 -7.468818e-01
 4.135924e-01 -1.682804e+00 -7.618777e-01
 5.633466e-01 -1.391707e+00 -8.992997e-01
 7.748725e-01 -1.208197e+00 -1.134824e+00
 1.125881e+00 -1.108507e+00 -1.300476e+00
 1.560605e+00 -1.064117e+00 -1.298433e+00
 1.948087e+00 -1.069077e+00 -1.126565e+00
 2.227457e+00 -1.068402e+00 -8.237786e-01
 2.356194e+00 -1.051629e+00 -4.537665e-01
 2.331288e+00 -9.946197e-01 -6.274924e-02
 2.140901e+00 -9.106481e-01 3.139746e-01
 1.850373e+00 -8.455309e-01 5.639487e-01
 7.782252e-01 -6.232998e-01 9.174592e-01
 4.854448e-01 -6.236546e-01 9.456833e-01
 1.665387e-01 -7.387022e-01 1.001439e+00
 -1.704685e-01 -1.021506e+00 9.422277e-01
 -4.247838e-01 -1.306850e+00 6.521444e-01
 -5.469454e-01 -1.418013e+00 2.869938e-01
 -6.070148e-01 -1.355297e+00 -1.914076e-01
 -4.615568e-01 -1.141369e+00 -7.305626e-01
 -4.323521e-01 -1.160993e+00 -1.005970e+00
 -3.546955e-01 -1.292736e+00 -1.374023e+00
 -8.743024e-02 -1.577805e+00 -1.685977e+00
 3.012506e-01 -1.884659e+00 -1.783702e+00
 7.364443e-01 -2.109014e+00 -1.653141e+00
 1.126081e+00 -2.165772e+00 -1.343597e+00
 1.372527e+00 -2.052801e+00 -9.331895e-01
 1.456656e+00 -1.754920e+00 -5.229788e-01
 1.393223e+00 -1.388340e+00 -3.049910e-01
 1.327198e+00 -1.008410e+00 -2.979034e-01
 1.358838e+00 -7.489051e-01 -3.428795e-01
 1.679153e+00 -1.823542e-01 -4.507001e-01
 1.731659e+00 2.978718e-01 -4.163268e-01
 1.568217e+00 7.674855e-01 -2.983028e-01
 1.253482e+00 1.053360e+00 -1.674259e-01
 8.242919e-01 1.149237e+00 -4.099027e-03
 4.272089e-01 1.039555e+00 2.131831e-01
 1.427552e-01 7.583743e-01 4.644113e-01
 1.336497e-01 4.395197e-01 7.855203e-01
 2.062235e-01 2.000022e-01 1.485333e+00
 3.321805e-01 -6.266656e-02 1.792410e+00
 4.736011e-01 -4.376297e-01 1.958063e+00
 5.986814e-01 -8.531978e-01 1.945368e+00
 6.811826e-01 -1.235304e+00 1.757085e+00
 7.028062e-01 -1.515541e+00 1.429524e+00
 6.761244e-01 -1.642760e+00 1.013781e+00
 6.330384e-01 -1.588688e+00 5.958954e-01
 5.071296e-01 -1.348457e+00 2.036543e-01
 3.376409e-01 -9.813034e-01 -2.764659e-03
 1.969177e-01 -7.104431e-01 -2.383467e-02
 -4.547790e-02 -5.010160e-01 3.679448e-02
 -4.778519e-01 -3.770504e-01 1.778517e-01
 -1.047306e+00 -4.454800e-01 4.398914e-01
 -1.375155e+00 -3.395638e-01 6.304998e-01
 -1.642350e+00 -9.511358e-02 7.920672e-01
 -1.813707e+00 2.635535e-01 9.015292e-01
 -1.865330e+00 6.137214e-01 9.206652e-01
 -1.815319e+00 9.490909e-01 8.618406e-01
 -1.650014e+00 1.251610e+00 7.514398e-01
 -1.380550e+00 1.474814e+00 6.264304e-01
 -1.087563e+00 1.571013e+00 5.034352e-01
 -6.091452e-01 1.563098e+00 3.856811e-01
 -3.297048e-01 1.701332e+00 3.258275e-01
 -4.422424e-02 1.933576e+00 3.730040e-01
 2.392647e-01 2.168423e+00 6.162542e-01
 4.115623e-01 2.322069e+00 9.907127e-01
 4.664266e-01 2.341151e+00 1.434656e+00
 4.162853e-01 2.196498e+00 1.848782e+00
 2.646364e-01 1.924263e+00 2.161583e+00
 2.845056e-02 1.582950e+00 2.317012e+00
 -2.468993e-01 1.240124e+00 2.287376e+00
 -5.097395e-01 9.568732e-01 2.081222e+00
 -7.046545e-01 7.807956e-01 1.742913e+00
 -9.019203e-01 5.652969e-01 5.305084e-01
 -1.071932e+00 5.774372e-01 2.327122e-01
 -1.999039e+00 5.200006e-01 -3.949472e-01
 -2.249207e+00 3.464513e-01 -8.621048e-01
 -2.208002e+00 1.052742e-01 -1.367373e+00
 -1.882191e+00 -1.293891e-01 -1.763851e+00
 -1.365607e+00 -2.950420e-01 -1.928610e+00
 -8.221197e-01 -3.645083e-01 -1.798549e+00
 -3.756244e-01 -2.529922e-01 -1.434499e+00
 -2.298947e-01 -7.788113e-02 -9.101055e-01
 -3.080830e-01 2.728749e-01 -5.970847e-01
 -3.916645e-01 7.211025e-01 -4.860256e-01
 -7.351729e-01 1.624288e+00 -6.421158e-01
 -8.695948e-01 2.087770e+00 -4.789340e-01
 -9.065230e-01 2.440457e+00 -1.153174e-01
 -8.586615e-01 2.597941e+00 3.947601e-01
 -7.548703e-01 2.497287e+00 8.802107e-01
