 2.410792e+00 1.830528e+00 -2.832574e-01
 2.316248e+00 1.927646e+00 3.366487e-02
 2.152835e+00 1.929399e+00 3.407769e-01
 1.937219e+00 1.834325e+00 6.001417e-01
 1.693187e+00 1.653196e+00 7.786281e-01
 1.451742e+00 1.410993e+00 8.516128e-01
 1.008418e+00 9.191217e-01 7.614397e-01
 6.494772e-01 7.318949e-01 7.184297e-01
 2.958081e-01 7.064492e-01 7.192884e-01
 -1.629469e-01 8.471489e-01 8.154011e-01
 -3.898848e-01 8.696619e-01 8.330500e-01
 -6.123234e-01 8.500001e-01 8.181253e-01
 -8.225984e-01 7.885605e-01 7.728510e-01
 -1.016006e+00 6.852298e-01 6.966254e-01
 -1.350657e+00 4.106322e-01 4.729284e-01
 -1.526285e+00 3.212430e-01 3.902108e-01
 -1.712707e+00 2.658930e-01 3.412455e-01
 -1.917322e+00 2.581513e-01 2.448014e-01
 -2.170622e+00 2.728877e-01 1.023778e-02
 -2.316886e+00 3.091635e-01 -2.541041e-01
 -2.369861e+00 3.296428e-01 -5.559345e-01
 -2.328486e+00 3.234566e-01 -8.569055e-01
 -2.198150e+00 2.881356e-01 -1.130683e+00
 -1.960866e+00 2.165108e-01 -1.389383e+00
 -1.689846e+00 1.413863e-01 -1.538856e+00
 -1.390946e+00 6.749709e-02 -1.593818e+00
 -1.093505e+00 1.060320e-03 -1.554043e+00
 -8.235247e-01 -5.304091e-02 -1.427279e+00
 -2.244236e-01 -1.611709e-01 -8.823974e-01
 8.327111e-02 -2.219358e-01 -7.271844e-01
 2.957241e-01 -2.675025e-01 -6.893479e-01
 5.387815e-01 -3.453302e-01 -7.392878e-01
 9.181778e-01 -5.655126e-01 -8.780016e-01
 1.338663e+00 -6.655253e-01 -8.682411e-01
 1.764276e+00 -6.032940e-01 -7.699955e-01
 2.108850e+00 -3.788183e-01 -6.271059e-01
 2.317377e+00 -3.294651e-02 -4.272917e-01
 2.327264e+00 3.506503e-01 -2.088984e-01
 2.153304e+00 7.205476e-01 -4.592251e-02
 1.871416e+00 9.980919e-01 -1.122677e-02
 1.640923e+00 1.175108e+00 -1.191371e-01
 1.507998e+00 1.352339e+00 -2.472672e-01
 1.348475e+00 1.599654e+00 -5.345851e-01
 1.109680e+00 1.743353e+00 -7.590602e-01
 7.937136e-01 1.816387e+00 -9.131384e-01
 4.441580e-01 1.813240e+00 -9.743886e-01
 1.067037e-01 1.730515e+00 -9.428539e-01
 -1.757626e-01 1.566936e+00 -8.366424e-01
 -3.757410e-01 1.332145e+00 -6.748100e-01
 -4.708979e-01 1.036835e+00 -4.780282e-01
 -3.846087e-01 1.911498e-01 7.433433e-02
 -3.802836e-01 3.864473e-02 2.394905e-01
 -3.803213e-01 -5.434877e-02 4.091957e-01
 -4.229392e-01 -1.581474e-01 7.613812e-01
 -4.759730e-01 -4.669070e-01 1.347828e+00
 -4.786391e-01 -7.382903e-01 1.591990e+00
 -4.458809e-01 -1.077562e+00 1.730045e+00
 -3.816999e-01 -1.439652e+00 1.742417e+00
 -2.850845e-01 -1.806128e+00 1.617369e+00
 -1.849312e-01 -2.067179e+00 1.396163e+00
 -8.637473e-02 -2.222442e+00 1.098220e+00
 -5.774354e-03 -2.257208e+00 7.491147e-01
 3.886356e-02 -2.156719e+00 3.619880e-01
 4.017473e-02 -1.933773e+00 4.375501e-02
 3.652521e-03 -1.489151e+00 -2.523918e-01
 3.455640e-02 -1.292073e+00 -5.274164e-01
 4.385629e-02 -1.180304e+00 -1.069032e+00
 1.000297e-01 -9.946598e-01 -1.401240e+00
 1.848571e-01 -7.405865e-01 -1.619187e+00
 2.867818e-01 -4.333372e-01 -1.726491e+00
 3.795544e-01 -8.689825e-02 -1.709282e+00
 4.406959e-01 2.411516e-01 -1.569760e+00
 4.807929e-01 5.218922e-01 -1.308832e+00
 4.988391e-01 7.972355e-01 -7.676659e-01
 5.549165e-01 9.497698e-01 -4.292836e-01
 5.139245e-01 1.099706e+00 -2.311353e-01
 4.379560e-01 1.432338e+00 -8.028551e-03
 3.977911e-01 1.651409e+00 3.140374e-01
 3.775533e-01 1.741705e+00 7.336125e-01
 3.978605e-01 1.684042e+00 1.088586e+00
 4.321881e-01 1.474077e+00 1.415395e+00
 4.576218e-01 1.118925e+00 1.655227e+00
 4.900890e-01 7.470243e-01 1.736448e+00
 5.222360e-01 3.736441e-01 1.675131e+00
 5.503863e-01 5.036265e-02 1.482294e+00
 5.714940e-01 -1.792627e-01 1.186773e+00
 5.681506e-01 -3.594333e-01 5.931756e-01
 5.727002e-01 -5.295303e-01 3.310547e-01
 6.357938e-01 -6.842390e-01 2.027144e-01
 9.774509e-01 -1.210332e+00 -8.104575e-02
 1.031284e+00 -1.537712e+00 -3.474789e-01
 9.038555e-01 -1.847979e+00 -6.241439e-01
 6.052008e-01 -2.095019e+00 -8.541085e-01
 2.127143e-01 -2.227530e+00 -9.669554e-01
 -2.034137e-01 -2.216790e+00 -9.642156e-01
 -6.132044e-01 -2.033433e+00 -8.729335e-01
 -8.831223e-01 -1.740764e+00 -7.207654e-01
 -9.934560e-01 -1.397232e+00 -5.135899e-01
 -9.326760e-01 -9.979642e-01 -1.622643e-01
 -1.000424e+00 -7.861228e-01 6.947315e-02
 -1.169168e+00 -6.797462e-01 2.951046e-01
 -1.398425e+00 -5.959592e-01 8.209127e-01
 -1.565824e+00 -3.813028e-01 1.132024e+00
 -1.734833e+00 -5.250037e-02 1.320017e+00
 -1.879960e+00 3.338617e-01 1.352283e+00
 -1.980171e+00 7.131829e-01 1.223804e+00
 -2.012476e+00 1.026103e+00 9.586338e-01
 -1.962289e+00 1.224761e+00 6.041554e-01
 -1.842600e+00 1.278712e+00 2.167283e-01
 -1.678294e+00 1.177874e+00 -1.443086e-01
 -1.509784e+00 9.422335e-01 -4.170722e-01
 -1.392836e+00 5.969783e-01 -5.846016e-01
 -1.319512e+00 2.833674e-01 -5.959531e-01
 -1.391656e+00 -5.878290e-02 -5.705790e-01
 -1.662312e+00 -4.073936e-01 -5.932856e-01
 -1.845504e+00 -6.392143e-01 -4.959066e-01
 -1.960844e+00 -9.804232e-01 -2.787073e-01
 -1.929782e+00 -1.273692e+00 -2.776108e-02
 -1.761175e+00 -1.503710e+00 2.155767e-01
 -1.480021e+00 -1.645355e+00 4.219188e-01
 -1.126329e+00 -1.660843e+00 5.983336e-01
 -7.849596e-01 -1.547662e+00 7.144111e-01
 -3.996612e-01 -1.304227e+00 7.308947e-01
 -2.206646e-01 -1.250017e+00 7.522850e-01
 -1.730030e-02 -1.233906e+00 8.083187e-01
 4.152489e-01 -1.301351e+00 9.911135e-01
 8.492162e-01 -1.245729e+00 1.045953e+00
 1.193896e+00 -1.076737e+00 9.981186e-01
 1.445806e+00 -8.210696e-01 8.517197e-01
 1.578891e+00 -5.167395e-01 6.015041e-01
 1.558071e+00 -2.393995e-01 3.259521e-01
 1.327806e+00 8.018175e-02 -1.130159e-01
 1.312114e+00 2.601384e-01 -4.241144e-01
 1.387562e+00 3.475966e-01 -6.516113e-01
 1.538497e+00 4.961295e-01 -8.621832e-01
 1.754273e+00 6.801944e-01 -9.994794e-01
 1.993331e+00 9.243006e-01 -1.040997e+00
 2.202704e+00 1.169562e+00 -9.734186e-01
 2.355883e+00 1.421636e+00 -8.104601e-01
 2.423831e+00 1.654042e+00 -5.766590e-01
