 9.677808e-01 -6.742704e-02 -8.720697e-01
 8.214557e-01 -6.537511e-02 -1.007775e+00
 6.582778e-01 -8.678708e-02 -1.278838e+00
 4.501883e-01 -1.652064e-01 -1.807277e+00
 2.068046e-01 -3.035912e-01 -2.089733e+00
 -1.010184e-01 -4.968772e-01 -2.245484e+00
 -4.299895e-01 -7.167386e-01 -2.254251e+00
 -7.234073e-01 -9.252190e-01 -2.127069e+00
 -9.363814e-01 -1.089378e+00 -1.892298e+00
 -1.059772e+00 -1.195665e+00 -1.575956e+00
 -1.079531e+00 -1.238560e+00 -1.184765e+00
 -9.964009e-01 -1.209444e+00 -8.431046e-01
 -8.303941e-01 -1.115005e+00 -5.569724e-01
 -3.957156e-01 -7.677619e-01 -1.287334e-01
 -1.397194e-01 -7.672035e-01 3.291877e-01
 -9.835046e-02 -1.094448e+00 1.371544e+00
 -2.090203e-01 -1.070417e+00 1.813735e+00
 -3.880230e-01 -8.624797e-01 2.188016e+00
 -6.143600e-01 -4.886820e-01 2.428531e+00
 -8.059843e-01 -8.809231e-02 2.452812e+00
 -9.412662e-01 2.911193e-01 2.278601e+00
 -1.010786e+00 6.174093e-01 1.900645e+00
 -9.787731e-01 7.560431e-01 1.456893e+00
 -8.641288e-01 7.051124e-01 1.030927e+00
 -2.156272e-01 2.459068e-01 1.498150e-01
 -6.405775e-02 1.800602e-01 -2.978422e-01
 -7.283252e-02 2.547094e-01 -6.431172e-01
 -1.123790e-01 5.207236e-01 -9.911790e-01
 -1.092065e-01 9.499168e-01 -1.199912e+00
 -4.340061e-02 1.396558e+00 -1.203692e+00
 1.299751e-01 1.796585e+00 -1.025829e+00
 3.723045e-01 2.051074e+00 -6.932184e-01
 6.012083e-01 2.104348e+00 -2.958994e-01
 7.757949e-01 1.958783e+00 1.027805e-01
 9.558949e-01 1.401168e+00 6.536147e-01
 1.110100e+00 1.288527e+00 8.874728e-01
 1.174556e+00 1.240862e+00 1.126492e+00
 1.144285e+00 1.154677e+00 1.455781e+00
 1.037621e+00 1.051954e+00 1.708356e+00
 8.657785e-01 9.069097e-01 1.905946e+00
 6.621221e-01 7.294581e-01 2.025909e+00
 4.412539e-01 5.334980e-01 2.059297e+00
 2.085311e-01 3.280751e-01 1.999538e+00
 1.451969e-02 1.525937e-01 1.865684e+00
 -1.580804e-01 2.616771e-02 1.665227e+00
 -3.243580e-01 -6.641331e-02 1.530662e+00
 -4.683518e-01 -1.395769e-01 1.459508e+00
 -6.088749e-01 -2.036076e-01 1.427668e+00
 -7.653742e-01 -2.726228e-01 1.428954e+00
 -1.218525e+00 -4.342134e-01 1.530836e+00
 -1.660029e+00 -5.462899e-01 1.420673e+00
 -2.006759e+00 -6.411978e-01 1.121989e+00
 -2.180874e+00 -7.036809e-01 7.056626e-01
 -2.159054e+00 -7.096736e-01 2.561355e-01
 -1.945231e+00 -6.359284e-01 -1.633464e-01
 -1.629389e+00 -4.653552e-01 -4.260039e-01
 -1.346552e+00 -2.480399e-01 -4.905863e-01
 -1.120478e+00 7.147738e-03 -4.547154e-01
 -1.036246e+00 4.888668e-01 -4.376239e-01
 -9.634014e-01 6.888851e-01 -4.007338e-01
 -8.298078e-01 8.950747e-01 -3.589814e-01
 -6.606852e-01 1.051253e+00 -3.110763e-01
 -4.527180e-01 1.159561e+00 -2.491704e-01
 -1.933244e-01 1.210926e+00 -2.059238e-01
 3.498543e-02 1.195187e+00 -1.971272e-01
 2.507384e-01 1.136874e+00 -2.346309e-01
 4.573380e-01 1.079808e+00 -3.377022e-01
 6.433173e-01 1.066693e+00 -5.133142e-01
 1.168247e+00 8.800020e-01 -1.159324e+00
 1.311177e+00 7.590359e-01 -1.343677e+00
 1.429816e+00 5.775069e-01 -1.503533e+00
 1.528659e+00 3.216421e-01 -1.633813e+00
 1.573741e+00 3.981551e-02 -1.703476e+00
 1.561958e+00 -2.523178e-01 -1.708815e+00
 1.494915e+00 -5.292015e-01 -1.646755e+00
 1.368051e+00 -7.736696e-01 -1.521184e+00
 1.197628e+00 -9.614971e-01 -1.327448e+00
 1.018508e+00 -1.063149e+00 -1.086666e+00
 7.901593e-01 -1.069905e+00 -7.966607e-01
 6.101583e-01 -1.120621e+00 -6.271611e-01
 4.530092e-01 -1.234642e+00 -5.007081e-01
 2.641615e-01 -1.523144e+00 -3.144398e-01
 1.044644e-01 -1.662954e+00 -1.813530e-01
 -8.057428e-02 -1.748910e+00 -3.394613e-02
 -2.753103e-01 -1.774654e+00 1.182674e-01
 -4.782240e-01 -1.741118e+00 2.578929e-01
 -6.815188e-01 -1.658109e+00 3.616272e-01
 -8.526194e-01 -1.532683e+00 4.354755e-01
 -9.900173e-01 -1.361984e+00 4.932934e-01
 -1.115717e+00 -1.092928e+00 5.387337e-01
 -1.168829e+00 -8.446020e-01 5.477368e-01
 -1.173582e+00 -5.358690e-01 5.085250e-01
 -1.202366e+00 -3.953914e-01 5.020745e-01
 -1.286534e+00 -2.200610e-01 5.217207e-01
 -1.355145e+00 -1.227978e-01 5.231728e-01
 -1.478233e+00 2.403909e-02 4.941312e-01
 -1.638236e+00 1.723442e-01 4.031637e-01
 -1.827513e+00 3.086009e-01 2.280788e-01
 -1.961039e+00 3.956440e-01 1.760857e-02
 -2.038497e+00 4.512075e-01 -2.144942e-01
 -2.061867e+00 4.724174e-01 -4.581634e-01
 -2.028723e+00 4.645439e-01 -7.064420e-01
 -1.935929e+00 4.384493e-01 -9.406999e-01
 -1.793054e+00 3.864399e-01 -1.143259e+00
 -1.612351e+00 3.048336e-01 -1.304458e+00
 -1.409480e+00 1.960355e-01 -1.413403e+00
 -1.195876e+00 6.919168e-02 -1.463648e+00
 -9.826866e-01 -6.607713e-02 -1.452608e+00
 -5.651539e-01 -3.476447e-01 -1.304006e+00
 -3.764896e-01 -4.973152e-01 -1.254641e+00
 -2.368532e-01 -6.686954e-01 -1.247234e+00
 -1.373195e-01 -8.530127e-01 -1.282564e+00
 -1.429881e-02 -1.260351e+00 -1.423923e+00
 1.734580e-01 -1.623091e+00 -1.408964e+00
 4.518570e-01 -1.920675e+00 -1.267375e+00
 7.439664e-01 -2.067185e+00 -1.050908e+00
 1.014626e+00 -2.067610e+00 -7.743543e-01
 1.210216e+00 -1.938263e+00 -4.521378e-01
 1.296419e+00 -1.686109e+00 -1.198358e-01
 1.266303e+00 -1.366020e+00 1.185370e-01
 1.133005e+00 -1.030536e+00 2.431127e-01
 8.323629e-01 -4.073541e-01 2.059439e-01
 8.384258e-01 8.986204e-02 1.372066e-01
 9.976198e-01 3.435080e-01 1.226118e-01
 1.622117e+00 8.768079e-01 8.470704e-02
 1.818293e+00 1.182264e+00 1.451234e-01
 1.911129e+00 1.511839e+00 2.855134e-01
 1.888854e+00 1.820739e+00 4.920803e-01
 1.752716e+00 2.066346e+00 7.370692e-01
 1.513702e+00 2.220940e+00 9.732765e-01
 1.195398e+00 2.269564e+00 1.166068e+00
 8.446128e-01 2.191714e+00 1.303907e+00
 5.199020e-01 1.990333e+00 1.369540e+00
 2.723284e-01 1.690173e+00 1.357348e+00
 1.489302e-01 1.337939e+00 1.276755e+00
 1.717110e-01 9.607137e-01 1.160836e+00
 3.279178e-01 6.744435e-01 1.054340e+00
 4.959094e-01 4.892593e-01 1.027525e+00
 7.163542e-01 2.968714e-01 1.111908e+00
 9.335437e-01 2.081604e-01 1.145555e+00
 1.249039e+00 7.649886e-02 1.078745e+00
 1.543170e+00 -5.542336e-02 8.905148e-01
 1.747372e+00 -1.668071e-01 6.229244e-01
 1.853473e+00 -2.186900e-01 3.387334e-01
 1.861635e+00 -2.438824e-01 6.956368e-02
 1.774177e+00 -2.541731e-01 -2.118349e-01
 1.582809e+00 -2.075759e-01 -5.115989e-01
 1.339836e+00 -1.345839e-01 -7.183779e-01
