 2.233419e+00 -3.221436e-01 -3.075799e-01
 2.072562e+00 9.379641e-02 -4.575648e-02
 1.785306e+00 2.924375e-01 2.068927e-01
 1.516611e+00 2.786904e-01 5.087184e-01
 1.395104e+00 2.726552e-01 1.075268e+00
 1.219225e+00 2.504021e-01 1.351105e+00
 1.022964e+00 2.118761e-01 1.523407e+00
 8.266001e-01 1.822764e-01 1.622459e+00
 6.096877e-01 1.661253e-01 1.673311e+00
 3.692231e-01 1.720575e-01 1.677957e+00
 1.025139e-01 2.148613e-01 1.623967e+00
 -1.532420e-01 3.006809e-01 1.496204e+00
 -3.386810e-01 3.891712e-01 1.312361e+00
 -5.812080e-01 4.373659e-01 9.082985e-01
 -7.951956e-01 3.940560e-01 5.729466e-01
 -8.987383e-01 4.076909e-01 4.520810e-01
 -1.006398e+00 4.377087e-01 3.621947e-01
 -1.409680e+00 5.446403e-01 9.535428e-02
 -1.699395e+00 4.948784e-01 -4.571297e-01
 -1.668318e+00 4.019204e-01 -9.661797e-01
 -1.406742e+00 2.530712e-01 -1.330646e+00
 -1.013970e+00 -6.322402e-02 -1.510362e+00
 -8.151083e-01 -3.334541e-01 -1.461798e+00
 -7.177870e-01 -5.598702e-01 -1.423813e+00
 -6.851607e-01 -8.168556e-01 -1.356234e+00
 -7.882400e-01 -1.883955e+00 -9.378505e-01
 -8.567885e-01 -2.158356e+00 -6.834414e-01
 -9.287965e-01 -2.310438e+00 -3.876797e-01
 -1.010064e+00 -2.358740e+00 -7.287686e-02
 -1.097880e+00 -2.309419e+00 2.203228e-01
 -1.160648e+00 -2.170186e+00 4.868110e-01
 -1.193033e+00 -1.961163e+00 6.944242e-01
 -1.211172e+00 -1.694696e+00 8.279924e-01
 -1.232662e+00 -1.389126e+00 8.800326e-01
 -1.255370e+00 -1.166910e+00 8.468508e-01
 -1.346371e+00 -9.414637e-01 7.801842e-01
 -1.458247e+00 -6.335747e-01 8.171679e-01
 -1.627266e+00 2.190023e-01 1.142797e+00
 -1.588947e+00 6.156138e-01 1.182201e+00
 -1.460119e+00 9.709241e-01 1.105660e+00
 -1.255208e+00 1.236647e+00 9.428338e-01
 -9.983988e-01 1.386145e+00 7.264119e-01
 -7.176810e-01 1.407994e+00 4.961886e-01
 -2.674687e-01 1.235714e+00 1.104493e-01
 -7.288191e-02 1.208407e+00 -1.249079e-01
 2.885789e-02 1.231738e+00 -2.917976e-01
 1.288737e-01 1.355848e+00 -5.986588e-01
 2.260971e-01 1.365862e+00 -8.826416e-01
 3.541528e-01 1.305748e+00 -1.127416e+00
 5.106012e-01 1.193492e+00 -1.328323e+00
 6.535507e-01 1.073390e+00 -1.453029e+00
 8.104460e-01 9.267587e-01 -1.531185e+00
 9.662954e-01 7.588310e-01 -1.553786e+00
 1.130932e+00 5.111043e-01 -1.514161e+00
 1.256287e+00 2.339158e-01 -1.386247e+00
 1.325837e+00 -3.409118e-02 -1.165011e+00
 1.307754e+00 -2.609151e-01 -8.397190e-01
 1.218078e+00 -3.421136e-01 -4.951863e-01
 1.197954e+00 -3.951564e-01 -2.847386e-01
 1.211954e+00 -4.692529e-01 -1.435919e-01
 1.279899e+00 -5.923610e-01 3.556708e-02
 1.428583e+00 -6.974235e-01 2.303562e-01
 1.652174e+00 -7.278587e-01 4.508213e-01
 1.892769e+00 -6.594685e-01 6.376981e-01
 2.107351e+00 -5.089877e-01 7.861335e-01
 2.280297e+00 -3.025593e-01 8.866441e-01
 2.396026e+00 -6.153659e-02 9.461363e-01
 2.447700e+00 2.184323e-01 9.789171e-01
 2.421677e+00 5.174856e-01 9.741333e-01
 2.306359e+00 8.150316e-01 9.225907e-01
 2.089928e+00 1.077796e+00 8.205261e-01
 1.771443e+00 1.259860e+00 6.608558e-01
 1.364504e+00 1.294901e+00 4.392146e-01
 1.173081e+00 1.341309e+00 3.612811e-01
 9.992491e-01 1.441111e+00 2.947145e-01
 8.518948e-01 1.572507e+00 2.475324e-01
 5.703901e-01 1.943495e+00 1.909130e-01
 2.966137e-01 2.134255e+00 9.459323e-02
 -1.285634e-02 2.224649e+00 -5.176854e-02
 -3.054668e-01 2.203449e+00 -2.168101e-01
 -5.528836e-01 2.082735e+00 -3.810587e-01
 -7.354924e-01 1.889094e+00 -5.175454e-01
 -8.563369e-01 1.636490e+00 -6.216682e-01
 -8.984126e-01 1.342163e+00 -7.048439e-01
 -8.524834e-01 1.039781e+00 -7.588026e-01
 -7.630057e-01 8.382116e-01 -7.657948e-01
 -6.958359e-01 6.669536e-01 -7.149907e-01
 -6.588487e-01 3.368344e-01 -6.093270e-01
 -7.090448e-01 7.971642e-02 -5.445618e-01
 -7.724893e-01 -4.154391e-02 -5.019931e-01
 -9.221400e-01 -2.036500e-01 -4.626782e-01
 -1.207588e+00 -4.171278e-01 -5.237929e-01
 -1.457704e+00 -5.780556e-01 -7.132207e-01
 -1.587837e+00 -6.838402e-01 -9.020974e-01
 -1.685764e+00 -7.749191e-01 -1.174693e+00
 -1.698219e+00 -8.400611e-01 -1.466906e+00
 -1.633690e+00 -8.554819e-01 -1.765999e+00
 -1.493383e+00 -8.223797e-01 -2.039166e+00
 -1.284592e+00 -7.406718e-01 -2.264333e+00
 -1.018683e+00 -6.095135e-01 -2.417279e+00
 -7.067148e-01 -4.365833e-01 -2.468058e+00
 -3.793427e-01 -2.414197e-01 -2.380119e+00
 -9.396018e-02 -5.871691e-02 -2.133126e+00
 8.115974e-02 7.004628e-02 -1.751733e+00
 2.324631e-01 1.932215e-01 -1.146453e+00
 3.251214e-01 2.612540e-01 -9.380072e-01
 5.177850e-01 4.005336e-01 -6.940649e-01
 7.388667e-01 5.475658e-01 -5.594792e-01
 1.012083e+00 7.824352e-01 -5.370226e-01
 1.368561e+00 1.260429e+00 -6.567907e-01
 1.574352e+00 1.724075e+00 -5.221352e-01
 1.659670e+00 2.111352e+00 -1.507314e-01
 1.578281e+00 2.308491e+00 3.771789e-01
 1.369019e+00 2.249620e+00 8.505994e-01
 1.055309e+00 1.940333e+00 1.204247e+00
 7.592112e-01 1.519538e+00 1.299461e+00
 5.398931e-01 1.099107e+00 1.150038e+00
 4.668265e-01 5.963524e-01 7.291976e-01
 4.507984e-01 1.394380e-01 6.539475e-01
 5.873780e-01 -3.028417e-01 7.497212e-01
 6.045180e-01 -4.882981e-01 7.804072e-01
 5.996919e-01 -6.097642e-01 7.907317e-01
 5.862148e-01 -7.339316e-01 7.778739e-01
 5.426004e-01 -8.974702e-01 7.487739e-01
 4.579160e-01 -1.074243e+00 7.084540e-01
 3.205723e-01 -1.249481e+00 6.585290e-01
 1.397050e-01 -1.389178e+00 5.812270e-01
 -8.758907e-02 -1.492561e+00 4.448455e-01
 -2.946804e-01 -1.528767e+00 2.879874e-01
 -4.916752e-01 -1.495237e+00 1.229830e-01
 -7.273726e-01 -1.381665e+00 -1.077463e-02
 -1.018865e+00 -1.323404e+00 -1.175260e-01
 -1.275413e+00 -1.383665e+00 -1.456077e-01
 -1.610557e+00 -1.425880e+00 -7.908995e-02
 -1.919839e+00 -1.469826e+00 1.184661e-01
 -2.153511e+00 -1.469952e+00 4.370635e-01
 -2.256602e+00 -1.414073e+00 8.278517e-01
 -2.204202e+00 -1.297412e+00 1.223997e+00
 -2.000088e+00 -1.144632e+00 1.552381e+00
 -1.684051e+00 -9.884379e-01 1.757986e+00
 -1.321832e+00 -8.469939e-01 1.812648e+00
 -9.730056e-01 -7.194481e-01 1.719359e+00
 -6.671498e-01 -6.269773e-01 1.489401e+00
 -4.604675e-01 -6.022950e-01 1.164586e+00
 -3.451993e-01 -4.931303e-01 3.388669e-01
 -1.174523e-02 -5.817963e-01 -6.746281e-02
 5.383393e-01 -1.141307e+00 -5.041005e-01
 8.861976e-01 -1.321385e+00 -6.166138e-01
 1.384519e+00 -1.344593e+00 -6.721928e-01
 1.855045e+00 -1.148166e+00 -6.178554e-01
 2.160564e+00 -7.774757e-01 -4.902697e-01
