 1.580309e+00 -4.266348e-01 -1.117074e+00
 1.410746e+00 -5.673809e-01 -1.224189e+00
 1.292137e+00 -7.139660e-01 -1.344717e+00
 1.109822e+00 -8.299330e-01 -1.608934e+00
 9.039596e-01 -8.367912e-01 -1.842262e+00
 5.836396e-01 -7.403834e-01 -2.042096e+00
 2.454910e-01 -5.523806e-01 -2.125181e+00
 -4.211758e-02 -3.126985e-01 -2.083582e+00
 -2.606985e-01 -5.539984e-02 -1.923143e+00
 -4.746797e-01 4.690528e-01 -1.443580e+00
 -6.544635e-01 8.217635e-01 -1.335416e+00
 -6.323285e-01 1.333291e+00 -1.311649e+00
 -3.593235e-01 1.753450e+00 -1.213727e+00
 6.838966e-02 1.971314e+00 -1.027090e+00
 5.726685e-01 1.922023e+00 -7.595933e-01
 9.582484e-01 1.626846e+00 -5.622253e-01
 1.167200e+00 1.158394e+00 -4.603126e-01
 1.117465e+00 3.535687e-01 -4.493012e-01
 9.621842e-01 -1.655185e-01 -3.405874e-01
 9.530797e-01 -5.110305e-01 -3.065964e-01
 1.171099e+00 -9.083024e-01 -2.809582e-01
 1.495633e+00 -1.233512e+00 -4.451175e-01
 1.839343e+00 -1.376415e+00 -7.530341e-01
 2.111099e+00 -1.322597e+00 -1.151169e+00
 2.225732e+00 -1.102678e+00 -1.568919e+00
 2.158369e+00 -7.667394e-01 -1.909892e+00
 1.927803e+00 -3.862454e-01 -2.098382e+00
 1.580544e+00 -4.484866e-02 -2.095358e+00
 1.187372e+00 1.610753e-01 -1.913311e+00
 8.083564e-01 1.706791e-01 -1.617123e+00
 5.560186e-01 -3.377194e-03 -1.291107e+00
 3.821484e-01 -2.767783e-01 -1.148942e+00
 2.883047e-01 -5.396160e-01 -1.076019e+00
 2.074046e-01 -1.121089e+00 -1.044513e+00
 1.280267e-01 -1.414781e+00 -9.335829e-01
 1.176037e-02 -1.650062e+00 -7.468546e-01
 -1.307164e-01 -1.803941e+00 -5.064890e-01
 -2.860021e-01 -1.863413e+00 -2.400594e-01
 -4.462523e-01 -1.822923e+00 6.697836e-02
 -5.503690e-01 -1.688014e+00 3.355844e-01
 -6.024095e-01 -1.505134e+00 5.192173e-01
 -6.570210e-01 -1.252232e+00 6.442775e-01
 -8.036176e-01 -9.360190e-01 6.924196e-01
 -1.398228e+00 -4.454332e-01 8.305500e-01
 -1.580931e+00 -1.158541e-01 9.677783e-01
 -1.609818e+00 2.502991e-01 1.133764e+00
 -1.480540e+00 5.902698e-01 1.303353e+00
 -1.210278e+00 8.456935e-01 1.489268e+00
 -9.658650e-01 9.193075e-01 1.615856e+00
 -7.542128e-01 9.064456e-01 1.812094e+00
 -5.211998e-01 9.940425e-01 2.074402e+00
 -4.220561e-02 1.251553e+00 2.203580e+00
 4.799556e-01 1.445172e+00 2.019885e+00
 8.772769e-01 1.454584e+00 1.592257e+00
 1.026901e+00 1.273942e+00 1.056472e+00
 8.754106e-01 9.724682e-01 5.764788e-01
 1.257984e-01 2.630450e-01 7.238934e-02
 -8.651416e-02 1.495754e-01 -1.118939e-01
 -5.032702e-01 1.446008e-01 -3.711248e-01
 -1.115730e+00 2.822846e-02 -7.694323e-01
 -1.374058e+00 5.422067e-02 -1.152123e+00
 -1.460679e+00 1.826748e-01 -1.584503e+00
 -1.365210e+00 3.915123e-01 -1.977627e+00
 -1.115416e+00 6.422921e-01 -2.253108e+00
 -7.600533e-01 8.734913e-01 -2.368060e+00
 -3.576346e-01 1.029682e+00 -2.314924e+00
 1.479685e-02 1.098125e+00 -2.102413e+00
 2.737268e-01 1.086740e+00 -1.777081e+00
 3.799145e-01 1.045671e+00 -1.373287e+00
 3.354229e-01 9.535052e-01 -1.059531e+00
 1.897048e-01 9.407922e-01 -7.667013e-01
 -1.046223e-01 1.127666e+00 -4.139962e-01
 -2.534580e-01 1.155466e+00 -2.495658e-01
 -3.994340e-01 1.129091e+00 -3.486639e-02
 -5.215974e-01 1.035911e+00 1.804437e-01
 -6.215581e-01 8.802886e-01 3.716693e-01
 -6.757845e-01 6.875871e-01 5.286862e-01
 -6.422879e-01 3.222919e-01 7.925350e-01
 -6.072462e-01 2.012634e-01 9.288339e-01
 -5.873686e-01 8.587745e-02 1.185391e+00
 -6.949712e-01 -6.922073e-02 1.502743e+00
 -9.287970e-01 -1.037546e-01 1.840934e+00
 -1.193540e+00 4.620856e-02 2.154251e+00
 -1.411744e+00 3.570100e-01 2.378179e+00
 -1.518474e+00 7.758431e-01 2.488553e+00
 -1.493380e+00 1.222282e+00 2.458392e+00
 -1.342723e+00 1.610838e+00 2.288890e+00
 -1.095180e+00 1.864883e+00 2.011993e+00
 -7.837746e-01 1.934859e+00 1.695778e+00
 -4.698639e-01 1.807265e+00 1.399406e+00
 -1.993021e-01 1.505239e+00 1.190190e+00
 -1.784049e-02 1.131992e+00 1.144313e+00
 8.191885e-02 8.573465e-01 1.243537e+00
 7.130795e-01 2.233207e-02 1.773971e+00
 9.756492e-01 -5.529263e-01 1.726406e+00
 1.034670e+00 -1.036599e+00 1.407200e+00
 8.691592e-01 -1.319462e+00 9.170878e-01
 5.161105e-01 -1.300243e+00 3.871557e-01
 -3.739479e-02 -8.503690e-01 -7.821055e-02
 -4.605813e-01 -8.533144e-01 -2.829318e-01
 -8.487613e-01 -9.689576e-01 -3.409590e-01
 -1.231215e+00 -1.160799e+00 -2.237553e-01
 -1.513149e+00 -1.360465e+00 6.318575e-02
 -1.635464e+00 -1.522454e+00 4.553965e-01
 -1.599964e+00 -1.592644e+00 8.698474e-01
 -1.434176e+00 -1.559431e+00 1.245204e+00
 -1.151434e+00 -1.457438e+00 1.524709e+00
 -8.027287e-01 -1.303713e+00 1.664333e+00
 -4.445555e-01 -1.121817e+00 1.646973e+00
 -1.569414e-01 -9.528914e-01 1.492520e+00
 2.379592e-01 -4.790815e-01 9.783770e-01
 3.499738e-01 -3.934739e-01 8.872358e-01
 4.885287e-01 -3.428979e-01 8.141999e-01
 7.369544e-01 -2.928704e-01 7.415338e-01
 1.374293e+00 -2.575742e-01 6.089766e-01
 1.734115e+00 -2.534272e-01 3.408396e-01
 1.952115e+00 -2.622622e-01 -6.539290e-02
 1.981361e+00 -2.972902e-01 -4.870966e-01
 1.852007e+00 -3.334329e-01 -8.358054e-01
