 -5.898124e-01 1.807722e+00 -1.793875e+00
 -5.923360e-01 1.936060e+00 -1.405578e+00
 -5.694867e-01 1.904084e+00 -9.981469e-01
 -5.283229e-01 1.714889e+00 -6.350048e-01
 -4.898044e-01 1.396781e+00 -3.796382e-01
 -4.926768e-01 1.072861e+00 -2.910005e-01
 -5.168530e-01 8.477178e-01 -2.882763e-01
 -5.775792e-01 7.068747e-01 -2.945141e-01
 -8.139106e-01 4.328495e-01 -3.148754e-01
 -1.512742e+00 -5.144604e-02 -4.998343e-01
 -1.732913e+00 -4.539160e-01 -5.974878e-01
 -1.752591e+00 -9.309170e-01 -6.671398e-01
 -1.567569e+00 -1.357985e+00 -6.787874e-01
 -1.204740e+00 -1.650663e+00 -6.501512e-01
 -8.152585e-01 -1.735821e+00 -6.586968e-01
 -5.755324e-01 -1.721708e+00 -7.543687e-01
 -3.604774e-01 -1.767970e+00 -8.770741e-01
 -3.660287e-02 -1.897102e+00 -9.209043e-01
 3.721332e-01 -1.984247e+00 -8.011074e-01
 6.866252e-01 -1.956630e+00 -5.824073e-01
 9.377264e-01 -1.785701e+00 -3.031817e-01
 1.060427e+00 -1.506572e+00 -1.020495e-02
 1.030546e+00 -1.207962e+00 2.337109e-01
 6.120931e-01 -5.346271e-01 7.448978e-01
 4.810312e-01 -3.785831e-01 1.134531e+00
 3.547427e-01 -4.164536e-01 1.446084e+00
 7.417374e-02 -5.257999e-01 1.727401e+00
 -2.727824e-01 -7.295844e-01 1.875956e+00
 -6.268347e-01 -9.437385e-01 1.845696e+00
 -9.461802e-01 -1.103452e+00 1.658646e+00
 -1.187536e+00 -1.173868e+00 1.376068e+00
 -1.321349e+00 -1.185400e+00 1.019189e+00
 -1.330739e+00 -1.136905e+00 6.472923e-01
 -1.218687e+00 -1.037860e+00 3.073485e-01
 -8.476785e-01 -8.135717e-01 -1.450515e-01
 -7.243630e-01 -7.197481e-01 -5.562833e-01
 -7.829347e-01 -7.451254e-01 -9.951413e-01
 -8.790078e-01 -9.658504e-01 -1.374637e+00
 -9.816722e-01 -1.332965e+00 -1.613543e+00
 -1.025001e+00 -1.784524e+00 -1.677106e+00
 -9.959777e-01 -2.219385e+00 -1.554695e+00
 -8.898151e-01 -2.554571e+00 -1.280351e+00
 -7.237139e-01 -2.731551e+00 -9.117791e-01
 -5.349034e-01 -2.721641e+00 -5.153806e-01
 -3.476569e-01 -2.528418e+00 -1.635829e-01
 -1.870428e-01 -2.193949e+00 6.547919e-02
 -5.505053e-02 -1.787765e+00 1.246753e-01
 2.317470e-02 -1.457646e+00 1.835087e-02
 7.861745e-02 -1.227977e+00 -1.409852e-01
 2.049523e-01 -1.054898e+00 -3.786151e-01
 4.539160e-01 -9.478055e-01 -7.138866e-01
 6.602299e-01 -7.749962e-01 -9.215350e-01
 8.245460e-01 -4.883648e-01 -1.096094e+00
 9.083927e-01 -1.728585e-01 -1.176742e+00
 9.069355e-01 1.040949e-01 -1.177748e+00
 8.508644e-01 3.816969e-01 -1.084648e+00
 8.335184e-01 6.180051e-01 -8.780207e-01
 9.393259e-01 8.594814e-01 -6.616660e-01
 1.268048e+00 1.158406e+00 -2.829172e-01
 1.372385e+00 1.320600e+00 5.511127e-02
 1.334565e+00 1.461060e+00 4.374565e-01
 1.156436e+00 1.519098e+00 8.004263e-01
 8.587095e-01 1.489773e+00 1.072294e+00
 5.071186e-01 1.435167e+00 1.179096e+00
 2.817277e-01 1.463045e+00 1.180718e+00
 2.926472e-02 1.533812e+00 1.239635e+00
 -3.219949e-01 1.499819e+00 1.428568e+00
 -6.699414e-01 1.253076e+00 1.630554e+00
 -8.969971e-01 8.751595e-01 1.713282e+00
 -1.008738e+00 4.174589e-01 1.621961e+00
 -9.569721e-01 -1.504751e-02 1.369735e+00
 -6.769516e-01 -3.694315e-01 9.881717e-01
 -4.626127e-01 -6.374601e-01 8.628631e-01
 -3.227429e-01 -9.655571e-01 8.559344e-01
 -1.414571e-01 -1.202071e+00 9.750706e-01
 1.474143e-01 -1.376381e+00 1.128815e+00
 4.922961e-01 -1.418878e+00 1.305352e+00
 8.414265e-01 -1.314797e+00 1.424135e+00
 1.183826e+00 -1.060090e+00 1.458017e+00
 1.405494e+00 -7.545333e-01 1.400834e+00
 1.504147e+00 -4.028558e-01 1.283506e+00
 1.466033e+00 -5.985202e-02 1.123484e+00
 1.302404e+00 2.237399e-01 9.449908e-01
 6.361782e-01 7.067835e-01 4.488925e-01
 4.576443e-01 9.214648e-01 3.035283e-01
 3.689068e-01 1.159581e+00 2.113431e-01
 3.411259e-01 1.551439e+00 1.563201e-01
 3.607406e-01 2.004126e+00 3.103785e-01
 4.232231e-01 2.337575e+00 6.544517e-01
 4.779965e-01 2.473752e+00 1.120937e+00
 5.127302e-01 2.382662e+00 1.594554e+00
 5.019182e-01 2.094642e+00 1.971899e+00
 4.409060e-01 1.680262e+00 2.179216e+00
 3.528142e-01 1.226318e+00 2.180605e+00
 2.479451e-01 8.283803e-01 1.985408e+00
 1.124356e-01 5.663607e-01 1.648088e+00
 -2.594570e-02 5.051881e-01 1.301955e+00
 -1.546750e-01 5.531490e-01 1.046830e+00
 -2.985856e-01 6.248797e-01 8.906682e-01
 -5.020874e-01 7.108369e-01 7.698448e-01
 -1.107929e+00 9.881305e-01 5.746757e-01
 -1.478291e+00 1.173099e+00 5.413951e-02
 -1.503056e+00 1.183056e+00 -5.901163e-01
 -1.186989e+00 1.047697e+00 -1.094266e+00
 -6.966915e-01 8.927805e-01 -1.292571e+00
 -2.624813e-01 9.619636e-01 -1.285380e+00
 5.032283e-01 1.229693e+00 -1.619155e+00
 8.665093e-01 1.251077e+00 -1.674961e+00
 1.238119e+00 1.182057e+00 -1.628818e+00
 1.566204e+00 1.017646e+00 -1.479864e+00
 1.793937e+00 7.721771e-01 -1.236259e+00
 1.864246e+00 4.812369e-01 -9.329093e-01
 1.749003e+00 2.125841e-01 -5.952486e-01
 1.456226e+00 2.267566e-02 -3.071754e-01
 1.015502e+00 -9.773959e-02 -1.579512e-01
 5.742825e-01 -7.863564e-02 -1.781158e-01
 2.167175e-01 -6.357030e-03 -3.505215e-01
 -3.631301e-02 -2.257163e-02 -7.756517e-01
 -1.665619e-01 -3.215981e-02 -1.501806e+00
 -2.290611e-01 1.216800e-01 -1.874272e+00
 -3.151539e-01 4.105876e-01 -2.156433e+00
 -4.168746e-01 7.837799e-01 -2.297778e+00
 -5.103228e-01 1.180108e+00 -2.277001e+00
 -5.662465e-01 1.540179e+00 -2.100153e+00
