 1.973730e+00 -1.073896e+00 8.957115e-01
 1.846226e+00 -1.025811e+00 1.285156e+00
 1.586703e+00 -9.259632e-01 1.587446e+00
 1.227762e+00 -8.002656e-01 1.757610e+00
 8.663112e-01 -6.766772e-01 1.765901e+00
 5.113942e-01 -5.335709e-01 1.611979e+00
 2.532990e-01 -3.706055e-01 1.320983e+00
 1.603794e-01 -2.277662e-01 9.805357e-01
 2.090002e-01 -9.351729e-02 7.147556e-01
 2.869354e-01 4.287610e-02 5.468051e-01
 4.412017e-01 1.867751e-01 3.744608e-01
 8.489460e-01 4.616082e-01 1.230812e-01
 1.032167e+00 7.689670e-01 -1.014876e-01
 1.057025e+00 1.117847e+00 -3.012331e-01
 9.265088e-01 1.453263e+00 -4.589463e-01
 6.684597e-01 1.751282e+00 -5.318993e-01
 3.358021e-01 1.974399e+00 -4.863720e-01
 -8.450637e-03 2.081442e+00 -3.362065e-01
 -2.959584e-01 2.047487e+00 -1.743990e-01
 -5.721746e-01 1.994343e+00 -1.132075e-01
 -9.289191e-01 2.043145e+00 -1.150810e-01
 -1.274670e+00 2.061521e+00 -2.923570e-01
 -1.551609e+00 1.967444e+00 -6.088427e-01
 -1.699072e+00 1.748650e+00 -9.744006e-01
 -1.690488e+00 1.443457e+00 -1.265367e+00
 -1.578317e+00 1.100402e+00 -1.428628e+00
 -1.373436e+00 7.346722e-01 -1.447375e+00
 -1.082609e+00 4.561212e-01 -1.343283e+00
 -8.129409e-01 2.631476e-01 -1.095603e+00
 -6.855873e-01 7.938196e-02 -9.822442e-01
 -5.241924e-01 -1.246021e-01 -9.458224e-01
 -3.271396e-01 -3.819662e-01 -9.707930e-01
 4.278380e-02 -1.132852e+00 -9.045699e-01
 1.570481e-01 -1.322145e+00 -8.393888e-01
 2.832095e-01 -1.483947e+00 -7.324467e-01
 4.126163e-01 -1.610112e+00 -5.886766e-01
 5.335637e-01 -1.692980e+00 -4.195259e-01
 7.344885e-01 -1.750611e+00 -1.193141e-01
 9.468858e-01 -1.810830e+00 5.429825e-02
 1.221708e+00 -1.956399e+00 1.921099e-01
 1.615035e+00 -2.077905e+00 1.857824e-01
 2.061322e+00 -2.039161e+00 4.923195e-02
 2.416267e+00 -1.815214e+00 -1.401690e-01
 2.622168e+00 -1.458845e+00 -3.160926e-01
 2.641376e+00 -1.039262e+00 -4.799659e-01
 2.468089e+00 -6.392676e-01 -5.988091e-01
 2.134608e+00 -3.366536e-01 -6.489887e-01
 1.704712e+00 -1.914515e-01 -6.198462e-01
 1.263834e+00 -2.337587e-01 -5.164677e-01
 6.092125e-01 -6.199127e-01 -1.934324e-01
 2.298957e-01 -8.714201e-01 8.248566e-02
 -5.603643e-02 -1.111054e+00 4.264942e-01
 -3.823036e-01 -1.172221e+00 6.660302e-01
 -7.929724e-01 -1.141538e+00 7.834165e-01
 -1.202466e+00 -1.027826e+00 7.439914e-01
 -1.511316e+00 -8.282291e-01 6.056107e-01
 -1.703781e+00 -5.508629e-01 3.732478e-01
 -1.750859e+00 -3.349996e-01 8.204915e-02
 -1.687388e+00 -2.073711e-01 -2.245326e-01
 -1.600927e+00 -2.137999e-01 -5.715101e-01
 -1.587194e+00 -3.985841e-01 -1.001554e+00
 -1.431561e+00 -5.372440e-01 -1.319962e+00
 -1.154434e+00 -5.457194e-01 -1.648512e+00
 -8.306022e-01 -4.089617e-01 -1.883220e+00
 -5.066652e-01 -1.724150e-01 -1.973904e+00
 -1.905330e-01 1.000461e-01 -1.891502e+00
 4.027631e-02 3.540438e-01 -1.660706e+00
 1.498872e-01 5.685119e-01 -1.318517e+00
 2.031710e-02 1.070550e+00 -3.046497e-03
 3.726455e-01 1.444470e+00 4.546254e-01
 4.176221e-01 1.693667e+00 8.788697e-01
 3.157551e-01 1.777088e+00 1.314812e+00
 6.443454e-02 1.677147e+00 1.711459e+00
 -2.870892e-01 1.357827e+00 1.996206e+00
 -5.954804e-01 9.737038e-01 2.035353e+00
 -8.276550e-01 5.785658e-01 1.850626e+00
 -9.325822e-01 2.686787e-01 1.486946e+00
 -7.304240e-01 -2.338295e-01 2.619585e-01
 -7.427077e-01 -5.143695e-01 -4.142489e-02
 -8.489855e-01 -8.206035e-01 -2.036400e-01
 -1.166784e+00 -1.121542e+00 -3.204924e-01
 -1.631758e+00 -1.253972e+00 -3.882540e-01
 -2.108386e+00 -1.139016e+00 -4.600892e-01
 -2.502515e+00 -7.672717e-01 -5.613163e-01
 -2.656329e+00 -2.562684e-01 -6.136441e-01
 -2.540873e+00 2.671674e-01 -5.990774e-01
 -2.189393e+00 6.597790e-01 -5.232487e-01
 -1.413296e+00 9.105315e-01 -4.144380e-01
 -9.617520e-01 1.114074e+00 -5.547890e-01
 -7.494104e-01 1.335041e+00 -8.712299e-01
 -6.761076e-01 1.634300e+00 -1.059326e+00
 -6.677303e-01 2.019124e+00 -1.135622e+00
 -6.793552e-01 2.401838e+00 -1.057467e+00
 -6.694465e-01 2.719239e+00 -8.460113e-01
 -6.412658e-01 2.929221e+00 -5.526145e-01
 -6.086312e-01 3.020880e+00 -2.038376e-01
 -5.859673e-01 2.985209e+00 1.539945e-01
 -5.796733e-01 2.830113e+00 4.755214e-01
 -5.866133e-01 2.577108e+00 7.227954e-01
 -6.022511e-01 2.258311e+00 8.682874e-01
 -6.200690e-01 1.638338e+00 9.206734e-01
 -5.727958e-01 1.410381e+00 9.375800e-01
 -4.497616e-01 1.124314e+00 9.960838e-01
 -3.359191e-01 9.762641e-01 1.034330e+00
 -1.155557e-01 8.214432e-01 1.116998e+00
 3.038794e-01 7.369342e-01 1.298183e+00
 6.316213e-01 6.271846e-01 1.314733e+00
 9.504522e-01 3.846337e-01 1.248252e+00
 1.154890e+00 8.507619e-02 1.103272e+00
 1.206708e+00 -1.767878e-01 9.381770e-01
 1.144429e+00 -4.677452e-01 7.841249e-01
 1.027377e+00 -7.060757e-01 7.438433e-01
 9.610724e-01 -9.331077e-01 7.782248e-01
 6.984081e-01 -1.558957e+00 1.006719e+00
 5.500045e-01 -1.876046e+00 9.930195e-01
 4.540228e-01 -2.214641e+00 8.542505e-01
 4.374050e-01 -2.507087e+00 6.065711e-01
 5.072856e-01 -2.709861e+00 2.817793e-01
 6.588791e-01 -2.789549e+00 -7.522820e-02
 8.741592e-01 -2.728325e+00 -4.097332e-01
 1.121760e+00 -2.530284e+00 -6.657179e-01
 1.348802e+00 -2.213876e+00 -8.070324e-01
 1.490170e+00 -1.831557e+00 -8.155897e-01
 1.581273e+00 -1.456482e+00 -6.660268e-01
 1.615373e+00 -1.210865e+00 -4.175714e-01
 1.692270e+00 -1.059521e+00 -2.417402e-02
 1.949310e+00 -1.063203e+00 4.983603e-01
