 -1.778377e-01 4.916635e-01 2.501232e-01
 -9.694913e-01 6.778870e-01 4.280692e-01
 -1.393989e+00 5.737318e-01 5.740878e-01
 -1.725663e+00 2.929698e-01 8.318398e-01
 -1.843096e+00 -5.235054e-02 1.108663e+00
 -1.741974e+00 -4.276022e-01 1.360378e+00
 -1.413075e+00 -7.887752e-01 1.545946e+00
 -9.542656e-01 -9.900174e-01 1.589507e+00
 -4.712398e-01 -9.959570e-01 1.491495e+00
 1.132584e-01 -6.918032e-01 1.263538e+00
 4.436649e-01 -6.148133e-01 1.276047e+00
 8.194660e-01 -5.556412e-01 1.482522e+00
 1.052820e+00 -4.474068e-01 1.575623e+00
 1.317917e+00 -3.068057e-01 1.595294e+00
 1.568409e+00 -1.747555e-01 1.530502e+00
 1.780074e+00 -4.183506e-02 1.390951e+00
 1.934178e+00 9.628538e-02 1.177088e+00
 2.012668e+00 2.199738e-01 9.062104e-01
 2.004638e+00 3.232858e-01 5.873789e-01
 1.910988e+00 3.744822e-01 2.856086e-01
 1.738435e+00 3.735814e-01 1.466592e-02
 1.503257e+00 3.205044e-01 -1.974377e-01
 1.006079e+00 1.767514e-01 -4.210954e-01
 5.248630e-01 9.384807e-02 -5.527105e-01
 2.626557e-01 1.466092e-01 -6.568666e-01
 1.318176e-01 1.815370e-01 -7.551995e-01
 -8.788696e-03 2.141016e-01 -9.321311e-01
 -6.847735e-01 5.647997e-02 -1.767632e+00
 -9.196509e-01 -8.638940e-02 -1.968416e+00
 -1.148098e+00 -3.123979e-01 -2.089761e+00
 -1.352361e+00 -6.053645e-01 -2.114453e+00
 -1.485194e+00 -9.183589e-01 -2.044749e+00
 -1.536250e+00 -1.223406e+00 -1.886285e+00
 -1.499232e+00 -1.484581e+00 -1.651618e+00
 -1.374993e+00 -1.668691e+00 -1.360331e+00
 -1.190259e+00 -1.735458e+00 -1.035437e+00
 -9.821541e-01 -1.667606e+00 -7.353761e-01
 -7.745155e-01 -1.463969e+00 -4.797897e-01
 -6.102818e-01 -1.150394e+00 -3.182429e-01
 -5.281798e-01 -7.796175e-01 -2.706398e-01
 -5.680975e-01 -4.172534e-01 -3.099743e-01
 -7.430981e-01 -1.451571e-01 -3.513029e-01
 -9.676776e-01 1.196584e-01 -4.730262e-01
 -1.369883e+00 7.422277e-01 -5.916014e-01
 -1.449608e+00 1.039849e+00 -6.420258e-01
 -1.433591e+00 1.348820e+00 -7.010661e-01
 -1.321253e+00 1.638851e+00 -7.653004e-01
 -1.121356e+00 1.880487e+00 -8.306916e-01
 -8.290150e-01 2.062569e+00 -8.915650e-01
 -5.295052e-01 2.139791e+00 -9.220643e-01
 -2.181656e-01 2.124455e+00 -9.170085e-01
 8.033728e-02 2.012243e+00 -8.825485e-01
 3.256293e-01 1.799958e+00 -8.306199e-01
 4.804122e-01 1.514647e+00 -8.081346e-01
 5.741050e-01 1.167544e+00 -9.089588e-01
 7.831212e-01 7.470265e-01 -1.294919e+00
 8.229381e-01 4.901235e-01 -1.443315e+00
 8.138819e-01 1.924209e-01 -1.523104e+00
 7.459401e-01 -1.088062e-01 -1.525863e+00
 6.222455e-01 -3.924874e-01 -1.448177e+00
 4.905854e-01 -5.550046e-01 -1.356811e+00
 2.749036e-01 -8.065371e-01 -1.066184e+00
 1.973992e-01 -1.132211e+00 -9.189113e-01
 2.395158e-01 -1.398948e+00 -8.243208e-01
 4.247981e-01 -1.682035e+00 -6.427983e-01
 7.383980e-01 -1.856699e+00 -4.141131e-01
 1.096813e+00 -1.851092e+00 -1.400292e-01
 1.393645e+00 -1.650396e+00 1.397094e-01
 1.533508e+00 -1.349306e+00 3.665074e-01
 1.531996e+00 -9.838110e-01 5.423838e-01
 1.419926e+00 -5.944845e-01 6.004385e-01
 1.181009e+00 -2.684795e-01 5.822243e-01
 1.087043e+00 -1.210882e-01 6.129739e-01
 1.012207e+00 1.188149e-01 7.246342e-01
 9.982171e-01 3.780119e-01 8.917752e-01
 1.049899e+00 7.277151e-01 1.243946e+00
 9.573949e-01 9.466761e-01 1.543903e+00
 7.360759e-01 1.100422e+00 1.823287e+00
 3.968249e-01 1.166188e+00 2.053912e+00
 2.153161e-02 1.139434e+00 2.160330e+00
 -3.391089e-01 1.036041e+00 2.135937e+00
 -6.503112e-01 8.297076e-01 2.005163e+00
 -8.579173e-01 5.270720e-01 1.785483e+00
 -9.057174e-01 2.323303e-01 1.524340e+00
 -7.912211e-01 -6.989892e-02 1.121950e+00
 -8.170846e-01 -1.978185e-01 9.418253e-01
 -8.766836e-01 -2.956501e-01 8.059962e-01
 -1.019153e+00 -4.333433e-01 6.205592e-01
 -1.273697e+00 -5.745486e-01 4.081698e-01
 -1.412860e+00 -6.482861e-01 2.239011e-01
 -1.505926e+00 -7.085481e-01 4.795765e-03
 -1.549524e+00 -7.405488e-01 -2.288489e-01
 -1.538425e+00 -7.565242e-01 -4.708910e-01
 -1.476047e+00 -7.554327e-01 -6.950982e-01
 -1.367944e+00 -7.369106e-01 -8.887519e-01
 -1.218666e+00 -7.156150e-01 -1.036887e+00
 -1.066174e+00 -7.192104e-01 -1.138690e+00
 -8.853683e-01 -7.808339e-01 -1.227646e+00
 -7.576288e-01 -8.547755e-01 -1.315573e+00
 -4.706017e-01 -1.125678e+00 -1.724678e+00
 -6.652778e-02 -1.339536e+00 -1.904886e+00
 4.044447e-01 -1.474466e+00 -1.875499e+00
 8.562458e-01 -1.487047e+00 -1.642166e+00
 1.154528e+00 -1.354029e+00 -1.302450e+00
 1.257138e+00 -1.129507e+00 -9.363726e-01
 1.160724e+00 -9.149970e-01 -5.715963e-01
 9.793899e-01 -8.316537e-01 -3.227783e-01
 6.835006e-01 -8.847246e-01 -5.781247e-02
 5.212587e-01 -1.104288e+00 3.102606e-01
 5.215978e-01 -1.505272e+00 7.686818e-01
 5.392802e-01 -1.630091e+00 1.134946e+00
 5.218262e-01 -1.608630e+00 1.531275e+00
 4.590201e-01 -1.426919e+00 1.922338e+00
 3.709874e-01 -1.172857e+00 2.167985e+00
 2.679827e-01 -8.582289e-01 2.291400e+00
 1.693338e-01 -5.059824e-01 2.282522e+00
 1.159099e-01 -1.590220e-01 2.145928e+00
 1.181922e-01 1.324647e-01 1.896433e+00
 1.255360e-01 2.909527e-01 1.605114e+00
 9.788428e-02 4.021149e-01 1.436152e+00
 5.374562e-02 5.257253e-01 1.322837e+00
 7.368868e-03 6.874837e-01 1.234347e+00
 -6.389356e-02 9.736810e-01 1.146840e+00
 -1.173378e-01 1.172578e+00 1.033485e+00
 -1.721426e-01 1.333609e+00 8.859629e-01
 -2.256721e-01 1.452145e+00 7.141181e-01
 -2.755915e-01 1.526551e+00 5.275464e-01
 -3.202749e-01 1.557476e+00 3.347094e-01
 -3.586441e-01 1.546829e+00 1.426189e-01
 -3.897026e-01 1.496949e+00 -4.332478e-02
 -4.146381e-01 1.418001e+00 -2.025691e-01
 -4.338404e-01 1.148149e+00 -5.754617e-01
 -4.560028e-01 1.113844e+00 -8.735471e-01
 -4.105544e-01 1.174225e+00 -1.253112e+00
 -1.513461e-01 1.334142e+00 -1.631126e+00
 2.399239e-01 1.548188e+00 -1.826311e+00
 6.909715e-01 1.707882e+00 -1.808036e+00
 1.131062e+00 1.753812e+00 -1.585231e+00
 1.432571e+00 1.704465e+00 -1.191783e+00
 1.521464e+00 1.574090e+00 -7.172724e-01
 1.375486e+00 1.389407e+00 -2.743729e-01
 1.039974e+00 1.197126e+00 2.019692e-02
