 -1.734992e+00 -2.884783e-01 -1.221930e+00
 -1.831479e+00 1.299703e-01 -1.356392e+00
 -1.796954e+00 5.886129e-01 -1.339332e+00
 -1.635679e+00 9.854226e-01 -1.171603e+00
 -1.366913e+00 1.245631e+00 -8.886377e-01
 -1.057047e+00 1.302713e+00 -5.803695e-01
 -7.933522e-01 1.168937e+00 -2.299203e-01
 -6.772140e-01 8.839083e-01 7.263769e-02
 -6.878723e-01 6.846019e-01 2.270221e-01
 -8.091302e-01 4.797041e-01 4.384422e-01
 -1.104570e+00 2.537130e-01 7.521412e-01
 -1.208438e+00 3.331990e-02 1.047247e+00
 -1.170676e+00 -2.115085e-01 1.337304e+00
 -9.743587e-01 -4.560240e-01 1.626311e+00
 -6.812030e-01 -6.089726e-01 1.810445e+00
 -3.042140e-01 -7.026190e-01 1.873680e+00
 1.103814e-01 -7.353982e-01 1.788398e+00
 4.538610e-01 -6.810571e-01 1.581975e+00
 6.944984e-01 -5.407484e-01 1.287998e+00
 7.893609e-01 -3.480407e-01 9.646213e-01
 7.300066e-01 -1.627456e-01 5.737035e-01
 7.776371e-01 -1.176457e-01 1.761654e-01
 1.037248e+00 -2.674615e-02 -1.699893e-01
 1.397887e+00 -4.329015e-02 -3.949315e-01
 1.802598e+00 -1.918379e-01 -4.902495e-01
 2.156922e+00 -4.664485e-01 -4.435257e-01
 2.377451e+00 -8.203648e-01 -2.776775e-01
 2.420336e+00 -1.189489e+00 -3.134831e-02
 2.278381e+00 -1.505952e+00 2.474272e-01
 1.979346e+00 -1.709228e+00 5.083155e-01
 1.577589e+00 -1.764666e+00 6.975128e-01
 1.153176e+00 -1.666658e+00 7.723112e-01
 7.846605e-01 -1.460433e+00 7.025893e-01
 5.605608e-01 -1.229823e+00 5.283141e-01
 4.590864e-01 -1.100045e+00 3.178601e-01
 3.934272e-01 -1.054901e+00 1.860899e-01
 3.512312e-01 -1.027058e+00 6.721773e-02
 1.857498e-01 -9.818293e-01 -4.698666e-01
 1.228781e-01 -9.490333e-01 -6.184928e-01
 4.819580e-02 -8.964295e-01 -7.555475e-01
 -3.368567e-02 -8.265606e-01 -8.747880e-01
 -2.454922e-01 -6.427806e-01 -1.100947e+00
 -4.226671e-01 -5.750874e-01 -1.289176e+00
 -5.881394e-01 -5.707002e-01 -1.537994e+00
 -8.016699e-01 -6.802268e-01 -1.763403e+00
 -1.106957e+00 -8.832909e-01 -1.903319e+00
 -1.410895e+00 -1.092584e+00 -1.895098e+00
 -1.737586e+00 -1.255023e+00 -1.747250e+00
 -2.000263e+00 -1.351454e+00 -1.483438e+00
 -2.162821e+00 -1.382187e+00 -1.138479e+00
 -2.204370e+00 -1.343690e+00 -7.630124e-01
 -2.122161e+00 -1.242402e+00 -4.096370e-01
 -1.930069e+00 -1.092808e+00 -1.254246e-01
 -1.655298e+00 -9.149136e-01 5.315477e-02
 -1.336048e+00 -7.325716e-01 1.032811e-01
 -5.325578e-01 -3.460999e-01 -1.004851e-01
 -4.018259e-01 -2.405340e-01 -1.300744e-01
 -1.559995e-01 -1.189717e-02 -2.697838e-01
 2.996158e-01 4.556649e-01 -6.643344e-01
 6.719138e-01 7.570448e-01 -7.803122e-01
 9.735978e-01 1.116341e+00 -6.911996e-01
 1.154780e+00 1.470564e+00 -4.154899e-01
 1.164436e+00 1.752832e+00 -2.052917e-02
 1.036259e+00 1.867179e+00 3.253415e-01
 7.921889e-01 1.883317e+00 6.009264e-01
 5.261813e-01 1.961156e+00 7.214375e-01
 2.926083e-01 2.123303e+00 9.326563e-01
 6.823377e-02 2.146330e+00 1.359389e+00
 -1.288322e-01 1.893876e+00 1.791747e+00
 -2.779527e-01 1.451595e+00 2.032245e+00
 -3.627733e-01 9.390369e-01 2.026797e+00
 -3.282138e-01 4.760349e-01 1.792357e+00
 -1.704950e-01 3.464034e-02 1.152672e+00
 -2.332815e-01 -2.797012e-01 9.174717e-01
 -4.650143e-01 -1.153060e+00 7.479890e-01
 -4.410186e-01 -1.526480e+00 5.561858e-01
 -2.570937e-01 -1.834976e+00 3.219679e-01
 4.854761e-02 -2.012981e+00 8.554092e-02
 4.240366e-01 -2.034834e+00 -1.068470e-01
 8.045206e-01 -1.895908e+00 -2.297729e-01
 1.112153e+00 -1.624376e+00 -2.680311e-01
 1.324082e+00 -1.296360e+00 -1.831227e-01
 1.400685e+00 -1.046439e+00 -3.546673e-02
 1.442514e+00 -9.100714e-01 1.469441e-01
 1.557438e+00 -7.693451e-01 3.563675e-01
 1.738497e+00 -3.974669e-01 5.268085e-01
 1.738526e+00 6.587715e-02 5.953077e-01
 1.536884e+00 4.930270e-01 5.852380e-01
 1.171076e+00 7.910240e-01 4.991241e-01
 6.790575e-01 9.082676e-01 3.172971e-01
 4.856192e-01 9.970445e-01 2.110099e-01
 2.882481e-01 1.162401e+00 9.519256e-02
 1.560422e-01 1.490502e+00 -1.247223e-01
 1.690415e-01 1.953509e+00 -2.447294e-01
 3.169534e-01 2.402595e+00 -1.857976e-01
 5.441793e-01 2.744410e+00 5.255529e-02
 7.969978e-01 2.909000e+00 4.109692e-01
 1.013576e+00 2.872003e+00 8.204842e-01
 1.150559e+00 2.647981e+00 1.193563e+00
 1.165449e+00 2.296862e+00 1.469500e+00
 1.060988e+00 1.886133e+00 1.602323e+00
 8.605896e-01 1.497799e+00 1.572592e+00
 5.655086e-01 1.211568e+00 1.420759e+00
 2.823446e-01 1.111274e+00 1.213458e+00
 -7.545165e-02 1.161644e+00 1.037910e+00
 -8.077506e-01 1.387696e+00 9.778132e-01
 -1.273974e+00 1.349030e+00 7.784277e-01
 -1.613922e+00 1.143939e+00 4.366545e-01
 -1.726654e+00 8.426822e-01 1.132231e-01
 -1.607222e+00 4.828436e-01 -2.264960e-01
 -1.307745e+00 2.869945e-01 -4.691490e-01
 -1.064913e+00 2.789480e-01 -6.767805e-01
 -4.761673e-01 4.394377e-01 -1.336945e+00
 -1.826459e-01 3.865088e-01 -1.547482e+00
 9.598998e-02 1.811046e-01 -1.747826e+00
 2.863826e-01 -1.414495e-01 -1.891515e+00
 3.573576e-01 -5.322756e-01 -1.956959e+00
 2.957042e-01 -9.310403e-01 -1.934312e+00
 1.088416e-01 -1.274837e+00 -1.827408e+00
 -1.725602e-01 -1.506209e+00 -1.654475e+00
 -4.857924e-01 -1.592726e+00 -1.420037e+00
 -7.819682e-01 -1.524387e+00 -1.159424e+00
 -1.053696e+00 -1.308524e+00 -9.625501e-01
 -1.223984e+00 -1.039665e+00 -8.786903e-01
 -1.398955e+00 -7.121644e-01 -9.278855e-01
