 -1.491947e+00 -1.273110e+00 -2.044768e-01
 -1.613255e+00 -1.104500e+00 2.683241e-02
 -1.768216e+00 -1.000422e+00 1.802537e-01
 -2.133039e+00 -7.480105e-01 3.839056e-01
 -2.313764e+00 -4.002286e-01 6.199857e-01
 -2.296792e+00 -2.796845e-02 8.852894e-01
 -2.088901e+00 2.952527e-01 1.118047e+00
 -1.736472e+00 5.253876e-01 1.246957e+00
 -1.294967e+00 6.348868e-01 1.242485e+00
 -8.584033e-01 6.070932e-01 1.094467e+00
 -4.594100e-01 4.064764e-01 8.157371e-01
 -1.716880e-01 3.363522e-01 6.778346e-01
 5.454549e-02 2.865114e-01 6.820116e-01
 3.535437e-01 1.892992e-01 7.737482e-01
 1.026862e+00 -3.047084e-01 1.162862e+00
 1.439665e+00 -5.013020e-01 1.174914e+00
 1.849402e+00 -6.123130e-01 1.001837e+00
 2.195145e+00 -6.157463e-01 6.553216e-01
 2.369956e+00 -5.171517e-01 2.864984e-01
 2.376103e+00 -3.586846e-01 -1.103565e-01
 2.202819e+00 -1.722945e-01 -4.408559e-01
 1.922916e+00 4.930129e-02 -6.259540e-01
 1.726496e+00 2.623931e-01 -6.568335e-01
 1.605305e+00 4.926324e-01 -6.678102e-01
 1.393257e+00 1.242927e+00 -5.660995e-01
 1.261068e+00 1.494174e+00 -4.622253e-01
 1.056416e+00 1.706037e+00 -2.994360e-01
 8.284640e-01 1.818056e+00 -1.210634e-01
 5.643920e-01 1.833605e+00 8.053376e-02
 3.197037e-01 1.728721e+00 2.723032e-01
 1.720871e-01 1.544030e+00 4.555163e-01
 1.108733e-01 1.347744e+00 7.034121e-01
 1.202330e-01 1.184671e+00 1.163945e+00
 1.318773e-01 9.795665e-01 1.425008e+00
 8.724374e-02 6.803502e-01 1.633229e+00
 1.457710e-02 3.632770e-01 1.717411e+00
 -8.616065e-02 3.662627e-02 1.683362e+00
 -1.732775e-01 -2.367412e-01 1.546341e+00
 -2.252791e-01 -4.691208e-01 1.307742e+00
 -3.421102e-01 -6.556787e-01 9.197394e-01
 -4.795458e-01 -8.716983e-01 7.138814e-01
 -6.971668e-01 -1.201650e+00 6.103121e-01
 -1.076396e+00 -1.692346e+00 6.615078e-01
 -1.382695e+00 -1.897164e+00 6.259355e-01
 -1.718494e+00 -2.002316e+00 5.020432e-01
 -2.033197e+00 -1.994119e+00 3.067155e-01
 -2.284867e+00 -1.877357e+00 6.543629e-02
 -2.440946e+00 -1.671639e+00 -1.903230e-01
 -2.488720e+00 -1.401970e+00 -4.197883e-01
 -2.430266e+00 -1.095115e+00 -5.922572e-01
 -2.272056e+00 -7.880828e-01 -6.869399e-01
 -2.030734e+00 -5.252595e-01 -6.968002e-01
 -1.735118e+00 -3.562959e-01 -6.492884e-01
 -1.399072e+00 -3.026470e-01 -5.651507e-01
 -1.127850e+00 -3.640416e-01 -4.767620e-01
 -7.835685e-01 -5.196668e-01 -4.886013e-01
 -3.669920e-01 -8.770985e-01 -6.639529e-01
 -8.953202e-02 -9.848148e-01 -7.741890e-01
 2.673630e-01 -1.010211e+00 -8.466323e-01
 5.372326e-01 -9.490858e-01 -8.511302e-01
 7.556074e-01 -7.990409e-01 -8.587104e-01
 9.915170e-01 -5.567048e-01 -9.755792e-01
 1.428813e+00 -2.468116e-01 -1.490126e+00
 1.699965e+00 -2.979488e-02 -1.635531e+00
 1.984032e+00 2.187592e-01 -1.645579e+00
 2.243098e+00 4.642936e-01 -1.517286e+00
 2.441617e+00 6.717473e-01 -1.266322e+00
 2.551409e+00 8.103252e-01 -9.258171e-01
 2.555985e+00 8.579360e-01 -5.434872e-01
 2.445660e+00 8.139478e-01 -1.719885e-01
 2.224587e+00 6.933264e-01 1.290456e-01
 1.942159e+00 4.962202e-01 3.127283e-01
 1.669093e+00 2.185938e-01 3.663376e-01
 1.454206e+00 1.657014e-02 2.838674e-01
 1.349536e+00 -2.415544e-01 1.662433e-01
 1.390346e+00 -6.513392e-01 -9.814856e-03
 1.562408e+00 -1.017652e+00 -2.535480e-01
 1.629740e+00 -1.232990e+00 -5.266671e-01
 1.602703e+00 -1.383349e+00 -8.546871e-01
 1.480321e+00 -1.446157e+00 -1.193189e+00
 1.274116e+00 -1.411501e+00 -1.498231e+00
 1.009398e+00 -1.282593e+00 -1.725622e+00
 7.244221e-01 -1.060570e+00 -1.851265e+00
 4.851706e-01 -7.796647e-01 -1.855686e+00
 2.879662e-01 -4.692423e-01 -1.722230e+00
 1.584665e-01 -2.168515e-01 -1.476436e+00
 1.175838e-01 -4.011675e-02 -1.151459e+00
 1.469650e-01 2.404569e-02 -7.772185e-01
 2.080677e-01 -7.211356e-02 -4.153569e-01
 2.648331e-01 -2.414924e-01 -1.627925e-01
 5.060438e-01 -1.029770e+00 4.572455e-01
 4.643047e-01 -1.286266e+00 7.673066e-01
 2.823612e-01 -1.462433e+00 1.086857e+00
 -1.150181e-02 -1.527148e+00 1.364276e+00
 -4.181854e-01 -1.467251e+00 1.572016e+00
 -7.911206e-01 -1.277166e+00 1.637750e+00
 -1.080544e+00 -1.015456e+00 1.556851e+00
 -1.283528e+00 -6.991863e-01 1.337266e+00
 -1.333336e+00 -4.460795e-01 1.091140e+00
 -1.288901e+00 -1.588395e-01 5.502920e-01
 -1.499250e+00 2.654462e-01 2.566945e-01
 -1.652354e+00 6.419347e-01 -8.054232e-02
 -1.642225e+00 8.952925e-01 -3.098158e-01
 -1.522571e+00 1.142284e+00 -5.171631e-01
 -1.296453e+00 1.358910e+00 -6.864406e-01
 -1.003943e+00 1.494368e+00 -7.859358e-01
 -6.611300e-01 1.530533e+00 -8.311626e-01
 -2.918405e-01 1.455661e+00 -8.037762e-01
 4.247726e-02 1.281843e+00 -6.837333e-01
 3.775704e-01 9.350433e-01 -3.836884e-01
 6.357956e-01 7.866528e-01 -4.050621e-02
 8.791213e-01 8.446852e-01 2.288800e-01
 1.078835e+00 1.041575e+00 4.962038e-01
 1.137738e+00 1.353869e+00 7.889706e-01
 1.031800e+00 1.707559e+00 1.012755e+00
 7.941191e-01 2.000907e+00 1.141018e+00
 4.330013e-01 2.203309e+00 1.197578e+00
 4.280234e-02 2.272171e+00 1.169493e+00
 -3.324656e-01 2.217950e+00 1.047712e+00
 -6.345071e-01 2.048214e+00 8.525550e-01
 -8.181673e-01 1.788169e+00 6.151170e-01
 -8.563320e-01 1.476764e+00 3.729350e-01
 -6.743567e-01 9.810424e-01 2.510916e-02
 -6.427333e-01 7.328094e-01 -1.573379e-01
 -6.701123e-01 5.854060e-01 -4.051905e-01
 -7.518806e-01 4.764827e-01 -9.060319e-01
 -8.375494e-01 2.651261e-01 -1.230304e+00
 -9.012148e-01 -1.028476e-01 -1.453690e+00
 -1.034591e+00 -5.513333e-01 -1.499085e+00
 -1.208540e+00 -9.551005e-01 -1.338649e+00
 -1.330082e+00 -1.225806e+00 -1.030481e+00
 -1.412989e+00 -1.350365e+00 -6.025159e-01
