 -1.150925e+00 -2.409463e+00 1.098118e-01
 -8.399538e-01 -2.604929e+00 3.008506e-01
 -4.575946e-01 -2.654791e+00 4.431385e-01
 -6.168496e-02 -2.550484e+00 5.186588e-01
 2.759496e-01 -2.317652e+00 5.023355e-01
 4.897698e-01 -1.991641e+00 4.244724e-01
 5.594002e-01 -1.567492e+00 3.280414e-01
 4.366020e-01 -1.166156e+00 2.442891e-01
 2.031522e-01 -9.023131e-01 2.321464e-01
 7.818180e-02 -7.967394e-01 2.639936e-01
 -1.490222e-01 -6.272703e-01 4.063188e-01
 -5.877904e-01 -4.979756e-01 7.056584e-01
 -8.227030e-01 -3.145265e-01 8.773820e-01
 -9.917649e-01 -5.332580e-02 1.000728e+00
 -1.073951e+00 2.556348e-01 1.070310e+00
 -1.064996e+00 5.837023e-01 1.078768e+00
 -9.654096e-01 9.005363e-01 1.022687e+00
 -7.879803e-01 1.176497e+00 8.936843e-01
 -3.770197e-01 1.497559e+00 6.300573e-01
 -2.007141e-01 1.745170e+00 5.583637e-01
 2.487334e-02 1.996648e+00 5.995354e-01
 3.346723e-01 2.162814e+00 7.133885e-01
 6.618473e-01 2.195854e+00 8.321802e-01
 1.005955e+00 2.088565e+00 9.456910e-01
 1.284151e+00 1.867043e+00 1.024722e+00
 1.476126e+00 1.548861e+00 1.070726e+00
 1.545048e+00 1.181645e+00 1.099926e+00
 1.474344e+00 6.460708e-01 1.056361e+00
 1.560243e+00 3.481119e-01 1.050311e+00
 1.689463e+00 9.564757e-02 9.497287e-01
 1.761132e+00 -1.287236e-01 7.510237e-01
 1.725369e+00 -3.511778e-01 4.911992e-01
 1.589354e+00 -5.100685e-01 2.164144e-01
 1.373944e+00 -5.850919e-01 -5.468667e-02
 1.102309e+00 -5.660991e-01 -2.741421e-01
 5.623545e-01 -3.537929e-01 -5.551205e-01
 3.545436e-01 -2.535902e-01 -7.616267e-01
 2.646709e-01 -1.986800e-01 -9.434402e-01
 1.658440e-01 -1.744879e-01 -1.411013e+00
 -4.964225e-02 -9.195737e-02 -1.741130e+00
 -3.846716e-01 7.252707e-02 -1.979619e+00
 -6.946174e-01 2.529830e-01 -2.047369e+00
 -9.978028e-01 4.354676e-01 -1.971398e+00
 -1.288142e+00 6.141367e-01 -1.737613e+00
 -1.475151e+00 7.437094e-01 -1.397101e+00
 -1.530014e+00 8.023276e-01 -1.009395e+00
 -1.451252e+00 7.858144e-01 -6.229219e-01
 -1.253654e+00 6.982112e-01 -2.986507e-01
 -5.392518e-01 4.200675e-01 2.210920e-01
 -2.699051e-01 4.306085e-01 4.272093e-01
 -1.599875e-01 4.286275e-01 6.114543e-01
 -3.140899e-02 3.599437e-01 1.078301e+00
 8.762614e-02 3.249451e-01 1.305304e+00
 2.643051e-01 3.241427e-01 1.489434e+00
 1.174106e+00 4.610155e-01 2.013120e+00
 1.533568e+00 5.300823e-01 2.070674e+00
 1.889613e+00 6.008865e-01 1.994085e+00
 2.196201e+00 6.599788e-01 1.792999e+00
 2.412823e+00 6.966495e-01 1.494316e+00
 2.506893e+00 7.167236e-01 1.143833e+00
 2.468675e+00 7.418334e-01 7.810782e-01
 2.306655e+00 7.504269e-01 4.613676e-01
 2.034919e+00 7.073726e-01 2.030775e-01
 1.705824e+00 6.197022e-01 6.014782e-02
 1.352299e+00 4.979612e-01 4.914377e-02
 1.064102e+00 3.597425e-01 1.599689e-01
 8.749538e-01 2.404617e-01 3.167293e-01
 7.692236e-01 2.550056e-02 4.951645e-01
 7.103110e-01 -4.332981e-01 9.864311e-01
 4.870457e-01 -7.663866e-01 1.217360e+00
 1.845024e-01 -1.122145e+00 1.251230e+00
 -1.430704e-01 -1.421496e+00 1.073771e+00
 -3.960334e-01 -1.571255e+00 7.566491e-01
 -4.966955e-01 -1.632179e+00 3.461447e-01
 -4.143541e-01 -1.698568e+00 3.386390e-02
 -3.192620e-01 -1.868465e+00 -2.034112e-01
 -3.271466e-01 -2.088709e+00 -4.240829e-01
 -4.598621e-01 -2.322876e+00 -6.473144e-01
 -7.070187e-01 -2.500332e+00 -8.480759e-01
 -1.019273e+00 -2.582232e+00 -9.973123e-01
 -1.364296e+00 -2.551777e+00 -1.098483e+00
 -1.697181e+00 -2.408361e+00 -1.135888e+00
 -1.977506e+00 -2.167845e+00 -1.096327e+00
 -2.162483e+00 -1.853629e+00 -9.858093e-01
 -2.216412e+00 -1.503842e+00 -8.268398e-01
 -2.121373e+00 -1.164844e+00 -6.519838e-01
 -1.889552e+00 -8.949630e-01 -4.785169e-01
 -1.548800e+00 -7.297552e-01 -3.486084e-01
 -1.159057e+00 -6.979871e-01 -2.919803e-01
 -7.936160e-01 -7.700651e-01 -3.485275e-01
 -5.288609e-01 -8.666598e-01 -5.292719e-01
 -9.882806e-02 -1.155145e+00 -9.161979e-01
 2.372180e-01 -1.215706e+00 -1.087902e+00
 6.130671e-01 -1.124526e+00 -1.238093e+00
 9.134740e-01 -9.087134e-01 -1.342072e+00
 1.114943e+00 -6.066118e-01 -1.390122e+00
 1.216414e+00 -2.594794e-01 -1.346241e+00
 1.200395e+00 1.283605e-01 -1.205458e+00
 1.054592e+00 4.499250e-01 -1.012045e+00
 8.099726e-01 6.598792e-01 -7.947515e-01
 3.772729e-01 7.699622e-01 -5.020643e-01
 1.449630e-01 9.081173e-01 -3.736305e-01
 -4.060371e-02 1.109439e+00 -3.227606e-01
 -5.090425e-01 1.464666e+00 -3.871705e-01
 -7.868445e-01 1.702091e+00 -2.898529e-01
 -9.973853e-01 1.927243e+00 -6.939189e-02
 -1.110213e+00 2.109481e+00 2.433825e-01
 -1.108811e+00 2.224438e+00 6.049581e-01
 -9.925041e-01 2.256992e+00 9.647860e-01
 -7.784551e-01 2.203960e+00 1.269990e+00
 -5.092091e-01 2.055045e+00 1.488520e+00
 -2.114973e-01 1.830107e+00 1.588521e+00
 8.383056e-02 1.583589e+00 1.541900e+00
 3.330766e-01 1.358395e+00 1.356802e+00
 5.064587e-01 1.212531e+00 1.072913e+00
 5.810490e-01 1.129422e+00 7.648684e-01
 7.380383e-01 1.280481e+00 3.760285e-01
 8.362658e-01 1.514072e+00 6.028244e-02
 8.207703e-01 1.666444e+00 -2.532372e-01
 7.245835e-01 1.729922e+00 -5.931578e-01
 5.536653e-01 1.702092e+00 -8.972188e-01
 3.496161e-01 1.576804e+00 -1.136712e+00
 1.291433e-01 1.359131e+00 -1.299184e+00
 -1.015722e-01 1.105055e+00 -1.347816e+00
 -3.269037e-01 8.413061e-01 -1.275584e+00
 -5.070774e-01 5.561386e-01 -1.079815e+00
 -6.013592e-01 3.742635e-01 -1.014930e+00
 -6.919068e-01 2.129098e-01 -1.003689e+00
 -8.273533e-01 7.845803e-03 -1.053037e+00
 -1.055462e+00 -3.817097e-01 -1.273653e+00
 -1.171571e+00 -7.745736e-01 -1.323574e+00
 -1.218487e+00 -1.162710e+00 -1.224763e+00
 -1.205434e+00 -1.467217e+00 -1.002690e+00
 -1.194276e+00 -1.606114e+00 -7.610832e-01
 -1.244933e+00 -1.680784e+00 -5.671738e-01
 -1.342515e+00 -1.847707e+00 -3.534774e-01
 -1.330647e+00 -2.125220e+00 -1.235917e-01
