 1.438572e-01 -4.597935e-01 -2.827183e+00
 3.563790e-01 -1.229749e-01 -2.863385e+00
 4.785803e-01 2.398331e-01 -2.777378e+00
 4.990673e-01 5.725698e-01 -2.588373e+00
 4.232962e-01 8.302873e-01 -2.329080e+00
 2.693331e-01 9.843312e-01 -2.037651e+00
 6.287934e-02 1.022666e+00 -1.751616e+00
 -1.473067e-01 9.547085e-01 -1.524959e+00
 -7.252356e-01 3.791489e-01 -7.624557e-01
 -8.100782e-01 2.948118e-01 -6.826199e-01
 -9.195748e-01 2.094960e-01 -6.116160e-01
 -1.034033e+00 1.345803e-01 -5.639724e-01
 -1.306161e+00 -4.767090e-02 -5.026371e-01
 -1.552686e+00 -2.543935e-01 -3.111006e-01
 -1.707175e+00 -4.332533e-01 -2.490341e-02
 -1.758381e+00 -5.540616e-01 3.246365e-01
 -1.713649e+00 -5.829719e-01 6.850129e-01
 -1.576927e+00 -5.279723e-01 1.006463e+00
 -1.371493e+00 -4.119442e-01 1.245794e+00
 -1.090984e+00 -2.692903e-01 1.392167e+00
 -7.339794e-01 -1.410232e-01 1.422616e+00
 -2.307568e-01 3.176334e-02 1.264726e+00
 1.221147e-01 2.190873e-01 1.386130e+00
 5.498414e-01 7.817881e-01 1.726352e+00
 9.287725e-01 1.198337e+00 1.669904e+00
 1.291492e+00 1.510888e+00 1.308785e+00
 1.482765e+00 1.586492e+00 7.678169e-01
 1.534448e+00 1.348621e+00 2.185364e-01
 1.440242e+00 8.761885e-01 -1.258082e-01
 1.124624e+00 3.635490e-01 -2.142273e-01
 1.009978e+00 1.995625e-01 -3.166956e-01
 8.887804e-01 5.155916e-02 -4.894072e-01
 7.107035e-01 -2.288094e-02 -6.524945e-01
 4.655423e-01 -7.360934e-02 -7.717491e-01
 1.462471e-01 -1.746178e-01 -7.976934e-01
 -7.296561e-01 -9.956349e-01 -7.393763e-01
 -1.167775e+00 -1.183588e+00 -8.951570e-01
 -1.543364e+00 -1.218020e+00 -1.239033e+00
 -1.756085e+00 -1.088575e+00 -1.682570e+00
 -1.755793e+00 -8.287343e-01 -2.117730e+00
 -1.544928e+00 -5.034044e-01 -2.439775e+00
 -1.168608e+00 -1.612329e-01 -2.572060e+00
 -7.771027e-01 8.909599e-02 -2.471556e+00
 -3.829833e-01 1.728728e-01 -2.188099e+00
 -1.513578e-01 5.926344e-02 -1.992847e+00
 7.769154e-03 -4.719288e-02 -1.898690e+00
 1.570198e-01 -1.953697e-01 -1.830143e+00
 4.004645e-01 -5.831628e-01 -1.701030e+00
 5.681284e-01 -8.754113e-01 -1.426876e+00
 6.610766e-01 -1.047303e+00 -1.045378e+00
 6.677100e-01 -1.068791e+00 -6.219644e-01
 5.763937e-01 -9.413669e-01 -2.225779e-01
 4.094125e-01 -6.978562e-01 6.047772e-02
 2.412933e-01 -3.149247e-01 2.185421e-01
 1.333532e-01 7.604993e-02 1.991887e-01
 8.067484e-02 4.150261e-01 4.674358e-02
 1.383018e-01 7.473108e-01 -2.434216e-01
 3.863642e-01 9.649410e-01 -6.122981e-01
 7.383493e-01 9.527333e-01 -9.909253e-01
 1.170267e+00 7.563429e-01 -1.191467e+00
 1.582741e+00 4.508968e-01 -1.151642e+00
 1.871839e+00 7.854442e-02 -8.820270e-01
 1.935183e+00 -2.408435e-01 -4.731416e-01
 1.772824e+00 -4.325333e-01 -1.528625e-02
 1.214631e+00 -4.565133e-01 6.150270e-01
 1.078320e+00 -4.244523e-01 8.037677e-01
 9.887039e-01 -3.847588e-01 1.012150e+00
 9.685184e-01 -3.488547e-01 1.136612e+00
 9.983678e-01 -2.798265e-01 1.416334e+00
 1.052102e+00 -3.181175e-01 1.682753e+00
 1.085364e+00 -5.175251e-01 2.019309e+00
 1.028824e+00 -7.911870e-01 2.261316e+00
 8.561057e-01 -1.114497e+00 2.412509e+00
 5.595729e-01 -1.401823e+00 2.455653e+00
 1.929204e-01 -1.598659e+00 2.369649e+00
 -1.611898e-01 -1.687290e+00 2.144868e+00
 -4.395305e-01 -1.651402e+00 1.816782e+00
 -5.956972e-01 -1.489173e+00 1.446580e+00
 -6.436656e-01 -8.239585e-01 6.445943e-01
 -7.185305e-01 -4.929445e-01 4.485488e-01
 -8.137656e-01 -1.773581e-01 3.962849e-01
 -9.320478e-01 6.778245e-02 4.409107e-01
 -1.330250e+00 3.886322e-01 5.529276e-01
 -1.511412e+00 7.472685e-01 7.268565e-01
 -1.519695e+00 1.194077e+00 8.329872e-01
 -1.346590e+00 1.588121e+00 8.790954e-01
 -1.009895e+00 1.874500e+00 9.118150e-01
 -5.552905e-01 1.997895e+00 9.152077e-01
 -1.060756e-01 1.918036e+00 8.758261e-01
 2.587943e-01 1.657002e+00 7.955699e-01
 5.943843e-01 1.033565e+00 6.760954e-01
 8.118223e-01 7.772179e-01 7.119238e-01
 1.007557e+00 6.341111e-01 7.968558e-01
 1.515625e+00 5.042129e-01 9.314712e-01
 1.874413e+00 1.726316e-01 1.099507e+00
 2.012575e+00 -2.695971e-01 1.241428e+00
 1.920686e+00 -7.421944e-01 1.315484e+00
 1.612082e+00 -1.128642e+00 1.352171e+00
 1.191449e+00 -1.322670e+00 1.376260e+00
 7.384263e-01 -1.307394e+00 1.414046e+00
 4.156825e-01 -1.130022e+00 1.471395e+00
 1.934316e-01 -8.624055e-01 1.631116e+00
 -1.404405e-02 -5.421892e-01 2.120343e+00
 -1.652642e-01 -9.099700e-02 2.331134e+00
 -4.099731e-01 3.868225e-01 2.276883e+00
 -5.852208e-01 7.499914e-01 1.976966e+00
 -6.065360e-01 9.897542e-01 1.456783e+00
 -5.105007e-01 9.629833e-01 8.229736e-01
 -5.272174e-01 1.030045e+00 5.622286e-01
 -6.585912e-01 1.132839e+00 2.586442e-01
 -1.345644e+00 1.162433e+00 -5.063428e-01
 -1.554032e+00 9.743034e-01 -9.178001e-01
 -1.575719e+00 6.387419e-01 -1.286806e+00
 -1.411647e+00 2.233220e-01 -1.520718e+00
 -9.820692e-01 -3.835438e-01 -1.555757e+00
 -7.929771e-01 -6.816817e-01 -1.735546e+00
 -6.173650e-01 -8.543312e-01 -2.033193e+00
 -3.745153e-01 -8.645679e-01 -2.391304e+00
 -1.274444e-01 -7.206571e-01 -2.661992e+00
