 1.349029e+00 -5.710884e-01 1.247460e+00
 1.306628e+00 -7.850169e-01 1.259308e+00
 1.186438e+00 -1.017961e+00 1.288423e+00
 1.040730e+00 -1.184633e+00 1.287091e+00
 8.530850e-01 -1.327465e+00 1.241722e+00
 6.334087e-01 -1.423131e+00 1.155289e+00
 3.673817e-01 -1.470894e+00 1.002228e+00
 1.308363e-01 -1.435923e+00 8.383068e-01
 -7.713604e-02 -1.322385e+00 6.633341e-01
 -2.351631e-01 -1.140236e+00 4.851408e-01
 -3.594135e-01 -8.454054e-01 2.956753e-01
 -5.396853e-01 -6.009106e-01 1.218457e-01
 -6.871284e-01 -4.749910e-01 6.595432e-02
 -9.380954e-01 -3.831220e-01 2.636538e-02
 -1.280431e+00 -3.711163e-01 -2.249210e-02
 -1.661511e+00 -4.651665e-01 -7.852272e-02
 -1.973619e+00 -5.088053e-01 -2.454921e-01
 -2.228576e+00 -4.785794e-01 -4.997255e-01
 -2.406292e+00 -3.646863e-01 -8.301657e-01
 -2.459712e+00 -2.064237e-01 -1.129524e+00
 -2.400891e+00 -2.045830e-02 -1.395788e+00
 -2.235516e+00 1.720798e-01 -1.612835e+00
 -1.946665e+00 3.803674e-01 -1.772700e+00
 -1.641188e+00 5.334966e-01 -1.812709e+00
 -1.319188e+00 6.330642e-01 -1.750940e+00
 -1.022152e+00 6.685672e-01 -1.597622e+00
 -7.124573e-01 6.613470e-01 -1.284573e+00
 -4.676509e-01 7.511240e-01 -1.064758e+00
 -3.065953e-01 8.784628e-01 -9.501013e-01
 -1.201966e-01 1.077310e+00 -8.882097e-01
 1.739187e-01 1.420949e+00 -8.927978e-01
 5.322859e-01 1.641426e+00 -7.785447e-01
 8.848180e-01 1.718463e+00 -5.564330e-01
 1.206082e+00 1.629952e+00 -2.550791e-01
 1.388032e+00 1.428691e+00 -1.084029e-02
 1.452683e+00 1.091107e+00 2.514176e-01
 1.321483e+00 7.502862e-01 4.992103e-01
 1.117677e+00 5.645492e-01 6.429843e-01
 7.925044e-01 4.696612e-01 8.171896e-01
 2.613237e-01 5.881849e-01 1.453005e+00
 -9.806270e-02 6.743505e-01 1.632544e+00
 -5.635531e-01 7.305422e-01 1.659987e+00
 -9.474136e-01 7.327365e-01 1.522729e+00
 -1.241476e+00 6.736283e-01 1.248471e+00
 -1.381870e+00 5.902138e-01 9.048571e-01
 -1.378466e+00 5.469099e-01 4.672330e-01
 -1.240655e+00 6.195522e-01 1.263635e-01
 -1.062538e+00 8.471645e-01 -1.486176e-01
 -1.109929e+00 1.373361e+00 -5.450007e-01
 -1.038843e+00 1.600764e+00 -9.166124e-01
 -8.218333e-01 1.693686e+00 -1.323191e+00
 -5.369323e-01 1.603892e+00 -1.671731e+00
 -2.335793e-01 1.354935e+00 -1.880422e+00
 8.788700e-02 1.003866e+00 -1.897402e+00
 3.135695e-01 6.387555e-01 -1.735514e+00
 4.028666e-01 3.211916e-01 -1.436230e+00
 1.979402e-01 -2.826590e-01 -5.640303e-01
 2.828987e-01 -8.152502e-01 -4.736109e-01
 2.437722e-01 -1.221813e+00 -5.437409e-01
 1.006137e-01 -1.563253e+00 -7.538525e-01
 -1.563696e-01 -1.776247e+00 -1.058017e+00
 -4.761794e-01 -1.811907e+00 -1.341431e+00
 -8.337764e-01 -1.687024e+00 -1.545585e+00
 -1.160999e+00 -1.423209e+00 -1.632552e+00
 -1.398496e+00 -1.057901e+00 -1.593597e+00
 -1.495378e+00 -6.585909e-01 -1.440792e+00
 -1.425363e+00 -8.267741e-02 -1.013740e+00
 -1.535526e+00 1.958781e-01 -8.493077e-01
 -1.921249e+00 5.863589e-01 -6.687730e-01
 -2.085632e+00 8.946877e-01 -4.014134e-01
 -2.073037e+00 1.180167e+00 -8.338981e-02
 -1.881752e+00 1.424383e+00 2.141220e-01
 -1.556935e+00 1.565478e+00 4.397975e-01
 -1.119567e+00 1.548893e+00 6.092540e-01
 -7.462507e-01 1.376890e+00 6.712768e-01
 -4.801511e-01 1.072716e+00 6.789311e-01
 -3.656027e-01 6.927330e-01 6.399023e-01
 -3.961386e-01 3.328815e-01 6.860753e-01
 -5.357296e-01 -5.949389e-03 9.418990e-01
 -7.386878e-01 -2.029093e-01 1.054716e+00
 -1.033003e+00 -5.706078e-01 1.034622e+00
 -1.214949e+00 -9.193347e-01 8.605711e-01
 -1.276212e+00 -1.212361e+00 5.676175e-01
 -1.233247e+00 -1.374907e+00 2.046784e-01
 -1.121690e+00 -1.375788e+00 -2.140814e-01
 -9.565893e-01 -1.205587e+00 -6.031283e-01
 -6.525047e-01 -8.790227e-01 -8.998012e-01
 -4.799639e-01 -7.941110e-01 -1.181257e+00
 -2.281008e-01 -8.026383e-01 -1.387250e+00
 1.444293e-01 -8.514531e-01 -1.504931e+00
 4.870691e-01 -8.577714e-01 -1.482779e+00
 8.116277e-01 -7.917472e-01 -1.344529e+00
 1.059731e+00 -6.569506e-01 -1.123671e+00
 1.207038e+00 -4.724190e-01 -8.273196e-01
 1.224683e+00 -3.340295e-01 -5.512421e-01
 1.253234e+00 -2.743489e-01 -4.034892e-01
 1.278180e+00 -2.439428e-01 -3.334227e-01
 1.362981e+00 -1.711112e-01 -1.836690e-01
 1.532218e+00 -1.364754e-01 4.819748e-02
 2.193002e+00 -2.863555e-01 7.203840e-01
 2.338972e+00 -3.747740e-01 1.052181e+00
 2.352299e+00 -4.654068e-01 1.419052e+00
 2.225592e+00 -5.523442e-01 1.770169e+00
 1.974045e+00 -6.233023e-01 2.050219e+00
 1.626303e+00 -6.406298e-01 2.228257e+00
 1.225017e+00 -6.091217e-01 2.266362e+00
 8.232967e-01 -5.505873e-01 2.136715e+00
 5.075860e-01 -4.929085e-01 1.850748e+00
 3.397000e-01 -4.564576e-01 1.451438e+00
 3.542705e-01 -4.567019e-01 1.010564e+00
 5.191697e-01 -4.859801e-01 6.764788e-01
 7.209228e-01 -7.127845e-01 4.234956e-01
 1.082396e+00 -1.084657e+00 2.374315e-01
 1.556664e+00 -1.190448e+00 -8.292063e-03
 1.995628e+00 -1.001576e+00 -3.319080e-01
 2.243483e+00 -5.545015e-01 -6.007566e-01
 2.183304e+00 -1.173447e-02 -8.053472e-01
 1.835722e+00 4.409696e-01 -8.902161e-01
 1.326135e+00 6.857409e-01 -7.937206e-01
 8.296973e-01 6.910068e-01 -4.789389e-01
 5.502856e-01 7.883657e-01 -1.699844e-01
 4.038351e-01 1.065699e+00 7.323424e-02
 4.428461e-01 1.335657e+00 3.807072e-01
 6.309263e-01 1.489553e+00 7.515682e-01
 8.831823e-01 1.494890e+00 1.053935e+00
 1.143967e+00 1.327639e+00 1.337230e+00
 1.342617e+00 1.015539e+00 1.538424e+00
 1.443757e+00 6.047087e-01 1.625288e+00
 1.457861e+00 1.731072e-01 1.552819e+00
 1.367097e+00 -2.135353e-01 1.331285e+00
 1.344828e+00 -3.723801e-01 1.274360e+00
