 5.872109e-01 -2.078067e+00 6.089099e-01
 5.580920e-01 -2.272240e+00 3.134163e-01
 5.781232e-01 -2.343316e+00 -6.305063e-02
 5.803319e-01 -2.247206e+00 -4.577799e-01
 5.465492e-01 -1.991607e+00 -7.996743e-01
 4.989340e-01 -1.656007e+00 -1.000759e+00
 4.397212e-01 -1.273020e+00 -1.058148e+00
 3.795122e-01 -6.983180e-01 -9.181960e-01
 4.236190e-01 -3.566454e-01 -8.886338e-01
 5.439015e-01 -7.636598e-02 -9.335713e-01
 8.583205e-01 2.872974e-01 -1.130883e+00
 9.994546e-01 5.966549e-01 -1.196661e+00
 1.060440e+00 9.401821e-01 -1.182920e+00
 1.034369e+00 1.247588e+00 -1.102584e+00
 9.118871e-01 1.529626e+00 -9.699357e-01
 7.186685e-01 1.738466e+00 -7.975441e-01
 4.872267e-01 1.851466e+00 -5.930576e-01
 -2.370954e-03 1.881628e+00 -2.572256e-01
 -2.740085e-01 2.041276e+00 -9.121037e-02
 -5.683694e-01 2.210359e+00 -7.379949e-02
 -9.550427e-01 2.310800e+00 -1.768918e-01
 -1.312437e+00 2.255143e+00 -3.536180e-01
 -1.596847e+00 2.050064e+00 -5.564066e-01
 -1.773130e+00 1.703475e+00 -7.643103e-01
 -1.792770e+00 1.346889e+00 -9.159919e-01
 -1.671971e+00 9.958790e-01 -1.024310e+00
 -1.431556e+00 7.009717e-01 -1.071702e+00
 -8.768629e-01 3.731295e-01 -1.061591e+00
 -5.975654e-01 2.227290e-01 -1.152081e+00
 -4.267391e-01 1.181962e-01 -1.278603e+00
 -1.976304e-01 -5.943756e-02 -1.652812e+00
 1.034208e-01 -2.156993e-01 -1.857115e+00
 4.625814e-01 -3.738863e-01 -1.918153e+00
 8.611055e-01 -5.326634e-01 -1.814792e+00
 1.174013e+00 -6.245362e-01 -1.566177e+00
 1.363738e+00 -6.463390e-01 -1.219878e+00
 1.421542e+00 -6.019161e-01 -7.798911e-01
 1.315412e+00 -4.926496e-01 -3.854945e-01
 1.066818e+00 -3.660714e-01 -8.818319e-02
 6.644599e-01 -1.414508e-01 1.166150e-01
 5.140285e-01 -1.269310e-02 2.733794e-01
 4.513004e-01 1.319788e-01 4.907676e-01
 5.036800e-01 4.842846e-01 9.897833e-01
 4.016436e-01 6.456628e-01 1.332975e+00
 1.885280e-01 7.041039e-01 1.660833e+00
 -1.036152e-01 6.505934e-01 1.921304e+00
 -4.311945e-01 4.873917e-01 2.079858e+00
 -7.117485e-01 2.412768e-01 2.122549e+00
 -9.426929e-01 -4.244424e-02 2.035651e+00
 -1.115716e+00 -3.263145e-01 1.808809e+00
 -1.169104e+00 -5.619731e-01 1.497804e+00
 -1.098887e+00 -7.198493e-01 1.143524e+00
 -9.187766e-01 -7.750768e-01 8.054748e-01
 -5.358224e-01 -6.513171e-01 3.267967e-01
 -4.313730e-01 -5.920330e-01 -4.427413e-02
 -5.088274e-01 -6.238434e-01 -4.650954e-01
 -8.423022e-01 -7.531817e-01 -9.577119e-01
 -1.044451e+00 -6.967518e-01 -1.245964e+00
 -1.185104e+00 -5.155015e-01 -1.552034e+00
 -1.231283e+00 -2.237578e-01 -1.825260e+00
 -1.172283e+00 9.207851e-02 -2.003171e+00
 -1.024843e+00 4.189695e-01 -2.078102e+00
 -7.995098e-01 7.306451e-01 -2.025491e+00
 -5.050857e-01 9.642203e-01 -1.853630e+00
 -2.232231e-01 1.062135e+00 -1.612479e+00
 -5.442817e-03 1.050111e+00 -1.299604e+00
 1.064213e-01 9.199563e-01 -8.191777e-01
 2.375630e-01 8.648812e-01 -5.612579e-01
 4.629223e-01 8.470184e-01 -3.607268e-01
 9.375046e-01 8.330226e-01 -9.300169e-02
 1.181168e+00 7.384447e-01 1.018456e-01
 1.389092e+00 5.445218e-01 3.561554e-01
 1.473789e+00 3.350210e-01 5.676550e-01
 1.466999e+00 9.740585e-02 7.469224e-01
 1.369268e+00 -1.500933e-01 8.855052e-01
 1.183266e+00 -4.010217e-01 9.672215e-01
 8.919321e-01 -6.619615e-01 9.689883e-01
 4.449547e-01 -8.762414e-01 8.656645e-01
 1.835253e-01 -1.047306e+00 9.064381e-01
 -4.716958e-02 -1.282262e+00 1.053756e+00
 -1.579143e-01 -1.624448e+00 1.240385e+00
 -1.073212e-01 -1.990300e+00 1.393990e+00
 8.625979e-02 -2.332423e+00 1.480749e+00
 3.840962e-01 -2.605493e+00 1.468810e+00
 7.269330e-01 -2.769980e+00 1.352901e+00
 1.061687e+00 -2.807748e+00 1.148993e+00
 1.341088e+00 -2.714032e+00 8.905265e-01
 1.525151e+00 -2.504519e+00 6.177946e-01
 1.585516e+00 -2.212104e+00 3.605684e-01
 1.501978e+00 -1.896949e+00 1.461748e-01
 1.293911e+00 -1.606378e+00 8.557621e-03
 9.807721e-01 -1.390639e+00 -5.392471e-02
 6.034036e-01 -1.288489e+00 -3.737954e-02
 2.730971e-01 -1.350679e+00 -4.342883e-02
 -1.388416e-01 -1.568393e+00 -6.814441e-02
 -5.312137e-01 -1.613769e+00 -9.037054e-02
 -9.066752e-01 -1.514783e+00 -1.025228e-01
 -1.262341e+00 -1.252459e+00 -1.089700e-01
 -1.429610e+00 -9.895359e-01 -1.065796e-01
 -1.486677e+00 -6.861251e-01 -1.060323e-01
 -1.413506e+00 -2.777071e-01 -8.461045e-02
 -1.237283e+00 3.610253e-02 -4.652786e-02
 -9.782460e-01 2.626856e-01 -2.497967e-03
 -6.013729e-01 4.154228e-01 8.709614e-02
 -4.001788e-01 5.840787e-01 1.804520e-01
 -2.121180e-01 9.522371e-01 3.964112e-01
 2.080111e-01 1.510953e+00 6.694716e-01
 3.743723e-01 1.811805e+00 6.904869e-01
 4.875211e-01 2.130253e+00 6.079169e-01
 5.308179e-01 2.430210e+00 4.293055e-01
 4.947895e-01 2.675944e+00 1.736275e-01
 3.784500e-01 2.835926e+00 -1.302172e-01
 1.939347e-01 2.884579e+00 -4.435692e-01
 -2.159678e-02 2.804875e+00 -7.307734e-01
 -2.340439e-01 2.597939e+00 -9.628709e-01
 -4.341200e-01 2.299645e+00 -1.088458e+00
 -5.952424e-01 1.969194e+00 -1.084187e+00
 -7.315321e-01 1.655419e+00 -9.438814e-01
 -7.851296e-01 1.432024e+00 -7.354520e-01
 -8.684772e-01 1.297264e+00 -4.485608e-01
 -1.127520e+00 1.288517e+00 -2.900301e-03
 -1.202973e+00 1.235549e+00 2.615483e-01
 -1.226248e+00 1.107484e+00 5.343941e-01
 -1.182864e+00 9.216266e-01 7.695313e-01
 -1.067607e+00 6.894157e-01 9.544073e-01
 -8.755417e-01 4.536763e-01 1.073262e+00
 -4.472464e-01 8.414298e-02 1.133820e+00
 -3.021305e-01 -8.777639e-02 1.239073e+00
 -1.915314e-01 -2.007415e-01 1.360682e+00
 1.709519e-02 -3.986222e-01 1.682629e+00
 2.420996e-01 -6.652026e-01 1.858426e+00
 4.794874e-01 -9.912628e-01 1.893891e+00
 6.704986e-01 -1.292552e+00 1.789970e+00
 8.155301e-01 -1.535010e+00 1.569792e+00
 8.804005e-01 -1.727420e+00 1.236970e+00
 8.231054e-01 -1.831571e+00 9.523751e-01
 6.958128e-01 -1.924333e+00 7.688843e-01
