 1.519198e+00 1.301687e+00 -9.359593e-01
 1.213260e+00 1.293743e+00 -6.380460e-01
 5.636139e-01 1.061629e+00 -3.138376e-01
 -3.416053e-02 6.567158e-01 -1.382245e-01
 -2.951086e-01 6.313451e-01 -1.157943e-01
 -1.036711e+00 8.004763e-01 -2.039897e-01
 -1.511988e+00 8.146846e-01 -3.498158e-02
 -1.881226e+00 6.990346e-01 3.253557e-01
 -2.025225e+00 4.877875e-01 7.484713e-01
 -1.917964e+00 2.305693e-01 1.168012e+00
 -1.581953e+00 6.090015e-04 1.493198e+00
 -1.113655e+00 -1.453131e-01 1.620404e+00
 -6.217516e-01 -1.794342e-01 1.528209e+00
 2.738001e-01 -8.248443e-02 8.367197e-01
 5.731805e-01 -1.409712e-01 6.794072e-01
 7.182968e-01 -1.733554e-01 6.527590e-01
 1.032242e+00 -3.000242e-01 6.771597e-01
 1.310313e+00 -5.927244e-01 6.968377e-01
 1.457436e+00 -1.024772e+00 6.683590e-01
 1.423091e+00 -1.447487e+00 5.596622e-01
 1.237760e+00 -1.793907e+00 3.455299e-01
 9.379709e-01 -1.990818e+00 6.266026e-02
 5.757098e-01 -1.997851e+00 -2.096685e-01
 2.109263e-01 -1.818219e+00 -4.118681e-01
 -1.202556e-01 -1.421184e+00 -5.453024e-01
 -2.861520e-01 -1.269776e+00 -6.509943e-01
 -3.894432e-01 -1.206252e+00 -7.495396e-01
 -5.739985e-01 -1.140879e+00 -9.228198e-01
 -8.771419e-01 -1.152792e+00 -1.079244e+00
 -1.235686e+00 -1.227064e+00 -1.128498e+00
 -1.595503e+00 -1.327541e+00 -1.036692e+00
 -1.887751e+00 -1.430139e+00 -8.204853e-01
 -2.086262e+00 -1.504604e+00 -5.005153e-01
 -2.157130e+00 -1.538147e+00 -1.185453e-01
 -2.081823e+00 -1.525665e+00 2.716704e-01
 -1.864248e+00 -1.467704e+00 6.084399e-01
 -1.538306e+00 -1.355751e+00 8.366351e-01
 -1.159119e+00 -1.193976e+00 9.100581e-01
 -7.905899e-01 -1.008326e+00 8.104757e-01
 -5.240239e-01 -8.391194e-01 5.680903e-01
 -3.871925e-01 -6.138425e-01 2.134644e-01
 -4.547712e-01 -3.903502e-01 -1.552873e-01
 -1.061742e+00 9.502801e-03 -1.068555e+00
 -1.133350e+00 2.236767e-01 -1.410020e+00
 -1.049836e+00 4.713746e-01 -1.726778e+00
 -8.238184e-01 7.081756e-01 -1.967966e+00
 -4.728434e-01 9.170777e-01 -2.099709e+00
 -9.005462e-02 1.040668e+00 -2.088004e+00
 2.705458e-01 1.083915e+00 -1.931307e+00
 5.746848e-01 1.012480e+00 -1.664525e+00
 7.365846e-01 8.557842e-01 -1.458683e+00
 8.750375e-01 5.799667e-01 -1.299941e+00
 1.227970e+00 1.105962e-01 -1.257988e+00
 1.348836e+00 -1.953390e-01 -1.167037e+00
 1.402947e+00 -4.783441e-01 -9.836519e-01
 1.363549e+00 -7.146721e-01 -7.515805e-01
 1.219107e+00 -8.954826e-01 -5.019090e-01
 1.019158e+00 -9.894555e-01 -3.036453e-01
 6.452149e-01 -9.882092e-01 2.116437e-02
 4.946257e-01 -1.084981e+00 2.729277e-01
 4.356600e-01 -1.154146e+00 5.740090e-01
 4.476440e-01 -1.114835e+00 9.503745e-01
 5.435144e-01 -9.698116e-01 1.291937e+00
 6.792979e-01 -7.034649e-01 1.550107e+00
 7.972746e-01 -3.695691e-01 1.671035e+00
 8.890377e-01 -2.420385e-03 1.655835e+00
 9.608628e-01 3.020962e-01 1.517670e+00
 9.300528e-01 6.866401e-01 1.214884e+00
 9.294851e-01 1.046428e+00 1.150088e+00
 8.503909e-01 1.346985e+00 1.190419e+00
 6.254834e-01 1.640446e+00 1.283331e+00
 3.205463e-01 1.818511e+00 1.387824e+00
 -7.141707e-02 1.871308e+00 1.472776e+00
 -4.571205e-01 1.784713e+00 1.476977e+00
 -7.909005e-01 1.579267e+00 1.380813e+00
 -1.016074e+00 1.273197e+00 1.217762e+00
 -1.087402e+00 9.086719e-01 1.026858e+00
 -1.006908e+00 6.105266e-01 8.636679e-01
 -9.839734e-01 4.546316e-01 7.816025e-01
 -9.872863e-01 3.524246e-01 7.248539e-01
 -1.015997e+00 2.200871e-01 6.541853e-01
 -1.119875e+00 2.880086e-02 5.422179e-01
 -1.300628e+00 -1.765592e-01 3.995954e-01
 -1.393752e+00 -3.783788e-01 2.641769e-01
 -1.425574e+00 -6.272541e-01 1.003932e-01
 -1.390896e+00 -7.907840e-01 -3.833909e-03
 -1.277065e+00 -1.013735e+00 -1.092306e-01
 -1.176234e+00 -1.230517e+00 -1.115569e-01
 -1.134153e+00 -1.471928e+00 -1.226692e-01
 -1.088990e+00 -1.754263e+00 -2.536853e-01
 -9.860589e-01 -1.991751e+00 -4.922167e-01
 -8.096430e-01 -2.137848e+00 -7.937999e-01
 -5.791449e-01 -2.152031e+00 -1.094566e+00
 -3.282231e-01 -2.046786e+00 -1.331550e+00
 -6.065478e-02 -1.844732e+00 -1.475002e+00
 1.841634e-01 -1.554139e+00 -1.515293e+00
 3.480969e-01 -1.224500e+00 -1.451683e+00
 4.171271e-01 -8.974441e-01 -1.290447e+00
 3.843758e-01 -4.749835e-01 -9.099798e-01
 4.430045e-01 -2.375074e-01 -6.968744e-01
 5.618144e-01 -9.055103e-02 -5.102716e-01
 7.366111e-01 -1.203014e-02 -3.750249e-01
 8.025008e-01 2.272456e-02 -3.380376e-01
 1.114210e+00 2.141628e-01 -2.105439e-01
 1.360487e+00 3.934812e-01 1.352559e-02
 1.859204e+00 6.821281e-01 8.157658e-01
 1.930714e+00 7.603506e-01 1.068860e+00
 1.928976e+00 8.406755e-01 1.333170e+00
 1.852716e+00 9.195188e-01 1.588744e+00
 1.705666e+00 9.934993e-01 1.816225e+00
 1.497988e+00 1.058959e+00 1.995944e+00
 1.242740e+00 1.102414e+00 2.116063e+00
 9.594436e-01 1.105611e+00 2.171141e+00
 6.801661e-01 1.067032e+00 2.154149e+00
 4.166486e-01 1.006903e+00 2.058964e+00
 1.929217e-01 9.317092e-01 1.882765e+00
 2.317228e-02 8.644408e-01 1.630150e+00
 -5.602415e-02 8.512721e-01 1.394806e+00
 -7.193027e-02 8.753040e-01 1.204990e+00
 -6.433188e-02 9.493315e-01 9.901313e-01
 -1.004883e-01 1.115113e+00 7.744949e-01
 -1.721097e-01 1.367864e+00 5.757434e-01
 -2.517303e-01 1.540827e+00 3.393864e-01
 -3.023693e-01 1.643000e+00 7.793279e-02
 -3.313124e-01 1.672874e+00 -1.891405e-01
 -3.454616e-01 1.631907e+00 -4.421835e-01
 -3.457437e-01 1.527801e+00 -6.686897e-01
 -3.337972e-01 1.368548e+00 -8.586921e-01
 -3.108861e-01 1.161061e+00 -1.004680e+00
 -2.954536e-01 9.593696e-01 -1.081924e+00
 -2.294046e-01 6.616997e-01 -1.134667e+00
 -1.472496e-01 4.287719e-01 -1.236371e+00
 -9.835820e-02 2.638290e-01 -1.401856e+00
 4.831215e-02 1.061847e-01 -1.682001e+00
 3.070432e-01 5.098935e-02 -1.970019e+00
 6.316290e-01 1.304275e-01 -2.196054e+00
 9.880524e-01 3.174217e-01 -2.301537e+00
 1.326380e+00 5.505333e-01 -2.243377e+00
 1.594673e+00 7.891564e-01 -2.026749e+00
 1.729561e+00 1.021603e+00 -1.695857e+00
 1.702700e+00 1.204192e+00 -1.310356e+00
