 -1.515397e+00 -1.556276e+00 3.037132e-01
 -1.271153e+00 -1.785191e+00 2.856793e-01
 -9.947887e-01 -1.962515e+00 4.002513e-01
 -5.722821e-01 -1.998017e+00 6.076283e-01
 -1.850227e-01 -1.827028e+00 7.767687e-01
 1.224512e-01 -1.469138e+00 8.676387e-01
 2.511880e-01 -1.041973e+00 8.372929e-01
 2.529424e-01 -7.042714e-01 6.784919e-01
 2.398079e-01 -4.734058e-01 4.025016e-01
 2.260361e-01 -3.531530e-01 1.200603e-01
 2.310001e-01 -3.091042e-01 -3.409929e-01
 2.137923e-01 -1.323691e-01 -1.414731e+00
 2.822559e-01 6.853736e-03 -1.721579e+00
 4.194980e-01 2.145119e-01 -1.962564e+00
 6.122087e-01 4.674170e-01 -2.108145e+00
 8.398858e-01 7.358417e-01 -2.138290e+00
 1.105972e+00 1.017517e+00 -2.034523e+00
 1.312068e+00 1.232594e+00 -1.814995e+00
 1.451770e+00 1.371552e+00 -1.499474e+00
 1.507797e+00 1.395829e+00 -1.136601e+00
 1.504138e+00 1.295048e+00 -8.009514e-01
 1.569684e+00 1.058216e+00 -5.326649e-01
 1.869102e+00 8.166219e-01 -1.801325e-01
 1.972434e+00 6.592939e-01 -2.795705e-02
 2.031441e+00 4.562874e-01 1.506671e-01
 2.020586e+00 2.595905e-01 3.078844e-01
 1.954710e+00 8.336259e-02 4.404665e-01
 1.843531e+00 -8.706474e-02 5.390578e-01
 1.684147e+00 -2.535453e-01 5.921461e-01
 1.519718e+00 -3.866380e-01 5.876273e-01
 1.360482e+00 -5.453070e-01 5.265263e-01
 1.261466e+00 -7.175022e-01 4.429520e-01
 1.076822e+00 -1.059700e+00 1.474075e-01
 6.790727e-01 -1.288409e+00 -8.364571e-02
 1.413241e-01 -1.349880e+00 -1.639110e-01
 -3.075884e-01 -1.222279e+00 -5.879219e-02
 -5.686655e-01 -1.059015e+00 1.766336e-01
 -6.848593e-01 -9.620318e-01 4.059252e-01
 -7.770184e-01 -9.834035e-01 7.343135e-01
 -9.674643e-01 -1.149313e+00 1.067586e+00
 -1.192576e+00 -1.442389e+00 1.273271e+00
 -1.449346e+00 -1.789453e+00 1.309307e+00
 -1.694585e+00 -2.108489e+00 1.167651e+00
 -1.900747e+00 -2.329861e+00 8.877077e-01
 -2.045610e+00 -2.423292e+00 5.186427e-01
 -2.094564e+00 -2.389848e+00 1.168622e-01
 -2.035751e+00 -2.244566e+00 -2.525275e-01
 -1.886135e+00 -2.009950e+00 -5.343417e-01
 -1.674611e+00 -1.719775e+00 -6.902157e-01
 -1.053487e+00 -8.696782e-01 -7.193761e-01
 -8.825776e-01 -5.158020e-01 -6.195769e-01
 -7.719630e-01 -2.570772e-01 -4.139858e-01
 -7.076876e-01 1.802546e-01 1.492268e-01
 -8.460221e-01 5.942444e-01 3.716610e-01
 -1.001480e+00 1.003363e+00 3.833577e-01
 -1.305652e+00 1.367483e+00 2.101344e-01
 -1.691758e+00 1.522445e+00 -8.581832e-02
 -2.080122e+00 1.424946e+00 -4.039604e-01
 -2.384771e+00 1.097852e+00 -6.542543e-01
 -2.527868e+00 6.213950e-01 -7.776150e-01
 -2.471093e+00 1.131421e-01 -7.473104e-01
 -2.235864e+00 -2.998785e-01 -5.641203e-01
 -1.898983e+00 -5.208487e-01 -2.467191e-01
 -1.636956e+00 -4.976075e-01 5.945511e-02
 -1.548448e+00 -4.360323e-01 3.030991e-01
 -1.475801e+00 -2.693113e-01 6.262644e-01
 -1.344477e+00 -1.449780e-01 9.037118e-01
 -1.169540e+00 1.116817e-02 1.130169e+00
 -4.017179e-01 6.934862e-01 1.757565e+00
 -2.655248e-02 8.996106e-01 1.837730e+00
 3.693738e-01 1.023538e+00 1.758469e+00
 7.169955e-01 1.061745e+00 1.533986e+00
 9.616863e-01 9.999636e-01 1.214648e+00
 1.089556e+00 8.153268e-01 8.399482e-01
 1.007497e+00 2.979404e-01 4.946185e-02
 1.147386e+00 1.007891e-01 -2.445281e-01
 1.488593e+00 -2.040507e-01 -4.476271e-01
 1.910451e+00 -5.909904e-01 -3.658450e-01
 2.167305e+00 -9.276001e-01 -2.722437e-02
 2.198428e+00 -1.168943e+00 4.785015e-01
 2.017961e+00 -1.207482e+00 9.941233e-01
 1.678079e+00 -1.039012e+00 1.387455e+00
 1.271246e+00 -7.142874e-01 1.549263e+00
 5.316972e-01 3.710484e-02 1.317163e+00
 2.577335e-01 2.579410e-01 1.091224e+00
 1.256334e-01 4.538644e-01 9.003121e-01
 -1.459080e-01 1.505765e+00 6.387862e-01
 -2.802492e-01 1.914879e+00 -3.432673e-02
 -2.553574e-02 1.862138e+00 -7.986453e-01
 3.547198e-01 1.329330e+00 -1.218584e+00
 7.567454e-01 6.812585e-01 -1.111675e+00
 9.963765e-01 4.849658e-01 -1.157587e+00
 1.301092e+00 3.720141e-01 -1.259901e+00
 1.743277e+00 3.977626e-01 -1.301083e+00
 2.133525e+00 5.873913e-01 -1.257653e+00
 2.416953e+00 8.976373e-01 -1.110509e+00
 2.533757e+00 1.262498e+00 -8.868634e-01
 2.473475e+00 1.587403e+00 -5.968863e-01
 2.243316e+00 1.818550e+00 -2.935449e-01
 1.876858e+00 1.925733e+00 -5.503302e-02
 1.445448e+00 1.886139e+00 7.002435e-02
 1.033837e+00 1.702042e+00 6.282782e-02
 4.559478e-01 1.133802e+00 -1.708968e-01
 3.742176e-01 1.058505e+00 -1.807503e-01
 2.881254e-01 1.003886e+00 -2.009635e-01
 7.403324e-02 9.199716e-01 -2.687236e-01
 -1.220180e-01 8.844429e-01 -3.578388e-01
 -4.817647e-01 9.017801e-01 -5.642872e-01
 -8.263484e-01 8.596279e-01 -6.370311e-01
 -1.192905e+00 7.359897e-01 -6.058539e-01
 -1.451348e+00 5.965446e-01 -4.774683e-01
 -1.630995e+00 4.888369e-01 -2.646141e-01
 -1.839592e+00 4.949269e-01 8.117448e-03
 -2.174954e+00 3.931743e-01 2.189702e-01
 -2.449972e+00 6.703597e-02 4.265827e-01
 -2.546663e+00 -4.101444e-01 5.737796e-01
 -2.428857e+00 -9.027314e-01 5.980959e-01
 -2.120562e+00 -1.291560e+00 5.089405e-01
