 -2.888917e-01 -1.324214e+00 -1.989543e+00
 -6.066039e-01 -1.260249e+00 -2.201278e+00
 -9.540002e-01 -1.141195e+00 -2.282526e+00
 -1.278638e+00 -9.898864e-01 -2.231403e+00
 -1.539239e+00 -7.837662e-01 -2.073418e+00
 -1.689772e+00 -5.450192e-01 -1.842780e+00
 -1.717780e+00 -2.996427e-01 -1.559589e+00
 -1.623960e+00 -1.036379e-01 -1.274280e+00
 -1.428637e+00 2.330007e-02 -1.010904e+00
 -1.150267e+00 5.611872e-02 -7.680926e-01
 -9.812747e-01 3.004200e-02 -5.469186e-01
 -8.502859e-01 -1.755314e-03 -2.060521e-01
 -8.355889e-01 -3.662471e-02 -2.175452e-02
 -8.716789e-01 -5.570796e-02 1.323737e-01
 -1.042002e+00 -9.426555e-02 4.802281e-01
 -1.419797e+00 -6.960870e-02 8.679178e-01
 -1.573634e+00 1.437802e-02 1.224904e+00
 -1.578369e+00 1.252856e-01 1.602384e+00
 -1.436501e+00 2.602232e-01 1.945212e+00
 -1.168939e+00 3.995358e-01 2.200683e+00
 -8.167431e-01 5.268262e-01 2.328607e+00
 -4.380332e-01 6.218226e-01 2.309522e+00
 1.475460e-01 6.473398e-01 2.070515e+00
 4.953619e-01 6.289805e-01 2.061174e+00
 7.878087e-01 5.232947e-01 2.122092e+00
 1.052721e+00 2.863914e-01 2.189964e+00
 1.219619e+00 -3.035449e-02 2.237574e+00
 1.275332e+00 -3.932254e-01 2.231697e+00
 1.206888e+00 -7.504334e-01 2.179747e+00
 1.021963e+00 -1.055664e+00 2.090640e+00
 7.442866e-01 -1.268700e+00 1.977225e+00
 4.094534e-01 -1.361749e+00 1.855408e+00
 6.182233e-02 -1.322635e+00 1.742625e+00
 -2.517251e-01 -1.158360e+00 1.655167e+00
 -4.878801e-01 -8.914285e-01 1.589597e+00
 -6.057372e-01 -5.308231e-01 1.498273e+00
 -5.632853e-01 1.242684e-01 1.409519e+00
 -6.109705e-01 3.286540e-01 1.349256e+00
 -6.545950e-01 4.711729e-01 1.317325e+00
 -8.281847e-01 1.409063e+00 1.056694e+00
 -8.820662e-01 1.732773e+00 7.961923e-01
 -9.074694e-01 1.927751e+00 4.321824e-01
 -8.818816e-01 1.967767e+00 3.054694e-02
 -8.029328e-01 1.851889e+00 -3.514659e-01
 -7.026019e-01 1.591110e+00 -6.572641e-01
 -4.591320e-01 7.509755e-01 -1.063193e+00
 -2.808994e-01 4.626828e-01 -1.142663e+00
 -3.207144e-02 2.351115e-01 -1.205166e+00
 1.405607e-01 6.685996e-02 -1.321219e+00
 2.366439e-01 -6.756167e-02 -1.463606e+00
 4.079231e-01 -2.170453e-01 -1.811073e+00
 5.768885e-01 -4.866100e-01 -2.050347e+00
 7.528830e-01 -8.174536e-01 -2.145379e+00
 8.900016e-01 -1.136709e+00 -2.098464e+00
 9.381843e-01 -1.485576e+00 -1.938778e+00
 8.634133e-01 -1.801532e+00 -1.689066e+00
 6.978554e-01 -1.999484e+00 -1.381358e+00
 4.711688e-01 -2.052507e+00 -1.052147e+00
 2.174864e-01 -1.951088e+00 -7.538774e-01
 -1.782877e-02 -1.716700e+00 -5.406143e-01
 -3.962908e-01 -1.197958e+00 -4.113656e-01
 -6.960692e-01 -1.030121e+00 -2.988791e-01
 -1.254341e+00 -9.727436e-01 -2.048269e-01
 -1.753507e+00 -5.682966e-01 -1.459947e-01
 -1.928549e+00 6.680732e-03 -8.277905e-02
 -1.715039e+00 5.690451e-01 -1.698526e-02
 -1.209356e+00 9.346424e-01 9.815131e-02
 -5.644694e-01 9.684192e-01 1.607869e-01
 1.792220e-01 1.460685e+00 2.401031e-01
 5.225931e-01 1.492107e+00 2.483550e-01
 8.597200e-01 1.420737e+00 1.884365e-01
 1.155006e+00 1.283238e+00 2.894204e-02
 1.381503e+00 1.082667e+00 -2.369056e-01
 1.463532e+00 8.859051e-01 -5.098132e-01
 1.411252e+00 6.850751e-01 -7.886744e-01
 1.248396e+00 5.563692e-01 -1.038995e+00
 1.053880e+00 5.496320e-01 -1.299806e+00
 8.936283e-01 6.881685e-01 -1.604734e+00
 6.857991e-01 8.024892e-01 -1.778170e+00
 3.438758e-01 8.184884e-01 -1.981407e+00
 -4.369456e-03 6.918051e-01 -2.124550e+00
 -3.095315e-01 4.501210e-01 -2.174330e+00
 -5.388749e-01 1.513569e-01 -2.098283e+00
 -6.917614e-01 -1.712833e-01 -1.878833e+00
 -7.143152e-01 -5.265792e-01 -1.497274e+00
 -8.100078e-01 -7.145432e-01 -1.351905e+00
 -9.071156e-01 -9.010723e-01 -1.286115e+00
 -1.024961e+00 -1.256910e+00 -1.245264e+00
 -1.075105e+00 -1.599424e+00 -1.076855e+00
 -1.097257e+00 -1.861831e+00 -7.860044e-01
 -1.072137e+00 -1.997119e+00 -4.354976e-01
 -9.690786e-01 -2.006915e+00 -7.757491e-02
 -7.835675e-01 -1.877431e+00 2.762033e-01
 -5.927197e-01 -1.647794e+00 5.124141e-01
 -4.035127e-01 -1.341549e+00 6.298197e-01
 -2.112536e-01 -8.893607e-01 6.167110e-01
 -2.074282e-02 -2.874376e-01 6.135957e-01
 6.559884e-02 1.730952e-01 6.179173e-01
 1.723170e-01 4.048799e-01 7.153764e-01
 2.855528e-01 7.639917e-01 9.976683e-01
 3.301422e-01 1.268398e+00 1.269549e+00
 3.519666e-01 1.502856e+00 1.534154e+00
 3.700062e-01 1.632009e+00 1.863080e+00
 3.823822e-01 1.640564e+00 2.215871e+00
 3.879447e-01 1.528338e+00 2.549554e+00
 3.864050e-01 1.310143e+00 2.823986e+00
 3.783533e-01 1.013445e+00 3.007227e+00
 3.651548e-01 6.746108e-01 3.079117e+00
 3.488420e-01 3.357342e-01 3.033683e+00
 3.114920e-01 3.646168e-02 2.882818e+00
 2.637559e-01 -1.995742e-01 2.636034e+00
 2.503013e-01 -3.433626e-01 2.318236e+00
 2.634512e-01 -3.647774e-01 2.041428e+00
 3.802803e-01 -3.315499e-01 1.721765e+00
 8.690893e-01 -2.403134e-01 1.131817e+00
 9.825644e-01 -1.901403e-01 8.974523e-01
 1.043139e+00 -1.122870e-01 6.088590e-01
 1.029087e+00 -1.591006e-02 3.545589e-01
 9.485161e-01 1.017343e-01 1.225086e-01
 8.148048e-01 2.239612e-01 -5.996233e-02
 5.712931e-01 4.472592e-01 -2.484810e-01
 4.353355e-01 7.263181e-01 -4.533872e-01
 4.243357e-01 9.807548e-01 -6.239485e-01
 4.983004e-01 1.213296e+00 -7.550974e-01
 7.388915e-01 1.465055e+00 -9.481411e-01
 1.017929e+00 1.578937e+00 -1.116248e+00
 1.320258e+00 1.563597e+00 -1.299372e+00
 1.594145e+00 1.424593e+00 -1.473018e+00
 1.826957e+00 1.150191e+00 -1.639345e+00
 1.950130e+00 8.242071e-01 -1.736509e+00
 1.974227e+00 4.640411e-01 -1.758910e+00
 1.895727e+00 1.157723e-01 -1.705091e+00
 1.724845e+00 -1.757267e-01 -1.583774e+00
 1.039550e+00 -7.218904e-01 -1.153482e+00
 6.897719e-01 -9.332845e-01 -1.114103e+00
 4.176778e-01 -1.031010e+00 -1.175215e+00
 1.526738e-01 -1.114800e+00 -1.362896e+00
 -6.358614e-02 -1.301288e+00 -1.708402e+00
