 -2.869088e+00 3.007359e-03 -9.633763e-01
 -2.652034e+00 2.512443e-01 -1.252957e+00
 -2.270426e+00 4.333621e-01 -1.446098e+00
 -1.789698e+00 4.903367e-01 -1.481543e+00
 -1.325543e+00 3.933016e-01 -1.339470e+00
 -9.945584e-01 1.378237e-01 -1.083347e+00
 -8.610340e-01 -2.544641e-01 -8.060658e-01
 -1.035132e+00 -9.739177e-01 -6.138213e-01
 -1.022362e+00 -1.294461e+00 -4.101553e-01
 -8.258944e-01 -1.617676e+00 -1.660749e-01
 -5.356755e-01 -1.778474e+00 4.105938e-02
 -2.273443e-01 -1.829279e+00 1.111144e-01
 2.101674e-02 -1.921269e+00 7.417285e-02
 2.480454e-01 -2.084099e+00 9.127097e-02
 4.855706e-01 -2.202033e+00 2.092234e-01
 8.246315e-01 -2.210727e+00 4.196085e-01
 1.156249e+00 -2.046441e+00 6.417246e-01
 1.408353e+00 -1.708301e+00 8.387337e-01
 1.516613e+00 -1.242586e+00 9.483296e-01
 1.346730e+00 -2.808065e-01 9.414474e-01
 1.259208e+00 9.668397e-02 8.220588e-01
 1.199761e+00 4.527918e-01 5.763638e-01
 1.216618e+00 6.544902e-01 4.773963e-01
 1.249359e+00 8.664907e-01 4.186367e-01
 1.365981e+00 1.140848e+00 4.043459e-01
 1.472911e+00 1.446345e+00 5.134977e-01
 1.519057e+00 1.708099e+00 7.211969e-01
 1.492778e+00 1.917374e+00 1.007594e+00
 1.361742e+00 2.052696e+00 1.324858e+00
 1.107004e+00 2.111090e+00 1.620689e+00
 7.475895e-01 2.036767e+00 1.863868e+00
 3.475201e-01 1.790176e+00 1.988224e+00
 4.512181e-03 1.390701e+00 1.917453e+00
 -1.584600e-01 9.338504e-01 1.620086e+00
 3.674853e-03 2.127007e-01 5.632805e-01
 -3.040731e-02 1.788390e-01 1.600206e-02
 -1.665255e-01 3.580218e-01 -4.199684e-01
 -3.136712e-01 8.065887e-01 -7.463064e-01
 -3.690166e-01 1.401794e+00 -7.758823e-01
 -2.548638e-01 1.915998e+00 -5.199301e-01
 -2.826938e-02 2.192627e+00 -8.883196e-02
 2.056959e-01 2.185666e+00 3.898847e-01
 3.961964e-01 1.929952e+00 7.884637e-01
 6.156886e-01 1.375206e+00 1.066241e+00
 8.611577e-01 1.144147e+00 1.320194e+00
 1.293866e+00 1.003861e+00 1.451299e+00
 1.789607e+00 8.762321e-01 1.322429e+00
 2.139710e+00 7.202884e-01 9.530290e-01
 2.258389e+00 6.030373e-01 4.661505e-01
 2.148203e+00 5.868891e-01 1.526295e-03
 1.719295e+00 4.972586e-01 -4.822974e-01
 1.576314e+00 2.138436e-01 -9.278695e-01
 1.540112e+00 -4.366030e-01 -1.137118e+00
 1.322234e+00 -1.050632e+00 -8.738846e-01
 1.036509e+00 -1.320981e+00 -3.840812e-01
 5.695408e-01 -1.154703e+00 5.478400e-01
 2.616944e-01 -1.556671e+00 1.051213e+00
 -1.019070e-01 -2.231353e+00 1.101591e+00
 -3.912569e-01 -2.749131e+00 6.355775e-01
 -4.847462e-01 -2.851841e+00 -9.145005e-02
 -3.774600e-01 -2.506682e+00 -7.187295e-01
 -1.879741e-01 -1.874259e+00 -9.651354e-01
 7.609823e-04 -1.292782e+00 -7.650367e-01
 -5.291920e-02 -8.949517e-01 -3.140462e-01
 -6.271964e-01 -6.109305e-01 8.892148e-01
 -1.044126e+00 -2.970235e-01 1.177783e+00
 -1.540149e+00 3.681089e-02 1.130502e+00
 -1.940610e+00 2.781245e-01 7.704827e-01
 -2.109605e+00 3.716175e-01 2.343657e-01
 -2.057062e+00 2.622997e-01 -2.902516e-01
 -1.922218e+00 4.155766e-02 -5.567096e-01
 -1.889877e+00 -1.969168e-01 -7.038562e-01
 -1.905081e+00 -3.975452e-01 -9.485216e-01
 -1.813732e+00 -5.186525e-01 -1.239138e+00
 -1.557513e+00 -6.160224e-01 -1.531261e+00
 -1.188799e+00 -6.829236e-01 -1.708319e+00
 -7.621777e-01 -6.888502e-01 -1.738280e+00
 -3.499657e-01 -6.023038e-01 -1.621231e+00
 2.991717e-01 -3.168398e-01 -1.103306e+00
 5.319050e-01 -2.476601e-01 -8.211509e-01
 7.643765e-01 -2.445132e-01 -4.275400e-01
 9.181567e-01 -2.575942e-01 -2.691941e-01
 1.157763e+00 -3.039462e-01 -1.137448e-01
 1.571142e+00 -4.426264e-01 -3.841132e-02
 2.108954e+00 -4.694495e-01 -2.332027e-01
 2.459791e+00 -2.930894e-01 -5.661472e-01
 2.650087e+00 1.647529e-01 -9.124170e-01
 2.533356e+00 7.046066e-01 -1.141091e+00
 2.111586e+00 1.157045e+00 -1.211602e+00
 1.536382e+00 1.349639e+00 -1.065592e+00
 2.605133e-01 1.200020e+00 3.356972e-02
 1.415329e-01 1.188971e+00 1.151994e-01
 4.075852e-02 1.189316e+00 1.650793e-01
 -8.681433e-02 1.193724e+00 2.103555e-01
 -3.018143e-01 1.161473e+00 2.406972e-01
 -4.900393e-01 1.084159e+00 2.479439e-01
 -6.936564e-01 9.377866e-01 2.566261e-01
 -8.391691e-01 7.703912e-01 2.579517e-01
 -9.412090e-01 5.878908e-01 2.449837e-01
 -1.171488e+00 -8.672097e-02 1.439639e-01
 -1.368586e+00 -3.819768e-01 1.755126e-01
 -1.641946e+00 -5.653115e-01 2.197259e-01
 -1.978479e+00 -6.664641e-01 1.953902e-01
 -2.309891e+00 -6.663843e-01 9.455953e-02
 -2.596911e+00 -5.880142e-01 -8.484838e-02
 -2.808645e+00 -4.438808e-01 -3.349083e-01
 -2.912346e+00 -2.398490e-01 -6.373836e-01
