 1.345035e+00 -2.116529e-01 -8.782423e-01
 1.295673e+00 -1.783716e-01 -1.204405e+00
 1.124724e+00 -1.316858e-01 -1.530654e+00
 8.866106e-01 -8.098440e-02 -1.746751e+00
 6.003732e-01 -3.531222e-02 -1.859689e+00
 2.568409e-01 2.579258e-02 -1.865893e+00
 9.090063e-03 1.261875e-01 -1.789068e+00
 -2.064249e-01 3.379250e-01 -1.671045e+00
 -5.297779e-01 8.179679e-01 -1.670126e+00
 -7.526900e-01 1.124509e+00 -1.505811e+00
 -9.554696e-01 1.330493e+00 -1.208917e+00
 -1.135222e+00 1.391731e+00 -8.224228e-01
 -1.220281e+00 1.310787e+00 -4.711661e-01
 -1.248351e+00 1.111398e+00 -1.912681e-01
 -1.316749e+00 9.157495e-01 -5.831112e-02
 -1.436756e+00 7.524039e-01 7.821009e-02
 -1.545654e+00 6.037476e-01 3.689228e-01
 -1.524241e+00 4.558019e-01 6.496150e-01
 -1.355114e+00 2.418060e-01 9.528867e-01
 -1.069777e+00 6.816680e-02 1.160232e+00
 -7.058018e-01 -8.151948e-02 1.238051e+00
 -2.276566e-01 -1.863388e-01 1.163668e+00
 6.239304e-02 -2.858843e-01 1.196011e+00
 3.065901e-01 -3.783060e-01 1.329075e+00
 5.221942e-01 -5.581490e-01 1.551766e+00
 6.232879e-01 -8.341399e-01 1.815660e+00
 5.729229e-01 -1.161892e+00 2.051307e+00
 3.830332e-01 -1.500766e+00 2.198094e+00
 8.722072e-02 -1.792524e+00 2.222876e+00
 -2.560272e-01 -1.995024e+00 2.112368e+00
 -5.921750e-01 -2.074347e+00 1.887696e+00
 -8.658146e-01 -2.020096e+00 1.583482e+00
 -1.034088e+00 -1.839047e+00 1.249768e+00
 -1.061117e+00 -1.573184e+00 9.395672e-01
 -9.374942e-01 -1.284351e+00 6.863582e-01
 -6.802042e-01 -1.031705e+00 5.243777e-01
 -3.571935e-01 -8.863672e-01 4.573736e-01
 -5.631814e-02 -8.795601e-01 3.973575e-01
 1.697075e-01 -9.257938e-01 3.682317e-01
 7.454263e-01 -1.186733e+00 3.344732e-01
 1.132582e+00 -1.204159e+00 3.174764e-01
 1.497742e+00 -1.076954e+00 2.963536e-01
 1.788803e+00 -8.240337e-01 2.750117e-01
 1.972731e+00 -4.652788e-01 2.638050e-01
 2.002893e+00 -1.031525e-01 2.569319e-01
 1.889336e+00 2.651445e-01 2.831372e-01
 1.713315e+00 4.936793e-01 3.572173e-01
 1.582193e+00 6.256985e-01 4.854243e-01
 1.477736e+00 8.407416e-01 6.655626e-01
 1.299371e+00 1.240195e+00 7.263990e-01
 9.765791e-01 1.561405e+00 6.349372e-01
 5.838249e-01 1.710602e+00 4.403150e-01
 2.293001e-01 1.677625e+00 1.761988e-01
 -5.330322e-02 1.464857e+00 -1.037165e-01
 -3.338456e-01 8.138463e-01 -5.476878e-01
 -4.932049e-01 5.994942e-01 -6.520924e-01
 -7.549795e-01 4.172990e-01 -7.507111e-01
 -1.083199e+00 3.601357e-01 -8.818851e-01
 -1.452994e+00 4.200987e-01 -9.369881e-01
 -1.790556e+00 5.647550e-01 -8.876739e-01
 -2.060327e+00 7.831435e-01 -7.432674e-01
 -2.220446e+00 1.043550e+00 -5.204203e-01
 -2.258535e+00 1.284719e+00 -2.260853e-01
 -2.164390e+00 1.473945e+00 9.184401e-02
 -1.950290e+00 1.584980e+00 3.894709e-01
 -1.645126e+00 1.601381e+00 6.245817e-01
 -1.294439e+00 1.520117e+00 7.615939e-01
 -9.663339e-01 1.330972e+00 8.031569e-01
 -7.015232e-01 1.059932e+00 7.418310e-01
 -5.357370e-01 7.504718e-01 5.793765e-01
 -5.129552e-01 3.943497e-01 3.465719e-01
 -6.906500e-01 4.688092e-02 1.879817e-01
 -1.355362e+00 -4.908757e-01 -1.240943e-01
 -1.521936e+00 -7.780538e-01 -3.331144e-01
 -1.549790e+00 -1.065230e+00 -6.094245e-01
 -1.427582e+00 -1.308075e+00 -9.098029e-01
 -1.161741e+00 -1.468535e+00 -1.196239e+00
 -7.874004e-01 -1.523346e+00 -1.403915e+00
 -4.105940e-01 -1.450590e+00 -1.484696e+00
 -2.426863e-02 -1.227201e+00 -1.452319e+00
 2.480745e-01 -9.327227e-01 -1.302566e+00
 3.610326e-01 -6.476614e-01 -1.080516e+00
 3.334775e-01 -3.723571e-01 -9.261035e-01
 3.300145e-01 -1.459180e-02 -8.418392e-01
 4.587041e-01 2.991426e-01 -8.811942e-01
 5.691776e-01 6.060850e-01 -1.060814e+00
 6.128522e-01 8.386324e-01 -1.327741e+00
 5.907551e-01 9.751499e-01 -1.651681e+00
 5.008579e-01 1.008004e+00 -1.996693e+00
 3.426625e-01 9.486941e-01 -2.299161e+00
 1.218584e-01 8.177776e-01 -2.529693e+00
 -1.377436e-01 6.409504e-01 -2.658934e+00
 -4.022530e-01 4.221529e-01 -2.679428e+00
 -6.324568e-01 1.837117e-01 -2.591366e+00
 -8.024372e-01 -4.779929e-02 -2.405895e+00
 -8.959035e-01 -2.445132e-01 -2.143229e+00
 -9.048873e-01 -3.817665e-01 -1.833633e+00
 -6.931871e-01 -5.676474e-01 -1.024621e+00
 -6.096992e-01 -7.036043e-01 -7.856368e-01
 -5.196717e-01 -9.065616e-01 -6.015182e-01
 -3.892714e-01 -1.449508e+00 -4.026291e-01
 -2.782620e-01 -1.735703e+00 -1.287116e-01
 -1.789525e-01 -1.888616e+00 2.431483e-01
 -9.008408e-02 -1.874937e+00 6.605332e-01
 -3.728576e-02 -1.686201e+00 1.032012e+00
 -8.416280e-02 -1.421667e+00 1.277445e+00
 -2.129924e-01 -1.248298e+00 1.404159e+00
 -3.410332e-01 -1.136013e+00 1.558839e+00
 -4.065926e-01 -9.702166e-01 1.801842e+00
 -3.701750e-01 -6.764553e-01 2.057733e+00
 -2.661536e-01 -3.402316e-01 2.182413e+00
 -1.248302e-01 3.752406e-02 2.158890e+00
 3.283163e-02 3.430272e-01 2.008463e+00
 1.874081e-01 5.678847e-01 1.744834e+00
 3.121949e-01 6.802019e-01 1.403385e+00
 4.559238e-01 6.501446e-01 6.996020e-01
 4.971531e-01 6.843840e-01 3.465113e-01
 6.558528e-01 7.429071e-01 7.113175e-02
 7.971288e-01 8.628975e-01 -1.040320e-01
 1.012878e+00 1.034736e+00 -2.573738e-01
 1.367366e+00 1.232795e+00 -3.076288e-01
 1.747125e+00 1.362488e+00 -2.046292e-01
 2.092554e+00 1.394749e+00 3.449167e-02
 2.354161e+00 1.295354e+00 3.525286e-01
 2.483607e+00 1.081671e+00 6.941337e-01
 2.458624e+00 7.880954e-01 1.000747e+00
 2.280350e+00 4.647863e-01 1.219947e+00
 1.986542e+00 1.591434e-01 1.302248e+00
 1.633518e+00 -7.222501e-02 1.230541e+00
 1.299426e+00 -2.058963e-01 1.008511e+00
 1.068314e+00 -2.286189e-01 6.942616e-01
 9.785908e-01 -1.944284e-01 4.061377e-01
 9.919920e-01 -2.008463e-01 1.137113e-01
 1.061576e+00 -2.025104e-01 -1.221948e-01
 1.287830e+00 -2.167610e-01 -5.434430e-01
