 -1.263299e+00 -1.074024e+00 -1.231242e+00
 -6.950482e-01 -9.646362e-01 -1.176095e+00
 -4.208310e-01 -9.775962e-01 -1.189714e+00
 -1.160409e-01 -1.086351e+00 -1.271263e+00
 1.844112e-01 -1.158214e+00 -1.528047e+00
 4.179077e-01 -1.088097e+00 -1.911173e+00
 5.276099e-01 -8.598115e-01 -2.285146e+00
 5.144208e-01 -5.083966e-01 -2.563216e+00
 3.915549e-01 -1.007786e-01 -2.690399e+00
 1.714357e-01 2.849256e-01 -2.650493e+00
 -1.009287e-01 5.805359e-01 -2.444709e+00
 -3.466937e-01 7.353879e-01 -2.101109e+00
 -5.154962e-01 7.226628e-01 -1.683371e+00
 -5.708903e-01 5.415742e-01 -1.268924e+00
 -4.912490e-01 2.751959e-01 -9.753921e-01
 -3.555201e-01 5.396724e-02 -8.189800e-01
 -1.575408e-01 -1.211735e-01 -7.257622e-01
 1.273467e-01 -2.790260e-01 -6.908732e-01
 5.677788e-01 -4.884386e-01 -7.705587e-01
 9.339798e-01 -6.085588e-01 -6.987121e-01
 1.309034e+00 -6.784911e-01 -4.703894e-01
 1.542074e+00 -6.612204e-01 -1.742463e-01
 1.655566e+00 -5.525111e-01 1.422430e-01
 1.620780e+00 -3.962297e-01 5.078486e-01
 1.471232e+00 -3.080587e-01 7.828112e-01
 1.261306e+00 -3.185240e-01 1.043384e+00
 9.638655e-01 -6.038980e-01 1.707693e+00
 7.602906e-01 -7.284024e-01 1.922365e+00
 4.877433e-01 -8.209111e-01 2.070669e+00
 1.753068e-01 -8.723632e-01 2.133942e+00
 -1.805909e-01 -8.783854e-01 2.102623e+00
 -4.804127e-01 -8.155349e-01 1.985466e+00
 -7.172723e-01 -7.007468e-01 1.783282e+00
 -8.757970e-01 -5.601264e-01 1.487401e+00
 -9.147065e-01 -4.256192e-01 1.125342e+00
 -8.220032e-01 -3.596532e-01 7.887592e-01
 -6.249385e-01 -3.838053e-01 4.795273e-01
 -3.973163e-01 -5.540179e-01 2.257186e-01
 -3.178007e-01 -7.864787e-01 4.966076e-02
 -2.925322e-01 -1.014005e+00 -9.573997e-02
 -4.068786e-01 -1.556864e+00 -3.607226e-01
 -4.806705e-01 -1.775819e+00 -5.684714e-01
 -5.511075e-01 -1.922011e+00 -8.355852e-01
 -6.081405e-01 -1.980895e+00 -1.136831e+00
 -6.366216e-01 -1.949736e+00 -1.444364e+00
 -6.464545e-01 -1.831325e+00 -1.721776e+00
 -6.507094e-01 -1.632695e+00 -1.949615e+00
 -6.400700e-01 -1.362780e+00 -2.112586e+00
 -5.996275e-01 -1.071117e+00 -2.187910e+00
 -5.243648e-01 -7.672649e-01 -2.177081e+00
 -4.116879e-01 -4.965828e-01 -2.082508e+00
 -2.779209e-01 -3.108025e-01 -1.936492e+00
 -1.087472e-01 -2.132262e-01 -1.792990e+00
 7.279003e-02 -1.338409e-01 -1.714739e+00
 2.450131e-01 2.547510e-02 -1.651124e+00
 3.616797e-01 2.036496e-01 -1.556025e+00
 4.473352e-01 4.130909e-01 -1.366554e+00
 4.698494e-01 5.859849e-01 -1.120496e+00
 4.289139e-01 7.099490e-01 -8.109224e-01
 2.255535e-01 8.080525e-01 -3.069352e-01
 1.118883e-01 9.412018e-01 -3.870044e-02
 4.617049e-02 1.062158e+00 9.393395e-02
 -7.766496e-02 1.457560e+00 2.809858e-01
 -1.558977e-01 1.720055e+00 5.769227e-01
 -2.442786e-01 1.844003e+00 9.575168e-01
 -3.521146e-01 1.819745e+00 1.288679e+00
 -4.264894e-01 1.676465e+00 1.586653e+00
 -4.324586e-01 1.411527e+00 1.866330e+00
 -3.852195e-01 1.083679e+00 2.036409e+00
 -2.959021e-01 7.352723e-01 2.083500e+00
 -1.817395e-01 4.001815e-01 2.004367e+00
 -5.754710e-02 1.260946e-01 1.812914e+00
 6.318021e-02 -1.261755e-01 1.442473e+00
 9.958232e-02 -3.933657e-01 1.221822e+00
 9.691207e-02 -6.493406e-01 1.147014e+00
 -1.738808e-02 -9.658178e-01 1.084811e+00
 -2.487692e-01 -1.209707e+00 1.000380e+00
 -5.874174e-01 -1.361364e+00 8.473084e-01
 -9.128490e-01 -1.371082e+00 6.412480e-01
 -1.157873e+00 -1.258954e+00 3.987823e-01
 -1.297733e+00 -1.066464e+00 1.213915e-01
 -1.315614e+00 -8.408801e-01 -1.439586e-01
 -1.221242e+00 -4.405910e-01 -4.217154e-01
 -1.315541e+00 -2.061005e-01 -6.389961e-01
 -1.466578e+00 4.892199e-02 -7.491428e-01
 -1.667753e+00 3.756571e-01 -7.354337e-01
 -1.836394e+00 7.135931e-01 -5.596395e-01
 -1.885618e+00 9.722942e-01 -3.081774e-01
 -1.809715e+00 1.182626e+00 -1.698445e-02
 -1.619413e+00 1.305985e+00 2.925086e-01
 -1.362068e+00 1.299707e+00 5.921475e-01
 -1.075958e+00 1.171865e+00 8.171186e-01
 -6.207117e-01 8.776321e-01 9.677659e-01
 -2.461750e-01 8.049487e-01 1.059243e+00
 2.639777e-02 8.704414e-01 1.119903e+00
 2.599080e-01 9.955753e-01 1.238283e+00
 5.341886e-01 1.281925e+00 1.408956e+00
 8.533678e-01 1.524525e+00 1.422229e+00
 1.221702e+00 1.677194e+00 1.306610e+00
 1.567363e+00 1.707751e+00 1.076433e+00
 1.855031e+00 1.588401e+00 7.733060e-01
 2.011061e+00 1.349730e+00 4.898104e-01
 2.008357e+00 1.043290e+00 2.010949e-01
 1.822851e+00 7.212903e-01 -5.239174e-02
 1.490626e+00 4.386076e-01 -1.780665e-01
 1.155163e+00 2.892291e-01 -1.531546e-01
 8.713478e-01 1.194852e-01 2.833053e-02
 6.653920e-01 -1.503485e-01 1.945776e-01
 6.089996e-01 -4.255504e-01 2.544591e-01
 6.609950e-01 -7.583356e-01 3.241609e-01
 8.159794e-01 -1.051471e+00 4.765610e-01
 1.080609e+00 -1.259340e+00 6.665613e-01
 1.398127e+00 -1.331331e+00 8.804400e-01
 1.715356e+00 -1.253635e+00 1.097833e+00
 1.967415e+00 -1.038746e+00 1.303982e+00
 2.126090e+00 -7.173257e-01 1.460176e+00
 2.176319e+00 -3.348805e-01 1.531539e+00
 2.108975e+00 5.100044e-02 1.508356e+00
 1.932793e+00 3.830978e-01 1.395373e+00
 1.674116e+00 6.107493e-01 1.211688e+00
 1.277713e+00 7.381833e-01 8.793298e-01
 1.119591e+00 8.643825e-01 6.852500e-01
 1.012983e+00 1.048332e+00 5.139064e-01
 1.005444e+00 1.399504e+00 1.489367e-01
 8.858828e-01 1.600576e+00 -1.473662e-01
 6.545612e-01 1.732528e+00 -4.151378e-01
 3.432149e-01 1.780242e+00 -6.080175e-01
 1.464320e-02 1.724223e+00 -7.145292e-01
 -3.137491e-01 1.566767e+00 -7.364340e-01
 -6.118242e-01 1.347418e+00 -6.387312e-01
 -8.255734e-01 1.078275e+00 -4.361583e-01
 -9.217576e-01 6.480866e-01 -8.321457e-02
 -1.075302e+00 4.443202e-01 1.047088e-01
 -1.386637e+00 2.956953e-01 2.747121e-01
 -1.741251e+00 1.030468e-01 2.703440e-01
 -2.074433e+00 -1.172682e-01 7.557902e-02
 -2.256999e+00 -3.742674e-01 -2.404507e-01
 -2.244419e+00 -6.420317e-01 -5.904638e-01
 -2.048065e+00 -8.750069e-01 -9.038125e-01
 -1.701030e+00 -1.037076e+00 -1.124430e+00
