 -1.067830e+00 -5.105356e-01 1.097031e+00
 -1.264691e+00 1.016483e-01 1.386821e+00
 -1.212188e+00 7.381175e-01 1.373154e+00
 -9.650460e-01 1.184856e+00 1.131805e+00
 -5.310598e-01 1.365470e+00 7.928037e-01
 4.148110e-02 1.200753e+00 4.929125e-01
 4.024843e-01 5.871543e-01 1.176129e-01
 9.166826e-01 2.823493e-01 -1.171236e-01
 1.089373e+00 1.215124e-01 -2.591781e-01
 1.188031e+00 -7.631537e-02 -3.818681e-01
 1.222136e+00 -3.030437e-01 -4.901997e-01
 1.175227e+00 -5.805097e-01 -5.896553e-01
 1.035569e+00 -8.385300e-01 -7.148770e-01
 7.956359e-01 -1.055401e+00 -8.556606e-01
 5.638072e-01 -1.156075e+00 -9.676451e-01
 3.341612e-01 -1.182228e+00 -1.039537e+00
 1.256772e-01 -1.147245e+00 -1.086754e+00
 -9.630916e-02 -1.038324e+00 -1.145570e+00
 -2.753522e-01 -8.842881e-01 -1.241551e+00
 -4.375457e-01 -7.165845e-01 -1.429368e+00
 -6.872051e-01 -2.314290e-01 -2.125454e+00
 -7.320118e-01 1.377476e-03 -2.321354e+00
 -7.361562e-01 2.794344e-01 -2.452148e+00
 -7.020066e-01 5.724049e-01 -2.504202e+00
 -6.417007e-01 8.629615e-01 -2.472299e+00
 -5.698310e-01 1.123794e+00 -2.359922e+00
 -4.828209e-01 1.329865e+00 -2.183732e+00
 -3.788100e-01 1.469948e+00 -1.957120e+00
 -2.737076e-01 1.531246e+00 -1.703097e+00
 -1.408455e-01 1.508379e+00 -1.430123e+00
 -3.300917e-02 1.429640e+00 -1.254526e+00
 1.136988e-01 1.340142e+00 -1.137384e+00
 3.252169e-01 1.293397e+00 -9.665936e-01
 9.506674e-01 1.379795e+00 -2.378049e-01
 1.082874e+00 1.355695e+00 -3.576530e-03
 1.166786e+00 1.277531e+00 2.388247e-01
 1.197021e+00 1.150888e+00 4.724144e-01
 1.169582e+00 9.855524e-01 6.847378e-01
 9.018798e-01 4.458343e-01 1.216033e+00
 7.966730e-01 2.478672e-01 1.410348e+00
 7.381744e-01 1.570453e-01 1.522797e+00
 6.626200e-01 5.947744e-02 1.717802e+00
 6.714842e-01 -7.216556e-02 1.977678e+00
 7.756645e-01 -2.841336e-01 2.231127e+00
 9.559901e-01 -5.330451e-01 2.395958e+00
 1.180746e+00 -7.967719e-01 2.450267e+00
 1.416834e+00 -1.049149e+00 2.384771e+00
 1.629621e+00 -1.262645e+00 2.207244e+00
 1.794233e+00 -1.413022e+00 1.938890e+00
 1.891883e+00 -1.482570e+00 1.610808e+00
 1.910393e+00 -1.462782e+00 1.260516e+00
 1.846536e+00 -1.354302e+00 9.292550e-01
 1.700801e+00 -1.174527e+00 6.571579e-01
 1.485404e+00 -9.552235e-01 4.818983e-01
 1.216040e+00 -7.289446e-01 4.197585e-01
 9.336881e-01 -5.377717e-01 4.825499e-01
 6.511275e-01 -4.077727e-01 6.457947e-01
 3.041527e-01 -4.592874e-01 8.545549e-01
 -3.738690e-01 -7.765031e-01 1.808136e+00
 -8.009870e-01 -8.410777e-01 2.038048e+00
 -1.291111e+00 -8.511332e-01 2.056438e+00
 -1.734850e+00 -8.091884e-01 1.857844e+00
 -2.028960e+00 -7.137966e-01 1.494669e+00
 -2.119619e+00 -5.596025e-01 1.045192e+00
 -1.975853e+00 -4.011394e-01 6.042865e-01
 -1.648653e+00 -3.424956e-01 2.633665e-01
 -1.339065e+00 -4.208211e-01 1.190159e-01
 -1.037454e+00 -6.479469e-01 2.506575e-02
 -8.657950e-01 -1.039045e+00 -2.630988e-01
 -9.122735e-01 -1.575310e+00 -8.249407e-01
 -8.475118e-01 -1.739076e+00 -1.193239e+00
 -6.727293e-01 -1.778054e+00 -1.566102e+00
 -4.163617e-01 -1.684040e+00 -1.877471e+00
 -1.195858e-01 -1.472593e+00 -2.075489e+00
 1.688228e-01 -1.179391e+00 -2.126477e+00
 3.978523e-01 -8.335854e-01 -2.025281e+00
 5.042294e-01 -5.077702e-01 -1.796645e+00
 5.143261e-01 -2.633173e-01 -1.452578e+00
 4.041669e-01 -1.378508e-01 -1.099328e+00
 2.637981e-01 -1.486763e-01 -7.898394e-01
 1.767770e-01 -3.415514e-01 -4.534702e-01
 1.233109e-01 -6.302587e-01 -2.104078e-01
 1.635508e-01 -1.039227e+00 -8.397857e-03
 2.980441e-01 -1.312877e+00 2.630056e-01
 4.697070e-01 -1.444898e+00 6.081433e-01
 6.707995e-01 -1.416603e+00 9.594580e-01
 8.729597e-01 -1.225950e+00 1.262666e+00
 1.052622e+00 -9.219196e-01 1.430839e+00
 1.224653e+00 -7.286209e-01 1.436605e+00
 1.412789e+00 -5.911177e-01 1.467365e+00
 1.605771e+00 -3.718901e-01 1.620661e+00
 1.692240e+00 -3.493881e-02 1.830399e+00
 1.618002e+00 3.176303e-01 2.017753e+00
 1.407784e+00 6.360211e-01 2.130293e+00
 1.105140e+00 8.776809e-01 2.150281e+00
 7.588083e-01 1.013326e+00 2.081315e+00
 4.177358e-01 1.031072e+00 1.940352e+00
 1.256622e-01 9.376939e-01 1.748675e+00
 -8.468004e-02 7.511725e-01 1.538497e+00
 -1.798247e-01 5.329104e-01 1.331654e+00
 -2.721465e-01 3.809035e-01 1.085659e+00
 -3.694381e-01 3.140326e-01 8.899482e-01
 -4.805104e-01 3.118391e-01 7.244425e-01
 -6.489146e-01 3.564504e-01 5.672268e-01
 -8.643157e-01 4.154781e-01 4.405554e-01
 -1.080709e+00 5.262155e-01 3.336987e-01
 -1.273990e+00 6.341256e-01 1.499411e-01
 -1.407045e+00 7.275635e-01 -8.303402e-02
 -1.472142e+00 7.956886e-01 -3.466679e-01
 -1.459035e+00 8.479490e-01 -6.189324e-01
 -1.371897e+00 8.885327e-01 -8.690859e-01
 -1.219170e+00 8.915911e-01 -1.096908e+00
 -1.025270e+00 8.324462e-01 -1.295683e+00
 -8.187564e-01 7.195124e-01 -1.437985e+00
 -6.733852e-01 6.216714e-01 -1.487386e+00
 -3.425106e-01 5.136556e-01 -1.533961e+00
 -1.148553e-01 5.125971e-01 -1.683041e+00
 2.030739e-01 6.274272e-01 -1.872234e+00
 5.251363e-01 9.400610e-01 -1.988262e+00
 7.285720e-01 1.354145e+00 -1.959908e+00
 7.885764e-01 1.778766e+00 -1.778957e+00
 6.997726e-01 2.120411e+00 -1.475120e+00
 4.855802e-01 2.306275e+00 -1.106535e+00
 1.892599e-01 2.297763e+00 -7.494966e-01
 -1.175991e-01 2.096541e+00 -4.748751e-01
 -3.756009e-01 1.750702e+00 -3.326595e-01
 -5.245608e-01 1.326445e+00 -3.374330e-01
 -4.532339e-01 7.681028e-01 -4.435163e-01
 -5.004339e-01 4.760575e-01 -4.982695e-01
 -7.032949e-01 1.626252e-01 -5.731725e-01
 -1.084984e+00 -1.445658e-01 -8.735470e-01
 -1.460545e+00 -4.425513e-01 -9.170334e-01
 -1.764012e+00 -7.792576e-01 -7.485193e-01
 -1.901383e+00 -1.097693e+00 -4.226115e-01
 -1.852539e+00 -1.323982e+00 -9.684771e-03
 -1.636945e+00 -1.378015e+00 4.610186e-01
 -1.351622e+00 -1.218054e+00 8.287136e-01
 -1.131429e+00 -9.162110e-01 1.011049e+00
