 7.066352e-01 -2.576973e+00 1.167507e-01
 8.345171e-01 -2.473861e+00 4.173614e-01
 8.722964e-01 -2.264819e+00 7.585670e-01
 7.812572e-01 -2.018525e+00 1.028803e+00
 5.553993e-01 -1.766339e+00 1.222128e+00
 2.363721e-01 -1.586164e+00 1.300463e+00
 -5.633000e-02 -1.553732e+00 1.346374e+00
 -7.578413e-01 -1.732733e+00 1.587846e+00
 -1.503048e+00 -1.621370e+00 1.341080e+00
 -1.866488e+00 -1.144589e+00 8.059971e-01
 -1.634424e+00 -6.334358e-01 2.401586e-01
 -9.651179e-01 -4.579690e-01 -1.198514e-01
 -3.281937e-02 -6.188921e-01 3.417114e-03
 7.200430e-01 -5.832055e-01 2.904744e-01
 1.120822e+00 -3.935259e-01 3.603514e-01
 1.418275e+00 -6.143088e-02 3.511575e-01
 1.568172e+00 3.484403e-01 2.430922e-01
 1.537032e+00 7.093554e-01 5.176525e-02
 1.437618e+00 8.954129e-01 -1.754700e-01
 1.418758e+00 9.999931e-01 -3.916528e-01
 1.440330e+00 1.217425e+00 -6.120150e-01
 1.353223e+00 1.587786e+00 -7.842985e-01
 1.104268e+00 1.964268e+00 -8.350117e-01
 7.313474e-01 2.226135e+00 -7.693815e-01
 3.256303e-01 2.316367e+00 -6.040550e-01
 -2.327451e-01 2.164256e+00 -3.598051e-01
 -6.823599e-01 2.208668e+00 -3.135437e-01
 -1.115790e+00 2.261133e+00 -5.155605e-01
 -1.447880e+00 2.152462e+00 -9.223773e-01
 -1.563577e+00 1.885096e+00 -1.352719e+00
 -1.462644e+00 1.519793e+00 -1.692445e+00
 -1.150860e+00 1.160433e+00 -1.889557e+00
 -7.041371e-01 8.980197e-01 -1.888866e+00
 -2.347600e-01 7.994529e-01 -1.686112e+00
 1.300854e-01 8.891819e-01 -1.335424e+00
 5.447846e-01 1.436445e+00 -1.050747e-01
 8.485467e-01 1.691062e+00 1.363357e-01
 1.340135e+00 1.844241e+00 2.294177e-01
 1.867868e+00 1.780240e+00 1.540211e-01
 2.280651e+00 1.489579e+00 -4.802857e-02
 2.458942e+00 1.052488e+00 -3.273846e-01
 2.349273e+00 5.842799e-01 -5.945214e-01
 1.985125e+00 2.051321e-01 -7.484752e-01
 1.469091e+00 2.270201e-02 -7.491531e-01
 9.312578e-01 7.155918e-02 -5.621126e-01
 6.259661e-01 2.874390e-01 -2.676777e-01
 3.915453e-01 7.592747e-01 8.999037e-01
 1.051784e-01 7.820928e-01 1.327185e+00
 -2.675134e-01 5.840307e-01 1.640549e+00
 -6.362238e-01 2.302027e-01 1.740027e+00
 -8.881989e-01 -2.124951e-01 1.619081e+00
 -9.480641e-01 -6.362376e-01 1.301916e+00
 -8.271490e-01 -8.839661e-01 9.294026e-01
 -7.911465e-01 -1.017618e+00 7.835179e-01
 -7.937228e-01 -1.171155e+00 6.667795e-01
 -8.459453e-01 -1.327807e+00 5.076727e-01
 -9.521475e-01 -1.470132e+00 2.801775e-01
 -1.270019e+00 -1.633571e+00 -5.175241e-01
 -1.207824e+00 -1.707517e+00 -1.017566e+00
 -9.120113e-01 -1.766069e+00 -1.427820e+00
 -4.572003e-01 -1.801574e+00 -1.647075e+00
 4.737072e-02 -1.781754e+00 -1.629277e+00
 4.836460e-01 -1.701008e+00 -1.376001e+00
 7.409563e-01 -1.619566e+00 -9.458056e-01
 7.614999e-01 -1.557791e+00 -4.564600e-01
 5.565573e-01 -1.572134e+00 -5.896286e-03
 2.351230e-01 -1.646239e+00 2.473108e-01
 -2.436783e-02 -1.886653e+00 3.672983e-01
 -1.592713e-01 -2.236570e+00 5.729901e-01
 -1.129146e-01 -2.557205e+00 1.037680e+00
 2.364278e-02 -2.592568e+00 1.555509e+00
 1.456094e-01 -2.344147e+00 2.017775e+00
 2.191439e-01 -1.866719e+00 2.308427e+00
 2.413967e-01 -1.318255e+00 2.318247e+00
 2.128092e-01 -8.393609e-01 2.052100e+00
 5.836304e-02 -3.429473e-01 1.221460e+00
 -2.955828e-03 -2.565499e-01 1.077859e+00
 -1.124589e-01 -1.482614e-01 9.259817e-01
 -2.063570e-01 -7.890432e-02 8.428624e-01
 -3.572971e-01 3.656896e-02 7.623953e-01
 -1.044550e+00 3.234778e-01 5.326383e-01
 -1.327296e+00 5.345082e-01 2.046908e-01
 -1.397437e+00 8.221235e-01 -2.074223e-01
 -1.228165e+00 1.091908e+00 -5.933629e-01
 -7.082149e-01 1.399646e+00 -9.600701e-01
 -5.419846e-01 1.694932e+00 -1.218191e+00
 -4.992672e-01 2.036308e+00 -1.350848e+00
 -4.912069e-01 2.469839e+00 -1.319986e+00
 -4.851552e-01 2.819086e+00 -1.138413e+00
 -4.254651e-01 3.084583e+00 -8.221454e-01
 -3.588211e-01 3.199017e+00 -4.274904e-01
 -3.074397e-01 3.145614e+00 -1.935657e-02
 -2.773005e-01 2.935582e+00 3.339824e-01
 -2.705950e-01 2.605863e+00 5.761333e-01
 -2.856721e-01 2.211266e+00 6.707682e-01
 -3.175461e-01 1.814711e+00 6.060130e-01
 -3.890132e-01 1.063629e+00 1.357330e-01
 -3.727327e-01 7.940879e-01 -8.708890e-02
 -3.699932e-01 5.863129e-01 -2.884996e-01
 -2.965979e-01 8.621625e-02 -8.302383e-01
 -2.633047e-01 -2.127024e-01 -9.912430e-01
 -2.498280e-01 -5.588541e-01 -1.049154e+00
 -2.518404e-01 -9.101731e-01 -9.885542e-01
 -2.509073e-01 -1.486174e+00 -6.636056e-01
 -2.419932e-01 -1.792802e+00 -6.344281e-01
 -1.613070e-01 -2.023299e+00 -6.343464e-01
 2.141757e-02 -2.278212e+00 -5.704631e-01
 2.509376e-01 -2.474285e+00 -4.151548e-01
 5.083269e-01 -2.580878e+00 -1.655686e-01
