 -1.544716e+00 1.978093e+00 -1.154302e+00
 -1.463911e+00 2.021051e+00 -8.136539e-01
 -1.289680e+00 1.981530e+00 -4.976866e-01
 -1.053766e+00 1.851844e+00 -2.517452e-01
 -8.041586e-01 1.636382e+00 -1.020214e-01
 -5.774729e-01 1.352999e+00 -6.729495e-02
 -4.255136e-01 1.066078e+00 -1.434883e-01
 -3.567443e-01 6.967678e-01 -3.177673e-01
 -4.982335e-01 3.565707e-01 -4.571954e-01
 -8.718100e-01 -1.035251e-01 -8.405023e-01
 -1.075565e+00 -4.166066e-01 -9.199632e-01
 -1.233631e+00 -7.581206e-01 -8.675103e-01
 -1.346010e+00 -1.099475e+00 -6.725257e-01
 -1.366592e+00 -1.344172e+00 -4.033778e-01
 -1.304782e+00 -1.483471e+00 -9.243071e-02
 -1.234260e+00 -1.493393e+00 2.437000e-01
 -1.252682e+00 -1.428537e+00 4.796256e-01
 -1.308835e+00 -1.409758e+00 6.816873e-01
 -1.322280e+00 -1.454251e+00 9.479493e-01
 -1.222875e+00 -1.519096e+00 1.268147e+00
 -1.026959e+00 -1.535326e+00 1.531206e+00
 -7.401778e-01 -1.474445e+00 1.744204e+00
 -4.061588e-01 -1.341606e+00 1.857616e+00
 -8.905179e-02 -1.166270e+00 1.846976e+00
 1.827349e-01 -9.628043e-01 1.719138e+00
 6.263106e-01 -4.855300e-01 1.189284e+00
 7.236794e-01 -3.162112e-01 1.058031e+00
 7.688863e-01 -2.055452e-01 1.004061e+00
 8.514993e-01 -2.002216e-02 9.685814e-01
 1.114406e+00 3.824485e-01 1.003182e+00
 1.266335e+00 7.208298e-01 8.978162e-01
 1.340867e+00 1.000228e+00 6.895548e-01
 1.309461e+00 1.236198e+00 3.918342e-01
 1.151882e+00 1.398790e+00 7.830180e-02
 6.089332e-01 1.507074e+00 -5.553826e-01
 4.834274e-01 1.496707e+00 -7.747681e-01
 4.082467e-01 1.466032e+00 -1.040733e+00
 4.063341e-01 1.421145e+00 -1.301969e+00
 5.006731e-01 1.305163e+00 -1.600381e+00
 6.261398e-01 1.100253e+00 -1.825768e+00
 7.428819e-01 7.853851e-01 -1.965072e+00
 8.103277e-01 4.306849e-01 -1.986764e+00
 8.370576e-01 5.265719e-02 -1.875179e+00
 8.220898e-01 -2.469468e-01 -1.655997e+00
 7.622717e-01 -4.549477e-01 -1.347742e+00
 6.726074e-01 -5.394133e-01 -9.895930e-01
 5.500995e-01 -4.745828e-01 -5.492408e-01
 4.950658e-01 -5.030711e-01 -2.362320e-01
 4.643410e-01 -6.227179e-01 5.653164e-02
 4.596411e-01 -7.839281e-01 2.077454e-01
 5.013057e-01 -1.004019e+00 3.409073e-01
 6.547453e-01 -1.258671e+00 4.993383e-01
 9.131990e-01 -1.486338e+00 5.869089e-01
 1.250800e+00 -1.631738e+00 6.038361e-01
 1.616624e+00 -1.660953e+00 5.616149e-01
 1.955481e+00 -1.573750e+00 4.634144e-01
 2.223960e+00 -1.384338e+00 3.460119e-01
 2.403696e+00 -1.112794e+00 2.344134e-01
 2.474840e+00 -7.929200e-01 1.276414e-01
 2.431690e+00 -4.680937e-01 3.423940e-02
 2.282605e+00 -1.758094e-01 -4.173243e-02
 2.047822e+00 5.474946e-02 -8.930511e-02
 1.755461e+00 2.028745e-01 -1.012850e-01
 9.920948e-01 3.452747e-01 -1.392436e-02
 6.938754e-01 4.774515e-01 5.703159e-02
 4.841591e-01 6.215565e-01 2.281856e-01
 2.859495e-01 9.889912e-01 5.697788e-01
 8.128952e-02 1.147698e+00 7.294414e-01
 -1.993408e-01 1.219251e+00 9.243891e-01
 -5.104358e-01 1.166655e+00 1.134433e+00
 -7.591082e-01 1.004490e+00 1.320229e+00
 -9.377658e-01 7.597198e-01 1.455295e+00
 -1.049882e+00 4.498568e-01 1.513232e+00
 -1.073923e+00 8.645369e-02 1.498984e+00
 -9.990478e-01 -2.680673e-01 1.404808e+00
 -8.466139e-01 -5.414415e-01 1.252182e+00
 -5.487835e-01 -7.882486e-01 9.991286e-01
 -3.733048e-01 -1.062928e+00 8.650569e-01
 -2.961167e-01 -1.400586e+00 8.262977e-01
 -3.404302e-01 -1.743661e+00 7.942174e-01
 -5.034450e-01 -2.052147e+00 7.656365e-01
 -7.694845e-01 -2.286820e+00 7.303049e-01
 -1.103536e+00 -2.415752e+00 6.810429e-01
 -1.452827e+00 -2.419939e+00 6.218461e-01
 -1.779045e+00 -2.303828e+00 5.470394e-01
 -2.042709e+00 -2.080462e+00 4.590043e-01
 -2.209987e+00 -1.774412e+00 3.730100e-01
 -2.258615e+00 -1.422908e+00 3.042965e-01
 -2.177583e+00 -1.066897e+00 2.514954e-01
 -1.969369e+00 -7.594202e-01 2.077934e-01
 -1.663530e+00 -5.491861e-01 1.728361e-01
 -1.292736e+00 -4.683322e-01 1.352882e-01
 -9.032001e-01 -5.375318e-01 9.395792e-02
 -5.909913e-01 -7.368995e-01 -5.777121e-02
 -3.296739e-01 -1.122769e+00 -3.424895e-01
 -7.490537e-02 -1.322992e+00 -4.691855e-01
 2.900852e-01 -1.461982e+00 -5.492788e-01
 6.538629e-01 -1.493885e+00 -5.327352e-01
 9.579514e-01 -1.413201e+00 -4.729404e-01
 1.203779e+00 -1.235180e+00 -3.728869e-01
 1.400677e+00 -9.752419e-01 -1.657452e-01
 1.457134e+00 -7.884420e-01 3.928802e-02
 1.469611e+00 -6.703255e-01 3.293012e-01
 1.693452e+00 -5.999445e-01 8.584277e-01
 1.713162e+00 -5.278996e-01 1.201528e+00
 1.617866e+00 -4.070396e-01 1.531020e+00
 1.420164e+00 -2.492760e-01 1.797616e+00
 1.155534e+00 -7.210858e-02 1.955342e+00
 8.501488e-01 1.002570e-01 1.991273e+00
 5.256952e-01 2.368715e-01 1.902277e+00
 2.193044e-01 2.987237e-01 1.704311e+00
 -2.333812e-02 2.759040e-01 1.422957e+00
 -1.871452e-01 1.980380e-01 9.972941e-01
 -3.239632e-01 2.135552e-01 8.065363e-01
 -5.851917e-01 2.815455e-01 6.163176e-01
 -1.001600e+00 4.425659e-01 4.469358e-01
 -1.222844e+00 5.474974e-01 2.425039e-01
 -1.362942e+00 6.741781e-01 -2.177818e-02
 -1.403071e+00 8.075676e-01 -3.165151e-01
 -1.338304e+00 9.190081e-01 -6.022322e-01
 -1.153324e+00 1.043426e+00 -8.787375e-01
 -9.532429e-01 1.159074e+00 -1.016644e+00
 -7.609918e-01 1.319230e+00 -1.067143e+00
 -6.386980e-01 1.501517e+00 -1.128315e+00
 -4.692846e-01 1.956859e+00 -1.221031e+00
 -2.313116e-01 2.228360e+00 -1.272975e+00
 8.829749e-02 2.399180e+00 -1.308295e+00
 4.480340e-01 2.447927e+00 -1.323021e+00
 8.018259e-01 2.369080e+00 -1.315870e+00
 1.104817e+00 2.173371e+00 -1.288351e+00
 1.318907e+00 1.886397e+00 -1.244575e+00
 1.421510e+00 1.534263e+00 -1.182567e+00
 1.393644e+00 1.175785e+00 -1.120101e+00
 1.246017e+00 8.740054e-01 -1.044253e+00
 1.008162e+00 6.409735e-01 -9.893638e-01
 7.041021e-01 4.977739e-01 -9.702512e-01
 5.112725e-01 4.647803e-01 -9.877479e-01
 2.774604e-01 4.307459e-01 -1.109667e+00
 -3.897324e-03 4.495734e-01 -1.342182e+00
 -5.249712e-01 7.538242e-01 -1.875256e+00
 -7.621207e-01 9.533407e-01 -2.014318e+00
 -1.006290e+00 1.194211e+00 -2.046348e+00
 -1.230992e+00 1.447343e+00 -1.962973e+00
 -1.411029e+00 1.680850e+00 -1.769444e+00
 -1.521464e+00 1.865417e+00 -1.487152e+00
