 1.098594e+00 -1.533443e+00 5.398215e-01
 1.408503e+00 -1.375029e+00 6.144357e-01
 1.625502e+00 -1.157458e+00 6.516826e-01
 1.764661e+00 -8.789468e-01 6.590005e-01
 1.824359e+00 -5.452583e-01 6.083485e-01
 1.797198e+00 -2.540344e-01 5.154902e-01
 1.685318e+00 4.662110e-03 3.997462e-01
 1.504191e+00 2.081148e-01 2.716273e-01
 1.270897e+00 3.390569e-01 1.414659e-01
 5.700606e-01 4.758029e-01 -1.818490e-01
 2.512704e-01 6.074081e-01 -6.391752e-01
 -2.346382e-01 7.327341e-01 -1.528166e+00
 -5.791395e-01 6.208477e-01 -1.837788e+00
 -9.087796e-01 3.771980e-01 -1.985707e+00
 -1.182082e+00 9.436656e-02 -1.974925e+00
 -1.408583e+00 -1.711896e-01 -1.824198e+00
 -1.562609e+00 -3.850778e-01 -1.568956e+00
 -1.637267e+00 -5.211101e-01 -1.247411e+00
 -1.587666e+00 -6.347021e-01 -6.813688e-01
 -1.588969e+00 -8.303716e-01 -4.284282e-01
 -1.654869e+00 -9.824450e-01 -2.555880e-01
 -1.851808e+00 -1.271563e+00 -1.588006e-02
 -1.909141e+00 -1.495729e+00 2.029265e-01
 -1.876052e+00 -1.692889e+00 4.387243e-01
 -1.762477e+00 -1.845932e+00 6.705156e-01
 -1.582288e+00 -1.945178e+00 8.803546e-01
 -1.351175e+00 -1.990149e+00 1.049224e+00
 -1.090238e+00 -1.979885e+00 1.164387e+00
 -8.283749e-01 -1.907698e+00 1.225785e+00
 -5.846862e-01 -1.780698e+00 1.236426e+00
 -3.679046e-01 -1.591181e+00 1.206148e+00
 -2.330700e-01 -1.393149e+00 1.146592e+00
 -1.693314e-01 -1.197139e+00 1.093570e+00
 -1.611576e-01 -9.414574e-01 1.044082e+00
 -1.939179e-01 -7.314821e-01 1.045589e+00
 -2.096463e-01 -5.236348e-01 1.119668e+00
 -2.001712e-01 -2.675867e-01 1.287211e+00
 -1.373644e-01 2.357845e-02 1.592794e+00
 -5.588195e-02 3.267049e-01 1.750795e+00
 1.703588e-02 6.658214e-01 1.797645e+00
 8.754444e-02 9.922176e-01 1.728534e+00
 1.408480e-01 1.273734e+00 1.556262e+00
 1.746294e-01 1.480192e+00 1.304625e+00
 2.091815e-01 1.586565e+00 9.944243e-01
 2.185752e-01 1.591526e+00 6.733323e-01
 2.427183e-01 1.470048e+00 2.780312e-01
 3.022032e-01 1.461204e+00 -1.909718e-02
 3.518728e-01 1.550488e+00 -2.835000e-01
 5.483745e-01 1.747814e+00 -5.661973e-01
 8.469621e-01 1.969258e+00 -7.219770e-01
 1.215489e+00 2.140375e+00 -7.374568e-01
 1.607199e+00 2.197720e+00 -6.303012e-01
 1.942756e+00 2.147546e+00 -4.202104e-01
 2.170175e+00 2.016992e+00 -1.438001e-01
 2.271825e+00 1.835068e+00 1.531489e-01
 2.252944e+00 1.632459e+00 4.285668e-01
 2.135180e+00 1.434519e+00 6.546703e-01
 1.945404e+00 1.258821e+00 8.169026e-01
 1.706826e+00 1.116132e+00 9.128554e-01
 9.735785e-01 8.225205e-01 9.821509e-01
 4.521750e-01 5.884150e-01 8.654538e-01
 3.474634e-02 5.807376e-01 7.550260e-01
 -6.734616e-01 8.763475e-01 9.116751e-01
 -1.301916e+00 1.033197e+00 5.971709e-01
 -1.628660e+00 1.018313e+00 3.400820e-03
 -1.555548e+00 7.801667e-01 -5.831186e-01
 -1.216316e+00 4.190136e-01 -9.528283e-01
 -8.563694e-01 9.521882e-02 -9.980781e-01
 -6.503790e-01 -1.509638e-01 -1.119842e+00
 -8.218662e-02 -4.529900e-01 -1.698885e+00
 1.095588e-01 -5.215774e-01 -1.815230e+00
 3.330618e-01 -5.962011e-01 -1.882858e+00
 5.888553e-01 -6.777845e-01 -1.891961e+00
 8.403196e-01 -7.631315e-01 -1.832670e+00
 1.077565e+00 -8.487186e-01 -1.696794e+00
 1.273356e+00 -9.215457e-01 -1.487534e+00
 1.401734e+00 -9.626755e-01 -1.224061e+00
 1.456469e+00 -9.539184e-01 -9.200209e-01
 1.417271e+00 -8.975027e-01 -5.828766e-01
 1.283234e+00 -8.084033e-01 -2.865132e-01
 9.350491e-01 -6.234488e-01 9.069376e-02
 8.037011e-01 -5.373102e-01 4.634547e-01
 7.995519e-01 -6.435158e-01 1.245106e+00
 6.846305e-01 -7.295787e-01 1.571063e+00
 4.648140e-01 -8.235562e-01 1.835101e+00
 1.478971e-01 -8.957118e-01 2.019529e+00
 -2.131493e-01 -9.225024e-01 2.075062e+00
 -5.797423e-01 -9.221054e-01 1.988298e+00
 -9.064273e-01 -9.166253e-01 1.755567e+00
 -1.122358e+00 -9.312729e-01 1.418932e+00
 -1.185646e+00 -9.680665e-01 1.047116e+00
 -1.105950e+00 -1.065087e+00 6.904743e-01
 -9.549377e-01 -1.244784e+00 4.581048e-01
 -8.603741e-01 -1.579634e+00 2.402378e-01
 -6.608738e-01 -1.852040e+00 -4.795147e-02
 -4.394843e-01 -1.972138e+00 -2.781016e-01
 -2.106560e-01 -1.969232e+00 -4.896963e-01
 1.136131e-02 -1.847847e+00 -6.759471e-01
 2.194888e-01 -1.593562e+00 -8.278967e-01
 4.121993e-01 -1.126188e+00 -9.381122e-01
 4.752424e-01 -6.526818e-01 -8.822904e-01
 5.342590e-01 -4.949678e-01 -8.979390e-01
 6.874262e-01 -2.829468e-01 -9.506936e-01
 9.171485e-01 -8.538659e-02 -1.014699e+00
 1.054477e+00 7.191627e-02 -1.023129e+00
 1.145944e+00 2.181240e-01 -1.010458e+00
 1.267320e+00 4.728546e-01 -9.656821e-01
 1.351096e+00 6.894449e-01 -8.882670e-01
 1.412621e+00 9.130376e-01 -7.425413e-01
 1.441952e+00 1.093881e+00 -5.564460e-01
 1.445212e+00 1.209468e+00 -3.713120e-01
 1.397651e+00 1.320710e+00 -1.410962e-01
 1.317710e+00 1.479121e+00 4.722383e-02
 1.265875e+00 1.664712e+00 1.766215e-01
 1.195581e+00 1.851346e+00 2.432612e-01
 1.089253e+00 2.034232e+00 2.727058e-01
 9.192816e-01 2.232923e+00 2.629221e-01
 7.409792e-01 2.362594e+00 2.260834e-01
 5.233189e-01 2.448867e+00 1.810365e-01
 2.888454e-01 2.476781e+00 1.303312e-01
 2.778448e-02 2.441473e+00 7.375722e-02
 -1.914180e-01 2.352913e+00 1.857835e-02
 -3.820454e-01 2.212623e+00 -3.995914e-02
 -5.334254e-01 2.028291e+00 -9.629985e-02
 -6.352626e-01 1.812303e+00 -1.489141e-01
 -6.819789e-01 1.583502e+00 -1.941493e-01
 -6.763210e-01 1.364713e+00 -2.285958e-01
 -6.443335e-01 1.223831e+00 -2.418811e-01
 -6.089326e-01 1.089879e+00 -2.232287e-01
 -5.935390e-01 9.190030e-01 -1.836353e-01
 -6.244845e-01 5.928686e-01 -1.162641e-01
 -6.994995e-01 4.284005e-01 -4.721966e-02
 -7.865125e-01 3.286236e-01 -3.904567e-03
 -1.078641e+00 1.116245e-01 8.530424e-02
 -1.378483e+00 1.068821e-02 1.494648e-01
 -1.838663e+00 -2.411976e-02 1.373939e-01
 -2.171081e+00 -1.249485e-01 2.405438e-02
 -2.442216e+00 -3.249328e-01 -1.710158e-01
 -2.592977e+00 -6.028537e-01 -4.244125e-01
 -2.583264e+00 -9.110443e-01 -6.973605e-01
 -2.408010e+00 -1.227502e+00 -9.176064e-01
 -2.070887e+00 -1.494418e+00 -1.050340e+00
 -1.617419e+00 -1.594676e+00 -1.120353e+00
 -1.136137e+00 -1.490965e+00 -1.089133e+00
 -7.983203e-01 -1.244759e+00 -9.417276e-01
 -5.083991e-01 -9.197610e-01 -4.819399e-01
 -2.587477e-01 -8.719493e-01 -1.935238e-01
 -5.054922e-02 -9.957138e-01 -2.138480e-02
 1.460508e-01 -1.259185e+00 1.375365e-01
 2.638285e-01 -1.386953e+00 2.049507e-01
 5.003967e-01 -1.522098e+00 3.219917e-01
 7.871038e-01 -1.577756e+00 4.381159e-01
