 -1.025799e+00 -2.227625e+00 -1.167146e+00
 -1.339003e+00 -1.968239e+00 -1.319918e+00
 -1.570126e+00 -1.602020e+00 -1.346647e+00
 -1.695265e+00 -1.207008e+00 -1.224250e+00
 -1.698500e+00 -8.542224e-01 -9.664184e-01
 -1.545182e+00 -5.911869e-01 -6.647913e-01
 -1.250421e+00 -4.458020e-01 -3.821279e-01
 -9.388323e-01 -4.584313e-01 -1.989291e-01
 -6.885833e-01 -5.205510e-01 -1.150572e-01
 -3.997253e-01 -5.640218e-01 -1.449050e-01
 -6.791902e-02 -6.375667e-01 -3.132453e-01
 6.572848e-01 -7.021222e-01 -6.644393e-01
 9.153780e-01 -6.479458e-01 -7.684900e-01
 1.157551e+00 -5.197684e-01 -8.472519e-01
 1.363452e+00 -3.265445e-01 -8.948822e-01
 1.545938e+00 -4.199685e-02 -9.020400e-01
 1.653663e+00 2.621048e-01 -8.471032e-01
 1.696217e+00 7.033952e-01 -6.831192e-01
 1.732518e+00 9.345821e-01 -6.593152e-01
 1.848531e+00 1.229868e+00 -6.774276e-01
 1.959682e+00 1.549200e+00 -8.613419e-01
 1.952477e+00 1.843809e+00 -1.195346e+00
 1.780171e+00 2.032327e+00 -1.562483e+00
 1.468260e+00 2.107557e+00 -1.864322e+00
 1.077855e+00 2.030080e+00 -2.074634e+00
 6.857243e-01 1.808378e+00 -2.145858e+00
 3.715164e-01 1.482031e+00 -2.058669e+00
 2.029623e-01 1.115465e+00 -1.826593e+00
 2.188119e-01 7.873585e-01 -1.498086e+00
 6.256269e-01 3.275403e-01 -6.185572e-01
 7.243756e-01 2.641375e-01 -3.709734e-01
 1.138859e+00 2.272834e-01 9.987328e-02
 1.266499e+00 1.949877e-01 5.188858e-01
 1.207164e+00 1.123037e-01 9.552783e-01
 9.609716e-01 5.343770e-03 1.303155e+00
 5.686945e-01 -1.127739e-01 1.510991e+00
 9.755055e-02 -2.319627e-01 1.526846e+00
 -3.108052e-01 -3.487328e-01 1.342329e+00
 -5.329199e-01 -4.580359e-01 1.280896e+00
 -7.534783e-01 -5.949140e-01 1.303761e+00
 -1.160698e+00 -8.399781e-01 1.519382e+00
 -1.457697e+00 -1.089778e+00 1.545901e+00
 -1.752686e+00 -1.330371e+00 1.416971e+00
 -1.980311e+00 -1.525028e+00 1.151714e+00
 -2.087376e+00 -1.664967e+00 7.907471e-01
 -2.045554e+00 -1.748042e+00 3.917146e-01
 -1.850485e+00 -1.774501e+00 2.739817e-02
 -1.542537e+00 -1.717635e+00 -2.431434e-01
 -1.003591e+00 -1.447775e+00 -4.816221e-01
 -7.703366e-01 -1.300868e+00 -7.578903e-01
 -6.736470e-01 -9.999022e-01 -1.057121e+00
 -6.213874e-01 -6.127127e-01 -1.181217e+00
 -5.411775e-01 -1.863195e-01 -1.113154e+00
 -4.914417e-01 2.115675e-01 -8.360059e-01
 -4.033099e-01 6.158942e-01 -7.374837e-02
 -4.856859e-01 8.824487e-01 1.756351e-01
 -6.608757e-01 1.109395e+00 3.601283e-01
 -9.822428e-01 1.264351e+00 5.439304e-01
 -1.378419e+00 1.262933e+00 7.086420e-01
 -1.736783e+00 1.109764e+00 8.079142e-01
 -2.005906e+00 8.226618e-01 8.678506e-01
 -2.150007e+00 4.237921e-01 8.921471e-01
 -2.144890e+00 3.728934e-02 8.633274e-01
 -2.007019e+00 -3.148253e-01 7.804490e-01
 -1.483859e+00 -8.667833e-01 5.419990e-01
 -1.279193e+00 -1.082695e+00 5.285844e-01
 -1.139124e+00 -1.289902e+00 5.961414e-01
 -1.030813e+00 -1.746324e+00 7.232402e-01
 -7.589009e-01 -2.081783e+00 8.230094e-01
 -3.237776e-01 -2.296983e+00 8.826509e-01
 1.147433e-01 -2.306849e+00 8.563113e-01
 5.239613e-01 -2.117509e+00 7.979959e-01
 8.239153e-01 -1.743902e+00 7.400940e-01
 9.215343e-01 -1.280851e+00 6.567729e-01
 7.970377e-01 -8.253546e-01 5.692174e-01
 4.526220e-01 -4.378418e-01 5.253698e-01
 2.526372e-01 -1.051371e-01 5.172045e-01
 2.136650e-01 9.530704e-02 5.582968e-01
 3.253642e-01 6.974995e-01 7.547197e-01
 3.457822e-01 1.476053e+00 7.523420e-01
 4.165299e-01 1.865072e+00 5.861731e-01
 5.344105e-01 2.146436e+00 2.833735e-01
 6.727785e-01 2.269889e+00 -1.062382e-01
 8.066039e-01 2.211838e+00 -5.128713e-01
 8.991252e-01 1.980410e+00 -8.728398e-01
 9.910447e-01 1.441091e+00 -1.210321e+00
 1.164083e+00 1.209200e+00 -1.448039e+00
 1.373336e+00 1.087373e+00 -1.598365e+00
 1.696849e+00 9.613863e-01 -1.677255e+00
 2.053136e+00 8.764293e-01 -1.629636e+00
 2.363238e+00 7.885032e-01 -1.455319e+00
 2.589739e+00 7.105439e-01 -1.176332e+00
 2.709882e+00 6.761423e-01 -8.273851e-01
 2.706249e+00 6.915098e-01 -4.563914e-01
 2.578210e+00 7.540696e-01 -1.125313e-01
 2.341377e+00 8.548622e-01 1.581312e-01
 2.026210e+00 9.796355e-01 3.182547e-01
 1.674931e+00 1.110397e+00 3.448160e-01
 1.344469e+00 1.214869e+00 2.383372e-01
 8.359825e-01 1.250500e+00 -1.208991e-01
 7.043264e-01 1.248084e+00 -1.793612e-01
 4.902228e-01 1.260298e+00 -2.520459e-01
 -8.744558e-02 1.460534e+00 -5.951250e-01
 -5.292636e-01 1.452341e+00 -6.906013e-01
 -9.519682e-01 1.312638e+00 -6.395457e-01
 -1.276325e+00 1.043909e+00 -4.746977e-01
 -1.432700e+00 7.073836e-01 -2.148742e-01
 -1.411075e+00 4.116115e-01 1.266367e-01
 -1.265215e+00 2.789912e-01 3.997849e-01
 -1.137570e+00 2.546823e-01 6.979353e-01
 -1.127873e+00 3.689736e-01 1.328057e+00
 -1.071538e+00 3.051471e-01 1.695687e+00
 -9.500144e-01 1.269606e-01 2.010427e+00
 -7.565207e-01 -1.589994e-01 2.242541e+00
 -5.673300e-01 -4.859257e-01 2.324025e+00
 -4.041777e-01 -8.122289e-01 2.259246e+00
 -2.480747e-01 -1.093283e+00 2.049982e+00
 -1.060739e-01 -1.294294e+00 1.696695e+00
 -3.852061e-02 -1.350567e+00 1.301354e+00
 -1.094327e-01 -1.278695e+00 7.563143e-01
 -9.772869e-02 -1.397965e+00 3.592713e-01
 -1.989834e-01 -2.062736e+00 -3.044004e-01
 -3.963534e-01 -2.273216e+00 -6.080680e-01
 -6.912547e-01 -2.334423e+00 -9.154496e-01
