 -8.175953e-01 -8.205971e-01 1.271037e+00
 -1.051347e+00 -1.128198e+00 1.149130e+00
 -1.191833e+00 -1.420405e+00 8.978499e-01
 -1.230976e+00 -1.621047e+00 5.387046e-01
 -1.191657e+00 -1.676713e+00 1.307093e-01
 -1.076298e+00 -1.586401e+00 -2.458735e-01
 -9.014747e-01 -1.378909e+00 -5.367461e-01
 -5.848998e-01 -8.844735e-01 -8.296680e-01
 -4.811504e-01 -7.077762e-01 -1.083247e+00
 -4.847379e-01 -2.836069e-01 -1.547454e+00
 -2.917907e-01 -3.648143e-03 -1.813775e+00
 6.009660e-02 1.562104e-01 -2.063418e+00
 4.964760e-01 1.330814e-01 -2.245782e+00
 9.274656e-01 -8.292368e-02 -2.313037e+00
 1.250893e+00 -4.534505e-01 -2.238388e+00
 1.382162e+00 -8.927434e-01 -2.030723e+00
 1.287192e+00 -1.290407e+00 -1.734202e+00
 1.000875e+00 -1.540678e+00 -1.432291e+00
 6.231669e-01 -1.618351e+00 -1.233568e+00
 2.487611e-01 -1.613194e+00 -1.218226e+00
 -1.381799e-02 -1.648906e+00 -1.289815e+00
 -5.409230e-01 -1.623331e+00 -1.581803e+00
 -1.019385e+00 -1.391263e+00 -1.651125e+00
 -1.375991e+00 -1.034876e+00 -1.505212e+00
 -1.513876e+00 -6.260821e-01 -1.225865e+00
 -1.406268e+00 -2.500631e-01 -9.112723e-01
 -9.751291e-01 9.909766e-02 -5.298831e-01
 -7.778824e-01 2.199493e-01 -2.168598e-01
 -6.820443e-01 2.863703e-01 1.479437e-01
 -7.037387e-01 2.638046e-01 4.395197e-01
 -8.458063e-01 2.121543e-01 6.842265e-01
 -1.102921e+00 2.280297e-01 9.798749e-01
 -1.498360e+00 4.179913e-01 1.185741e+00
 -1.845523e+00 7.628810e-01 1.215989e+00
 -2.033365e+00 1.172609e+00 1.103370e+00
 -2.037983e+00 1.559769e+00 9.173274e-01
 -1.884687e+00 1.874520e+00 6.993692e-01
 -1.625207e+00 2.068242e+00 4.624319e-01
 -1.305312e+00 2.122440e+00 2.430568e-01
 -9.666393e-01 2.038009e+00 7.201239e-02
 -6.519497e-01 1.827915e+00 -2.470788e-02
 -3.345917e-01 1.434440e+00 -2.929874e-02
 1.339189e-02 1.004329e+00 -9.200936e-03
 3.095093e-01 8.105082e-01 -5.954541e-02
 5.198362e-01 7.426942e-01 -1.246672e-01
 7.394042e-01 7.222896e-01 -2.434040e-01
 1.119053e+00 8.230006e-01 -3.777192e-01
 1.481421e+00 1.128618e+00 -4.291195e-01
 1.729033e+00 1.527483e+00 -3.073923e-01
 1.810784e+00 1.910673e+00 -3.124871e-02
 1.699673e+00 2.212299e+00 3.174971e-01
 1.427245e+00 2.370544e+00 6.626811e-01
 1.056434e+00 2.358601e+00 9.348766e-01
 6.640831e-01 2.185388e+00 1.084836e+00
 3.309102e-01 1.892439e+00 1.088124e+00
 8.295196e-02 1.416149e+00 9.589708e-01
 -6.583125e-02 1.060886e+00 9.938042e-01
 -1.681581e-01 8.579712e-01 1.102662e+00
 -2.250563e-01 5.867707e-01 1.398126e+00
 -1.518757e-01 2.613402e-01 1.862275e+00
 -9.206255e-02 -3.680037e-02 2.066392e+00
 -3.676698e-02 -4.155623e-01 2.154344e+00
 -4.951712e-03 -8.269110e-01 2.094110e+00
 2.653661e-02 -1.173093e+00 1.870263e+00
 3.129688e-02 -1.412486e+00 1.481806e+00
 -4.790549e-02 -1.471100e+00 1.008051e+00
 -2.138422e-01 -1.303845e+00 5.538724e-01
 -4.226301e-01 -1.025522e+00 3.223772e-01
 -6.763677e-01 -7.669947e-01 2.562777e-01
 -1.159408e+00 -6.300212e-01 2.048314e-01
 -1.443956e+00 -4.472613e-01 2.026268e-01
 -1.644573e+00 -1.889553e-01 1.941615e-01
 -1.733245e+00 1.248391e-01 1.623223e-01
 -1.685779e+00 5.263493e-01 1.614036e-01
 -1.497961e+00 8.921707e-01 2.532503e-01
 -1.283152e+00 1.091110e+00 3.947518e-01
 -1.086084e+00 1.211962e+00 6.651507e-01
 -9.888303e-01 1.469987e+00 1.168904e+00
 -8.165369e-01 1.541367e+00 1.508447e+00
 -5.086798e-01 1.530176e+00 1.805851e+00
 -1.178136e-01 1.432061e+00 1.977912e+00
 2.784781e-01 1.282864e+00 1.971179e+00
 6.454234e-01 1.040343e+00 1.758235e+00
 8.208827e-01 7.028790e-01 1.416396e+00
 7.717140e-01 4.666168e-01 1.015341e+00
 8.109790e-01 3.563785e-01 7.820575e-01
 9.635676e-01 9.276831e-02 5.157883e-01
 1.054044e+00 -5.444254e-02 3.141218e-01
 1.117653e+00 -1.454747e-01 1.021949e-01
 1.192510e+00 -2.541941e-01 -4.110918e-01
 1.159795e+00 -3.181150e-01 -6.623625e-01
 1.067376e+00 -3.906746e-01 -8.916112e-01
 9.131258e-01 -4.641788e-01 -1.107406e+00
 5.002312e-01 -6.322987e-01 -1.521041e+00
 3.675786e-01 -7.980377e-01 -1.809554e+00
 3.376200e-01 -9.707346e-01 -2.003223e+00
 3.330504e-01 -1.235074e+00 -2.159877e+00
 3.571450e-01 -1.535142e+00 -2.232537e+00
 3.739869e-01 -1.826641e+00 -2.211566e+00
 3.772891e-01 -2.092821e+00 -2.114632e+00
 3.732497e-01 -2.328691e+00 -1.940576e+00
 3.725655e-01 -2.513147e+00 -1.691995e+00
 3.767690e-01 -2.618984e+00 -1.374627e+00
 3.854701e-01 -2.610242e+00 -1.008503e+00
 3.971913e-01 -2.452835e+00 -6.387707e-01
 4.086931e-01 -2.134973e+00 -3.406201e-01
 4.154959e-01 -1.695763e+00 -1.999910e-01
 3.693247e-01 -9.980654e-01 -3.054009e-01
 2.037313e-01 -4.670650e-01 -3.591534e-01
 1.548311e-01 -2.113863e-01 -4.810268e-01
 9.175512e-02 2.145541e-01 -8.781544e-01
 9.375960e-02 5.764347e-01 -1.044881e+00
 1.847594e-01 1.023669e+00 -1.061618e+00
 3.627742e-01 1.421497e+00 -8.987204e-01
 5.632408e-01 1.691796e+00 -5.666567e-01
 7.052859e-01 1.761955e+00 -1.628171e-01
 8.242549e-01 1.654272e+00 1.999210e-01
 1.015559e+00 1.432733e+00 4.548711e-01
 1.565567e+00 1.049293e+00 7.301062e-01
 1.749381e+00 7.567250e-01 8.845123e-01
 1.796335e+00 4.145496e-01 1.071997e+00
 1.693209e+00 9.059414e-02 1.256673e+00
 1.459452e+00 -1.914033e-01 1.382200e+00
 1.132262e+00 -4.009889e-01 1.414816e+00
 7.690717e-01 -5.023681e-01 1.351394e+00
 8.297059e-02 -4.416457e-01 1.116345e+00
 -2.534869e-01 -4.601829e-01 1.151234e+00
 -5.379459e-01 -5.772761e-01 1.254315e+00
