 1.329003e+00 -1.787429e+00 4.413388e-01
 1.412528e+00 -1.560288e+00 2.347842e-01
 1.477394e+00 -1.409997e+00 -1.069017e-01
 1.603179e+00 -1.426737e+00 -6.544088e-01
 1.523314e+00 -1.300601e+00 -1.106333e+00
 1.353106e+00 -9.793449e-01 -1.450585e+00
 1.082422e+00 -5.712839e-01 -1.588067e+00
 7.310481e-01 -2.119456e-01 -1.484951e+00
 2.275711e-02 2.593127e-01 -8.265650e-01
 -1.638301e-01 3.928938e-01 -7.117184e-01
 -3.299756e-01 4.927490e-01 -6.629058e-01
 -4.371675e-01 5.626679e-01 -6.635816e-01
 -1.101003e+00 1.015174e+00 -8.106089e-01
 -1.366522e+00 1.198102e+00 -7.473365e-01
 -1.582894e+00 1.479355e+00 -5.807607e-01
 -1.666021e+00 1.788642e+00 -3.448500e-01
 -1.596296e+00 2.083988e+00 -6.188198e-02
 -1.379729e+00 2.306548e+00 2.027750e-01
 -1.065100e+00 2.401496e+00 4.356317e-01
 -6.838725e-01 2.353538e+00 5.985095e-01
 -3.388977e-01 2.232887e+00 6.061309e-01
 -8.303071e-02 2.160192e+00 4.882352e-01
 1.220397e-01 2.168403e+00 3.958045e-01
 4.361043e-01 2.244871e+00 1.824820e-01
 7.183073e-01 2.190311e+00 -4.152220e-02
 9.692483e-01 2.011758e+00 -2.402754e-01
 1.181611e+00 1.683972e+00 -4.194139e-01
 1.243392e+00 1.315442e+00 -5.378811e-01
 1.173025e+00 9.488465e-01 -5.754341e-01
 1.028073e+00 6.830334e-01 -5.092253e-01
 8.740414e-01 4.465120e-01 -3.101760e-01
 8.031785e-01 2.703237e-01 -2.261134e-02
 8.812143e-01 9.593997e-02 2.115221e-01
 1.119690e+00 -1.828272e-01 4.255617e-01
 1.371675e+00 -3.836669e-01 5.177464e-01
 2.117586e+00 -8.441359e-01 4.970858e-01
 2.372615e+00 -1.198460e+00 3.926240e-01
 2.448723e+00 -1.607251e+00 2.303027e-01
 2.334980e+00 -1.991952e+00 4.263573e-02
 2.057222e+00 -2.281646e+00 -1.342537e-01
 1.639371e+00 -2.433339e+00 -2.940395e-01
 1.219516e+00 -2.390703e+00 -3.972221e-01
 8.499530e-01 -2.175155e+00 -4.180484e-01
 5.703051e-01 -1.867089e+00 -2.905363e-01
 4.497866e-01 -1.640742e+00 -6.036799e-02
 3.322108e-01 -1.536072e+00 2.241067e-01
 2.600759e-01 -1.517426e+00 4.873763e-01
 1.282710e-01 -1.610436e+00 9.369458e-01
 -1.215464e-01 -1.626335e+00 1.258839e+00
 -4.634109e-01 -1.558821e+00 1.474183e+00
 -8.425010e-01 -1.421510e+00 1.545915e+00
 -1.206727e+00 -1.235113e+00 1.459974e+00
 -1.504873e+00 -1.029522e+00 1.224850e+00
 -1.650434e+00 -8.454543e-01 9.087937e-01
 -1.633426e+00 -6.917004e-01 5.256270e-01
 -1.444646e+00 -6.149428e-01 1.092676e-01
 -1.162479e+00 -5.639500e-01 -1.245047e-01
 -9.956315e-01 -4.714931e-01 -3.173191e-01
 -9.018336e-01 -4.055707e-01 -5.578894e-01
 -8.449492e-01 -2.269750e-01 -1.222697e+00
 -6.440064e-01 2.110345e-01 -1.634383e+00
 -3.245669e-01 7.080081e-01 -1.706216e+00
 1.007211e-03 1.143266e+00 -1.422998e+00
 1.654672e-01 1.381780e+00 -8.886519e-01
 2.910524e-01 1.236880e+00 -7.657533e-03
 6.020947e-01 1.221710e+00 3.061658e-01
 9.355056e-01 1.178970e+00 4.337965e-01
 1.307669e+00 1.028558e+00 4.482459e-01
 1.643489e+00 7.751129e-01 3.173163e-01
 1.846300e+00 4.616897e-01 7.758427e-02
 1.863852e+00 1.757417e-01 -1.938257e-01
 1.717559e+00 -1.179886e-01 -4.193887e-01
 1.418687e+00 -3.927182e-01 -5.507160e-01
 1.027209e+00 -5.674331e-01 -5.569549e-01
 8.643950e-01 -7.031292e-01 -5.765510e-01
 6.675303e-01 -8.634375e-01 -6.778567e-01
 4.168206e-01 -1.084206e+00 -9.330268e-01
 -2.039404e-01 -1.876418e+00 -1.372597e+00
 -6.592626e-01 -2.242329e+00 -1.308885e+00
 -1.109757e+00 -2.430315e+00 -9.650954e-01
 -1.416719e+00 -2.361425e+00 -4.662747e-01
 -1.464035e+00 -2.068484e+00 3.469506e-02
 -1.202915e+00 -1.697941e+00 4.206007e-01
 -7.712319e-01 -1.277360e+00 5.255091e-01
 -6.598260e-01 -1.051098e+00 6.065390e-01
 -6.272285e-01 -7.997806e-01 7.339841e-01
 -6.764019e-01 -5.217228e-01 8.829787e-01
 -9.568472e-01 3.578381e-03 1.181420e+00
 -1.089091e+00 3.321121e-01 1.228130e+00
 -1.173223e+00 6.700347e-01 1.162184e+00
 -1.204509e+00 9.706895e-01 9.946792e-01
 -1.161009e+00 1.198988e+00 7.837701e-01
 -1.051663e+00 1.350952e+00 5.378250e-01
 -8.470454e-01 1.428437e+00 1.776452e-01
 -7.101397e-01 1.549980e+00 -4.241680e-02
 -6.665670e-01 1.672120e+00 -1.748724e-01
 -6.177608e-01 1.864929e+00 -3.274699e-01
 -5.299103e-01 2.219311e+00 -4.255767e-01
 -4.241240e-01 2.580375e+00 -3.749992e-01
 -3.052849e-01 2.897406e+00 -1.876633e-01
 -1.546860e-01 3.111158e+00 1.028686e-01
 1.480897e-02 3.184286e+00 4.425280e-01
 1.721816e-01 3.108541e+00 7.932022e-01
 2.824956e-01 2.892076e+00 1.106772e+00
 3.267371e-01 2.566621e+00 1.333049e+00
 2.970661e-01 2.179891e+00 1.436060e+00
 2.009131e-01 1.790501e+00 1.395915e+00
 -1.202345e-01 1.027502e+00 9.784782e-01
 -3.267026e-01 6.057589e-01 5.788979e-01
 -5.899898e-01 4.414797e-01 3.325116e-01
 -8.734128e-01 3.914918e-01 2.295696e-01
 -1.370738e+00 4.487673e-01 2.435949e-02
 -1.736941e+00 2.780908e-01 -3.999118e-01
 -1.923629e+00 -1.828511e-01 -7.440527e-01
 -1.826615e+00 -7.801720e-01 -9.096077e-01
 -1.413530e+00 -1.268190e+00 -8.762222e-01
 -7.881227e-01 -1.512907e+00 -5.485554e-01
 -5.811893e-01 -1.700587e+00 -4.160644e-01
 -4.914048e-01 -1.893404e+00 -3.241713e-01
 -4.195781e-01 -2.177502e+00 -1.354121e-01
 -2.087941e-01 -2.413568e+00 1.281629e-01
 1.204131e-01 -2.535740e+00 3.536377e-01
 5.164877e-01 -2.511076e+00 5.156075e-01
 8.325063e-01 -2.356901e+00 5.960056e-01
 1.120217e+00 -2.086188e+00 5.832048e-01
