 1.698763e+00 1.219087e-02 -1.402810e+00
 1.641763e+00 3.742194e-01 -1.148233e+00
 1.386916e+00 6.990727e-01 -7.260816e-01
 1.333439e+00 9.344368e-01 -5.390743e-01
 1.413076e+00 1.391580e+00 -2.865258e-01
 1.394026e+00 1.627123e+00 -7.063741e-02
 1.292775e+00 1.816186e+00 1.950169e-01
 1.125290e+00 1.927741e+00 4.417810e-01
 9.118291e-01 1.956881e+00 6.615233e-01
 6.758355e-01 1.896587e+00 8.469897e-01
 4.327902e-01 1.752418e+00 9.780839e-01
 2.082690e-01 1.526180e+00 1.047849e+00
 1.310329e-02 1.205610e+00 1.045504e+00
 -9.355676e-02 8.786132e-01 9.485271e-01
 -1.076017e-01 5.733172e-01 7.697815e-01
 1.447404e-01 -1.770108e-01 9.683514e-02
 3.190578e-01 -5.143106e-01 -1.499964e-02
 5.410592e-01 -8.383498e-01 5.049488e-02
 7.237818e-01 -1.135783e+00 2.797892e-01
 7.562784e-01 -1.390358e+00 6.149280e-01
 6.341414e-01 -1.560283e+00 9.735936e-01
 3.765614e-01 -1.625810e+00 1.299044e+00
 1.008176e-02 -1.565414e+00 1.556962e+00
 -3.625017e-01 -1.389082e+00 1.671015e+00
 -6.977384e-01 -1.129178e+00 1.633475e+00
 -1.051420e+00 -7.088889e-01 1.366283e+00
 -1.261134e+00 -5.658763e-01 1.274242e+00
 -1.460412e+00 -4.959923e-01 1.237982e+00
 -1.646753e+00 -3.986215e-01 1.255314e+00
 -1.818607e+00 -2.358378e-01 1.288241e+00
 -1.951811e+00 -1.485934e-02 1.301017e+00
 -2.029096e+00 2.327843e-01 1.276356e+00
 -2.050113e+00 4.882357e-01 1.209750e+00
 -2.011193e+00 7.356294e-01 1.099126e+00
 -1.919919e+00 9.496924e-01 9.458091e-01
 -1.781695e+00 1.111954e+00 7.596009e-01
 -1.599525e+00 1.209223e+00 5.596062e-01
 -1.387289e+00 1.231440e+00 3.611262e-01
 -1.163523e+00 1.174362e+00 1.802841e-01
 -6.430560e-01 8.608806e-01 -1.650314e-01
 -3.740496e-01 7.040251e-01 -3.412696e-01
 -2.210267e-01 6.536524e-01 -4.438104e-01
 -5.617899e-02 6.283479e-01 -5.173335e-01
 1.062159e-01 6.354964e-01 -6.108947e-01
 2.792129e-01 7.208501e-01 -7.624325e-01
 5.585747e-01 1.052227e+00 -1.212131e+00
 8.251816e-01 1.261012e+00 -1.377591e+00
 1.181237e+00 1.410062e+00 -1.441416e+00
 1.562795e+00 1.470877e+00 -1.386861e+00
 1.942769e+00 1.422393e+00 -1.218985e+00
 2.208958e+00 1.282772e+00 -9.834189e-01
 2.349639e+00 1.077432e+00 -6.942987e-01
 2.344346e+00 8.080507e-01 -3.646378e-01
 2.186966e+00 5.562434e-01 -9.495743e-02
 1.902351e+00 3.429482e-01 8.990004e-02
 1.408608e+00 1.598724e-01 1.915123e-01
 1.191448e+00 8.353482e-03 3.303546e-01
 9.720423e-01 -1.807337e-01 7.022866e-01
 8.420829e-01 -2.833573e-01 8.515954e-01
 7.114427e-01 -3.669477e-01 9.498862e-01
 5.693229e-01 -4.493092e-01 1.012988e+00
 4.244253e-01 -5.221821e-01 1.043586e+00
 2.893363e-01 -5.900457e-01 1.040710e+00
 1.578938e-01 -6.578297e-01 1.008916e+00
 -3.650029e-02 -7.726186e-01 9.058209e-01
 -1.342925e-01 -8.621889e-01 8.234839e-01
 -2.045448e-01 -9.898078e-01 7.356146e-01
 -2.582244e-01 -1.255270e+00 5.656040e-01
 -2.551787e-01 -1.898515e+00 -2.787439e-01
 -2.467044e-01 -2.006300e+00 -6.154002e-01
 -2.524572e-01 -1.996364e+00 -9.681246e-01
 -2.829870e-01 -1.872216e+00 -1.294806e+00
 -3.177828e-01 -1.651601e+00 -1.551779e+00
 -3.435590e-01 -1.357920e+00 -1.717449e+00
 -3.545617e-01 -1.017014e+00 -1.772427e+00
 -3.554472e-01 -6.699029e-01 -1.708535e+00
 -3.548419e-01 -1.726451e-01 -1.425087e+00
 -3.475583e-01 1.393115e-01 -1.392321e+00
 -4.585358e-01 5.520884e-01 -1.454362e+00
 -5.253144e-01 9.320485e-01 -1.372333e+00
 -5.058058e-01 1.232140e+00 -1.224182e+00
 -4.116500e-01 1.466638e+00 -1.019242e+00
 -2.579356e-01 1.613540e+00 -7.799214e-01
 -6.714158e-02 1.657235e+00 -5.256319e-01
 1.591702e-01 1.579339e+00 -2.260606e-01
 3.366790e-01 1.414039e+00 -2.048492e-03
 5.827676e-01 1.075128e+00 2.087601e-01
 7.364185e-01 9.766441e-01 3.567274e-01
 1.053099e+00 9.218905e-01 7.802081e-01
 1.314169e+00 7.883541e-01 9.942262e-01
 1.584591e+00 5.569967e-01 1.118513e+00
 1.782716e+00 2.856614e-01 1.147239e+00
 1.916987e+00 -7.246974e-03 1.085152e+00
 1.982363e+00 -2.904147e-01 9.331219e-01
 1.979896e+00 -5.352656e-01 6.984455e-01
 1.920606e+00 -7.093558e-01 3.838284e-01
 1.798336e+00 -7.786633e-01 6.751985e-02
 1.619322e+00 -7.470068e-01 -2.275097e-01
 1.409514e+00 -6.185134e-01 -4.644305e-01
 1.085224e+00 -3.502338e-01 -6.648028e-01
 8.742710e-01 -2.275791e-01 -8.051659e-01
 7.774908e-01 -1.496015e-01 -9.499224e-01
 6.862125e-01 -6.843477e-02 -1.237673e+00
 6.075102e-01 2.084626e-02 -1.756658e+00
 3.957727e-01 7.648313e-02 -2.098666e+00
 6.672823e-02 1.232576e-01 -2.330219e+00
 -3.455447e-01 1.380491e-01 -2.422201e+00
 -7.371390e-01 1.035669e-01 -2.355240e+00
 -1.067101e+00 4.828782e-02 -2.138603e+00
 -1.291990e+00 1.631604e-02 -1.802213e+00
 -1.371155e+00 1.792937e-02 -1.404099e+00
 -1.290494e+00 3.245094e-02 -1.012350e+00
 -1.080337e+00 2.986074e-03 -6.947525e-01
 -8.789770e-01 -1.654351e-01 -3.375353e-01
 -8.195650e-01 -3.477885e-01 -1.054644e-01
 -8.600147e-01 -5.239709e-01 4.593019e-02
 -1.085574e+00 -7.789887e-01 2.525861e-01
 -1.348790e+00 -1.177284e+00 4.680784e-01
 -1.508928e+00 -1.379062e+00 7.151170e-01
 -1.646890e+00 -1.479816e+00 1.032413e+00
 -1.743862e+00 -1.464359e+00 1.381575e+00
 -1.790100e+00 -1.332176e+00 1.712934e+00
 -1.758497e+00 -1.111938e+00 1.990497e+00
 -1.650121e+00 -8.143936e-01 2.190933e+00
 -1.506412e+00 -4.725969e-01 2.263012e+00
 -1.338745e+00 -1.268018e-01 2.192085e+00
 -1.184377e+00 1.640157e-01 1.982705e+00
 -1.070872e+00 3.611200e-01 1.658818e+00
 -1.025846e+00 4.319102e-01 1.266925e+00
 -1.085548e+00 3.766197e-01 8.704583e-01
 -1.216083e+00 2.704698e-01 6.287845e-01
 -1.652603e+00 1.355710e-01 2.955399e-01
 -1.911062e+00 -2.629723e-01 -1.096640e-01
 -1.837724e+00 -6.647650e-01 -4.425305e-01
 -1.484099e+00 -9.665015e-01 -6.936793e-01
 -8.682611e-01 -1.104291e+00 -8.228101e-01
 -3.253406e-01 -9.976007e-01 -7.426603e-01
 -1.509435e-01 -1.003071e+00 -7.640344e-01
 1.398876e-01 -1.037515e+00 -8.764788e-01
 6.660225e-01 -1.127420e+00 -1.250832e+00
 1.061185e+00 -1.004744e+00 -1.461564e+00
 1.392334e+00 -7.408196e-01 -1.558748e+00
 1.614521e+00 -3.868582e-01 -1.537933e+00
