 1.631198e+00 -7.438611e-01 -1.701112e+00
 1.273935e+00 -4.675184e-01 -1.419424e+00
 1.077330e+00 -3.654102e-01 -1.010280e+00
 1.100909e+00 -3.063880e-01 -6.805554e-01
 1.144282e+00 -1.869301e-01 -4.439348e-01
 1.106888e+00 5.227959e-02 -1.891223e-01
 9.547756e-01 3.261603e-01 5.764188e-03
 7.222576e-01 5.515901e-01 1.122399e-01
 4.160423e-01 7.149178e-01 1.503665e-01
 -2.026119e-02 8.145209e-01 1.032189e-01
 -2.899139e-01 8.692375e-01 8.758672e-02
 -4.022567e-01 9.081373e-01 8.260868e-02
 -7.360688e-01 1.070894e+00 9.102928e-02
 -1.552551e+00 1.385712e+00 2.447380e-01
 -1.851250e+00 1.669098e+00 4.240435e-01
 -1.977983e+00 2.031228e+00 6.579016e-01
 -1.908275e+00 2.403607e+00 8.996145e-01
 -1.655174e+00 2.716074e+00 1.101181e+00
 -1.266482e+00 2.909569e+00 1.222032e+00
 -8.207648e-01 2.946678e+00 1.236391e+00
 -3.924170e-01 2.800553e+00 1.173180e+00
 -5.618868e-02 2.484285e+00 1.009734e+00
 5.814396e-02 2.139356e+00 7.650550e-01
 1.758524e-02 1.892804e+00 4.064431e-01
 -3.665425e-02 1.792926e+00 -2.624034e-01
 -1.490367e-01 1.641245e+00 -5.805295e-01
 -3.074264e-01 1.392027e+00 -8.137513e-01
 -4.920584e-01 1.082915e+00 -9.247539e-01
 -6.571113e-01 7.990916e-01 -9.013123e-01
 -9.094187e-01 -1.361374e-01 -5.596838e-01
 -1.026009e+00 -3.098080e-01 -5.222433e-01
 -1.430714e+00 -6.729411e-01 -4.047127e-01
 -1.578946e+00 -1.201900e+00 -1.733637e-01
 -1.406614e+00 -1.684542e+00 7.325237e-02
 -9.611770e-01 -1.984434e+00 2.825290e-01
 -3.936970e-01 -2.032813e+00 3.079024e-01
 1.113278e-03 -1.989649e+00 7.166961e-02
 4.352176e-01 -2.154842e+00 -4.003099e-01
 7.148119e-01 -2.114810e+00 -6.501204e-01
 9.920627e-01 -1.957584e+00 -8.338979e-01
 1.222382e+00 -1.711558e+00 -9.328961e-01
 1.372379e+00 -1.478528e+00 -9.242432e-01
 1.499445e+00 -1.289236e+00 -8.304369e-01
 1.638470e+00 -1.172570e+00 -7.426932e-01
 1.873426e+00 -9.733536e-01 -7.042867e-01
 2.067480e+00 -6.335040e-01 -7.513299e-01
 2.109682e+00 -2.240051e-01 -8.507101e-01
 1.972003e+00 1.714783e-01 -9.488617e-01
 1.682967e+00 4.796158e-01 -1.013982e+00
 1.289498e+00 6.504032e-01 -1.028145e+00
 8.614127e-01 6.499697e-01 -9.945498e-01
 4.757589e-01 4.830791e-01 -8.942403e-01
 2.207145e-01 2.027586e-01 -7.202961e-01
 1.318960e-01 -4.819820e-02 -4.821330e-01
 9.892092e-02 -1.750468e-01 -2.367884e-01
 2.489914e-01 -5.382596e-01 4.140076e-01
 2.594730e-01 -8.212061e-01 6.610736e-01
 4.320147e-01 -1.859443e+00 9.947351e-01
 4.278374e-01 -2.291091e+00 9.593504e-01
 3.284092e-01 -2.672771e+00 7.746293e-01
 1.472967e-01 -2.933812e+00 4.759736e-01
 -8.671955e-02 -3.026921e+00 1.200338e-01
 -3.345329e-01 -2.936149e+00 -2.251933e-01
 -5.377909e-01 -2.682035e+00 -5.013873e-01
 -6.404111e-01 -2.310121e+00 -6.823383e-01
 -6.553108e-01 -1.879709e+00 -7.189577e-01
 -6.162175e-01 -1.459805e+00 -5.714975e-01
 -5.459628e-01 -1.219115e+00 -3.256153e-01
 -5.148195e-01 -1.127639e+00 -1.601613e-01
 -5.335433e-01 -1.067018e+00 -2.250889e-02
 -6.819388e-01 -9.667848e-01 3.146256e-01
 -1.039593e+00 -8.774889e-01 7.786031e-01
 -1.280446e+00 -5.805212e-01 1.120731e+00
 -1.362968e+00 -1.520989e-01 1.344184e+00
 -1.300093e+00 3.184577e-01 1.394859e+00
 -1.101195e+00 7.184370e-01 1.277644e+00
 -7.914594e-01 9.228259e-01 1.097763e+00
 4.527530e-01 1.198663e+00 1.044520e+00
 8.174970e-01 1.409655e+00 8.704610e-01
 1.029705e+00 1.750230e+00 6.248525e-01
 1.033498e+00 2.142943e+00 3.668312e-01
 8.294654e-01 2.506252e+00 1.523662e-01
 4.622624e-01 2.765988e+00 2.739382e-02
 1.142259e-02 2.870685e+00 1.826982e-02
 -4.110097e-01 2.789862e+00 8.072335e-02
 -7.873739e-01 2.534624e+00 2.461097e-01
 -9.545581e-01 2.223651e+00 4.945839e-01
 -9.557978e-01 1.978280e+00 8.537853e-01
 -8.969835e-01 1.859291e+00 1.512568e+00
 -7.665718e-01 1.598438e+00 1.884227e+00
 -6.106523e-01 1.195184e+00 2.091413e+00
 -4.530712e-01 7.432088e-01 2.083720e+00
 -3.316504e-01 3.465689e-01 1.868271e+00
 -2.986351e-01 6.566630e-02 1.494912e+00
 -3.754454e-01 -3.379392e-02 1.039637e+00
 -6.025392e-01 4.346576e-02 5.989226e-01
 -1.436699e+00 2.666569e-01 2.319091e-01
 -1.742059e+00 3.760203e-01 -1.861116e-01
 -1.859905e+00 2.986238e-01 -7.152095e-01
 -1.731083e+00 7.072784e-02 -1.188955e+00
 -1.362826e+00 -2.185854e-01 -1.499628e+00
 -8.826681e-01 -4.763929e-01 -1.542563e+00
 7.891669e-02 -8.715864e-01 -1.051331e+00
 2.306154e-01 -9.596188e-01 -9.108561e-01
 7.607615e-01 -1.216613e+00 -1.376174e-01
 1.033316e+00 -1.435701e+00 7.474387e-02
 1.427152e+00 -1.764522e+00 8.868039e-02
 1.842756e+00 -2.003112e+00 -1.526835e-01
 2.172705e+00 -2.046484e+00 -5.768317e-01
 2.323608e+00 -1.882654e+00 -1.066616e+00
 2.250227e+00 -1.559814e+00 -1.494683e+00
 1.997308e+00 -1.140185e+00 -1.727745e+00
