 -1.205499e+00 -2.261748e+00 -9.958056e-01
 -1.518364e+00 -2.141597e+00 -8.845429e-01
 -1.759302e+00 -1.954473e+00 -6.918899e-01
 -1.894236e+00 -1.737265e+00 -4.302783e-01
 -1.901676e+00 -1.519063e+00 -1.330252e-01
 -1.777384e+00 -1.326857e+00 1.594254e-01
 -1.535528e+00 -1.184981e+00 4.057628e-01
 -1.207694e+00 -1.111236e+00 5.700963e-01
 -4.992903e-01 -1.102969e+00 6.729205e-01
 -4.393099e-03 -1.058150e+00 6.742332e-01
 2.297692e-01 -1.079569e+00 7.624218e-01
 5.721551e-01 -1.214596e+00 9.421569e-01
 8.835539e-01 -1.311717e+00 9.845442e-01
 1.209109e+00 -1.360571e+00 9.295694e-01
 1.572182e+00 -1.366563e+00 7.442901e-01
 1.785431e+00 -1.329661e+00 5.338585e-01
 1.914134e+00 -1.253522e+00 2.807538e-01
 1.954934e+00 -1.131287e+00 -6.721990e-03
 1.904872e+00 -9.335060e-01 -3.068112e-01
 1.773487e+00 -7.458135e-01 -5.256949e-01
 1.562894e+00 -5.707422e-01 -6.874677e-01
 1.295631e+00 -4.231545e-01 -7.738245e-01
 9.262594e-01 -2.867001e-01 -7.753482e-01
 5.677213e-01 -1.354706e-01 -7.651147e-01
 2.684375e-01 -7.554371e-02 -8.668507e-01
 2.122154e-03 -1.034169e-01 -1.043298e+00
 -2.901026e-01 -2.536886e-01 -1.159615e+00
 -5.224091e-01 -4.697451e-01 -1.198978e+00
 -7.274006e-01 -7.393157e-01 -1.140255e+00
 -8.667791e-01 -1.007411e+00 -9.872436e-01
 -9.385200e-01 -1.239070e+00 -7.495180e-01
 -8.836202e-01 -1.590752e+00 -2.728080e-01
 -9.375547e-01 -1.897680e+00 -7.382148e-02
 -8.966848e-01 -2.248837e+00 -1.105266e-03
 -6.830812e-01 -2.621480e+00 1.528713e-02
 -3.580631e-01 -2.868030e+00 -1.434516e-03
 3.877137e-02 -2.958811e+00 -6.052103e-03
 4.654002e-01 -2.876387e+00 -2.111142e-02
 8.087020e-01 -2.639616e+00 -4.622620e-02
 1.029512e+00 -2.284533e+00 -7.798690e-02
 1.088336e+00 -1.890605e+00 -1.148469e-01
 9.156225e-01 -1.111904e+00 -5.201352e-02
 1.009798e+00 -6.803620e-01 1.758061e-01
 1.554889e+00 -2.567445e-01 5.598199e-01
 1.823634e+00 1.495978e-01 6.211838e-01
 1.904924e+00 6.417231e-01 5.593181e-01
 1.755405e+00 1.119295e+00 3.989637e-01
 1.401263e+00 1.421158e+00 1.976248e-01
 9.696478e-01 1.486519e+00 -3.690547e-02
 6.400527e-01 1.335807e+00 -2.923453e-01
 5.125834e-01 1.127167e+00 -5.133875e-01
 4.800130e-01 9.638187e-01 -8.487594e-01
 6.159480e-01 7.602186e-01 -1.331988e+00
 6.991769e-01 4.944923e-01 -1.595545e+00
 7.301827e-01 1.414706e-01 -1.754853e+00
 6.978791e-01 -2.608774e-01 -1.786697e+00
 6.004895e-01 -6.170225e-01 -1.691928e+00
 4.828345e-01 -8.914577e-01 -1.479105e+00
 3.521209e-01 -1.064965e+00 -1.162366e+00
 1.871087e-01 -1.096832e+00 -7.967397e-01
 2.450192e-02 -9.875042e-01 -4.936984e-01
 -1.118967e-01 -8.297870e-01 -3.132046e-01
 -2.812876e-01 -6.529818e-01 -2.305348e-01
 -7.968087e-01 -3.610959e-01 -5.832253e-02
 -1.051603e+00 -1.191919e-02 1.264805e-01
 -1.131492e+00 3.794012e-01 2.639793e-01
 -1.016267e+00 1.041899e+00 3.614651e-01
 -9.982205e-01 1.155024e+00 3.934509e-01
 -9.851277e-01 1.259938e+00 4.368594e-01
 -9.852290e-01 1.399980e+00 5.082182e-01
 -9.753637e-01 1.534201e+00 6.202982e-01
 -9.154084e-01 1.691809e+00 7.983365e-01
 -8.258178e-01 1.802329e+00 9.660228e-01
 -6.952599e-01 1.880464e+00 1.117663e+00
 -5.218371e-01 1.932410e+00 1.248668e+00
 -2.832629e-01 1.955787e+00 1.364889e+00
 -4.102412e-02 1.923640e+00 1.443567e+00
 2.034909e-01 1.840192e+00 1.479048e+00
 4.384301e-01 1.709351e+00 1.464264e+00
 6.457827e-01 1.533445e+00 1.398681e+00
 8.035443e-01 1.322035e+00 1.287099e+00
 8.956931e-01 1.095816e+00 1.134750e+00
 9.117921e-01 8.845383e-01 9.593107e-01
 8.671180e-01 6.963849e-01 7.255261e-01
 8.702364e-01 5.647606e-01 4.624710e-01
 9.630005e-01 4.643645e-01 1.254663e-01
 1.133331e+00 4.434459e-01 -9.778068e-02
 1.301433e+00 5.241977e-01 -3.140834e-01
 1.432553e+00 6.952303e-01 -5.370184e-01
 1.495086e+00 9.009265e-01 -7.058436e-01
 1.486443e+00 1.168802e+00 -8.701194e-01
 1.395575e+00 1.409764e+00 -9.829833e-01
 1.193518e+00 1.660849e+00 -1.083390e+00
 9.318703e-01 1.842857e+00 -1.129117e+00
 6.242789e-01 1.954227e+00 -1.111461e+00
 3.012486e-01 1.980980e+00 -1.029762e+00
 2.621868e-03 1.923552e+00 -8.834924e-01
 -2.463116e-01 1.780043e+00 -6.852548e-01
 -4.299872e-01 1.727886e+00 -5.619942e-01
 -6.504884e-01 1.722882e+00 -4.576044e-01
 -1.178087e+00 1.744483e+00 -4.342959e-01
 -1.501767e+00 1.694268e+00 -3.223952e-01
 -1.767118e+00 1.596944e+00 -1.179997e-01
 -1.941015e+00 1.464006e+00 1.563602e-01
 -2.000793e+00 1.311240e+00 4.697536e-01
 -1.936310e+00 1.157474e+00 7.852924e-01
 -1.752719e+00 1.022874e+00 1.063346e+00
 -1.470932e+00 9.161007e-01 1.263623e+00
 -1.124818e+00 8.462801e-01 1.356181e+00
 -7.584376e-01 8.320631e-01 1.331247e+00
 -4.249620e-01 8.894533e-01 1.199288e+00
 -1.477349e-01 1.034590e+00 9.766991e-01
 -3.558308e-02 1.159038e+00 7.484107e-01
 5.886595e-02 1.506766e+00 5.083480e-01
 -9.250311e-02 2.337809e+00 1.950126e-01
 -3.126612e-01 2.655262e+00 -1.211675e-01
 -5.730326e-01 2.755324e+00 -5.444316e-01
 -7.960684e-01 2.607274e+00 -9.868168e-01
 -8.934275e-01 2.267065e+00 -1.326935e+00
 -9.124343e-01 1.793052e+00 -1.476784e+00
 -8.739912e-01 1.273282e+00 -1.379514e+00
 -7.448478e-01 8.820294e-01 -1.068938e+00
 -5.873539e-02 3.748836e-01 8.742895e-02
 -1.262830e-01 -2.509696e-01 1.274608e+00
 -1.583813e-01 -4.818043e-01 1.499037e+00
 -1.817246e-01 -7.781301e-01 1.643409e+00
 -1.913151e-01 -1.108038e+00 1.686896e+00
 -1.942469e-01 -1.435824e+00 1.621688e+00
 -1.788473e-01 -1.720060e+00 1.456171e+00
 -1.283744e-01 -1.936466e+00 1.206027e+00
 -5.112852e-02 -2.059025e+00 8.863628e-01
 3.263323e-02 -2.064814e+00 5.394717e-01
 7.860931e-02 -1.944059e+00 1.699708e-01
 7.190900e-02 -1.925042e+00 -7.863326e-02
 6.766722e-02 -1.963683e+00 -2.523433e-01
 -3.279339e-03 -2.051847e+00 -5.123425e-01
 -2.045843e-01 -2.164794e+00 -7.754485e-01
 -5.004976e-01 -2.254379e+00 -9.516518e-01
 -8.513053e-01 -2.297720e+00 -1.023512e+00
