 2.025964e+00 2.025412e+00 -1.580240e+00
 2.046576e+00 1.668519e+00 -1.802948e+00
 1.920398e+00 1.280128e+00 -1.930118e+00
 1.666011e+00 9.240448e-01 -1.929840e+00
 1.326214e+00 6.767305e-01 -1.801748e+00
 9.508746e-01 6.012579e-01 -1.610342e+00
 6.722160e-01 6.850563e-01 -1.440357e+00
 3.748020e-01 8.963069e-01 -1.356348e+00
 -3.412840e-01 1.326938e+00 -1.504912e+00
 -7.446623e-01 1.491962e+00 -1.404291e+00
 -1.087428e+00 1.587793e+00 -1.136256e+00
 -1.317014e+00 1.585895e+00 -7.466117e-01
 -1.396351e+00 1.465596e+00 -3.285206e-01
 -1.315112e+00 1.262476e+00 2.901171e-02
 -1.049274e+00 1.036316e+00 3.262156e-01
 -6.860116e-01 8.678584e-01 4.391815e-01
 -3.724739e-01 8.319857e-01 4.689121e-01
 2.570935e-01 1.095855e+00 5.903855e-01
 8.449928e-01 1.233579e+00 5.741697e-01
 1.182012e+00 1.296708e+00 4.359425e-01
 1.444027e+00 1.356174e+00 1.888114e-01
 1.601399e+00 1.396449e+00 -1.350574e-01
 1.638091e+00 1.411411e+00 -5.105375e-01
 1.538787e+00 1.408353e+00 -8.472031e-01
 1.370564e+00 1.420334e+00 -1.072505e+00
 1.208571e+00 1.510544e+00 -1.219955e+00
 1.080326e+00 1.635747e+00 -1.443124e+00
 9.339961e-01 1.641497e+00 -1.800910e+00
 7.182471e-01 1.456629e+00 -2.156101e+00
 4.865147e-01 1.115111e+00 -2.371530e+00
 2.353952e-01 7.292304e-01 -2.381238e+00
 1.222428e-02 3.757460e-01 -2.185972e+00
 -1.071220e-01 1.041142e-01 -1.828375e+00
 -1.005724e-01 -2.284793e-02 -1.390844e+00
 9.385303e-02 1.411205e-01 -2.682178e-01
 2.100542e-01 1.084845e-01 3.338833e-03
 7.761824e-01 1.845753e-01 6.006110e-01
 9.906517e-01 4.065142e-02 1.020981e+00
 1.097080e+00 -3.095293e-01 1.372859e+00
 1.062015e+00 -7.755145e-01 1.557700e+00
 8.791601e-01 -1.188360e+00 1.569076e+00
 5.931512e-01 -1.524794e+00 1.410860e+00
 3.583647e-01 -1.711118e+00 1.109022e+00
 2.838674e-01 -1.806185e+00 7.196102e-01
 3.984767e-01 -2.036068e+00 2.168663e-01
 4.352021e-01 -2.068166e+00 -1.261430e-01
 3.843651e-01 -2.011694e+00 -4.789959e-01
 2.446552e-01 -1.879933e+00 -7.825117e-01
 4.047568e-02 -1.684219e+00 -9.983247e-01
 -1.892923e-01 -1.438164e+00 -1.098880e+00
 -4.126934e-01 -1.158581e+00 -1.074513e+00
 -6.080696e-01 -8.557134e-01 -9.148529e-01
 -7.294603e-01 -6.220567e-01 -6.546471e-01
 -7.616406e-01 -4.135406e-01 -2.406836e-01
 -8.134500e-01 -2.223395e-01 -1.004780e-02
 -9.679731e-01 -8.529775e-02 1.740862e-01
 -1.464231e+00 1.138007e-01 4.852578e-01
 -1.661302e+00 2.622235e-01 7.786724e-01
 -1.741858e+00 3.587159e-01 1.161975e+00
 -1.684674e+00 3.720904e-01 1.589985e+00
 -1.517641e+00 2.918806e-01 1.931706e+00
 -1.250347e+00 1.558249e-01 2.164173e+00
 -8.739680e-01 -3.283054e-02 2.271376e+00
 -5.436666e-01 -2.071094e-01 2.225524e+00
 -2.539923e-01 -3.671747e-01 2.047610e+00
 -4.458484e-02 -4.922161e-01 1.762329e+00
 1.669030e-01 -6.415831e-01 1.026562e+00
 4.162584e-01 -7.745223e-01 7.169297e-01
 6.936750e-01 -8.658050e-01 5.971808e-01
 1.001949e+00 -1.093726e+00 5.429252e-01
 1.231215e+00 -1.416631e+00 5.986069e-01
 1.323960e+00 -1.801089e+00 7.253487e-01
 1.251150e+00 -2.174916e+00 8.574497e-01
 1.025183e+00 -2.495784e+00 9.675798e-01
 6.864569e-01 -2.698826e+00 1.068431e+00
 2.928615e-01 -2.752379e+00 1.143393e+00
 -9.384918e-02 -2.652096e+00 1.179572e+00
 -4.156648e-01 -2.416593e+00 1.170381e+00
 -6.236934e-01 -2.086614e+00 1.116506e+00
 -7.385777e-01 -1.517472e+00 9.362596e-01
 -8.758161e-01 -1.224073e+00 7.428229e-01
 -1.058112e+00 -1.074349e+00 5.551424e-01
 -1.460854e+00 -9.828176e-01 2.480479e-01
 -1.665355e+00 -8.303158e-01 -2.757540e-02
 -1.763394e+00 -5.859914e-01 -2.842187e-01
 -1.743053e+00 -2.878197e-01 -4.896553e-01
 -1.595367e+00 3.675574e-02 -6.306756e-01
 -1.347120e+00 3.167456e-01 -6.937830e-01
 -7.317329e-01 7.392513e-01 -6.349738e-01
 -4.627777e-01 1.009110e+00 -5.371208e-01
 -3.853447e-01 1.260215e+00 -4.617911e-01
 -3.689317e-01 1.612613e+00 -2.238932e-01
 -4.155114e-01 1.835171e+00 1.439883e-01
 -4.931811e-01 1.887622e+00 5.144131e-01
 -5.507681e-01 1.781009e+00 8.937889e-01
 -5.926673e-01 1.507911e+00 1.235155e+00
 -6.219567e-01 1.140673e+00 1.429311e+00
 -6.408313e-01 7.372437e-01 1.460657e+00
 -7.354061e-01 1.021138e-01 1.247658e+00
 -9.172625e-01 -2.638613e-01 1.264127e+00
 -1.370986e+00 -6.653521e-01 1.458678e+00
 -1.643170e+00 -1.038299e+00 1.414068e+00
 -1.775880e+00 -1.439383e+00 1.211420e+00
 -1.732794e+00 -1.805609e+00 8.771298e-01
 -1.551863e+00 -2.002142e+00 5.204298e-01
 -1.268063e+00 -2.031957e+00 2.047853e-01
 -8.840446e-01 -1.900376e+00 -4.048227e-02
 -5.505260e-01 -1.650628e+00 -1.385477e-01
 -2.511350e-01 -1.311460e+00 -7.452425e-02
 -4.761927e-02 -1.165506e+00 -1.055684e-01
 2.197242e-01 -9.678513e-01 -2.823001e-01
 3.585187e-01 -8.885552e-01 -3.481271e-01
 7.602054e-01 -6.218203e-01 -4.549272e-01
 9.628473e-01 -3.496473e-01 -5.149464e-01
 1.062666e+00 -2.330314e-02 -5.560882e-01
 1.055053e+00 3.256461e-01 -5.525163e-01
 9.617532e-01 6.201171e-01 -4.832994e-01
 7.348518e-01 9.320895e-01 -4.183908e-01
 6.170877e-01 1.237758e+00 -4.209797e-01
 6.247887e-01 1.600436e+00 -3.860787e-01
 7.663818e-01 1.955025e+00 -4.185382e-01
 1.010061e+00 2.231822e+00 -5.270772e-01
 1.314730e+00 2.398926e+00 -7.279130e-01
 1.617330e+00 2.422027e+00 -9.996287e-01
 1.870998e+00 2.291199e+00 -1.297672e+00
