 -8.007104e-01 -1.095361e+00 1.582055e+00
 -9.501128e-01 -8.275066e-01 1.778820e+00
 -9.887454e-01 -4.305911e-01 1.929051e+00
 -8.824152e-01 -2.872572e-02 1.979319e+00
 -6.779049e-01 3.017291e-01 1.911250e+00
 -4.353432e-01 5.548016e-01 1.701062e+00
 -2.140165e-01 6.832903e-01 1.383300e+00
 -2.073396e-02 6.553937e-01 1.014632e+00
 2.031757e-01 4.120636e-01 6.042749e-01
 4.176417e-01 2.937204e-01 4.048288e-01
 6.203559e-01 2.589238e-01 2.878841e-01
 8.738428e-01 2.644666e-01 2.249627e-01
 1.554518e+00 3.578370e-01 2.303934e-01
 1.913665e+00 2.738317e-01 2.247060e-01
 2.220603e+00 6.885271e-02 1.920887e-01
 2.432530e+00 -2.289431e-01 1.396472e-01
 2.529547e+00 -6.041225e-01 6.084283e-02
 2.492918e+00 -9.305578e-01 -1.906278e-02
 2.340414e+00 -1.221630e+00 -9.683533e-02
 2.075025e+00 -1.461008e+00 -1.580495e-01
 1.743167e+00 -1.601292e+00 -1.886631e-01
 1.392157e+00 -1.621827e+00 -1.927541e-01
 1.056516e+00 -1.525156e+00 -1.700491e-01
 7.774788e-01 -1.325374e+00 -1.244771e-01
 4.745646e-01 -8.848443e-01 -5.847576e-02
 2.772252e-01 -6.160038e-01 -1.139537e-01
 7.836918e-02 -4.062810e-01 -2.415944e-01
 -3.095666e-02 -3.273591e-01 -3.656327e-01
 -1.817843e-01 -2.609649e-01 -6.358904e-01
 -5.316415e-01 -2.504964e-01 -9.929292e-01
 -1.082381e+00 -1.583980e-01 -1.351515e+00
 -1.396894e+00 3.553288e-02 -1.498765e+00
 -1.633295e+00 3.514115e-01 -1.592144e+00
 -1.750793e+00 7.343521e-01 -1.609725e+00
 -1.729073e+00 1.126786e+00 -1.560122e+00
 -1.574297e+00 1.484617e+00 -1.433800e+00
 -1.329834e+00 1.718871e+00 -1.242296e+00
 -9.852854e-01 1.816665e+00 -1.015418e+00
 -6.785545e-01 1.773461e+00 -8.889475e-01
 -3.382395e-01 1.670711e+00 -8.875727e-01
 2.115879e-01 1.676775e+00 -1.062756e+00
 5.018163e-01 1.588101e+00 -1.122820e+00
 7.794235e-01 1.431848e+00 -1.109046e+00
 9.880034e-01 1.219778e+00 -1.044502e+00
 1.117924e+00 9.508173e-01 -9.488382e-01
 1.154554e+00 6.381326e-01 -8.441529e-01
 1.093195e+00 3.484900e-01 -7.778619e-01
 9.802254e-01 1.292891e-01 -7.675831e-01
 8.582191e-01 -6.159228e-02 -8.167640e-01
 7.574975e-01 -4.357593e-01 -1.009222e+00
 6.113563e-01 -7.288916e-01 -1.073459e+00
 3.868584e-01 -9.774840e-01 -1.073162e+00
 1.423630e-01 -1.152855e+00 -9.884370e-01
 -1.114585e-01 -1.262486e+00 -8.105842e-01
 -3.804281e-01 -1.275382e+00 -5.407463e-01
 -5.695039e-01 -1.191612e+00 -2.738423e-01
 -7.405466e-01 -9.557686e-01 8.535198e-02
 -9.479405e-01 -8.555742e-01 3.236338e-01
 -1.169271e+00 -8.421044e-01 4.664946e-01
 -1.395042e+00 -9.270042e-01 6.437269e-01
 -1.565132e+00 -1.100671e+00 8.346332e-01
 -1.659992e+00 -1.367164e+00 1.054978e+00
 -1.623433e+00 -1.646622e+00 1.274563e+00
 -1.467919e+00 -1.877941e+00 1.488093e+00
 -1.222453e+00 -2.037818e+00 1.667952e+00
 -9.170268e-01 -2.120523e+00 1.788057e+00
 -5.823692e-01 -2.129501e+00 1.828806e+00
 -2.558294e-01 -2.062903e+00 1.788528e+00
 2.787222e-02 -1.926809e+00 1.674118e+00
 2.366631e-01 -1.736172e+00 1.501592e+00
 5.188735e-01 -1.148697e+00 1.023605e+00
 6.906904e-01 -7.426451e-01 9.092621e-01
 7.567416e-01 -5.454458e-01 9.313162e-01
 9.233758e-01 -2.297537e-01 1.120853e+00
 9.782222e-01 4.495264e-02 1.218693e+00
 1.013085e+00 4.144781e-01 1.230892e+00
 1.028049e+00 7.094171e-01 1.145102e+00
 9.980260e-01 9.410277e-01 9.958612e-01
 9.168906e-01 1.124941e+00 7.798912e-01
 7.720179e-01 1.258252e+00 4.456251e-01
 5.880988e-01 1.264331e+00 1.120982e-01
 4.018447e-01 1.136263e+00 -1.854058e-01
 2.273092e-01 8.461386e-01 -4.647411e-01
 1.586083e-01 7.380292e-01 -6.627897e-01
 1.322192e-01 6.628094e-01 -9.295417e-01
 2.107724e-01 5.852356e-01 -1.265907e+00
 4.208663e-01 4.955696e-01 -1.551919e+00
 7.378206e-01 3.587359e-01 -1.742566e+00
 1.107619e+00 1.802806e-01 -1.789180e+00
 1.441715e+00 -7.161979e-03 -1.674951e+00
 1.690731e+00 -2.021727e-01 -1.422926e+00
 1.807285e+00 -3.853838e-01 -1.075761e+00
 1.768763e+00 -5.237452e-01 -6.906220e-01
 1.554596e+00 -5.888373e-01 -2.534396e-01
 1.506479e+00 -6.220586e-01 -3.957788e-02
 1.510567e+00 -6.762033e-01 1.954758e-01
 1.686505e+00 -8.748370e-01 6.768392e-01
 1.676190e+00 -9.797398e-01 1.045277e+00
 1.534267e+00 -1.025671e+00 1.411984e+00
 1.293262e+00 -9.860967e-01 1.714621e+00
 9.870394e-01 -8.812627e-01 1.907248e+00
 6.467136e-01 -7.388457e-01 1.965462e+00
 3.052884e-01 -5.864114e-01 1.869553e+00
 2.390092e-02 -4.396909e-01 1.637602e+00
 -1.954387e-01 -3.367866e-01 1.263400e+00
 -3.870172e-01 -2.945781e-01 1.110042e+00
 -5.681345e-01 -2.135131e-01 1.020385e+00
 -7.682909e-01 -7.048889e-02 9.617359e-01
 -1.136760e+00 2.224461e-01 9.265022e-01
 -1.362213e+00 4.455721e-01 7.939612e-01
 -1.526964e+00 6.433723e-01 5.662463e-01
 -1.609390e+00 7.966877e-01 2.706533e-01
 -1.600677e+00 8.868286e-01 -5.804694e-02
 -1.500636e+00 9.210235e-01 -3.550096e-01
 -1.332919e+00 8.950424e-01 -6.098657e-01
 -1.048037e+00 7.990069e-01 -8.626492e-01
 -8.518555e-01 8.016184e-01 -1.101424e+00
 -7.708548e-01 8.538059e-01 -1.342456e+00
 -6.641218e-01 1.018740e+00 -1.599330e+00
 -5.858348e-01 1.251670e+00 -1.783435e+00
 -5.191134e-01 1.543360e+00 -1.885173e+00
 -4.619954e-01 1.862071e+00 -1.891010e+00
 -4.101810e-01 2.149942e+00 -1.800892e+00
 -3.493233e-01 2.394958e+00 -1.627839e+00
 -2.841228e-01 2.574775e+00 -1.386321e+00
 -2.392324e-01 2.676206e+00 -1.093496e+00
 -2.217213e-01 2.686873e+00 -7.797123e-01
 -2.322303e-01 2.604244e+00 -4.752519e-01
 -2.686059e-01 2.435092e+00 -2.101384e-01
 -3.260229e-01 2.195106e+00 -1.087195e-02
 -3.973654e-01 1.907718e+00 1.023921e-01
 -5.643518e-01 1.162488e+00 1.421813e-01
 -6.259068e-01 5.960102e-01 7.567702e-02
 -7.421908e-01 3.139822e-01 -8.883685e-03
 -9.246856e-01 1.274451e-01 -7.560228e-02
 -1.326180e+00 -1.598003e-01 -3.172600e-01
 -1.519675e+00 -4.879425e-01 -4.410680e-01
 -1.621444e+00 -8.793435e-01 -4.551281e-01
 -1.632341e+00 -1.263223e+00 -3.406946e-01
 -1.526420e+00 -1.604494e+00 -1.203772e-01
 -1.313940e+00 -1.816379e+00 1.366279e-01
 -1.024782e+00 -1.880829e+00 4.310729e-01
 -7.883091e-01 -1.789280e+00 7.066363e-01
 -6.437456e-01 -1.588888e+00 9.486275e-01
 -6.413178e-01 -1.297806e+00 1.220665e+00
