 4.881490e-01 1.250983e+00 -2.155587e+00
 8.183011e-01 1.014687e+00 -2.333266e+00
 1.100964e+00 6.748544e-01 -2.352593e+00
 1.298818e+00 3.037057e-01 -2.200043e+00
 1.374375e+00 -2.412351e-02 -1.900524e+00
 1.311143e+00 -2.423988e-01 -1.518893e+00
 7.557139e-01 -5.068888e-01 -5.714226e-01
 5.712061e-01 -6.565325e-01 -4.066061e-01
 4.335925e-01 -9.415492e-01 -2.293820e-01
 3.531769e-01 -1.643239e+00 3.486697e-02
 1.337154e-01 -1.981197e+00 3.406858e-01
 -2.014559e-01 -2.105856e+00 6.991404e-01
 -5.763159e-01 -1.984881e+00 1.028892e+00
 -8.911415e-01 -1.649383e+00 1.255737e+00
 -1.045449e+00 -1.239915e+00 1.313562e+00
 -1.070291e+00 -7.277563e-01 1.191605e+00
 -9.351022e-01 -3.394475e-01 9.339951e-01
 -5.478065e-01 5.769261e-03 3.448580e-01
 -5.591020e-01 3.475452e-01 8.760186e-02
 -6.162961e-01 8.019384e-01 4.131907e-02
 -5.745065e-01 1.266635e+00 1.976347e-01
 -4.555039e-01 1.591836e+00 5.174398e-01
 -2.137127e-01 1.733798e+00 8.928872e-01
 1.136397e-01 1.657293e+00 1.272177e+00
 4.034124e-01 1.356343e+00 1.559302e+00
 6.226369e-01 7.912523e-01 1.725574e+00
 7.716522e-01 5.970058e-01 1.891908e+00
 8.184218e-01 4.034132e-01 2.110890e+00
 7.840194e-01 2.030074e-01 2.280150e+00
 6.925941e-01 -6.082908e-02 2.399939e+00
 5.602748e-01 -3.447851e-01 2.425588e+00
 4.078434e-01 -6.258060e-01 2.346633e+00
 2.556554e-01 -8.739935e-01 2.157026e+00
 1.295266e-01 -1.060216e+00 1.866858e+00
 4.163228e-02 -1.136465e+00 1.540196e+00
 -8.644852e-02 -1.065850e+00 9.480625e-01
 -2.452944e-01 -1.065634e+00 6.634556e-01
 -4.044970e-01 -1.110937e+00 4.968061e-01
 -6.159778e-01 -1.186830e+00 3.676638e-01
 -1.102451e+00 -1.338944e+00 2.396444e-01
 -1.451669e+00 -1.352346e+00 1.189166e-02
 -1.695947e+00 -1.277616e+00 -3.158038e-01
 -1.803302e+00 -1.112308e+00 -6.902762e-01
 -1.767812e+00 -8.900512e-01 -9.944237e-01
 -1.597160e+00 -6.626918e-01 -1.240595e+00
 -1.363836e+00 -5.319949e-01 -1.394829e+00
 -1.128845e+00 -5.137551e-01 -1.510875e+00
 -9.464800e-01 -5.331436e-01 -1.673176e+00
 -7.631077e-01 -4.514808e-01 -1.898060e+00
 -5.568192e-01 -3.004909e-01 -2.038858e+00
 -2.927999e-01 -1.113800e-01 -2.088167e+00
 6.715765e-03 9.372857e-02 -2.026612e+00
 2.508267e-01 2.490284e-01 -1.871015e+00
 4.797136e-01 3.984799e-01 -1.578530e+00
 6.302823e-01 5.180454e-01 -1.446828e+00
 7.861198e-01 6.486869e-01 -1.374435e+00
 9.031079e-01 8.563924e-01 -1.299473e+00
 9.555528e-01 1.049786e+00 -1.193360e+00
 9.697781e-01 1.249620e+00 -1.009090e+00
 9.343408e-01 1.403443e+00 -7.627230e-01
 8.671499e-01 1.480336e+00 -4.787458e-01
 7.741440e-01 1.471470e+00 -1.816912e-01
 6.802040e-01 1.396074e+00 5.893376e-02
 5.688758e-01 1.266177e+00 2.605500e-01
 3.506368e-01 9.523726e-01 5.351332e-01
 2.490078e-01 8.432237e-01 6.428488e-01
 1.156340e-01 7.552319e-01 7.669482e-01
 -5.819745e-03 7.084298e-01 8.670990e-01
 -1.539055e-01 7.068091e-01 9.709006e-01
 -4.228995e-01 7.226477e-01 1.069222e+00
 -7.359005e-01 7.425167e-01 1.076646e+00
 -9.849632e-01 7.439181e-01 1.001120e+00
 -1.227641e+00 6.952468e-01 8.475742e-01
 -1.421066e+00 5.829018e-01 6.387168e-01
 -1.537173e+00 4.100359e-01 3.832773e-01
 -1.564382e+00 1.640218e-01 1.297016e-01
 -1.488618e+00 -7.500003e-02 -8.182717e-02
 -1.314177e+00 -2.916283e-01 -2.660386e-01
 -1.061213e+00 -4.734133e-01 -3.887083e-01
 -9.424703e-01 -5.976712e-01 -4.626531e-01
 -8.419249e-01 -7.583085e-01 -5.616001e-01
 -7.754677e-01 -1.001342e+00 -6.928874e-01
 -8.154257e-01 -1.278302e+00 -9.139324e-01
 -9.538514e-01 -1.478325e+00 -1.226489e+00
 -1.165382e+00 -1.535062e+00 -1.572219e+00
 -1.387520e+00 -1.433626e+00 -1.892158e+00
 -1.569208e+00 -1.186897e+00 -2.157017e+00
 -1.677862e+00 -8.346413e-01 -2.323604e+00
 -1.701973e+00 -4.300178e-01 -2.361257e+00
 -1.632894e+00 -3.651395e-02 -2.263973e+00
 -1.465305e+00 2.790130e-01 -2.061192e+00
 -1.213741e+00 4.649474e-01 -1.793257e+00
 -9.262679e-01 4.888866e-01 -1.497312e+00
 -6.318205e-01 3.428355e-01 -1.231183e+00
 -3.672503e-01 4.199893e-02 -1.058014e+00
 -1.491333e-01 -2.533029e-01 -1.077419e+00
 2.796990e-02 -7.351019e-01 -1.275627e+00
 2.607794e-01 -1.091411e+00 -1.281505e+00
 5.821227e-01 -1.343243e+00 -1.176295e+00
 9.288538e-01 -1.447181e+00 -9.836009e-01
 1.230905e+00 -1.411657e+00 -6.974865e-01
 1.417335e+00 -1.255293e+00 -3.347931e-01
 1.448517e+00 -1.006308e+00 1.046736e-02
 1.333079e+00 -6.921677e-01 2.774113e-01
 1.087679e+00 -2.816753e-01 4.174903e-01
 1.022346e+00 -2.226042e-02 5.200278e-01
 1.054600e+00 2.333140e-01 6.497691e-01
 1.472460e+00 9.323071e-01 1.190035e+00
 1.542128e+00 1.137976e+00 1.457528e+00
 1.509765e+00 1.301938e+00 1.770498e+00
 1.376921e+00 1.396120e+00 2.087275e+00
 1.150287e+00 1.418903e+00 2.361432e+00
 8.554904e-01 1.362087e+00 2.560815e+00
 5.244104e-01 1.232309e+00 2.655127e+00
 1.978093e-01 1.036550e+00 2.627517e+00
 -5.464595e-02 7.776430e-01 2.492365e+00
 -1.945091e-01 4.915889e-01 2.263823e+00
 -1.955283e-01 2.312562e-01 1.974588e+00
 -4.782234e-02 9.004875e-03 1.688493e+00
 1.955017e-01 -1.202062e-01 1.470919e+00
 4.322537e-01 -2.094551e-01 1.382098e+00
 9.492294e-01 -4.337150e-01 1.460897e+00
 1.481277e+00 -4.030998e-01 1.381880e+00
 1.946683e+00 -2.207901e-01 1.027717e+00
 2.092310e+00 1.788332e-02 5.585551e-01
 1.888955e+00 2.772224e-01 4.127030e-03
 1.417427e+00 4.491484e-01 -3.272440e-01
 5.443328e-01 4.884332e-01 -3.955362e-01
 2.235158e-01 6.788566e-01 -5.257517e-01
 3.248461e-02 9.336810e-01 -7.276931e-01
 -5.556973e-02 1.173155e+00 -1.064414e+00
 4.377408e-03 1.328148e+00 -1.460622e+00
 1.981001e-01 1.354436e+00 -1.854324e+00
