 8.823482e-01 -4.765686e-01 -4.336444e-01
 1.394369e+00 -5.514043e-01 -3.809878e-01
 1.785779e+00 -8.591924e-01 -2.983241e-01
 1.975760e+00 -1.306452e+00 -1.517786e-01
 1.918898e+00 -1.775446e+00 4.565752e-02
 1.627366e+00 -2.148649e+00 2.377917e-01
 1.194287e+00 -2.319672e+00 4.144667e-01
 7.725940e-01 -2.255026e+00 5.487406e-01
 5.318765e-01 -2.059129e+00 6.827659e-01
 4.011634e-01 -1.940501e+00 8.443134e-01
 1.717113e-01 -1.871887e+00 1.016394e+00
 -2.150660e-01 -1.756568e+00 1.097613e+00
 -6.158353e-01 -1.577951e+00 9.922824e-01
 -9.047559e-01 -1.358425e+00 7.322283e-01
 -1.029303e+00 -1.129904e+00 3.682097e-01
 -9.578696e-01 -9.147267e-01 -6.317139e-02
 -7.066465e-01 -4.578570e-01 -6.664185e-01
 -7.129768e-01 -4.038660e-01 -1.096347e+00
 -9.198976e-01 -3.552943e-01 -1.470330e+00
 -1.234578e+00 -2.791600e-01 -1.706868e+00
 -1.610956e+00 -1.313152e-01 -1.789360e+00
 -1.954674e+00 9.990851e-02 -1.721676e+00
 -2.206175e+00 3.858042e-01 -1.513217e+00
 -2.322246e+00 6.377387e-01 -1.198781e+00
 -2.300361e+00 8.139122e-01 -8.197023e-01
 -2.141833e+00 8.911669e-01 -4.430152e-01
 -1.382766e+00 8.552248e-01 3.870747e-01
 -5.504732e-01 8.408825e-01 7.915752e-01
 -1.904647e-01 6.915623e-01 9.175271e-01
 -4.494412e-02 5.402460e-01 1.017149e+00
 5.483354e-02 3.477364e-01 1.131586e+00
 1.370405e-01 6.008580e-02 1.180742e+00
 2.017733e-01 -2.555757e-01 1.122550e+00
 2.198219e-01 -5.134693e-01 1.001431e+00
 1.948904e-01 -7.416390e-01 8.164991e-01
 1.434795e-02 -1.152117e+00 2.844350e-01
 -9.296588e-02 -1.489511e+00 8.538460e-02
 -2.624977e-01 -1.847861e+00 5.716776e-02
 -3.492251e-01 -2.273768e+00 2.034125e-01
 -3.047296e-01 -2.620211e+00 4.859879e-01
 -1.138145e-01 -2.844572e+00 8.343186e-01
 1.921968e-01 -2.900450e+00 1.171149e+00
 5.514994e-01 -2.777607e+00 1.426930e+00
 8.919236e-01 -2.502594e+00 1.550588e+00
 1.160463e+00 -2.143922e+00 1.505757e+00
 1.307679e+00 -1.768378e+00 1.302204e+00
 1.303664e+00 -1.450778e+00 9.828157e-01
 1.184569e+00 -1.273460e+00 5.900521e-01
 1.025512e+00 -1.278480e+00 2.729514e-01
 9.425740e-01 -1.413861e+00 -9.623851e-03
 9.691404e-01 -1.527016e+00 -3.155697e-01
 1.061293e+00 -1.466559e+00 -7.792757e-01
 1.078454e+00 -1.221698e+00 -1.142082e+00
 9.494800e-01 -8.628130e-01 -1.406629e+00
 7.118284e-01 -4.709354e-01 -1.493339e+00
 4.488456e-01 -1.008691e-01 -1.373903e+00
 -4.395454e-01 6.602743e-01 -4.955250e-01
 -6.839364e-01 9.456809e-01 -3.811650e-01
 -9.120838e-01 1.304759e+00 -4.368264e-01
 -1.044238e+00 1.680503e+00 -6.758895e-01
 -9.677438e-01 2.030509e+00 -9.925500e-01
 -7.071225e-01 2.257231e+00 -1.312217e+00
 -3.063474e-01 2.325666e+00 -1.565068e+00
 1.489629e-01 2.233641e+00 -1.676281e+00
 5.629121e-01 2.021081e+00 -1.609501e+00
 8.540948e-01 1.733979e+00 -1.380352e+00
 9.616482e-01 1.423855e+00 -1.038729e+00
 8.626926e-01 1.174100e+00 -6.352389e-01
 6.030241e-01 1.072083e+00 -2.698907e-01
 2.945547e-01 1.140076e+00 -1.122972e-02
 5.003941e-02 1.356850e+00 1.601958e-01
 -8.108883e-02 1.612655e+00 3.111208e-01
 -7.076354e-02 1.957729e+00 5.550348e-01
 1.083257e-01 2.235024e+00 8.347101e-01
 4.136990e-01 2.380500e+00 1.109304e+00
 7.695246e-01 2.350742e+00 1.353162e+00
 1.108638e+00 2.144248e+00 1.535242e+00
 1.387529e+00 1.797752e+00 1.599209e+00
 1.550880e+00 1.380092e+00 1.517665e+00
 1.557108e+00 9.701696e-01 1.306270e+00
 1.396611e+00 6.512465e-01 1.010875e+00
 5.854125e-01 1.954537e-01 2.495353e-01
 1.233867e-01 4.845725e-02 1.376575e-01
 -3.013334e-01 -6.495740e-02 2.256198e-01
 -6.528093e-01 -1.668031e-01 5.496876e-01
 -8.470827e-01 -1.423302e-01 9.662969e-01
 -9.045632e-01 7.450768e-02 1.397396e+00
 -7.823256e-01 4.235374e-01 1.738578e+00
 -4.835158e-01 8.194239e-01 1.912223e+00
 -9.260045e-02 1.149140e+00 1.852540e+00
 2.970083e-01 1.337182e+00 1.579624e+00
 6.755424e-01 1.383138e+00 9.656585e-01
 8.903083e-01 1.546110e+00 7.167108e-01
 9.570160e-01 1.779586e+00 4.638832e-01
 8.563695e-01 2.012324e+00 9.279153e-02
 6.135503e-01 2.113728e+00 -2.628296e-01
 3.295132e-01 2.060586e+00 -5.310105e-01
 9.272751e-02 1.896759e+00 -6.967002e-01
 -2.422705e-02 1.658142e+00 -8.293042e-01
 -7.559488e-02 1.470621e+00 -1.015429e+00
 -2.741243e-01 1.316399e+00 -1.283033e+00
 -5.607912e-01 1.145299e+00 -1.412863e+00
 -9.395389e-01 8.591314e-01 -1.387877e+00
 -1.216646e+00 6.385406e-01 -1.199880e+00
 -1.399161e+00 3.183692e-01 -8.545754e-01
 -1.597855e+00 4.041576e-02 -7.557655e-01
 -1.723211e+00 -3.079769e-01 -7.842917e-01
 -1.703288e+00 -7.287432e-01 -9.009705e-01
 -1.514701e+00 -1.072900e+00 -1.025388e+00
 -1.174024e+00 -1.325491e+00 -1.088963e+00
 -7.589495e-01 -1.435398e+00 -1.069170e+00
 -3.424317e-01 -1.379413e+00 -9.869311e-01
 -1.899827e-02 -1.179611e+00 -8.922013e-01
 4.166348e-01 -6.608048e-01 -5.090523e-01
