 -6.981144e-01 -1.948918e+00 -1.517566e+00
 -9.703103e-01 -2.189530e+00 -1.344901e+00
 -1.286556e+00 -2.288970e+00 -1.086395e+00
 -1.564000e+00 -2.227431e+00 -7.683366e-01
 -1.744422e+00 -2.014403e+00 -4.383691e-01
 -1.791827e+00 -1.682015e+00 -1.566590e-01
 -1.692328e+00 -1.286868e+00 2.144730e-02
 -1.459713e+00 -9.024131e-01 5.639003e-02
 -1.136774e+00 -6.055356e-01 -6.443140e-02
 -5.577820e-01 -3.476692e-01 -5.088253e-01
 -3.887891e-01 -2.205183e-01 -6.575258e-01
 -1.478309e-01 -5.393190e-02 -9.365777e-01
 9.091487e-02 2.368297e-01 -1.407488e+00
 3.717651e-01 5.850875e-01 -1.607320e+00
 6.869380e-01 9.459122e-01 -1.577107e+00
 9.395582e-01 1.280430e+00 -1.326459e+00
 1.049950e+00 1.523754e+00 -9.160515e-01
 9.950179e-01 1.617735e+00 -4.390251e-01
 4.948048e-01 1.436480e+00 6.076300e-01
 3.526892e-01 1.425060e+00 8.026806e-01
 1.380607e-01 1.479101e+00 1.010126e+00
 -3.202750e-03 1.643353e+00 1.277954e+00
 -4.065587e-03 1.822706e+00 1.686406e+00
 1.640214e-01 1.923735e+00 2.070204e+00
 4.570774e-01 1.907201e+00 2.389272e+00
 8.232798e-01 1.775800e+00 2.582463e+00
 1.193777e+00 1.547228e+00 2.617785e+00
 1.495599e+00 1.254329e+00 2.491511e+00
 1.673936e+00 9.537033e-01 2.222946e+00
 1.695062e+00 7.034042e-01 1.861210e+00
 1.542544e+00 5.322135e-01 1.479284e+00
 1.236579e+00 4.686613e-01 1.166143e+00
 8.067529e-01 4.852125e-01 9.902802e-01
 4.080468e-01 4.572720e-01 1.053620e+00
 8.283772e-02 4.970593e-01 1.208852e+00
 -2.265048e-01 5.443781e-01 1.239604e+00
 -5.618233e-01 5.412517e-01 1.167477e+00
 -8.607692e-01 5.084760e-01 9.822628e-01
 -1.078087e+00 4.682218e-01 7.063244e-01
 -1.192821e+00 4.445611e-01 3.608718e-01
 -1.188997e+00 4.660866e-01 4.534585e-04
 -9.137901e-01 6.306459e-01 -7.789834e-01
 -8.608350e-01 6.529113e-01 -1.099040e+00
 -9.664491e-01 7.066073e-01 -1.447314e+00
 -1.221091e+00 6.066366e-01 -1.818639e+00
 -1.523675e+00 3.268759e-01 -2.055934e+00
 -1.759051e+00 -9.740587e-02 -2.127979e+00
 -1.853476e+00 -5.726506e-01 -2.018839e+00
 -1.785435e+00 -9.861266e-01 -1.745570e+00
 -1.578704e+00 -1.233476e+00 -1.367057e+00
 -1.123922e+00 -1.286302e+00 -8.509529e-01
 -8.820725e-01 -1.459634e+00 -6.129369e-01
 -6.317870e-01 -1.685619e+00 -5.180429e-01
 -2.780981e-01 -1.914628e+00 -5.687383e-01
 7.315488e-02 -2.055916e+00 -7.844641e-01
 3.837209e-01 -2.034243e+00 -1.077483e+00
 5.988150e-01 -1.864662e+00 -1.405387e+00
 6.668194e-01 -1.590408e+00 -1.730757e+00
 5.742632e-01 -1.259933e+00 -1.992240e+00
 3.382359e-01 -9.311439e-01 -2.141860e+00
 2.014586e-03 -6.617248e-01 -2.151942e+00
 -3.593562e-01 -5.042146e-01 -2.025212e+00
 -1.298597e+00 -2.536839e-01 -1.187186e+00
 -1.661078e+00 -3.246149e-02 -1.088912e+00
 -1.910972e+00 4.656730e-01 -1.031649e+00
 -1.851188e+00 1.037089e+00 -1.004703e+00
 -1.489750e+00 1.490945e+00 -9.528892e-01
 -9.437757e-01 1.680810e+00 -9.022945e-01
 -4.128328e-01 1.558748e+00 -8.727548e-01
 5.020941e-01 6.881990e-01 -5.556286e-01
 1.153932e+00 1.957831e-01 -8.104814e-01
 1.447035e+00 -4.203635e-01 -7.106672e-01
 1.440250e+00 -1.004940e+00 -2.503169e-01
 1.113165e+00 -1.206370e+00 2.955211e-01
 7.599971e-01 -1.007240e+00 7.252302e-01
 6.898920e-01 -6.747102e-01 9.986745e-01
 7.092994e-01 -3.053880e-01 1.679218e+00
 7.049769e-01 1.728767e-02 1.934350e+00
 6.853405e-01 4.296310e-01 2.046282e+00
 6.779550e-01 7.887591e-01 1.996428e+00
 7.195237e-01 1.089038e+00 1.817336e+00
 8.742679e-01 1.288286e+00 1.672136e+00
 1.007808e+00 1.562447e+00 1.583360e+00
 9.839205e-01 1.985043e+00 1.394095e+00
 7.711412e-01 2.314512e+00 1.114002e+00
 4.422137e-01 2.455714e+00 7.925074e-01
 8.405383e-02 2.375317e+00 4.833670e-01
 -2.209017e-01 2.090174e+00 2.483954e-01
 -4.143180e-01 1.663426e+00 1.462775e-01
 -4.468761e-01 1.267826e+00 1.899562e-01
 -1.780824e-01 6.233517e-01 2.254297e-01
 -1.895140e-01 2.253269e-01 2.305906e-01
 -3.201284e-01 -8.692931e-01 9.676128e-01
 -1.483250e-01 -1.196735e+00 1.306095e+00
 2.329033e-01 -1.417485e+00 1.566304e+00
 7.227229e-01 -1.483358e+00 1.667363e+00
 1.197181e+00 -1.364548e+00 1.612086e+00
 1.556830e+00 -1.088566e+00 1.417581e+00
 1.723999e+00 -7.443574e-01 1.101770e+00
 1.659213e+00 -4.133771e-01 7.420982e-01
 1.382582e+00 -1.811876e-01 4.082546e-01
 1.018707e+00 -1.119821e-01 2.122362e-01
 7.660169e-01 -1.973991e-01 9.073909e-02
 5.710942e-01 -3.845169e-01 -1.020931e-01
 4.776762e-01 -5.525330e-01 -2.409681e-01
 4.363238e-01 -7.417499e-01 -4.013796e-01
 3.882714e-01 -8.582042e-01 -5.414804e-01
 3.117768e-01 -9.534600e-01 -6.946732e-01
 2.134315e-01 -1.018111e+00 -8.481398e-01
 -3.085733e-02 -1.091943e+00 -1.139963e+00
 -1.770693e-01 -1.193428e+00 -1.290994e+00
 -3.106714e-01 -1.377524e+00 -1.465255e+00
 -4.644293e-01 -1.641102e+00 -1.553653e+00
