 -2.004591e-01 6.719173e-01 1.782221e+00
 4.365055e-02 1.077049e+00 1.797363e+00
 3.364334e-01 1.385804e+00 1.635327e+00
 5.905645e-01 1.554262e+00 1.331816e+00
 7.833052e-01 1.561254e+00 9.149920e-01
 9.072359e-01 1.360117e+00 4.772306e-01
 8.964796e-01 1.045223e+00 1.645276e-01
 7.010801e-01 6.665021e-01 -6.670756e-02
 6.227450e-01 4.685166e-01 -2.480672e-01
 6.538643e-01 2.732784e-01 -4.085489e-01
 7.909030e-01 3.572774e-02 -5.667390e-01
 1.075811e+00 -2.913312e-01 -7.847817e-01
 1.200088e+00 -6.725319e-01 -9.076330e-01
 1.167887e+00 -1.083690e+00 -9.677743e-01
 9.874493e-01 -1.470042e+00 -9.395760e-01
 7.042523e-01 -1.739085e+00 -8.285790e-01
 3.740585e-01 -1.846977e+00 -7.149572e-01
 1.113698e-01 -1.846542e+00 -7.105647e-01
 -1.139004e-01 -1.889322e+00 -7.537134e-01
 -3.989941e-01 -2.022389e+00 -7.221431e-01
 -7.124270e-01 -2.138675e+00 -5.403160e-01
 -9.756063e-01 -2.166585e+00 -2.395602e-01
 -1.143734e+00 -2.078350e+00 1.160948e-01
 -1.201377e+00 -1.857163e+00 4.811507e-01
 -1.126383e+00 -1.542318e+00 7.668974e-01
 -9.327766e-01 -1.184002e+00 9.175197e-01
 -6.722331e-01 -8.328097e-01 8.894476e-01
 -4.206128e-01 -5.399738e-01 6.730429e-01
 -2.576499e-01 -3.285716e-01 2.850597e-01
 -3.521149e-01 -1.578474e-01 -1.504355e-01
 -7.831028e-01 -1.866456e-01 -1.149739e+00
 -7.424335e-01 1.410793e-02 -1.729890e+00
 -4.524031e-01 4.102779e-01 -2.131180e+00
 -6.390375e-02 8.477310e-01 -2.196247e+00
 3.152238e-01 1.190814e+00 -1.933521e+00
 5.967988e-01 1.297543e+00 -1.440299e+00
 8.137588e-01 1.119405e+00 -1.115503e+00
 1.273935e+00 9.320229e-01 -8.676223e-01
 1.429230e+00 8.260468e-01 -7.547012e-01
 1.567363e+00 6.904368e-01 -5.906118e-01
 1.641388e+00 5.631798e-01 -4.309090e-01
 1.666916e+00 4.367945e-01 -2.626692e-01
 1.645747e+00 3.159180e-01 -1.056313e-01
 1.579556e+00 1.888472e-01 4.350455e-02
 1.471704e+00 6.781092e-02 1.791201e-01
 1.332292e+00 -3.602650e-02 2.882806e-01
 1.180293e+00 -1.153796e-01 3.637376e-01
 8.923873e-01 -2.078296e-01 4.796584e-01
 7.148965e-01 -3.150385e-01 6.184603e-01
 6.447011e-01 -3.749764e-01 7.198096e-01
 5.383969e-01 -4.601771e-01 9.713707e-01
 1.473889e-01 -4.384641e-01 1.960281e+00
 -3.938151e-02 -3.531233e-01 2.231057e+00
 -2.780782e-01 -2.083519e-01 2.426205e+00
 -5.408143e-01 -2.093284e-02 2.523696e+00
 -7.929269e-01 1.918431e-01 2.515403e+00
 -1.009353e+00 4.112391e-01 2.404792e+00
 -1.162900e+00 6.218111e-01 2.208263e+00
 -1.239563e+00 7.900031e-01 1.951547e+00
 -1.249172e+00 8.937853e-01 1.656321e+00
 -1.196871e+00 9.134783e-01 1.303511e+00
 -1.116363e+00 8.289366e-01 1.011687e+00
 -1.048456e+00 6.761387e-01 8.149096e-01
 -1.019842e+00 4.520858e-01 6.585949e-01
 -1.038180e+00 3.474842e-01 5.865800e-01
 -1.110580e+00 2.095804e-01 4.742349e-01
 -1.224612e+00 3.654822e-02 3.624083e-01
 -1.291719e+00 -1.740505e-01 2.686827e-01
 -1.296218e+00 -4.143376e-01 1.566033e-01
 -1.231743e+00 -6.451243e-01 4.664455e-02
 -1.121407e+00 -8.285773e-01 -3.413020e-02
 -9.627501e-01 -9.857850e-01 -9.006466e-02
 -7.691720e-01 -1.133884e+00 -1.030188e-01
 -6.070348e-01 -1.228808e+00 -7.121670e-02
 -4.827693e-01 -1.301660e+00 -5.058348e-03
 -3.139188e-01 -1.454856e+00 1.384971e-01
 -1.709742e-01 -1.766463e+00 2.696854e-01
 -4.581848e-02 -2.154586e+00 2.498732e-01
 5.461617e-02 -2.505603e+00 6.760543e-02
 1.406386e-01 -2.756124e+00 -2.454757e-01
 1.986619e-01 -2.863535e+00 -6.330616e-01
 2.283705e-01 -2.815577e+00 -1.030405e+00
 2.398233e-01 -2.620679e+00 -1.376220e+00
 2.321999e-01 -2.310873e+00 -1.620068e+00
 2.063224e-01 -1.932579e+00 -1.727835e+00
 1.660568e-01 -1.537515e+00 -1.683591e+00
 1.327294e-01 -1.191805e+00 -1.491441e+00
 1.361343e-01 -9.406400e-01 -1.181302e+00
 1.756423e-01 -8.352829e-01 -8.109057e-01
 2.790751e-01 -8.621597e-01 -4.841443e-01
 4.689839e-01 -9.369449e-01 -2.189066e-01
 8.898317e-01 -1.187977e+00 1.164848e-01
 1.180770e+00 -1.205324e+00 4.219095e-01
 1.400799e+00 -1.065346e+00 7.572052e-01
 1.521199e+00 -7.704321e-01 1.082835e+00
 1.508817e+00 -4.120964e-01 1.292993e+00
 1.380337e+00 -3.361344e-02 1.372492e+00
 1.120791e+00 3.092865e-01 1.335734e+00
 7.646083e-01 5.238611e-01 1.206136e+00
 3.453369e-01 6.121385e-01 9.171384e-01
 1.676524e-01 7.291067e-01 8.209359e-01
 -6.528521e-02 9.836902e-01 7.746982e-01
 -2.521983e-01 1.294158e+00 7.709178e-01
 -4.051286e-01 1.545372e+00 6.731580e-01
 -5.468578e-01 1.751080e+00 4.933318e-01
 -6.683851e-01 1.898189e+00 2.420504e-01
 -7.553935e-01 1.970781e+00 -3.786454e-02
 -7.950168e-01 1.973307e+00 -3.194700e-01
 -7.998243e-01 1.907092e+00 -5.734033e-01
 -7.802552e-01 1.773302e+00 -8.017063e-01
 -7.153438e-01 1.585700e+00 -9.981258e-01
 -6.151292e-01 1.363993e+00 -1.134669e+00
 -4.834503e-01 1.097894e+00 -1.207205e+00
 -3.720350e-01 8.984144e-01 -1.201951e+00
 -1.614635e-01 6.610970e-01 -1.144910e+00
 -4.498006e-02 5.540444e-01 -1.156381e+00
 8.424195e-02 4.164601e-01 -1.225691e+00
 2.945959e-01 2.811776e-01 -1.399952e+00
 5.994305e-01 2.421365e-01 -1.588052e+00
 8.950804e-01 3.322590e-01 -1.767225e+00
 1.183524e+00 5.528171e-01 -1.895610e+00
 1.413442e+00 8.744711e-01 -1.931162e+00
 1.546798e+00 1.243729e+00 -1.853342e+00
 1.571452e+00 1.599266e+00 -1.652947e+00
 1.463484e+00 1.891083e+00 -1.361133e+00
 1.221002e+00 2.064811e+00 -1.042565e+00
 8.891527e-01 2.077380e+00 -7.517970e-01
 5.349887e-01 1.919348e+00 -5.395054e-01
 -2.090734e-01 1.122621e+00 -2.304013e-01
 -3.877057e-01 1.024412e+00 -2.008510e-01
 -7.146727e-01 9.633511e-01 -1.933333e-01
 -1.210722e+00 1.005190e+00 -1.815336e-01
 -1.617516e+00 9.605276e-01 -4.571211e-03
 -1.911375e+00 8.134977e-01 2.740660e-01
 -2.049897e+00 5.997602e-01 6.124636e-01
 -2.016280e+00 3.466681e-01 9.407976e-01
 -1.811969e+00 9.500873e-02 1.212920e+00
 -1.466575e+00 -7.929390e-02 1.410060e+00
 -1.068285e+00 -1.135790e-01 1.505846e+00
 -7.411171e-01 -1.037046e-02 1.515724e+00
 -4.590799e-01 2.486288e-01 1.527219e+00
