 9.250917e-01 -1.070769e+00 9.600393e-01
 9.394087e-01 -1.553038e+00 6.688244e-01
 9.434482e-01 -1.812376e+00 1.630520e-01
 9.248898e-01 -1.766897e+00 -3.990893e-01
 9.047096e-01 -1.436428e+00 -8.532921e-01
 9.084642e-01 -9.211574e-01 -1.068917e+00
 9.709374e-01 -3.775080e-01 -9.900492e-01
 1.021143e+00 2.946784e-02 -6.601460e-01
 9.034386e-01 2.134499e-01 -2.342239e-01
 8.690483e-01 3.197316e-01 -5.777150e-02
 8.208967e-01 6.462820e-01 4.943161e-01
 7.584742e-01 7.826693e-01 6.886661e-01
 6.461005e-01 9.530689e-01 8.676380e-01
 5.075795e-01 1.149812e+00 9.981535e-01
 -1.027765e-01 1.936315e+00 1.276256e+00
 -4.505815e-01 2.162438e+00 1.289990e+00
 -8.616070e-01 2.265746e+00 1.201836e+00
 -1.248681e+00 2.222983e+00 1.023976e+00
 -1.548999e+00 2.037950e+00 8.001664e-01
 -1.715804e+00 1.745827e+00 5.522735e-01
 -1.717086e+00 1.395569e+00 3.069556e-01
 -1.558295e+00 1.069657e+00 1.495398e-01
 -1.304643e+00 7.433437e-01 1.371881e-01
 -1.037206e+00 4.281654e-01 3.313380e-01
 -9.985036e-01 -4.403469e-01 1.072896e+00
 -8.723722e-01 -8.976423e-01 1.186351e+00
 -7.934894e-01 -1.403302e+00 1.045350e+00
 -8.011376e-01 -1.785048e+00 6.784769e-01
 -8.705486e-01 -1.940262e+00 1.703247e-01
 -9.844087e-01 -1.820025e+00 -3.370139e-01
 -1.160736e+00 -1.495798e+00 -6.742578e-01
 -1.367428e+00 -1.240144e+00 -7.456763e-01
 -1.580782e+00 -1.100120e+00 -8.088657e-01
 -1.769397e+00 -9.060008e-01 -1.005574e+00
 -1.854544e+00 -6.038675e-01 -1.207598e+00
 -1.821875e+00 -2.543957e-01 -1.335658e+00
 -1.695663e+00 9.652974e-02 -1.361419e+00
 -1.486485e+00 4.027113e-01 -1.284306e+00
 -1.217529e+00 6.230532e-01 -1.115645e+00
 -5.796430e-01 8.629514e-01 -5.509172e-01
 -3.598612e-01 9.067399e-01 -2.848919e-01
 -1.379166e-01 9.619304e-01 -1.334645e-01
 1.206694e-02 1.052353e+00 -5.200468e-02
 1.162606e-01 1.173025e+00 9.276063e-03
 3.082696e-01 1.491090e+00 7.071224e-02
 5.329234e-01 1.875375e+00 -7.280369e-02
 7.252263e-01 2.141232e+00 -3.957625e-01
 8.610409e-01 2.238021e+00 -8.274634e-01
 9.452528e-01 2.130237e+00 -1.277907e+00
 9.498767e-01 1.837739e+00 -1.650803e+00
 8.643891e-01 1.421553e+00 -1.867850e+00
 6.974138e-01 9.715546e-01 -1.882006e+00
 4.761341e-01 5.886004e-01 -1.689780e+00
 6.020993e-02 1.529456e-01 -1.014740e+00
 -6.259029e-02 -6.161116e-02 -3.991183e-01
 -6.496622e-02 -3.069638e-02 1.186803e-01
 2.836649e-02 -2.974805e-01 1.286207e+00
 2.123459e-01 -4.369571e-01 1.634639e+00
 5.322762e-01 -5.594484e-01 1.881353e+00
 9.274193e-01 -6.410163e-01 1.980815e+00
 1.333473e+00 -6.938422e-01 1.912727e+00
 1.677810e+00 -7.229018e-01 1.688772e+00
 1.904770e+00 -6.908126e-01 1.358915e+00
 2.008005e+00 -5.563626e-01 9.389306e-01
 1.945064e+00 -3.975474e-01 6.316360e-01
 1.832458e+00 -1.387138e-01 4.263338e-01
 1.868692e+00 4.562236e-01 -1.503784e-02
 1.818424e+00 6.493645e-01 -1.750563e-01
 1.709853e+00 8.173005e-01 -3.309563e-01
 1.532926e+00 9.634336e-01 -4.960422e-01
 1.362957e+00 1.032309e+00 -6.129413e-01
 2.980921e-01 1.331064e+00 -9.891802e-01
 -2.100045e-01 1.828130e+00 -8.564170e-01
 -6.752384e-01 1.949435e+00 -9.205513e-02
 -7.348763e-01 1.377953e+00 7.006784e-01
 -9.996335e-01 1.189240e+00 1.074976e+00
 -1.538543e+00 8.398404e-01 1.190706e+00
 -1.973392e+00 4.399206e-01 9.114090e-01
 -2.063972e+00 4.818416e-02 3.860818e-01
 -1.786721e+00 -1.712537e-01 -1.533665e-01
 -1.353712e+00 -1.682401e-01 -4.340587e-01
 -1.035427e+00 -2.543850e-01 -6.212752e-01
 -8.478243e-01 -3.944850e-01 -1.027222e+00
 -8.401260e-01 -6.613004e-01 -1.409237e+00
 -9.858058e-01 -1.004752e+00 -1.668530e+00
 -1.232840e+00 -1.374347e+00 -1.754876e+00
 -1.521119e+00 -1.703573e+00 -1.651487e+00
 -1.791454e+00 -1.931983e+00 -1.383236e+00
 -1.993203e+00 -2.021066e+00 -1.007604e+00
 -2.079803e+00 -1.972803e+00 -5.911649e-01
 -2.044621e+00 -1.796854e+00 -2.061535e-01
 -1.888936e+00 -1.524374e+00 9.088434e-02
 -1.620716e+00 -1.220910e+00 2.459280e-01
 -1.329378e+00 -9.950686e-01 2.362413e-01
 -1.078847e+00 -9.216049e-01 1.721732e-01
 -8.290207e-01 -8.930825e-01 1.297150e-01
 -1.968292e-01 -1.033994e+00 4.442419e-02
 1.346393e-02 -1.040013e+00 2.880962e-02
 2.143644e-01 -1.004509e+00 1.330108e-02
 6.713220e-01 -8.230963e-01 -3.059767e-02
 8.751041e-01 -7.887276e-01 -3.847717e-02
 1.128468e+00 -8.007573e-01 -4.297867e-02
 1.723027e+00 -8.805270e-01 -2.859043e-01
 2.200900e+00 -7.489087e-01 -3.292631e-01
 2.605111e+00 -4.944478e-01 -1.767807e-01
 2.837469e+00 -1.869647e-01 1.364536e-01
 2.843461e+00 1.190530e-01 5.233884e-01
 2.621261e+00 3.554625e-01 8.974969e-01
 2.230667e+00 4.494809e-01 1.184582e+00
 1.762903e+00 3.861294e-01 1.315885e+00
 1.320548e+00 1.654770e-01 1.275521e+00
 1.055432e+00 -1.340606e-01 1.097017e+00
 9.884740e-01 -4.295147e-01 9.606363e-01
