 -1.521133e+00 1.975569e+00 -1.976044e+00
 -1.728881e+00 1.758801e+00 -1.665696e+00
 -1.764108e+00 1.486712e+00 -1.326317e+00
 -1.614600e+00 1.222047e+00 -1.010036e+00
 -1.301710e+00 1.018550e+00 -7.714570e-01
 -8.965373e-01 9.324733e-01 -6.566097e-01
 -4.004483e-01 1.015519e+00 -6.380941e-01
 1.390295e-01 1.580636e+00 -6.444983e-01
 4.533182e-01 1.737264e+00 -6.321748e-01
 8.070767e-01 1.789517e+00 -5.568267e-01
 1.137160e+00 1.719473e+00 -4.376067e-01
 1.411675e+00 1.532458e+00 -2.920216e-01
 1.600325e+00 1.247054e+00 -1.590436e-01
 1.678251e+00 9.015540e-01 -6.444148e-02
 1.617515e+00 4.541969e-01 1.275821e-02
 1.624758e+00 2.122339e-01 1.046209e-01
 1.706023e+00 -2.848841e-02 2.565584e-01
 1.727623e+00 -2.162409e-01 5.266768e-01
 1.589655e+00 -4.023059e-01 8.447759e-01
 1.281604e+00 -5.482671e-01 1.112868e+00
 8.644979e-01 -6.111707e-01 1.252044e+00
 4.150512e-01 -5.841088e-01 1.219329e+00
 -2.754733e-01 -4.896203e-01 8.426287e-01
 -1.293161e+00 -8.027924e-01 3.430072e-01
 -1.609269e+00 -1.138983e+00 1.770800e-01
 -1.775685e+00 -1.606910e+00 1.425067e-01
 -1.749527e+00 -2.092185e+00 2.510433e-01
 -1.537687e+00 -2.481163e+00 4.784273e-01
 -1.191842e+00 -2.682245e+00 7.714840e-01
 -7.734924e-01 -2.654697e+00 1.046032e+00
 -3.749232e-01 -2.388795e+00 1.243640e+00
 -1.641534e-01 -1.983066e+00 1.332118e+00
 -1.794623e-01 -1.648879e+00 1.407127e+00
 -2.214824e-01 -1.433833e+00 1.510391e+00
 -4.143738e-01 -1.047068e+00 1.758274e+00
 -5.009420e-01 -7.555640e-01 1.841901e+00
 -5.417854e-01 -4.412850e-01 1.846617e+00
 -5.383304e-01 -1.337164e-01 1.768154e+00
 -4.965048e-01 1.390225e-01 1.610368e+00
 -4.263114e-01 3.508571e-01 1.385903e+00
 -3.068492e-01 5.607850e-01 9.517193e-01
 -3.015184e-01 6.818245e-01 7.472591e-01
 -3.349445e-01 8.399855e-01 5.597123e-01
 -3.809584e-01 9.416520e-01 4.678733e-01
 -4.678533e-01 1.124516e+00 3.692772e-01
 -6.536997e-01 1.462633e+00 2.561949e-01
 -8.040004e-01 1.758771e+00 -1.328487e-02
 -8.902493e-01 1.929397e+00 -3.764192e-01
 -8.916162e-01 1.964499e+00 -7.769514e-01
 -8.173677e-01 1.867267e+00 -1.129012e+00
 -7.359773e-01 1.637061e+00 -1.401272e+00
 -7.625946e-01 1.435334e+00 -1.536802e+00
 -8.236055e-01 1.250653e+00 -1.734704e+00
 -7.362893e-01 1.037612e+00 -2.092631e+00
 -4.405781e-01 8.289336e-01 -2.397432e+00
 -1.205472e-02 6.536025e-01 -2.524278e+00
 4.474258e-01 5.396100e-01 -2.436840e+00
 8.390587e-01 5.171995e-01 -2.153124e+00
 1.071433e+00 5.815271e-01 -1.733040e+00
 1.092111e+00 7.048859e-01 -1.334407e+00
 6.541279e-01 8.003342e-01 -2.178007e-01
 5.362427e-01 1.421437e+00 6.332182e-01
 1.524073e-01 1.608266e+00 1.079576e+00
 -4.170915e-01 1.548768e+00 1.329057e+00
 -9.674238e-01 1.301007e+00 1.273346e+00
 -1.299937e+00 9.191089e-01 9.666404e-01
 -1.324838e+00 5.003007e-01 5.378295e-01
 -1.040681e+00 2.166016e-01 1.084623e-01
 1.262293e-01 -3.137268e-02 -4.912635e-01
 7.129704e-01 -2.786897e-01 -8.453984e-01
 1.968061e+00 -1.707125e-01 -7.954965e-01
 2.417107e+00 2.818557e-02 -5.408500e-01
 2.645175e+00 2.873916e-01 -1.009744e-01
 2.587927e+00 5.103405e-01 3.980810e-01
 2.260908e+00 6.629160e-01 8.108151e-01
 1.733205e+00 6.982656e-01 1.024827e+00
 1.182749e+00 5.594815e-01 9.781126e-01
 7.906465e-01 2.680132e-01 7.198720e-01
 6.758172e-01 -5.884425e-03 3.936449e-01
 7.566751e-01 -3.947503e-01 2.474255e-01
 9.864906e-01 -8.152692e-01 -3.946813e-03
 9.965188e-01 -1.145413e+00 -2.193532e-01
 8.553098e-01 -1.533747e+00 -3.544589e-01
 5.793073e-01 -1.866914e+00 -3.765767e-01
 2.174750e-01 -2.082543e+00 -2.879026e-01
 -1.640895e-01 -2.146472e+00 -1.039710e-01
 -4.956252e-01 -2.050203e+00 1.379698e-01
 -8.355604e-01 -1.707510e+00 5.976519e-01
 -1.074362e+00 -1.652041e+00 9.252155e-01
 -1.198392e+00 -1.734851e+00 1.297168e+00
 -1.133278e+00 -1.865879e+00 1.724135e+00
 -8.973400e-01 -1.969016e+00 2.075691e+00
 -5.321539e-01 -1.999058e+00 2.311022e+00
 -1.034374e-01 -1.983680e+00 2.377814e+00
 3.065164e-01 -1.929675e+00 2.268164e+00
 6.280096e-01 -1.846249e+00 2.008870e+00
 8.115258e-01 -1.746667e+00 1.649066e+00
 8.320264e-01 -1.646250e+00 1.251834e+00
 6.896721e-01 -1.540156e+00 8.795731e-01
 1.787292e-01 -1.306812e+00 3.877282e-01
 9.103110e-02 -1.222288e+00 2.542487e-01
 2.844612e-02 -1.163423e+00 1.284111e-01
 -2.874755e-01 -9.276000e-01 -7.129837e-01
 -3.495946e-01 -8.109013e-01 -9.253429e-01
 -3.800046e-01 -6.591235e-01 -1.102650e+00
 -3.785085e-01 -4.776115e-01 -1.247594e+00
 -3.460766e-01 -2.775043e-01 -1.353973e+00
 -2.850192e-01 -6.921349e-02 -1.418417e+00
 7.773171e-02 7.924965e-01 -1.506638e+00
 1.432717e-01 9.919063e-01 -1.555152e+00
 2.189877e-01 1.213620e+00 -1.682637e+00
 1.790262e-01 1.514638e+00 -1.924115e+00
 -3.014218e-02 1.794544e+00 -2.153608e+00
 -3.707669e-01 1.999536e+00 -2.297614e+00
 -7.767766e-01 2.102958e+00 -2.318964e+00
 -1.183360e+00 2.097060e+00 -2.205092e+00
