 -4.451221e-01 -2.330942e+00 1.673433e-01
 -7.421082e-01 -2.162714e+00 -1.403037e-01
 -1.014560e+00 -1.832803e+00 -3.235564e-01
 -1.328860e+00 -1.168970e+00 -3.460005e-01
 -1.625710e+00 -9.064610e-01 -4.643848e-01
 -1.858238e+00 -7.433755e-01 -7.061987e-01
 -1.981685e+00 -6.066149e-01 -1.090614e+00
 -1.928096e+00 -5.109632e-01 -1.512679e+00
 -1.700679e+00 -4.683516e-01 -1.890055e+00
 -1.332590e+00 -4.725665e-01 -2.145458e+00
 -8.904234e-01 -5.148193e-01 -2.221311e+00
 -4.565917e-01 -5.839062e-01 -2.096120e+00
 -1.208809e-01 -6.756451e-01 -1.789193e+00
 4.487964e-02 -7.505136e-01 -1.357162e+00
 1.477849e-02 -7.476938e-01 -9.094243e-01
 -1.826793e-01 -6.524926e-01 -5.293935e-01
 -5.395766e-01 -5.126098e-01 -2.487369e-01
 -8.918109e-01 -2.580935e-01 -1.823130e-01
 -1.124141e+00 -6.029268e-02 -2.501834e-01
 -1.297955e+00 1.879829e-01 -3.928720e-01
 -1.357657e+00 4.444009e-01 -5.651779e-01
 -1.307181e+00 7.233908e-01 -7.394924e-01
 -1.127433e+00 1.006705e+00 -9.242957e-01
 -8.604175e-01 1.197824e+00 -1.066706e+00
 -5.335465e-01 1.291965e+00 -1.159489e+00
 -1.869345e-01 1.282017e+00 -1.193905e+00
 5.326499e-01 1.043493e+00 -1.130339e+00
 8.871704e-01 1.041711e+00 -1.200892e+00
 1.173860e+00 1.152174e+00 -1.211048e+00
 1.455787e+00 1.303023e+00 -1.114192e+00
 1.682287e+00 1.433259e+00 -9.138250e-01
 1.832904e+00 1.522643e+00 -6.521769e-01
 1.908243e+00 1.559244e+00 -3.471500e-01
 1.900360e+00 1.542598e+00 -2.629485e-02
 1.817640e+00 1.479017e+00 2.617873e-01
 1.660660e+00 1.388639e+00 5.056806e-01
 1.223333e+00 1.185443e+00 8.661932e-01
 1.045622e+00 1.149090e+00 1.202751e+00
 6.509987e-01 1.301965e+00 1.520086e+00
 7.260260e-02 1.434541e+00 1.549252e+00
 -3.902928e-01 1.434297e+00 1.307197e+00
 -7.176380e-01 1.268634e+00 8.722200e-01
 -7.607237e-01 1.033944e+00 3.607898e-01
 -3.085689e-01 5.531059e-01 -4.502660e-01
 -3.487564e-01 3.497160e-01 -7.997926e-01
 -5.111194e-01 1.602400e-01 -1.063907e+00
 -7.372379e-01 -8.800299e-02 -1.200218e+00
 -9.293684e-01 -3.799869e-01 -1.199004e+00
 -9.649011e-01 -6.598247e-01 -1.195328e+00
 -9.925716e-01 -9.110155e-01 -1.276245e+00
 -1.140381e+00 -1.155419e+00 -1.361446e+00
 -1.420385e+00 -1.439003e+00 -1.341157e+00
 -1.735151e+00 -1.647182e+00 -1.183315e+00
 -1.989541e+00 -1.773291e+00 -8.940956e-01
 -2.138953e+00 -1.807675e+00 -5.151566e-01
 -2.181466e+00 -1.717758e+00 -1.163006e-01
 -2.110366e+00 -1.520901e+00 2.335808e-01
 -1.936356e+00 -1.252887e+00 4.820381e-01
 -1.492755e+00 -7.541586e-01 6.791835e-01
 -1.212696e+00 -5.678185e-01 7.498745e-01
 -9.199259e-01 -4.492217e-01 8.048908e-01
 -6.894571e-01 -4.005746e-01 7.950799e-01
 -3.087905e-01 -3.940950e-01 7.282686e-01
 9.327963e-02 -4.621023e-01 7.880707e-01
 4.559776e-01 -5.185566e-01 1.056492e+00
 6.605814e-01 -6.417812e-01 1.427220e+00
 6.894145e-01 -8.616907e-01 1.818493e+00
 5.493710e-01 -1.148581e+00 2.133216e+00
 2.790856e-01 -1.465329e+00 2.303214e+00
 -7.017868e-02 -1.748424e+00 2.295708e+00
 -4.326124e-01 -1.941926e+00 2.113120e+00
 -7.399299e-01 -2.007107e+00 1.791451e+00
 -9.342726e-01 -1.929850e+00 1.393609e+00
 -9.727701e-01 -1.735584e+00 1.002339e+00
 -8.324236e-01 -1.515625e+00 6.742029e-01
 -6.210311e-01 -1.360644e+00 4.989523e-01
 -3.660251e-01 -1.314077e+00 3.352599e-01
 2.056796e-02 -1.294308e+00 2.216586e-01
 2.398200e-01 -1.239227e+00 1.686819e-01
 1.180118e+00 -7.382989e-01 -1.388182e-01
 1.404139e+00 -5.013366e-01 -2.212037e-01
 1.541370e+00 -2.186999e-01 -2.866585e-01
 1.583507e+00 7.966003e-02 -3.235841e-01
 1.534213e+00 3.725160e-01 -3.286641e-01
 1.395658e+00 6.459400e-01 -2.983822e-01
 1.029658e+00 1.015139e+00 -2.009828e-01
 9.467117e-01 1.256739e+00 -2.106254e-01
 8.714088e-01 1.564661e+00 -3.008342e-01
 7.894109e-01 1.868940e+00 -5.719787e-01
 7.317952e-01 2.037068e+00 -9.350232e-01
 6.865033e-01 2.047559e+00 -1.343632e+00
 6.387879e-01 1.895212e+00 -1.723983e+00
 5.741291e-01 1.601204e+00 -2.010713e+00
 5.322473e-01 1.211191e+00 -2.157653e+00
 5.231321e-01 7.932745e-01 -2.138612e+00
 5.464909e-01 4.174325e-01 -1.956880e+00
 5.966083e-01 1.464164e-01 -1.642869e+00
 6.555568e-01 3.934740e-02 -1.294750e+00
 5.575478e-01 6.487100e-02 -2.002592e-01
 5.938013e-01 8.084499e-02 9.307000e-03
 6.976547e-01 9.187465e-02 2.087497e-01
 8.923682e-01 1.247396e-01 4.172266e-01
 1.575428e+00 2.296137e-01 9.457579e-01
 1.850156e+00 4.432548e-01 1.189327e+00
 2.014062e+00 7.810361e-01 1.387607e+00
 2.034678e+00 1.180671e+00 1.515981e+00
 1.921693e+00 1.570740e+00 1.543509e+00
 1.705903e+00 1.897760e+00 1.460991e+00
 1.412012e+00 2.114180e+00 1.291952e+00
 1.081905e+00 2.184873e+00 1.077949e+00
 7.660714e-01 2.103195e+00 8.556914e-01
 5.245026e-01 1.897112e+00 6.619948e-01
 3.201228e-01 1.565218e+00 5.441476e-01
 2.628100e-01 1.210475e+00 5.286506e-01
 2.507321e-01 9.438939e-01 5.989256e-01
 1.331414e-01 6.256729e-01 8.799990e-01
 -3.996223e-02 3.604896e-01 1.396867e+00
 -1.650491e-01 1.003700e-01 1.624586e+00
 -2.631571e-01 -2.330239e-01 1.745025e+00
 -3.266044e-01 -6.017926e-01 1.737620e+00
 -3.204932e-01 -9.604032e-01 1.600474e+00
 -2.489662e-01 -1.156117e+00 1.458218e+00
 -2.025130e-02 -1.419103e+00 1.306674e+00
 5.889343e-02 -1.740468e+00 1.181792e+00
 4.805515e-03 -2.092749e+00 9.057752e-01
 -1.855997e-01 -2.308797e+00 5.405783e-01
