 1.489119e+00 1.950940e-01 -4.207381e-01
 1.561320e+00 5.016448e-01 -1.923936e-01
 1.832618e+00 1.012704e+00 3.589583e-01
 1.740337e+00 1.351159e+00 7.759192e-01
 1.396235e+00 1.588401e+00 1.120384e+00
 9.168720e-01 1.629028e+00 1.318165e+00
 4.182252e-01 1.508641e+00 1.301368e+00
 3.957150e-02 1.348318e+00 1.063692e+00
 -1.338441e-01 1.299226e+00 7.524713e-01
 -2.761073e-01 1.374581e+00 5.035295e-01
 -5.125744e-01 1.457498e+00 3.381652e-01
 -8.706306e-01 1.462492e+00 2.128433e-01
 -1.173194e+00 1.339609e+00 1.382981e-01
 -1.419377e+00 1.102817e+00 7.183635e-02
 -1.599375e+00 7.152886e-01 1.599848e-02
 -1.623267e+00 2.757254e-01 6.042828e-03
 -1.565323e+00 -2.955509e-01 2.287109e-02
 -1.521726e+00 -7.366517e-01 3.596735e-02
 -1.521449e+00 -8.694064e-01 4.989641e-02
 -1.560313e+00 -1.137703e+00 4.306144e-02
 -1.745781e+00 -1.446676e+00 9.460293e-02
 -1.995798e+00 -1.696951e+00 2.827535e-01
 -2.231075e+00 -1.815647e+00 5.471022e-01
 -2.410273e+00 -1.821948e+00 8.400677e-01
 -2.522701e+00 -1.741845e+00 1.127344e+00
 -2.567247e+00 -1.594167e+00 1.399412e+00
 -2.542309e+00 -1.377715e+00 1.644363e+00
 -2.430371e+00 -1.095708e+00 1.838093e+00
 -2.220373e+00 -7.641738e-01 1.930937e+00
 -1.914502e+00 -4.379608e-01 1.866711e+00
 -1.550435e+00 -2.237339e-01 1.623077e+00
 -1.197017e+00 -2.224605e-01 1.245365e+00
 -9.624798e-01 -4.660145e-01 8.549355e-01
 -7.694615e-01 -8.614566e-01 7.206605e-01
 -7.538995e-01 -1.231552e+00 6.371746e-01
 -7.043734e-01 -1.514479e+00 4.661910e-01
 -5.542202e-01 -1.752924e+00 2.302996e-01
 -3.383746e-01 -1.878381e+00 -4.355703e-02
 -7.988702e-02 -1.866671e+00 -3.198305e-01
 1.820968e-01 -1.712417e+00 -5.579331e-01
 3.918482e-01 -1.433927e+00 -7.423535e-01
 7.132032e-01 -8.377327e-01 -1.015194e+00
 8.659895e-01 -4.586910e-01 -1.186590e+00
 8.886860e-01 -1.930337e-01 -1.266016e+00
 8.628864e-01 -7.226448e-04 -1.299312e+00
 7.946136e-01 1.567702e-01 -1.353057e+00
 6.674301e-01 3.217151e-01 -1.437606e+00
 5.214679e-01 4.505917e-01 -1.484095e+00
 3.891409e-01 5.530436e-01 -1.480222e+00
 2.355729e-01 6.442595e-01 -1.442555e+00
 7.218734e-02 7.289527e-01 -1.360695e+00
 -7.900101e-02 7.979294e-01 -1.237033e+00
 -2.700322e-01 8.348297e-01 -1.032956e+00
 -4.825561e-01 7.918935e-01 -7.304768e-01
 -5.948007e-01 6.755902e-01 -4.356495e-01
 -5.884332e-01 4.507813e-01 1.148522e-01
 -7.393405e-01 4.634462e-01 5.441706e-01
 -9.528753e-01 6.853199e-01 8.999323e-01
 -1.047554e+00 1.061903e+00 1.150645e+00
 -1.012219e+00 1.491485e+00 1.246442e+00
 -8.362473e-01 1.904831e+00 1.203134e+00
 -5.656823e-01 2.187064e+00 1.066299e+00
 -2.519648e-01 2.319814e+00 8.918406e-01
 6.208180e-02 2.314179e+00 7.098811e-01
 3.238268e-01 2.196940e+00 5.315086e-01
 5.317889e-01 1.990763e+00 3.938538e-01
 6.837911e-01 1.710269e+00 3.096286e-01
 7.747065e-01 1.399253e+00 3.131171e-01
 7.981398e-01 1.163186e+00 3.861780e-01
 8.034944e-01 9.742575e-01 4.985864e-01
 8.490628e-01 8.310512e-01 6.517591e-01
 1.002706e+00 5.518091e-01 1.091113e+00
 1.007339e+00 -8.093961e-03 1.396824e+00
 9.438937e-01 -5.267083e-01 1.376776e+00
 7.750147e-01 -9.286046e-01 1.110534e+00
 4.710045e-01 -1.133320e+00 6.771967e-01
 2.486066e-01 -1.090023e+00 2.951422e-01
 -6.772199e-02 -8.550891e-01 -2.227343e-02
 -1.008707e+00 -9.447851e-01 -8.246476e-01
 -1.368779e+00 -9.206496e-01 -9.589910e-01
 -1.784347e+00 -8.902001e-01 -9.415522e-01
 -2.173059e+00 -8.549727e-01 -7.465472e-01
 -2.450330e+00 -8.209066e-01 -3.929581e-01
 -2.547551e+00 -7.963374e-01 5.457889e-02
 -2.443033e+00 -7.861482e-01 4.865916e-01
 -2.210825e+00 -8.236390e-01 7.942069e-01
 -2.002441e+00 -8.896333e-01 9.328145e-01
 -1.843413e+00 -9.953193e-01 1.005414e+00
 -1.699764e+00 -1.137801e+00 1.120317e+00
 -1.475617e+00 -1.231507e+00 1.367022e+00
 -1.242411e+00 -1.214464e+00 1.556557e+00
 -9.640617e-01 -1.123050e+00 1.688575e+00
 -6.928851e-01 -9.819249e-01 1.735094e+00
 -4.427990e-01 -7.894791e-01 1.699266e+00
 -2.327156e-01 -5.784995e-01 1.574058e+00
 -9.076495e-02 -3.824320e-01 1.379095e+00
 -4.980589e-03 -2.254071e-01 1.116066e+00
 1.133419e-01 -1.494179e-01 8.779903e-01
 3.643533e-01 -9.831992e-02 5.656004e-01
 5.453686e-01 -1.283605e-01 4.394470e-01
 7.697379e-01 -1.839519e-01 3.765666e-01
 1.059769e+00 -2.592235e-01 3.804495e-01
 1.462737e+00 -3.241152e-01 4.714897e-01
 1.921897e+00 -2.685629e-01 4.173603e-01
 2.334266e+00 -9.668024e-02 1.635213e-01
 2.547065e+00 1.737276e-01 -2.365891e-01
 2.474071e+00 4.437118e-01 -7.228937e-01
 2.148494e+00 5.738549e-01 -1.098983e+00
 1.860135e+00 4.591437e-01 -1.352845e+00
 1.667934e+00 2.560934e-01 -1.853017e+00
 1.547680e+00 1.476378e-01 -2.028550e+00
 1.374047e+00 2.689472e-02 -2.173464e+00
 1.137709e+00 -1.047025e-01 -2.272171e+00
 8.330226e-01 -2.384142e-01 -2.291544e+00
 4.570998e-01 -3.588815e-01 -2.177523e+00
 1.054809e-01 -4.055456e-01 -1.898767e+00
 -1.230322e-01 -3.517913e-01 -1.474932e+00
 -1.342515e-01 -1.960585e-01 -1.010984e+00
 1.527231e-01 -1.299565e-02 -5.526233e-01
 4.496114e-01 4.032012e-01 -4.139637e-01
 7.213522e-01 9.090523e-01 -5.792186e-01
 1.550607e+00 1.434652e+00 -1.380639e+00
 1.873324e+00 1.435138e+00 -1.670834e+00
 2.198610e+00 1.269776e+00 -1.891191e+00
 2.473420e+00 9.835075e-01 -2.002180e+00
 2.662830e+00 6.368349e-01 -1.993427e+00
 2.738147e+00 2.858683e-01 -1.891188e+00
 2.693238e+00 -3.925552e-02 -1.727044e+00
 2.542054e+00 -3.024574e-01 -1.502585e+00
 2.310598e+00 -4.569992e-01 -1.235193e+00
 2.033000e+00 -4.709782e-01 -9.587240e-01
 1.753236e+00 -3.264324e-01 -6.978480e-01
 1.560116e+00 -6.480794e-02 -5.259035e-01
