 -4.534730e-01 3.350353e+00 2.486275e-01
 -3.955329e-01 3.349870e+00 -1.836837e-01
 -3.168963e-01 3.171788e+00 -5.684276e-01
 -2.301437e-01 2.849527e+00 -8.409863e-01
 -1.506215e-01 2.433565e+00 -9.560423e-01
 -1.166653e-01 2.001211e+00 -8.885066e-01
 -1.542357e-01 1.680894e+00 -6.897369e-01
 -2.689835e-01 1.517861e+00 -5.105742e-01
 -3.970451e-01 1.389334e+00 -3.925448e-01
 -1.088749e+00 8.908588e-01 -5.607106e-02
 -1.254380e+00 6.300810e-01 1.015187e-01
 -1.299033e+00 3.683743e-01 2.775399e-01
 -1.286780e+00 2.264997e-01 4.684102e-01
 -1.320569e+00 1.138996e-01 6.819102e-01
 -1.447430e+00 -1.565928e-01 9.080777e-01
 -1.515350e+00 -5.675273e-01 1.023479e+00
 -1.466687e+00 -1.027585e+00 9.807358e-01
 -1.303275e+00 -1.404445e+00 7.924754e-01
 -1.065323e+00 -1.638511e+00 4.880474e-01
 -7.896079e-01 -1.684704e+00 1.327750e-01
 3.204356e-01 -1.052181e+00 -1.268498e+00
 7.653490e-01 -9.499803e-01 -1.460623e+00
 1.270368e+00 -9.992893e-01 -1.467983e+00
 1.703477e+00 -1.196804e+00 -1.286992e+00
 1.957832e+00 -1.499559e+00 -9.624374e-01
 1.968020e+00 -1.834499e+00 -5.772153e-01
 1.731312e+00 -2.097583e+00 -1.949212e-01
 1.276312e+00 -2.223677e+00 8.574816e-02
 7.716374e-01 -2.207053e+00 1.175199e-01
 4.436010e-01 -2.197233e+00 -5.853298e-02
 2.416520e-01 -2.257933e+00 -2.059205e-01
 -2.674318e-02 -2.392572e+00 -5.401546e-01
 -2.868651e-01 -2.369544e+00 -8.191581e-01
 -5.566591e-01 -2.214855e+00 -1.047219e+00
 -7.917809e-01 -1.946050e+00 -1.196711e+00
 -9.534391e-01 -1.596660e+00 -1.252113e+00
 -1.012233e+00 -1.212716e+00 -1.210888e+00
 -9.531863e-01 -8.468651e-01 -1.084747e+00
 -5.745829e-01 -1.801639e-01 -6.403038e-01
 -4.664984e-01 -1.864821e-03 -4.297799e-01
 -2.566236e-01 3.396908e-01 2.737411e-01
 -3.859422e-01 6.738539e-01 6.976849e-01
 -7.228814e-01 9.455045e-01 9.441805e-01
 -1.199923e+00 1.092961e+00 1.026880e+00
 -1.695011e+00 1.040471e+00 9.631739e-01
 -2.088330e+00 8.017196e-01 7.884948e-01
 -2.297943e+00 4.336370e-01 5.474144e-01
 -2.281792e+00 2.389523e-02 2.880703e-01
 -2.049349e+00 -3.501720e-01 8.671868e-02
 -1.657136e+00 -6.016636e-01 -1.319413e-02
 -1.213151e+00 -6.974726e-01 3.121298e-02
 -9.373804e-01 -6.695405e-01 1.660639e-01
 -8.024354e-01 -6.635476e-01 2.885802e-01
 -7.601748e-01 -6.560365e-01 3.338522e-01
 2.428394e-01 -3.917868e-01 1.549344e+00
 7.914474e-01 -2.187996e-01 1.711160e+00
 1.318902e+00 6.913630e-02 1.537040e+00
 1.627490e+00 3.604702e-01 1.085590e+00
 1.594805e+00 5.612664e-01 5.567867e-01
 1.245402e+00 6.125491e-01 4.912575e-02
 6.185296e-01 5.934740e-01 -2.367227e-01
 -1.587832e-02 7.128963e-01 -1.095620e+00
 -4.469417e-01 8.704251e-01 -1.300541e+00
 -8.588432e-01 1.212060e+00 -1.309750e+00
 -1.110703e+00 1.636263e+00 -1.111036e+00
 -1.148449e+00 2.021789e+00 -7.400240e-01
 -9.569582e-01 2.266438e+00 -3.171773e-01
 -5.927032e-01 2.346469e+00 -1.305117e-03
 -2.733762e-01 2.352998e+00 5.986757e-02
 -1.414138e-02 2.429106e+00 7.895963e-02
 3.152410e-01 2.522116e+00 2.750338e-01
 6.362263e-01 2.440223e+00 5.772415e-01
 8.721868e-01 2.162087e+00 8.653765e-01
 9.733708e-01 1.741428e+00 1.058823e+00
 9.040325e-01 1.264048e+00 1.124200e+00
 6.573663e-01 7.326337e-01 9.925715e-01
 5.972629e-01 4.665665e-01 8.858160e-01
 6.171950e-01 1.537471e-01 7.456276e-01
 7.571157e-01 -8.779062e-02 6.549609e-01
 1.053189e+00 -3.446072e-01 5.643921e-01
 1.238141e+00 -5.702425e-01 3.838871e-01
 1.318589e+00 -8.560177e-01 1.334943e-01
 1.264236e+00 -1.112834e+00 -1.143051e-01
 1.033071e+00 -1.381916e+00 -4.858140e-01
 9.726419e-01 -1.528948e+00 -6.270956e-01
 9.550455e-01 -1.772471e+00 -8.274743e-01
 9.876678e-01 -2.146502e+00 -9.276686e-01
 9.823662e-01 -2.573424e+00 -8.487236e-01
 9.000245e-01 -2.923593e+00 -6.328941e-01
 7.271842e-01 -3.154003e+00 -3.258493e-01
 5.180607e-01 -3.221215e+00 3.547937e-02
 3.129196e-01 -3.115639e+00 3.855233e-01
 1.483626e-01 -2.858585e+00 6.684760e-01
 4.789619e-02 -2.495337e+00 8.379610e-01
 2.387925e-02 -2.086773e+00 8.675376e-01
 7.620305e-02 -1.698444e+00 7.537163e-01
 3.086835e-01 -1.049881e+00 2.434071e-01
 2.989142e-01 -8.103275e-01 7.103010e-02
 3.240786e-01 -6.837074e-01 -6.370815e-02
 4.687958e-01 -4.977304e-01 -3.366183e-01
 9.635760e-01 -2.142065e-01 -8.027292e-01
 1.216305e+00 1.916593e-01 -1.009287e+00
 1.293073e+00 7.027379e-01 -1.056217e+00
 1.194160e+00 1.179610e+00 -9.140035e-01
 9.779386e-01 1.520668e+00 -5.857501e-01
 7.230962e-01 1.627578e+00 -1.551675e-01
 4.522878e-01 1.504732e+00 1.899138e-01
 1.537693e-01 1.489320e+00 4.484412e-01
 -3.776599e-02 1.672985e+00 7.920100e-01
 -2.054478e-01 2.003695e+00 1.019738e+00
 -3.241142e-01 2.425659e+00 1.082260e+00
 -4.166308e-01 2.844685e+00 9.493721e-01
 -4.607696e-01 3.172295e+00 6.523495e-01
