 -4.225030e-01 1.755203e+00 -9.331022e-01
 -6.126912e-01 1.684137e+00 -1.568443e+00
 -7.206847e-01 1.207885e+00 -2.038742e+00
 -7.922377e-01 5.258424e-01 -2.120887e+00
 -8.870264e-01 -6.644334e-02 -1.740274e+00
 -9.097867e-01 -2.784272e-01 -1.095489e+00
 -4.029723e-01 4.312910e-02 1.941302e-01
 -2.764455e-01 -1.687670e-01 6.361113e-01
 -1.383726e-01 -4.399064e-01 8.797669e-01
 9.322210e-02 -7.963863e-01 9.831098e-01
 3.672018e-01 -1.132245e+00 9.045259e-01
 6.370670e-01 -1.371676e+00 6.671204e-01
 1.082091e+00 -1.517853e+00 9.603571e-02
 1.333988e+00 -1.632113e+00 -1.058922e-01
 1.552446e+00 -1.886485e+00 -2.467628e-01
 1.843958e+00 -2.227200e+00 -2.226403e-01
 2.111578e+00 -2.516145e+00 -2.182342e-03
 2.343191e+00 -2.667882e+00 3.659576e-01
 2.494426e+00 -2.640752e+00 8.022732e-01
 2.533647e+00 -2.439133e+00 1.217551e+00
 2.449189e+00 -2.104640e+00 1.528575e+00
 2.255402e+00 -1.708779e+00 1.671533e+00
 2.013389e+00 -1.322233e+00 1.610749e+00
 1.776420e+00 -1.024533e+00 1.364467e+00
 1.621194e+00 -8.464812e-01 9.754397e-01
 1.600399e+00 -8.177075e-01 6.559637e-01
 1.760250e+00 -7.740987e-01 2.410476e-01
 2.099541e+00 -8.399689e-01 -4.457060e-01
 2.102696e+00 -8.464239e-01 -9.079902e-01
 1.914289e+00 -7.892867e-01 -1.325892e+00
 1.577414e+00 -6.767654e-01 -1.615037e+00
 1.158330e+00 -5.359905e-01 -1.720103e+00
 7.373329e-01 -3.891627e-01 -1.623312e+00
 4.220202e-01 -2.497681e-01 -1.348819e+00
 2.722665e-01 -9.899583e-02 -9.836272e-01
 2.986630e-01 5.142457e-02 -7.278416e-01
 3.359389e-01 2.331576e-01 -5.628929e-01
 5.951255e-01 1.233159e+00 8.222701e-02
 4.974777e-01 1.601111e+00 3.145054e-01
 2.250338e-01 1.896912e+00 5.083774e-01
 -1.712215e-01 2.061156e+00 6.334548e-01
 -6.162835e-01 2.059187e+00 6.722740e-01
 -1.415121e+00 1.736116e+00 5.586291e-01
 -1.664376e+00 1.717348e+00 5.314072e-01
 -1.850737e+00 1.733203e+00 4.688790e-01
 -2.094446e+00 1.738597e+00 3.054489e-01
 -2.265577e+00 1.739908e+00 9.920227e-02
 -2.380375e+00 1.702356e+00 -1.503320e-01
 -2.432253e+00 1.614326e+00 -4.081599e-01
 -2.407378e+00 1.491959e+00 -6.657472e-01
 -2.291883e+00 1.332480e+00 -9.313487e-01
 -2.106895e+00 1.175199e+00 -1.124551e+00
 -1.863855e+00 1.025261e+00 -1.243169e+00
 -1.585574e+00 8.970752e-01 -1.277280e+00
 -1.308282e+00 8.063692e-01 -1.226593e+00
 -1.018901e+00 7.818196e-01 -1.110884e+00
 -7.830212e-01 7.657066e-01 -1.076081e+00
 -5.618462e-01 7.241834e-01 -1.102942e+00
 -3.359662e-01 7.321392e-01 -1.173912e+00
 9.476519e-02 8.551485e-01 -1.356239e+00
 5.896620e-01 8.099596e-01 -1.381825e+00
 1.017387e+00 5.961851e-01 -1.251252e+00
 1.268643e+00 2.663092e-01 -1.008820e+00
 1.304621e+00 -1.434073e-01 -7.701904e-01
 1.180759e+00 -4.470244e-01 -6.804778e-01
 1.090463e+00 -7.004523e-01 -7.077804e-01
 7.013470e-01 -1.331146e+00 -8.667697e-01
 5.454187e-01 -1.771838e+00 -7.670191e-01
 5.375855e-01 -2.175073e+00 -5.032290e-01
 6.768791e-01 -2.447324e+00 -1.297396e-01
 9.294084e-01 -2.526426e+00 2.743462e-01
 1.235548e+00 -2.397722e+00 6.124552e-01
 1.569161e+00 -2.121419e+00 7.853481e-01
 1.797953e+00 -1.867299e+00 7.584162e-01
 2.045214e+00 -1.721502e+00 6.502581e-01
 2.371184e+00 -1.535580e+00 6.502823e-01
 2.634344e+00 -1.073996e+00 7.560282e-01
 2.600672e+00 -5.039098e-01 8.387374e-01
 2.275813e+00 -1.968889e-02 8.088385e-01
 1.758657e+00 2.207668e-01 6.788844e-01
 1.214142e+00 1.402429e-01 5.039138e-01
 3.089693e-01 -6.985311e-01 -3.189925e-02
 4.937799e-02 -8.761098e-01 -4.811621e-02
 -2.614686e-01 -9.990230e-01 2.303459e-02
 -5.435305e-01 -1.017423e+00 1.266512e-01
 -8.345831e-01 -9.319763e-01 2.362857e-01
 -1.083394e+00 -7.478443e-01 3.396951e-01
 -1.265639e+00 -4.773444e-01 4.323506e-01
 -1.353999e+00 -1.525082e-01 5.094007e-01
 -1.334175e+00 1.835123e-01 5.707299e-01
 -1.334177e+00 3.316936e-01 6.235343e-01
 -1.358608e+00 4.777185e-01 6.892163e-01
 -1.438761e+00 6.836189e-01 8.133279e-01
 -1.576326e+00 1.063863e+00 1.332432e+00
 -1.641198e+00 1.505552e+00 1.546301e+00
 -1.684719e+00 2.000036e+00 1.527954e+00
 -1.698452e+00 2.430290e+00 1.281160e+00
 -1.681218e+00 2.696407e+00 8.641455e-01
 -1.622994e+00 2.739743e+00 3.738837e-01
 -1.529145e+00 2.548769e+00 -7.613817e-02
 -1.433542e+00 2.175704e+00 -3.742371e-01
 -1.420016e+00 1.691402e+00 -4.799885e-01
 -1.431023e+00 1.357492e+00 -3.824988e-01
 -1.565345e+00 1.052395e+00 -2.478747e-01
 -2.196834e+00 5.744941e-01 4.853367e-02
 -2.395457e+00 2.319518e-01 6.376093e-01
 -2.124256e+00 -9.356523e-03 1.255574e+00
 -1.497511e+00 -5.238151e-02 1.599505e+00
 -8.434013e-01 2.008741e-01 1.572825e+00
 -4.366774e-01 6.520754e-01 1.200308e+00
