 -1.204270e+00 -9.060265e-01 -1.533001e+00
 -1.534809e+00 -7.909035e-01 -1.332960e+00
 -1.727225e+00 -6.256065e-01 -1.033720e+00
 -1.758633e+00 -4.224234e-01 -7.377499e-01
 -1.736971e+00 -2.011822e-01 -5.939227e-01
 -1.769788e+00 -3.116230e-02 -5.110730e-01
 -1.907561e+00 3.687583e-01 -3.743090e-01
 -1.893598e+00 7.242024e-01 -2.074905e-01
 -1.762778e+00 1.004457e+00 -1.506024e-02
 -1.545018e+00 1.196330e+00 1.593825e-01
 -1.300038e+00 1.282843e+00 2.976750e-01
 -1.097104e+00 1.281921e+00 3.965899e-01
 -8.830623e-01 1.207004e+00 5.234713e-01
 -7.673990e-01 1.132328e+00 6.598214e-01
 -6.663554e-01 1.103264e+00 7.894779e-01
 -5.414129e-01 1.105817e+00 9.567098e-01
 -1.063231e-01 1.243623e+00 1.479898e+00
 2.156504e-01 1.231748e+00 1.694770e+00
 5.532046e-01 1.145030e+00 1.802078e+00
 8.855160e-01 1.020342e+00 1.790784e+00
 1.164359e+00 8.543619e-01 1.677632e+00
 1.353208e+00 6.705441e-01 1.482844e+00
 1.432441e+00 4.851851e-01 1.260644e+00
 1.412731e+00 3.248756e-01 1.087280e+00
 1.386043e+00 2.212847e-01 1.012614e+00
 1.369052e+00 1.237723e-01 9.549900e-01
 1.381046e+00 -5.052814e-02 8.649804e-01
 1.470110e+00 -4.454596e-01 7.022035e-01
 1.436310e+00 -7.369529e-01 5.544860e-01
 1.315161e+00 -9.801879e-01 3.745886e-01
 1.124167e+00 -1.151435e+00 1.469838e-01
 6.772144e-01 -1.270992e+00 -3.382935e-01
 5.092616e-01 -1.503906e+00 -5.751715e-01
 4.875983e-01 -1.664390e+00 -8.424848e-01
 4.948915e-01 -1.711208e+00 -1.262782e+00
 5.226228e-01 -1.580106e+00 -1.672413e+00
 5.519391e-01 -1.355383e+00 -1.940295e+00
 5.420018e-01 -1.038696e+00 -2.118966e+00
 4.755972e-01 -6.985636e-01 -2.182918e+00
 3.884085e-01 -3.572578e-01 -2.122902e+00
 3.132962e-01 -6.456367e-02 -1.952582e+00
 2.550526e-01 1.434899e-01 -1.709935e+00
 2.154845e-01 2.547426e-01 -1.449170e+00
 1.920236e-01 2.888658e-01 -1.219035e+00
 1.568811e-01 3.151932e-01 -7.516242e-01
 1.374548e-01 3.817026e-01 -5.147525e-01
 1.274508e-01 5.497470e-01 -2.269136e-01
 1.172614e-01 6.137553e-01 -1.526197e-01
 1.023016e-01 6.902823e-01 -9.228507e-02
 8.175810e-02 7.759660e-01 -4.805345e-02
 2.566482e-02 1.039859e+00 2.671651e-02
 3.957924e-02 1.405051e+00 1.063917e-01
 -2.694584e-02 1.722378e+00 2.831164e-01
 -1.976731e-01 1.965521e+00 5.107598e-01
 -4.395163e-01 2.096818e+00 7.409483e-01
 -7.054199e-01 2.110572e+00 9.507922e-01
 -9.639020e-01 2.014776e+00 1.134689e+00
 -1.205734e+00 1.820261e+00 1.270816e+00
 -1.409856e+00 1.536055e+00 1.339148e+00
 -1.554979e+00 1.180260e+00 1.307150e+00
 -1.601654e+00 7.916885e-01 1.147204e+00
 -1.503427e+00 4.455956e-01 8.664788e-01
 -1.276732e+00 2.510947e-01 4.978582e-01
 -9.631921e-01 2.844359e-01 4.158599e-02
 -7.697420e-01 9.594045e-01 -7.233811e-01
 -5.334073e-02 1.331128e+00 -1.012635e+00
 7.661632e-01 1.257872e+00 -7.567574e-01
 1.161038e+00 8.499634e-01 -1.544592e-01
 1.240731e+00 7.954205e-01 -6.960174e-02
 1.415094e+00 7.152575e-01 6.523328e-02
 1.900763e+00 5.642390e-01 2.109273e-01
 2.139619e+00 4.360658e-01 3.706065e-01
 2.308807e+00 2.805505e-01 5.976650e-01
 2.385316e+00 1.101303e-01 8.758334e-01
 2.352171e+00 -5.280303e-02 1.169993e+00
 2.206419e+00 -2.010217e-01 1.443169e+00
 1.950921e+00 -3.145546e-01 1.670284e+00
 1.603022e+00 -3.602993e-01 1.822141e+00
 1.207294e+00 -3.153242e-01 1.864543e+00
 8.174311e-01 -1.742653e-01 1.767504e+00
 5.126623e-01 7.708511e-02 1.534670e+00
 3.852130e-01 3.416112e-01 1.188517e+00
 4.568634e-01 6.257570e-01 8.896595e-01
 9.883840e-01 1.491922e+00 6.623472e-01
 1.418852e+00 1.738873e+00 3.414983e-01
 1.802642e+00 1.676785e+00 -1.023324e-01
 1.996768e+00 1.341263e+00 -5.514160e-01
 1.954784e+00 8.752971e-01 -8.268936e-01
 1.741585e+00 3.715074e-01 -8.688099e-01
 1.439562e+00 1.288561e-02 -7.078814e-01
 1.179411e+00 -1.299907e-01 -4.711554e-01
 5.514257e-01 -2.548176e-01 2.518256e-01
 3.328230e-01 -7.276159e-01 9.659831e-01
 8.941836e-02 -9.897750e-01 1.210946e+00
 -2.575768e-01 -1.275893e+00 1.294109e+00
 -6.112223e-01 -1.523114e+00 1.177375e+00
 -8.863007e-01 -1.711953e+00 8.819721e-01
 -1.059157e+00 -1.777085e+00 4.727255e-01
 -1.106183e+00 -1.708547e+00 7.695715e-02
 -1.083213e+00 -1.541292e+00 -2.229997e-01
 -1.022822e+00 -1.291022e+00 -4.402440e-01
 -9.122712e-01 -1.051160e+00 -5.543728e-01
 -7.720804e-01 -6.233393e-01 -6.054459e-01
 -7.448111e-01 -3.190415e-01 -7.655124e-01
 -8.118119e-01 -1.049548e-01 -1.030020e+00
 -1.051216e+00 1.186564e-01 -1.275504e+00
 -1.366712e+00 2.524575e-01 -1.427136e+00
 -1.737893e+00 3.014326e-01 -1.481236e+00
 -2.115275e+00 2.524410e-01 -1.429968e+00
 -2.439245e+00 1.281538e-01 -1.269254e+00
 -2.662025e+00 -3.285116e-02 -1.014910e+00
 -2.759528e+00 -2.045740e-01 -6.952257e-01
 -2.716813e+00 -3.833881e-01 -3.613410e-01
 -2.535768e+00 -5.450837e-01 -5.965239e-02
 -2.227104e+00 -6.614364e-01 1.744412e-01
 -1.632717e+00 -7.282610e-01 3.466385e-01
 -8.714641e-01 -7.615101e-01 4.433398e-01
 -5.353680e-01 -8.756591e-01 3.818120e-01
 -3.154638e-01 -1.095421e+00 2.665971e-01
 -1.851182e-01 -1.280513e+00 2.620619e-01
 1.289071e-01 -1.805951e+00 3.780869e-01
 5.768605e-01 -2.139677e+00 2.575594e-01
 1.007098e+00 -2.237900e+00 -3.771812e-02
 1.329326e+00 -2.104054e+00 -3.819484e-01
 1.499046e+00 -1.802909e+00 -6.991772e-01
 1.484860e+00 -1.440483e+00 -9.572065e-01
 1.316300e+00 -1.095144e+00 -1.120128e+00
 1.005846e+00 -8.057127e-01 -1.198430e+00
 6.437328e-01 -6.718922e-01 -1.170128e+00
 2.176060e-01 -7.179820e-01 -1.162415e+00
 -3.445533e-01 -9.266141e-01 -1.498529e+00
 -7.893343e-01 -9.601420e-01 -1.594273e+00
