 -7.578851e-01 1.577691e+00 6.498127e-01
 -1.059203e+00 1.480679e+00 3.884960e-01
 -1.236052e+00 1.291599e+00 8.354298e-02
 -1.264053e+00 1.050685e+00 -2.401588e-01
 -1.124410e+00 7.349374e-01 -5.617712e-01
 -1.134808e+00 5.025125e-01 -7.737813e-01
 -1.241752e+00 3.271169e-01 -1.044491e+00
 -1.470886e+00 1.959415e-01 -1.290147e+00
 -1.790947e+00 1.214108e-01 -1.454122e+00
 -2.161608e+00 7.928196e-02 -1.493288e+00
 -2.523136e+00 8.733036e-02 -1.404152e+00
 -2.831724e+00 1.508095e-01 -1.199424e+00
 -3.042708e+00 2.364217e-01 -9.000811e-01
 -3.125994e+00 3.249686e-01 -5.454810e-01
 -3.070184e+00 4.038995e-01 -1.829998e-01
 -2.881834e+00 4.653673e-01 1.377291e-01
 -2.581833e+00 4.967304e-01 3.763003e-01
 -2.215319e+00 4.704059e-01 4.971663e-01
 -1.836823e+00 3.753947e-01 4.869643e-01
 -1.512408e+00 2.284429e-01 3.407839e-01
 -1.319926e+00 4.155258e-02 1.351756e-01
 -1.235763e+00 -1.636456e-01 -3.344285e-02
 -1.231242e+00 -4.143867e-01 -2.189842e-01
 -1.344732e+00 -8.488761e-01 -4.404550e-01
 -1.303146e+00 -1.225137e+00 -5.451601e-01
 -1.127126e+00 -1.576546e+00 -5.823955e-01
 -8.429368e-01 -1.848571e+00 -5.460475e-01
 -4.548139e-01 -2.013916e+00 -4.361201e-01
 -9.004677e-02 -2.012726e+00 -2.730193e-01
 2.155793e-01 -1.858394e+00 -8.175203e-02
 4.293803e-01 -1.581189e+00 1.295344e-01
 5.077367e-01 -1.268771e+00 2.851030e-01
 5.130910e-01 -9.288163e-01 3.158849e-01
 4.216476e-01 -5.907013e-01 2.931899e-01
 3.344066e-01 -2.942770e-01 3.660536e-01
 2.893317e-01 4.862407e-03 5.359991e-01
 3.221837e-01 2.315350e-01 8.614752e-01
 4.759700e-01 3.624425e-01 1.180553e+00
 7.473418e-01 4.040181e-01 1.474214e+00
 1.102978e+00 3.470762e-01 1.670438e+00
 1.481771e+00 2.299790e-01 1.710698e+00
 1.857335e+00 6.764686e-02 1.583791e+00
 2.134419e+00 -9.411143e-02 1.316953e+00
 2.270956e+00 -2.503435e-01 9.548624e-01
 2.243357e+00 -3.787815e-01 5.585410e-01
 1.943072e+00 -4.855825e-01 -4.730822e-02
 1.878370e+00 -4.953619e-01 -3.147733e-01
 1.894567e+00 -4.869404e-01 -5.460519e-01
 1.922677e+00 -5.792658e-01 -8.202354e-01
 1.844994e+00 -8.044498e-01 -1.150556e+00
 1.645375e+00 -1.039582e+00 -1.373164e+00
 1.332476e+00 -1.238498e+00 -1.496271e+00
 9.520330e-01 -1.356974e+00 -1.499595e+00
 5.379537e-01 -1.374447e+00 -1.375474e+00
 2.134234e-01 -1.294805e+00 -1.147305e+00
 -1.797191e-01 -1.023864e+00 -5.455938e-01
 -3.490537e-01 -1.003096e+00 -2.250153e-01
 -4.769515e-01 -1.097182e+00 6.439387e-02
 -5.876917e-01 -1.376448e+00 3.753284e-01
 -6.287166e-01 -1.501027e+00 6.478078e-01
 -6.964065e-01 -1.538974e+00 9.923382e-01
 -7.829357e-01 -1.468937e+00 1.306544e+00
 -8.613868e-01 -1.302711e+00 1.568281e+00
 -9.210755e-01 -1.056287e+00 1.760899e+00
 -9.570827e-01 -7.499510e-01 1.866796e+00
 -9.583273e-01 -3.690752e-01 1.874485e+00
 -9.272253e-01 -3.729347e-02 1.766526e+00
 -8.702272e-01 2.365832e-01 1.555668e+00
 -7.944471e-01 4.191166e-01 1.268311e+00
 -5.514021e-01 5.922131e-01 4.781768e-01
 -4.302422e-01 6.699138e-01 2.730496e-01
 -2.849928e-01 8.886454e-01 2.302851e-02
 -2.392640e-01 1.148448e+00 -1.252837e-01
 -1.766123e-01 1.404877e+00 -1.746265e-01
 -5.851444e-02 1.702143e+00 -1.345008e-01
 1.179305e-01 1.948534e+00 -1.552258e-02
 3.625715e-01 2.111327e+00 1.518406e-01
 6.427473e-01 2.165727e+00 3.293630e-01
 9.356185e-01 2.109032e+00 4.894145e-01
 1.206359e+00 1.948978e+00 6.111393e-01
 1.419018e+00 1.698458e+00 7.009293e-01
 1.545504e+00 1.387427e+00 7.535122e-01
 1.575045e+00 1.053784e+00 7.585016e-01
 1.382848e+00 2.175992e-01 6.887397e-01
 1.306307e+00 3.027601e-03 7.141421e-01
 1.254483e+00 -1.992467e-01 7.990867e-01
 1.130523e+00 -4.274861e-01 9.968656e-01
 9.406662e-01 -5.536429e-01 1.172121e+00
 6.759346e-01 -6.344724e-01 1.287991e+00
 2.910130e-01 -6.916150e-01 1.313037e+00
 -9.165640e-02 -6.573786e-01 1.232236e+00
 -5.568987e-01 -5.252666e-01 9.416885e-01
 -8.244504e-01 -5.226877e-01 8.729284e-01
 -1.304625e+00 -6.778681e-01 8.631775e-01
 -1.672300e+00 -7.426147e-01 7.014337e-01
 -1.997796e+00 -6.818339e-01 4.308670e-01
 -2.205708e+00 -5.031581e-01 1.017858e-01
 -2.245522e+00 -2.835439e-01 -2.028775e-01
 -2.165130e+00 -1.156523e-02 -4.279302e-01
 -2.099855e+00 2.561613e-01 -4.924294e-01
 -2.119555e+00 4.981587e-01 -5.458757e-01
 -2.141930e+00 7.456500e-01 -7.184347e-01
 -2.059116e+00 9.585492e-01 -9.308968e-01
 -1.836019e+00 1.159175e+00 -1.161346e+00
 -1.534891e+00 1.267072e+00 -1.337890e+00
 -1.181050e+00 1.290660e+00 -1.428834e+00
 -8.222173e-01 1.224662e+00 -1.425446e+00
 -5.037570e-01 1.076805e+00 -1.330143e+00
 9.587428e-02 5.582147e-01 -8.825115e-01
 3.268606e-01 3.903878e-01 -6.092828e-01
 5.446694e-01 3.261029e-01 -4.286274e-01
 8.326806e-01 2.687426e-01 -3.070960e-01
 1.105904e+00 2.777380e-01 -2.885639e-01
 1.678112e+00 4.995018e-01 -3.197024e-01
 2.022234e+00 5.109885e-01 -3.350573e-01
 2.351891e+00 4.075110e-01 -3.557730e-01
 2.629871e+00 1.983306e-01 -3.759039e-01
 2.820702e+00 -9.323789e-02 -3.966894e-01
 2.899656e+00 -4.285968e-01 -4.027829e-01
 2.861305e+00 -7.737047e-01 -3.951094e-01
 2.704668e+00 -1.091179e+00 -3.866098e-01
 2.445874e+00 -1.338729e+00 -3.774951e-01
 2.115784e+00 -1.482140e+00 -3.803913e-01
 1.757848e+00 -1.501688e+00 -3.887508e-01
 1.427726e+00 -1.398878e+00 -4.156265e-01
 1.144240e+00 -1.184969e+00 -4.917621e-01
 9.744053e-01 -9.042995e-01 -5.761748e-01
 9.092680e-01 -6.765157e-01 -7.076988e-01
 8.915136e-01 -4.684836e-01 -9.892859e-01
 9.736171e-01 -2.618751e-01 -1.174417e+00
 1.053475e+00 1.202623e-01 -1.304409e+00
 1.087893e+00 5.498462e-01 -1.278423e+00
 1.053541e+00 9.048800e-01 -1.117975e+00
 9.775887e-01 1.163330e+00 -8.299885e-01
 9.172585e-01 1.289307e+00 -4.403268e-01
 8.722013e-01 1.254574e+00 -8.219806e-02
 6.997923e-01 1.127154e+00 2.526097e-01
 5.491091e-01 1.167222e+00 5.353353e-01
 3.141268e-01 1.282885e+00 7.474912e-01
 -3.455417e-02 1.431122e+00 8.573853e-01
 -3.960777e-01 1.545051e+00 8.207695e-01
