 1.671909e+00 -9.649533e-01 7.714372e-01
 1.530655e+00 -9.664997e-01 1.072532e+00
 1.293217e+00 -9.225592e-01 1.316590e+00
 9.744948e-01 -8.382740e-01 1.470094e+00
 6.523121e-01 -7.349425e-01 1.504464e+00
 3.285606e-01 -6.363714e-01 1.423454e+00
 4.810770e-02 -5.456506e-01 1.233782e+00
 -5.257729e-01 -3.270726e-01 4.508710e-01
 -7.933331e-01 -3.781341e-01 1.804972e-01
 -1.046924e+00 -5.901595e-01 -4.776560e-02
 -1.221035e+00 -8.899948e-01 -1.852582e-01
 -1.380299e+00 -1.269642e+00 -1.812366e-01
 -1.482202e+00 -1.626595e+00 -2.352976e-02
 -1.520889e+00 -1.907710e+00 2.642805e-01
 -1.512535e+00 -2.061446e+00 6.376222e-01
 -1.458019e+00 -2.066053e+00 1.034998e+00
 -1.370698e+00 -1.924268e+00 1.393275e+00
 -1.280744e+00 -1.660849e+00 1.662064e+00
 -1.191527e+00 -1.320907e+00 1.807145e+00
 -1.119139e+00 -9.498379e-01 1.815612e+00
 -1.078378e+00 -6.028562e-01 1.689233e+00
 -1.100465e+00 -3.077396e-01 1.451505e+00
 -1.189113e+00 -1.462121e-01 1.195130e+00
 -1.351189e+00 -6.457572e-02 9.784040e-01
 -1.552164e+00 4.223797e-02 8.387778e-01
 -1.772606e+00 3.120105e-01 7.190521e-01
 -1.877701e+00 6.721245e-01 6.314577e-01
 -1.851490e+00 9.845979e-01 5.714277e-01
 -1.704469e+00 1.289052e+00 4.844737e-01
 -1.469434e+00 1.509520e+00 3.699393e-01
 -1.124133e+00 1.649476e+00 2.631764e-01
 -7.852075e-01 1.667317e+00 2.031589e-01
 9.084049e-02 1.419669e+00 1.312855e-01
 2.253768e-01 1.386584e+00 1.391904e-01
 3.579248e-01 1.362885e+00 1.634816e-01
 5.540050e-01 1.345981e+00 2.236748e-01
 7.860828e-01 1.282223e+00 3.804378e-01
 9.540577e-01 1.138757e+00 5.215207e-01
 1.084664e+00 9.150034e-01 6.258924e-01
 1.161526e+00 5.617095e-01 7.049939e-01
 1.158284e+00 2.996380e-01 7.298828e-01
 1.104224e+00 4.420620e-02 7.133470e-01
 1.004716e+00 -1.904556e-01 6.545008e-01
 8.206526e-01 -4.453640e-01 5.377937e-01
 7.133579e-01 -6.955351e-01 4.816798e-01
 6.733126e-01 -9.461505e-01 5.065605e-01
 7.073291e-01 -1.215793e+00 5.252301e-01
 8.551306e-01 -1.515546e+00 4.963858e-01
 1.099873e+00 -1.764663e+00 3.941402e-01
 1.343869e+00 -1.900244e+00 2.440913e-01
 1.582361e+00 -1.951399e+00 3.174377e-02
 1.778105e+00 -1.915201e+00 -2.285300e-01
 1.901525e+00 -1.803899e+00 -5.061928e-01
 1.949465e+00 -1.622040e+00 -7.693434e-01
 1.927005e+00 -1.383021e+00 -9.861765e-01
 1.839202e+00 -1.112183e+00 -1.133956e+00
 1.692370e+00 -8.377423e-01 -1.202685e+00
 1.089914e+00 -8.176083e-02 -1.171508e+00
 9.026486e-01 6.808213e-02 -1.182699e+00
 6.550828e-01 1.818711e-01 -1.207364e+00
 4.596958e-01 2.215151e-01 -1.269089e+00
 6.346750e-02 3.183932e-01 -1.566953e+00
 -3.887505e-01 4.323791e-01 -1.651821e+00
 -8.181520e-01 5.394950e-01 -1.538701e+00
 -1.143438e+00 6.256548e-01 -1.227573e+00
 -1.314908e+00 6.695003e-01 -7.539419e-01
 -1.265412e+00 6.586079e-01 -2.842491e-01
 -9.204047e-01 6.354069e-01 2.528179e-01
 -8.361064e-01 7.150347e-01 5.623794e-01
 -8.912701e-01 8.447602e-01 9.077778e-01
 -1.089469e+00 8.809190e-01 1.264131e+00
 -1.366385e+00 8.088765e-01 1.527005e+00
 -1.665073e+00 6.085589e-01 1.700441e+00
 -1.917225e+00 3.019871e-01 1.761974e+00
 -2.071581e+00 -6.153416e-02 1.715284e+00
 -2.113751e+00 -4.149693e-01 1.568323e+00
 -2.039506e+00 -7.282309e-01 1.338426e+00
 -1.846405e+00 -9.474611e-01 1.092535e+00
 -1.584541e+00 -1.049877e+00 8.960836e-01
 -1.324937e+00 -1.073268e+00 8.191816e-01
 -1.148716e+00 -1.117466e+00 8.102565e-01
 -9.928621e-01 -1.191790e+00 7.779187e-01
 -7.592544e-01 -1.312668e+00 6.351693e-01
 -5.975343e-01 -1.354272e+00 4.798517e-01
 -3.790119e-01 -1.320174e+00 2.397323e-01
 -2.138928e-01 -1.213443e+00 3.189683e-02
 4.364036e-02 -8.790045e-01 -3.073432e-01
 2.008983e-01 -7.282814e-01 -5.955182e-01
 2.667139e-01 -6.958579e-01 -7.825027e-01
 3.638904e-01 -8.080873e-01 -1.332164e+00
 5.089799e-01 -6.677771e-01 -1.801968e+00
 7.274980e-01 -3.228605e-01 -2.126027e+00
 9.062046e-01 1.540605e-01 -2.219364e+00
 9.651113e-01 6.548258e-01 -2.076533e+00
 8.856322e-01 1.053515e+00 -1.725747e+00
 6.962925e-01 1.262486e+00 -1.126707e+00
 6.736544e-01 1.401223e+00 -9.352363e-01
 6.647568e-01 1.575607e+00 -7.941838e-01
 6.626181e-01 1.947819e+00 -6.089927e-01
 6.200614e-01 2.195103e+00 -3.571745e-01
 5.486500e-01 2.340399e+00 -4.008665e-02
 4.585847e-01 2.365294e+00 3.038625e-01
 3.614830e-01 2.266256e+00 6.326573e-01
 2.709354e-01 2.055429e+00 9.053358e-01
 1.882349e-01 1.760389e+00 1.085708e+00
 1.202135e-01 1.415544e+00 1.151542e+00
 9.232004e-02 1.057911e+00 1.097305e+00
 1.172953e-01 7.367128e-01 9.314457e-01
 1.526498e-01 4.695245e-01 6.185356e-01
 2.584955e-01 3.440220e-01 2.088608e-01
 6.437191e-01 3.961960e-01 -1.796132e-01
 1.404418e+00 8.313282e-01 -5.167949e-01
 1.601412e+00 1.072395e+00 -6.753579e-01
 1.689227e+00 1.352163e+00 -8.749952e-01
 1.653860e+00 1.633038e+00 -1.090027e+00
 1.488907e+00 1.898656e+00 -1.302535e+00
 1.246751e+00 2.069858e+00 -1.474298e+00
 9.469218e-01 2.151820e+00 -1.595237e+00
 6.107752e-01 2.147571e+00 -1.640952e+00
 2.440698e-01 2.049345e+00 -1.597843e+00
 -4.251188e-02 1.883423e+00 -1.476827e+00
 -2.430787e-01 1.651869e+00 -1.297881e+00
 -3.308248e-01 1.388374e+00 -1.082807e+00
 -2.786385e-01 9.512219e-01 -7.556558e-01
 -2.848977e-01 6.207790e-01 -6.385626e-01
 -3.269799e-01 4.092923e-01 -6.200276e-01
 -3.799545e-01 2.458121e-01 -6.378361e-01
 -4.713983e-01 4.190303e-02 -7.054448e-01
 -5.427006e-01 -7.041565e-02 -7.639177e-01
 -6.589053e-01 -2.924420e-01 -9.263800e-01
 -7.193363e-01 -6.133677e-01 -1.021043e+00
 -6.810396e-01 -9.883132e-01 -1.050349e+00
 -5.270114e-01 -1.323358e+00 -1.033342e+00
 -2.764463e-01 -1.572990e+00 -9.907850e-01
 1.963528e-02 -1.710157e+00 -9.070748e-01
 3.528811e-01 -1.732702e+00 -7.842237e-01
 6.878984e-01 -1.625272e+00 -6.710738e-01
 9.450359e-01 -1.420280e+00 -5.776903e-01
 1.155035e+00 -1.092023e+00 -3.820762e-01
 1.422477e+00 -9.616275e-01 -1.868436e-01
 1.602149e+00 -9.339131e-01 4.788857e-02
 1.706467e+00 -9.370176e-01 4.010017e-01
