 -1.911104e+00 -2.317621e-02 -1.619691e-01
 -2.192954e+00 -2.726335e-01 -6.055604e-01
 -2.183833e+00 -3.735329e-01 -1.217299e+00
 -1.831703e+00 -3.919344e-01 -1.716721e+00
 -1.254807e+00 -3.664322e-01 -1.926981e+00
 -6.306032e-01 -2.599177e-01 -1.776384e+00
 1.805049e-01 8.977707e-03 -8.268670e-01
 4.514448e-01 1.315335e-01 4.207143e-02
 6.977426e-01 3.382935e-01 3.808267e-01
 1.084367e+00 6.395253e-01 5.264663e-01
 1.554402e+00 8.529253e-01 4.296100e-01
 2.000008e+00 8.723779e-01 1.362777e-01
 2.302607e+00 6.794498e-01 -2.621558e-01
 2.391097e+00 3.132961e-01 -6.420724e-01
 2.259586e+00 -1.474374e-01 -8.775539e-01
 2.013681e+00 -5.234688e-01 -8.752049e-01
 1.918382e+00 -7.469984e-01 -7.592614e-01
 1.869979e+00 -1.037455e+00 -6.771791e-01
 1.660634e+00 -1.424296e+00 -7.373638e-01
 1.231574e+00 -1.685102e+00 -8.014402e-01
 6.826874e-01 -1.713404e+00 -7.739298e-01
 2.033431e-01 -1.464532e+00 -7.063172e-01
 -1.568876e-01 -9.049951e-01 -5.184443e-01
 -4.505998e-01 -6.167289e-01 -2.226418e-01
 -7.449912e-01 -6.212103e-01 2.755101e-02
 -1.333318e+00 -9.374460e-01 4.298886e-01
 -1.544210e+00 -1.036371e+00 1.114498e+00
 -1.475624e+00 -7.404922e-01 1.749821e+00
 -1.099259e+00 -2.250092e-01 2.083619e+00
 -5.030963e-01 2.192696e-01 1.958994e+00
 -6.413005e-02 4.658596e-01 1.352927e+00
 1.178361e-01 6.446757e-01 1.187465e+00
 5.408241e-01 1.649739e+00 7.853698e-01
 6.165829e-01 1.972912e+00 4.456680e-01
 5.662114e-01 2.147360e+00 6.589655e-03
 3.957321e-01 2.138902e+00 -4.363812e-01
 1.526062e-01 1.945895e+00 -7.888360e-01
 -8.566328e-02 1.593852e+00 -9.907988e-01
 -3.015530e-01 1.191173e+00 -9.909362e-01
 -4.869947e-01 8.137560e-01 -7.829407e-01
 -5.913601e-01 5.487095e-01 -4.083115e-01
 -5.538258e-01 4.390208e-01 -1.481293e-02
 -6.010509e-01 5.407528e-01 3.629807e-01
 -8.112029e-01 9.663866e-01 8.517586e-01
 -7.549292e-01 1.220134e+00 1.214362e+00
 -5.163734e-01 1.362729e+00 1.631510e+00
 -1.547226e-01 1.340060e+00 1.931602e+00
 2.537568e-01 1.126938e+00 2.101975e+00
 6.017131e-01 7.371264e-01 2.108623e+00
 7.978470e-01 3.017077e-01 1.910020e+00
 7.957397e-01 -7.476981e-02 1.556915e+00
 3.691225e-01 -5.524091e-01 7.937670e-01
 2.452231e-01 -6.899976e-01 6.370560e-01
 1.696917e-01 -8.049543e-01 5.739339e-01
 -3.670461e-03 -1.196515e+00 4.987489e-01
 -2.269872e-01 -1.451272e+00 3.716439e-01
 -5.164742e-01 -1.643839e+00 1.194795e-01
 -7.162567e-01 -1.676896e+00 -1.144872e-01
 -9.035017e-01 -1.588313e+00 -3.757907e-01
 -1.076580e+00 -1.377699e+00 -6.055500e-01
 -1.197424e+00 -1.024618e+00 -8.095055e-01
 -1.213718e+00 -6.904443e-01 -9.012768e-01
 -1.181086e+00 -2.592662e-01 -8.754308e-01
 -1.201125e+00 -8.701654e-02 -9.103050e-01
 -1.313352e+00 1.915005e-01 -1.021481e+00
 -1.560770e+00 4.584251e-01 -1.063151e+00
 -1.906222e+00 6.647951e-01 -9.811802e-01
 -2.197907e+00 7.638681e-01 -8.003987e-01
 -2.427638e+00 8.038909e-01 -5.104611e-01
 -2.541983e+00 7.985128e-01 -1.587137e-01
 -2.533950e+00 7.333512e-01 1.993971e-01
 -2.410531e+00 6.203720e-01 5.213079e-01
 -2.192779e+00 4.745084e-01 7.698168e-01
 -1.912614e+00 3.166741e-01 9.186704e-01
 -9.413527e-01 -1.526719e-01 1.035520e+00
 -8.048254e-01 -2.636334e-01 1.054022e+00
 -6.660737e-01 -4.281822e-01 1.111744e+00
 -3.843709e-01 -8.228065e-01 1.442841e+00
 -4.089357e-02 -1.127353e+00 1.545036e+00
 3.388831e-01 -1.331352e+00 1.470350e+00
 7.053706e-01 -1.413687e+00 1.238563e+00
 9.793453e-01 -1.380297e+00 8.687657e-01
 1.099023e+00 -1.222479e+00 4.246222e-01
 9.100830e-01 -7.329366e-01 -4.706125e-01
 9.139812e-01 -6.760147e-01 -9.113933e-01
 1.051458e+00 -7.950213e-01 -1.321532e+00
 1.433478e+00 -9.637121e-01 -1.648965e+00
 1.939759e+00 -1.131597e+00 -1.725625e+00
 2.436805e+00 -1.204592e+00 -1.542006e+00
 2.796107e+00 -1.153300e+00 -1.153360e+00
 2.922977e+00 -9.977208e-01 -6.590265e-01
 2.787794e+00 -7.646357e-01 -1.961318e-01
 2.437721e+00 -4.975574e-01 9.984618e-02
 1.972663e+00 -2.478689e-01 1.465009e-01
 1.588440e+00 -7.393064e-02 -5.606973e-02
 1.436285e+00 1.025701e-01 -2.949744e-01
 1.347318e+00 2.955962e-01 -4.325915e-01
 1.221300e+00 5.523194e-01 -5.047234e-01
 1.074261e+00 7.608882e-01 -5.015955e-01
 8.658537e-01 9.468293e-01 -4.465742e-01
 6.217909e-01 1.085630e+00 -3.320829e-01
 1.510092e-01 1.191724e+00 -5.774725e-02
 -1.172991e-01 1.366112e+00 2.166654e-02
 -4.130694e-01 1.503421e+00 -1.011111e-02
 -7.571305e-01 1.515367e+00 -6.348451e-02
 -1.089154e+00 1.381965e+00 -9.266747e-02
 -1.357571e+00 1.131948e+00 -7.765542e-02
 -1.514907e+00 8.153012e-01 -1.959826e-02
 -1.600615e+00 3.330265e-01 -4.606481e-02
