 -1.777153e+00 -6.425757e-01 -4.273268e-01
 -1.742944e+00 -9.798966e-01 -6.605195e-01
 -1.555724e+00 -1.248160e+00 -9.241562e-01
 -1.239466e+00 -1.390724e+00 -1.185675e+00
 -8.357671e-01 -1.379992e+00 -1.379155e+00
 -4.140936e-01 -1.220879e+00 -1.440274e+00
 -5.730516e-02 -9.372079e-01 -1.346321e+00
 1.544118e-01 -5.738307e-01 -1.107681e+00
 1.590806e-01 -2.334893e-01 -7.728927e-01
 1.038690e-02 -4.218849e-02 -3.475623e-01
 -8.619955e-01 -9.574421e-02 7.979195e-01
 -1.018534e+00 -3.208338e-01 1.235280e+00
 -1.017118e+00 -7.291462e-01 1.568353e+00
 -8.666853e-01 -1.220870e+00 1.692844e+00
 -5.913661e-01 -1.661059e+00 1.578789e+00
 -2.692923e-01 -1.928898e+00 1.261496e+00
 -5.506889e-02 -1.975658e+00 8.518853e-01
 -5.517351e-02 -1.946686e+00 5.553059e-01
 -8.156468e-02 -1.987472e+00 2.967927e-01
 4.923827e-02 -2.059317e+00 -4.661537e-02
 2.907571e-01 -2.002470e+00 -3.656730e-01
 5.590788e-01 -1.809038e+00 -5.964987e-01
 8.032698e-01 -1.501177e+00 -7.130378e-01
 9.872901e-01 -1.130122e+00 -6.870735e-01
 1.297897e+00 -2.382173e-01 -2.382624e-01
 1.541787e+00 -3.411405e-02 -1.054082e-01
 1.761906e+00 2.006183e-01 -1.045237e-01
 1.885800e+00 5.512883e-01 -1.301359e-01
 1.860789e+00 9.308434e-01 -1.312326e-01
 1.699302e+00 1.276102e+00 -9.822269e-02
 1.421855e+00 1.541136e+00 -2.575255e-02
 1.075079e+00 1.684710e+00 7.242664e-02
 4.517029e-01 1.697709e+00 2.193784e-01
 1.138779e-01 1.867115e+00 2.482360e-01
 -2.500176e-01 1.976990e+00 7.622045e-02
 -6.246778e-01 1.881166e+00 -1.595038e-01
 -8.754787e-01 1.639435e+00 -2.837598e-01
 -1.090496e+00 1.464251e+00 -2.600437e-01
 -1.432954e+00 1.340847e+00 -2.905507e-01
 -1.763978e+00 1.123699e+00 -5.675878e-01
 -1.888341e+00 7.786553e-01 -9.087465e-01
 -1.768494e+00 3.154282e-01 -1.179115e+00
 -1.451466e+00 -7.632132e-02 -1.264078e+00
 -1.052430e+00 -3.593584e-01 -1.122152e+00
 -8.487112e-01 -4.938694e-01 -8.586771e-01
 -7.848823e-01 -6.218293e-01 -6.732137e-01
 -6.509346e-01 -8.677710e-01 -4.937805e-01
 -2.872637e-01 -1.060342e+00 -2.991202e-01
 1.673723e-01 -1.036506e+00 -4.452060e-02
 4.436239e-01 -1.119093e+00 1.879785e-01
 7.389248e-01 -1.353887e+00 3.111581e-01
 9.366894e-01 -1.727575e+00 3.980539e-01
 9.381440e-01 -2.192834e+00 4.665507e-01
 7.293162e-01 -2.612187e+00 5.185640e-01
 3.486490e-01 -2.897602e+00 5.620992e-01
 -1.258655e-01 -2.981231e+00 5.896177e-01
 -5.908054e-01 -2.835554e+00 6.080840e-01
 -9.409605e-01 -2.482518e+00 6.165316e-01
 -1.086184e+00 -1.995449e+00 6.087292e-01
 -9.826064e-01 -1.501347e+00 6.128664e-01
 -6.917885e-01 -1.154437e+00 6.566575e-01
 -4.263770e-01 -1.030136e+00 7.690213e-01
 -2.535436e-01 -9.521446e-01 8.947697e-01
 2.868404e-01 -7.131160e-01 1.539627e+00
 7.193077e-01 -3.387348e-01 1.721735e+00
 1.073653e+00 1.207211e-01 1.581815e+00
 1.257201e+00 4.617275e-01 1.181812e+00
 1.190956e+00 6.914388e-01 6.738211e-01
 8.306226e-01 6.887046e-01 7.203171e-02
 8.954833e-01 7.124880e-01 -4.192700e-01
 1.107583e+00 6.015266e-01 -8.097555e-01
 1.400746e+00 3.872993e-01 -1.052112e+00
 1.712608e+00 9.109948e-02 -1.126297e+00
 1.982207e+00 -2.342749e-01 -1.020768e+00
 2.153057e+00 -5.337445e-01 -7.652058e-01
 2.193168e+00 -7.626807e-01 -4.153286e-01
 2.089680e+00 -8.985405e-01 -4.008748e-02
 1.871648e+00 -9.169444e-01 3.078382e-01
 1.586976e+00 -8.060706e-01 5.794544e-01
 1.258715e+00 -5.984866e-01 7.258128e-01
 7.342274e-01 -2.795618e-01 6.698994e-01
 4.926171e-01 -9.373967e-02 7.214976e-01
 3.881194e-01 2.320106e-02 8.007570e-01
 2.456248e-01 2.961323e-01 9.328212e-01
 2.150849e-01 6.663792e-01 1.047651e+00
 5.292441e-01 1.705261e+00 1.237026e+00
 6.489570e-01 2.092786e+00 1.143188e+00
 7.277998e-01 2.427378e+00 8.930144e-01
 7.399215e-01 2.651129e+00 5.222060e-01
 6.860049e-01 2.713771e+00 9.310653e-02
 5.873939e-01 2.591493e+00 -3.173730e-01
 4.625186e-01 2.297634e+00 -6.342986e-01
 3.134084e-01 1.888821e+00 -7.880964e-01
 1.663082e-01 1.468496e+00 -7.387911e-01
 -1.237473e-02 1.124692e+00 -5.041774e-01
 -1.211906e-01 9.511694e-01 -1.769472e-01
 -3.220251e-01 9.318966e-01 2.214473e-01
 -5.987294e-01 1.137243e+00 5.908220e-01
 -9.172534e-01 1.476680e+00 7.554771e-01
 -1.223025e+00 1.849254e+00 6.874570e-01
 -1.463967e+00 2.163850e+00 4.022533e-01
 -1.589851e+00 2.346100e+00 -2.949011e-02
 -1.590002e+00 2.348312e+00 -5.067369e-01
 -1.487779e+00 2.164102e+00 -9.259319e-01
 -1.299398e+00 1.843146e+00 -1.203420e+00
 -1.076433e+00 1.425857e+00 -1.291563e+00
 -9.009023e-01 1.004492e+00 -1.159753e+00
 -8.396002e-01 6.771154e-01 -8.668842e-01
 -9.407923e-01 4.708611e-01 -5.246500e-01
 -1.177974e+00 3.080413e-01 -3.153949e-01
 -1.441299e+00 4.027298e-02 -2.228707e-01
 -1.663809e+00 -2.929137e-01 -2.641288e-01
