 5.352718e-01 -2.240198e+00 1.724828e+00
 8.575744e-01 -2.200461e+00 1.582243e+00
 1.126380e+00 -2.052172e+00 1.405170e+00
 1.310843e+00 -1.810966e+00 1.205780e+00
 1.374264e+00 -1.521833e+00 9.927478e-01
 1.307932e+00 -1.231381e+00 7.892269e-01
 1.119496e+00 -9.845538e-01 6.117407e-01
 8.596197e-01 -8.303121e-01 4.844288e-01
 6.030749e-01 -7.529576e-01 4.218400e-01
 3.891003e-01 -7.743650e-01 3.380804e-01
 6.145288e-02 -9.417207e-01 1.498243e-01
 -5.289746e-01 -1.461189e+00 8.241790e-02
 -8.828706e-01 -1.591758e+00 2.214977e-02
 -1.253608e+00 -1.582908e+00 -6.156423e-02
 -1.590180e+00 -1.436830e+00 -1.574843e-01
 -1.831332e+00 -1.191857e+00 -2.767863e-01
 -1.964424e+00 -8.653082e-01 -3.788277e-01
 -1.985738e+00 -4.940671e-01 -4.130421e-01
 -1.887788e+00 -1.363272e-01 -3.809850e-01
 -1.688377e+00 1.555583e-01 -2.854553e-01
 -1.412078e+00 3.443229e-01 -1.854808e-01
 -9.976934e-01 4.436540e-01 -1.086884e-01
 -7.295491e-01 5.806488e-01 -1.128179e-01
 -2.940826e-01 1.066575e+00 1.277916e-02
 1.115050e-01 1.266182e+00 6.833109e-02
 4.808175e-01 1.294351e+00 9.729752e-02
 8.087953e-01 1.185537e+00 1.384515e-01
 1.082280e+00 9.295915e-01 1.717101e-01
 1.263115e+00 5.615378e-01 1.842437e-01
 1.312064e+00 2.383339e-01 1.783624e-01
 1.378230e+00 4.268258e-02 1.763455e-01
 1.490877e+00 -1.133542e-01 1.743957e-01
 1.688863e+00 -3.359951e-01 8.801458e-02
 1.855369e+00 -5.921610e-01 -1.420397e-01
 1.918036e+00 -8.001049e-01 -4.688293e-01
 1.871064e+00 -9.210174e-01 -8.119147e-01
 1.714459e+00 -9.711075e-01 -1.125661e+00
 1.458396e+00 -9.616902e-01 -1.376391e+00
 1.119024e+00 -8.951052e-01 -1.536549e+00
 7.825301e-01 -7.823835e-01 -1.573217e+00
 4.722545e-01 -6.206887e-01 -1.497777e+00
 -1.035225e-01 -1.830376e-01 -1.077363e+00
 -3.269061e-01 -4.520515e-02 -9.951889e-01
 -5.645510e-01 7.836348e-02 -9.744212e-01
 -1.388533e+00 3.359816e-01 -1.231701e+00
 -1.650431e+00 4.403693e-01 -1.254754e+00
 -1.886036e+00 6.185844e-01 -1.246621e+00
 -2.066144e+00 8.656145e-01 -1.218575e+00
 -2.165385e+00 1.161043e+00 -1.172832e+00
 -2.167201e+00 1.478133e+00 -1.113913e+00
 -2.065272e+00 1.783574e+00 -1.048719e+00
 -1.865492e+00 2.042870e+00 -9.854800e-01
 -1.588203e+00 2.224045e+00 -9.330224e-01
 -1.265764e+00 2.302196e+00 -8.794667e-01
 -9.269352e-01 2.265381e+00 -8.239759e-01
 -6.111715e-01 2.112993e+00 -7.906711e-01
 -3.653964e-01 1.871756e+00 -8.003623e-01
 -2.031706e-01 1.566861e+00 -8.748992e-01
 -1.653677e-01 1.270855e+00 -9.812365e-01
 -1.945357e-01 1.037802e+00 -1.162157e+00
 -1.861951e-01 7.932805e-01 -1.593021e+00
 -2.740347e-01 5.211418e-01 -1.853451e+00
 -4.157664e-01 1.667746e-01 -1.995402e+00
 -5.847478e-01 -1.893150e-01 -1.983102e+00
 -7.291236e-01 -5.066208e-01 -1.821999e+00
 -8.433963e-01 -7.469006e-01 -1.533107e+00
 -9.318639e-01 -8.620817e-01 -1.159639e+00
 -9.685755e-01 -8.337588e-01 -7.609407e-01
 -9.645519e-01 -6.646555e-01 -4.036208e-01
 -9.986379e-01 -5.920781e-01 -1.773887e-01
 -1.072528e+00 -5.847922e-01 6.553712e-02
 -1.340128e+00 -5.652360e-01 4.054067e-01
 -1.460136e+00 -4.936467e-01 7.692938e-01
 -1.439081e+00 -4.217132e-01 1.141413e+00
 -1.287438e+00 -3.338678e-01 1.467079e+00
 -1.024068e+00 -2.411347e-01 1.707704e+00
 -6.639213e-01 -1.755441e-01 1.841796e+00
 -2.780682e-01 -1.537266e-01 1.839661e+00
 8.277254e-02 -1.820349e-01 1.704745e+00
 4.269060e-01 -2.434394e-01 1.397561e+00
 6.403195e-01 -2.537780e-01 1.307022e+00
 9.274021e-01 -1.818589e-01 1.245307e+00
 1.647602e+00 1.698154e-01 1.147622e+00
 1.925213e+00 3.156375e-01 9.915844e-01
 2.139657e+00 4.286071e-01 7.399242e-01
 2.269947e+00 4.876974e-01 4.239778e-01
 2.292998e+00 5.062817e-01 8.527841e-02
 2.206987e+00 4.897236e-01 -2.397473e-01
 2.028115e+00 4.181452e-01 -5.197808e-01
 1.788809e+00 2.842184e-01 -7.234347e-01
 1.507030e+00 1.013688e-01 -8.284234e-01
 1.230064e+00 -1.284022e-01 -8.182118e-01
 1.046100e+00 -3.054447e-01 -7.096091e-01
 9.264685e-01 -5.408335e-01 -5.787723e-01
 8.686317e-01 -1.098208e+00 -5.030012e-01
 8.403711e-01 -1.402047e+00 -3.530836e-01
 7.588713e-01 -1.642984e+00 -1.174351e-01
 6.453336e-01 -1.781645e+00 1.701403e-01
 5.148964e-01 -1.803959e+00 4.851142e-01
 3.914798e-01 -1.703268e+00 7.691555e-01
 3.371669e-01 -1.520531e+00 1.022300e+00
 4.121991e-01 -1.316485e+00 1.275210e+00
 6.315919e-01 -1.163779e+00 1.780770e+00
 7.781091e-01 -9.647810e-01 2.029633e+00
 8.961424e-01 -6.752097e-01 2.199866e+00
 9.647062e-01 -3.219709e-01 2.272232e+00
 9.554701e-01 3.221537e-02 2.244335e+00
 8.857344e-01 3.462807e-01 2.116048e+00
 7.749211e-01 5.877695e-01 1.898123e+00
 6.396119e-01 7.357702e-01 1.596697e+00
 5.054458e-01 7.621868e-01 1.242893e+00
 3.837457e-01 6.576076e-01 9.189059e-01
 3.164910e-01 4.539167e-01 6.550525e-01
 2.903039e-01 2.823966e-01 3.447226e-01
 3.040577e-01 2.331068e-01 5.037551e-02
 3.598832e-01 3.034524e-01 -2.182366e-01
 4.633557e-01 4.930997e-01 -5.325800e-01
 7.468450e-01 7.935195e-01 -8.620166e-01
 8.247030e-01 1.014334e+00 -1.112239e+00
 7.878906e-01 1.248472e+00 -1.361021e+00
 6.410443e-01 1.470874e+00 -1.577049e+00
 3.984588e-01 1.658979e+00 -1.737653e+00
 1.037560e-01 1.771037e+00 -1.834548e+00
 -2.246409e-01 1.804391e+00 -1.864460e+00
 -5.497556e-01 1.756916e+00 -1.815045e+00
 -8.291041e-01 1.643475e+00 -1.688797e+00
 -1.064890e+00 1.477787e+00 -1.455341e+00
 -1.155145e+00 1.346013e+00 -1.227558e+00
 -1.185564e+00 1.268542e+00 -8.821561e-01
 -1.338092e+00 1.393433e+00 -2.478056e-01
 -1.358966e+00 1.381710e+00 3.421324e-02
 -1.334995e+00 1.305782e+00 3.026581e-01
 -1.259852e+00 1.178097e+00 5.397994e-01
 -1.146724e+00 9.975830e-01 7.297134e-01
 -1.010964e+00 7.773708e-01 8.531057e-01
 -8.646751e-01 5.343118e-01 8.992159e-01
 -5.841497e-01 3.862957e-02 8.289520e-01
 -4.770202e-01 -2.025446e-01 8.377383e-01
 -4.424300e-01 -4.208660e-01 8.641861e-01
 -4.718172e-01 -7.357831e-01 9.957634e-01
 -6.009853e-01 -1.220858e+00 1.357631e+00
 -5.525973e-01 -1.511820e+00 1.554506e+00
 -3.891776e-01 -1.789507e+00 1.706441e+00
 -1.307039e-01 -2.020309e+00 1.792314e+00
 1.909261e-01 -2.176713e+00 1.799416e+00
