 9.900104e-01 -2.591109e-01 -1.556442e+00
 8.436366e-01 8.680096e-02 -1.672400e+00
 6.021299e-01 4.027606e-01 -1.674428e+00
 2.978336e-01 6.315523e-01 -1.563911e+00
 6.287320e-02 7.112423e-01 -1.413104e+00
 -1.367087e-01 8.214165e-01 -1.125801e+00
 -3.300042e-01 1.094837e+00 -9.243363e-01
 -3.375698e-01 1.496218e+00 -7.088050e-01
 -1.230503e-01 1.849660e+00 -4.818970e-01
 2.158924e-01 2.022332e+00 -2.331362e-01
 6.250441e-01 1.981919e+00 4.338861e-02
 9.909976e-01 1.756480e+00 1.942082e-01
 1.268550e+00 1.291135e+00 3.307675e-01
 1.516505e+00 1.085634e+00 5.548884e-01
 1.648301e+00 9.728593e-01 8.497124e-01
 1.630700e+00 8.525566e-01 1.243266e+00
 1.434857e+00 7.404024e-01 1.616208e+00
 1.096677e+00 6.351607e-01 1.869877e+00
 7.315680e-01 5.428332e-01 1.954179e+00
 3.458462e-01 4.228700e-01 1.873114e+00
 1.597050e-02 3.347176e-01 1.637516e+00
 -2.001601e-01 3.154092e-01 1.305415e+00
 -2.987301e-01 2.741211e-01 7.592218e-01
 -4.591833e-01 2.749692e-01 5.095277e-01
 -7.181470e-01 3.672267e-01 3.212314e-01
 -1.122418e+00 4.478350e-01 1.020120e-01
 -1.624996e+00 4.288110e-01 -2.581830e-01
 -1.890890e+00 3.181189e-01 -4.135901e-01
 -2.142473e+00 1.254500e-01 -5.022221e-01
 -2.351517e+00 -1.263135e-01 -5.134678e-01
 -2.497489e+00 -4.095172e-01 -4.466885e-01
 -2.567128e+00 -6.941175e-01 -3.094444e-01
 -2.555353e+00 -9.509861e-01 -1.161500e-01
 -2.465480e+00 -1.154004e+00 1.130496e-01
 -2.303394e+00 -1.288064e+00 3.460729e-01
 -2.078383e+00 -1.353014e+00 5.486662e-01
 -1.819370e+00 -1.331334e+00 7.211221e-01
 -1.572738e+00 -1.222323e+00 8.628696e-01
 -1.349241e+00 -1.034758e+00 9.548780e-01
 -1.194044e+00 -8.005288e-01 1.000335e+00
 -1.119115e+00 -6.214764e-01 9.959024e-01
 -1.098556e+00 -3.831717e-01 1.023683e+00
 -1.233330e+00 1.107877e-01 1.173330e+00
 -1.243314e+00 4.144420e-01 1.189356e+00
 -1.156093e+00 7.289180e-01 1.160696e+00
 -9.819918e-01 9.944318e-01 1.074279e+00
 -7.347208e-01 1.188300e+00 9.268780e-01
 -4.631675e-01 1.283571e+00 7.138490e-01
 -2.076657e-01 1.262764e+00 4.656896e-01
 1.521917e-01 1.045504e+00 9.974713e-02
 3.271333e-01 1.000602e+00 -9.504579e-02
 4.969497e-01 1.016093e+00 -3.287520e-01
 6.306005e-01 1.124389e+00 -5.341581e-01
 6.924780e-01 1.269906e+00 -7.454666e-01
 6.595372e-01 1.452185e+00 -1.022270e+00
 5.440762e-01 1.593942e+00 -1.236625e+00
 3.485815e-01 1.687325e+00 -1.450230e+00
 1.055900e-01 1.702426e+00 -1.633453e+00
 -1.610171e-01 1.638190e+00 -1.772746e+00
 -4.204582e-01 1.488452e+00 -1.867549e+00
 -6.618875e-01 1.269288e+00 -1.889295e+00
 -8.633355e-01 1.009801e+00 -1.820317e+00
 -9.952288e-01 7.356529e-01 -1.666133e+00
 -1.036456e+00 4.745518e-01 -1.443846e+00
 -9.103724e-01 1.071491e-02 -8.898991e-01
 -8.111885e-01 -2.051521e-01 -6.159367e-01
 -5.830599e-01 -4.486787e-01 -2.475215e-01
 -5.564880e-01 -5.926547e-01 -7.598111e-03
 -5.587453e-01 -7.798361e-01 1.532976e-01
 -5.414662e-01 -1.231227e+00 3.595835e-01
 -4.826581e-01 -1.484094e+00 6.273500e-01
 -3.102616e-01 -1.652696e+00 9.687934e-01
 -4.899070e-02 -1.695897e+00 1.288015e+00
 2.305259e-01 -1.617377e+00 1.494879e+00
 5.170202e-01 -1.400958e+00 1.636834e+00
 7.615141e-01 -1.067282e+00 1.678171e+00
 9.198221e-01 -7.123549e-01 1.595743e+00
 9.687556e-01 -3.806422e-01 1.419803e+00
 8.679872e-01 4.197204e-02 1.066144e+00
 7.808236e-01 3.037748e-01 9.475236e-01
 7.005245e-01 5.927344e-01 9.042985e-01
 6.191872e-01 8.528942e-01 9.869818e-01
 6.131556e-01 1.089588e+00 1.087312e+00
 7.436403e-01 1.380060e+00 1.203135e+00
 9.767898e-01 1.645962e+00 1.260672e+00
 1.258439e+00 1.843377e+00 1.217147e+00
 1.546067e+00 1.972221e+00 1.073377e+00
 1.800809e+00 2.032350e+00 8.330735e-01
 1.991801e+00 2.001955e+00 5.422165e-01
 2.113666e+00 1.873270e+00 2.374356e-01
 2.147729e+00 1.663500e+00 -4.440810e-02
 2.087152e+00 1.398940e+00 -2.717430e-01
 1.936496e+00 1.113623e+00 -4.183408e-01
 1.307202e+00 3.769272e-01 -5.636152e-01
 1.055056e+00 2.038152e-01 -5.971400e-01
 8.325001e-01 1.162654e-01 -6.151717e-01
 4.450912e-01 3.473192e-02 -7.187357e-01
 1.678995e-01 -1.630797e-01 -9.176100e-01
 -4.176016e-03 -3.122294e-01 -1.234758e+00
 -2.960257e-02 -4.516329e-01 -1.585580e+00
 9.545573e-02 -6.165047e-01 -1.919147e+00
 3.459310e-01 -7.796328e-01 -2.168801e+00
 6.866464e-01 -9.187866e-01 -2.300285e+00
 1.052436e+00 -1.034625e+00 -2.289294e+00
 1.392066e+00 -1.119930e+00 -2.139860e+00
 1.660056e+00 -1.158891e+00 -1.876172e+00
 1.820562e+00 -1.150118e+00 -1.534658e+00
 1.853667e+00 -1.092438e+00 -1.163970e+00
 1.753249e+00 -1.016664e+00 -8.171401e-01
 1.540675e+00 -9.359666e-01 -5.377751e-01
 1.253688e+00 -8.652467e-01 -3.605946e-01
 9.317612e-01 -8.354939e-01 -2.889059e-01
 6.464215e-01 -8.640759e-01 -3.129810e-01
 3.768061e-01 -9.724923e-01 -3.635065e-01
 -4.465616e-02 -1.249727e+00 -5.994073e-01
 -3.635213e-01 -1.343912e+00 -6.831395e-01
 -6.911000e-01 -1.358702e+00 -6.861798e-01
 -1.002537e+00 -1.304794e+00 -6.046794e-01
 -1.271181e+00 -1.174704e+00 -4.558633e-01
 -1.466466e+00 -9.701285e-01 -2.771282e-01
 -1.643136e+00 -5.234530e-01 1.192374e-01
 -1.876803e+00 -3.559558e-01 3.751293e-01
 -2.068554e+00 -3.396148e-01 6.769298e-01
 -2.147129e+00 -3.947971e-01 1.023516e+00
 -2.082946e+00 -4.683555e-01 1.392441e+00
 -1.874075e+00 -5.360588e-01 1.711883e+00
 -1.548399e+00 -5.885309e-01 1.932852e+00
 -1.126218e+00 -6.416326e-01 2.021238e+00
 -7.251118e-01 -6.765493e-01 1.940108e+00
 -3.873755e-01 -6.884824e-01 1.708633e+00
 -1.551051e-02 -6.824478e-01 1.126155e+00
 1.624831e-01 -7.416673e-01 9.110943e-01
 3.021123e-01 -8.428593e-01 7.872433e-01
 4.833722e-01 -1.070950e+00 6.702390e-01
 6.425607e-01 -1.410059e+00 5.528132e-01
 7.713165e-01 -1.703140e+00 2.668112e-01
 8.674542e-01 -1.854516e+00 -1.285788e-01
 9.133879e-01 -1.833006e+00 -5.569160e-01
 9.094570e-01 -1.636708e+00 -9.524928e-01
 8.591047e-01 -1.338640e+00 -1.199184e+00
 8.306311e-01 -1.036741e+00 -1.289087e+00
 8.867993e-01 -8.008744e-01 -1.303914e+00
 9.842504e-01 -5.731499e-01 -1.375431e+00
