 2.394123e-01 1.475490e+00 9.301259e-01
 3.852969e-01 1.258820e+00 1.104169e+00
 4.593952e-01 1.067053e+00 1.357771e+00
 3.756468e-01 6.986580e-01 1.636060e+00
 1.795554e-01 1.996529e-01 1.687465e+00
 -1.805145e-02 -2.396219e-01 1.476603e+00
 -1.635532e-01 -5.184226e-01 1.061125e+00
 -1.774201e-01 -6.176630e-01 3.722058e-01
 -7.881084e-02 -8.377771e-01 -3.874045e-03
 5.377325e-02 -1.247392e+00 -2.242528e-01
 5.694448e-02 -1.772326e+00 -2.453790e-01
 -1.328234e-01 -2.235149e+00 -7.179169e-02
 -4.825332e-01 -2.505301e+00 2.182822e-01
 -9.060345e-01 -2.525131e+00 5.031694e-01
 -1.287771e+00 -2.319172e+00 7.154217e-01
 -1.569464e+00 -1.971673e+00 7.912104e-01
 -1.705568e+00 -1.659172e+00 7.106176e-01
 -1.818285e+00 -1.491964e+00 5.754476e-01
 -2.001637e+00 -1.334664e+00 4.747992e-01
 -2.188129e+00 -1.088431e+00 4.584126e-01
 -2.285917e+00 -7.366205e-01 4.852310e-01
 -2.237522e+00 -3.405655e-01 5.165531e-01
 -2.054342e+00 -1.306581e-02 5.270809e-01
 -1.762663e+00 2.383306e-01 4.942191e-01
 -1.422303e+00 3.598718e-01 4.006864e-01
 -1.091215e+00 3.503722e-01 2.462694e-01
 -8.092702e-01 2.218769e-01 3.418924e-02
 -6.741907e-01 7.741351e-02 -2.758626e-01
 -6.783036e-01 -3.256529e-02 -8.849734e-01
 -4.932445e-01 -4.756622e-02 -1.303938e+00
 -1.412838e-01 -6.680347e-02 -1.598911e+00
 2.902976e-01 -3.379205e-02 -1.721996e+00
 6.713116e-01 4.384545e-02 -1.660031e+00
 9.649140e-01 1.055181e-01 -1.453156e+00
 1.170251e+00 5.108138e-02 -1.233325e+00
 1.701049e+00 -1.945156e-01 -9.405811e-01
 1.919664e+00 -2.992345e-01 -6.957182e-01
 2.072503e+00 -3.377316e-01 -3.640618e-01
 2.121391e+00 -2.909358e-01 9.667954e-03
 2.028831e+00 -1.803929e-01 3.823210e-01
 1.791982e+00 -4.466118e-02 6.873979e-01
 1.445395e+00 9.124569e-02 8.676314e-01
 1.042579e+00 1.986979e-01 8.918632e-01
 4.204577e-01 2.909559e-01 6.680359e-01
 -5.794214e-02 4.526891e-01 6.656467e-01
 -3.817663e-01 6.006442e-01 9.090824e-01
 -5.729051e-01 8.953917e-01 1.232919e+00
 -5.500092e-01 1.229100e+00 1.559583e+00
 -3.314258e-01 1.581715e+00 1.788634e+00
 2.834403e-02 1.864346e+00 1.868361e+00
 4.381992e-01 2.036036e+00 1.783222e+00
 8.151011e-01 2.076436e+00 1.558702e+00
 1.097669e+00 1.984644e+00 1.245389e+00
 1.244051e+00 1.779906e+00 9.031383e-01
 1.225569e+00 1.513729e+00 5.744677e-01
 1.029680e+00 1.250172e+00 2.983006e-01
 7.324451e-01 1.086517e+00 1.360767e-01
 4.355683e-01 1.075954e+00 9.084646e-04
 8.621810e-02 1.127886e+00 -7.543470e-02
 -8.241359e-02 1.142670e+00 -1.446377e-01
 -8.499401e-01 1.085154e+00 -5.283944e-01
 -1.237730e+00 8.812914e-01 -6.429161e-01
 -1.534957e+00 5.702221e-01 -6.487877e-01
 -1.681774e+00 1.969483e-01 -5.827715e-01
 -1.670019e+00 -1.602456e-01 -4.575345e-01
 -1.519147e+00 -5.061722e-01 -1.991007e-01
 -1.335510e+00 -6.452446e-01 9.986420e-02
 -1.228322e+00 -6.439689e-01 5.448894e-01
 -1.384459e+00 -6.659441e-01 1.014691e+00
 -1.730397e+00 -8.229043e-01 1.359558e+00
 -2.130475e+00 -1.120652e+00 1.489618e+00
 -2.441796e+00 -1.457535e+00 1.400545e+00
 -2.614451e+00 -1.775078e+00 1.169616e+00
 -2.645953e+00 -2.029792e+00 8.654946e-01
 -2.562792e+00 -2.193086e+00 5.339884e-01
 -2.378799e+00 -2.265280e+00 2.190295e-01
 -2.110299e+00 -2.251340e+00 -3.692063e-02
 -1.788848e+00 -2.147955e+00 -2.028472e-01
 -1.446503e+00 -1.968070e+00 -2.472047e-01
 -1.132656e+00 -1.744205e+00 -1.413173e-01
 -8.989674e-01 -1.551362e+00 1.022042e-01
 -7.336900e-01 -1.504899e+00 4.080301e-01
 -5.339576e-01 -1.550576e+00 6.066778e-01
 -2.261616e-01 -1.580031e+00 7.391397e-01
 4.471147e-02 -1.559776e+00 7.683184e-01
 3.291327e-01 -1.449926e+00 7.499153e-01
 5.867880e-01 -1.256224e+00 6.742118e-01
 7.783303e-01 -1.026347e+00 5.258018e-01
 1.057489e+00 -3.304460e-01 1.355490e-02
 1.113945e+00 -1.511886e-01 -7.187790e-02
 1.151318e+00 2.812998e-02 -1.128594e-01
 1.254728e+00 2.566564e-01 -1.359440e-01
 1.886108e+00 8.926963e-01 -3.137082e-01
 2.033895e+00 1.162165e+00 -4.384967e-01
 2.088338e+00 1.441771e+00 -6.214368e-01
 2.035991e+00 1.702350e+00 -8.460810e-01
 1.867894e+00 1.916935e+00 -1.117120e+00
 1.621669e+00 2.018501e+00 -1.369550e+00
 1.320731e+00 2.003654e+00 -1.571171e+00
 9.731292e-01 1.885800e+00 -1.684854e+00
 6.163596e-01 1.675759e+00 -1.671720e+00
 3.470921e-01 1.393095e+00 -1.538136e+00
 2.124095e-01 1.087745e+00 -1.312435e+00
 2.645295e-01 4.249716e-01 -7.801501e-01
 3.200116e-01 1.110652e-01 -6.683767e-01
 3.332842e-01 -2.487405e-01 -7.025871e-01
 4.880409e-01 -6.483006e-01 -9.019777e-01
 7.453662e-01 -8.907435e-01 -1.216550e+00
 1.063489e+00 -9.246227e-01 -1.564606e+00
 1.367828e+00 -7.518862e-01 -1.864927e+00
 1.621813e+00 -4.317497e-01 -2.037066e+00
 1.786478e+00 -3.318388e-02 -2.061982e+00
 1.823842e+00 3.733565e-01 -1.962515e+00
 1.741704e+00 7.196426e-01 -1.762902e+00
 1.563962e+00 9.573199e-01 -1.497197e+00
 1.223914e+00 1.103040e+00 -1.065673e+00
 1.098876e+00 1.290726e+00 -8.416221e-01
 9.066465e-01 1.769847e+00 -6.129076e-01
 7.116702e-01 2.009759e+00 -3.374015e-01
 5.127389e-01 2.101453e+00 2.180224e-02
 3.309800e-01 2.014749e+00 4.144625e-01
 2.256759e-01 1.768260e+00 7.396733e-01
