 1.215539e+00 5.341752e-01 -1.961313e+00
 8.442294e-01 6.439330e-01 -2.210820e+00
 4.126574e-01 6.360693e-01 -2.314986e+00
 -1.185030e-02 5.076494e-01 -2.268200e+00
 -3.481625e-01 2.837638e-01 -2.076652e+00
 -5.316207e-01 8.447944e-03 -1.774943e+00
 -5.270143e-01 -2.638867e-01 -1.419479e+00
 -1.769074e-01 -6.520096e-01 -7.807459e-01
 -1.258387e-01 -8.069773e-01 -5.722911e-01
 2.276323e-01 -1.306326e+00 -7.044383e-02
 3.046179e-01 -1.476225e+00 4.654549e-01
 1.463544e-01 -1.452904e+00 1.004840e+00
 -2.116995e-01 -1.260381e+00 1.387845e+00
 -6.412535e-01 -9.396623e-01 1.509174e+00
 -1.065375e+00 -6.335809e-01 1.335200e+00
 -1.331231e+00 -4.969691e-01 9.989572e-01
 -1.547571e+00 -5.919572e-01 6.304983e-01
 -1.822754e+00 -8.079141e-01 3.911166e-01
 -2.271655e+00 -1.055919e+00 3.420865e-01
 -2.766121e+00 -1.145352e+00 5.169856e-01
 -3.158026e+00 -1.045091e+00 8.559793e-01
 -3.359083e+00 -7.663512e-01 1.259349e+00
 -3.322424e+00 -3.765411e-01 1.607727e+00
 -3.068305e+00 3.439507e-02 1.803016e+00
 -2.658688e+00 3.592058e-01 1.801415e+00
 -2.214705e+00 5.328773e-01 1.588940e+00
 -1.869055e+00 5.335988e-01 1.202190e+00
 -1.753074e+00 4.071818e-01 8.057409e-01
 -1.823233e+00 3.569611e-01 4.260949e-01
 -1.834935e+00 4.683906e-01 1.052018e-01
 -1.692156e+00 6.114735e-01 -2.231393e-01
 -1.426898e+00 7.126757e-01 -4.654866e-01
 -1.084255e+00 7.493031e-01 -6.112521e-01
 -7.100995e-01 6.926822e-01 -6.563117e-01
 -3.619090e-01 5.555357e-01 -5.905266e-01
 -4.778992e-02 3.240198e-01 -4.026594e-01
 3.121977e-01 7.461316e-02 -2.838748e-01
 4.837204e-01 -9.367781e-02 -2.193284e-01
 1.114794e+00 -8.402917e-01 3.071795e-01
 1.571505e+00 -9.938729e-01 4.976580e-01
 2.066071e+00 -8.987812e-01 6.222354e-01
 2.475051e+00 -5.852736e-01 6.360393e-01
 2.704679e+00 -1.400576e-01 5.130686e-01
 2.690263e+00 3.436984e-01 3.169618e-01
 2.439138e+00 7.169532e-01 1.651692e-01
 2.163702e+00 8.983192e-01 1.727761e-01
 1.958877e+00 1.095995e+00 2.625374e-01
 1.752118e+00 1.410160e+00 2.238879e-01
 1.473920e+00 1.642974e+00 3.392220e-02
 1.116744e+00 1.720345e+00 -2.767328e-01
 8.220218e-01 1.596231e+00 -6.065502e-01
 6.296273e-01 1.298430e+00 -9.024445e-01
 4.199403e-01 1.599861e-01 -1.383552e+00
 5.006117e-01 -1.650401e-01 -1.647090e+00
 7.795897e-01 -4.100565e-01 -1.906359e+00
 1.151392e+00 -6.185520e-01 -1.960884e+00
 1.598362e+00 -7.813139e-01 -1.806542e+00
 1.990690e+00 -8.185495e-01 -1.432111e+00
 2.177767e+00 -7.267469e-01 -9.835984e-01
 2.158447e+00 -5.150650e-01 -5.346857e-01
 1.759201e+00 -5.527476e-02 7.080818e-02
 1.665685e+00 6.130141e-02 4.568937e-01
 1.775797e+00 2.087749e-01 8.365180e-01
 2.052947e+00 5.191080e-01 1.129830e+00
 2.373378e+00 8.891071e-01 1.193606e+00
 2.640961e+00 1.269394e+00 1.024636e+00
 2.798111e+00 1.564533e+00 6.607349e-01
 2.793308e+00 1.721879e+00 1.913233e-01
 2.625545e+00 1.708267e+00 -2.726063e-01
 2.330753e+00 1.530220e+00 -6.259467e-01
 1.969149e+00 1.234030e+00 -7.835678e-01
 1.624524e+00 9.172514e-01 -7.068743e-01
 1.360081e+00 7.189082e-01 -4.652972e-01
 1.157162e+00 6.914688e-01 -2.285217e-01
 9.800497e-01 7.194561e-01 1.390375e-01
 8.187065e-01 6.449054e-01 3.975715e-01
 6.095861e-01 4.981473e-01 5.995971e-01
 3.671056e-01 2.810673e-01 7.231105e-01
 1.555373e-01 3.554620e-02 7.478478e-01
 -2.030504e-01 -5.000699e-01 6.068456e-01
 -5.417624e-01 -8.611910e-01 4.694347e-01
 -6.868420e-01 -1.121850e+00 4.679869e-01
 -8.723018e-01 -1.360470e+00 5.790562e-01
 -1.146205e+00 -1.524437e+00 7.878351e-01
 -1.466882e+00 -1.539265e+00 1.052091e+00
 -1.806490e+00 -1.389608e+00 1.255153e+00
 -2.086721e+00 -1.110062e+00 1.364991e+00
 -2.285124e+00 -7.475815e-01 1.350746e+00
 -2.368761e+00 -4.488793e-01 1.206103e+00
 -2.460310e+00 -2.948745e-01 1.019866e+00
 -2.660162e+00 -9.755185e-02 8.468556e-01
 -2.821132e+00 3.613826e-01 7.446395e-01
 -2.687646e+00 9.053574e-01 6.534461e-01
 -2.276791e+00 1.299956e+00 5.801442e-01
 -1.711200e+00 1.417343e+00 5.179090e-01
 -1.172650e+00 1.210073e+00 4.627991e-01
 -8.320492e-01 7.335539e-01 3.904723e-01
 -8.240527e-01 2.388451e-01 2.819337e-01
 -1.026092e+00 -2.191497e-01 -1.407819e-01
 -1.165557e+00 -9.127296e-01 -5.719024e-01
 -9.839430e-01 -1.305155e+00 -8.976350e-01
 -5.740892e-01 -1.540291e+00 -1.164004e+00
 -4.728769e-02 -1.554600e+00 -1.294881e+00
 4.663792e-01 -1.340294e+00 -1.249413e+00
 1.016331e+00 -7.420375e-01 -9.318548e-01
 1.213388e+00 -3.359121e-01 -9.300815e-01
 1.346522e+00 -1.063612e-01 -1.041577e+00
 1.455129e+00 1.151053e-01 -1.299906e+00
 1.413196e+00 3.679471e-01 -1.651216e+00
