 1.624772e+00 8.362048e-01 2.017543e-01
 1.198925e+00 9.044395e-01 3.470446e-01
 4.669244e-01 7.008872e-01 4.981925e-01
 2.182364e-01 6.738228e-01 6.133119e-01
 -1.189895e-01 7.385400e-01 8.210888e-01
 -3.065818e-01 9.261443e-01 1.140509e+00
 -3.597553e-01 1.027467e+00 1.534039e+00
 -2.686511e-01 1.059901e+00 1.914109e+00
 -6.980126e-02 9.667003e-01 2.271264e+00
 2.049331e-01 7.558004e-01 2.522286e+00
 5.056598e-01 4.561005e-01 2.616805e+00
 7.799353e-01 1.211529e-01 2.528983e+00
 9.763741e-01 -1.842556e-01 2.267045e+00
 1.052199e+00 -3.992109e-01 1.877713e+00
 9.851770e-01 -4.831944e-01 1.450487e+00
 7.513418e-01 -4.676489e-01 1.066951e+00
 4.627637e-01 -3.351992e-01 8.256054e-01
 7.782282e-02 -3.050177e-01 7.676913e-01
 -1.519462e-01 -2.927157e-01 7.857265e-01
 -1.061278e+00 -3.838932e-01 9.898538e-01
 -1.450659e+00 -3.130200e-01 9.693729e-01
 -1.810665e+00 -1.120290e-01 8.558707e-01
 -2.047074e+00 1.671389e-01 6.505506e-01
 -2.117598e+00 4.424478e-01 3.886529e-01
 -2.006771e+00 7.819818e-01 1.021032e-01
 -1.765884e+00 1.037510e+00 -4.595584e-02
 -1.594079e+00 1.206065e+00 -4.170176e-02
 -1.462793e+00 1.428090e+00 -3.544439e-02
 -1.254802e+00 1.740449e+00 -2.079881e-01
 -9.527688e-01 1.917994e+00 -5.242833e-01
 -6.227553e-01 1.886181e+00 -8.060389e-01
 -2.351428e-01 1.652781e+00 -1.003045e+00
 3.996763e-02 1.292861e+00 -1.068193e+00
 2.382946e-01 6.228608e-01 -9.811333e-01
 2.801762e-01 3.627898e-01 -1.013811e+00
 3.323483e-01 1.183943e-01 -1.121549e+00
 3.294934e-01 -8.462603e-02 -1.282960e+00
 1.296927e-01 -6.336413e-01 -1.708107e+00
 -2.000766e-02 -1.071281e+00 -1.908675e+00
 -1.826158e-01 -1.427027e+00 -1.925545e+00
 -3.801043e-01 -1.756532e+00 -1.793434e+00
 -5.893089e-01 -2.000417e+00 -1.516720e+00
 -7.706515e-01 -2.102188e+00 -1.127999e+00
 -8.493648e-01 -2.046384e+00 -6.927978e-01
 -8.195948e-01 -1.820349e+00 -2.938419e-01
 -7.133049e-01 -1.417938e+00 -1.865272e-02
 -5.741902e-01 -9.370154e-01 2.825537e-02
 -4.363087e-01 -5.479264e-01 -1.522579e-01
 -4.090782e-01 -2.538706e-01 -4.592472e-01
 -6.254168e-01 -6.515520e-02 -8.370553e-01
 -6.938055e-01 3.208168e-02 -1.167699e+00
 -5.998449e-01 2.815947e-01 -1.549612e+00
 -3.117927e-01 4.894070e-01 -1.848866e+00
 9.770181e-02 6.089925e-01 -2.006719e+00
 5.743746e-01 6.735183e-01 -1.960225e+00
 9.792050e-01 6.596039e-01 -1.720879e+00
 1.241802e+00 5.568866e-01 -1.348190e+00
 1.311094e+00 3.897687e-01 -9.222589e-01
 1.123705e+00 1.006822e-01 -3.669243e-01
 1.150330e+00 -7.059727e-02 2.223255e-02
 1.288704e+00 -1.341044e-01 2.652391e-01
 1.598126e+00 -2.968765e-01 5.161380e-01
 1.967304e+00 -5.195162e-01 5.956825e-01
 2.305944e+00 -7.792374e-01 4.879351e-01
 2.529623e+00 -1.054625e+00 2.292775e-01
 2.599804e+00 -1.290837e+00 -1.265548e-01
 2.506990e+00 -1.454694e+00 -5.102227e-01
 2.273448e+00 -1.518313e+00 -8.577273e-01
 1.942126e+00 -1.470615e+00 -1.113757e+00
 1.573580e+00 -1.319368e+00 -1.237178e+00
 1.220273e+00 -1.117150e+00 -1.199118e+00
 9.118162e-01 -9.163182e-01 -9.912674e-01
 6.986454e-01 -7.742903e-01 -6.289136e-01
 5.462568e-01 -8.402905e-01 -2.205944e-01
 3.201906e-01 -1.265875e+00 4.150605e-01
 1.990954e-01 -1.336608e+00 7.857358e-01
 8.945728e-02 -1.256900e+00 1.158035e+00
 1.127601e-02 -1.036175e+00 1.482672e+00
 -1.250954e-02 -7.069959e-01 1.708690e+00
 7.481657e-03 -3.710733e-01 1.786012e+00
 1.044608e-01 -1.066971e-02 1.749909e+00
 2.391130e-01 2.092455e-01 1.650449e+00
 4.629098e-01 3.951891e-01 1.582528e+00
 6.274374e-01 6.943399e-01 1.561248e+00
 6.749706e-01 1.103801e+00 1.430064e+00
 5.667625e-01 1.465479e+00 1.185896e+00
 3.579960e-01 1.677459e+00 8.289069e-01
 1.145250e-01 1.695853e+00 4.634230e-01
 -1.329518e-01 1.535139e+00 1.464541e-01
 -5.021712e-01 1.026805e+00 -2.027597e-01
 -7.400807e-01 8.781426e-01 -5.181764e-01
 -1.025411e+00 9.328557e-01 -8.479853e-01
 -1.365479e+00 1.095680e+00 -1.029437e+00
 -1.707639e+00 1.337473e+00 -1.050822e+00
 -2.036873e+00 1.576377e+00 -8.898588e-01
 -2.280263e+00 1.757256e+00 -5.757326e-01
 -2.398575e+00 1.840245e+00 -1.656917e-01
 -2.373183e+00 1.807364e+00 2.674415e-01
 -2.204481e+00 1.666416e+00 6.467839e-01
 -1.921886e+00 1.436798e+00 9.028359e-01
 -1.589920e+00 1.153491e+00 9.806219e-01
 -1.287952e+00 8.468534e-01 8.686588e-01
 -1.125193e+00 6.137009e-01 6.317649e-01
 -1.065425e+00 4.504761e-01 3.952253e-01
 -1.135185e+00 2.247215e-01 1.394910e-01
 -1.363721e+00 -9.411824e-02 -9.895665e-02
 -1.436192e+00 -3.573505e-01 -2.666737e-01
 -1.414076e+00 -6.116617e-01 -4.834400e-01
 -1.297128e+00 -8.148247e-01 -6.926941e-01
 -1.088851e+00 -9.743974e-01 -8.746520e-01
 -8.287416e-01 -1.056818e+00 -9.876952e-01
 -5.383112e-01 -1.107274e+00 -1.005966e+00
 -2.518800e-01 -1.214141e+00 -9.226307e-01
 1.708073e-01 -1.651144e+00 -7.868898e-01
 5.358330e-01 -1.810430e+00 -6.112981e-01
 9.144800e-01 -1.791962e+00 -4.394458e-01
 1.247200e+00 -1.599895e+00 -2.818492e-01
 1.505565e+00 -1.277577e+00 -2.040954e-01
 1.606024e+00 -1.020425e+00 -2.325790e-01
 1.739747e+00 -7.770168e-01 -3.846222e-01
 1.938300e+00 -5.497920e-01 -4.490533e-01
 2.123970e+00 -1.772761e-01 -3.749321e-01
 2.147835e+00 2.258348e-01 -2.047276e-01
 1.956134e+00 6.035317e-01 6.132018e-03
