 1.652834e+00 6.872436e-01 -7.847410e-01
 1.751077e+00 4.547182e-01 -9.179440e-01
 1.789329e+00 1.706008e-01 -9.975908e-01
 1.750951e+00 -1.184614e-01 -1.028602e+00
 1.650447e+00 -3.836821e-01 -1.010079e+00
 1.486445e+00 -6.231864e-01 -9.507795e-01
 1.257586e+00 -8.314383e-01 -8.331927e-01
 1.127654e+00 -9.935110e-01 -7.857798e-01
 1.031207e+00 -1.190579e+00 -7.730160e-01
 8.954085e-01 -1.385937e+00 -8.271561e-01
 7.256358e-01 -1.519537e+00 -8.906379e-01
 5.061401e-01 -1.616080e+00 -9.321382e-01
 2.829891e-01 -1.655220e+00 -9.455653e-01
 4.620022e-02 -1.642219e+00 -9.314468e-01
 -1.920200e-01 -1.582470e+00 -8.747375e-01
 -4.042529e-01 -1.471301e+00 -7.859600e-01
 -6.219836e-01 -1.271057e+00 -6.480068e-01
 -7.605798e-01 -1.039977e+00 -4.929471e-01
 -8.413504e-01 -9.477734e-01 -4.246867e-01
 -9.148054e-01 -8.878530e-01 -3.723204e-01
 -1.041926e+00 -8.123239e-01 -3.027592e-01
 -1.233546e+00 -7.616708e-01 -2.081443e-01
 -1.635489e+00 -7.492265e-01 -2.083179e-02
 -1.922330e+00 -6.197205e-01 1.880719e-01
 -2.117624e+00 -3.848778e-01 4.111469e-01
 -2.199827e+00 -5.829406e-02 6.260726e-01
 -2.157159e+00 2.593081e-01 7.739027e-01
 -2.010519e+00 5.339165e-01 8.587965e-01
 -1.811308e+00 7.694841e-01 8.433778e-01
 -1.679341e+00 9.628213e-01 7.371403e-01
 -1.617195e+00 1.168838e+00 6.472019e-01
 -1.522323e+00 1.432499e+00 6.364158e-01
 -1.364829e+00 1.639199e+00 6.655842e-01
 -1.105248e+00 1.811614e+00 6.926547e-01
 -7.606339e-01 1.901552e+00 7.156398e-01
 -4.299106e-01 1.878198e+00 7.286361e-01
 -1.243686e-01 1.752534e+00 7.210869e-01
 1.244737e-01 1.538530e+00 6.954880e-01
 6.645606e-01 6.358516e-01 5.601877e-01
 9.211644e-01 3.771059e-01 7.079043e-01
 1.390097e+00 -3.571160e-02 1.195005e+00
 1.528009e+00 -6.446030e-01 1.412199e+00
 1.384031e+00 -1.290971e+00 1.326831e+00
 1.020561e+00 -1.685541e+00 1.029276e+00
 5.843173e-01 -1.738014e+00 5.682531e-01
 2.843688e-01 -1.453632e+00 1.207757e-01
 2.228412e-01 -8.236973e-01 -2.846571e-01
 1.929696e-01 -6.620617e-01 -5.621246e-01
 1.703117e-01 -6.409852e-01 -9.132883e-01
 3.010177e-01 -6.831751e-01 -1.292537e+00
 5.105666e-01 -7.925874e-01 -1.569107e+00
 7.828477e-01 -9.485517e-01 -1.741528e+00
 1.088065e+00 -1.128176e+00 -1.795337e+00
 1.377091e+00 -1.309212e+00 -1.725994e+00
 1.633552e+00 -1.459878e+00 -1.545941e+00
 1.838019e+00 -1.538111e+00 -1.285864e+00
 1.963184e+00 -1.553642e+00 -9.669287e-01
 1.990440e+00 -1.512102e+00 -6.304645e-01
 1.921473e+00 -1.417217e+00 -3.154098e-01
 1.767377e+00 -1.283648e+00 -5.537885e-02
 1.488167e+00 -1.079995e+00 1.765327e-01
 9.731518e-01 -7.484721e-01 5.151038e-01
 8.054555e-01 -7.167979e-01 6.446225e-01
 6.686852e-01 -7.165573e-01 7.981008e-01
 4.598578e-01 -7.801995e-01 1.124003e+00
 1.142806e-01 -8.062731e-01 1.396006e+00
 -2.086253e-01 -7.451416e-01 1.523705e+00
 -5.208045e-01 -6.192058e-01 1.536946e+00
 -8.029249e-01 -4.456891e-01 1.431688e+00
 -1.030318e+00 -2.547135e-01 1.208595e+00
 -1.173572e+00 -9.993617e-02 8.881871e-01
 -1.196131e+00 7.230385e-02 4.278409e-01
 -1.314597e+00 2.119985e-01 1.526410e-01
 -1.553837e+00 3.429694e-01 -6.647851e-02
 -1.885221e+00 5.471326e-01 -1.720616e-01
 -2.204044e+00 7.833242e-01 -1.201711e-01
 -2.465088e+00 1.028513e+00 8.197714e-02
 -2.608892e+00 1.240962e+00 3.958959e-01
 -2.604867e+00 1.414169e+00 7.609175e-01
 -2.456745e+00 1.520158e+00 1.115977e+00
 -2.193539e+00 1.536841e+00 1.413496e+00
 -1.852287e+00 1.471245e+00 1.605953e+00
 -1.482362e+00 1.357298e+00 1.656403e+00
 -1.135581e+00 1.212124e+00 1.563012e+00
 -8.643506e-01 1.055001e+00 1.342923e+00
 -6.988706e-01 9.288754e-01 1.029465e+00
 -6.495174e-01 8.754472e-01 6.850033e-01
 -6.593235e-01 9.441138e-01 3.770066e-01
 -7.894269e-01 1.105312e+00 -1.867376e-02
 -7.978797e-01 1.168468e+00 -3.776887e-01
 -7.133531e-01 1.150130e+00 -7.274118e-01
 -5.302900e-01 1.066603e+00 -1.034419e+00
 -2.779287e-01 9.271472e-01 -1.247420e+00
 1.172143e-02 7.266803e-01 -1.340288e+00
 3.179552e-01 5.071454e-01 -1.296992e+00
 5.960895e-01 3.093060e-01 -1.115037e+00
 7.762399e-01 1.537906e-01 -8.416075e-01
 9.255499e-01 3.565519e-02 -4.008951e-01
 1.190731e+00 -2.585399e-02 -1.718769e-01
 1.558775e+00 -1.804573e-02 -1.956474e-02
 1.969506e+00 1.703385e-01 5.098209e-02
 2.276153e+00 5.042054e-01 1.385949e-02
 2.416279e+00 9.275316e-01 -1.043760e-01
 2.361804e+00 1.327891e+00 -2.526216e-01
 2.134986e+00 1.671976e+00 -3.721988e-01
 1.791355e+00 1.890880e+00 -4.554477e-01
 1.391591e+00 1.955499e+00 -5.113006e-01
 1.001184e+00 1.864561e+00 -5.292877e-01
 6.767264e-01 1.639383e+00 -5.055536e-01
 3.277653e-01 1.116004e+00 -4.023304e-01
 4.836363e-02 5.978367e-01 -2.923089e-01
 -2.392621e-01 2.569035e-01 -4.509180e-01
 -9.459065e-01 -2.018746e-01 -1.126571e+00
 -1.205154e+00 -4.769767e-01 -1.260258e+00
 -1.424579e+00 -8.135147e-01 -1.254366e+00
 -1.572070e+00 -1.158519e+00 -1.107626e+00
 -1.625946e+00 -1.476316e+00 -8.268521e-01
 -1.555779e+00 -1.690502e+00 -5.033019e-01
 -1.391867e+00 -1.776534e+00 -1.692309e-01
 -1.144129e+00 -1.705923e+00 1.970823e-01
 -8.832027e-01 -1.493948e+00 4.512636e-01
 -6.338788e-01 -1.175291e+00 5.683970e-01
 -2.470492e-01 -3.540140e-01 5.035482e-01
 -1.474550e-01 -3.306267e-02 7.383734e-01
 2.961940e-03 2.452000e-01 1.239110e+00
 2.642017e-01 4.761957e-01 1.508540e+00
 5.872881e-01 7.619928e-01 1.609673e+00
 9.242411e-01 1.011778e+00 1.526808e+00
 1.234290e+00 1.188018e+00 1.263261e+00
 1.431361e+00 1.277304e+00 8.588167e-01
 1.482577e+00 1.236183e+00 3.936701e-01
 1.382047e+00 9.976701e-01 -1.295637e-01
 1.423768e+00 9.337560e-01 -3.987152e-01
 1.524874e+00 8.434345e-01 -6.100018e-01
