 2.699189e+00 4.108488e-01 -7.793655e-01
 2.572367e+00 1.832734e-02 -8.242223e-01
 2.320150e+00 -2.993264e-01 -7.941194e-01
 1.968868e+00 -5.037518e-01 -6.898903e-01
 1.560133e+00 -5.465614e-01 -5.109251e-01
 1.194896e+00 -3.948568e-01 -2.485648e-01
 1.073868e+00 -1.988661e-01 8.257612e-02
 1.053698e+00 1.537763e-02 3.367711e-01
 7.680798e-01 9.633789e-01 9.410626e-01
 5.631003e-01 1.232571e+00 1.128789e+00
 2.454162e-01 1.431937e+00 1.290615e+00
 -1.309487e-01 1.528121e+00 1.376144e+00
 -4.719135e-01 1.531621e+00 1.373216e+00
 -6.964876e-01 1.494523e+00 1.325098e+00
 -1.405030e+00 1.280991e+00 1.110945e+00
 -1.719052e+00 1.186890e+00 1.133959e+00
 -1.987268e+00 1.174285e+00 1.075943e+00
 -2.288222e+00 1.163101e+00 8.860298e-01
 -2.507426e+00 1.149772e+00 5.988255e-01
 -2.609236e+00 1.095516e+00 2.558893e-01
 -2.588197e+00 9.999532e-01 -8.976173e-02
 -2.440618e+00 8.647338e-01 -4.104997e-01
 -2.170205e+00 7.357004e-01 -6.580291e-01
 -1.804264e+00 6.381619e-01 -7.907498e-01
 -1.402248e+00 5.879727e-01 -7.736730e-01
 -9.981789e-01 6.356271e-01 -6.076834e-01
 -7.070434e-01 7.257370e-01 -5.603064e-01
 -4.940673e-01 7.926400e-01 -6.039383e-01
 -3.330764e-01 8.715485e-01 -6.662006e-01
 -2.059406e-01 9.622712e-01 -7.456393e-01
 5.748562e-02 1.157859e+00 -1.000527e+00
 4.496430e-01 1.227164e+00 -1.203417e+00
 8.710205e-01 1.168743e+00 -1.278605e+00
 1.245292e+00 1.015398e+00 -1.215193e+00
 1.520361e+00 7.930419e-01 -1.046226e+00
 1.665221e+00 5.676413e-01 -7.883918e-01
 1.704461e+00 4.735544e-01 -5.352660e-01
 1.787267e+00 4.440641e-01 -2.876484e-01
 1.989298e+00 2.779843e-01 -6.707716e-03
 2.086213e+00 -4.566061e-02 2.411123e-01
 2.006940e+00 -4.728298e-01 4.289669e-01
 1.783246e+00 -8.510261e-01 4.814117e-01
 1.474646e+00 -1.100867e+00 4.403978e-01
 7.252546e-01 -1.361673e+00 2.560720e-01
 3.472597e-01 -1.603847e+00 3.311038e-01
 1.258753e-01 -2.122739e+00 3.647780e-01
 1.666465e-01 -2.696494e+00 1.804933e-01
 4.166273e-01 -3.072431e+00 -1.647216e-01
 7.600788e-01 -3.167611e+00 -5.812037e-01
 1.089698e+00 -2.987802e+00 -9.508108e-01
 1.313120e+00 -2.605076e+00 -1.199659e+00
 1.394014e+00 -2.126506e+00 -1.278512e+00
 1.319231e+00 -1.664483e+00 -1.190535e+00
 1.078635e+00 -1.298142e+00 -9.816946e-01
 7.371466e-01 -1.145973e+00 -7.528388e-01
 4.045559e-01 -1.123905e+00 -6.656359e-01
 -1.705763e-02 -1.258169e+00 -5.394652e-01
 -2.865935e-01 -1.276267e+00 -3.995269e-01
 -5.771905e-01 -1.190469e+00 -1.782542e-01
 -8.216130e-01 -9.571028e-01 8.017753e-02
 -9.385391e-01 -5.975259e-01 3.369696e-01
 -9.690669e-01 -2.686883e-01 5.371883e-01
 -9.817590e-01 -1.334611e-01 6.208933e-01
 -1.016596e+00 3.866185e-02 7.681255e-01
 -1.083976e+00 1.612582e-01 9.238096e-01
 -1.143520e+00 2.341000e-01 1.066132e+00
 -1.249175e+00 4.694980e-01 1.793551e+00
 -1.437530e+00 1.042892e+00 2.153512e+00
 -1.634810e+00 1.653551e+00 2.078128e+00
 -1.781499e+00 2.069312e+00 1.697052e+00
 -1.850414e+00 2.220653e+00 1.198448e+00
 -1.838457e+00 2.138765e+00 7.230646e-01
 -1.757763e+00 1.886970e+00 3.569267e-01
 -1.666967e+00 1.520797e+00 1.449766e-01
 -1.586577e+00 1.140372e+00 1.115639e-01
 -1.620973e+00 7.577172e-01 2.145668e-01
 -2.000078e+00 1.595781e-01 3.879802e-01
 -2.000722e+00 -3.623982e-01 8.268262e-01
 -1.605411e+00 -6.931247e-01 1.264474e+00
 -9.948447e-01 -7.136374e-01 1.508979e+00
 -4.421054e-01 -3.995501e-01 1.545297e+00
 -1.346031e-01 1.266153e-01 1.360493e+00
 -1.011419e-01 4.289564e-01 9.830769e-01
 -6.730449e-01 1.648123e+00 -1.410539e-02
 -9.012704e-01 1.776427e+00 -6.582185e-01
 -9.617737e-01 1.447034e+00 -1.316156e+00
 -7.913977e-01 8.544058e-01 -1.626650e+00
 -5.568851e-01 2.460163e-01 -1.492424e+00
 -3.976084e-01 -1.038654e-01 -1.106745e+00
 2.211037e-01 -4.848192e-01 6.197440e-01
 4.785997e-01 -9.209059e-01 1.204407e+00
 7.859201e-01 -1.564747e+00 1.317537e+00
 1.051142e+00 -2.081977e+00 9.877693e-01
 1.179368e+00 -2.306958e+00 3.983732e-01
 1.072171e+00 -2.248347e+00 -1.606163e-01
 8.218648e-01 -2.131967e+00 -4.195612e-01
 5.607369e-01 -2.140785e+00 -6.246087e-01
 3.856253e-01 -2.113077e+00 -1.026037e+00
 2.759001e-01 -1.794109e+00 -1.453455e+00
 2.803305e-01 -1.308751e+00 -1.688181e+00
 3.950564e-01 -7.561500e-01 -1.664739e+00
 6.549262e-01 -7.041673e-02 -1.177713e+00
 6.833310e-01 5.890387e-01 -4.168781e-01
 9.054345e-01 1.074970e+00 -2.191648e-01
 1.419761e+00 1.433602e+00 -2.193554e-01
 1.985127e+00 1.467389e+00 -3.580851e-01
 2.423915e+00 1.226814e+00 -5.306017e-01
 2.661072e+00 8.371214e-01 -6.785335e-01
