 1.115170e+00 -3.744355e+00 -7.647431e-02
 1.479979e+00 -3.603429e+00 3.281453e-01
 1.710838e+00 -3.206340e+00 6.448848e-01
 1.715342e+00 -2.679853e+00 8.129304e-01
 1.489202e+00 -2.170733e+00 7.912834e-01
 1.085400e+00 -1.836300e+00 6.146518e-01
 6.990097e-01 -1.797920e+00 4.424612e-01
 3.008248e-01 -1.915204e+00 3.704177e-01
 -6.460666e-02 -2.028736e+00 5.051741e-01
 -4.004839e-01 -1.994766e+00 7.609932e-01
 -6.636214e-01 -1.784691e+00 1.028300e+00
 -8.092595e-01 -1.435749e+00 1.253480e+00
 -8.274444e-01 -9.919767e-01 1.361798e+00
 -7.261260e-01 -5.539173e-01 1.306188e+00
 -5.334477e-01 -2.038757e-01 1.090665e+00
 -3.234520e-01 -3.637913e-02 7.887274e-01
 -1.999900e-01 2.242158e-03 3.928349e-01
 -3.115495e-01 -1.828640e-01 -5.934931e-01
 -3.428404e-01 -1.250470e-03 -1.116538e+00
 -4.420315e-01 4.185321e-01 -1.470795e+00
 -5.138858e-01 9.566781e-01 -1.547834e+00
 -5.811385e-01 1.457584e+00 -1.322311e+00
 -7.293429e-01 1.743223e+00 -8.886083e-01
 -9.993187e-01 1.748787e+00 -5.531416e-01
 -1.334217e+00 1.791252e+00 -3.995951e-01
 -1.696749e+00 2.062766e+00 -2.930529e-01
 -1.893320e+00 2.519220e+00 -2.079034e-01
 -1.863066e+00 2.962606e+00 -1.381021e-01
 -1.642228e+00 3.345388e+00 -2.545014e-02
 -1.273401e+00 3.584900e+00 9.765393e-02
 -8.186976e-01 3.643401e+00 1.731219e-01
 -3.744109e-01 3.504392e+00 1.852835e-01
 -3.089655e-02 3.191187e+00 1.421010e-01
 4.117359e-01 2.078141e+00 -3.044897e-02
 4.454227e-01 1.670621e+00 2.060912e-02
 3.729345e-01 1.321569e+00 1.824849e-01
 1.855862e-01 1.053419e+00 3.627282e-01
 7.800406e-02 9.394313e-01 6.097636e-01
 -1.571136e-01 9.274353e-01 1.023830e+00
 -5.156512e-01 1.128129e+00 1.339207e+00
 -9.026917e-01 1.505272e+00 1.434154e+00
 -1.148988e+00 1.944439e+00 1.306760e+00
 -1.225515e+00 2.345248e+00 9.842301e-01
 -1.114136e+00 2.598409e+00 5.654629e-01
 -8.744852e-01 2.622500e+00 8.460111e-04
 -8.769093e-01 2.756144e+00 -4.156747e-01
 -1.107670e+00 2.741172e+00 -8.579216e-01
 -1.393131e+00 2.492722e+00 -1.192690e+00
 -1.594244e+00 2.082700e+00 -1.365423e+00
 -1.656107e+00 1.580565e+00 -1.363776e+00
 -1.565296e+00 1.131009e+00 -1.178801e+00
 -1.290261e+00 8.043588e-01 -8.597641e-01
 -8.969129e-01 7.234009e-01 -5.841930e-01
 -4.600899e-01 8.431762e-01 -4.604310e-01
 1.914548e-01 8.952263e-01 -7.154345e-01
 7.931288e-01 9.713969e-01 -7.748836e-01
 1.249594e+00 8.347162e-01 -7.161429e-01
 1.589397e+00 5.266755e-01 -5.733388e-01
 1.743395e+00 1.074896e-01 -3.608886e-01
 1.653464e+00 -3.323740e-01 -1.297758e-01
 1.350411e+00 -6.737570e-01 3.655205e-02
 9.480670e-01 -8.655497e-01 6.007508e-02
 5.967948e-01 -9.413708e-01 -7.411577e-02
 2.594883e-01 -9.904195e-01 -4.115781e-01
 1.391757e-01 -1.118363e+00 -9.137870e-01
 3.093569e-01 -1.437929e+00 -1.403595e+00
 6.480513e-01 -1.870400e+00 -1.615795e+00
 1.029852e+00 -2.310940e+00 -1.488883e+00
 1.322562e+00 -2.619342e+00 -1.053444e+00
 1.356752e+00 -2.735947e+00 -4.652117e-01
 1.150916e+00 -2.688151e+00 -6.873073e-02
 9.107622e-01 -2.740621e+00 1.365175e-01
 7.406705e-01 -2.853219e+00 4.467737e-01
 6.182223e-01 -2.744537e+00 9.418630e-01
 4.914608e-01 -2.317034e+00 1.344118e+00
 3.576936e-01 -1.739391e+00 1.435772e+00
 2.105741e-01 -1.234840e+00 1.188037e+00
 4.168383e-02 -1.018829e+00 7.791349e-01
 -2.796334e-01 -1.013935e+00 4.620555e-01
 -6.062014e-01 -9.594698e-01 3.544279e-01
 -9.156138e-01 -7.792590e-01 3.167796e-01
 -1.148451e+00 -4.532865e-01 3.040962e-01
 -1.246489e+00 -7.125530e-03 3.122370e-01
 -1.081625e+00 8.049577e-01 4.087386e-01
 -8.605258e-01 1.358215e+00 3.830298e-01
 -6.278530e-01 1.667833e+00 4.301009e-01
 -3.840246e-01 1.866401e+00 6.030613e-01
 -1.153241e-01 1.964320e+00 8.547760e-01
 3.505595e-01 1.856058e+00 1.074941e+00
 7.909496e-01 1.497488e+00 1.125824e+00
 1.072583e+00 1.029205e+00 9.276933e-01
 1.089937e+00 5.755043e-01 5.520806e-01
 7.273975e-01 1.473112e-01 -1.054778e-01
 7.036443e-01 -8.980919e-03 -4.571851e-01
 8.176235e-01 -1.656404e-01 -7.322624e-01
 9.855580e-01 -4.396828e-01 -9.128040e-01
 1.141829e+00 -8.253834e-01 -9.663092e-01
 1.196215e+00 -1.277995e+00 -8.601983e-01
 1.058412e+00 -1.640770e+00 -6.727604e-01
 7.908068e-01 -1.858941e+00 -5.587810e-01
 4.754485e-01 -2.114344e+00 -5.998231e-01
 3.126512e-01 -2.621517e+00 -7.109401e-01
 4.162666e-01 -3.171321e+00 -6.730440e-01
 7.182072e-01 -3.585812e+00 -4.422432e-01
