 7.328553e-01 -1.310710e+00 -7.927677e-01
 9.110323e-01 -1.128893e+00 -8.707519e-01
 1.041764e+00 -8.418933e-01 -1.114078e+00
 1.016279e+00 -5.193338e-01 -1.314258e+00
 8.371443e-01 -1.245145e-01 -1.431229e+00
 5.412952e-01 1.921144e-01 -1.419701e+00
 1.755725e-01 3.975503e-01 -1.275829e+00
 -3.925553e-01 4.854465e-01 -8.690998e-01
 -7.594800e-01 5.914293e-01 -7.863040e-01
 -1.147433e+00 6.286328e-01 -8.493386e-01
 -1.471253e+00 6.611924e-01 -1.057327e+00
 -1.698929e+00 7.398389e-01 -1.385376e+00
 -1.775724e+00 8.538306e-01 -1.773042e+00
 -1.693725e+00 9.992015e-01 -2.144549e+00
 -1.465550e+00 1.172105e+00 -2.443080e+00
 -1.123792e+00 1.342577e+00 -2.614307e+00
 -7.204940e-01 1.477379e+00 -2.625551e+00
 -3.241139e-01 1.556944e+00 -2.465324e+00
 -1.994175e-02 1.585297e+00 -2.151080e+00
 1.333846e-01 1.548268e+00 -1.747683e+00
 1.010565e-01 1.487006e+00 -1.312287e+00
 -9.467740e-02 1.451162e+00 -9.896849e-01
 -3.405582e-01 1.509067e+00 -7.513362e-01
 -8.421991e-01 1.869227e+00 -3.810315e-01
 -1.095500e+00 1.952156e+00 -5.085574e-02
 -1.267682e+00 1.887786e+00 3.311604e-01
 -1.330223e+00 1.687060e+00 6.986856e-01
 -1.273777e+00 1.384915e+00 9.877371e-01
 -1.088908e+00 1.022617e+00 1.165582e+00
 -8.349084e-01 6.720502e-01 1.170450e+00
 -5.871815e-01 4.000042e-01 1.009373e+00
 -2.853230e-01 2.457717e-01 7.072802e-01
 -9.403645e-02 2.495834e-01 4.011622e-01
 1.044749e-01 3.896603e-01 1.857035e-01
 2.931832e-01 6.386425e-01 1.631641e-03
 4.134635e-01 9.143644e-01 -9.464777e-02
 5.230901e-01 1.648035e+00 -1.942072e-01
 4.737613e-01 1.985922e+00 -3.224921e-01
 3.381378e-01 2.257578e+00 -5.236706e-01
 1.349347e-01 2.428068e+00 -7.699722e-01
 -1.090748e-01 2.477855e+00 -1.029035e+00
 -3.716429e-01 2.401721e+00 -1.273411e+00
 -6.055554e-01 2.228695e+00 -1.439758e+00
 -8.040885e-01 1.944029e+00 -1.558747e+00
 -8.972029e-01 1.610722e+00 -1.611932e+00
 -8.758359e-01 1.325522e+00 -1.618917e+00
 -7.973772e-01 1.133430e+00 -1.661155e+00
 -7.367802e-01 8.895359e-01 -1.769732e+00
 -8.008411e-01 4.705476e-01 -1.828494e+00
 -8.891295e-01 3.800431e-02 -1.667881e+00
 -9.394405e-01 -2.796045e-01 -1.330626e+00
 -9.537348e-01 -4.107893e-01 -9.051574e-01
 -7.666809e-01 -3.878924e-01 -2.579394e-01
 -7.519955e-01 -4.107054e-01 2.937442e-02
 -8.007840e-01 -4.763740e-01 2.291793e-01
 -8.161067e-01 -5.117502e-01 3.059206e-01
 -1.001320e+00 -9.690060e-01 1.048224e+00
 -9.167098e-01 -1.143448e+00 1.435200e+00
 -6.612564e-01 -1.243884e+00 1.794063e+00
 -3.249922e-01 -1.254168e+00 2.019233e+00
 6.280081e-02 -1.196173e+00 2.098224e+00
 4.340757e-01 -1.034578e+00 2.040434e+00
 6.530606e-01 -8.119847e-01 1.938223e+00
 7.421459e-01 -6.040331e-01 1.893068e+00
 8.473107e-01 -4.069342e-01 1.905722e+00
 1.064326e+00 -2.070553e-01 1.889043e+00
 1.358259e+00 -2.871379e-02 1.748776e+00
 1.576043e+00 8.015693e-02 1.521584e+00
 1.709876e+00 1.586861e-01 1.204337e+00
 1.729550e+00 1.905128e-01 8.120803e-01
 1.635230e+00 1.723114e-01 4.740955e-01
 1.444455e+00 9.917151e-02 1.869684e-01
 7.241413e-01 -2.158073e-01 -3.564489e-01
 3.880802e-01 -3.025827e-01 -5.235081e-01
 1.413480e-01 -4.722802e-01 -7.216317e-01
 1.427552e-02 -6.361455e-01 -1.069024e+00
 5.029461e-02 -8.797537e-01 -1.422916e+00
 2.488355e-01 -1.176868e+00 -1.686673e+00
 5.606249e-01 -1.478862e+00 -1.790027e+00
 9.145737e-01 -1.732021e+00 -1.713808e+00
 1.233188e+00 -1.905500e+00 -1.470331e+00
 1.458654e+00 -1.971614e+00 -1.107245e+00
 1.554967e+00 -1.919482e+00 -6.909506e-01
 1.505552e+00 -1.760720e+00 -2.915715e-01
 1.315864e+00 -1.532558e+00 1.677602e-02
 1.003664e+00 -1.301467e+00 1.942235e-01
 6.490264e-01 -1.125785e+00 2.038463e-01
 3.625987e-01 -1.069924e+00 1.228689e-01
 6.189355e-02 -1.117955e+00 4.406966e-02
 -4.584488e-01 -1.381652e+00 -1.148149e-01
 -8.571638e-01 -1.413157e+00 -1.784991e-01
 -1.243540e+00 -1.293640e+00 -1.932123e-01
 -1.552526e+00 -1.044237e+00 -1.596449e-01
 -1.734817e+00 -7.027344e-01 -1.099963e-01
 -1.772966e+00 -3.165766e-01 -4.431155e-02
 -1.660289e+00 5.757532e-02 3.940207e-02
 -1.167273e+00 6.637910e-01 1.666431e-01
 -7.753379e-01 9.846565e-01 1.692801e-01
 -5.558734e-01 1.148365e+00 2.906187e-01
 -4.091749e-01 1.243841e+00 4.320254e-01
 -1.733525e-01 1.279381e+00 6.568132e-01
 9.448163e-02 1.190359e+00 8.449795e-01
 3.727121e-01 9.734284e-01 9.874695e-01
 5.758643e-01 7.033745e-01 1.040109e+00
 6.940493e-01 3.775682e-01 1.038031e+00
 7.441737e-01 -1.053334e-01 9.220524e-01
 9.157884e-01 -4.362979e-01 8.897364e-01
 1.208602e+00 -7.161889e-01 9.868340e-01
 1.471607e+00 -9.289167e-01 1.254371e+00
 1.635704e+00 -1.030678e+00 1.635373e+00
 1.658734e+00 -1.029183e+00 2.067216e+00
 1.526700e+00 -9.376664e-01 2.467607e+00
 1.263758e+00 -7.850378e-01 2.763446e+00
 9.107580e-01 -6.071159e-01 2.910007e+00
 5.314790e-01 -4.240805e-01 2.883420e+00
 1.888084e-01 -2.702441e-01 2.688821e+00
 -6.716360e-02 -1.879378e-01 2.358390e+00
 -1.912817e-01 -2.004739e-01 1.968786e+00
 -1.939459e-01 -3.335542e-01 1.582214e+00
 -7.705304e-02 -5.603359e-01 1.273315e+00
 3.057203e-02 -8.525097e-01 1.115346e+00
 9.016313e-02 -1.432042e+00 1.042480e+00
 1.566852e-01 -1.788757e+00 8.307694e-01
 2.452515e-01 -2.026263e+00 4.990499e-01
 3.509526e-01 -2.107394e+00 9.814220e-02
 4.294238e-01 -2.029727e+00 -2.617743e-01
 5.161647e-01 -1.801936e+00 -5.844232e-01
 6.101407e-01 -1.510293e+00 -7.525913e-01
