 -2.462953e+00 1.956355e+00 2.665993e-01
 -2.304537e+00 1.685078e+00 2.196342e-02
 -2.038703e+00 1.437958e+00 -1.160108e-01
 -1.705088e+00 1.262333e+00 -1.422844e-01
 -1.400139e+00 1.209343e+00 -9.088587e-02
 -1.126045e+00 1.268488e+00 -5.635362e-02
 -8.868650e-01 1.332903e+00 -1.026115e-01
 -5.345657e-01 1.315252e+00 -2.815559e-01
 -2.677343e-01 1.191613e+00 -5.108445e-01
 1.793614e-01 6.280096e-01 -1.127978e+00
 3.707609e-01 2.781657e-01 -1.307169e+00
 6.153777e-01 -3.784001e-01 -1.414203e+00
 7.378305e-01 -5.494952e-01 -1.481586e+00
 8.466966e-01 -6.855812e-01 -1.562888e+00
 9.572036e-01 -7.876768e-01 -1.679928e+00
 1.138857e+00 -8.657710e-01 -1.843531e+00
 1.346767e+00 -8.780034e-01 -2.006272e+00
 1.579546e+00 -8.207942e-01 -2.153791e+00
 1.822431e+00 -6.880658e-01 -2.263513e+00
 2.072319e+00 -4.850908e-01 -2.303969e+00
 2.295484e+00 -2.168885e-01 -2.251529e+00
 2.447321e+00 1.029433e-01 -2.088617e+00
 2.479013e+00 4.270301e-01 -1.803290e+00
 2.353664e+00 6.706375e-01 -1.418248e+00
 2.070175e+00 7.446969e-01 -1.009974e+00
 1.691556e+00 5.953863e-01 -6.855570e-01
 1.333275e+00 2.193267e-01 -5.238595e-01
 1.152782e+00 -2.236007e-01 -5.711251e-01
 1.224594e+00 -6.049664e-01 -6.073070e-01
 1.394427e+00 -1.070324e+00 -7.694177e-01
 1.312652e+00 -1.613231e+00 -8.314010e-01
 1.029973e+00 -2.047344e+00 -7.089499e-01
 6.199493e-01 -2.267170e+00 -4.466959e-01
 1.832330e-01 -2.218748e+00 -8.146156e-02
 -1.099954e-01 -1.924635e+00 2.410555e-01
 -2.108353e-01 -1.395074e+00 5.448683e-01
 -2.181429e-01 -1.151254e+00 8.294304e-01
 -2.669460e-01 -1.039212e+00 1.199808e+00
 -1.350212e-01 -1.079937e+00 1.703278e+00
 1.884074e-01 -1.282697e+00 2.076345e+00
 6.250183e-01 -1.504310e+00 2.211493e+00
 1.087585e+00 -1.675614e+00 2.101640e+00
 1.443630e+00 -1.792850e+00 1.780523e+00
 1.620947e+00 -1.832715e+00 1.336706e+00
 1.597951e+00 -1.789561e+00 8.720594e-01
 1.393474e+00 -1.674071e+00 4.788749e-01
 6.321652e-01 -1.279837e+00 -9.131446e-02
 5.081388e-01 -1.244345e+00 -2.388232e-01
 1.823196e-02 -1.284486e+00 -1.423686e+00
 -6.658195e-02 -1.080831e+00 -1.860585e+00
 5.727866e-02 -7.481713e-01 -2.236645e+00
 3.652344e-01 -3.779510e-01 -2.432681e+00
 7.812539e-01 -5.568234e-02 -2.392163e+00
 1.188406e+00 1.383674e-01 -2.116486e+00
 1.478197e+00 1.192794e-01 -1.717712e+00
 1.629853e+00 -6.140202e-02 -1.482502e+00
 1.775074e+00 -1.946925e-01 -1.375717e+00
 1.958815e+00 -2.623566e-01 -1.225216e+00
 2.121627e+00 -3.033780e-01 -9.869790e-01
 2.199613e+00 -3.291207e-01 -6.967124e-01
 2.178518e+00 -3.453520e-01 -3.561556e-01
 2.039683e+00 -3.704176e-01 -3.307484e-02
 1.790008e+00 -3.995110e-01 2.309364e-01
 1.451510e+00 -4.329189e-01 3.943145e-01
 9.261137e-01 -4.559507e-01 4.353751e-01
 6.526796e-01 -4.619664e-01 5.067866e-01
 4.399172e-01 -4.044862e-01 6.249773e-01
 2.184121e-01 -2.363736e-01 7.818623e-01
 4.799958e-02 -1.188403e-01 9.462096e-01
 -1.117191e-01 -4.969920e-02 1.090549e+00
 -2.447653e-01 -7.412057e-03 1.192245e+00
 -8.854944e-01 2.132164e-01 1.640833e+00
 -1.155627e+00 3.678405e-01 1.746659e+00
 -1.412502e+00 5.694322e-01 1.766257e+00
 -1.626301e+00 8.087572e-01 1.699111e+00
 -1.778239e+00 1.053763e+00 1.545836e+00
 -1.853385e+00 1.269356e+00 1.328445e+00
 -1.839305e+00 1.439420e+00 1.092990e+00
 -1.747367e+00 1.560402e+00 9.033465e-01
 -1.630243e+00 1.676377e+00 7.862468e-01
 -1.542868e+00 1.808363e+00 7.059670e-01
 -1.487257e+00 1.970593e+00 5.805942e-01
 -1.451953e+00 2.119917e+00 3.830987e-01
 -1.423642e+00 2.215178e+00 1.372953e-01
 -1.397693e+00 2.240451e+00 -1.342875e-01
 -1.369116e+00 2.184969e+00 -4.186681e-01
 -1.331912e+00 2.038075e+00 -6.928677e-01
 -1.282723e+00 1.797081e+00 -9.207591e-01
 -1.221536e+00 1.479552e+00 -1.060262e+00
 -1.159069e+00 1.122033e+00 -1.079293e+00
 -1.093580e+00 7.867246e-01 -9.676254e-01
 -1.021029e+00 5.328496e-01 -7.577820e-01
 -9.010289e-01 3.800768e-01 -4.896079e-01
 -8.180024e-01 3.142658e-01 -2.068122e-01
 -7.788020e-01 2.181088e-01 -1.928064e-02
 -7.450073e-01 1.196491e-01 8.943547e-02
 -7.328445e-01 -1.506080e-02 2.087221e-01
 -7.604471e-01 -1.756523e-01 3.365420e-01
 -8.448912e-01 -3.800562e-01 4.618737e-01
 -1.148539e+00 -7.898778e-01 6.320801e-01
 -1.238441e+00 -1.131179e+00 7.762647e-01
 -1.184100e+00 -1.484448e+00 9.438650e-01
 -9.854380e-01 -1.786275e+00 1.114458e+00
 -6.724029e-01 -1.989352e+00 1.249452e+00
 -2.929082e-01 -2.064727e+00 1.325874e+00
 4.765034e-02 -2.032029e+00 1.316416e+00
 3.874466e-01 -1.872321e+00 1.245144e+00
 6.135430e-01 -1.614019e+00 1.176301e+00
 7.353929e-01 -1.313558e+00 1.186053e+00
 1.001542e+00 -6.966938e-01 1.464544e+00
 1.062125e+00 -1.055372e-01 1.414586e+00
 1.020972e+00 3.713463e-01 1.063825e+00
 8.341427e-01 5.811187e-01 5.450748e-01
 5.126730e-01 4.511075e-01 8.699017e-03
 -8.970358e-02 -3.513869e-01 -5.886263e-01
 -8.809177e-01 -7.374216e-01 -6.523686e-01
 -1.743104e+00 -3.458624e-01 -1.898653e-01
 -1.732152e+00 3.403016e-01 5.376557e-01
 -9.530814e-01 8.997934e-01 8.967454e-01
 -8.026875e-01 1.256269e+00 1.246142e+00
 -9.281882e-01 1.684434e+00 1.548593e+00
 -1.264107e+00 2.084149e+00 1.665497e+00
 -1.683967e+00 2.345404e+00 1.575236e+00
 -2.072550e+00 2.446320e+00 1.314930e+00
 -2.348468e+00 2.392444e+00 9.626684e-01
 -2.483223e+00 2.211416e+00 5.961057e-01
