 -9.380501e-01 -4.752645e-01 8.846102e-01
 -7.772237e-01 -4.963362e-01 1.163233e+00
 -5.257835e-01 -4.171547e-01 1.399451e+00
 -2.028983e-01 -3.613789e-01 1.532433e+00
 1.125945e-01 -3.939484e-01 1.574887e+00
 3.325804e-01 -4.946467e-01 1.567445e+00
 5.844120e-01 -6.758334e-01 1.603791e+00
 9.215480e-01 -8.548777e-01 1.852615e+00
 1.232490e+00 -8.360526e-01 2.183833e+00
 1.461728e+00 -6.445096e-01 2.491986e+00
 1.603490e+00 -3.206778e-01 2.721472e+00
 1.640313e+00 8.540174e-02 2.840697e+00
 1.553938e+00 5.212451e-01 2.826763e+00
 1.347347e+00 9.094437e-01 2.653116e+00
 1.062477e+00 1.149036e+00 2.313907e+00
 7.581022e-01 1.144687e+00 1.880868e+00
 5.587071e-01 8.701788e-01 1.432020e+00
 5.627609e-01 4.916954e-01 1.172252e+00
 8.123145e-01 1.380921e-01 9.569380e-01
 1.208789e+00 -2.600327e-01 9.074568e-01
 1.487166e+00 -5.302694e-01 6.864625e-01
 1.679428e+00 -7.016975e-01 3.335017e-01
 1.766591e+00 -7.417946e-01 -9.135221e-02
 1.706377e+00 -6.514302e-01 -5.438428e-01
 1.471175e+00 -3.933342e-01 -9.389273e-01
 1.167733e+00 -4.415737e-02 -1.080282e+00
 1.053167e+00 2.583157e-01 -1.054495e+00
 9.854715e-01 4.749343e-01 -1.092848e+00
 7.767823e-01 7.419678e-01 -1.203662e+00
 4.799403e-01 9.216819e-01 -1.285464e+00
 1.688181e-01 9.949654e-01 -1.294567e+00
 -5.263816e-01 1.004344e+00 -1.295919e+00
 -8.996781e-01 1.081300e+00 -1.431676e+00
 -1.214855e+00 1.082427e+00 -1.762829e+00
 -1.444413e+00 8.449941e-01 -2.116706e+00
 -1.564542e+00 4.297901e-01 -2.343652e+00
 -1.551065e+00 -1.094680e-01 -2.389042e+00
 -1.380572e+00 -5.435279e-01 -2.266062e+00
 -1.129114e+00 -8.172623e-01 -2.026014e+00
 -8.870581e-01 -9.121429e-01 -1.764443e+00
 -4.591580e-01 -8.776177e-01 -1.200443e+00
 -3.204895e-01 -8.707125e-01 -7.737337e-01
 -3.285731e-01 -9.009357e-01 -4.887833e-01
 -4.265790e-01 -1.000160e+00 -2.334281e-01
 -6.865830e-01 -1.165306e+00 4.406658e-02
 -1.228337e+00 -1.327145e+00 3.680375e-01
 -1.541099e+00 -1.272839e+00 6.208638e-01
 -1.761228e+00 -1.094312e+00 8.831015e-01
 -1.870836e+00 -8.330823e-01 1.120645e+00
 -1.867148e+00 -5.223047e-01 1.313514e+00
 -1.751989e+00 -1.869658e-01 1.435881e+00
 -1.546496e+00 1.442718e-01 1.443085e+00
 -1.213573e+00 4.295412e-01 1.325849e+00
 -7.875035e-01 5.456700e-01 1.088423e+00
 -3.795654e-01 4.074213e-01 7.667959e-01
 -8.693600e-02 -8.255770e-03 5.148488e-01
 7.401100e-02 -5.868354e-01 5.522927e-01
 1.071148e-02 -1.075209e+00 7.802216e-01
 -1.246755e-01 -1.356094e+00 1.205813e+00
 -1.852682e-01 -1.381221e+00 1.740475e+00
 -1.002103e-01 -1.184184e+00 2.213475e+00
 8.983279e-02 -8.312400e-01 2.517028e+00
 3.361155e-01 -4.028238e-01 2.596362e+00
 6.348476e-01 -1.963235e-02 2.436953e+00
 8.646791e-01 1.409419e-01 2.156185e+00
 1.077560e+00 1.573210e-01 1.982393e+00
 1.332717e+00 2.560422e-01 1.847058e+00
 1.552764e+00 5.229328e-01 1.589544e+00
 1.576035e+00 8.217788e-01 1.188798e+00
 1.383612e+00 1.017347e+00 7.788739e-01
 1.081850e+00 1.057051e+00 4.896513e-01
 5.382665e-01 8.842684e-01 9.466291e-02
 2.863256e-01 6.801758e-01 -1.615437e-01
 4.143528e-02 1.042168e-01 -7.707253e-01
 1.120122e-01 -5.567885e-02 -1.293715e+00
 3.059163e-01 -5.166331e-02 -1.689195e+00
 6.436383e-01 6.530261e-02 -1.982717e+00
 1.065066e+00 2.174759e-01 -2.086218e+00
 1.472876e+00 3.568607e-01 -1.991318e+00
 1.795258e+00 4.614831e-01 -1.737942e+00
 1.991666e+00 5.155888e-01 -1.382478e+00
 2.042379e+00 5.176081e-01 -9.810017e-01
 1.938892e+00 4.698741e-01 -5.849102e-01
 1.688958e+00 3.809180e-01 -2.636168e-01
 1.340987e+00 2.035509e-01 -6.846778e-02
 1.033492e+00 -1.238878e-03 -6.765610e-02
 8.041887e-01 -3.271413e-01 -1.141216e-01
 6.014343e-01 -1.283641e+00 -3.869350e-01
 4.411453e-01 -1.568563e+00 -4.911426e-01
 1.127387e-01 -1.819668e+00 -6.219417e-01
 -3.675169e-01 -1.912976e+00 -7.374333e-01
 -9.277996e-01 -1.732663e+00 -8.044881e-01
 -1.272116e+00 -1.372107e+00 -7.816387e-01
 -1.373901e+00 -9.068766e-01 -6.952926e-01
 -1.243926e+00 -4.545394e-01 -5.406002e-01
 -1.032894e+00 -1.690560e-01 -4.719832e-01
 -9.531252e-01 1.385112e-01 -4.350929e-01
 -9.433438e-01 1.140901e+00 -3.751565e-01
 -8.956031e-01 1.487100e+00 -4.662797e-01
 -8.018552e-01 1.792691e+00 -6.791343e-01
 -6.781907e-01 1.991116e+00 -9.932191e-01
 -5.534151e-01 2.047293e+00 -1.343879e+00
 -4.454636e-01 1.970372e+00 -1.683658e+00
 -3.652962e-01 1.770771e+00 -1.984289e+00
 -3.257878e-01 1.456910e+00 -2.211710e+00
 -3.347109e-01 1.047127e+00 -2.315635e+00
 -4.056539e-01 6.272000e-01 -2.248072e+00
 -5.894190e-01 2.639569e-01 -2.028506e+00
 -7.719148e-01 1.081211e-01 -1.736258e+00
 -1.024753e+00 7.123708e-02 -1.496452e+00
 -1.478024e+00 1.595997e-01 -1.331444e+00
 -1.716555e+00 2.633357e-01 -1.118766e+00
 -1.907139e+00 3.005633e-01 -7.745796e-01
 -1.971384e+00 2.633553e-01 -3.957520e-01
 -1.897709e+00 1.641172e-01 -1.668271e-02
 -1.675472e+00 -1.186618e-03 3.130862e-01
 -1.106800e+00 -3.367466e-01 6.321011e-01
