 -1.832984e+00 -1.421590e+00 -2.454472e-01
 -1.995116e+00 -1.133984e+00 -1.643511e-02
 -2.016450e+00 -8.672658e-01 2.781606e-01
 -1.897512e+00 -6.601817e-01 5.910584e-01
 -1.661598e+00 -5.408331e-01 8.718462e-01
 -1.336740e+00 -4.978243e-01 1.066211e+00
 -9.402098e-01 -5.097280e-01 1.123586e+00
 -3.940127e-01 -6.694881e-01 1.027795e+00
 -2.011877e-01 -6.905301e-01 1.020755e+00
 1.541515e-02 -7.106450e-01 1.063512e+00
 6.649527e-01 -9.099249e-01 1.321476e+00
 1.059110e+00 -8.959097e-01 1.380535e+00
 1.434626e+00 -7.681227e-01 1.338668e+00
 1.728034e+00 -5.393459e-01 1.222420e+00
 1.901451e+00 -2.366891e-01 1.063272e+00
 1.934725e+00 7.324007e-02 8.606449e-01
 1.829767e+00 3.497459e-01 6.255076e-01
 1.590161e+00 5.584250e-01 3.702681e-01
 1.303863e+00 6.419910e-01 1.787132e-01
 7.089470e-01 5.691521e-01 -1.300666e-01
 4.877308e-01 5.785410e-01 -3.740335e-01
 4.172696e-01 6.363247e-01 -6.444161e-01
 4.383049e-01 7.863502e-01 -1.112676e+00
 3.275833e-01 8.778846e-01 -1.421724e+00
 1.169542e-01 9.888424e-01 -1.673208e+00
 -1.661696e-01 1.114971e+00 -1.831686e+00
 -5.111395e-01 1.270099e+00 -1.879197e+00
 -8.288332e-01 1.387157e+00 -1.794801e+00
 -1.134586e+00 1.470080e+00 -1.570609e+00
 -1.333019e+00 1.516359e+00 -1.272562e+00
 -1.426722e+00 1.508835e+00 -9.166924e-01
 -1.397102e+00 1.447397e+00 -5.502027e-01
 -1.247006e+00 1.342557e+00 -2.308530e-01
 -8.438361e-01 1.194522e+00 1.417623e-01
 -6.986888e-01 1.175322e+00 4.573694e-01
 -5.928883e-01 1.334740e+00 9.699663e-01
 -3.517111e-01 1.371938e+00 1.340004e+00
 -4.440155e-02 1.278093e+00 1.614550e+00
 3.007641e-01 1.097749e+00 1.748104e+00
 6.198089e-01 8.420410e-01 1.721977e+00
 8.629156e-01 4.965830e-01 1.533851e+00
 9.536029e-01 1.951321e-01 1.245560e+00
 9.050217e-01 -7.459034e-02 7.852095e-01
 9.814718e-01 -2.517013e-01 5.769322e-01
 1.599644e+00 -6.952165e-01 -1.099382e-01
 1.724562e+00 -8.016970e-01 -3.904406e-01
 1.764906e+00 -8.641562e-01 -7.039502e-01
 1.720010e+00 -8.718443e-01 -1.019696e+00
 1.593659e+00 -8.244065e-01 -1.308690e+00
 1.405973e+00 -7.184776e-01 -1.542307e+00
 1.173561e+00 -5.758321e-01 -1.693298e+00
 8.997422e-01 -4.228506e-01 -1.751275e+00
 6.046476e-01 -2.842821e-01 -1.708851e+00
 3.456282e-01 -1.833963e-01 -1.579824e+00
 1.191985e-01 -1.298478e-01 -1.372246e+00
 -2.422288e-02 -1.414319e-01 -1.148903e+00
 -1.218177e-01 -2.004209e-01 -9.898439e-01
 -2.920418e-01 -3.215339e-01 -8.393796e-01
 -4.578406e-01 -4.549707e-01 -7.474562e-01
 -5.503677e-01 -5.552253e-01 -6.688047e-01
 -6.636370e-01 -6.844330e-01 -5.244761e-01
 -7.445054e-01 -7.766178e-01 -3.820967e-01
 -9.949149e-01 -1.069016e+00 2.467952e-01
 -1.068700e+00 -1.222586e+00 4.032388e-01
 -1.137936e+00 -1.353576e+00 5.075993e-01
 -1.193018e+00 -1.618808e+00 6.185558e-01
 -1.163324e+00 -1.929806e+00 6.897952e-01
 -1.033821e+00 -2.239906e+00 7.155726e-01
 -8.053852e-01 -2.493000e+00 7.225191e-01
 -5.068332e-01 -2.656921e+00 7.110908e-01
 -1.694318e-01 -2.716099e+00 6.663253e-01
 1.655442e-01 -2.661191e+00 5.898155e-01
 4.580648e-01 -2.496355e+00 4.906887e-01
 6.724586e-01 -2.239006e+00 3.809341e-01
 7.811075e-01 -1.918689e+00 2.744247e-01
 7.689462e-01 -1.573874e+00 1.850844e-01
 6.363300e-01 -1.247888e+00 1.250971e-01
 3.280721e-01 -8.935240e-01 1.089282e-01
 1.550321e-01 -5.527763e-01 6.987447e-02
 1.989263e-02 -2.966761e-01 1.237868e-01
 -1.263696e-01 -1.738868e-01 1.617439e-01
 -1.307110e+00 3.384230e-01 4.879636e-01
 -1.565827e+00 6.369739e-01 6.460780e-01
 -1.685105e+00 1.062316e+00 7.491438e-01
 -1.628236e+00 1.548474e+00 7.509462e-01
 -1.419100e+00 1.922705e+00 6.483551e-01
 -1.079589e+00 2.154177e+00 4.765371e-01
 -6.461111e-01 2.200636e+00 2.911070e-01
 -2.556128e-01 2.057207e+00 1.494262e-01
 1.261380e-02 1.776515e+00 3.065924e-02
 1.717705e-01 1.650113e+00 -6.216388e-02
 3.460136e-01 1.582833e+00 -1.664850e-01
 7.437521e-01 1.570075e+00 -3.728389e-01
 1.078891e+00 1.426327e+00 -5.755516e-01
 1.281594e+00 1.230814e+00 -7.217977e-01
 1.402832e+00 9.824875e-01 -8.249386e-01
 1.439275e+00 6.957244e-01 -8.854324e-01
 1.386465e+00 3.834234e-01 -8.932789e-01
 1.209601e+00 1.810054e-02 -8.350301e-01
 8.957211e-01 -3.130543e-01 -7.342212e-01
 7.862930e-01 -5.859738e-01 -7.421293e-01
 6.426939e-01 -8.708646e-01 -8.653226e-01
 3.667623e-01 -1.094970e+00 -1.099525e+00
 1.828547e-02 -1.153863e+00 -1.351248e+00
 -3.148635e-01 -1.036603e+00 -1.576722e+00
 -5.962451e-01 -7.856294e-01 -1.707895e+00
 -8.253799e-01 -4.395907e-01 -1.708466e+00
 -9.431868e-01 -6.053412e-02 -1.592119e+00
 -9.248395e-01 2.905640e-01 -1.387684e+00
 -5.854589e-01 8.904924e-01 -9.069680e-01
 -4.257428e-01 1.266797e+00 -8.444736e-01
 -2.855125e-01 1.752210e+00 -9.640914e-01
 -1.091190e-01 2.067334e+00 -9.481497e-01
 1.110255e-01 2.329567e+00 -8.232068e-01
 3.448368e-01 2.522429e+00 -5.855523e-01
 5.382368e-01 2.592593e+00 -2.918094e-01
 6.915131e-01 2.536797e+00 3.050502e-02
 7.936025e-01 2.356580e+00 3.401806e-01
 8.273102e-01 2.073531e+00 5.939552e-01
 7.784836e-01 1.748271e+00 7.501216e-01
 6.596118e-01 1.409686e+00 7.976284e-01
 4.254014e-01 1.038489e+00 7.317944e-01
 2.372488e-01 7.570782e-01 7.568060e-01
 1.070316e-01 6.015260e-01 8.291943e-01
 -4.595335e-02 4.234313e-01 1.051289e+00
 -1.206526e-01 3.129660e-01 1.246525e+00
 -1.703795e-01 1.022663e-01 1.675257e+00
 -2.250830e-01 -2.513222e-01 1.954495e+00
 -2.826607e-01 -6.936069e-01 2.050271e+00
 -3.201694e-01 -1.136776e+00 1.942349e+00
 -3.151954e-01 -1.490483e+00 1.657120e+00
 -2.548614e-01 -1.690123e+00 1.257080e+00
 -1.692021e-01 -1.697373e+00 7.250630e-01
 -1.881709e-01 -1.705758e+00 5.125047e-01
 -2.438520e-01 -1.785123e+00 2.325392e-01
 -4.494402e-01 -1.895911e+00 -5.273320e-02
 -7.925591e-01 -1.937908e+00 -2.751144e-01
 -1.184984e+00 -1.867682e+00 -3.821866e-01
 -1.550043e+00 -1.682277e+00 -3.732621e-01
