 -1.053097e+00 7.440388e-01 2.517360e-01
 -1.056671e+00 5.305883e-01 4.208956e-01
 -1.219398e+00 2.839457e-01 7.726055e-01
 -1.235578e+00 4.063833e-02 1.034891e+00
 -1.131977e+00 -2.714237e-01 1.278906e+00
 -9.543430e-01 -5.378500e-01 1.398299e+00
 -7.183174e-01 -7.571557e-01 1.417910e+00
 -4.268085e-01 -9.209075e-01 1.344269e+00
 -7.112722e-02 -1.014123e+00 1.158080e+00
 2.154624e-01 -9.912411e-01 9.157265e-01
 4.154171e-01 -8.720069e-01 6.452822e-01
 5.516025e-01 -6.171597e-01 1.461116e-01
 6.779591e-01 -6.258469e-01 -1.766293e-01
 7.400493e-01 -7.569758e-01 -5.106448e-01
 6.700480e-01 -9.647486e-01 -8.338891e-01
 5.041111e-01 -1.187761e+00 -1.055815e+00
 2.279710e-01 -1.375742e+00 -1.201349e+00
 -1.430748e-01 -1.492228e+00 -1.261815e+00
 -5.119166e-01 -1.528691e+00 -1.204104e+00
 -8.419575e-01 -1.489962e+00 -1.038024e+00
 -1.124238e+00 -1.345944e+00 -7.795669e-01
 -1.311080e+00 -1.256243e+00 -6.835625e-01
 -1.604160e+00 -1.188591e+00 -6.152403e-01
 -1.908679e+00 -1.039003e+00 -6.703217e-01
 -2.162569e+00 -7.429519e-01 -8.104169e-01
 -2.268451e+00 -3.751913e-01 -9.634053e-01
 -2.206067e+00 1.764795e-02 -1.094605e+00
 -2.010892e+00 3.494237e-01 -1.144806e+00
 -1.687319e+00 6.256583e-01 -1.092932e+00
 -1.305270e+00 7.511250e-01 -9.758086e-01
 -9.214853e-01 7.130158e-01 -8.187017e-01
 -5.280590e-01 4.810582e-01 -5.885073e-01
 -2.822766e-01 4.149705e-01 -5.122827e-01
 -1.595841e-02 3.970381e-01 -5.202733e-01
 3.494168e-01 3.921790e-01 -6.807446e-01
 1.159497e+00 7.065335e-01 -9.382964e-01
 1.505022e+00 7.664139e-01 -9.413142e-01
 1.850742e+00 7.371935e-01 -8.628782e-01
 2.151265e+00 6.243906e-01 -7.059697e-01
 2.379976e+00 4.272320e-01 -4.788848e-01
 2.484055e+00 1.986315e-01 -2.368051e-01
 2.463924e+00 -3.569402e-02 2.122796e-02
 2.329595e+00 -2.400954e-01 2.428356e-01
 2.072476e+00 -4.459886e-01 4.122524e-01
 1.846537e+00 -5.832913e-01 4.502178e-01
 1.591630e+00 -7.785637e-01 3.835352e-01
 1.377003e+00 -1.207176e+00 2.847277e-01
 1.231007e+00 -1.394253e+00 1.934417e-01
 1.028605e+00 -1.541196e+00 1.013784e-01
 7.877668e-01 -1.629058e+00 1.604330e-02
 5.301739e-01 -1.644981e+00 -5.609330e-02
 2.693734e-01 -1.584779e+00 -1.238521e-01
 4.285472e-02 -1.447427e+00 -1.818546e-01
 -1.512111e-01 -1.226546e+00 -2.634340e-01
 -2.299977e-01 -1.051943e+00 -3.453327e-01
 -3.019660e-01 -7.597611e-01 -5.227553e-01
 -2.429814e-01 -3.679773e-01 -1.156581e+00
 -2.413341e-01 -1.691730e-01 -1.341507e+00
 -2.285928e-01 1.171195e-01 -1.488046e+00
 -1.919738e-01 4.031059e-01 -1.546399e+00
 -1.395261e-01 6.787034e-01 -1.523197e+00
 -9.612778e-02 9.295052e-01 -1.419543e+00
 -6.397330e-02 1.140210e+00 -1.241265e+00
 -5.533371e-02 1.301952e+00 -9.906930e-01
 -9.360337e-02 1.403982e+00 -6.692071e-01
 -1.500299e-01 1.408980e+00 -3.266526e-01
 -1.666485e-01 1.455534e+00 -1.104404e-01
 -1.647574e-01 1.564638e+00 9.604934e-02
 -1.577800e-01 1.891040e+00 4.232112e-01
 -1.484613e-01 2.041949e+00 7.636429e-01
 -1.410299e-01 2.061424e+00 1.135694e+00
 -1.459534e-01 1.942859e+00 1.512175e+00
 -1.652787e-01 1.714880e+00 1.791336e+00
 -1.864108e-01 1.399764e+00 1.965382e+00
 -1.932189e-01 1.029591e+00 2.017285e+00
 -1.877844e-01 6.588404e-01 1.936029e+00
 -1.785461e-01 3.522667e-01 1.735521e+00
 -1.660834e-01 1.389284e-01 1.443253e+00
 -1.739417e-01 3.931600e-02 1.091233e+00
 -2.449637e-01 -6.779406e-02 8.005974e-01
 -3.483516e-01 -2.086669e-01 5.862039e-01
 -5.205025e-01 -4.150231e-01 4.514132e-01
 -7.463220e-01 -6.417192e-01 4.103769e-01
 -8.536077e-01 -8.150938e-01 4.116778e-01
 -1.192326e+00 -1.668540e+00 2.335085e-01
 -1.315443e+00 -1.920412e+00 8.126818e-02
 -1.441259e+00 -2.106948e+00 -1.469074e-01
 -1.559817e+00 -2.208004e+00 -4.283394e-01
 -1.661955e+00 -2.211722e+00 -7.352149e-01
 -1.735904e+00 -2.116105e+00 -1.037754e+00
 -1.770933e+00 -1.929061e+00 -1.304715e+00
 -1.767417e+00 -1.671701e+00 -1.502581e+00
 -1.706103e+00 -1.374321e+00 -1.620123e+00
 -1.590759e+00 -1.060867e+00 -1.643110e+00
 -1.456795e+00 -7.586544e-01 -1.557348e+00
 -1.331520e+00 -5.150652e-01 -1.373378e+00
 -1.251183e+00 -3.433399e-01 -1.119782e+00
 -1.238599e+00 -2.696347e-01 -8.814289e-01
 -1.298325e+00 -2.217753e-01 -6.306298e-01
 -1.498900e+00 -6.213430e-02 -3.402963e-01
 -1.874147e+00 2.156935e-01 -9.388379e-02
 -2.027914e+00 4.668601e-01 1.011564e-01
 -2.069884e+00 7.291882e-01 3.493148e-01
 -1.993753e+00 9.535382e-01 6.191221e-01
 -1.808614e+00 1.125169e+00 8.535681e-01
 -1.531487e+00 1.239227e+00 1.025985e+00
 -1.185855e+00 1.277544e+00 1.120599e+00
 -8.064218e-01 1.224915e+00 1.126723e+00
 -4.471514e-01 1.089970e+00 1.027561e+00
 -2.142913e-01 1.051270e+00 9.958199e-01
 -2.792269e-03 1.055821e+00 1.007627e+00
 3.552863e-01 1.117997e+00 1.130830e+00
 6.176085e-01 1.131271e+00 1.158341e+00
 8.797408e-01 1.116827e+00 1.125354e+00
 1.119755e+00 1.076938e+00 1.035231e+00
 1.320912e+00 1.000141e+00 9.090298e-01
 1.467766e+00 8.963898e-01 7.621352e-01
 1.562902e+00 7.780390e-01 5.884905e-01
 1.604319e+00 6.332173e-01 3.921935e-01
 1.583033e+00 4.674024e-01 1.870350e-01
 1.470375e+00 2.339111e-01 -5.517527e-02
 1.450416e+00 5.184224e-02 -2.199624e-01
 1.501320e+00 -7.533819e-02 -3.572917e-01
 1.626021e+00 -2.792622e-01 -5.094601e-01
 1.805384e+00 -5.446408e-01 -5.845475e-01
 2.000266e+00 -8.053300e-01 -5.505542e-01
 2.184543e+00 -1.044821e+00 -4.072416e-01
 2.329160e+00 -1.241698e+00 -1.690461e-01
 2.398901e+00 -1.373659e+00 1.206089e-01
 2.383898e+00 -1.447580e+00 4.366138e-01
 2.287047e+00 -1.453804e+00 7.474839e-01
 2.129368e+00 -1.379564e+00 1.026100e+00
 1.931093e+00 -1.230663e+00 1.241269e+00
 1.711490e+00 -1.024447e+00 1.370218e+00
 1.491670e+00 -7.839208e-01 1.399579e+00
 1.292815e+00 -5.356838e-01 1.326369e+00
 8.643683e-01 4.727618e-02 8.867229e-01
 6.049639e-01 3.770865e-01 4.790816e-01
 5.743250e-01 5.638507e-01 3.096562e-01
 6.409464e-01 8.616832e-01 1.723450e-01
 8.266803e-01 1.264781e+00 -3.252084e-03
 8.395137e-01 1.617057e+00 -1.350772e-01
 7.163704e-01 1.950701e+00 -2.562453e-01
 4.560872e-01 2.235136e+00 -3.751922e-01
 1.291186e-01 2.391176e+00 -4.540891e-01
 -2.358188e-01 2.417232e+00 -4.857792e-01
 -6.130579e-01 2.309869e+00 -4.533512e-01
 -9.142443e-01 2.103021e+00 -3.574491e-01
 -1.108808e+00 1.821639e+00 -2.313816e-01
 -1.182462e+00 1.496657e+00 -8.336197e-02
