 9.776527e-01 -2.479037e+00 3.994741e-01
 7.556831e-01 -2.609076e+00 5.258028e-01
 5.007932e-01 -2.898255e+00 6.008997e-01
 8.497992e-02 -3.183483e+00 4.299162e-01
 -3.546388e-01 -3.221047e+00 8.375508e-02
 -6.929881e-01 -2.983321e+00 -2.757598e-01
 -8.580344e-01 -2.550575e+00 -5.292949e-01
 -8.205184e-01 -2.055158e+00 -6.273219e-01
 -6.349770e-01 -1.593338e+00 -5.212057e-01
 -4.116824e-01 -1.299902e+00 -2.386978e-01
 -3.037935e-01 -1.185450e+00 1.410160e-01
 -3.570505e-01 -1.101735e+00 5.131623e-01
 -6.025983e-01 -9.000547e-01 8.523280e-01
 -9.226910e-01 -5.150536e-01 1.013545e+00
 -1.179205e+00 -4.991862e-02 9.128291e-01
 -1.267069e+00 3.757011e-01 5.974823e-01
 -1.147177e+00 7.003160e-01 7.256897e-02
 -8.211224e-01 1.024247e+00 -3.747970e-01
 -7.444770e-01 1.125378e+00 -5.975214e-01
 -7.614097e-01 1.230115e+00 -9.524894e-01
 -9.396002e-01 1.483498e+00 -1.278816e+00
 -1.231533e+00 1.870547e+00 -1.432314e+00
 -1.450955e+00 2.320135e+00 -1.347574e+00
 -1.517627e+00 2.735945e+00 -1.067535e+00
 -1.413618e+00 3.020382e+00 -6.377488e-01
 -1.183158e+00 3.068026e+00 -1.449367e-01
 -8.797573e-01 2.850870e+00 2.636373e-01
 -2.398981e-01 2.099873e+00 6.085604e-01
 9.089216e-02 1.971839e+00 7.691248e-01
 2.824242e-01 1.783561e+00 1.008728e+00
 3.968626e-01 1.430696e+00 1.214652e+00
 4.203489e-01 9.914879e-01 1.274860e+00
 3.437885e-01 5.437109e-01 1.157028e+00
 1.279795e-01 1.912135e-01 8.930629e-01
 -3.753329e-01 -8.316977e-02 2.488268e-01
 -4.662143e-01 -1.458139e-01 1.587031e-01
 -7.058527e-01 -2.666452e-01 -1.673431e-03
 -1.009935e+00 -4.508058e-01 -3.102448e-02
 -1.275073e+00 -8.001102e-01 5.386281e-02
 -1.354067e+00 -1.225349e+00 2.072588e-01
 -1.202766e+00 -1.691164e+00 3.463231e-01
 -8.486534e-01 -2.029338e+00 4.176247e-01
 -4.061771e-01 -2.189428e+00 3.423216e-01
 -1.034277e-01 -2.205019e+00 1.255847e-01
 7.315632e-02 -2.285455e+00 -1.514231e-01
 2.621466e-01 -2.510771e+00 -3.671299e-01
 5.338486e-01 -2.846459e+00 -4.554365e-01
 8.231190e-01 -3.156659e+00 -3.584778e-01
 1.115587e+00 -3.371203e+00 -9.376976e-02
 1.349715e+00 -3.436750e+00 2.999943e-01
 1.486178e+00 -3.316676e+00 7.406701e-01
 1.490034e+00 -3.021520e+00 1.129441e+00
 1.349968e+00 -2.614701e+00 1.371328e+00
 1.118574e+00 -2.178880e+00 1.393579e+00
 8.516305e-01 -1.822252e+00 1.194696e+00
 6.395044e-01 -1.589528e+00 7.991387e-01
 5.950046e-01 -1.539871e+00 4.043914e-01
 7.263707e-01 -1.538609e+00 -6.100403e-03
 1.001573e+00 -1.416979e+00 -2.955972e-01
 1.249829e+00 -1.111113e+00 -4.944257e-01
 1.361487e+00 -6.786577e-01 -5.966731e-01
 1.308240e+00 -2.651652e-01 -6.016425e-01
 1.073822e+00 1.209561e-01 -5.561583e-01
 7.046686e-01 3.536175e-01 -4.980892e-01
 2.140859e-01 4.029118e-01 -4.785917e-01
 -5.770343e-01 1.554504e-01 -9.263746e-01
 -1.152764e+00 2.373596e-01 -9.913782e-01
 -1.612431e+00 6.149824e-01 -9.520877e-01
 -1.798987e+00 1.130783e+00 -7.587894e-01
 -1.644099e+00 1.655204e+00 -4.914580e-01
 -1.234437e+00 2.002966e+00 -3.692345e-01
 -8.315825e-01 2.153852e+00 -5.035574e-01
 -4.943020e-01 2.451682e+00 -8.605603e-01
 -1.429138e-01 2.516077e+00 -1.101910e+00
 2.866674e-01 2.450846e+00 -1.222552e+00
 6.935654e-01 2.284685e+00 -1.179051e+00
 1.007934e+00 2.073382e+00 -9.747742e-01
 1.168920e+00 1.808785e+00 -6.797823e-01
 1.149377e+00 1.504444e+00 -3.549365e-01
 9.477903e-01 1.259494e+00 -4.697020e-02
 5.995429e-01 1.107821e+00 1.828749e-01
 -1.052908e-01 1.051052e+00 3.474826e-01
 -4.353466e-01 1.081576e+00 6.900779e-01
 -6.169554e-01 1.245807e+00 1.067500e+00
 -6.519074e-01 1.585638e+00 1.412696e+00
 -5.506855e-01 2.017317e+00 1.600423e+00
 -3.508494e-01 2.451664e+00 1.587348e+00
 -9.335845e-02 2.793731e+00 1.382732e+00
 1.702341e-01 2.971820e+00 1.036105e+00
 3.707091e-01 2.959311e+00 6.136518e-01
 4.509430e-01 2.765624e+00 1.924522e-01
 4.065466e-01 2.424667e+00 -1.334505e-01
 2.062093e-01 1.918419e+00 -3.320804e-01
 1.587466e-01 1.759310e+00 -4.757505e-01
 1.614456e-01 1.598595e+00 -6.326465e-01
 3.638537e-01 9.907711e-01 -1.317330e+00
 4.420691e-01 5.444375e-01 -1.501811e+00
 4.814192e-01 8.155333e-02 -1.472971e+00
 4.517047e-01 -3.249785e-01 -1.251162e+00
 3.641367e-01 -5.723209e-01 -8.996583e-01
 3.265233e-01 -6.276937e-01 -4.408349e-01
 4.981508e-01 -5.433838e-01 6.829608e-03
 8.829758e-01 -5.335502e-01 3.191546e-01
 1.339357e+00 -8.058452e-01 5.025601e-01
 1.620388e+00 -1.317192e+00 5.400186e-01
 1.603163e+00 -1.892729e+00 4.620153e-01
 1.313704e+00 -2.312942e+00 3.732388e-01
