 -4.406853e-01 1.423634e+00 1.872825e+00
 -4.076192e-01 1.836591e+00 1.680795e+00
 -5.086857e-01 2.152393e+00 1.363311e+00
 -7.059352e-01 2.298589e+00 9.707818e-01
 -9.342687e-01 2.244432e+00 5.964398e-01
 -1.135252e+00 1.933067e+00 1.399689e-01
 -1.225718e+00 1.886004e+00 -3.383310e-01
 -9.268034e-01 1.819947e+00 -8.782556e-01
 -3.440420e-01 1.536390e+00 -1.156373e+00
 1.591940e-01 1.055197e+00 -9.984838e-01
 3.536244e-01 6.493799e-01 -4.941668e-01
 1.465964e-02 2.113203e-01 2.924482e-01
 -3.142585e-01 -4.927562e-01 9.294995e-01
 -3.000515e-01 -1.080924e+00 1.088428e+00
 -5.903146e-02 -1.631915e+00 9.826396e-01
 3.191422e-01 -1.954096e+00 6.479272e-01
 7.396468e-01 -1.943790e+00 2.233908e-01
 1.091744e+00 -1.597706e+00 -9.204699e-02
 1.313236e+00 -1.259166e+00 -9.064532e-02
 1.602093e+00 -9.691095e-01 2.650039e-02
 2.075806e+00 -8.673618e-01 2.168559e-01
 2.609157e+00 -1.032534e+00 2.840194e-01
 3.007834e+00 -1.407014e+00 1.883421e-01
 3.173633e+00 -1.858392e+00 -7.009638e-02
 3.070164e+00 -2.260277e+00 -4.193287e-01
 2.741491e+00 -2.493140e+00 -7.782262e-01
 2.284303e+00 -2.493262e+00 -1.058575e+00
 1.825885e+00 -2.271016e+00 -1.179189e+00
 1.511189e+00 -1.874257e+00 -1.161657e+00
 1.436523e+00 -1.452961e+00 -1.070192e+00
 1.533396e+00 -1.064933e+00 -1.089367e+00
 1.496501e+00 -6.609561e-01 -1.296814e+00
 1.152497e+00 -2.534482e-01 -1.472250e+00
 6.097671e-01 -2.819621e-02 -1.457832e+00
 7.702359e-02 -3.724848e-02 -1.201547e+00
 -3.876525e-01 -2.878596e-01 -5.386109e-01
 -5.429917e-01 -2.995805e-01 -3.732283e-01
 -6.765985e-01 -3.312595e-01 -2.562839e-01
 -1.187810e+00 -5.959470e-01 1.695578e-01
 -1.556218e+00 -5.614056e-01 4.630026e-01
 -1.881091e+00 -3.295015e-01 6.976858e-01
 -2.068099e+00 4.188838e-02 8.649148e-01
 -2.098629e+00 5.004710e-01 9.254316e-01
 -2.019180e+00 8.481166e-01 8.443561e-01
 -1.985430e+00 1.146406e+00 6.067051e-01
 -2.142035e+00 2.100292e+00 3.075172e-01
 -1.954513e+00 2.573482e+00 1.293372e-01
 -1.553331e+00 2.875717e+00 -7.269469e-02
 -1.048139e+00 2.925947e+00 -2.384641e-01
 -5.707071e-01 2.717088e+00 -3.111109e-01
 -2.373910e-01 2.319856e+00 -2.505529e-01
 -1.467636e-01 1.824671e+00 -1.335072e-01
 -2.810220e-01 1.411904e+00 -9.097898e-02
 -5.658356e-01 1.099083e+00 -1.736143e-01
 -1.076717e+00 3.274083e-01 -9.957106e-01
 -1.218955e+00 -9.874963e-02 -1.128983e+00
 -1.190654e+00 -5.834019e-01 -1.126401e+00
 -1.004139e+00 -1.004131e+00 -9.705726e-01
 -7.032395e-01 -1.266558e+00 -6.949971e-01
 -3.967811e-01 -1.314595e+00 -3.625690e-01
 4.538568e-01 -9.259636e-01 3.666540e-01
 7.261146e-01 -9.690185e-01 7.199014e-01
 1.167955e+00 -1.296608e+00 9.518968e-01
 1.616793e+00 -1.663752e+00 8.421120e-01
 1.983234e+00 -1.904384e+00 4.139587e-01
 2.122417e+00 -1.899626e+00 -1.127119e-01
 2.191125e+00 -1.694260e+00 -4.044715e-01
 2.335112e+00 -1.538330e+00 -6.003209e-01
 2.491279e+00 -1.473014e+00 -9.899802e-01
 2.413992e+00 -1.439832e+00 -1.499067e+00
 2.081735e+00 -1.419492e+00 -1.911502e+00
 1.581246e+00 -1.358049e+00 -2.106044e+00
 1.054614e+00 -1.264565e+00 -2.024581e+00
 6.520571e-01 -1.171054e+00 -1.690750e+00
 4.880069e-01 -1.048100e+00 -1.227905e+00
 5.692289e-01 -8.846919e-01 -8.160439e-01
 8.345499e-01 -4.338361e-01 -4.381625e-01
 1.077704e+00 -1.444365e-02 1.015859e-01
 1.078621e+00 2.543904e-01 3.753918e-01
 9.554847e-01 5.343422e-01 6.005718e-01
 7.243354e-01 7.826705e-01 7.598838e-01
 4.132490e-01 9.643559e-01 8.461386e-01
 -3.491574e-01 1.158083e+00 8.750816e-01
 -7.092165e-01 1.259218e+00 8.767324e-01
 -1.014241e+00 1.309506e+00 1.012277e+00
 -1.451760e+00 1.555195e+00 1.403778e+00
 -1.961536e+00 1.637711e+00 1.536567e+00
 -2.478662e+00 1.575250e+00 1.439928e+00
 -2.868480e+00 1.388363e+00 1.134451e+00
 -3.030784e+00 1.105402e+00 7.188227e-01
 -2.925747e+00 7.946907e-01 3.063924e-01
 -2.582433e+00 5.414928e-01 8.809402e-05
 -2.098081e+00 4.167518e-01 -1.242871e-01
 -1.610383e+00 3.959384e-01 -1.334186e-02
 -1.217847e+00 4.274023e-01 3.430906e-01
 -1.016877e+00 2.796448e-01 9.477530e-01
 -8.644648e-01 3.336904e-01 1.333606e+00
 -6.871774e-01 5.913014e-01 1.682873e+00
 -5.481029e-01 9.917962e-01 1.878610e+00
