 8.312943e-01 1.847526e+00 8.279263e-01
 4.773945e-01 1.968299e+00 6.728185e-01
 6.668633e-02 1.917737e+00 4.485405e-01
 -2.459346e-01 1.698460e+00 2.339456e-01
 -4.937941e-01 1.203804e+00 -7.598239e-02
 -7.022392e-01 1.046956e+00 -2.994051e-01
 -1.158240e+00 9.928562e-01 -6.719754e-01
 -1.417141e+00 7.865133e-01 -9.993591e-01
 -1.522227e+00 5.123603e-01 -1.228778e+00
 -1.507314e+00 1.679729e-01 -1.386809e+00
 -1.348169e+00 -2.320950e-01 -1.466915e+00
 -1.103047e+00 -5.504867e-01 -1.428070e+00
 -6.026767e-01 -8.830485e-01 -1.239097e+00
 -3.756005e-01 -1.088885e+00 -1.246866e+00
 -1.389941e-01 -1.257209e+00 -1.349651e+00
 1.747268e-01 -1.323262e+00 -1.514970e+00
 5.222418e-01 -1.247005e+00 -1.660526e+00
 8.392830e-01 -1.033892e+00 -1.749864e+00
 1.057969e+00 -7.329494e-01 -1.792236e+00
 1.160416e+00 -3.773578e-01 -1.791136e+00
 1.137436e+00 -1.941444e-02 -1.746358e+00
 9.588666e-01 4.387704e-01 -1.578669e+00
 9.694735e-01 7.437971e-01 -1.486274e+00
 1.079148e+00 1.020028e+00 -1.311049e+00
 1.157227e+00 1.197303e+00 -1.047599e+00
 1.142969e+00 1.306740e+00 -7.059902e-01
 1.034930e+00 1.328030e+00 -3.708228e-01
 8.176336e-01 1.244117e+00 -2.356482e-02
 5.442827e-01 1.026292e+00 2.541194e-01
 4.406330e-01 9.615242e-01 4.158503e-01
 3.561820e-01 9.420547e-01 6.217894e-01
 2.873164e-01 9.849375e-01 8.988165e-01
 2.746019e-01 1.051759e+00 1.289464e+00
 2.486246e-01 9.462612e-01 1.727135e+00
 2.160474e-01 6.841769e-01 2.069004e+00
 1.616700e-01 3.108745e-01 2.268393e+00
 9.637752e-02 -6.902926e-02 2.289805e+00
 9.328418e-02 -4.212584e-01 2.162530e+00
 1.840974e-01 -6.153413e-01 2.058981e+00
 2.875301e-01 -8.325964e-01 2.005871e+00
 2.911786e-01 -1.202032e+00 1.940723e+00
 1.388651e-01 -1.570735e+00 1.785441e+00
 -1.234732e-01 -1.816052e+00 1.554043e+00
 -4.357136e-01 -1.896617e+00 1.274885e+00
 -7.388808e-01 -1.799584e+00 9.929331e-01
 -9.848205e-01 -1.543855e+00 7.602798e-01
 -1.127089e+00 -1.176817e+00 6.132968e-01
 -1.125164e+00 -7.692343e-01 5.519888e-01
 -9.157183e-01 -2.748976e-01 5.638715e-01
 -8.387683e-01 4.380471e-02 5.009401e-01
 -9.234624e-01 3.779354e-01 4.965921e-01
 -1.218699e+00 8.446973e-01 5.710334e-01
 -1.371605e+00 1.209868e+00 4.740445e-01
 -1.399151e+00 1.568771e+00 2.648817e-01
 -1.293614e+00 1.872631e+00 -5.391046e-02
 -1.092517e+00 2.019537e+00 -3.651487e-01
 -8.097122e-01 2.023441e+00 -6.455431e-01
 -4.648002e-01 1.871742e+00 -8.674391e-01
 -1.801809e-01 1.635932e+00 -9.632698e-01
 4.399594e-02 1.327363e+00 -9.516259e-01
 3.292829e-01 6.245658e-01 -6.977808e-01
 5.785380e-01 4.286262e-01 -5.965752e-01
 9.868206e-01 3.032522e-01 -5.506143e-01
 1.396108e+00 2.749566e-01 -6.626184e-01
 1.729766e+00 3.352854e-01 -9.045072e-01
 1.931790e+00 4.540955e-01 -1.218924e+00
 1.986178e+00 5.982599e-01 -1.565737e+00
 1.891285e+00 7.233372e-01 -1.931609e+00
 1.677841e+00 8.072795e-01 -2.224782e+00
 1.371814e+00 8.656456e-01 -2.422562e+00
 1.017801e+00 8.900760e-01 -2.502210e+00
 6.616814e-01 8.775226e-01 -2.458972e+00
 3.461286e-01 8.293713e-01 -2.302455e+00
 -3.559574e-01 5.776969e-01 -1.579450e+00
 -4.912278e-01 4.478006e-01 -1.355666e+00
 -5.566440e-01 2.104609e-01 -9.856274e-01
 -6.719269e-01 8.246366e-02 -7.464783e-01
 -9.355488e-01 -1.315115e-02 -5.471564e-01
 -1.453836e+00 -5.105693e-02 -3.174323e-01
 -1.767150e+00 -8.331518e-03 3.084660e-02
 -1.903063e+00 1.607640e-02 4.994087e-01
 -1.821424e+00 3.337578e-02 9.280163e-01
 -1.550372e+00 9.683559e-02 1.282811e+00
 -1.105336e+00 1.680740e-01 1.498299e+00
 -6.972422e-01 2.068755e-01 1.499643e+00
 1.488408e-01 3.363670e-02 1.218907e+00
 6.287242e-01 1.446557e-02 1.393575e+00
 9.147915e-01 -2.976207e-02 1.653185e+00
 1.085326e+00 -1.389826e-01 2.005542e+00
 1.102755e+00 -3.029022e-01 2.375813e+00
 9.684303e-01 -4.924156e-01 2.704197e+00
 7.154866e-01 -6.988087e-01 2.931513e+00
 3.867889e-01 -8.908198e-01 3.025977e+00
 3.225560e-02 -1.039379e+00 2.979183e+00
 -2.968819e-01 -1.127307e+00 2.801231e+00
 -5.565551e-01 -1.140285e+00 2.522192e+00
 -7.050955e-01 -1.092062e+00 2.183520e+00
 -7.255844e-01 -1.007487e+00 1.834009e+00
 -6.184132e-01 -9.122357e-01 1.511669e+00
 -4.485750e-01 -8.658886e-01 1.312555e+00
 -2.879963e-01 -8.883296e-01 1.148212e+00
 1.539795e-02 -1.009234e+00 8.481563e-01
 3.519177e-01 -1.144974e+00 4.961097e-01
 4.870595e-01 -1.170905e+00 2.863694e-01
 5.852132e-01 -1.148168e+00 5.835971e-02
 6.402361e-01 -1.082046e+00 -1.759996e-01
 6.468979e-01 -9.779817e-01 -4.046771e-01
 6.076371e-01 -8.377402e-01 -6.122626e-01
 4.177408e-01 -4.774492e-01 -9.951817e-01
 2.699469e-01 -3.049661e-01 -1.267704e+00
 1.664974e-01 -2.890313e-01 -1.562690e+00
 2.969500e-02 -3.605855e-01 -1.859668e+00
 -1.875441e-01 -5.763651e-01 -2.128975e+00
 -4.422426e-01 -8.914829e-01 -2.261071e+00
 -6.887912e-01 -1.206403e+00 -2.221907e+00
 -9.261884e-01 -1.487575e+00 -2.018084e+00
 -1.091552e+00 -1.677484e+00 -1.692454e+00
 -1.155391e+00 -1.758027e+00 -1.294795e+00
 -1.108574e+00 -1.716688e+00 -8.900361e-01
 -9.600983e-01 -1.560952e+00 -5.433687e-01
 -7.407922e-01 -1.322687e+00 -3.153549e-01
 -1.291693e-01 -4.295258e-01 -5.639838e-02
 8.509737e-02 -2.611678e-01 7.480435e-02
 6.762280e-01 -4.306826e-02 3.431103e-01
 1.046633e+00 1.496932e-01 4.863671e-01
 1.260231e+00 4.099919e-01 6.776622e-01
 1.357176e+00 7.851587e-01 8.379671e-01
 1.299417e+00 1.211414e+00 9.301793e-01
 1.114079e+00 1.586201e+00 9.213505e-01
