 -2.259890e+00 -4.260937e-01 -1.971968e+00
 -2.392383e+00 -2.459828e-01 -1.738964e+00
 -2.428654e+00 -7.209434e-02 -1.465771e+00
 -2.366475e+00 7.150341e-02 -1.179902e+00
 -2.210499e+00 1.764686e-01 -9.134664e-01
 -1.977647e+00 2.327517e-01 -6.940527e-01
 -1.214156e+00 2.424826e-01 -2.950320e-01
 -9.747458e-01 2.220783e-01 -2.119268e-01
 -6.345019e-01 1.113897e-01 -3.494785e-02
 -4.382172e-01 -7.448317e-02 8.671710e-02
 -3.645945e-01 -3.392447e-01 2.682864e-01
 -4.577283e-01 -7.808619e-01 6.103263e-01
 -4.917570e-01 -9.272795e-01 8.324909e-01
 -4.377900e-01 -1.062288e+00 1.133667e+00
 -2.928722e-01 -1.134873e+00 1.427144e+00
 -4.430992e-02 -1.135598e+00 1.714399e+00
 2.204817e-01 -1.042695e+00 1.908160e+00
 5.220152e-01 -8.626233e-01 2.007978e+00
 8.374090e-01 -6.395646e-01 1.963346e+00
 1.092846e+00 -4.210365e-01 1.791813e+00
 1.255905e+00 -2.348848e-01 1.529977e+00
 1.308576e+00 -4.548252e-03 1.144397e+00
 1.450483e+00 2.067722e-01 9.540417e-01
 1.531046e+00 4.299966e-01 8.671577e-01
 1.552277e+00 7.011638e-01 8.172090e-01
 1.500874e+00 9.453920e-01 7.927377e-01
 1.372938e+00 1.181405e+00 7.486602e-01
 1.181160e+00 1.366757e+00 6.879498e-01
 9.388852e-01 1.492245e+00 6.057134e-01
 6.307769e-01 1.546830e+00 4.877375e-01
 3.648251e-01 1.511728e+00 3.833740e-01
 -1.622449e-01 1.270941e+00 1.969068e-01
 -3.961647e-01 1.174965e+00 1.582999e-01
 -6.670155e-01 1.109780e+00 1.849622e-01
 -9.396183e-01 1.111840e+00 2.665024e-01
 -1.209372e+00 1.125598e+00 4.879606e-01
 -1.402189e+00 1.103479e+00 8.472690e-01
 -1.445213e+00 1.029998e+00 1.224696e+00
 -1.352637e+00 8.699047e-01 1.583939e+00
 -1.147796e+00 6.344451e-01 1.847996e+00
 -8.593565e-01 3.545993e-01 1.972947e+00
 -5.232585e-01 1.067973e-01 1.936683e+00
 -1.944996e-01 -6.622344e-02 1.747722e+00
 1.156099e-01 -1.869841e-01 1.353501e+00
 3.087444e-01 -3.539493e-01 1.133211e+00
 4.569666e-01 -5.864749e-01 9.994710e-01
 6.621944e-01 -9.346819e-01 9.859550e-01
 9.273374e-01 -1.340160e+00 1.148814e+00
 1.192074e+00 -1.558602e+00 1.197279e+00
 1.506060e+00 -1.715916e+00 1.152741e+00
 1.827150e+00 -1.789841e+00 1.016799e+00
 2.115181e+00 -1.770835e+00 8.027824e-01
 2.330953e+00 -1.661067e+00 5.358733e-01
 2.453557e+00 -1.462460e+00 2.607068e-01
 2.468675e+00 -1.192192e+00 1.286556e-02
 2.361669e+00 -8.948187e-01 -1.858146e-01
 2.141477e+00 -6.184034e-01 -3.096996e-01
 1.835449e+00 -4.007071e-01 -3.422053e-01
 1.494844e+00 -2.814441e-01 -2.808909e-01
 1.191697e+00 -2.893716e-01 -1.837157e-01
 9.453965e-01 -3.671069e-01 -7.194602e-02
 7.477652e-01 -5.068331e-01 8.366030e-03
 5.320873e-01 -7.279803e-01 -7.770935e-03
 4.056436e-01 -8.936240e-01 -6.402931e-02
 -1.891923e-01 -1.516492e+00 -4.914633e-01
 -3.666710e-01 -1.628407e+00 -6.147985e-01
 -5.691498e-01 -1.688444e+00 -7.497268e-01
 -7.897788e-01 -1.686774e+00 -8.892539e-01
 -1.020243e+00 -1.617399e+00 -1.014453e+00
 -1.236431e+00 -1.478577e+00 -1.116988e+00
 -1.417740e+00 -1.274007e+00 -1.191250e+00
 -1.537476e+00 -1.021806e+00 -1.231555e+00
 -1.575252e+00 -7.671017e-01 -1.247030e+00
 -1.531537e+00 -5.182022e-01 -1.270588e+00
 -1.440285e+00 -3.051930e-01 -1.363043e+00
 -1.410146e+00 -1.092673e-01 -1.501320e+00
 -1.439387e+00 2.383582e-01 -1.815328e+00
 -1.331036e+00 5.966527e-01 -2.001185e+00
 -1.107685e+00 9.450651e-01 -2.060826e+00
 -8.063743e-01 1.225079e+00 -1.984207e+00
 -4.499419e-01 1.406203e+00 -1.763632e+00
 -1.489488e-01 1.429176e+00 -1.441920e+00
 2.855011e-02 1.311886e+00 -1.086801e+00
 1.114253e-01 1.025842e+00 -7.566758e-01
 1.096538e-01 7.323833e-01 -6.110234e-01
 1.149673e-01 5.032922e-01 -5.838867e-01
 2.227422e-01 8.345629e-02 -6.745252e-01
 3.648586e-01 -2.516555e-01 -9.029957e-01
 5.717174e-01 -5.114717e-01 -1.009671e+00
 8.307981e-01 -8.180888e-01 -9.857333e-01
 1.045727e+00 -1.051588e+00 -8.396948e-01
 1.212451e+00 -1.227719e+00 -5.852939e-01
 1.337708e+00 -1.302783e+00 -2.604583e-01
 1.443874e+00 -1.247023e+00 9.695333e-02
 1.496173e+00 -1.116423e+00 3.220051e-01
 1.600191e+00 -9.293832e-01 5.010175e-01
 2.126331e+00 -5.926696e-01 9.868132e-01
 2.271640e+00 -3.491844e-01 1.238064e+00
 2.287894e+00 -6.313326e-02 1.477845e+00
 2.176389e+00 2.315338e-01 1.670887e+00
 1.948498e+00 4.925697e-01 1.801457e+00
 1.634095e+00 6.858587e-01 1.849228e+00
 1.283167e+00 7.877013e-01 1.798867e+00
 9.331761e-01 8.119482e-01 1.628035e+00
 6.772228e-01 7.658367e-01 1.368689e+00
 5.381357e-01 6.680882e-01 1.052223e+00
 5.285717e-01 5.527855e-01 7.092643e-01
 6.520942e-01 5.234029e-01 3.544870e-01
 9.945920e-01 6.966664e-01 -1.065370e-01
 1.105896e+00 6.996857e-01 -4.125966e-01
 1.115648e+00 6.673060e-01 -7.441454e-01
 1.007148e+00 6.301232e-01 -1.084805e+00
 8.272609e-01 5.936334e-01 -1.337275e+00
 5.414807e-01 5.354698e-01 -1.548948e+00
 2.792410e-01 4.753865e-01 -1.627351e+00
 -5.771984e-02 4.224132e-01 -1.605619e+00
 -3.410006e-01 4.202263e-01 -1.495126e+00
 -5.671040e-01 4.745098e-01 -1.322414e+00
 -7.506425e-01 6.214023e-01 -1.143698e+00
 -8.945031e-01 8.685458e-01 -1.008055e+00
 -9.497621e-01 1.074561e+00 -8.944368e-01
 -9.415632e-01 1.670369e+00 -6.133374e-01
 -9.047437e-01 1.905864e+00 -3.980301e-01
 -8.502723e-01 2.062308e+00 -1.214548e-01
 -7.863628e-01 2.123046e+00 1.891157e-01
 -7.165410e-01 2.081466e+00 5.023603e-01
 -6.449299e-01 1.936966e+00 7.927854e-01
 -5.734444e-01 1.733836e+00 1.000987e+00
 -4.902356e-01 1.482908e+00 1.131778e+00
 -4.339895e-01 1.204670e+00 1.175438e+00
 -4.293264e-01 9.098978e-01 1.150832e+00
 -4.810478e-01 6.658957e-01 1.069779e+00
 -6.283915e-01 4.358628e-01 9.646552e-01
 -9.357926e-01 1.719526e-01 9.435263e-01
 -1.204090e+00 -3.675389e-02 7.989331e-01
 -1.373236e+00 -2.682132e-01 5.868952e-01
 -1.419079e+00 -4.998280e-01 3.616876e-01
 -1.370818e+00 -6.589183e-01 1.388778e-01
 -1.234806e+00 -7.604951e-01 -1.151194e-01
 -9.889774e-01 -7.950599e-01 -3.909611e-01
 -6.926197e-01 -6.742568e-01 -7.273571e-01
 -5.627483e-01 -7.060368e-01 -1.022883e+00
 -5.383624e-01 -7.753924e-01 -1.349567e+00
 -6.334284e-01 -8.383553e-01 -1.673367e+00
 -8.323975e-01 -8.683026e-01 -1.949432e+00
 -1.107256e+00 -8.577095e-01 -2.147816e+00
 -1.430075e+00 -8.022381e-01 -2.252530e+00
 -1.743172e+00 -7.108951e-01 -2.251580e+00
 -2.039046e+00 -5.843289e-01 -2.149145e+00
