 8.899784e-01 7.670108e-01 -1.694468e-01
 1.434387e+00 6.325156e-01 1.226757e-01
 1.670068e+00 5.304364e-01 4.070247e-01
 1.777577e+00 4.152528e-01 7.561637e-01
 1.738645e+00 2.997430e-01 1.164641e+00
 1.555555e+00 2.356940e-01 1.506974e+00
 1.260164e+00 1.989085e-01 1.737805e+00
 8.277691e-01 1.620798e-01 1.848094e+00
 4.114759e-01 1.578675e-01 1.781988e+00
 6.771739e-02 1.989393e-01 1.569217e+00
 -2.608827e-01 3.836821e-01 1.150138e+00
 -5.100606e-01 5.099511e-01 1.015878e+00
 -7.567328e-01 6.684953e-01 1.003600e+00
 -1.426709e+00 1.400394e+00 1.091860e+00
 -1.586332e+00 1.732182e+00 1.040709e+00
 -1.656628e+00 2.068940e+00 8.835311e-01
 -1.627018e+00 2.358533e+00 6.394444e-01
 -1.502398e+00 2.558895e+00 3.388109e-01
 -1.296967e+00 2.641050e+00 2.635558e-02
 -1.028113e+00 2.599217e+00 -2.419814e-01
 -7.257487e-01 2.441927e+00 -4.247996e-01
 -4.646095e-01 2.176836e+00 -5.174732e-01
 -2.873214e-01 1.844643e+00 -5.160614e-01
 -2.140669e-01 1.476553e+00 -4.210661e-01
 -2.635152e-01 1.172748e+00 -2.669779e-01
 -3.745628e-01 9.598955e-01 -1.202555e-01
 -6.129292e-01 7.484101e-01 -3.324183e-02
 -1.104216e+00 5.562765e-01 4.832072e-02
 -1.388529e+00 2.982211e-01 1.274725e-01
 -1.561222e+00 -4.782691e-02 1.638343e-01
 -1.593319e+00 -4.382081e-01 1.631640e-01
 -1.491967e+00 -7.807707e-01 1.351472e-01
 -1.248481e+00 -1.076038e+00 6.817268e-02
 -8.967814e-01 -1.277111e+00 -1.080985e-01
 -6.703701e-01 -1.305851e+00 -3.054910e-01
 -5.001226e-01 -1.266766e+00 -6.315889e-01
 -4.813140e-01 -1.326667e+00 -1.003546e+00
 -4.847683e-01 -1.565154e+00 -1.348840e+00
 -5.086942e-01 -1.903089e+00 -1.561793e+00
 -5.179893e-01 -2.307963e+00 -1.627745e+00
 -5.140891e-01 -2.705667e+00 -1.529352e+00
 -4.695377e-01 -3.024926e+00 -1.296766e+00
 -3.768578e-01 -3.227704e+00 -9.694020e-01
 -2.706167e-01 -3.284363e+00 -5.854255e-01
 -1.792695e-01 -3.183829e+00 -2.060694e-01
 -1.119265e-01 -2.941519e+00 1.082521e-01
 -7.367697e-02 -2.593917e+00 3.085641e-01
 -3.786622e-02 -1.559722e+00 4.452817e-01
 2.130146e-02 -1.284884e+00 4.251661e-01
 1.399671e-01 -1.027108e+00 3.497742e-01
 3.436304e-01 -7.542223e-01 1.757056e-01
 5.803670e-01 -6.145033e-01 9.063201e-03
 9.182144e-01 -6.239550e-01 -9.812484e-02
 1.242180e+00 -7.562322e-01 -3.170735e-01
 1.450046e+00 -9.894858e-01 -5.326363e-01
 1.530244e+00 -1.294658e+00 -7.381596e-01
 1.469864e+00 -1.636505e+00 -9.233638e-01
 1.286127e+00 -1.947965e+00 -1.037916e+00
 1.005284e+00 -2.198470e+00 -1.070957e+00
 6.657044e-01 -2.353225e+00 -1.022672e+00
 3.187448e-01 -2.394373e+00 -8.988405e-01
 -1.981247e-01 -2.254401e+00 -6.475932e-01
 -5.388858e-01 -2.284970e+00 -5.890652e-01
 -8.653468e-01 -2.251589e+00 -6.617309e-01
 -1.213699e+00 -2.036179e+00 -7.814736e-01
 -1.446753e+00 -1.669174e+00 -8.800820e-01
 -1.504706e+00 -1.245480e+00 -9.420007e-01
 -1.400212e+00 -8.504132e-01 -9.300708e-01
 -1.146663e+00 -4.856207e-01 -7.894378e-01
 -8.487361e-01 -2.999635e-01 -5.324638e-01
 -5.645564e-01 -3.003402e-01 -1.408999e-01
 -5.863737e-01 -3.283943e-01 3.114438e-01
 -6.423749e-01 -3.879558e-01 5.367303e-01
 -8.428615e-01 -4.583614e-01 9.290833e-01
 -9.787341e-01 -3.505065e-01 1.333077e+00
 -1.011805e+00 -9.214991e-02 1.687853e+00
 -9.368958e-01 3.022568e-01 1.943730e+00
 -7.674748e-01 6.805106e-01 2.025780e+00
 -5.289219e-01 9.889301e-01 1.960740e+00
 -2.844363e-01 1.240317e+00 1.727229e+00
 -9.534296e-02 1.402335e+00 1.326401e+00
 5.516274e-02 1.363552e+00 8.071638e-01
 1.666111e-01 1.419113e+00 6.194639e-01
 3.926718e-01 1.532947e+00 4.126196e-01
 8.527144e-01 1.747985e+00 1.650606e-01
 1.143844e+00 1.769677e+00 -4.615768e-02
 1.390956e+00 1.677074e+00 -2.966582e-01
 1.556954e+00 1.482917e+00 -5.532734e-01
 1.648497e+00 1.165038e+00 -7.880679e-01
 1.616400e+00 8.086394e-01 -9.297437e-01
 1.455820e+00 4.461161e-01 -9.752925e-01
 1.192729e+00 1.693714e-01 -9.482412e-01
 8.815221e-01 2.049939e-02 -8.862377e-01
 5.595116e-01 -1.701198e-03 -8.085283e-01
 1.572261e-01 1.010930e-01 -8.342298e-01
 -5.743166e-01 5.996559e-01 -1.056468e+00
 -8.390689e-01 8.145110e-01 -1.028928e+00
 -1.053084e+00 1.070598e+00 -9.012448e-01
 -1.184800e+00 1.302233e+00 -6.994758e-01
 -1.241272e+00 1.490123e+00 -4.200893e-01
 -1.210269e+00 1.586008e+00 -1.370758e-01
 -1.071537e+00 1.645925e+00 1.395370e-01
 -8.250444e-01 1.772692e+00 3.545194e-01
 -5.333741e-01 2.170725e+00 6.131449e-01
 -2.505665e-01 2.340147e+00 7.625648e-01
 9.332175e-02 2.389085e+00 9.319329e-01
 4.241819e-01 2.298199e+00 1.095209e+00
 6.977025e-01 2.086035e+00 1.216764e+00
 8.924564e-01 1.783697e+00 1.269952e+00
 9.869603e-01 1.415977e+00 1.245188e+00
 9.592538e-01 1.019275e+00 1.134227e+00
 7.769277e-01 6.112008e-01 9.226680e-01
 7.592661e-01 3.424738e-01 8.336358e-01
 8.020141e-01 3.564959e-02 8.225841e-01
 9.938686e-01 -4.831819e-01 9.357386e-01
 1.070880e+00 -8.496224e-01 8.913716e-01
 1.095433e+00 -1.175561e+00 7.382663e-01
 1.063974e+00 -1.442911e+00 4.883660e-01
 9.619395e-01 -1.612197e+00 1.915983e-01
 8.198288e-01 -1.661932e+00 -8.646960e-02
 6.513065e-01 -1.603057e+00 -3.123386e-01
 5.584060e-01 -1.502548e+00 -4.743659e-01
 5.158965e-01 -1.405729e+00 -6.413507e-01
 4.888010e-01 -6.554951e-01 -1.591231e+00
 4.679189e-01 -2.984687e-01 -1.788407e+00
 4.804746e-01 1.124975e-01 -1.834278e+00
 5.245795e-01 5.067043e-01 -1.718293e+00
 5.801879e-01 8.206954e-01 -1.454817e+00
 5.943646e-01 9.892751e-01 -1.133685e+00
 6.265836e-01 1.027621e+00 -7.716826e-01
 7.002887e-01 9.359123e-01 -4.498587e-01
