 7.158033e-01 6.153216e-01 1.795759e+00
 6.190922e-01 1.249729e+00 1.414284e+00
 6.156739e-01 1.355339e+00 8.543576e-01
 1.054005e+00 1.508073e+00 1.469383e-01
 1.155471e+00 1.472482e+00 -2.661294e-01
 1.090632e+00 1.341067e+00 -6.983673e-01
 8.438330e-01 1.163821e+00 -1.033745e+00
 5.428564e-01 1.073543e+00 -1.179343e+00
 2.121492e-01 1.135374e+00 -1.298133e+00
 -5.648182e-02 1.255749e+00 -1.579163e+00
 -2.206227e-01 1.271899e+00 -2.010184e+00
 -2.353783e-01 1.118983e+00 -2.469695e+00
 -1.218587e-01 7.969423e-01 -2.827178e+00
 9.882430e-02 3.854903e-01 -2.993902e+00
 3.687876e-01 -2.527511e-02 -2.928208e+00
 6.061773e-01 -3.492229e-01 -2.642415e+00
 7.550905e-01 -5.154658e-01 -2.199253e+00
 7.824093e-01 -4.811859e-01 -1.699480e+00
 6.513641e-01 -2.816688e-01 -1.271506e+00
 4.067010e-01 -1.136447e-02 -1.026753e+00
 9.104747e-02 1.871927e-01 -9.613819e-01
 -1.938927e-01 2.756824e-01 -9.541201e-01
 -5.418761e-01 2.365025e-01 -9.373363e-01
 -7.912679e-01 1.305246e-01 -8.684749e-01
 -1.008527e+00 -1.861324e-02 -7.206915e-01
 -1.157628e+00 -1.673457e-01 -5.090676e-01
 -1.293015e+00 -4.928893e-01 7.896184e-03
 -1.505560e+00 -7.177576e-01 2.262787e-01
 -1.665130e+00 -1.006370e+00 3.054751e-01
 -1.719586e+00 -1.334118e+00 3.416785e-01
 -1.649720e+00 -1.665562e+00 3.608274e-01
 -1.470447e+00 -1.953771e+00 3.769364e-01
 -1.194907e+00 -2.168684e+00 3.971083e-01
 -8.322960e-01 -2.292504e+00 4.017728e-01
 -4.612710e-01 -2.281813e+00 3.775884e-01
 -1.185208e-01 -2.139590e+00 3.296211e-01
 1.430892e-01 -1.888231e+00 2.676060e-01
 4.653402e-01 -1.211251e+00 2.099887e-01
 7.317572e-01 -7.756146e-01 3.993553e-01
 8.502868e-01 -6.548392e-01 5.688598e-01
 1.063495e+00 -5.928563e-01 9.389809e-01
 1.230100e+00 -5.271353e-01 1.968224e+00
 1.095627e+00 -3.258595e-01 2.449877e+00
 7.798626e-01 2.325604e-03 2.755487e+00
 3.720550e-01 3.582585e-01 2.802502e+00
 -6.765659e-03 6.456638e-01 2.589069e+00
 -2.668271e-01 8.024765e-01 2.182271e+00
 -3.547811e-01 7.957568e-01 1.680185e+00
 -2.416165e-01 6.504398e-01 1.215618e+00
 -6.201856e-03 5.287911e-01 9.674825e-01
 2.448316e-01 4.021966e-01 8.126121e-01
 6.199996e-01 3.307804e-01 7.733302e-01
 1.104594e+00 4.298270e-01 8.072006e-01
 1.524284e+00 8.044740e-01 9.979452e-01
 1.657167e+00 1.357451e+00 1.149407e+00
 1.462930e+00 1.910331e+00 1.203128e+00
 9.907770e-01 2.291453e+00 1.149706e+00
 3.966220e-01 2.366169e+00 9.945837e-01
 -1.037987e-01 2.108682e+00 7.967789e-01
 -6.574409e-01 1.041039e+00 3.586780e-01
 -6.297827e-01 6.321949e-01 1.617366e-01
 -2.343892e-01 -1.353541e-01 -7.532262e-03
 -2.077296e-01 -5.471275e-01 -3.036346e-01
 -2.917773e-01 -7.807521e-01 -7.987230e-01
 -3.358701e-01 -6.862690e-01 -1.380546e+00
 -2.453834e-01 -2.943053e-01 -1.834415e+00
 -2.855172e-02 1.442855e-01 -1.979566e+00
 2.232359e-01 3.455804e-01 -1.965035e+00
 4.641232e-01 4.675359e-01 -2.021488e+00
 6.938353e-01 7.695252e-01 -2.159878e+00
 8.208203e-01 1.254226e+00 -2.162513e+00
 7.952333e-01 1.733123e+00 -1.948055e+00
 6.557153e-01 2.052353e+00 -1.544913e+00
 4.385058e-01 2.124120e+00 -1.069933e+00
 2.307961e-01 1.930801e+00 -6.299449e-01
 1.189682e-01 1.528258e+00 -3.371381e-01
 1.704829e-01 1.129699e+00 -2.411459e-01
 3.726639e-01 7.864995e-01 -1.802515e-01
 7.921739e-01 4.346725e-01 -2.162195e-01
 1.523299e+00 -4.268244e-01 -1.763169e-01
 1.679355e+00 -8.358777e-01 -1.720068e-02
 1.654762e+00 -1.219424e+00 2.500268e-01
 1.438622e+00 -1.515999e+00 5.987530e-01
 1.116481e+00 -1.626760e+00 9.179916e-01
 7.539558e-01 -1.547557e+00 1.157352e+00
 4.138300e-01 -1.331681e+00 1.250653e+00
 1.317096e-01 -1.016173e+00 1.215191e+00
 -7.681800e-02 -6.371467e-01 1.025543e+00
 -2.395433e-01 -4.842374e-01 9.860088e-01
 -1.355000e+00 1.300249e-01 8.355593e-01
 -1.755625e+00 2.366907e-01 5.902896e-01
 -2.077545e+00 1.600014e-01 2.330347e-01
 -2.246877e+00 -8.664719e-02 -1.509469e-01
 -2.228545e+00 -4.497956e-01 -4.725787e-01
 -2.017908e+00 -8.385581e-01 -6.722467e-01
 -1.647108e+00 -1.160592e+00 -7.146723e-01
 -1.222668e+00 -1.349845e+00 -5.709439e-01
 -8.635631e-01 -1.409041e+00 -2.451750e-01
 -6.998188e-01 -1.329758e+00 8.436158e-02
 -6.688999e-01 -1.269264e+00 3.806652e-01
 -8.584944e-01 -1.313362e+00 9.818180e-01
 -8.930395e-01 -1.193574e+00 1.372778e+00
 -7.900277e-01 -9.645389e-01 1.719476e+00
 -5.605514e-01 -6.659793e-01 1.945567e+00
 -2.299778e-01 -3.909112e-01 2.014392e+00
 4.496069e-01 1.269224e-01 1.778946e+00
