 1.437603e+00 -1.630536e+00 8.645574e-01
 1.117071e+00 -1.654966e+00 1.050703e+00
 7.433923e-01 -1.582158e+00 1.141638e+00
 3.906610e-01 -1.458644e+00 1.093112e+00
 9.972195e-02 -1.333520e+00 9.231977e-01
 -7.318802e-02 -1.243390e+00 6.904772e-01
 -1.868490e-01 -1.233526e+00 3.947630e-01
 -3.372501e-01 -1.393173e+00 2.498647e-02
 -3.564618e-01 -1.432076e+00 -3.926349e-01
 -3.781869e-01 -1.276820e+00 -8.057665e-01
 -3.995880e-01 -9.573303e-01 -1.108208e+00
 -3.468132e-01 -5.296748e-01 -1.257480e+00
 -2.064081e-01 -9.838216e-02 -1.219653e+00
 -8.643899e-02 3.632067e-01 -9.368595e-01
 -7.301622e-02 5.694148e-01 -8.977946e-01
 -1.157931e-01 8.190811e-01 -8.983204e-01
 -2.486574e-01 1.090985e+00 -8.513387e-01
 -4.709620e-01 1.310800e+00 -7.825509e-01
 -7.156792e-01 1.445320e+00 -6.725623e-01
 -9.668484e-01 1.497987e+00 -5.181679e-01
 -1.196906e+00 1.471230e+00 -3.263510e-01
 -1.367187e+00 1.380113e+00 -1.177022e-01
 -1.644514e+00 1.056971e+00 2.484960e-01
 -1.917270e+00 9.688063e-01 4.454296e-01
 -2.173162e+00 8.807841e-01 5.026166e-01
 -2.496889e+00 6.645953e-01 4.790527e-01
 -2.711128e+00 3.824305e-01 3.800595e-01
 -2.798718e+00 4.326459e-02 2.423265e-01
 -2.743112e+00 -2.984566e-01 1.026980e-01
 -2.538197e+00 -6.199099e-01 -4.939211e-02
 -2.245987e+00 -8.251670e-01 -1.653972e-01
 -1.892914e+00 -9.111308e-01 -2.498965e-01
 -1.526703e+00 -8.691084e-01 -2.907473e-01
 -7.295736e-01 -4.851864e-01 -2.567974e-01
 -5.344894e-01 -4.269860e-01 -2.363414e-01
 -3.309155e-01 -4.073666e-01 -2.403148e-01
 -1.456429e-01 -4.317886e-01 -2.494209e-01
 9.733910e-02 -5.078705e-01 -3.163698e-01
 3.005062e-01 -5.717074e-01 -4.585304e-01
 9.387949e-01 -1.110376e+00 -1.048168e+00
 1.202686e+00 -1.253643e+00 -1.156298e+00
 1.517332e+00 -1.335411e+00 -1.196638e+00
 1.843874e+00 -1.343822e+00 -1.161194e+00
 2.146167e+00 -1.278306e+00 -1.052972e+00
 2.430742e+00 -1.113543e+00 -8.733611e-01
 2.599269e+00 -8.952232e-01 -6.682614e-01
 2.649493e+00 -6.428511e-01 -4.447903e-01
 2.574503e+00 -3.857813e-01 -2.086698e-01
 2.378978e+00 -1.793569e-01 3.027564e-02
 2.095336e+00 -4.747578e-02 2.079126e-01
 1.651875e+00 6.068248e-02 3.037475e-01
 1.469622e+00 1.772117e-01 3.724859e-01
 1.330987e+00 3.237128e-01 4.747022e-01
 1.156326e+00 6.458207e-01 7.072043e-01
 9.335257e-01 8.726279e-01 8.239184e-01
 6.418395e-01 1.040994e+00 8.748730e-01
 3.349330e-01 1.134467e+00 8.439057e-01
 2.390165e-02 1.155997e+00 7.240962e-01
 -2.455650e-01 1.105820e+00 5.217893e-01
 -4.261245e-01 9.939687e-01 2.826596e-01
 -7.181202e-01 5.770019e-01 -1.090472e-01
 -9.386980e-01 4.892878e-01 -3.652708e-01
 -1.079467e+00 4.838141e-01 -7.297912e-01
 -1.078003e+00 5.472683e-01 -1.136489e+00
 -9.420883e-01 6.346671e-01 -1.469005e+00
 -6.821553e-01 6.957801e-01 -1.734442e+00
 -3.426944e-01 7.191371e-01 -1.886313e+00
 3.727615e-02 7.018867e-01 -1.906871e+00
 4.267538e-01 6.317969e-01 -1.787411e+00
 7.237036e-01 5.442803e-01 -1.539505e+00
 9.821814e-01 4.376466e-01 -1.037988e+00
 1.159176e+00 4.626639e-01 -7.769175e-01
 1.356427e+00 5.478996e-01 -5.925191e-01
 1.684211e+00 8.269338e-01 -3.840687e-01
 1.898955e+00 9.746552e-01 -1.008144e-01
 2.068399e+00 1.005831e+00 2.746376e-01
 2.164587e+00 9.116131e-01 6.127911e-01
 2.179882e+00 7.244099e-01 9.038582e-01
 2.104406e+00 4.680611e-01 1.133097e+00
 1.932121e+00 1.398343e-01 1.283266e+00
 1.717989e+00 -1.468836e-01 1.306450e+00
 1.480668e+00 -3.993254e-01 1.210389e+00
 1.251901e+00 -5.796141e-01 1.012583e+00
 9.701322e-01 -7.578082e-01 5.539944e-01
 8.304637e-01 -9.979972e-01 2.958206e-01
 7.948341e-01 -1.299808e+00 1.419374e-01
 7.206281e-01 -1.589769e+00 1.100147e-01
 5.629901e-01 -1.906263e+00 1.820098e-01
 3.163003e-01 -2.143216e+00 3.272866e-01
 -1.063914e-02 -2.256299e+00 5.033454e-01
 -3.685914e-01 -2.224922e+00 6.511189e-01
 -7.064662e-01 -2.050483e+00 7.587753e-01
 -9.567377e-01 -1.759630e+00 8.299473e-01
 -1.086698e+00 -1.395501e+00 8.575131e-01
 -1.081717e+00 -1.011019e+00 8.340545e-01
 -8.890948e-01 -5.239960e-01 7.428716e-01
 -8.397852e-01 -2.218745e-01 7.141323e-01
 -8.529186e-01 2.989156e-03 7.292230e-01
 -9.708024e-01 4.193485e-01 9.430873e-01
 -1.156939e+00 1.145134e+00 1.142758e+00
 -1.314232e+00 1.484350e+00 1.119766e+00
 -1.529383e+00 1.761344e+00 9.887491e-01
 -1.775266e+00 1.937868e+00 7.700502e-01
 -2.021451e+00 1.990258e+00 4.952593e-01
 -2.237050e+00 1.911685e+00 2.039768e-01
 -2.381432e+00 1.721250e+00 -6.811022e-02
 -2.425278e+00 1.449746e+00 -3.080628e-01
 -2.375177e+00 1.117922e+00 -4.717960e-01
 -2.256829e+00 7.672413e-01 -5.198132e-01
 -2.089494e+00 4.557564e-01 -4.460222e-01
 -1.922652e+00 2.016520e-01 -2.501412e-01
 -1.800297e+00 8.805825e-02 -4.175120e-02
 -1.752583e+00 -3.925220e-03 2.127574e-01
 -1.855590e+00 -1.492179e-01 6.329066e-01
 -1.824580e+00 -2.048282e-01 1.028560e+00
 -1.635858e+00 -2.483895e-01 1.388848e+00
 -1.327119e+00 -2.701342e-01 1.632904e+00
 -9.453576e-01 -2.639278e-01 1.737995e+00
 -5.453431e-01 -2.059951e-01 1.694435e+00
 -1.867944e-01 -1.064002e-01 1.500879e+00
 6.060810e-02 -3.851805e-03 1.185152e+00
 2.596441e-01 2.102224e-01 4.189997e-01
 3.646276e-01 3.860622e-01 1.110615e-01
 4.477162e-01 5.776442e-01 -2.547102e-02
 5.537387e-01 1.039289e+00 -1.774658e-01
 6.811963e-01 1.311785e+00 -4.417119e-01
 8.901257e-01 1.454400e+00 -7.647489e-01
 1.188437e+00 1.448855e+00 -1.083872e+00
 1.496074e+00 1.289325e+00 -1.313629e+00
 1.765521e+00 9.739209e-01 -1.444335e+00
 1.940364e+00 5.572622e-01 -1.445754e+00
 1.978169e+00 1.417290e-01 -1.314771e+00
 1.883663e+00 -2.035135e-01 -1.074430e+00
 1.634891e+00 -4.973180e-01 -6.072588e-01
 1.611047e+00 -7.458114e-01 -3.627414e-01
 1.802683e+00 -1.087458e+00 -1.155221e-02
 1.815521e+00 -1.306144e+00 3.001798e-01
 1.686030e+00 -1.499867e+00 6.097180e-01
