 8.228253e-01 1.958638e+00 7.899278e-01
 4.615817e-01 1.855764e+00 8.498858e-01
 -8.621016e-03 1.851978e+00 1.113966e+00
 -2.751806e-01 1.766629e+00 1.224179e+00
 -5.458735e-01 1.615753e+00 1.266101e+00
 -7.835672e-01 1.419307e+00 1.229640e+00
 -9.592149e-01 1.186757e+00 1.128571e+00
 -1.062286e+00 9.305632e-01 9.640648e-01
 -1.082705e+00 6.960026e-01 7.377262e-01
 -1.031088e+00 5.254819e-01 4.650193e-01
 -9.392937e-01 4.650404e-01 2.053744e-01
 -9.399439e-01 4.564292e-01 -8.591468e-02
 -1.096695e+00 4.501965e-01 -6.156883e-01
 -1.098406e+00 3.706993e-01 -9.656740e-01
 -1.004178e+00 2.239857e-01 -1.272114e+00
 -8.361544e-01 1.652773e-02 -1.495605e+00
 -6.143016e-01 -2.336457e-01 -1.613245e+00
 -1.963063e-01 -6.640122e-01 -1.605344e+00
 -6.409896e-02 -8.366937e-01 -1.643408e+00
 6.151325e-02 -1.030971e+00 -1.742518e+00
 1.151983e-01 -1.361370e+00 -1.829172e+00
 1.117819e-01 -1.745867e+00 -1.792638e+00
 5.531901e-02 -2.067657e+00 -1.632218e+00
 -1.678103e-02 -2.314381e+00 -1.348751e+00
 -7.206993e-02 -2.436696e+00 -9.815544e-01
 -1.073832e-01 -2.412213e+00 -5.765163e-01
 -1.277278e-01 -2.245859e+00 -2.245955e-01
 -1.425330e-01 -1.960580e+00 3.870877e-02
 -1.009352e-01 -1.476868e+00 2.318494e-01
 -6.319312e-02 -1.284872e+00 3.802568e-01
 -2.216778e-02 -1.170068e+00 5.531671e-01
 1.327653e-01 -1.032729e+00 9.720590e-01
 2.177379e-01 -8.537128e-01 1.221099e+00
 2.604651e-01 -6.129866e-01 1.408683e+00
 2.585976e-01 -3.489631e-01 1.518911e+00
 2.316572e-01 -8.136730e-02 1.544611e+00
 1.856768e-01 1.953004e-01 1.484245e+00
 9.863064e-02 4.457513e-01 1.356088e+00
 -9.984485e-03 6.698156e-01 1.141699e+00
 -7.606820e-02 9.119232e-01 6.981761e-01
 -1.679029e-01 1.068422e+00 4.877574e-01
 -3.481118e-01 1.291394e+00 3.101930e-01
 -6.847551e-01 1.458258e+00 1.627099e-01
 -1.099457e+00 1.472385e+00 5.484932e-02
 -1.497936e+00 1.314616e+00 -8.771270e-04
 -1.800154e+00 1.019775e+00 5.808516e-03
 -1.952555e+00 6.362188e-01 3.199683e-02
 -1.932129e+00 2.104749e-01 7.285008e-02
 -1.737834e+00 -1.766374e-01 1.500513e-01
 -1.291773e+00 -5.353296e-01 2.769483e-01
 -1.122219e+00 -8.603667e-01 3.438441e-01
 -9.843145e-01 -1.479045e+00 7.862040e-01
 -7.243938e-01 -1.776202e+00 9.998245e-01
 -3.158852e-01 -1.993098e+00 1.101637e+00
 7.657283e-02 -2.070716e+00 1.072344e+00
 4.367110e-01 -2.032749e+00 9.275859e-01
 7.352066e-01 -1.863663e+00 6.926115e-01
 9.250190e-01 -1.552833e+00 4.173337e-01
 9.363378e-01 -1.220362e+00 1.782114e-01
 7.037217e-01 -7.664280e-01 -1.849830e-01
 6.101270e-01 -6.062165e-01 -4.969359e-01
 8.054355e-01 -3.555487e-01 -1.477024e+00
 7.674906e-01 -2.667566e-01 -1.751220e+00
 6.348579e-01 -2.276148e-01 -2.055929e+00
 4.271464e-01 -2.583266e-01 -2.319278e+00
 1.667055e-01 -3.591545e-01 -2.512609e+00
 -1.193232e-01 -5.204736e-01 -2.612291e+00
 -3.959135e-01 -7.264568e-01 -2.604473e+00
 -6.391841e-01 -9.434543e-01 -2.482868e+00
 -8.208044e-01 -1.148461e+00 -2.254397e+00
 -9.071198e-01 -1.321704e+00 -1.947461e+00
 -8.820496e-01 -1.440246e+00 -1.602846e+00
 -7.384285e-01 -1.499291e+00 -1.266146e+00
 -4.953492e-01 -1.488204e+00 -9.938913e-01
 -2.350125e-01 -1.432648e+00 -8.464172e-01
 3.683371e-02 -1.416859e+00 -8.080105e-01
 4.956511e-01 -1.560915e+00 -8.369095e-01
 8.830257e-01 -1.530507e+00 -8.719165e-01
 1.225798e+00 -1.378772e+00 -8.533667e-01
 1.477925e+00 -1.144537e+00 -7.670386e-01
 1.626917e+00 -8.371033e-01 -6.268934e-01
 1.642964e+00 -4.766946e-01 -4.827370e-01
 1.510602e+00 -1.267549e-01 -3.539405e-01
 1.251396e+00 1.546199e-01 -2.646191e-01
 8.544139e-01 3.671069e-01 -2.491840e-01
 6.033766e-01 5.812822e-01 -2.150817e-01
 5.082554e-01 7.564352e-01 -2.232980e-01
 4.584716e-01 1.112820e+00 -3.003117e-01
 4.606311e-01 1.397453e+00 -2.918569e-01
 3.215209e-01 2.250550e+00 -8.222114e-02
 2.889702e-01 2.538737e+00 1.064190e-01
 2.916684e-01 2.752688e+00 3.798667e-01
 3.315929e-01 2.867150e+00 7.068085e-01
 4.065766e-01 2.867751e+00 1.049485e+00
 5.103590e-01 2.752707e+00 1.367079e+00
 6.300010e-01 2.534291e+00 1.619247e+00
 7.344253e-01 2.236341e+00 1.776271e+00
 7.972867e-01 1.891299e+00 1.824688e+00
 8.463671e-01 1.545120e+00 1.747087e+00
 8.852564e-01 1.259023e+00 1.563618e+00
 9.272821e-01 1.040963e+00 1.275206e+00
 9.471020e-01 9.585515e-01 9.679635e-01
 1.020469e+00 9.708834e-01 6.797251e-01
 1.363519e+00 1.122962e+00 2.302382e-01
 1.474868e+00 1.193489e+00 -2.047826e-01
 1.430413e+00 1.141058e+00 -6.159530e-01
 1.230772e+00 9.948757e-01 -9.662213e-01
 8.929160e-01 7.960511e-01 -1.190574e+00
 4.606179e-01 5.626447e-01 -1.233648e+00
 1.270877e-01 3.747029e-01 -1.093411e+00
 -1.547492e-01 4.632386e-02 -7.345518e-01
 -3.796870e-01 -3.188366e-01 -5.902185e-01
 -1.221741e+00 -8.074192e-01 -7.055946e-01
 -1.539740e+00 -9.981879e-01 -6.056995e-01
 -1.816152e+00 -1.140593e+00 -3.751460e-01
 -2.009835e+00 -1.209408e+00 -5.074509e-02
 -2.098891e+00 -1.187771e+00 3.160037e-01
 -2.079867e+00 -1.073110e+00 6.753616e-01
 -1.950453e+00 -8.890744e-01 9.796680e-01
 -1.715237e+00 -7.022693e-01 1.193362e+00
 -1.401883e+00 -5.386404e-01 1.297161e+00
 -1.059316e+00 -3.961120e-01 1.270612e+00
 -7.401553e-01 -2.916979e-01 1.117006e+00
 -2.491134e-01 -1.565811e-01 6.001602e-01
 -5.556327e-02 -1.313320e-01 5.194396e-01
 3.646660e-01 -1.184944e-01 5.248311e-01
 1.291584e+00 -4.479481e-03 8.352059e-01
 1.599676e+00 1.647823e-01 9.452265e-01
 1.828262e+00 4.402378e-01 1.039576e+00
 1.944716e+00 7.856665e-01 1.108353e+00
 1.933566e+00 1.203734e+00 1.138802e+00
 1.788693e+00 1.564781e+00 1.096800e+00
 1.520620e+00 1.842541e+00 1.004700e+00
 1.175550e+00 1.975942e+00 8.757960e-01
