 1.098424e-01 -2.129132e-01 -7.367864e-01
 2.033933e-01 -8.859867e-01 5.224593e-01
 1.852090e-01 -8.595742e-01 1.156758e+00
 8.960036e-02 -3.904515e-01 1.690178e+00
 -1.089285e-01 2.971089e-01 1.792909e+00
 -2.116511e-01 9.033732e-01 1.420497e+00
 -1.665776e-01 1.154433e+00 7.516379e-01
 -9.944797e-02 8.580442e-01 -9.239618e-02
 -1.819737e-02 9.602715e-01 -4.959991e-01
 -5.220694e-02 1.213319e+00 -8.437434e-01
 -2.552800e-01 1.553529e+00 -1.096780e+00
 -6.353528e-01 1.880798e+00 -1.183910e+00
 -1.085556e+00 2.058711e+00 -1.083647e+00
 -1.462700e+00 2.028833e+00 -9.147838e-01
 -1.722442e+00 1.853108e+00 -8.068321e-01
 -1.916586e+00 1.715997e+00 -8.078737e-01
 -2.172127e+00 1.641201e+00 -7.891068e-01
 -2.474475e+00 1.579419e+00 -6.456122e-01
 -2.722929e+00 1.518470e+00 -3.642463e-01
 -2.851317e+00 1.432106e+00 6.535889e-03
 -2.819360e+00 1.316689e+00 4.133353e-01
 -2.607906e+00 1.194555e+00 7.824006e-01
 -2.241221e+00 1.058051e+00 1.023218e+00
 -1.782849e+00 9.418876e-01 1.067345e+00
 -1.331598e+00 8.296964e-01 8.744558e-01
 -1.086924e+00 7.191290e-01 5.584786e-01
 -1.034450e+00 5.563122e-01 2.719028e-01
 -1.010168e+00 4.233989e-01 1.402509e-01
 -9.933239e-01 2.610858e-01 3.142364e-02
 -9.511944e-01 2.669888e-02 -5.780105e-02
 -8.154789e-01 -8.020104e-01 -1.261757e-01
 -7.387580e-01 -1.038015e+00 -1.346159e-01
 -5.593685e-01 -1.326097e+00 -1.310932e-01
 -2.797417e-01 -1.577745e+00 -9.377874e-02
 2.364674e-01 -1.828764e+00 3.695019e-02
 4.220376e-01 -1.980139e+00 5.052130e-02
 5.714985e-01 -2.179486e+00 5.681156e-02
 7.322008e-01 -2.411078e+00 -5.006655e-02
 8.700493e-01 -2.564651e+00 -2.078489e-01
 1.047380e+00 -2.659997e+00 -4.357192e-01
 1.248813e+00 -2.657190e+00 -6.784318e-01
 1.448895e+00 -2.555431e+00 -9.023333e-01
 1.642720e+00 -2.364380e+00 -1.078671e+00
 1.789662e+00 -2.105627e+00 -1.198258e+00
 1.870553e+00 -1.784473e+00 -1.263593e+00
 1.867924e+00 -1.415392e+00 -1.251614e+00
 1.756009e+00 -1.029457e+00 -1.127597e+00
 1.305693e+00 -4.261310e-01 -6.187129e-01
 1.201072e+00 -3.060737e-01 -4.718219e-01
 1.127680e+00 -1.843926e-01 -2.973006e-01
 1.055614e+00 -4.950873e-02 -1.773474e-01
 9.629679e-01 9.818171e-02 -9.148322e-02
 8.893795e-01 3.299431e-01 -1.262381e-02
 8.675614e-01 5.653924e-01 3.119919e-02
 9.031416e-01 9.074860e-01 4.673885e-02
 8.506869e-01 1.228572e+00 2.542673e-02
 6.861024e-01 1.541525e+00 -1.572014e-02
 4.051515e-01 1.790883e+00 -6.370339e-02
 2.743757e-02 1.925009e+00 -1.025362e-01
 -3.752305e-01 1.892685e+00 -1.266372e-01
 -6.962308e-01 1.714553e+00 -1.647002e-01
 -9.194808e-01 1.433390e+00 -2.689205e-01
 -1.065574e+00 1.088047e+00 -6.085749e-01
 -1.201955e+00 1.000755e+00 -1.124869e+00
 -1.471977e+00 1.238344e+00 -1.630078e+00
 -1.817715e+00 1.696258e+00 -1.850977e+00
 -2.142179e+00 2.188319e+00 -1.714486e+00
 -2.333732e+00 2.554645e+00 -1.286516e+00
 -2.375715e+00 2.662324e+00 -7.080709e-01
 -2.246883e+00 2.484558e+00 -1.614020e-01
 -2.014145e+00 2.050387e+00 1.849393e-01
 -1.814646e+00 1.539985e+00 1.973140e-01
 -1.864168e+00 1.128935e+00 4.024143e-02
 -2.039176e+00 6.983390e-01 5.508428e-02
 -2.014450e+00 1.753136e-01 3.646892e-01
 -1.599069e+00 -2.037048e-01 7.709969e-01
 -9.091703e-01 -2.598713e-01 9.684429e-01
 -2.480804e-01 3.316660e-02 7.705885e-01
 -7.456973e-02 9.101727e-02 7.473867e-01
 1.608204e-01 1.358339e-01 7.641637e-01
 3.859145e-01 2.215440e-01 8.542522e-01
 5.881650e-01 3.336441e-01 9.754838e-01
 1.178825e+00 6.753984e-01 1.302492e+00
 1.627256e+00 7.738599e-01 1.412799e+00
 2.200468e+00 6.513076e-01 1.353785e+00
 2.617599e+00 3.038712e-01 1.109387e+00
 2.735764e+00 -1.295851e-01 7.808676e-01
 2.569611e+00 -5.014190e-01 4.421493e-01
 2.239377e+00 -7.024258e-01 2.051301e-01
 1.812026e+00 -8.407292e-01 1.457235e-01
 1.370392e+00 -9.565071e-01 3.368128e-01
 9.488810e-01 -1.547667e+00 8.215600e-01
 6.660193e-01 -1.783268e+00 1.015922e+00
 3.783948e-01 -2.025458e+00 1.070177e+00
 5.530932e-02 -2.306347e+00 9.555452e-01
 -2.176628e-01 -2.561957e+00 6.250365e-01
 -3.301621e-01 -2.704264e+00 1.151161e-01
 -2.259846e-01 -2.642286e+00 -4.436490e-01
 7.794992e-02 -2.350651e+00 -8.651350e-01
 5.128917e-01 -1.964813e+00 -9.874416e-01
 9.291159e-01 -1.671134e+00 -7.934173e-01
 1.228769e+00 -1.626603e+00 -4.819398e-01
 1.733689e+00 -1.886485e+00 -6.228849e-02
 2.035332e+00 -1.823881e+00 4.519713e-01
 2.118444e+00 -1.468852e+00 9.506718e-01
 1.966316e+00 -8.924382e-01 1.225398e+00
 1.749507e+00 -3.249887e-01 1.098430e+00
 1.672439e+00 -1.847513e-02 7.434309e-01
 1.985510e+00 5.148195e-01 4.292063e-02
 1.585378e+00 6.968104e-01 -8.051112e-01
 7.011628e-01 4.474470e-01 -1.115566e+00
