 1.587042e+00 -2.090539e+00 -2.197392e-01
 1.564667e+00 -2.081997e+00 9.655529e-02
 1.510072e+00 -1.985008e+00 3.868015e-01
 1.429620e+00 -1.814935e+00 6.252952e-01
 1.332045e+00 -1.590577e+00 7.950153e-01
 1.224952e+00 -1.334049e+00 8.856440e-01
 1.115803e+00 -1.067419e+00 8.937872e-01
 1.017495e+00 -8.261406e-01 8.258321e-01
 4.669593e-01 1.002750e-01 2.397556e-01
 4.684617e-01 3.978021e-01 7.242616e-02
 7.983645e-01 9.986186e-01 -1.564093e-01
 9.594933e-01 1.325266e+00 -6.094161e-01
 8.639165e-01 1.486338e+00 -1.202446e+00
 5.721065e-01 1.374022e+00 -1.665689e+00
 1.962087e-01 9.496468e-01 -1.967208e+00
 -1.135845e-01 4.359811e-01 -1.925588e+00
 -4.113757e-01 -1.570774e-01 -1.422042e+00
 -7.035983e-01 -3.956946e-01 -1.297154e+00
 -1.092575e+00 -7.811308e-01 -1.361620e+00
 -1.335272e+00 -1.018316e+00 -1.289054e+00
 -1.551107e+00 -1.205582e+00 -1.124120e+00
 -1.720324e+00 -1.334491e+00 -8.868844e-01
 -1.820211e+00 -1.405573e+00 -5.993832e-01
 -1.846027e+00 -1.410296e+00 -2.863250e-01
 -1.789912e+00 -1.351482e+00 2.627793e-02
 -1.651314e+00 -1.221386e+00 3.215401e-01
 -1.477438e+00 -1.055401e+00 5.198889e-01
 -1.264576e+00 -8.596594e-01 6.361219e-01
 -7.936000e-01 -4.493088e-01 6.833466e-01
 -5.428375e-01 -2.860486e-01 7.519106e-01
 -2.923914e-01 -2.219929e-01 8.727609e-01
 3.121075e-01 -1.230132e-01 1.581333e+00
 5.503268e-01 2.821244e-02 1.799528e+00
 7.729468e-01 2.801021e-01 1.941559e+00
 9.566988e-01 6.161074e-01 1.990950e+00
 1.052458e+00 9.404635e-01 1.939803e+00
 1.070553e+00 1.246110e+00 1.796287e+00
 1.006053e+00 1.504282e+00 1.572656e+00
 8.518571e-01 1.695884e+00 1.262900e+00
 6.425093e-01 1.758176e+00 9.467946e-01
 4.050722e-01 1.688264e+00 6.670445e-01
 -7.544985e-02 1.337952e+00 2.785936e-01
 -3.084057e-01 1.250339e+00 1.403232e-01
 -4.778820e-01 1.232804e+00 7.232302e-02
 -8.427889e-01 1.332510e+00 -5.752874e-02
 -1.180479e+00 1.309062e+00 -1.673324e-01
 -1.499415e+00 1.169739e+00 -2.962555e-01
 -1.721635e+00 9.774829e-01 -3.740557e-01
 -1.860529e+00 7.486033e-01 -4.227023e-01
 -1.916666e+00 4.851990e-01 -4.591846e-01
 -1.882602e+00 1.883003e-01 -4.762569e-01
 -1.721977e+00 -1.866579e-01 -4.647260e-01
 -1.502049e+00 -4.426864e-01 -4.186014e-01
 -1.119173e+00 -6.714457e-01 -3.497071e-01
 -9.763366e-01 -8.537426e-01 -3.478995e-01
 -8.260225e-01 -1.254897e+00 -3.761021e-01
 -6.876431e-01 -1.459274e+00 -3.830104e-01
 -5.080364e-01 -1.622946e+00 -3.765719e-01
 -2.858742e-01 -1.743020e+00 -3.618822e-01
 -5.559783e-02 -1.796855e+00 -3.497625e-01
 1.951203e-01 -1.788598e+00 -3.222878e-01
 4.547356e-01 -1.712490e+00 -2.709140e-01
 6.658455e-01 -1.586894e+00 -2.110974e-01
 9.279920e-01 -1.320827e+00 -1.235674e-01
 1.122472e+00 -1.185314e+00 -1.104238e-01
 1.347682e+00 -1.108847e+00 -1.073920e-01
 1.550439e+00 -1.046274e+00 -1.732986e-01
 1.791254e+00 -9.220001e-01 -3.507541e-01
 1.935466e+00 -7.862095e-01 -5.391526e-01
 2.006500e+00 -6.237786e-01 -7.423854e-01
 2.005839e+00 -4.383530e-01 -9.381429e-01
 1.935419e+00 -2.403332e-01 -1.107254e+00
 1.795390e+00 -4.496651e-02 -1.243550e+00
 1.588070e+00 1.550083e-01 -1.330820e+00
 1.364665e+00 3.023255e-01 -1.357079e+00
 1.114014e+00 4.029267e-01 -1.336002e+00
 8.747030e-01 4.461714e-01 -1.272493e+00
 6.200327e-01 4.697670e-01 -1.130067e+00
 4.768908e-01 5.147773e-01 -1.053994e+00
 3.227440e-01 5.927330e-01 -9.907211e-01
 1.796409e-01 7.029963e-01 -9.468471e-01
 1.536262e-02 9.461695e-01 -8.886459e-01
 -7.378572e-02 1.188202e+00 -8.645054e-01
 -1.049010e-01 1.534089e+00 -8.179698e-01
 -1.362200e-01 1.801462e+00 -6.954110e-01
 -1.980888e-01 2.029037e+00 -4.993988e-01
 -2.918078e-01 2.186487e+00 -2.576633e-01
 -4.070822e-01 2.261890e+00 1.253350e-02
 -5.342800e-01 2.247762e+00 2.814523e-01
 -6.438561e-01 2.150859e+00 5.230674e-01
 -7.207961e-01 1.976807e+00 7.398455e-01
 -7.749684e-01 1.726286e+00 9.128176e-01
 -8.001885e-01 1.421382e+00 1.013871e+00
 -7.659982e-01 9.197825e-01 1.047907e+00
 -7.653106e-01 6.678841e-01 1.173927e+00
 -8.896423e-01 3.288016e-01 1.494407e+00
 -9.408113e-01 2.791285e-02 1.634754e+00
 -9.100949e-01 -3.092020e-01 1.702580e+00
 -7.996910e-01 -6.331543e-01 1.686727e+00
 -6.364024e-01 -9.044075e-01 1.580576e+00
 -4.551114e-01 -1.095283e+00 1.396588e+00
 -2.702931e-01 -1.213935e+00 1.115281e+00
 -1.323453e-01 -1.228156e+00 7.855483e-01
 -4.222402e-02 -1.129430e+00 4.613265e-01
 -9.689020e-03 -8.979392e-01 1.187988e-01
 4.108908e-02 -7.925313e-01 -1.263682e-01
 6.719786e-02 -7.758094e-01 -3.161109e-01
 6.923249e-02 -8.187612e-01 -5.969093e-01
 5.401697e-02 -1.108375e+00 -1.302730e+00
 -1.031576e-01 -1.097711e+00 -1.789204e+00
 -3.745316e-01 -8.909862e-01 -2.167699e+00
 -7.077682e-01 -5.516466e-01 -2.343088e+00
 -1.042097e+00 -1.978387e-01 -2.271671e+00
 -1.250077e+00 1.384822e-01 -2.003328e+00
 -1.269240e+00 4.324259e-01 -1.594416e+00
 -1.121969e+00 5.546306e-01 -1.151766e+00
 -8.747142e-01 4.146156e-01 -6.017959e-01
 -8.752067e-01 3.189663e-01 -1.704244e-01
 -1.047093e+00 3.315491e-01 1.060308e-01
 -1.551535e+00 4.591045e-01 5.692346e-01
 -1.716622e+00 6.078588e-01 8.038460e-01
 -1.781752e+00 7.948797e-01 1.106692e+00
 -1.716564e+00 9.833453e-01 1.425166e+00
 -1.543506e+00 1.115856e+00 1.702679e+00
 -1.281398e+00 1.196982e+00 1.913810e+00
 -9.593874e-01 1.225372e+00 2.029007e+00
 -6.031513e-01 1.208861e+00 2.031060e+00
 -2.281326e-01 1.155389e+00 1.897273e+00
 5.427366e-02 1.051271e+00 1.657335e+00
 2.361921e-01 8.821110e-01 1.315531e+00
 3.497303e-01 8.113466e-01 1.182475e+00
 4.282901e-01 7.778170e-01 1.122617e+00
 5.897674e-01 7.327764e-01 1.044294e+00
 8.874711e-01 6.801267e-01 9.638104e-01
 1.161870e+00 5.950161e-01 8.193927e-01
 1.346739e+00 5.007598e-01 6.450616e-01
 1.464283e+00 3.923457e-01 4.410696e-01
 1.511530e+00 2.764611e-01 2.189592e-01
 1.486276e+00 1.564416e-01 -9.519772e-03
 1.386449e+00 3.900607e-02 -2.327556e-01
 1.259590e+00 -4.544524e-02 -3.798200e-01
 1.045354e+00 -2.561915e-01 -5.599220e-01
 9.824350e-01 -4.370661e-01 -7.757860e-01
 1.020263e+00 -6.586610e-01 -9.773392e-01
 1.101986e+00 -9.840055e-01 -1.104759e+00
 1.226568e+00 -1.305686e+00 -1.114298e+00
 1.362605e+00 -1.605420e+00 -1.005692e+00
 1.488479e+00 -1.843835e+00 -8.000889e-01
 1.566443e+00 -2.007855e+00 -5.284159e-01
