 1.438927e+00 -1.005713e+00 5.367224e-01
 1.294776e+00 -1.054464e+00 2.729543e-01
 1.078340e+00 -1.009345e+00 1.692195e-03
 9.431997e-01 -8.808263e-01 -1.806010e-01
 8.700004e-01 -7.330450e-01 -3.496973e-01
 8.373798e-01 -5.328100e-01 -5.203437e-01
 8.682309e-01 -9.269556e-02 -7.763985e-01
 8.680657e-01 -6.287489e-03 -8.167306e-01
 8.492384e-01 1.491501e-01 -8.950356e-01
 8.443048e-01 3.183952e-01 -1.022434e+00
 8.533515e-01 4.127731e-01 -1.121383e+00
 8.967661e-01 5.307165e-01 -1.276668e+00
 9.097738e-01 6.159692e-01 -1.498504e+00
 8.538048e-01 6.725336e-01 -1.767949e+00
 7.270148e-01 7.077016e-01 -2.002934e+00
 5.429045e-01 7.370249e-01 -2.192461e+00
 3.085103e-01 7.578018e-01 -2.325180e+00
 3.852205e-02 7.803302e-01 -2.390402e+00
 -2.422850e-01 8.147207e-01 -2.378823e+00
 -5.146261e-01 8.423952e-01 -2.286845e+00
 -7.585746e-01 8.480455e-01 -2.119949e+00
 -9.493333e-01 8.316656e-01 -1.890204e+00
 -1.068227e+00 7.979807e-01 -1.614336e+00
 -1.102121e+00 7.538294e-01 -1.315652e+00
 -1.001598e+00 6.629573e-01 -7.860508e-01
 -9.741549e-01 6.112417e-01 -6.145913e-01
 -9.828624e-01 5.251893e-01 -4.259730e-01
 -1.021110e+00 4.055060e-01 -2.583632e-01
 -1.113858e+00 2.889011e-01 -9.034576e-02
 -1.349763e+00 1.291663e-01 1.654031e-01
 -1.467838e+00 -7.452938e-02 4.686228e-01
 -1.440527e+00 -2.954499e-01 7.488196e-01
 -1.264081e+00 -5.304580e-01 1.020582e+00
 -9.798136e-01 -7.074726e-01 1.205237e+00
 -5.072686e-01 -8.127842e-01 1.341547e+00
 -2.282135e-01 -9.816192e-01 1.616682e+00
 -1.841881e-02 -9.614834e-01 2.015686e+00
 1.897678e-01 -6.442780e-01 2.435757e+00
 3.487645e-01 -1.509581e-01 2.613616e+00
 4.904996e-01 3.738094e-01 2.491344e+00
 5.568749e-01 7.722112e-01 2.101142e+00
 5.194457e-01 9.335698e-01 1.549648e+00
 2.464267e-01 6.363181e-01 3.052389e-01
 1.173644e-01 2.935179e-01 -2.067392e-01
 -3.724441e-01 -3.034552e-01 -7.577466e-01
 -1.137118e+00 -4.044110e-01 -9.613776e-01
 -1.834400e+00 -8.800850e-03 -8.454776e-01
 -2.051852e+00 6.943950e-01 -4.692120e-01
 -1.686237e+00 1.194444e+00 5.863370e-02
 -8.897901e-01 1.325644e+00 3.304213e-01
 -5.093694e-01 1.678794e+00 4.768977e-01
 -1.432031e-01 2.168576e+00 2.116719e-01
 8.450553e-02 2.398353e+00 -4.523517e-01
 1.591999e-01 2.149484e+00 -1.132523e+00
 8.069263e-02 1.532573e+00 -1.497867e+00
 -9.243144e-02 7.183289e-01 -1.358360e+00
 -1.063136e-01 3.616453e-01 -1.475068e+00
 9.805891e-02 -3.883331e-02 -1.667475e+00
 5.408817e-01 -3.177738e-01 -1.784609e+00
 1.070199e+00 -3.697142e-01 -1.766677e+00
 1.530796e+00 -2.289032e-01 -1.579030e+00
 1.815389e+00 5.099070e-02 -1.261520e+00
 1.867157e+00 4.246337e-01 -9.188491e-01
 1.678307e+00 7.982581e-01 -6.375912e-01
 1.300291e+00 1.079468e+00 -4.758118e-01
 2.913273e-01 1.339004e+00 -4.442328e-01
 -1.557164e-01 1.329453e+00 -4.514102e-01
 -4.987079e-01 1.505922e+00 -5.942199e-01
 -7.699859e-01 1.778256e+00 -5.950206e-01
 -1.056663e+00 2.131556e+00 -3.386904e-01
 -1.281874e+00 2.298059e+00 9.787713e-02
 -1.424797e+00 2.215277e+00 5.880050e-01
 -1.423989e+00 1.912940e+00 1.019630e+00
 -1.295300e+00 1.450677e+00 1.275467e+00
 -1.073633e+00 9.661059e-01 1.282141e+00
 -5.593458e-01 2.157673e-01 8.162417e-01
 -5.035188e-01 1.068745e-01 7.404210e-01
 -4.642825e-01 -1.289443e-02 6.531536e-01
 -4.339742e-01 -2.016287e-01 4.942054e-01
 -5.159085e-01 -4.635588e-01 3.180760e-01
 -9.247163e-01 -9.222223e-01 -5.332441e-02
 -1.052455e+00 -1.409084e+00 -1.917476e-01
 -9.693677e-01 -1.923745e+00 -1.746448e-01
 -6.958623e-01 -2.334797e+00 -9.022246e-03
 -2.997031e-01 -2.541891e+00 2.710326e-01
 9.419122e-02 -2.491160e+00 5.839008e-01
 4.272441e-01 -2.183871e+00 8.683140e-01
 5.879636e-01 -1.706771e+00 1.029102e+00
 5.416289e-01 -1.251944e+00 1.032461e+00
 4.296646e-01 -6.727957e-01 7.136113e-01
 5.951509e-01 -3.158460e-01 5.909068e-01
 9.474571e-01 -8.269001e-02 4.817545e-01
 1.395887e+00 -2.067802e-02 1.895345e-01
 1.744242e+00 -2.068199e-01 -1.272507e-01
 1.894306e+00 -5.954805e-01 -5.012622e-01
 1.789050e+00 -1.049319e+00 -7.631217e-01
 1.481199e+00 -1.466188e+00 -8.481852e-01
 1.056198e+00 -1.741477e+00 -7.461170e-01
 6.201158e-01 -1.812810e+00 -4.917028e-01
 -1.217932e-01 -1.510989e+00 2.791856e-01
 -3.001043e-01 -1.526022e+00 5.181189e-01
 -7.247974e-01 -1.787910e+00 1.072007e+00
 -9.650754e-01 -1.736189e+00 1.531766e+00
 -1.098076e+00 -1.464947e+00 1.935034e+00
 -1.088449e+00 -1.049938e+00 2.199735e+00
 -9.517183e-01 -5.782289e-01 2.266146e+00
 -7.178390e-01 -1.805476e-01 2.128934e+00
 -4.136862e-01 3.561579e-02 1.910330e+00
 -1.148758e-01 5.958802e-02 1.700693e+00
 2.128084e-01 -5.993169e-02 1.554824e+00
 6.711611e-01 -1.800968e-01 1.604481e+00
 9.724300e-01 -3.333142e-01 1.544925e+00
 1.289862e+00 -5.533735e-01 1.334243e+00
 1.449009e+00 -7.229993e-01 1.089011e+00
 1.495420e+00 -8.858371e-01 8.125051e-01
