 -6.998904e-01 9.761509e-01 1.621385e+00
 -7.772910e-01 6.460870e-01 1.444177e+00
 -8.778319e-01 2.895645e-01 1.019907e+00
 -1.060126e+00 4.470143e-02 7.827193e-01
 -1.191730e+00 -7.228128e-02 7.199309e-01
 -1.495093e+00 -2.342964e-01 6.689057e-01
 -1.737646e+00 -3.433678e-01 5.371857e-01
 -1.943448e+00 -5.071987e-01 3.078271e-01
 -2.040060e+00 -6.840137e-01 4.961226e-02
 -2.037893e+00 -8.270404e-01 -2.370721e-01
 -1.922818e+00 -9.277829e-01 -5.531062e-01
 -1.688708e+00 -9.936840e-01 -8.229591e-01
 -1.329485e+00 -1.035018e+00 -1.010298e+00
 -1.000111e+00 -1.069996e+00 -1.038030e+00
 -7.700139e-01 -1.129234e+00 -9.665991e-01
 -5.878576e-01 -1.223778e+00 -9.015233e-01
 -4.349264e-01 -1.347595e+00 -8.062873e-01
 -2.583777e-01 -1.530587e+00 -6.193498e-01
 -5.140460e-02 -1.626446e+00 -4.193536e-01
 1.689899e-01 -1.640815e+00 -2.355909e-01
 3.762217e-01 -1.586330e+00 -7.988735e-02
 6.327384e-01 -1.430774e+00 1.168923e-01
 7.868576e-01 -1.241925e+00 2.696242e-01
 1.006850e+00 -6.642834e-01 6.202674e-01
 1.146381e+00 -5.053262e-01 7.624516e-01
 1.267871e+00 -4.112547e-01 8.989240e-01
 1.483935e+00 -3.479546e-01 1.057812e+00
 1.763521e+00 -3.297333e-01 1.166090e+00
 2.056376e+00 -3.538932e-01 1.193702e+00
 2.334865e+00 -4.076523e-01 1.144941e+00
 2.580156e+00 -4.766850e-01 1.024546e+00
 2.781493e+00 -5.528037e-01 8.402434e-01
 2.926085e+00 -6.304125e-01 5.947946e-01
 2.992456e+00 -7.076574e-01 2.976976e-01
 2.956470e+00 -7.726622e-01 -3.246649e-02
 2.797023e+00 -8.184052e-01 -3.580997e-01
 2.511633e+00 -8.219182e-01 -6.295777e-01
 2.130213e+00 -7.672456e-01 -7.841033e-01
 1.723907e+00 -6.491532e-01 -7.776641e-01
 1.368224e+00 -4.560267e-01 -6.074635e-01
 1.142943e+00 -2.239136e-01 -2.944969e-01
 1.134153e+00 9.384037e-02 -4.607554e-02
 1.196243e+00 2.545738e-01 1.042526e-01
 1.218776e+00 3.894810e-01 2.984034e-01
 1.170754e+00 5.599543e-01 5.064601e-01
 1.068778e+00 7.419711e-01 6.654696e-01
 9.187267e-01 8.988130e-01 7.790579e-01
 7.263338e-01 1.026985e+00 8.525774e-01
 5.064162e-01 1.117985e+00 8.857767e-01
 2.718008e-01 1.169840e+00 8.829315e-01
 4.277841e-02 1.190726e+00 8.361503e-01
 -2.703701e-01 1.184531e+00 7.021825e-01
 -5.181789e-01 1.224686e+00 6.486422e-01
 -6.947062e-01 1.301205e+00 6.480365e-01
 -1.024306e+00 1.583521e+00 6.601588e-01
 -1.340270e+00 1.750525e+00 5.548638e-01
 -1.727560e+00 1.792600e+00 3.788449e-01
 -2.051526e+00 1.680702e+00 1.936744e-01
 -2.269101e+00 1.450659e+00 -1.356223e-02
 -2.365612e+00 1.099784e+00 -2.550744e-01
 -2.301095e+00 7.499402e-01 -4.426856e-01
 -2.102476e+00 4.231686e-01 -5.548843e-01
 -1.817685e+00 1.758906e-01 -5.742532e-01
 -1.285164e+00 -1.239485e-01 -4.031950e-01
 -1.012193e+00 -5.129594e-01 -1.806904e-01
 -1.049701e+00 -8.957965e-01 -8.749944e-03
 -1.107281e+00 -1.301180e+00 -2.226474e-02
 -1.190457e+00 -1.629354e+00 -1.769680e-01
 -1.228694e+00 -1.889252e+00 -4.567631e-01
 -1.180383e+00 -2.049518e+00 -7.944990e-01
 -1.079962e+00 -2.087371e+00 -1.131767e+00
 -9.585667e-01 -2.012099e+00 -1.437560e+00
 -8.325321e-01 -1.848084e+00 -1.682271e+00
 -7.133507e-01 -1.622797e+00 -1.851273e+00
 -6.090061e-01 -1.361665e+00 -1.939571e+00
 -5.253194e-01 -1.087967e+00 -1.947722e+00
 -4.663780e-01 -8.235720e-01 -1.881077e+00
 -4.344190e-01 -5.899534e-01 -1.751227e+00
 -4.045428e-01 -2.870208e-01 -1.457599e+00
 -3.320728e-01 -1.310819e-01 -1.288711e+00
 -2.072999e-01 2.529800e-02 -1.135211e+00
 -1.275024e-01 9.589629e-02 -1.063660e+00
 -2.938519e-02 1.640011e-01 -1.001137e+00
 4.235914e-02 2.018798e-01 -9.670532e-01
 1.201447e-01 2.319006e-01 -9.443593e-01
 2.157554e-01 2.673798e-01 -9.330843e-01
 3.447937e-01 3.000120e-01 -9.305177e-01
 1.006660e+00 4.949682e-01 -1.000586e+00
 1.263656e+00 5.327115e-01 -9.734960e-01
 1.522314e+00 5.291964e-01 -8.903429e-01
 1.756051e+00 4.836821e-01 -7.528468e-01
 1.947258e+00 3.861236e-01 -5.811667e-01
 2.091831e+00 2.301781e-01 -3.671481e-01
 2.150443e+00 6.144413e-02 -1.657461e-01
 2.126466e+00 -1.417697e-01 3.090868e-02
 2.046836e+00 -3.566389e-01 1.678105e-01
 1.987170e+00 -5.562755e-01 2.058046e-01
 1.976398e+00 -7.958244e-01 2.648897e-01
 1.946090e+00 -1.071730e+00 4.734284e-01
 1.816197e+00 -1.281611e+00 7.862719e-01
 1.589485e+00 -1.367071e+00 1.104862e+00
 1.260748e+00 -1.320879e+00 1.378359e+00
 9.007741e-01 -1.128828e+00 1.542348e+00
 5.796377e-01 -8.116644e-01 1.562437e+00
 3.636159e-01 -4.333531e-01 1.421526e+00
 2.835809e-01 -8.362295e-02 1.127520e+00
 1.957537e-01 3.201274e-01 3.311156e-01
 2.248464e-01 5.217997e-01 9.047196e-02
 3.096541e-01 7.258891e-01 -2.137759e-02
 6.265692e-01 1.126084e+00 -2.350310e-01
 6.912583e-01 1.567614e+00 -5.722224e-01
 4.637447e-01 1.986870e+00 -8.703174e-01
 1.466863e-02 2.232790e+00 -1.054438e+00
 -5.451718e-01 2.231615e+00 -1.095860e+00
 -1.067818e+00 1.975002e+00 -9.523269e-01
 -1.362613e+00 1.551430e+00 -6.577476e-01
 -1.337304e+00 1.070558e+00 -2.472232e-01
 -1.383406e+00 8.960906e-01 -3.986153e-03
 -1.515389e+00 7.832395e-01 2.256238e-01
 -1.707919e+00 7.741998e-01 5.241008e-01
 -1.793732e+00 7.487732e-01 7.834843e-01
 -1.844652e+00 6.423879e-01 1.066894e+00
 -1.841643e+00 4.714298e-01 1.315717e+00
 -1.781986e+00 2.626473e-01 1.506426e+00
 -1.657669e+00 4.134380e-02 1.635598e+00
 -1.485143e+00 -1.867271e-01 1.694237e+00
 -1.290127e+00 -3.952274e-01 1.676683e+00
 -1.058139e+00 -5.816687e-01 1.585165e+00
 -8.455437e-01 -7.110632e-01 1.427361e+00
 -6.572707e-01 -7.821795e-01 1.211411e+00
 -1.763783e-01 -7.660505e-01 4.669684e-01
 8.404450e-02 -5.875857e-01 -1.445840e-01
 4.384720e-01 -7.508629e-01 -8.662303e-01
 5.949243e-01 -5.856487e-01 -1.391071e+00
 5.761991e-01 -2.652502e-01 -1.772476e+00
 3.923160e-01 1.812705e-01 -1.965891e+00
 1.327283e-01 7.050343e-01 -1.871802e+00
 -1.081856e-01 1.055642e+00 -1.530795e+00
 -3.519527e-01 1.358320e+00 -5.033685e-01
 -2.556715e-01 1.956749e+00 -4.205923e-03
 -1.895526e-01 2.131887e+00 3.130205e-01
 -1.832987e-01 2.201567e+00 6.839030e-01
 -2.485270e-01 2.155970e+00 1.041494e+00
 -3.533280e-01 1.994260e+00 1.339320e+00
 -4.719801e-01 1.724920e+00 1.554248e+00
 -5.972065e-01 1.346228e+00 1.663154e+00
