 -7.740066e-01 -2.188327e+00 -1.518229e+00
 -6.655025e-01 -1.930396e+00 -1.822537e+00
 -5.469309e-01 -1.573998e+00 -1.991346e+00
 -4.320380e-01 -1.178899e+00 -1.999109e+00
 -3.242098e-01 -8.107190e-01 -1.841778e+00
 -2.167666e-01 -5.444583e-01 -1.552189e+00
 -1.217933e-01 -4.284803e-01 -1.187932e+00
 -3.551333e-02 -4.615559e-01 -8.804142e-01
 8.829914e-02 -5.474567e-01 -6.522987e-01
 2.145995e-01 -6.811873e-01 -4.749917e-01
 4.649144e-01 -1.024566e+00 -2.271060e-01
 5.969308e-01 -1.184512e+00 -1.186754e-05
 7.136616e-01 -1.264955e+00 2.782723e-01
 7.985339e-01 -1.257625e+00 6.012255e-01
 8.262683e-01 -1.177787e+00 8.491752e-01
 7.845633e-01 -1.044830e+00 1.086644e+00
 6.657623e-01 -9.647591e-01 1.276744e+00
 5.679408e-01 -9.404961e-01 1.490199e+00
 5.465042e-01 -8.740841e-01 1.765441e+00
 5.914457e-01 -6.973352e-01 2.060171e+00
 6.860123e-01 -4.337586e-01 2.284869e+00
 8.086683e-01 -1.097525e-01 2.398324e+00
 9.281603e-01 2.388313e-01 2.381088e+00
 1.001420e+00 5.713860e-01 2.232656e+00
 1.045852e+00 8.382602e-01 1.962868e+00
 1.056719e+00 9.925553e-01 1.611364e+00
 1.030654e+00 1.012436e+00 1.228487e+00
 8.930097e-01 7.613287e-01 4.483113e-01
 9.410994e-01 7.080663e-01 1.888678e-01
 1.047336e+00 6.901036e-01 -3.761531e-02
 1.390493e+00 7.326362e-01 -4.207112e-01
 1.518588e+00 7.715618e-01 -7.318798e-01
 1.537666e+00 7.915231e-01 -1.076827e+00
 1.442594e+00 7.751969e-01 -1.432014e+00
 1.247347e+00 7.222136e-01 -1.714277e+00
 9.702343e-01 6.397554e-01 -1.905951e+00
 6.466454e-01 5.400633e-01 -1.983926e+00
 2.541817e-01 4.566760e-01 -1.933723e+00
 -7.684517e-02 4.449494e-01 -1.755487e+00
 -3.108717e-01 5.147152e-01 -1.502802e+00
 -4.558748e-01 6.904752e-01 -1.260963e+00
 -7.190953e-01 1.164255e+00 -1.044870e+00
 -8.221145e-01 1.486920e+00 -6.445461e-01
 -8.525881e-01 1.578518e+00 -1.434998e-01
 -8.346935e-01 1.427434e+00 2.687703e-01
 -9.012851e-01 1.267174e+00 4.656138e-01
 -1.002847e+00 1.161585e+00 6.483974e-01
 -1.057455e+00 1.073584e+00 1.011617e+00
 -9.524763e-01 9.536431e-01 1.356741e+00
 -6.945482e-01 7.682716e-01 1.645588e+00
 -3.327162e-01 5.473934e-01 1.787218e+00
 4.894148e-02 3.334757e-01 1.739312e+00
 4.819888e-01 1.412487e-01 1.459782e+00
 7.341715e-01 5.055151e-02 1.384418e+00
 1.011199e+00 -2.249496e-02 1.396918e+00
 1.268747e+00 -1.740564e-01 1.479995e+00
 1.474911e+00 -4.422248e-01 1.604642e+00
 1.567921e+00 -7.894739e-01 1.715312e+00
 1.527222e+00 -1.163241e+00 1.789640e+00
 1.362287e+00 -1.513806e+00 1.791716e+00
 1.095464e+00 -1.787249e+00 1.719392e+00
 7.607495e-01 -1.942691e+00 1.580114e+00
 4.062971e-01 -1.950909e+00 1.391744e+00
 8.706256e-02 -1.803083e+00 1.181780e+00
 -1.297243e-01 -1.527349e+00 9.723276e-01
 -2.042943e-01 -1.172556e+00 7.833759e-01
 -1.320322e-01 -8.313634e-01 6.654656e-01
 3.508279e-02 -5.633199e-01 5.863409e-01
 3.087116e-01 -3.444824e-01 5.249411e-01
 6.384601e-01 -2.592433e-01 4.353806e-01
 1.135637e+00 -2.668628e-01 4.227029e-01
 1.529470e+00 -7.779143e-02 4.918431e-01
 1.820020e+00 2.923478e-01 5.327954e-01
 1.936493e+00 7.791420e-01 4.950076e-01
 1.860763e+00 1.170212e+00 4.175863e-01
 1.625140e+00 1.486873e+00 3.003164e-01
 1.207911e+00 1.703136e+00 1.286164e-01
 7.501303e-01 1.698338e+00 -1.294121e-02
 3.364231e-01 1.483350e+00 -1.091763e-01
 -1.485589e-01 8.127486e-01 -2.104077e-01
 -4.653265e-01 5.957153e-01 -2.136497e-01
 -7.592965e-01 5.287077e-01 -2.224608e-01
 -1.125537e+00 5.726373e-01 -2.479361e-01
 -1.475247e+00 7.458834e-01 -1.963556e-01
 -1.730758e+00 1.020732e+00 -7.528439e-02
 -1.853954e+00 1.359098e+00 1.017618e-01
 -1.829952e+00 1.685682e+00 3.386188e-01
 -1.661741e+00 1.945998e+00 5.951247e-01
 -1.375305e+00 2.101106e+00 8.309095e-01
 -1.014961e+00 2.126332e+00 1.010674e+00
 -6.385280e-01 2.018518e+00 1.104501e+00
 -3.154341e-01 1.783673e+00 1.121873e+00
 -9.586756e-02 1.456205e+00 1.062218e+00
 -1.501664e-02 1.082019e+00 9.405664e-01
 -8.584958e-02 7.397658e-01 7.908404e-01
 -2.387096e-01 4.986087e-01 7.655458e-01
 -3.808724e-01 3.559640e-01 7.557689e-01
 -6.765593e-01 1.482343e-01 7.053107e-01
 -1.444645e+00 -3.157262e-01 4.719132e-01
 -1.652029e+00 -5.097508e-01 3.151953e-01
 -1.778215e+00 -7.144097e-01 9.779514e-02
 -1.809467e+00 -9.123755e-01 -1.571951e-01
 -1.743740e+00 -1.079051e+00 -4.235356e-01
 -1.577901e+00 -1.212437e+00 -6.829409e-01
 -1.327460e+00 -1.291809e+00 -8.933586e-01
 -1.060514e+00 -1.297883e+00 -1.014014e+00
 -7.895829e-01 -1.283217e+00 -1.037628e+00
 -5.677289e-01 -1.324599e+00 -9.942023e-01
 -3.369074e-01 -1.420028e+00 -9.949952e-01
 -3.274205e-02 -1.464481e+00 -1.095111e+00
 3.248853e-01 -1.364027e+00 -1.233389e+00
 6.370691e-01 -1.116563e+00 -1.307435e+00
 8.462562e-01 -7.795580e-01 -1.305584e+00
 9.234991e-01 -3.964760e-01 -1.239205e+00
 8.669548e-01 -4.988375e-02 -1.111821e+00
 5.794798e-01 4.066908e-01 -9.608303e-01
 5.309888e-01 6.925060e-01 -9.703744e-01
 5.067609e-01 9.729555e-01 -1.060535e+00
 4.054172e-01 1.232630e+00 -1.262493e+00
 2.258997e-01 1.407507e+00 -1.545150e+00
 -1.897195e-02 1.466273e+00 -1.802270e+00
 -3.123365e-01 1.417798e+00 -1.999711e+00
 -6.272536e-01 1.271542e+00 -2.110967e+00
 -9.342624e-01 1.064491e+00 -2.102453e+00
 -1.179435e+00 8.020243e-01 -1.983809e+00
 -1.318724e+00 5.112693e-01 -1.778872e+00
 -1.333193e+00 2.375316e-01 -1.511266e+00
 -1.047726e+00 -3.202996e-01 -7.250439e-01
 -9.337774e-01 -4.594998e-01 -4.337013e-01
 -8.096016e-01 -6.827973e-01 -2.284228e-01
 -7.931831e-01 -9.413166e-01 -7.673402e-02
 -8.115467e-01 -1.306754e+00 -1.826597e-03
 -8.489590e-01 -1.712828e+00 -9.098031e-02
 -8.702932e-01 -2.048787e+00 -3.397392e-01
 -8.744850e-01 -2.258206e+00 -7.040918e-01
 -8.461422e-01 -2.306135e+00 -1.123803e+00
