 8.855713e-01 9.238114e-01 -1.376826e+00
 6.334135e-01 1.049764e+00 -1.546629e+00
 3.417542e-01 1.117732e+00 -1.628368e+00
 2.089024e-02 1.111692e+00 -1.632384e+00
 -3.250298e-01 1.021935e+00 -1.542600e+00
 -5.954726e-01 8.825511e-01 -1.382439e+00
 -7.751050e-01 7.095828e-01 -1.172025e+00
 -8.816809e-01 4.450307e-01 -8.880681e-01
 -1.006322e+00 2.620223e-01 -7.465127e-01
 -1.197690e+00 8.593846e-02 -6.556851e-01
 -1.583292e+00 -2.059549e-01 -6.587197e-01
 -1.823305e+00 -4.320902e-01 -5.606733e-01
 -1.988824e+00 -6.432651e-01 -3.869555e-01
 -2.072538e+00 -8.286318e-01 -1.601871e-01
 -2.077776e+00 -9.767966e-01 1.115193e-01
 -2.009395e+00 -1.062191e+00 4.075725e-01
 -1.879095e+00 -1.071715e+00 6.961961e-01
 -1.702997e+00 -1.000252e+00 9.525298e-01
 -1.505836e+00 -8.636291e-01 1.138907e+00
 -1.110811e+00 -6.007383e-01 1.315911e+00
 -8.874996e-01 -5.414561e-01 1.486900e+00
 -6.687187e-01 -5.577289e-01 1.636091e+00
 -3.546870e-01 -6.396148e-01 1.722586e+00
 -6.224377e-02 -7.099965e-01 1.694315e+00
 2.267967e-01 -7.381560e-01 1.570275e+00
 4.955275e-01 -7.247733e-01 1.336268e+00
 6.611626e-01 -6.959428e-01 1.058969e+00
 8.041053e-01 -6.417503e-01 4.320794e-01
 9.130602e-01 -6.999719e-01 1.228085e-01
 1.005330e+00 -7.988249e-01 -5.204108e-02
 1.269750e+00 -1.106424e+00 -3.122018e-01
 1.395346e+00 -1.286020e+00 -6.030082e-01
 1.448428e+00 -1.375773e+00 -9.585952e-01
 1.425321e+00 -1.360446e+00 -1.334124e+00
 1.333991e+00 -1.250979e+00 -1.646421e+00
 1.185184e+00 -1.059331e+00 -1.886068e+00
 9.688407e-01 -7.964411e-01 -2.038837e+00
 7.415721e-01 -5.415511e-01 -2.068283e+00
 5.249395e-01 -2.891899e-01 -1.982693e+00
 3.423648e-01 -7.057792e-02 -1.792390e+00
 2.199368e-01 7.795535e-02 -1.536617e+00
 1.746861e-01 2.608005e-01 -1.067996e+00
 1.402786e-01 4.807655e-01 -7.976422e-01
 1.321663e-01 6.975031e-01 -6.937712e-01
 2.036750e-01 1.034680e+00 -6.266754e-01
 7.462447e-01 1.866467e+00 -4.252259e-01
 9.671019e-01 2.065452e+00 -2.995286e-01
 1.210583e+00 2.183615e+00 -1.136790e-01
 1.451773e+00 2.204146e+00 1.147187e-01
 1.661655e+00 2.121809e+00 3.675942e-01
 1.812081e+00 1.942092e+00 6.163113e-01
 1.895792e+00 1.675545e+00 8.187229e-01
 1.898959e+00 1.344662e+00 9.518041e-01
 1.805913e+00 9.916091e-01 1.001588e+00
 1.609409e+00 6.735361e-01 9.712903e-01
 1.334004e+00 4.425636e-01 8.635536e-01
 1.001047e+00 3.323032e-01 6.994298e-01
 6.999045e-01 3.605407e-01 4.914047e-01
 5.208567e-01 4.581817e-01 3.529461e-01
 3.611580e-01 5.770078e-01 3.044798e-01
 1.372072e-01 7.742530e-01 3.405473e-01
 4.043259e-03 9.880997e-01 3.669040e-01
 -1.653478e-01 1.291633e+00 4.871452e-01
 -4.395528e-01 1.508243e+00 6.260189e-01
 -7.818207e-01 1.606426e+00 7.440248e-01
 -1.144559e+00 1.575683e+00 8.217969e-01
 -1.489510e+00 1.418912e+00 8.498006e-01
 -1.773569e+00 1.151944e+00 8.288245e-01
 -1.924196e+00 8.549330e-01 7.570211e-01
 -1.953778e+00 5.301829e-01 6.478246e-01
 -1.850217e+00 1.750759e-01 5.260020e-01
 -1.647363e+00 -9.327239e-02 4.189232e-01
 -1.314917e+00 -3.060804e-01 3.152500e-01
 -1.187164e+00 -4.815545e-01 2.443988e-01
 -1.087520e+00 -7.342750e-01 8.088771e-02
 -1.030867e+00 -1.146972e+00 -2.537552e-01
 -9.151650e-01 -1.346833e+00 -4.924441e-01
 -6.906284e-01 -1.500430e+00 -7.565583e-01
 -4.334445e-01 -1.549097e+00 -9.490935e-01
 -1.544171e-01 -1.499979e+00 -1.086645e+00
 1.276978e-01 -1.356367e+00 -1.160173e+00
 4.276948e-01 -1.081570e+00 -1.163243e+00
 6.376458e-01 -7.619721e-01 -1.073550e+00
 7.850524e-01 -6.076461e-01 -1.054195e+00
 9.695260e-01 -4.696410e-01 -1.069623e+00
 1.425961e+00 -3.204473e-01 -1.165854e+00
 1.726169e+00 -1.558571e-01 -1.145961e+00
 1.960053e+00 6.732203e-02 -1.059189e+00
 2.106041e+00 3.269477e-01 -9.182344e-01
 2.149517e+00 5.877160e-01 -7.355188e-01
 2.092384e+00 8.222462e-01 -5.153119e-01
 1.927734e+00 1.019885e+00 -2.781897e-01
 1.671847e+00 1.153390e+00 -6.870208e-02
 1.306585e+00 1.195581e+00 1.323067e-01
 1.154673e+00 1.240329e+00 2.578327e-01
 1.012455e+00 1.336565e+00 4.381129e-01
 8.526756e-01 1.354581e+00 7.970575e-01
 6.779658e-01 1.221032e+00 1.099911e+00
 4.387639e-01 9.535443e-01 1.304222e+00
 1.863695e-01 5.921261e-01 1.346112e+00
 -2.682326e-02 2.333709e-01 1.203454e+00
 -1.828764e-01 -1.316424e-01 8.460256e-01
 -2.604296e-01 -4.402194e-01 7.000284e-01
 -2.895463e-01 -7.021608e-01 6.891965e-01
 -3.430744e-01 -1.009260e+00 7.600502e-01
 -4.556613e-01 -1.293824e+00 9.406039e-01
 -6.059793e-01 -1.483415e+00 1.191875e+00
 -7.882273e-01 -1.561808e+00 1.493930e+00
 -9.691198e-01 -1.522781e+00 1.766413e+00
 -1.168730e+00 -1.380341e+00 1.995184e+00
 -1.368139e+00 -1.132769e+00 2.164768e+00
 -1.515287e+00 -8.175472e-01 2.242257e+00
 -1.594342e+00 -4.700839e-01 2.219643e+00
 -1.595464e+00 -1.334865e-01 2.099021e+00
 -1.518553e+00 1.502313e-01 1.894821e+00
 -1.373629e+00 3.450760e-01 1.632616e+00
 -1.018633e+00 4.985331e-01 1.067095e+00
 -9.371936e-01 5.626741e-01 7.866275e-01
 -9.291890e-01 6.200580e-01 5.264518e-01
 -1.031022e+00 7.332207e-01 2.173001e-01
 -1.372372e+00 9.717571e-01 -1.259338e-01
 -1.587671e+00 1.009210e+00 -3.754248e-01
 -1.752564e+00 9.551714e-01 -6.894710e-01
 -1.830493e+00 8.121851e-01 -1.005386e+00
 -1.800931e+00 5.920976e-01 -1.319115e+00
 -1.683729e+00 3.629598e-01 -1.529951e+00
 -1.491671e+00 1.249482e-01 -1.649000e+00
 -1.225571e+00 -1.238641e-01 -1.664003e+00
 -9.723237e-01 -3.256253e-01 -1.575075e+00
 -7.337452e-01 -4.651095e-01 -1.400041e+00
 -5.314062e-01 -5.320283e-01 -1.159533e+00
 -3.246016e-01 -5.414193e-01 -7.180998e-01
 -1.756702e-01 -6.382096e-01 -4.618474e-01
 -5.079975e-02 -8.329593e-01 -2.925035e-01
 1.110128e-01 -1.289447e+00 -9.349423e-02
 2.936038e-01 -1.515953e+00 1.182346e-01
 5.936704e-01 -1.652309e+00 3.396635e-01
 9.392369e-01 -1.656720e+00 5.246396e-01
 1.263850e+00 -1.539601e+00 6.373868e-01
 1.539516e+00 -1.312688e+00 6.788991e-01
 1.747924e+00 -1.010030e+00 6.324696e-01
 1.869852e+00 -6.499745e-01 4.815505e-01
 1.851158e+00 -3.187814e-01 2.750362e-01
 1.700387e+00 -5.043139e-02 3.436424e-02
 1.324605e+00 1.953006e-01 -2.784726e-01
 1.180201e+00 3.420128e-01 -4.350513e-01
 1.135696e+00 4.382647e-01 -5.538819e-01
 1.138251e+00 6.399743e-01 -8.485905e-01
 1.060225e+00 7.817040e-01 -1.132314e+00
