 -1.023357e+00 -2.114141e+00 7.759778e-02
 -8.752823e-01 -2.022548e+00 -2.057293e-01
 -6.895510e-01 -1.815303e+00 -4.364677e-01
 -4.616458e-01 -1.518249e+00 -5.629157e-01
 -2.915947e-01 -1.240898e+00 -5.624427e-01
 -1.845874e-01 -8.869728e-01 -4.752221e-01
 -1.162876e-01 -6.495950e-01 -5.037839e-01
 4.270116e-02 -3.883396e-01 -6.105394e-01
 2.651136e-01 -1.782766e-01 -8.024772e-01
 6.798220e-01 3.741644e-01 -1.458474e+00
 7.821852e-01 6.727851e-01 -1.633146e+00
 8.227315e-01 1.022652e+00 -1.708614e+00
 7.948672e-01 1.378907e+00 -1.677346e+00
 7.032932e-01 1.725449e+00 -1.527336e+00
 5.608204e-01 1.981870e+00 -1.286019e+00
 4.059814e-01 2.107527e+00 -9.997627e-01
 2.346926e-01 2.098903e+00 -6.693629e-01
 2.980781e-02 1.950959e+00 -3.704647e-01
 -1.474661e-01 1.696335e+00 -1.662920e-01
 -2.133235e-01 1.291871e+00 4.470698e-02
 -2.958433e-01 1.076658e+00 3.497828e-01
 -5.521894e-01 9.735452e-01 8.841845e-01
 -5.775692e-01 8.844188e-01 1.236186e+00
 -4.894322e-01 7.182753e-01 1.565940e+00
 -2.966129e-01 4.851146e-01 1.819206e+00
 -7.951063e-02 2.472409e-01 1.929845e+00
 1.850935e-01 9.362640e-03 1.919767e+00
 4.871452e-01 -1.631113e-01 1.801524e+00
 7.756818e-01 -2.354265e-01 1.599623e+00
 1.001892e+00 -2.259600e-01 1.319341e+00
 1.120641e+00 -1.836896e-01 9.482402e-01
 1.256592e+00 -2.603492e-01 6.429768e-01
 1.531846e+00 -3.997266e-01 3.959414e-01
 1.842962e+00 -6.597104e-01 2.769032e-01
 2.085183e+00 -9.987140e-01 2.986681e-01
 2.214971e+00 -1.362659e+00 4.455841e-01
 2.217802e+00 -1.689946e+00 6.975151e-01
 2.084793e+00 -1.936836e+00 9.883029e-01
 1.832273e+00 -2.078814e+00 1.265285e+00
 1.503945e+00 -2.093614e+00 1.488318e+00
 1.154412e+00 -1.980982e+00 1.627381e+00
 8.195534e-01 -1.764780e+00 1.655009e+00
 5.501175e-01 -1.491850e+00 1.552169e+00
 3.810420e-01 -1.200723e+00 1.330153e+00
 3.498859e-01 -9.636411e-01 1.042949e+00
 3.949373e-01 -8.402903e-01 7.272083e-01
 4.713388e-01 -8.240297e-01 3.741310e-01
 7.608217e-01 -9.358092e-01 -7.229081e-02
 8.288679e-01 -1.039042e+00 -4.209219e-01
 7.611431e-01 -1.105098e+00 -7.956846e-01
 5.601664e-01 -1.104668e+00 -1.144098e+00
 3.105405e-01 -1.032301e+00 -1.372338e+00
 -2.340538e-03 -9.069113e-01 -1.495577e+00
 -3.543585e-01 -7.810184e-01 -1.489439e+00
 -6.875150e-01 -6.924437e-01 -1.351857e+00
 -9.485149e-01 -6.106615e-01 -1.098050e+00
 -1.097761e+00 -4.815742e-01 -7.524002e-01
 -1.274661e+00 -2.974182e-01 -5.354048e-01
 -1.581194e+00 -1.341719e-01 -3.923460e-01
 -1.934973e+00 4.911549e-02 -4.004957e-01
 -2.242461e+00 2.396274e-01 -5.595688e-01
 -2.453611e+00 4.210797e-01 -8.371760e-01
 -2.541118e+00 5.616703e-01 -1.197670e+00
 -2.486523e+00 6.528916e-01 -1.575093e+00
 -2.287443e+00 7.034413e-01 -1.916636e+00
 -1.971637e+00 6.989217e-01 -2.165869e+00
 -1.589444e+00 6.328939e-01 -2.282126e+00
 -1.186554e+00 5.295309e-01 -2.238599e+00
 -8.349690e-01 4.246684e-01 -2.028672e+00
 -5.996017e-01 3.391390e-01 -1.687236e+00
 -5.247540e-01 3.030820e-01 -1.290601e+00
 -5.795174e-01 3.574518e-01 -9.377247e-01
 -6.685577e-01 4.855976e-01 -6.839116e-01
 -8.493911e-01 6.455323e-01 -4.692357e-01
 -1.147326e+00 9.774923e-01 -2.587865e-01
 -1.243323e+00 1.322664e+00 -2.885000e-02
 -1.164847e+00 1.649994e+00 2.357597e-01
 -9.009229e-01 1.923202e+00 5.203842e-01
 -5.638251e-01 2.030425e+00 7.195081e-01
 -1.705466e-01 1.994212e+00 8.306013e-01
 2.289647e-01 1.846105e+00 8.079797e-01
 5.448178e-01 1.630734e+00 6.489279e-01
 7.284892e-01 1.325078e+00 4.532080e-01
 8.813234e-01 1.117568e+00 3.962433e-01
 1.108014e+00 9.291127e-01 4.082486e-01
 1.371401e+00 7.791663e-01 4.975960e-01
 1.790657e+00 6.027553e-01 7.640630e-01
 2.008350e+00 3.575375e-01 9.720328e-01
 2.110374e+00 2.700267e-02 1.149948e+00
 2.083494e+00 -3.380848e-01 1.268472e+00
 1.932459e+00 -7.094678e-01 1.301710e+00
 1.697778e+00 -9.840840e-01 1.252119e+00
 1.444759e+00 -1.143830e+00 1.107648e+00
 1.318007e+00 -1.253190e+00 9.241678e-01
 1.221158e+00 -1.429877e+00 7.582284e-01
 9.929641e-01 -1.687076e+00 6.407901e-01
 5.976229e-01 -1.839714e+00 5.460054e-01
 1.849712e-01 -1.821948e+00 4.840295e-01
 -1.692215e-01 -1.657544e+00 4.712284e-01
 -5.053478e-01 -1.285495e+00 4.384017e-01
 -7.623261e-01 -1.136394e+00 3.394862e-01
 -1.112731e+00 -1.094260e+00 1.688488e-01
 -1.576945e+00 -1.196173e+00 -1.570670e-01
 -1.817513e+00 -1.163705e+00 -4.456512e-01
 -1.976031e+00 -1.020590e+00 -7.619868e-01
 -2.030363e+00 -7.838438e-01 -1.055469e+00
 -1.974967e+00 -4.684639e-01 -1.289045e+00
 -1.820393e+00 -1.513578e-01 -1.411938e+00
 -1.627149e+00 1.245143e-01 -1.388993e+00
 -1.546577e+00 3.409827e-01 -1.298461e+00
 -1.513065e+00 5.935411e-01 -1.253187e+00
 -1.394155e+00 8.838805e-01 -1.296620e+00
 -1.171516e+00 1.113401e+00 -1.324234e+00
 -8.323471e-01 1.290158e+00 -1.295551e+00
 -4.788365e-01 1.338527e+00 -1.224904e+00
 -1.715561e-01 1.267576e+00 -1.139461e+00
 1.591573e-01 1.090100e+00 -9.299489e-01
 3.847599e-01 1.081157e+00 -7.844154e-01
 7.184772e-01 1.192871e+00 -6.424845e-01
 1.117468e+00 1.478429e+00 -5.221927e-01
 1.345573e+00 1.658534e+00 -3.273291e-01
 1.521958e+00 1.778326e+00 -3.696543e-02
 1.615915e+00 1.821453e+00 3.067484e-01
 1.617553e+00 1.783238e+00 6.581613e-01
 1.522586e+00 1.648161e+00 1.020635e+00
 1.352532e+00 1.447546e+00 1.271751e+00
 1.121524e+00 1.202111e+00 1.400337e+00
 8.239830e-01 9.353864e-01 1.401764e+00
 5.617115e-01 7.311089e-01 1.279448e+00
 3.538092e-01 5.095138e-01 1.028787e+00
 2.184972e-01 3.091575e-01 9.364956e-01
 -1.278694e-02 7.798930e-02 9.153334e-01
 -2.956552e-01 -1.524667e-01 1.004891e+00
 -8.365462e-01 -8.720832e-01 1.324224e+00
 -1.003383e+00 -1.174202e+00 1.333657e+00
 -1.129865e+00 -1.480301e+00 1.232479e+00
 -1.199876e+00 -1.754870e+00 1.032278e+00
 -1.203935e+00 -1.965933e+00 7.565719e-01
 -1.141738e+00 -2.096139e+00 4.073203e-01
