 -7.160982e-01 6.736959e-01 1.574910e+00
 -7.071606e-01 4.291255e-01 1.756822e+00
 -6.736864e-01 1.531141e-01 1.854541e+00
 -6.009197e-01 -1.413901e-01 1.870087e+00
 -4.868330e-01 -4.161364e-01 1.806812e+00
 -3.389040e-01 -6.441180e-01 1.673607e+00
 -1.247406e-01 -8.723781e-01 1.401777e+00
 -3.914839e-02 -1.043575e+00 1.247001e+00
 5.713845e-03 -1.245869e+00 1.120791e+00
 5.804935e-03 -1.492110e+00 1.032601e+00
 -6.261987e-02 -1.897242e+00 1.014227e+00
 -1.439384e-01 -2.182431e+00 9.043817e-01
 -2.060902e-01 -2.434213e+00 6.945855e-01
 -2.213513e-01 -2.616421e+00 4.159423e-01
 -1.751945e-01 -2.714661e+00 1.018014e-01
 -9.555870e-02 -2.706400e+00 -2.108558e-01
 -3.903047e-03 -2.587032e+00 -5.078284e-01
 8.151842e-02 -2.356822e+00 -7.652479e-01
 1.493973e-01 -2.070330e+00 -9.232723e-01
 2.109472e-01 -1.742073e+00 -9.779065e-01
 2.569134e-01 -1.411607e+00 -9.204984e-01
 3.020406e-01 -1.087594e+00 -7.382302e-01
 3.921666e-01 -8.675518e-01 -6.294327e-01
 5.312735e-01 -6.460715e-01 -5.617353e-01
 6.760237e-01 -4.898613e-01 -5.576114e-01
 9.381979e-01 -2.535596e-01 -6.693682e-01
 1.294885e+00 4.266580e-03 -9.888413e-01
 1.440360e+00 2.238178e-01 -1.155547e+00
 1.529556e+00 5.036714e-01 -1.272460e+00
 1.550682e+00 8.122665e-01 -1.325944e+00
 1.505555e+00 1.117316e+00 -1.309722e+00
 1.390462e+00 1.387201e+00 -1.237621e+00
 1.220961e+00 1.605558e+00 -1.112757e+00
 1.020171e+00 1.754032e+00 -9.379995e-01
 8.078476e-01 1.818088e+00 -7.346422e-01
 4.251050e-01 1.775538e+00 -3.718359e-01
 1.469431e-01 1.875189e+00 -2.102366e-01
 -1.586528e-01 2.173654e+00 7.127115e-02
 -4.866386e-01 2.271449e+00 2.968890e-01
 -8.447112e-01 2.211986e+00 4.869576e-01
 -1.183010e+00 2.000127e+00 6.138670e-01
 -1.436314e+00 1.700164e+00 6.373070e-01
 -1.584316e+00 1.348300e+00 5.609099e-01
 -1.592172e+00 9.864374e-01 4.141369e-01
 -1.453498e+00 6.451624e-01 2.057427e-01
 -1.222745e+00 4.416325e-01 1.731428e-02
 -9.389295e-01 3.266122e-01 -5.962107e-02
 -6.059588e-01 2.998486e-01 -1.669848e-01
 -3.453562e-01 2.154377e-01 -3.608231e-01
 -1.688436e-01 1.166063e-01 -6.176850e-01
 -5.320478e-02 2.545268e-02 -1.073881e+00
 1.658375e-01 -1.767744e-01 -1.399892e+00
 4.796396e-01 -4.719025e-01 -1.577126e+00
 8.160949e-01 -7.678042e-01 -1.561318e+00
 1.085586e+00 -9.812744e-01 -1.388935e+00
 1.286077e+00 -1.159255e+00 -1.052441e+00
 1.358651e+00 -1.256328e+00 -6.124281e-01
 1.286502e+00 -1.233270e+00 -1.905870e-01
 1.048253e+00 -1.110744e+00 2.030120e-01
 9.737192e-01 -1.111780e+00 4.220460e-01
 9.587968e-01 -1.156140e+00 7.257118e-01
 1.018020e+00 -1.285552e+00 1.124595e+00
 9.625158e-01 -1.404628e+00 1.417746e+00
 8.076739e-01 -1.513828e+00 1.682446e+00
 5.700129e-01 -1.601660e+00 1.887172e+00
 2.739442e-01 -1.660305e+00 2.010136e+00
 -5.889544e-02 -1.683858e+00 2.039502e+00
 -3.915178e-01 -1.672075e+00 1.968724e+00
 -6.595988e-01 -1.635230e+00 1.811499e+00
 -8.519401e-01 -1.560714e+00 1.594121e+00
 -9.797741e-01 -1.432312e+00 1.296482e+00
 -1.002890e+00 -1.303211e+00 1.018745e+00
 -9.354627e-01 -1.176053e+00 7.547806e-01
 -7.715662e-01 -1.019130e+00 5.056267e-01
 -7.314556e-01 -9.312310e-01 3.843009e-01
 -7.241634e-01 -8.120525e-01 1.823297e-01
 -7.644570e-01 -7.236271e-01 -7.596291e-02
 -9.162515e-01 -6.319834e-01 -4.376084e-01
 -1.003636e+00 -5.127181e-01 -6.438364e-01
 -1.064947e+00 -3.381599e-01 -8.249695e-01
 -1.097572e+00 -1.229906e-01 -9.624939e-01
 -1.098961e+00 1.097898e-01 -1.043648e+00
 -1.052873e+00 3.468926e-01 -1.083118e+00
 -9.473449e-01 5.760704e-01 -1.098734e+00
 -7.962834e-01 7.736182e-01 -1.085381e+00
 -5.479442e-01 9.786818e-01 -1.033367e+00
 -4.030152e-01 1.163347e+00 -1.013808e+00
 -3.102750e-01 1.381558e+00 -1.024428e+00
 -2.229342e-01 1.830716e+00 -1.170306e+00
 -1.197129e-01 2.180273e+00 -1.153630e+00
 3.440208e-02 2.486646e+00 -1.022529e+00
 2.285122e-01 2.702634e+00 -8.044972e-01
 4.522699e-01 2.799753e+00 -5.431785e-01
 6.574181e-01 2.771990e+00 -2.629718e-01
 7.994240e-01 2.637935e+00 3.547696e-02
 8.534023e-01 2.420547e+00 3.050655e-01
 8.301234e-01 2.130328e+00 5.109458e-01
 7.376703e-01 1.803580e+00 6.202097e-01
 5.911200e-01 1.496300e+00 6.213863e-01
 4.225319e-01 1.168260e+00 4.880402e-01
 3.697473e-01 7.980716e-01 3.511209e-01
 4.261280e-01 4.882666e-01 2.658201e-01
 6.180716e-01 2.103640e-01 2.534884e-01
 9.529894e-01 -3.516872e-02 3.195650e-01
 1.486394e+00 -2.263066e-01 4.698078e-01
 1.756433e+00 -4.634981e-01 5.560525e-01
 1.929151e+00 -7.886779e-01 6.087832e-01
 1.980082e+00 -1.184168e+00 6.305506e-01
 1.893582e+00 -1.561613e+00 6.020617e-01
 1.685482e+00 -1.859828e+00 5.471801e-01
 1.363384e+00 -2.063016e+00 4.659357e-01
 9.831731e-01 -2.131078e+00 3.225315e-01
 6.304748e-01 -2.044716e+00 1.678844e-01
 2.257002e-01 -1.755651e+00 4.861372e-02
 -9.844747e-02 -1.688123e+00 2.256947e-03
 -5.669014e-01 -1.771977e+00 -1.547413e-01
 -8.733372e-01 -1.758118e+00 -1.856646e-01
 -1.172674e+00 -1.661905e+00 -1.673865e-01
 -1.441239e+00 -1.484553e+00 -9.986832e-02
 -1.626865e+00 -1.260954e+00 -7.181930e-04
 -1.723988e+00 -1.004409e+00 1.240561e-01
 -1.732311e+00 -7.431387e-01 2.763308e-01
 -1.654970e+00 -5.056788e-01 4.536924e-01
 -1.503874e+00 -3.231236e-01 6.386953e-01
 -1.271277e+00 -1.862233e-01 8.063380e-01
 -9.736766e-01 -7.414344e-02 8.688268e-01
 -4.720327e-01 -2.503851e-02 8.606316e-01
 -1.932826e-01 5.660793e-02 9.508879e-01
 9.657734e-02 1.630348e-01 1.170592e+00
 4.083620e-01 3.025519e-01 1.269320e+00
 7.335736e-01 4.612425e-01 1.247803e+00
 1.079168e+00 6.374163e-01 1.085597e+00
 1.296092e+00 7.741394e-01 8.449360e-01
 1.383937e+00 8.432569e-01 6.227247e-01
 1.395260e+00 8.930453e-01 2.909476e-01
 1.283580e+00 9.077989e-01 -1.149002e-01
 1.090955e+00 8.655609e-01 -4.066248e-01
 7.984251e-01 8.083851e-01 -6.249180e-01
 6.228546e-01 8.052737e-01 -8.968406e-01
 4.538672e-01 8.465418e-01 -1.449633e+00
 3.051771e-01 9.041624e-01 -1.689693e+00
 1.000273e-01 9.884153e-01 -1.875661e+00
 -1.447079e-01 1.092881e+00 -1.991427e+00
 -4.087124e-01 1.209401e+00 -2.026855e+00
 -6.933859e-01 1.335744e+00 -1.974418e+00
 -9.234190e-01 1.453376e+00 -1.850100e+00
 -1.102542e+00 1.562177e+00 -1.662213e+00
 -1.222744e+00 1.640578e+00 -1.422742e+00
 -1.277508e+00 1.681251e+00 -1.144638e+00
 -1.265205e+00 1.669585e+00 -8.237325e-01
 -1.182973e+00 1.612144e+00 -5.451432e-01
 -1.032353e+00 1.522437e+00 -3.074871e-01
 -7.329007e-01 1.329784e+00 -3.874938e-02
 -6.340061e-01 1.266886e+00 1.568523e-01
 -5.888718e-01 1.185311e+00 3.926581e-01
 -5.878892e-01 1.132699e+00 5.475945e-01
 -7.033086e-01 8.640872e-01 1.315418e+00
