 1.831140e+00 -8.243915e-01 -8.123767e-01
 1.793780e+00 -4.534606e-01 -7.468903e-01
 1.627001e+00 -1.261934e-01 -6.656913e-01
 8.172542e-01 6.005082e-01 -3.319987e-01
 6.239160e-01 9.116219e-01 -3.101508e-01
 5.736487e-01 1.291223e+00 -3.075767e-01
 6.415786e-01 1.664784e+00 -4.125420e-01
 7.918649e-01 1.954905e+00 -6.106268e-01
 9.877352e-01 2.129652e+00 -8.851414e-01
 1.204273e+00 2.168796e+00 -1.193452e+00
 1.399788e+00 2.068642e+00 -1.502128e+00
 1.532782e+00 1.850713e+00 -1.773225e+00
 1.588817e+00 1.546495e+00 -1.972971e+00
 1.562147e+00 1.195959e+00 -2.078014e+00
 1.458764e+00 8.440564e-01 -2.074937e+00
 1.287843e+00 5.396942e-01 -1.968923e+00
 1.063691e+00 3.256822e-01 -1.791135e+00
 8.068572e-01 2.274691e-01 -1.570472e+00
 5.507313e-01 2.530399e-01 -1.344776e+00
 3.555592e-01 3.654126e-01 -1.190398e+00
 1.697955e-01 5.047425e-01 -1.118077e+00
 4.302602e-02 6.192730e-01 -1.093994e+00
 -1.990275e-01 8.758492e-01 -1.101440e+00
 -4.845451e-01 1.089965e+00 -1.005682e+00
 -7.799639e-01 1.214553e+00 -8.309439e-01
 -1.040057e+00 1.227059e+00 -6.142962e-01
 -1.229253e+00 1.144222e+00 -3.654090e-01
 -1.331000e+00 9.803212e-01 -8.866499e-02
 -1.321368e+00 7.063072e-01 2.501153e-01
 -1.181545e+00 4.232390e-01 4.901200e-01
 -8.399066e-01 -6.091511e-03 6.717697e-01
 -6.648842e-01 -1.834194e-01 8.465773e-01
 -5.579795e-01 -2.914575e-01 1.084581e+00
 -4.075899e-01 -5.235302e-01 1.711876e+00
 -1.905056e-01 -6.178531e-01 2.016744e+00
 1.318298e-01 -6.745909e-01 2.226431e+00
 5.138866e-01 -6.878874e-01 2.307248e+00
 8.998722e-01 -6.583326e-01 2.244106e+00
 1.230405e+00 -5.726372e-01 2.051222e+00
 1.457179e+00 -4.314061e-01 1.758206e+00
 1.541487e+00 -2.685198e-01 1.394870e+00
 1.471408e+00 -1.420900e-01 1.020793e+00
 1.257763e+00 -7.534158e-02 6.898474e-01
 9.279362e-01 -9.261562e-02 4.393493e-01
 4.907269e-01 -1.906218e-01 3.200244e-01
 1.473346e-01 -5.353034e-01 3.339212e-01
 -2.332786e-02 -8.689458e-01 4.400434e-01
 -1.897599e-01 -1.107296e+00 6.121290e-01
 -8.294054e-01 -1.575619e+00 1.257313e+00
 -1.135738e+00 -1.657455e+00 1.430915e+00
 -1.491703e+00 -1.652093e+00 1.523412e+00
 -1.845790e+00 -1.555936e+00 1.522263e+00
 -2.156104e+00 -1.385129e+00 1.422167e+00
 -2.382538e+00 -1.167110e+00 1.230976e+00
 -2.488544e+00 -9.239459e-01 9.871775e-01
 -2.463384e+00 -6.670132e-01 7.365958e-01
 -2.305272e+00 -4.401237e-01 4.844895e-01
 -2.070815e+00 -3.118006e-01 2.659971e-01
 -1.777866e+00 -2.877557e-01 7.565032e-02
 -1.521188e+00 -3.814466e-01 -5.097511e-02
 -1.317901e+00 -5.626045e-01 -1.641515e-01
 -1.194507e+00 -7.723146e-01 -3.790161e-01
 -1.145008e+00 -1.086084e+00 -7.945381e-01
 -9.502849e-01 -1.259329e+00 -1.128832e+00
 -6.095518e-01 -1.365461e+00 -1.381947e+00
 -2.276167e-01 -1.369512e+00 -1.503179e+00
 1.475452e-01 -1.248982e+00 -1.514251e+00
 4.712331e-01 -1.048580e+00 -1.388803e+00
 6.845028e-01 -8.747974e-01 -1.168921e+00
 8.001888e-01 -7.573474e-01 -8.696151e-01
 8.401488e-01 -7.615334e-01 -5.580284e-01
 9.229664e-01 -8.330480e-01 -3.373810e-01
 9.922918e-01 -9.562701e-01 -1.357825e-01
 1.006964e+00 -1.049562e+00 5.990141e-02
 1.001569e+00 -1.103340e+00 2.998675e-01
 9.787722e-01 -1.103297e+00 5.257974e-01
 9.222038e-01 -1.055766e+00 7.711143e-01
 8.440508e-01 -9.729194e-01 9.613277e-01
 7.444218e-01 -8.558261e-01 1.109074e+00
 6.161692e-01 -6.793235e-01 1.231779e+00
 5.393144e-01 -4.917027e-01 1.302847e+00
 5.158980e-01 -2.348289e-01 1.378727e+00
 5.874231e-01 2.379065e-01 1.708640e+00
 5.862449e-01 6.599133e-01 1.796339e+00
 4.964008e-01 1.102910e+00 1.718987e+00
 3.476405e-01 1.425342e+00 1.515052e+00
 1.600206e-01 1.613178e+00 1.215261e+00
 -3.645877e-02 1.642746e+00 8.534456e-01
 -2.095764e-01 1.495925e+00 4.647883e-01
 -3.112297e-01 1.208255e+00 1.662997e-01
 -3.355410e-01 7.006163e-01 -6.726031e-02
 -4.514460e-01 4.228505e-01 -2.248909e-01
 -6.414637e-01 2.754406e-01 -3.882264e-01
 -1.138158e+00 1.717015e-01 -8.603357e-01
 -1.526270e+00 -2.801082e-02 -1.026625e+00
 -1.884658e+00 -3.170594e-01 -1.010092e+00
 -2.130265e+00 -6.628095e-01 -8.308638e-01
 -2.194435e+00 -9.989046e-01 -5.457231e-01
 -2.084224e+00 -1.263578e+00 -1.410137e-01
 -1.829193e+00 -1.335819e+00 2.807427e-01
 -1.589357e+00 -1.203890e+00 5.770070e-01
 -1.477449e+00 -9.551963e-01 7.804565e-01
 -1.467817e+00 -7.975566e-01 9.498678e-01
 -1.530380e+00 -6.008047e-01 1.156127e+00
 -1.550164e+00 -4.160100e-01 1.284917e+00
 -1.517298e+00 -2.044345e-01 1.405316e+00
 -1.433677e+00 8.000618e-03 1.494900e+00
 -1.296881e+00 2.155676e-01 1.554234e+00
 -1.135154e+00 3.794321e-01 1.572000e+00
 -9.440677e-01 5.216843e-01 1.541988e+00
 -7.388314e-01 6.296692e-01 1.464133e+00
 -5.247230e-01 6.897500e-01 1.350429e+00
 -3.146701e-01 6.961612e-01 1.206573e+00
 -4.545682e-02 6.225706e-01 9.848496e-01
 1.113226e-01 6.201679e-01 8.884792e-01
 2.604196e-01 6.547493e-01 8.220446e-01
 4.322837e-01 7.385176e-01 7.659251e-01
 9.699025e-01 9.777541e-01 6.363136e-01
 1.171955e+00 1.068664e+00 5.271290e-01
 1.344346e+00 1.144772e+00 3.690778e-01
 1.477517e+00 1.199670e+00 1.733674e-01
 1.561415e+00 1.237730e+00 -4.669760e-02
 1.593811e+00 1.256324e+00 -2.784924e-01
 1.569544e+00 1.257445e+00 -5.585333e-01
 1.483872e+00 1.231633e+00 -7.980891e-01
 1.357804e+00 1.181937e+00 -9.806332e-01
 1.158323e+00 1.141716e+00 -1.141065e+00
 9.561407e-01 1.180086e+00 -1.251584e+00
 7.879108e-01 1.251517e+00 -1.412032e+00
 6.307705e-01 1.250004e+00 -1.636378e+00
 4.240773e-01 1.121908e+00 -1.897803e+00
 2.054604e-01 9.003002e-01 -2.063622e+00
 -4.210356e-02 5.831814e-01 -2.115156e+00
 -2.340961e-01 2.623990e-01 -2.026214e+00
 -3.570585e-01 -3.017373e-02 -1.814260e+00
 -3.937123e-01 -2.527557e-01 -1.514993e+00
 -2.571653e-01 -5.233556e-01 -8.972474e-01
 -1.847839e-01 -7.547764e-01 -6.447423e-01
 -1.516719e-01 -9.681654e-01 -5.566176e-01
 -5.959837e-02 -1.229051e+00 -5.060992e-01
 1.465626e-01 -1.503066e+00 -5.174346e-01
 4.589521e-01 -1.711164e+00 -6.051085e-01
 8.433841e-01 -1.781989e+00 -7.184591e-01
 1.193567e+00 -1.702990e+00 -8.083675e-01
 1.512088e+00 -1.494687e+00 -8.451232e-01
 1.733747e+00 -1.188193e+00 -8.449137e-01
