 -4.940174e-01 -2.373688e+00 -2.700411e-01
 -3.790977e-01 -2.378301e+00 -5.936834e-01
 -2.258016e-01 -2.240817e+00 -9.367341e-01
 -8.739598e-02 -2.011539e+00 -1.176510e+00
 4.592705e-02 -1.697678e+00 -1.319219e+00
 1.511487e-01 -1.337966e+00 -1.340949e+00
 2.127817e-01 -9.877010e-01 -1.235081e+00
 2.355423e-01 -5.645648e-01 -9.182165e-01
 2.839049e-01 -4.074387e-01 -7.686251e-01
 3.952177e-01 -2.418805e-01 -5.999345e-01
 6.076144e-01 -4.583137e-02 -4.030292e-01
 7.677850e-01 1.741389e-02 -3.277076e-01
 1.026786e+00 3.594057e-02 -2.803117e-01
 1.467079e+00 -5.103915e-02 -1.776877e-01
 1.847802e+00 1.568626e-02 -1.553214e-01
 2.189058e+00 2.368013e-01 -1.356390e-01
 2.416689e+00 5.729668e-01 -1.254674e-01
 2.497221e+00 9.833624e-01 -1.119334e-01
 2.413796e+00 1.367255e+00 -9.342457e-02
 2.173296e+00 1.704589e+00 -1.016407e-01
 1.844537e+00 1.914907e+00 -1.364051e-01
 1.459893e+00 1.984759e+00 -1.783687e-01
 1.077551e+00 1.902878e+00 -2.220468e-01
 6.655138e-01 1.620194e+00 -2.700613e-01
 3.596770e-01 1.552351e+00 -2.927559e-01
 -1.365430e-01 1.604860e+00 -4.870879e-01
 -4.091948e-01 1.566229e+00 -5.449526e-01
 -6.688005e-01 1.468667e+00 -5.499206e-01
 -8.934988e-01 1.303308e+00 -5.201856e-01
 -1.074947e+00 1.066173e+00 -4.574562e-01
 -1.179588e+00 8.077847e-01 -3.562355e-01
 -1.202613e+00 5.425436e-01 -2.265138e-01
 -1.131045e+00 2.165855e-01 -1.568398e-02
 -1.127138e+00 3.046642e-02 1.616442e-01
 -1.178032e+00 -1.378719e-01 3.346228e-01
 -1.237263e+00 -2.212219e-01 4.586289e-01
 -1.419588e+00 -3.117401e-01 6.901012e-01
 -1.645966e+00 -4.107121e-01 8.197385e-01
 -1.925271e+00 -5.390147e-01 8.612073e-01
 -2.198881e+00 -7.124243e-01 8.056517e-01
 -2.410381e+00 -9.336698e-01 6.662292e-01
 -2.522434e+00 -1.191479e+00 4.695245e-01
 -2.519097e+00 -1.470053e+00 2.254197e-01
 -2.404368e+00 -1.690457e+00 -2.005342e-02
 -2.193552e+00 -1.839601e+00 -2.548692e-01
 -1.911609e+00 -1.900171e+00 -4.512180e-01
 -1.591564e+00 -1.865202e+00 -5.859190e-01
 -1.274130e+00 -1.740002e+00 -6.422829e-01
 -8.315063e-01 -1.457159e+00 -5.769539e-01
 -5.069420e-01 -1.359191e+00 -4.870607e-01
 -1.814779e-01 -1.373691e+00 -3.805811e-01
 6.535717e-02 -1.500221e+00 -2.968991e-01
 3.196515e-01 -1.759138e+00 -1.317379e-01
 5.489710e-01 -1.885829e+00 9.904064e-02
 8.479006e-01 -1.884730e+00 3.495984e-01
 1.135282e+00 -1.747288e+00 5.469005e-01
 1.338142e+00 -1.503760e+00 7.067288e-01
 1.443891e+00 -1.151308e+00 8.464557e-01
 1.429626e+00 -7.804714e-01 9.121859e-01
 1.306744e+00 -4.337094e-01 9.013563e-01
 7.989645e-01 2.750700e-01 6.661043e-01
 6.947049e-01 4.995369e-01 5.732201e-01
 6.101971e-01 7.322377e-01 5.579013e-01
 5.413428e-01 1.525278e+00 7.300269e-01
 4.532587e-01 1.820773e+00 7.053272e-01
 3.606323e-01 2.116599e+00 5.700196e-01
 2.875045e-01 2.355439e+00 3.400409e-01
 2.504059e-01 2.514019e+00 3.770444e-02
 2.721984e-01 2.578999e+00 -2.957099e-01
 3.396973e-01 2.538554e+00 -6.242641e-01
 4.292088e-01 2.388420e+00 -9.127893e-01
 5.110510e-01 2.138333e+00 -1.137801e+00
 5.751084e-01 1.799207e+00 -1.274150e+00
 6.320447e-01 1.437469e+00 -1.279888e+00
 7.034135e-01 1.029073e+00 -1.129908e+00
 7.526975e-01 8.300052e-01 -1.106903e+00
 8.074500e-01 6.569257e-01 -1.133237e+00
 9.639727e-01 3.521628e-01 -1.263878e+00
 1.090353e+00 6.913651e-02 -1.294080e+00
 1.176011e+00 -2.005685e-01 -1.251345e+00
 1.229853e+00 -4.822151e-01 -1.129118e+00
 1.237420e+00 -7.051317e-01 -9.577327e-01
 1.190038e+00 -8.664055e-01 -7.554538e-01
 1.095351e+00 -9.695141e-01 -5.041024e-01
 9.790563e-01 -9.864211e-01 -2.100262e-01
 8.806446e-01 -9.248212e-01 6.543738e-03
 7.194305e-01 -8.687230e-01 1.822445e-01
 5.649370e-01 -8.990235e-01 3.722125e-01
 4.560063e-01 -9.794965e-01 6.346276e-01
 3.695710e-01 -1.214293e+00 1.059736e+00
 1.434709e-01 -1.438671e+00 1.340605e+00
 -2.257168e-01 -1.613264e+00 1.516113e+00
 -6.125895e-01 -1.678779e+00 1.550086e+00
 -9.997507e-01 -1.658188e+00 1.441609e+00
 -1.320310e+00 -1.601029e+00 1.185485e+00
 -1.511489e+00 -1.517542e+00 8.243122e-01
 -1.532269e+00 -1.434786e+00 5.225167e-01
 -1.507793e+00 -1.225814e+00 2.283763e-01
 -1.635932e+00 -1.016127e+00 -1.694578e-02
 -1.760038e+00 -8.686102e-01 -1.187662e-01
 -1.915371e+00 -6.272159e-01 -1.726134e-01
 -2.051163e+00 -3.484965e-01 -1.364701e-01
 -2.134154e+00 -3.891196e-02 -3.155119e-03
 -2.123666e+00 2.535504e-01 2.081489e-01
 -2.014425e+00 4.695330e-01 4.285350e-01
 -1.807041e+00 6.272755e-01 6.308651e-01
 -1.529466e+00 6.992044e-01 8.118790e-01
 -1.224989e+00 6.625205e-01 9.701225e-01
 -9.983452e-01 5.546469e-01 1.054881e+00
 -7.216657e-01 4.237292e-01 1.056380e+00
 -4.695703e-01 3.922903e-01 1.081161e+00
 -1.836752e-01 4.064126e-01 1.192572e+00
 2.408698e-01 5.419220e-01 1.489565e+00
 5.761673e-01 6.658103e-01 1.581391e+00
 9.071246e-01 7.630182e-01 1.550822e+00
 1.204456e+00 8.416913e-01 1.405866e+00
 1.438365e+00 8.955016e-01 1.161373e+00
 1.580542e+00 9.299781e-01 8.401835e-01
 1.604541e+00 9.609151e-01 4.863068e-01
 1.461699e+00 9.638360e-01 -3.028861e-02
 1.493528e+00 9.679828e-01 -3.608599e-01
 1.696240e+00 1.053417e+00 -8.173393e-01
 1.730758e+00 1.092536e+00 -1.119086e+00
 1.675773e+00 1.103826e+00 -1.426189e+00
 1.532992e+00 1.083605e+00 -1.716572e+00
 1.339065e+00 1.029638e+00 -1.933318e+00
 1.100454e+00 9.578823e-01 -2.075770e+00
 8.304370e-01 8.757465e-01 -2.136716e+00
 5.471822e-01 7.891067e-01 -2.109142e+00
 2.467218e-01 7.022083e-01 -1.978906e+00
 1.867490e-02 6.345890e-01 -1.778401e+00
 -1.415715e-01 5.850314e-01 -1.513275e+00
 -2.161918e-01 5.571960e-01 -1.210975e+00
 -1.796603e-01 5.878079e-01 -3.559106e-01
 -2.131130e-01 6.898213e-01 -3.231113e-02
 -3.105772e-01 8.407914e-01 1.672123e-01
 -4.249373e-01 1.206159e+00 4.533364e-01
 -4.589045e-01 1.400396e+00 8.476923e-01
 -4.644048e-01 1.413910e+00 1.250737e+00
 -5.481755e-01 1.263397e+00 1.647961e+00
 -6.484118e-01 9.717514e-01 1.929544e+00
 -7.049932e-01 5.282143e-01 2.081527e+00
 -7.091736e-01 7.164572e-02 2.031761e+00
 -6.844939e-01 -3.201061e-01 1.789484e+00
 -5.977358e-01 -9.134097e-01 8.561934e-01
 -5.779321e-01 -1.121109e+00 6.690283e-01
 -5.280709e-01 -1.336470e+00 5.726528e-01
 -5.271418e-01 -1.581424e+00 5.383292e-01
 -5.686767e-01 -1.777383e+00 4.673243e-01
 -5.974105e-01 -2.029555e+00 2.859116e-01
 -5.732343e-01 -2.249389e+00 2.121048e-02
