 1.606206e-02 2.037106e+00 -7.810135e-01
 -3.963943e-01 2.019969e+00 -7.732255e-01
 -7.620988e-01 1.859923e+00 -7.074146e-01
 -1.029487e+00 1.579925e+00 -6.122475e-01
 -1.158145e+00 1.233706e+00 -5.018478e-01
 -1.142069e+00 8.895590e-01 -3.878420e-01
 -1.004003e+00 5.999938e-01 -2.544419e-01
 -7.436928e-01 3.627649e-01 -7.377379e-02
 -4.378773e-01 2.911640e-01 1.681404e-01
 -1.137776e-02 3.935235e-01 9.308437e-01
 4.093462e-01 4.341544e-01 1.201802e+00
 8.842552e-01 5.125110e-01 1.244468e+00
 1.274767e+00 6.120977e-01 1.085306e+00
 1.503095e+00 7.509270e-01 8.278762e-01
 1.590985e+00 9.173063e-01 6.782704e-01
 1.725013e+00 1.106055e+00 5.678191e-01
 2.008709e+00 1.255987e+00 3.761815e-01
 2.286324e+00 1.271287e+00 5.916522e-02
 2.453043e+00 1.157049e+00 -3.490306e-01
 2.469977e+00 9.200831e-01 -7.283735e-01
 2.342182e+00 5.859515e-01 -1.012850e+00
 2.080924e+00 2.199016e-01 -1.141603e+00
 1.530591e+00 -2.224618e-01 -1.071376e+00
 1.193508e+00 -3.610593e-01 -1.124848e+00
 8.524962e-01 -4.652643e-01 -1.334073e+00
 4.052159e-01 -2.716320e-01 -1.627082e+00
 2.842946e-02 1.698433e-01 -1.694309e+00
 -1.978969e-01 6.002967e-01 -1.466295e+00
 -2.615681e-01 9.328441e-01 -1.035059e+00
 -1.152768e-01 1.091468e+00 -4.079012e-01
 -1.708424e-01 1.215067e+00 -1.834566e-01
 -3.164863e-01 1.306414e+00 8.135713e-02
 -5.875917e-01 1.299001e+00 3.783383e-01
 -8.601401e-01 1.157052e+00 5.942133e-01
 -1.079487e+00 8.847641e-01 7.508197e-01
 -1.212034e+00 5.298993e-01 8.260931e-01
 -1.268426e+00 -1.588552e-01 7.985983e-01
 -1.329972e+00 -3.982618e-01 8.614951e-01
 -1.424471e+00 -6.582475e-01 9.922352e-01
 -1.706194e+00 -8.957161e-01 1.175813e+00
 -2.138097e+00 -1.037537e+00 1.250137e+00
 -2.590156e+00 -1.042687e+00 1.173696e+00
 -2.966542e+00 -9.396043e-01 9.433348e-01
 -3.194457e+00 -7.573716e-01 6.101854e-01
 -3.241296e+00 -5.297078e-01 2.421427e-01
 -3.106215e+00 -3.007886e-01 -9.880241e-02
 -2.817575e+00 -1.211031e-01 -3.599817e-01
 -2.428932e+00 -2.759195e-02 -5.026334e-01
 -2.010488e+00 -3.784513e-02 -5.067990e-01
 -1.622655e+00 -1.742708e-01 -3.878516e-01
 -1.349345e+00 -4.271333e-01 -1.743421e-01
 -1.248847e+00 -7.688015e-01 -6.905560e-02
 -1.237249e+00 -1.077056e+00 9.172598e-02
 -1.053880e+00 -1.390725e+00 3.479486e-01
 -7.138214e-01 -1.619540e+00 5.237725e-01
 -2.760569e-01 -1.694663e+00 6.249633e-01
 1.255690e-01 -1.592730e+00 6.412430e-01
 4.678452e-01 -1.374787e+00 5.266349e-01
 6.634474e-01 -1.173882e+00 3.099474e-01
 7.682546e-01 -1.073509e+00 1.322543e-02
 9.384081e-01 -1.084518e+00 -2.813914e-01
 1.314196e+00 -1.355538e+00 -9.036843e-01
 1.505267e+00 -1.322419e+00 -1.309497e+00
 1.623907e+00 -1.113928e+00 -1.680700e+00
 1.646636e+00 -7.788215e-01 -1.954841e+00
 1.569583e+00 -3.847006e-01 -2.092387e+00
 1.417963e+00 -9.742272e-03 -2.077536e+00
 1.244023e+00 3.233894e-01 -1.905223e+00
 1.077399e+00 5.393378e-01 -1.612659e+00
 8.468941e-01 6.069148e-01 -1.217691e+00
 6.562727e-01 4.727209e-01 -8.903426e-01
 5.387704e-01 3.212773e-01 -7.480022e-01
 4.190829e-01 2.123790e-01 -6.915333e-01
 1.439087e-01 3.912900e-02 -6.618851e-01
 -4.357795e-02 -7.522094e-02 -6.882421e-01
 -1.034619e+00 -7.165989e-01 -1.103405e+00
 -1.381510e+00 -9.197645e-01 -1.084779e+00
 -1.722144e+00 -1.043470e+00 -9.362544e-01
 -2.002938e+00 -1.084473e+00 -6.812022e-01
 -2.191241e+00 -1.043622e+00 -3.524986e-01
 -2.259604e+00 -9.149216e-01 -9.400672e-03
 -2.228003e+00 -7.133699e-01 2.608548e-01
 -2.220247e+00 -4.996349e-01 3.798617e-01
 -2.282914e+00 -2.769062e-01 5.379668e-01
 -2.307456e+00 -8.463590e-02 8.719710e-01
 -2.165200e+00 3.105051e-02 1.281913e+00
 -1.861847e+00 4.065414e-02 1.630311e+00
 -1.443156e+00 -1.670864e-02 1.815307e+00
 -9.875481e-01 -1.488592e-01 1.802543e+00
 -5.994979e-01 -3.497717e-01 1.586706e+00
 -3.842972e-01 -5.528372e-01 1.223096e+00
 -2.738374e-01 -7.154252e-01 2.734067e-01
 -2.432684e-01 -8.400449e-01 9.665407e-03
 -2.279040e-01 -1.110552e+00 -2.317418e-01
 -8.368261e-02 -1.491990e+00 -3.754396e-01
 2.107087e-01 -1.855127e+00 -3.652567e-01
 6.325669e-01 -2.083951e+00 -2.098195e-01
 1.092144e+00 -2.072692e+00 1.408290e-02
 1.465866e+00 -1.826083e+00 2.182646e-01
 1.674083e+00 -1.424141e+00 3.811009e-01
 1.677177e+00 -9.661289e-01 4.899541e-01
 1.497108e+00 -5.630645e-01 5.200806e-01
 8.059747e-01 2.277803e-01 2.459814e-01
 6.749945e-01 6.995429e-01 2.071373e-01
 6.200484e-01 1.114660e+00 4.340735e-01
 6.852736e-01 1.391185e+00 7.272110e-01
 9.016620e-01 1.576046e+00 1.049575e+00
 1.226794e+00 1.621503e+00 1.325921e+00
 1.602763e+00 1.521850e+00 1.508227e+00
 1.974469e+00 1.318170e+00 1.545205e+00
 2.276784e+00 1.048688e+00 1.435021e+00
 2.462901e+00 7.592140e-01 1.199140e+00
 2.501300e+00 4.940504e-01 8.830779e-01
 2.397079e+00 3.085412e-01 5.213022e-01
 2.173873e+00 2.509549e-01 1.640608e-01
 1.879274e+00 3.238876e-01 -9.670177e-02
 1.596806e+00 5.566230e-01 -2.918889e-01
 1.406464e+00 9.788033e-01 -4.338178e-01
 1.287931e+00 1.152034e+00 -4.538872e-01
 4.092415e-01 1.904515e+00 -7.315732e-01
