 -1.336607e+00 3.903377e-01 1.931751e+00
 -1.029347e+00 1.313495e-01 2.049519e+00
 -8.874981e-01 -2.088830e-01 2.175620e+00
 -8.050363e-01 -7.397970e-01 2.084059e+00
 -8.338309e-01 -1.170267e+00 1.735399e+00
 -9.003389e-01 -1.359268e+00 1.203754e+00
 -9.945663e-01 -1.239114e+00 6.538979e-01
 -1.097124e+00 -8.485818e-01 2.579533e-01
 -1.131502e+00 -1.213051e-01 7.329729e-02
 -1.117751e+00 1.600085e-01 -6.878858e-02
 -1.223574e+00 4.214931e-01 -3.403909e-01
 -1.264014e+00 5.510068e-01 -7.633786e-01
 -1.151508e+00 5.214728e-01 -1.219024e+00
 -8.748955e-01 3.568539e-01 -1.588455e+00
 -4.867671e-01 1.102322e-01 -1.771146e+00
 8.615704e-02 -2.547502e-01 -1.708113e+00
 6.082490e-01 -4.350737e-01 -1.710701e+00
 9.519871e-01 -6.221389e-01 -1.886774e+00
 1.275835e+00 -6.682308e-01 -2.267711e+00
 1.464333e+00 -5.166233e-01 -2.706135e+00
 1.502961e+00 -1.778480e-01 -3.083031e+00
 1.379794e+00 2.654619e-01 -3.300993e+00
 1.124612e+00 7.042235e-01 -3.306579e+00
 8.159445e-01 1.041752e+00 -3.088899e+00
 5.264707e-01 1.196901e+00 -2.698979e+00
 3.391339e-01 1.138672e+00 -2.222159e+00
 3.336324e-01 8.975593e-01 -1.773553e+00
 4.874139e-01 6.541118e-01 -1.532983e+00
 6.830395e-01 5.350111e-01 -1.364700e+00
 1.301501e+00 2.035503e-01 -1.119979e+00
 1.529473e+00 -9.630705e-02 -8.798030e-01
 1.586145e+00 -4.048499e-01 -5.338061e-01
 1.445606e+00 -6.608995e-01 -1.712868e-01
 1.112169e+00 -8.220618e-01 1.672745e-01
 9.832348e-01 -8.742128e-01 3.820283e-01
 9.018903e-01 -9.865520e-01 7.152972e-01
 9.589293e-01 -9.442546e-01 1.193543e+00
 1.060879e+00 -6.400842e-01 1.611667e+00
 1.113176e+00 -1.883705e-01 1.828991e+00
 1.084782e+00 3.135709e-01 1.816843e+00
 1.026034e+00 7.511011e-01 1.566707e+00
 9.501154e-01 1.013745e+00 1.140890e+00
 8.702873e-01 1.039912e+00 6.432337e-01
 8.006128e-01 8.251306e-01 1.935496e-01
 7.111706e-01 2.215733e-01 -2.463423e-01
 3.127756e-01 -1.064880e+00 -9.422081e-01
 1.755037e-01 -1.325623e+00 -1.385071e+00
 1.224086e-01 -1.339752e+00 -1.921262e+00
 1.588623e-01 -1.095392e+00 -2.401327e+00
 2.732226e-01 -6.611802e-01 -2.692275e+00
 4.740613e-01 -1.615705e-01 -2.724073e+00
 6.896228e-01 1.769894e-01 -2.523251e+00
 9.002296e-01 2.846693e-01 -2.379745e+00
 1.170321e+00 4.628530e-01 -2.286879e+00
 1.361426e+00 9.245427e-01 -2.063432e+00
 1.282421e+00 1.344357e+00 -1.652269e+00
 9.653432e-01 1.530286e+00 -1.190748e+00
 5.134288e-01 1.427161e+00 -8.248919e-01
 8.479669e-02 1.067891e+00 -6.660758e-01
 -4.539452e-01 -1.546278e-01 -7.655178e-01
 -7.338396e-01 -3.717030e-01 -8.668108e-01
 -1.206839e+00 -4.856178e-01 -8.899270e-01
 -1.662833e+00 -4.286601e-01 -7.562521e-01
 -2.007294e+00 -2.507551e-01 -4.593830e-01
 -2.151682e+00 5.856976e-03 -6.707370e-02
 -2.065209e+00 2.781207e-01 3.331676e-01
 -1.769763e+00 4.985829e-01 6.524041e-01
 -1.063450e+00 6.555369e-01 9.549019e-01
 -7.272868e-01 7.189835e-01 1.193255e+00
 -5.373072e-01 8.903019e-01 1.499135e+00
 -5.023437e-01 1.027042e+00 1.939199e+00
 -6.518416e-01 1.049008e+00 2.382863e+00
 -9.182345e-01 9.034705e-01 2.747257e+00
 -1.238196e+00 6.265955e-01 2.948473e+00
 -1.542811e+00 2.778812e-01 2.951442e+00
 -1.772265e+00 -6.898859e-02 2.762313e+00
 -1.885584e+00 -3.452959e-01 2.425526e+00
 -1.867262e+00 -5.008579e-01 2.011215e+00
 -1.722950e+00 -5.184012e-01 1.610980e+00
 -1.452138e+00 -4.478087e-01 1.306243e+00
 -1.156937e+00 -3.388775e-01 1.165896e+00
 -8.276351e-01 -3.112305e-01 1.135905e+00
 -1.757991e-01 -2.113282e-01 1.246418e+00
 7.061806e-02 -1.421944e-01 1.230107e+00
 3.104585e-01 -6.712987e-02 1.146855e+00
 5.967009e-01 1.651770e-02 9.520651e-01
 8.363372e-01 2.679774e-02 8.472975e-01
 1.165197e+00 3.296238e-02 8.089927e-01
 1.548717e+00 -1.418965e-01 8.350974e-01
 1.834463e+00 -5.102213e-01 8.358936e-01
 1.944134e+00 -9.396390e-01 7.653093e-01
 1.874516e+00 -1.356095e+00 6.051696e-01
 1.623306e+00 -1.686884e+00 4.143095e-01
 1.240927e+00 -1.863023e+00 2.362461e-01
 8.016962e-01 -1.850225e+00 1.079488e-01
 3.940233e-01 -1.648929e+00 5.084511e-02
 1.005874e-01 -1.297567e+00 7.217820e-02
 -1.064072e-01 -5.254581e-01 2.134256e-01
 -1.962803e-01 4.981227e-01 2.901714e-01
 -3.546246e-01 1.117063e+00 2.980891e-01
 -6.348671e-01 1.532031e+00 5.306760e-01
 -9.826317e-01 1.709620e+00 9.214563e-01
 -1.306668e+00 1.597775e+00 1.355479e+00
 -1.518312e+00 1.231980e+00 1.699079e+00
 -1.514075e+00 7.332557e-01 1.903622e+00
