 1.582717e+00 -6.816904e-01 3.496492e-01
 1.622597e+00 -4.959608e-01 7.246591e-02
 1.553165e+00 -3.295433e-01 -1.751928e-01
 1.381563e+00 -1.712589e-01 -3.846917e-01
 1.096797e+00 -1.121503e-02 -5.466304e-01
 7.523959e-01 8.127108e-02 -6.352487e-01
 5.821918e-01 1.487773e-01 -7.138292e-01
 4.736421e-01 2.164994e-01 -8.065004e-01
 3.043345e-01 3.121317e-01 -1.066299e+00
 8.326951e-02 3.804245e-01 -1.686433e+00
 -3.061781e-01 3.719430e-01 -2.034156e+00
 -8.184679e-01 3.371900e-01 -2.147415e+00
 -1.324245e+00 2.820662e-01 -1.992547e+00
 -1.681698e+00 2.199122e-01 -1.617967e+00
 -1.801564e+00 1.753967e-01 -1.093700e+00
 -1.654179e+00 1.637024e-01 -5.884103e-01
 -1.278182e+00 1.755396e-01 -2.201499e-01
 -2.768138e-01 2.730077e-01 5.160941e-02
 -4.083514e-02 5.080838e-01 3.628421e-01
 4.734150e-02 6.652297e-01 7.533380e-01
 -1.532343e-02 6.954211e-01 1.200916e+00
 -1.964077e-01 5.832970e-01 1.587058e+00
 -4.464565e-01 3.532358e-01 1.847012e+00
 -6.759404e-01 4.275743e-02 1.950974e+00
 -8.528996e-01 -3.592046e-01 1.905767e+00
 -9.513380e-01 -7.215514e-01 1.700296e+00
 -9.730125e-01 -9.796352e-01 1.378081e+00
 -8.192274e-01 -1.215664e+00 8.208391e-01
 -7.339069e-01 -1.479559e+00 6.032498e-01
 -7.801007e-01 -2.053102e+00 3.662813e-01
 -6.069531e-01 -2.430605e+00 1.067101e-01
 -2.682741e-01 -2.644491e+00 -2.079655e-01
 1.077598e-01 -2.633731e+00 -4.836909e-01
 4.661821e-01 -2.419845e+00 -6.760308e-01
 7.797350e-01 -2.020834e+00 -7.336005e-01
 9.289291e-01 -1.575263e+00 -6.310832e-01
 8.914145e-01 -1.153031e+00 -4.056695e-01
 6.757560e-01 -8.357534e-01 -7.654947e-02
 5.676954e-01 -5.954762e-01 1.022952e-01
 5.757669e-01 -4.419083e-01 2.252083e-01
 7.036691e-01 -1.722505e-01 3.869856e-01
 8.799008e-01 8.655891e-02 4.688033e-01
 1.400241e+00 6.917106e-01 4.567470e-01
 1.542062e+00 9.771754e-01 3.937348e-01
 1.597285e+00 1.281281e+00 2.901119e-01
 1.562588e+00 1.566168e+00 1.544351e-01
 1.444729e+00 1.807044e+00 5.067622e-04
 1.262040e+00 1.982995e+00 -1.662183e-01
 1.029454e+00 2.082125e+00 -3.303735e-01
 7.961705e-01 2.094702e+00 -4.418352e-01
 5.453340e-01 2.061407e+00 -4.868126e-01
 3.369746e-01 2.057161e+00 -4.586538e-01
 1.213334e-01 2.110549e+00 -4.386464e-01
 -1.216939e-01 2.167518e+00 -4.997424e-01
 -4.107531e-01 2.158424e+00 -6.522187e-01
 -6.433890e-01 2.058960e+00 -8.145076e-01
 -8.505683e-01 1.852912e+00 -9.648629e-01
 -9.958761e-01 1.556483e+00 -1.084845e+00
 -1.042155e+00 1.232760e+00 -1.156056e+00
 -9.929727e-01 8.987133e-01 -1.170392e+00
 -8.262657e-01 5.401018e-01 -1.119056e+00
 -7.746968e-01 3.301969e-01 -1.111524e+00
 -7.606799e-01 6.859366e-02 -1.133301e+00
 -8.885183e-01 -4.484582e-01 -1.288462e+00
 -8.952730e-01 -7.835018e-01 -1.300082e+00
 -8.171066e-01 -1.105243e+00 -1.240937e+00
 -6.789106e-01 -1.373136e+00 -1.105641e+00
 -4.969472e-01 -1.563434e+00 -8.994960e-01
 -2.988737e-01 -1.655266e+00 -6.427943e-01
 -3.357250e-03 -1.629958e+00 -1.770947e-01
 1.598076e-01 -1.731449e+00 5.172766e-02
 4.714273e-01 -2.057162e+00 3.398043e-01
 6.713399e-01 -2.181933e+00 6.310254e-01
 8.294251e-01 -2.185934e+00 9.776056e-01
 9.265234e-01 -2.066210e+00 1.338074e+00
 9.406451e-01 -1.859416e+00 1.621677e+00
 8.788429e-01 -1.580339e+00 1.826581e+00
 7.403519e-01 -1.238087e+00 1.933142e+00
 5.594636e-01 -9.181164e-01 1.916112e+00
 3.609718e-01 -6.572954e-01 1.789915e+00
 1.617766e-01 -4.730305e-01 1.569679e+00
 -6.181490e-02 -3.799422e-01 1.242135e+00
 -2.242766e-01 -3.169683e-01 1.094457e+00
 -4.178420e-01 -2.212868e-01 9.766871e-01
 -6.246266e-01 -1.129093e-01 9.371481e-01
 -8.151624e-01 8.626292e-02 9.314305e-01
 -9.103663e-01 2.728419e-01 9.226813e-01
 -9.668156e-01 5.070281e-01 8.684450e-01
 -9.732294e-01 7.245097e-01 7.710557e-01
 -9.435044e-01 9.173990e-01 6.336758e-01
 -8.758156e-01 1.077748e+00 4.570908e-01
 -7.800803e-01 1.191354e+00 2.497612e-01
 -6.627604e-01 1.246747e+00 2.526540e-02
 -5.112698e-01 1.241897e+00 -2.039736e-01
 -3.230181e-01 1.172948e+00 -4.220114e-01
 -2.251210e-01 1.160991e+00 -5.516905e-01
 -9.921514e-02 1.178715e+00 -7.593936e-01
 4.479268e-03 1.295854e+00 -1.049763e+00
 9.316335e-02 1.547912e+00 -1.305918e+00
 1.751611e-01 1.889584e+00 -1.450283e+00
 2.455002e-01 2.267162e+00 -1.451883e+00
 3.052195e-01 2.626361e+00 -1.308603e+00
 3.657662e-01 2.905021e+00 -1.036597e+00
 4.242858e-01 3.058795e+00 -6.762417e-01
 4.700378e-01 3.060439e+00 -2.744900e-01
 4.797973e-01 2.905180e+00 1.024826e-01
 4.870575e-01 2.606998e+00 3.914871e-01
 5.021200e-01 2.206293e+00 5.400266e-01
 5.179399e-01 1.775281e+00 5.094787e-01
 5.452372e-01 1.410220e+00 3.064984e-01
 6.483950e-01 1.123284e+00 -6.523045e-02
 1.100699e+00 1.043233e+00 -8.244780e-01
 1.236425e+00 7.438988e-01 -1.280854e+00
 1.226631e+00 2.840296e-01 -1.547124e+00
 1.059037e+00 -1.964545e-01 -1.587616e+00
 6.949042e-01 -5.918068e-01 -1.431571e+00
 2.705974e-01 -7.529360e-01 -1.123906e+00
 -8.942972e-02 -6.553495e-01 -6.967242e-01
 -2.059115e-01 -6.444482e-01 -5.551679e-01
 -3.778514e-01 -6.574741e-01 -4.313619e-01
 -5.841400e-01 -7.288074e-01 -3.251293e-01
 -1.352268e+00 -1.035790e+00 -7.536985e-02
 -1.606291e+00 -1.228982e+00 1.309907e-01
 -1.743261e+00 -1.444120e+00 4.092144e-01
 -1.748484e+00 -1.646065e+00 7.220169e-01
 -1.616800e+00 -1.830841e+00 1.031637e+00
 -1.372281e+00 -1.979846e+00 1.267027e+00
 -1.060749e+00 -2.051396e+00 1.411932e+00
 -7.065495e-01 -2.023256e+00 1.477920e+00
 -3.331886e-01 -1.881999e+00 1.456946e+00
 -4.594119e-02 -1.675263e+00 1.340193e+00
 1.536801e-01 -1.432342e+00 1.121417e+00
 2.873408e-01 -1.322167e+00 1.022495e+00
 3.988577e-01 -1.260229e+00 9.714672e-01
 5.823820e-01 -1.195808e+00 9.252165e-01
 9.248952e-01 -1.125815e+00 8.930573e-01
 1.218633e+00 -1.003698e+00 7.791322e-01
 1.444256e+00 -8.518710e-01 5.909629e-01
