 -1.436296e+00 -9.572756e-01 -9.060350e-01
 -1.184738e+00 -1.208474e+00 -1.081849e+00
 -8.049330e-01 -1.318265e+00 -1.287958e+00
 -3.780951e-01 -1.244651e+00 -1.406297e+00
 1.008753e-02 -1.006668e+00 -1.423868e+00
 2.732925e-01 -6.620471e-01 -1.335387e+00
 3.792346e-01 -1.983472e-01 -1.165070e+00
 4.584723e-01 6.113115e-02 -1.145302e+00
 5.833892e-01 2.860219e-01 -1.186039e+00
 7.676993e-01 6.877078e-01 -1.441429e+00
 9.389283e-01 1.087516e+00 -1.491734e+00
 1.109232e+00 1.453691e+00 -1.374134e+00
 1.218152e+00 1.725782e+00 -1.131149e+00
 1.274664e+00 1.895414e+00 -7.819505e-01
 1.301460e+00 1.917967e+00 -3.808721e-01
 1.276997e+00 1.788326e+00 2.117541e-02
 1.207413e+00 1.542327e+00 3.211483e-01
 1.057415e+00 9.981137e-01 6.120193e-01
 1.037987e+00 7.787859e-01 8.909641e-01
 1.136259e+00 6.183261e-01 1.435491e+00
 1.120356e+00 4.312866e-01 1.733492e+00
 1.036761e+00 1.750884e-01 1.957810e+00
 8.793199e-01 -1.279263e-01 2.092655e+00
 6.802237e-01 -4.062389e-01 2.110078e+00
 4.572082e-01 -6.387820e-01 2.020294e+00
 2.357045e-01 -8.346022e-01 1.811169e+00
 1.034644e-01 -9.541517e-01 1.553915e+00
 6.914941e-02 -1.007355e+00 1.335940e+00
 9.976738e-02 -1.072097e+00 1.137341e+00
 1.288446e-01 -1.199800e+00 9.415304e-01
 6.523196e-02 -1.340783e+00 7.390533e-01
 -6.556071e-03 -1.397546e+00 5.870046e-01
 -1.166213e-01 -1.416702e+00 3.304774e-01
 -2.037980e-01 -1.382738e+00 1.324660e-01
 -2.849181e-01 -1.300015e+00 -5.764292e-02
 -3.600304e-01 -1.170357e+00 -2.288030e-01
 -4.212052e-01 -9.973319e-01 -3.739853e-01
 -4.764128e-01 -6.861935e-01 -5.425395e-01
 -5.335452e-01 -5.036946e-01 -7.077967e-01
 -6.197498e-01 -3.496198e-01 -9.238360e-01
 -7.059251e-01 -2.951942e-01 -1.193483e+00
 -8.609085e-01 -3.002905e-01 -1.482449e+00
 -1.114030e+00 -4.192228e-01 -1.744752e+00
 -1.420052e+00 -6.113051e-01 -1.888836e+00
 -1.736541e+00 -8.380689e-01 -1.887950e+00
 -2.020575e+00 -1.049435e+00 -1.747287e+00
 -2.243498e+00 -1.214505e+00 -1.485730e+00
 -2.372965e+00 -1.310134e+00 -1.139093e+00
 -2.388407e+00 -1.323962e+00 -7.545417e-01
 -2.286497e+00 -1.249308e+00 -3.834915e-01
 -2.087291e+00 -1.085299e+00 -8.569394e-02
 -1.827819e+00 -8.489618e-01 9.238899e-02
 -1.553939e+00 -5.620879e-01 1.218005e-01
 -1.353547e+00 -3.024238e-01 1.209259e-02
 -1.253167e+00 -1.137875e-01 -1.298418e-01
 -1.240163e+00 1.535708e-01 -3.153668e-01
 -1.384086e+00 5.719555e-01 -6.236000e-01
 -1.348298e+00 9.133164e-01 -8.307998e-01
 -1.165229e+00 1.262059e+00 -9.856555e-01
 -8.912754e-01 1.512597e+00 -1.041415e+00
 -5.406218e-01 1.645651e+00 -1.029895e+00
 -1.133961e-01 1.645740e+00 -9.300440e-01
 2.258492e-01 1.522464e+00 -7.702371e-01
 5.473822e-01 1.213640e+00 -5.427871e-01
 8.234145e-01 1.010983e+00 -4.672795e-01
 1.016897e+00 9.304159e-01 -4.768954e-01
 1.507602e+00 8.830157e-01 -5.808008e-01
 1.885749e+00 6.618812e-01 -6.329456e-01
 2.169913e+00 2.935879e-01 -5.924171e-01
 2.279401e+00 -5.495184e-02 -4.605287e-01
 2.220269e+00 -4.328378e-01 -2.679790e-01
 1.994102e+00 -7.540753e-01 -9.608523e-02
 1.673518e+00 -9.460227e-01 3.842222e-02
 1.294156e+00 -1.000454e+00 1.359354e-01
 9.148906e-01 -9.117794e-01 1.810856e-01
 3.177530e-01 -4.987975e-01 1.904833e-01
 -9.774884e-02 -3.763803e-01 3.648459e-01
 -5.179877e-01 -4.976628e-01 5.541327e-01
 -7.753351e-01 -7.381742e-01 7.375544e-01
 -8.977017e-01 -1.046741e+00 9.281973e-01
 -8.745365e-01 -1.369410e+00 1.135597e+00
 -7.160841e-01 -1.662492e+00 1.310160e+00
 -4.468245e-01 -1.882417e+00 1.443631e+00
 -1.052434e-01 -1.990331e+00 1.545217e+00
 2.571350e-01 -1.975361e+00 1.594716e+00
 5.945133e-01 -1.849701e+00 1.579385e+00
 8.644365e-01 -1.630088e+00 1.513678e+00
 1.041120e+00 -1.336875e+00 1.413338e+00
 1.100627e+00 -1.016702e+00 1.294600e+00
 1.043338e+00 -7.036125e-01 1.182395e+00
 8.783551e-01 -4.207410e-01 1.109104e+00
 6.586273e-01 -2.237345e-01 1.096622e+00
 3.858502e-01 -4.374844e-02 1.178070e+00
 2.583795e-02 2.401720e-01 1.554453e+00
 -2.281335e-01 4.891502e-01 1.675702e+00
 -4.913821e-01 7.720900e-01 1.660085e+00
 -7.239268e-01 1.055158e+00 1.503527e+00
 -8.469718e-01 1.283306e+00 1.263391e+00
 -8.833470e-01 1.443894e+00 9.429696e-01
 -8.613951e-01 1.484585e+00 5.750373e-01
 -7.771799e-01 1.396935e+00 1.997775e-01
 -6.484047e-01 1.217273e+00 -8.220434e-02
 -4.673715e-01 9.182618e-01 -2.996008e-01
 -3.841801e-01 7.475617e-01 -4.986056e-01
 -3.523742e-01 6.468321e-01 -8.279692e-01
 -3.661721e-01 6.432074e-01 -1.322401e+00
 -2.952244e-01 5.303157e-01 -1.653930e+00
 -1.338227e-01 3.557744e-01 -1.921614e+00
 1.161456e-01 1.632188e-01 -2.099986e+00
 4.238970e-01 9.190334e-04 -2.170163e+00
 7.432348e-01 -1.202507e-01 -2.124614e+00
 1.029096e+00 -2.194239e-01 -1.959179e+00
 1.269404e+00 -3.057144e-01 -1.661666e+00
 1.388345e+00 -3.414879e-01 -1.302443e+00
 1.381872e+00 -3.135816e-01 -9.233128e-01
 1.272836e+00 -2.051724e-01 -5.960319e-01
 1.244742e+00 -8.798584e-02 -3.358053e-01
 1.300791e+00 2.586281e-03 -8.842716e-02
 1.477133e+00 1.343048e-01 1.659868e-01
 1.816930e+00 3.352928e-01 3.986924e-01
 1.978657e+00 5.396095e-01 5.591449e-01
 2.054941e+00 7.852343e-01 7.456231e-01
 2.032182e+00 1.040185e+00 9.325242e-01
 1.889886e+00 1.319339e+00 1.142858e+00
 1.673497e+00 1.514253e+00 1.288395e+00
 1.392855e+00 1.641517e+00 1.372348e+00
 1.069864e+00 1.687078e+00 1.392001e+00
 6.836096e-01 1.640925e+00 1.327342e+00
 3.851134e-01 1.513928e+00 1.198992e+00
 1.685441e-01 1.316076e+00 1.020902e+00
 1.834923e-02 9.825151e-01 7.902106e-01
 -1.723676e-01 7.345687e-01 6.812861e-01
 -3.246503e-01 6.052452e-01 6.669358e-01
 -5.304453e-01 5.177952e-01 6.597080e-01
 -8.243882e-01 4.569509e-01 6.584948e-01
 -1.345210e+00 5.171399e-01 6.602651e-01
 -1.663352e+00 5.116578e-01 5.623395e-01
 -1.940114e+00 4.472304e-01 3.814837e-01
 -2.142481e+00 3.262394e-01 1.408213e-01
 -2.253440e+00 1.512602e-01 -1.499528e-01
 -2.248978e+00 -2.581548e-02 -4.073171e-01
 -2.137118e+00 -2.105336e-01 -6.503412e-01
 -1.936048e+00 -4.004057e-01 -8.344713e-01
 -1.724202e+00 -5.563351e-01 -9.013942e-01
 -1.570101e+00 -7.225020e-01 -8.857833e-01
