 1.176742e+00 -1.179669e+00 4.444329e-01
 1.044338e+00 -9.044801e-01 -2.180166e-02
 1.052071e+00 -7.954737e-01 -3.541749e-01
 1.165772e+00 -7.930249e-01 -7.017691e-01
 1.288282e+00 -9.427586e-01 -1.043677e+00
 1.380134e+00 -1.226067e+00 -1.306022e+00
 1.400680e+00 -1.601294e+00 -1.455975e+00
 1.337450e+00 -2.001601e+00 -1.471551e+00
 1.197399e+00 -2.362026e+00 -1.352144e+00
 9.947013e-01 -2.621604e+00 -1.129053e+00
 7.543210e-01 -2.745010e+00 -8.420836e-01
 5.175490e-01 -2.717374e+00 -5.288720e-01
 3.171485e-01 -2.543338e+00 -2.363610e-01
 1.714535e-01 -2.243721e+00 -1.635955e-02
 9.067196e-02 -1.876290e+00 8.291162e-02
 6.589806e-02 -1.493600e+00 3.855481e-02
 8.756258e-02 -1.184426e+00 -1.280529e-01
 6.473680e-02 -9.762589e-01 -3.651434e-01
 -8.126774e-03 -8.429338e-01 -6.339515e-01
 -2.439833e-01 -7.241518e-01 -1.204413e+00
 -4.674392e-01 -5.125444e-01 -1.493840e+00
 -7.101143e-01 -1.904812e-01 -1.647414e+00
 -9.405712e-01 1.803972e-01 -1.632829e+00
 -1.103674e+00 5.170740e-01 -1.457203e+00
 -1.178682e+00 7.743209e-01 -1.154460e+00
 -1.132883e+00 9.370808e-01 -7.696008e-01
 -9.575898e-01 9.852398e-01 -3.908821e-01
 -6.827515e-01 8.133122e-01 1.185375e-01
 -5.625448e-01 9.017081e-01 4.659266e-01
 -5.089616e-01 1.076084e+00 7.729129e-01
 -5.851701e-01 1.350036e+00 1.069367e+00
 -8.025684e-01 1.634692e+00 1.274599e+00
 -1.121904e+00 1.875084e+00 1.355525e+00
 -1.488773e+00 2.040423e+00 1.298649e+00
 -1.850639e+00 2.094023e+00 1.127098e+00
 -2.150819e+00 2.026649e+00 8.783006e-01
 -2.353609e+00 1.846287e+00 6.001422e-01
 -2.432678e+00 1.584366e+00 3.292311e-01
 -2.379982e+00 1.273156e+00 1.003842e-01
 -2.200741e+00 9.571860e-01 -4.557958e-02
 -1.957348e+00 6.817647e-01 -6.744996e-02
 -1.739829e+00 4.937253e-01 2.116790e-02
 -1.579076e+00 3.322260e-01 2.001677e-01
 -1.503503e+00 1.634979e-01 3.662736e-01
 -1.472362e+00 -2.318611e-01 7.777788e-01
 -1.297604e+00 -5.317749e-01 1.016507e+00
 -1.021647e+00 -7.869722e-01 1.135509e+00
 -6.768385e-01 -9.623723e-01 1.136798e+00
 -3.179358e-01 -1.025169e+00 1.035970e+00
 3.213479e-02 -9.488402e-01 8.850146e-01
 2.747596e-01 -7.619993e-01 7.701543e-01
 4.722796e-01 -5.078234e-01 7.711459e-01
 6.856480e-01 -3.653674e-01 8.555910e-01
 1.471656e+00 3.168116e-03 1.096719e+00
 1.863773e+00 2.164713e-01 1.023637e+00
 2.176791e+00 4.209300e-01 7.709944e-01
 2.344436e+00 5.894315e-01 3.922492e-01
 2.347861e+00 6.678337e-01 -4.206262e-02
 2.187585e+00 6.336411e-01 -4.647419e-01
 1.871301e+00 5.196321e-01 -7.824029e-01
 1.458006e+00 3.647076e-01 -9.221994e-01
 1.030540e+00 2.101481e-01 -8.500170e-01
 6.803441e-01 1.130630e-01 -5.918974e-01
 4.678947e-01 1.168234e-01 -2.452710e-01
 3.465652e-01 2.590666e-01 1.069534e-01
 3.496772e-01 4.708422e-01 4.061837e-01
 4.328645e-01 7.341290e-01 6.196617e-01
 5.402976e-01 1.086080e+00 7.185884e-01
 6.652469e-01 1.435631e+00 6.733204e-01
 7.687382e-01 1.760702e+00 4.870566e-01
 8.196714e-01 2.006358e+00 1.874730e-01
 7.992715e-01 2.138652e+00 -1.719502e-01
 6.943327e-01 2.149765e+00 -5.398919e-01
 5.381797e-01 2.027757e+00 -8.726119e-01
 3.555543e-01 1.790191e+00 -1.118260e+00
 1.678536e-01 1.473499e+00 -1.241160e+00
 6.902696e-03 1.121616e+00 -1.225471e+00
 -2.485273e-01 4.254807e-01 -9.027610e-01
 -3.810689e-01 2.311610e-01 -7.740209e-01
 -5.171268e-01 1.126509e-01 -6.850063e-01
 -6.903808e-01 2.258353e-02 -6.396591e-01
 -1.136408e+00 -1.578418e-01 -6.421966e-01
 -1.672359e+00 -4.148994e-01 -4.989624e-01
 -2.052037e+00 -4.624102e-01 -2.540997e-01
 -2.349323e+00 -3.448340e-01 6.990903e-02
 -2.505773e+00 -8.498183e-02 4.027710e-01
 -2.478737e+00 2.406083e-01 6.997361e-01
 -2.277476e+00 5.765232e-01 9.138548e-01
 -1.976190e+00 8.859069e-01 9.639096e-01
 -1.680640e+00 1.109020e+00 8.517290e-01
 -1.509183e+00 1.256746e+00 6.410063e-01
 -1.440221e+00 1.404699e+00 4.891504e-01
 -1.275660e+00 1.657560e+00 3.592347e-01
 -9.658045e-01 1.837899e+00 2.410411e-01
 -5.604349e-01 1.863747e+00 9.133608e-02
 -1.852647e-01 1.706440e+00 -7.798897e-02
 1.263476e-01 1.365715e+00 -2.110867e-01
 3.086941e-01 1.236000e+00 -2.597934e-01
 5.385340e-01 1.162761e+00 -3.224930e-01
 7.786282e-01 1.099422e+00 -2.924373e-01
 1.056753e+00 9.687680e-01 -1.591667e-01
 1.203553e+00 8.191268e-01 -3.438356e-02
 1.319671e+00 5.814340e-01 8.594520e-02
 1.379342e+00 3.718124e-01 1.207425e-01
 1.451530e+00 1.608093e-01 8.433352e-02
 1.568198e+00 -1.980049e-03 5.837448e-02
 1.861349e+00 -2.720208e-01 6.079054e-03
 2.023431e+00 -5.846762e-01 -8.060385e-02
 2.061207e+00 -9.310643e-01 -1.812144e-01
 1.966501e+00 -1.280154e+00 -2.922875e-01
 1.763779e+00 -1.560606e+00 -3.719489e-01
 1.503339e+00 -1.733532e+00 -4.182853e-01
 1.172791e+00 -1.810264e+00 -4.781784e-01
 9.277130e-01 -1.780231e+00 -5.528252e-01
 7.534249e-01 -1.728914e+00 -6.766763e-01
 5.574545e-01 -1.739247e+00 -8.418574e-01
 2.382967e-01 -1.803555e+00 -9.471400e-01
 -1.692701e-01 -1.820393e+00 -9.142891e-01
 -5.430414e-01 -1.716996e+00 -7.611854e-01
 -8.284362e-01 -1.474405e+00 -5.170866e-01
 -9.422335e-01 -1.175945e+00 -2.258835e-01
 -8.792676e-01 -8.828759e-01 4.107041e-02
 -5.401319e-01 -3.180364e-01 3.198112e-01
 -4.781318e-01 -1.109975e-01 5.597386e-01
 -3.974571e-01 1.175585e-02 9.357131e-01
 -2.519713e-01 -3.076670e-02 1.314941e+00
 -2.332260e-02 -2.202547e-01 1.622685e+00
 2.739280e-01 -5.160547e-01 1.785156e+00
 5.597573e-01 -8.181840e-01 1.763193e+00
 8.236073e-01 -1.076157e+00 1.577364e+00
 1.043565e+00 -1.233335e+00 1.260538e+00
 1.167759e+00 -1.271176e+00 8.612685e-01
