 -1.138120e+00 -1.210370e+00 5.649355e-01
 -1.221471e+00 -8.710578e-01 4.620951e-01
 -1.137104e+00 -1.131885e-01 1.820856e-01
 -1.063501e+00 3.304401e-01 2.397573e-02
 -1.149699e+00 6.630499e-01 -1.144777e-01
 -1.342251e+00 9.720196e-01 -1.673939e-01
 -1.694951e+00 1.197988e+00 -2.240361e-01
 -2.106548e+00 1.255196e+00 -2.861675e-01
 -2.508131e+00 1.135940e+00 -3.733109e-01
 -2.818543e+00 8.647956e-01 -4.798307e-01
 -2.986084e+00 4.952374e-01 -5.893929e-01
 -2.985501e+00 9.389648e-02 -6.943962e-01
 -2.820818e+00 -2.731008e-01 -7.820637e-01
 -2.521418e+00 -5.490433e-01 -8.342464e-01
 -2.135832e+00 -6.896911e-01 -8.490044e-01
 -1.729682e+00 -6.703264e-01 -8.418702e-01
 -1.360849e+00 -4.902190e-01 -8.301306e-01
 -1.157088e+00 -2.432926e-01 -8.315989e-01
 -1.036499e+00 2.483972e-02 -9.308203e-01
 -9.261050e-01 1.762957e-01 -1.063347e+00
 -7.097102e-01 3.067849e-01 -1.244549e+00
 -4.766747e-01 3.620212e-01 -1.362362e+00
 -1.778760e-01 3.856395e-01 -1.413330e+00
 1.197868e-01 3.795515e-01 -1.373792e+00
 4.170283e-01 3.394745e-01 -1.241705e+00
 7.198850e-01 2.233997e-01 -1.001634e+00
 9.627214e-01 1.351586e-01 -9.038477e-01
 1.241746e+00 6.654148e-02 -8.821830e-01
 1.688814e+00 -2.141174e-02 -1.009617e+00
 2.007329e+00 -1.380284e-01 -1.000021e+00
 2.322194e+00 -2.879932e-01 -8.715592e-01
 2.543294e+00 -4.204764e-01 -6.647946e-01
 2.672522e+00 -5.411932e-01 -4.000088e-01
 2.703251e+00 -6.422250e-01 -1.034202e-01
 2.633592e+00 -7.199316e-01 1.985793e-01
 2.463251e+00 -7.812170e-01 4.816335e-01
 2.244369e+00 -8.073113e-01 6.828621e-01
 1.982452e+00 -7.951424e-01 8.189150e-01
 1.703025e+00 -7.489609e-01 8.793847e-01
 1.116792e+00 -5.599352e-01 8.564629e-01
 7.769563e-01 -3.556514e-01 9.305567e-01
 6.220696e-01 -1.856383e-01 1.045573e+00
 4.261554e-01 1.470825e-01 1.443858e+00
 1.432153e-01 5.060664e-01 1.608090e+00
 -1.926229e-01 8.256371e-01 1.556813e+00
 -5.047893e-01 1.018075e+00 1.333605e+00
 -7.354542e-01 1.029265e+00 1.098961e+00
 -9.833390e-01 9.467302e-01 9.256446e-01
 -1.506658e+00 7.887376e-01 8.372554e-01
 -1.762494e+00 6.454209e-01 7.128513e-01
 -1.959491e+00 4.915454e-01 5.015923e-01
 -2.078520e+00 3.448102e-01 2.116886e-01
 -2.086532e+00 2.446086e-01 -9.435966e-02
 -2.022502e+00 2.183510e-01 -3.663447e-01
 -1.979413e+00 2.840346e-01 -5.801505e-01
 -1.997271e+00 3.425085e-01 -8.417227e-01
 -1.999354e+00 2.794438e-01 -1.163111e+00
 -1.878839e+00 1.077793e-01 -1.504778e+00
 -1.643616e+00 -1.135781e-01 -1.743889e+00
 -1.324674e+00 -3.451572e-01 -1.848136e+00
 -9.627504e-01 -5.401635e-01 -1.797476e+00
 -6.142843e-01 -6.522714e-01 -1.601200e+00
 -3.359095e-01 -6.501030e-01 -1.295798e+00
 -1.688635e-01 -5.265029e-01 -9.463227e-01
 -1.138110e-01 -2.748386e-01 -6.175730e-01
 -1.452274e-01 6.723174e-02 -4.116716e-01
 -1.793563e-01 7.955972e-01 -3.880551e-01
 -2.591430e-01 1.163701e+00 -2.127849e-01
 -8.200634e-01 1.868595e+00 4.962427e-01
 -1.061201e+00 1.971746e+00 8.224217e-01
 -1.271135e+00 1.907681e+00 1.184055e+00
 -1.409314e+00 1.686145e+00 1.518248e+00
 -1.449037e+00 1.344891e+00 1.768818e+00
 -1.383266e+00 9.384213e-01 1.891807e+00
 -1.260226e+00 5.510744e-01 1.852539e+00
 -1.086007e+00 2.366415e-01 1.671783e+00
 -8.355263e-01 2.910698e-02 1.370802e+00
 -5.715635e-01 7.821277e-03 1.035412e+00
 -3.597436e-01 1.403880e-01 7.795746e-01
 -1.856513e-01 3.337842e-01 6.119323e-01
 4.364879e-02 5.851800e-01 5.848968e-01
 1.216250e-01 6.810245e-01 5.922543e-01
 3.683370e-01 1.107069e+00 6.555895e-01
 6.369217e-01 1.337644e+00 6.703079e-01
 9.627051e-01 1.470821e+00 6.398713e-01
 1.325935e+00 1.493609e+00 5.629963e-01
 1.631469e+00 1.411360e+00 4.769332e-01
 1.868836e+00 1.247894e+00 3.795154e-01
 2.031205e+00 1.021320e+00 2.632488e-01
 2.112450e+00 7.314215e-01 1.476792e-01
 2.104296e+00 4.137417e-01 7.116989e-02
 2.008449e+00 1.158762e-01 3.840582e-02
 1.753544e+00 -2.440273e-01 -1.100734e-02
 1.676099e+00 -4.825152e-01 -9.890366e-02
 1.723900e+00 -1.006443e+00 -3.078122e-01
 1.574561e+00 -1.412143e+00 -4.339633e-01
 1.269476e+00 -1.714146e+00 -5.212086e-01
 8.569104e-01 -1.859659e+00 -5.752095e-01
 4.269820e-01 -1.813105e+00 -5.806218e-01
 2.492725e-02 -1.594641e+00 -4.831826e-01
 -2.122665e-01 -1.323419e+00 -2.806771e-01
 -2.855144e-01 -1.050552e+00 -1.028135e-02
 -2.266229e-01 -8.678798e-01 2.586696e-01
 -1.549157e-01 -8.373501e-01 6.349562e-01
 -4.675500e-04 -9.767714e-01 1.216157e+00
 2.550843e-01 -1.010544e+00 1.538766e+00
 6.029033e-01 -9.090999e-01 1.781849e+00
 9.814897e-01 -6.692939e-01 1.894821e+00
 1.271756e+00 -3.525686e-01 1.856731e+00
 1.454992e+00 -1.686660e-02 1.669653e+00
 1.506511e+00 2.773031e-01 1.335276e+00
 1.396257e+00 4.762270e-01 9.022866e-01
 1.132812e+00 4.901737e-01 3.910402e-01
 1.095423e+00 6.194477e-01 6.588603e-02
 1.191024e+00 1.007661e+00 -4.247489e-01
 1.275406e+00 1.107493e+00 -8.175260e-01
 1.321109e+00 1.040088e+00 -1.233393e+00
 1.319349e+00 8.119665e-01 -1.595873e+00
 1.263636e+00 4.475345e-01 -1.852562e+00
 1.160925e+00 4.894135e-02 -1.921505e+00
 1.022941e+00 -3.803306e-01 -1.793157e+00
 9.055675e-01 -6.913245e-01 -1.512156e+00
 8.152092e-01 -8.572022e-01 -1.119712e+00
 6.957555e-01 -8.319787e-01 -2.862249e-01
 7.454627e-01 -1.055897e+00 6.681288e-02
 7.104661e-01 -1.263991e+00 2.441258e-01
 5.873626e-01 -1.495310e+00 3.863103e-01
 3.360450e-01 -1.730404e+00 4.882026e-01
 3.293841e-02 -1.853184e+00 5.602205e-01
 -2.976124e-01 -1.856083e+00 6.203531e-01
 -6.603280e-01 -1.730713e+00 6.512941e-01
 -9.433240e-01 -1.509529e+00 6.306752e-01
