 1.985464e+00 1.748888e-01 -4.693089e-01
 1.409717e+00 2.979441e-01 -6.571205e-01
 1.199723e+00 3.977277e-01 -8.313049e-01
 1.055866e+00 5.967273e-01 -1.049317e+00
 9.769316e-01 8.803111e-01 -1.243069e+00
 1.023490e+00 1.651452e+00 -1.602863e+00
 9.784223e-01 2.023833e+00 -1.644057e+00
 8.554895e-01 2.378136e+00 -1.568912e+00
 6.657562e-01 2.662602e+00 -1.385942e+00
 4.299430e-01 2.832445e+00 -1.119124e+00
 1.776950e-01 2.855357e+00 -8.055557e-01
 -1.821813e-02 2.735053e+00 -4.872126e-01
 -1.225523e-01 2.492868e+00 -1.987981e-01
 -1.470995e-01 2.169618e+00 -1.447208e-02
 -1.246442e-01 1.775479e+00 4.309064e-02
 -1.164992e-01 1.499669e+00 -3.666538e-02
 -1.756385e-01 1.230299e+00 -2.331082e-01
 -3.097587e-01 1.056720e+00 -3.346925e-01
 -6.034099e-01 7.994469e-01 -4.011356e-01
 -1.042251e+00 5.408280e-01 -3.572204e-01
 -1.285477e+00 2.621583e-01 -2.835211e-01
 -1.529530e+00 -3.503110e-01 -1.333322e-01
 -1.677266e+00 -5.295515e-01 -1.230048e-01
 -1.858405e+00 -6.729271e-01 -1.058333e-01
 -2.069936e+00 -8.251015e-01 2.228726e-02
 -2.239073e+00 -1.043072e+00 2.781886e-01
 -2.279684e+00 -1.240294e+00 5.735487e-01
 -2.195101e+00 -1.421546e+00 8.638971e-01
 -1.994689e+00 -1.581559e+00 1.104302e+00
 -1.669858e+00 -1.701434e+00 1.292353e+00
 -1.328871e+00 -1.770166e+00 1.346874e+00
 -9.976098e-01 -1.792811e+00 1.284958e+00
 -6.930274e-01 -1.796551e+00 1.104251e+00
 -5.249047e-01 -1.803051e+00 8.944015e-01
 -4.137220e-01 -1.867934e+00 6.131279e-01
 -3.183836e-01 -2.228533e+00 9.954785e-02
 -2.925896e-01 -2.229343e+00 -5.429613e-01
 -1.716501e-01 -1.843742e+00 -1.060385e+00
 -7.282989e-02 -1.206815e+00 -1.240411e+00
 -1.245616e-01 -5.780106e-01 -1.025162e+00
 -3.379509e-01 -2.152583e-01 -5.018283e-01
 -5.624671e-01 -2.738808e-01 6.110940e-01
 -5.270899e-01 -1.924709e-01 1.093279e+00
 -3.259809e-01 2.046702e-01 1.535384e+00
 -6.760071e-02 7.290792e-01 1.638136e+00
 2.643014e-01 1.160200e+00 1.411018e+00
 5.857690e-01 1.356587e+00 9.548993e-01
 8.363108e-01 1.236258e+00 1.644596e-01
 1.006506e+00 1.189796e+00 -7.739565e-02
 1.129605e+00 1.188670e+00 -1.774000e-01
 1.504171e+00 1.301988e+00 -4.266368e-01
 1.821591e+00 1.239027e+00 -7.695639e-01
 1.980909e+00 1.062290e+00 -1.087525e+00
 2.010504e+00 7.900975e-01 -1.364313e+00
 1.950822e+00 4.205669e-01 -1.539919e+00
 1.791694e+00 -3.681121e-03 -1.573977e+00
 1.544711e+00 -3.493383e-01 -1.454969e+00
 1.251057e+00 -5.646725e-01 -1.205810e+00
 9.675671e-01 -6.103335e-01 -8.723985e-01
 6.855287e-01 -4.413293e-01 -3.665785e-01
 5.803613e-01 -4.227585e-01 -9.362403e-02
 5.169792e-01 -4.763934e-01 1.757397e-01
 4.961952e-01 -5.915431e-01 3.891169e-01
 4.744447e-01 -7.676879e-01 5.805237e-01
 4.723623e-01 -9.803334e-01 7.237598e-01
 5.043010e-01 -1.869509e+00 1.053906e+00
 3.911151e-01 -2.238291e+00 1.134687e+00
 1.023892e-01 -2.593767e+00 1.150191e+00
 -3.456454e-01 -2.809530e+00 1.076596e+00
 -8.571133e-01 -2.794509e+00 8.833724e-01
 -1.238116e+00 -2.544088e+00 6.148575e-01
 -1.399006e+00 -2.125208e+00 3.782351e-01
 -1.360975e+00 -1.631125e+00 2.947401e-01
 -1.258977e+00 -1.278936e+00 4.369824e-01
 -1.250847e+00 -1.042379e+00 6.364997e-01
 -1.403100e+00 -7.800737e-01 8.306327e-01
 -1.656683e+00 -4.465556e-01 8.945339e-01
 -1.951704e+00 -1.581757e-01 7.933466e-01
 -2.207978e+00 7.356821e-02 5.198513e-01
 -2.373380e+00 1.934882e-01 1.160516e-01
 -2.413270e+00 1.644952e-01 -3.350618e-01
 -2.291356e+00 1.185890e-02 -7.495342e-01
 -2.007819e+00 -2.395075e-01 -1.054815e+00
 -1.645535e+00 -5.506062e-01 -1.153155e+00
 -1.279828e+00 -8.513167e-01 -1.018236e+00
 -8.237495e-01 -1.171861e+00 -4.896786e-01
 -6.109456e-01 -1.218964e+00 -3.260843e-01
 -4.181515e-01 -1.232603e+00 -2.352394e-01
 -2.245110e-01 -1.225006e+00 -1.970797e-01
 -3.414578e-02 -1.259134e+00 -1.855656e-01
 3.199143e-01 -1.406260e+00 -2.084777e-01
 7.041778e-01 -1.441775e+00 -1.564634e-01
 1.023816e+00 -1.355812e+00 -5.202811e-02
 1.311632e+00 -1.125455e+00 8.338211e-02
 1.490517e+00 -7.967582e-01 2.163690e-01
 1.526930e+00 -4.268358e-01 3.272020e-01
 1.405570e+00 3.537358e-02 3.806352e-01
 1.448822e+00 3.439056e-01 4.204932e-01
 1.724546e+00 9.245968e-01 6.312943e-01
 1.756361e+00 1.488409e+00 6.033933e-01
 1.554533e+00 1.944201e+00 4.248621e-01
 1.221743e+00 2.206419e+00 8.011924e-02
 9.212904e-01 2.196343e+00 -3.420701e-01
 5.220966e-01 1.868067e+00 -7.401330e-01
 2.092087e-01 1.836058e+00 -9.526937e-01
 -1.271246e-01 1.876642e+00 -1.026855e+00
 -5.500668e-01 1.886231e+00 -9.264361e-01
 -9.111249e-01 1.835042e+00 -6.391222e-01
 -1.125379e+00 1.688815e+00 -2.026072e-01
 -1.112869e+00 1.464662e+00 2.160164e-01
 -9.135901e-01 1.158820e+00 5.242610e-01
 -5.404030e-01 8.377452e-01 6.605028e-01
 -3.697558e-02 5.999461e-01 5.828789e-01
 1.349440e-01 4.714196e-01 6.221894e-01
 3.788350e-01 3.292393e-01 7.718909e-01
 9.043111e-01 1.278504e-01 1.288957e+00
 1.395591e+00 3.835175e-02 1.422405e+00
 1.895765e+00 -1.862734e-02 1.297635e+00
 2.303393e+00 -8.351369e-03 9.278178e-01
 2.461613e+00 7.341042e-02 4.404104e-01
 2.345397e+00 1.457009e-01 -7.767318e-02
