 -1.311124e+00 -2.624524e+00 -3.890980e-01
 -1.271935e+00 -2.461345e+00 -7.189464e-01
 -1.182975e+00 -2.199980e+00 -9.695500e-01
 -1.051997e+00 -1.878679e+00 -1.105021e+00
 -8.827750e-01 -1.552238e+00 -1.111282e+00
 -6.826471e-01 -1.270068e+00 -9.920238e-01
 -4.970870e-01 -1.083678e+00 -7.826608e-01
 -3.358226e-01 -1.007020e+00 -5.619510e-01
 -5.265842e-02 -1.037197e+00 -3.146291e-01
 4.166892e-01 -1.316428e+00 8.466007e-02
 6.855944e-01 -1.340756e+00 3.551650e-01
 9.567472e-01 -1.211109e+00 6.537934e-01
 1.125796e+00 -9.676333e-01 8.664569e-01
 1.184997e+00 -6.032717e-01 1.032199e+00
 1.072128e+00 -2.120479e-01 1.169326e+00
 8.564764e-01 1.863868e-02 1.268773e+00
 5.998420e-01 1.465273e-01 1.425087e+00
 3.292951e-01 2.666172e-01 1.818857e+00
 2.577187e-02 3.159960e-01 2.025904e+00
 -3.453409e-01 3.825405e-01 2.108110e+00
 -7.114785e-01 4.657468e-01 2.045238e+00
 -1.022746e+00 5.686171e-01 1.850234e+00
 -1.223748e+00 6.621862e-01 1.564664e+00
 -1.329824e+00 6.953421e-01 1.183947e+00
 -1.309790e+00 6.355452e-01 7.998939e-01
 -1.154248e+00 5.149193e-01 4.545762e-01
 -9.157568e-01 3.726261e-01 2.338180e-01
 -5.194124e-01 2.887812e-01 6.219995e-02
 -1.691663e-01 3.299024e-01 -2.263995e-01
 -3.537768e-02 4.662578e-01 -4.392059e-01
 8.993636e-02 8.612895e-01 -7.024863e-01
 1.781426e-01 1.645424e+00 -9.597656e-01
 3.116256e-01 1.981399e+00 -9.851440e-01
 5.309469e-01 2.262701e+00 -9.330822e-01
 8.077611e-01 2.453696e+00 -8.152017e-01
 1.109373e+00 2.533680e+00 -6.504244e-01
 1.399111e+00 2.496147e+00 -4.622148e-01
 1.633449e+00 2.355427e+00 -2.634920e-01
 1.788205e+00 2.132322e+00 -6.490873e-02
 1.853026e+00 1.845373e+00 1.058274e-01
 1.827959e+00 1.528292e+00 2.170410e-01
 1.720177e+00 1.220357e+00 2.581989e-01
 1.557339e+00 9.519287e-01 2.183615e-01
 1.357636e+00 7.290393e-01 9.008550e-02
 1.158399e+00 6.024505e-01 -9.072798e-02
 1.023838e+00 5.375320e-01 -3.218830e-01
 9.980032e-01 4.060995e-01 -6.688927e-01
 1.138118e+00 1.588292e-01 -1.367083e+00
 1.065748e+00 -1.630867e-02 -1.724458e+00
 8.561186e-01 -2.047632e-01 -2.010167e+00
 5.407245e-01 -3.639465e-01 -2.186647e+00
 1.691781e-01 -4.910675e-01 -2.221946e+00
 -2.176208e-01 -5.698954e-01 -2.098599e+00
 -5.564744e-01 -5.444865e-01 -1.848427e+00
 -7.828437e-01 -4.153665e-01 -1.519666e+00
 -8.480987e-01 -2.376574e-01 -1.211925e+00
 -8.362743e-01 -3.465374e-02 -1.041777e+00
 -8.559549e-01 1.259197e-01 -9.608832e-01
 -9.581686e-01 4.367463e-01 -8.693334e-01
 -9.755753e-01 6.573552e-01 -7.863330e-01
 -9.367040e-01 9.629759e-01 -6.084813e-01
 -8.455045e-01 1.155319e+00 -4.228610e-01
 -7.085986e-01 1.269924e+00 -2.194535e-01
 -5.203422e-01 1.308992e+00 -1.461917e-02
 -2.936842e-01 1.288346e+00 1.557611e-01
 -6.200929e-02 1.226513e+00 2.591033e-01
 2.380062e-01 1.053326e+00 3.635671e-01
 3.659727e-01 1.006532e+00 4.492021e-01
 5.522071e-01 9.836014e-01 6.344863e-01
 1.050284e+00 1.039751e+00 1.212249e+00
 1.231177e+00 9.487836e-01 1.529458e+00
 1.340566e+00 7.394299e-01 1.825783e+00
 1.364803e+00 4.392638e-01 2.056655e+00
 1.303372e+00 8.983530e-02 2.187528e+00
 1.156309e+00 -2.564818e-01 2.207473e+00
 9.306494e-01 -5.401767e-01 2.131424e+00
 6.751852e-01 -7.292701e-01 1.961940e+00
 4.173067e-01 -8.231578e-01 1.692345e+00
 2.371580e-01 -8.062374e-01 1.386989e+00
 1.522090e-01 -7.040131e-01 1.064041e+00
 1.906914e-01 -5.215174e-01 7.140595e-01
 3.401916e-01 -3.713657e-01 4.747205e-01
 4.759654e-01 -3.213547e-01 3.439500e-01
 7.544478e-01 -3.401272e-01 1.353796e-01
 1.124737e+00 -4.330650e-01 -2.423041e-02
 1.486039e+00 -3.690964e-01 -1.683555e-01
 1.786454e+00 -1.670712e-01 -3.259120e-01
 1.973435e+00 1.343117e-01 -4.935792e-01
 2.020758e+00 4.864873e-01 -6.516239e-01
 1.921355e+00 8.487252e-01 -7.547593e-01
 1.702556e+00 1.162314e+00 -7.785324e-01
 1.378767e+00 1.421375e+00 -6.922761e-01
 1.135095e+00 1.513979e+00 -5.505075e-01
 9.431410e-01 1.580190e+00 -2.905022e-01
 7.523722e-01 1.905236e+00 1.732862e-01
 6.229119e-01 1.990291e+00 4.497183e-01
 4.603685e-01 1.991620e+00 7.098348e-01
 2.743306e-01 1.913722e+00 9.355463e-01
 9.928304e-02 1.762359e+00 1.108485e+00
 -4.934616e-02 1.544518e+00 1.228711e+00
 -1.766887e-01 1.272894e+00 1.278507e+00
 -2.675215e-01 9.794394e-01 1.245971e+00
 -3.250224e-01 5.245344e-01 1.075799e+00
 -4.172018e-01 1.997632e-01 1.102536e+00
 -6.588258e-01 -9.345284e-02 1.143671e+00
 -1.133494e+00 -3.615259e-01 1.188715e+00
 -1.397723e+00 -5.621601e-01 1.112313e+00
 -1.586990e+00 -7.992997e-01 9.592391e-01
 -1.676948e+00 -1.047060e+00 7.535851e-01
 -1.661401e+00 -1.284168e+00 5.079261e-01
 -1.552337e+00 -1.461046e+00 2.676771e-01
 -1.336841e+00 -1.593871e+00 3.902192e-02
 -1.085407e+00 -1.672718e+00 -9.220212e-02
 -8.834308e-01 -1.738109e+00 -1.118569e-01
 -7.083483e-01 -1.840657e+00 -1.324608e-01
 -4.955113e-01 -1.967710e+00 -2.491527e-01
 -2.624158e-01 -2.034725e+00 -4.544216e-01
 -3.998958e-02 -2.001129e+00 -6.793369e-01
 1.717098e-01 -1.849852e+00 -8.993864e-01
 3.270704e-01 -1.598221e+00 -1.092505e+00
 4.123784e-01 -1.268753e+00 -1.216160e+00
 4.082624e-01 -9.058034e-01 -1.252981e+00
 2.523514e-01 -4.041043e-01 -1.197331e+00
 1.537058e-01 -8.639529e-02 -1.259941e+00
 8.759124e-02 1.483002e-01 -1.427989e+00
 -1.023842e-01 3.564651e-01 -1.621932e+00
 -3.733960e-01 4.884688e-01 -1.780750e+00
 -7.009575e-01 5.434081e-01 -1.875427e+00
 -1.034588e+00 5.097529e-01 -1.894435e+00
 -1.344847e+00 4.113916e-01 -1.820434e+00
 -1.603861e+00 2.791909e-01 -1.651730e+00
 -1.776279e+00 1.344083e-01 -1.413493e+00
 -1.850490e+00 -2.900555e-02 -1.130524e+00
 -1.816612e+00 -1.962526e-01 -8.321791e-01
 -1.678415e+00 -3.353331e-01 -5.629362e-01
 -9.473115e-01 -6.558893e-01 1.481764e-01
 -8.370393e-01 -7.355158e-01 2.740601e-01
 -6.964310e-01 -9.071584e-01 4.491429e-01
 -6.629436e-01 -1.148860e+00 6.865854e-01
 -7.054882e-01 -1.461223e+00 8.485561e-01
 -8.133083e-01 -1.798169e+00 9.004597e-01
 -9.589539e-01 -2.128962e+00 8.248819e-01
 -1.103936e+00 -2.407067e+00 6.250811e-01
 -1.221052e+00 -2.595177e+00 3.294749e-01
 -1.291826e+00 -2.671558e+00 -2.399950e-02
