 1.978699e-01 1.320428e-01 -1.438446e+00
 4.567437e-01 -1.760449e-01 -1.724358e+00
 7.147881e-01 -5.854895e-01 -1.770861e+00
 9.484488e-01 -9.811439e-01 -1.575024e+00
 1.136006e+00 -1.262700e+00 -1.153572e+00
 1.172483e+00 -1.350147e+00 -6.601445e-01
 1.061270e+00 -1.242172e+00 -1.807595e-01
 7.759672e-01 -8.820559e-01 2.632508e-01
 7.340505e-01 -7.911581e-01 3.591044e-01
 7.078866e-01 -6.809795e-01 4.938034e-01
 7.119227e-01 -5.071179e-01 7.422444e-01
 8.770601e-01 -3.160352e-01 1.031912e+00
 1.130869e+00 -2.740750e-01 1.338448e+00
 1.412275e+00 -4.333134e-01 1.664715e+00
 1.596141e+00 -7.689668e-01 1.925655e+00
 1.601475e+00 -1.199608e+00 2.110902e+00
 1.430441e+00 -1.628586e+00 2.175797e+00
 1.118184e+00 -1.972243e+00 2.103461e+00
 7.041359e-01 -2.151040e+00 1.925982e+00
 2.863762e-01 -2.098899e+00 1.732288e+00
 9.892470e-03 -1.902763e+00 1.652588e+00
 -1.943941e-01 -1.770244e+00 1.686039e+00
 -5.371575e-01 -1.674167e+00 1.679592e+00
 -9.274997e-01 -1.512359e+00 1.415402e+00
 -1.122081e+00 -1.230043e+00 9.836440e-01
 -1.038179e+00 -8.655266e-01 5.933583e-01
 -7.279225e-01 -5.019492e-01 3.752565e-01
 -3.348534e-01 -2.043232e-01 4.093635e-01
 2.949052e-02 2.369717e-01 8.463719e-01
 4.299296e-01 6.431421e-01 9.218766e-01
 7.309066e-01 9.570829e-01 7.782549e-01
 9.226851e-01 1.187864e+00 4.763515e-01
 9.788852e-01 1.308819e+00 2.599258e-02
 8.666103e-01 1.264842e+00 -5.381240e-01
 6.150886e-01 1.089623e+00 -9.151081e-01
 5.539548e-01 1.070564e+00 -1.067794e+00
 2.767088e-01 1.181058e+00 -1.983708e+00
 7.475409e-02 1.206258e+00 -2.260006e+00
 -2.087601e-01 1.213938e+00 -2.455604e+00
 -5.417361e-01 1.200719e+00 -2.547033e+00
 -9.176871e-01 1.185147e+00 -2.518210e+00
 -1.249114e+00 1.168182e+00 -2.360513e+00
 -1.496017e+00 1.142220e+00 -2.093500e+00
 -1.630960e+00 1.093190e+00 -1.743112e+00
 -1.629046e+00 1.001834e+00 -1.356135e+00
 -1.483269e+00 9.084387e-01 -1.009137e+00
 -1.106399e+00 8.203423e-01 -6.284003e-01
 -9.975230e-01 7.991039e-01 -3.872841e-01
 -9.515883e-01 7.528138e-01 -1.679969e-01
 -9.538114e-01 6.991841e-01 2.788058e-02
 -1.088992e+00 4.188803e-01 7.493499e-01
 -1.061735e+00 2.177665e-01 1.041866e+00
 -9.408293e-01 -2.786538e-02 1.267387e+00
 -7.361778e-01 -2.880895e-01 1.402376e+00
 -4.871375e-01 -5.307452e-01 1.413517e+00
 -2.768435e-01 -7.118740e-01 1.318452e+00
 -1.348373e-01 -8.796716e-01 1.148184e+00
 -7.419298e-02 -1.179416e+00 8.679782e-01
 -1.596976e-01 -1.522159e+00 6.910657e-01
 -3.338559e-01 -1.958041e+00 6.788525e-01
 -5.060876e-01 -2.344414e+00 8.778545e-01
 -6.054586e-01 -2.615498e+00 1.239181e+00
 -6.207320e-01 -2.715716e+00 1.684510e+00
 -5.427630e-01 -2.636734e+00 2.124500e+00
 -3.804718e-01 -2.405182e+00 2.471973e+00
 -1.615474e-01 -2.073947e+00 2.664865e+00
 7.906302e-02 -1.711271e+00 2.672001e+00
 2.972617e-01 -1.382606e+00 2.499360e+00
 4.853383e-01 -1.153366e+00 2.170397e+00
 6.171717e-01 -1.100692e+00 1.799885e+00
 7.488809e-01 -1.208462e+00 1.508937e+00
 9.548264e-01 -1.314485e+00 1.312864e+00
 1.223408e+00 -1.304841e+00 1.130174e+00
 1.495683e+00 -1.160136e+00 9.322558e-01
 1.691363e+00 -8.776936e-01 7.176849e-01
 1.721122e+00 -5.229512e-01 4.696879e-01
 1.575890e+00 -1.743857e-01 2.716338e-01
 1.303934e+00 9.592828e-02 1.657703e-01
 4.655068e-01 4.051508e-01 -9.041080e-02
 2.634585e-01 5.353729e-01 -1.238316e-01
 9.802037e-02 7.337774e-01 -6.857276e-02
 -4.682218e-02 1.132511e+00 1.228959e-01
 -5.031005e-02 1.550166e+00 3.085803e-01
 -8.396550e-02 2.005905e+00 2.949214e-01
 -1.794655e-01 2.410518e+00 9.047201e-02
 -3.420481e-01 2.687314e+00 -2.744533e-01
 -5.362401e-01 2.751899e+00 -6.903865e-01
 -6.908434e-01 2.600404e+00 -1.101302e+00
 -7.634909e-01 2.237778e+00 -1.454313e+00
 -7.415767e-01 1.766080e+00 -1.610847e+00
 -6.336647e-01 1.184214e+00 -1.521891e+00
 -6.254748e-01 9.094659e-01 -1.572794e+00
 -7.653004e-01 4.905824e-01 -1.724655e+00
 -7.999511e-01 1.280186e-01 -1.749594e+00
 -7.259502e-01 -2.306886e-01 -1.708111e+00
 -5.545548e-01 -5.438276e-01 -1.593337e+00
 -3.511044e-01 -7.488996e-01 -1.408933e+00
 -1.460826e-01 -8.307019e-01 -1.190845e+00
 1.695942e-01 -7.876406e-01 -9.085534e-01
 4.568382e-01 -6.017935e-01 -7.340271e-01
 6.563819e-01 -4.494920e-01 -7.145259e-01
 9.707682e-01 -2.482917e-01 -8.274104e-01
 1.486263e+00 6.910962e-01 -1.263519e+00
 1.527349e+00 1.065801e+00 -1.379374e+00
 1.441755e+00 1.445849e+00 -1.419224e+00
 1.242048e+00 1.774845e+00 -1.381920e+00
 9.554753e-01 2.001761e+00 -1.283018e+00
 6.144784e-01 2.098387e+00 -1.145648e+00
 2.623999e-01 2.049930e+00 -9.794528e-01
 -2.250061e-01 1.746500e+00 -7.032689e-01
 -5.033818e-01 1.707922e+00 -6.019216e-01
 -1.025574e+00 1.832274e+00 -3.731601e-01
 -1.465308e+00 1.697592e+00 -1.823825e-01
 -1.802791e+00 1.354866e+00 -5.610531e-02
 -1.973130e+00 8.724916e-01 -4.025513e-02
 -1.922740e+00 3.875220e-01 -1.449134e-01
 -1.642509e+00 -8.803768e-03 -3.002406e-01
 -1.214818e+00 -2.087211e-01 -4.670709e-01
 -7.523694e-01 -1.719560e-01 -6.170259e-01
 -3.274171e-01 1.157063e-01 -8.214549e-01
 -1.633415e-02 2.265523e-01 -1.085387e+00
