 1.578493e-02 1.717629e+00 2.464449e+00
 -2.990816e-01 1.788948e+00 2.397180e+00
 -5.948844e-01 1.788510e+00 2.252820e+00
 -8.402724e-01 1.717537e+00 2.046467e+00
 -1.009632e+00 1.584714e+00 1.799593e+00
 -1.084961e+00 1.406767e+00 1.540068e+00
 -1.035031e+00 1.068333e+00 1.074526e+00
 -1.002503e+00 9.468428e-01 6.949585e-01
 -9.974066e-01 9.414280e-01 4.211496e-01
 -1.019641e+00 1.027398e+00 1.681129e-01
 -1.077084e+00 1.327807e+00 -1.790505e-01
 -1.022140e+00 1.490527e+00 -4.244812e-01
 -9.184786e-01 1.574422e+00 -7.430188e-01
 -7.856626e-01 1.546993e+00 -1.048878e+00
 -6.159143e-01 1.430476e+00 -1.295939e+00
 -4.142311e-01 1.233355e+00 -1.475137e+00
 -2.111002e-01 9.580310e-01 -1.569194e+00
 -4.890626e-02 6.627283e-01 -1.557620e+00
 1.772106e-01 1.478773e-01 -1.349289e+00
 4.061370e-01 -1.174254e-01 -1.252252e+00
 6.931695e-01 -2.589699e-01 -1.220097e+00
 1.119100e+00 -4.227833e-01 -1.363612e+00
 1.405216e+00 -5.699098e-01 -1.364825e+00
 1.679735e+00 -7.535061e-01 -1.264734e+00
 1.890201e+00 -9.169258e-01 -1.076119e+00
 2.023089e+00 -1.056003e+00 -8.196568e-01
 2.058791e+00 -1.169504e+00 -5.247087e-01
 1.991372e+00 -1.262386e+00 -2.206175e-01
 1.814181e+00 -1.334339e+00 7.287937e-02
 1.560020e+00 -1.351631e+00 2.985582e-01
 1.253423e+00 -1.314142e+00 4.404015e-01
 9.339990e-01 -1.225862e+00 4.836963e-01
 3.147876e-01 -9.158360e-01 3.861061e-01
 1.127344e-01 -8.575186e-01 3.727782e-01
 -3.611580e-02 -8.590393e-01 3.710946e-01
 -2.550601e-01 -9.255658e-01 3.868085e-01
 -5.082396e-01 -1.052809e+00 3.943196e-01
 -1.193711e+00 -1.621998e+00 2.762732e-01
 -1.491947e+00 -1.828206e+00 6.111487e-02
 -1.726913e+00 -1.929048e+00 -2.765525e-01
 -1.861849e+00 -1.901673e+00 -6.800967e-01
 -1.871986e+00 -1.748380e+00 -1.077609e+00
 -1.736656e+00 -1.513917e+00 -1.406454e+00
 -1.470298e+00 -1.233682e+00 -1.613193e+00
 -1.140311e+00 -9.301214e-01 -1.640434e+00
 -8.215041e-01 -6.744909e-01 -1.478481e+00
 -5.923016e-01 -4.608575e-01 -1.141435e+00
 -4.975317e-01 -4.007463e-01 -7.482036e-01
 -5.404880e-01 -3.797568e-01 -4.501433e-01
 -8.159812e-01 -2.232483e-01 -1.066246e-01
 -1.079936e+00 -9.771888e-02 6.297072e-02
 -1.662650e+00 1.991788e-01 1.997448e-01
 -1.916592e+00 5.111591e-01 2.932330e-01
 -2.021813e+00 8.996640e-01 3.994176e-01
 -1.958860e+00 1.300688e+00 4.950333e-01
 -1.709885e+00 1.689096e+00 5.761581e-01
 -1.400245e+00 1.909495e+00 6.080687e-01
 -1.042268e+00 1.987683e+00 6.127211e-01
 -6.590118e-01 1.913704e+00 5.828004e-01
 -2.883574e-01 1.675240e+00 4.938112e-01
 -8.573313e-02 1.379711e+00 4.728916e-01
 6.783497e-02 1.242352e+00 4.891440e-01
 3.266501e-01 1.119670e+00 4.685502e-01
 9.927878e-01 1.002444e+00 3.666262e-01
 1.255478e+00 8.760570e-01 2.837330e-01
 1.491303e+00 6.645829e-01 1.445157e-01
 1.611544e+00 4.489105e-01 7.988617e-03
 1.644890e+00 2.135378e-01 -1.314807e-01
 1.592445e+00 -4.745585e-02 -2.612877e-01
 1.470619e+00 -3.161601e-01 -3.316458e-01
 1.162562e+00 -6.863149e-01 -3.724140e-01
 1.070547e+00 -8.808388e-01 -4.592285e-01
 1.041832e+00 -1.070599e+00 -5.362146e-01
 1.059232e+00 -1.415218e+00 -6.724234e-01
 9.517428e-01 -1.735599e+00 -8.175402e-01
 7.381744e-01 -1.985913e+00 -9.607244e-01
 4.492219e-01 -2.142127e+00 -1.072812e+00
 1.138655e-01 -2.198496e+00 -1.129211e+00
 -2.314652e-01 -2.145859e+00 -1.127785e+00
 -5.542887e-01 -1.992677e+00 -1.052576e+00
 -8.010850e-01 -1.764332e+00 -9.130237e-01
 -1.025201e+00 -1.283974e+00 -6.770580e-01
 -1.246568e+00 -1.079109e+00 -6.155313e-01
 -1.389530e+00 -9.113220e-01 -6.431987e-01
 -1.487992e+00 -7.282102e-01 -6.965452e-01
 -1.542727e+00 -5.194284e-01 -7.516393e-01
 -1.545595e+00 -3.108672e-01 -8.150743e-01
 -1.494238e+00 -1.019698e-01 -8.672679e-01
 -1.425828e+00 5.274603e-02 -8.827362e-01
 -1.304905e+00 2.252260e-01 -8.771758e-01
 -1.125640e+00 3.902724e-01 -8.595243e-01
 -9.358692e-01 5.054802e-01 -8.218944e-01
 -7.526149e-01 5.717910e-01 -7.728330e-01
 -5.478983e-01 6.175182e-01 -6.738991e-01
 -4.563201e-01 6.614129e-01 -6.282740e-01
 -3.244759e-01 7.613896e-01 -5.761257e-01
 -1.583698e-01 9.290956e-01 -5.355469e-01
 2.150210e-01 1.460557e+00 -5.029578e-01
 4.188278e-01 1.762997e+00 -3.284989e-01
 5.651631e-01 1.991070e+00 -2.365859e-02
 6.445676e-01 2.086788e+00 3.170108e-01
 6.524762e-01 2.067101e+00 6.826449e-01
 5.556466e-01 1.959461e+00 1.028911e+00
 3.663059e-01 1.785083e+00 1.298616e+00
 1.629699e-01 1.612902e+00 1.425297e+00
 -6.335347e-02 1.276073e+00 1.525653e+00
 -1.664271e-01 9.944043e-01 1.762629e+00
 -1.458227e-01 8.098353e-01 1.945561e+00
 -1.610071e-02 5.553814e-01 2.114479e+00
 1.919043e-01 3.075684e-01 2.197871e+00
 4.708661e-01 6.268921e-02 2.172810e+00
 7.224950e-01 -1.269258e-01 2.036565e+00
 9.427743e-01 -2.597934e-01 1.799760e+00
 1.075658e+00 -3.262541e-01 1.507328e+00
 1.123286e+00 -3.385361e-01 1.181116e+00
 1.099083e+00 -2.708966e-01 8.596357e-01
 9.978164e-01 -1.496410e-01 5.851113e-01
 6.927942e-01 2.591103e-02 2.569878e-01
 6.072009e-01 1.430555e-01 -2.891871e-02
 6.464584e-01 3.287154e-01 -3.371559e-01
 8.282826e-01 5.978874e-01 -6.576354e-01
 9.624122e-01 6.988644e-01 -9.639776e-01
 1.045436e+00 6.956527e-01 -1.305617e+00
 1.049405e+00 5.972931e-01 -1.650389e+00
 9.722366e-01 4.538075e-01 -1.916197e+00
 8.383514e-01 2.361947e-01 -2.123400e+00
 6.864269e-01 -4.191617e-02 -2.235238e+00
 5.459967e-01 -3.412340e-01 -2.239824e+00
 4.189464e-01 -6.422311e-01 -2.133904e+00
 3.068138e-01 -8.908162e-01 -1.926806e+00
 2.253769e-01 -1.059322e+00 -1.644448e+00
 5.668491e-02 -1.241318e+00 -7.420911e-01
 5.120128e-02 -1.287159e+00 -6.322422e-01
 5.159268e-02 -1.379320e+00 -5.052002e-01
 4.600972e-02 -1.655347e+00 -2.553509e-01
 4.706143e-02 -1.831876e+00 3.416980e-02
 4.247103e-02 -1.902925e+00 3.135073e-01
 3.509882e-02 -1.887640e+00 5.843372e-01
 2.954848e-02 -1.797356e+00 8.322524e-01
 2.663917e-02 -1.637175e+00 1.049000e+00
 3.351330e-02 -1.408679e+00 1.226926e+00
 4.194798e-02 -1.158271e+00 1.334672e+00
 4.430541e-02 -9.125966e-01 1.377724e+00
 4.702135e-02 -6.870813e-01 1.363087e+00
 1.152639e-01 -1.065506e-01 1.199159e+00
 3.027894e-01 3.005411e-01 1.184524e+00
 5.261514e-01 4.808793e-01 1.235416e+00
 6.867208e-01 6.058412e-01 1.326164e+00
 8.379355e-01 7.902871e-01 1.556578e+00
 8.717755e-01 1.002929e+00 1.868262e+00
 7.852880e-01 1.193428e+00 2.129592e+00
 5.912546e-01 1.391984e+00 2.332756e+00
 3.145371e-01 1.581729e+00 2.447782e+00
