 -1.208422e+00 9.925404e-01 -2.024514e+00
 -1.503363e+00 1.081702e+00 -1.808448e+00
 -1.709125e+00 1.131414e+00 -1.472049e+00
 -1.787944e+00 1.125540e+00 -1.097243e+00
 -1.738816e+00 1.067471e+00 -7.334357e-01
 -1.573476e+00 9.622464e-01 -4.195487e-01
 -1.315364e+00 8.267382e-01 -1.969316e-01
 -6.447229e-01 5.603122e-01 2.731979e-02
 -4.031576e-01 5.496183e-01 2.034801e-01
 -1.485542e-01 7.175492e-01 4.821447e-01
 -2.185776e-02 8.664724e-01 6.459004e-01
 2.127539e-01 1.375366e+00 1.020736e+00
 4.052451e-01 1.646387e+00 1.119919e+00
 6.522900e-01 1.886086e+00 1.119795e+00
 9.252331e-01 2.066199e+00 1.024810e+00
 1.194680e+00 2.167039e+00 8.494564e-01
 1.431558e+00 2.179189e+00 6.183093e-01
 1.612765e+00 2.105067e+00 3.611877e-01
 1.714493e+00 1.968481e+00 1.022614e-01
 1.727707e+00 1.794244e+00 -1.513630e-01
 1.663104e+00 1.604267e+00 -3.558400e-01
 1.533176e+00 1.368292e+00 -5.154827e-01
 1.371629e+00 1.142071e+00 -5.851285e-01
 1.198730e+00 9.086525e-01 -5.683029e-01
 1.058998e+00 7.389314e-01 -4.799857e-01
 9.562713e-01 5.646240e-01 -3.392467e-01
 9.426055e-01 2.644161e-01 -1.124625e-01
 1.068050e+00 -4.168038e-02 1.589586e-01
 1.104584e+00 -2.663294e-01 2.833249e-01
 1.079651e+00 -5.350234e-01 3.862230e-01
 1.009579e+00 -7.344186e-01 4.373683e-01
 9.030501e-01 -9.354635e-01 4.411101e-01
 8.274229e-01 -1.092455e+00 3.933545e-01
 7.920669e-01 -1.245127e+00 3.392965e-01
 7.662722e-01 -1.414859e+00 3.212836e-01
 7.059761e-01 -1.658805e+00 3.580352e-01
 6.123628e-01 -1.859791e+00 4.353971e-01
 4.634158e-01 -2.035395e+00 5.401301e-01
 2.601206e-01 -2.170673e+00 6.811987e-01
 4.988894e-02 -2.232738e+00 8.238511e-01
 -1.660726e-01 -2.227459e+00 9.674891e-01
 -3.731495e-01 -2.155986e+00 1.107646e+00
 -5.599495e-01 -2.022603e+00 1.232157e+00
 -7.139750e-01 -1.836622e+00 1.331958e+00
 -8.185666e-01 -1.623021e+00 1.396547e+00
 -9.765789e-01 -1.145048e+00 1.419043e+00
 -1.287054e+00 -8.189540e-01 1.482376e+00
 -1.742700e+00 -5.664946e-01 1.261184e+00
 -1.981681e+00 -3.461861e-01 7.982283e-01
 -1.891712e+00 -1.696836e-01 2.113332e-01
 -1.533884e+00 -1.887605e-01 -2.566079e-01
 -7.064430e-01 -3.117687e-01 -5.564288e-01
 -4.967803e-01 -3.873079e-01 -8.493944e-01
 -2.169126e-01 -6.211981e-01 -1.358720e+00
 -1.168511e-03 -6.293397e-01 -1.673606e+00
 2.436147e-01 -5.077080e-01 -1.939355e+00
 4.988004e-01 -2.521971e-01 -2.137577e+00
 6.793178e-01 5.269081e-02 -2.216383e+00
 7.974573e-01 3.782622e-01 -2.176644e+00
 8.472130e-01 7.000164e-01 -2.021393e+00
 7.982761e-01 9.938900e-01 -1.778181e+00
 6.741093e-01 1.184403e+00 -1.517535e+00
 5.033961e-01 1.270686e+00 -1.248256e+00
 1.410015e-01 1.218293e+00 -6.310974e-01
 -2.829842e-02 1.266541e+00 -4.361949e-01
 -2.868658e-01 1.491684e+00 -1.988438e-01
 -4.873308e-01 1.586520e+00 6.420471e-02
 -7.010376e-01 1.566947e+00 3.495671e-01
 -8.602670e-01 1.441534e+00 5.872038e-01
 -9.819177e-01 1.212568e+00 7.905129e-01
 -1.071709e+00 9.033453e-01 9.123732e-01
 -1.098701e+00 5.011251e-01 9.493753e-01
 -1.056351e+00 1.766571e-01 8.914704e-01
 -9.586976e-01 -1.345234e-01 7.290276e-01
 -9.390685e-01 -4.172137e-01 5.910315e-01
 -9.839514e-01 -6.353909e-01 5.168837e-01
 -1.129757e+00 -8.473954e-01 4.487588e-01
 -1.345718e+00 -1.120172e+00 4.583438e-01
 -1.597665e+00 -1.394744e+00 6.353646e-01
 -1.791826e+00 -1.583618e+00 9.532079e-01
 -1.876118e+00 -1.672685e+00 1.348141e+00
 -1.809446e+00 -1.682938e+00 1.756068e+00
 -1.606406e+00 -1.596054e+00 2.116497e+00
 -1.314675e+00 -1.407596e+00 2.363754e+00
 -9.832244e-01 -1.150626e+00 2.451731e+00
 -6.673990e-01 -8.740624e-01 2.362465e+00
 -4.193694e-01 -6.303897e-01 2.110208e+00
 -5.087216e-02 -2.432829e-01 1.181647e+00
 5.314188e-02 -2.153487e-01 8.086338e-01
 1.152524e-01 -4.240218e-01 5.801773e-03
 3.588085e-01 -5.861801e-01 -3.528966e-01
 6.726006e-01 -7.069961e-01 -5.402959e-01
 1.050596e+00 -8.724802e-01 -5.785868e-01
 1.391880e+00 -1.037543e+00 -4.606459e-01
 1.649349e+00 -1.202175e+00 -2.113379e-01
 1.784972e+00 -1.343161e+00 1.266534e-01
 1.776883e+00 -1.460616e+00 4.949593e-01
 1.635427e+00 -1.525372e+00 8.424102e-01
 1.387484e+00 -1.529723e+00 1.121998e+00
 1.069724e+00 -1.488409e+00 1.297415e+00
 7.240059e-01 -1.418360e+00 1.349364e+00
 3.982572e-01 -1.332301e+00 1.280515e+00
 1.124329e-01 -1.255506e+00 1.099164e+00
 -4.606405e-02 -1.222819e+00 8.903407e-01
 -1.809482e-01 -1.254752e+00 6.612402e-01
 -2.767522e-01 -1.354727e+00 2.826276e-01
 -3.613940e-01 -1.384181e+00 8.478412e-02
 -4.737377e-01 -1.388892e+00 -8.640443e-02
 -1.054498e+00 -1.266487e+00 -7.618244e-01
 -1.264718e+00 -1.034197e+00 -1.081126e+00
 -1.365414e+00 -6.729770e-01 -1.315120e+00
 -1.340032e+00 -2.585774e-01 -1.414287e+00
 -1.212105e+00 1.454152e-01 -1.361931e+00
 -9.283532e-01 5.623625e-01 -1.119575e+00
 -8.249127e-01 7.838255e-01 -1.087678e+00
 -7.650050e-01 1.006125e+00 -1.101250e+00
 -7.041988e-01 1.404154e+00 -1.191659e+00
 -5.336246e-01 1.777267e+00 -1.176639e+00
 -2.976863e-01 2.054651e+00 -1.064948e+00
 -1.549761e-02 2.213240e+00 -8.835904e-01
 2.779978e-01 2.238990e+00 -6.452303e-01
 5.243891e-01 2.134879e+00 -3.664515e-01
 6.693033e-01 1.932070e+00 -9.940974e-02
 8.093482e-01 1.465186e+00 1.977990e-01
 1.071709e+00 1.233417e+00 4.158710e-01
 1.406283e+00 1.038735e+00 4.568483e-01
 1.750339e+00 7.714001e-01 3.019989e-01
 1.951584e+00 4.939192e-01 -4.960210e-03
 1.949882e+00 2.352872e-01 -3.663133e-01
 1.753825e+00 2.612402e-02 -7.338004e-01
 1.427970e+00 -4.838125e-02 -1.028301e+00
 1.019661e+00 -1.409994e-02 -1.186315e+00
 4.067651e-01 2.181442e-01 -1.216372e+00
 1.008081e-01 3.499934e-01 -1.383338e+00
 -1.875277e-01 5.074538e-01 -1.837567e+00
 -4.826040e-01 6.721173e-01 -2.045006e+00
 -8.443645e-01 8.512350e-01 -2.110014e+00
