 -1.574819e+00 -1.398409e+00 2.910828e-01
 -1.470385e+00 -1.029635e+00 5.044465e-01
 -1.461120e+00 -6.834907e-01 5.319621e-01
 -1.663412e+00 -1.414644e-01 7.090424e-01
 -1.697992e+00 1.797076e-01 7.401646e-01
 -1.648686e+00 5.159419e-01 7.061591e-01
 -1.523215e+00 7.902213e-01 6.203715e-01
 -1.335292e+00 9.984267e-01 4.750837e-01
 -1.151907e+00 1.122788e+00 2.579366e-01
 -1.084491e+00 1.178754e+00 6.438235e-02
 -1.035463e+00 1.281359e+00 -1.363540e-01
 -8.720892e-01 1.492142e+00 -3.553298e-01
 -6.077120e-01 1.645672e+00 -5.074860e-01
 -2.405443e-01 1.704229e+00 -6.147028e-01
 1.581938e-01 1.648237e+00 -6.263306e-01
 5.080434e-01 1.484746e+00 -5.393435e-01
 9.267428e-01 1.056088e+00 -2.803376e-01
 1.148205e+00 8.086719e-01 -2.543945e-01
 1.374860e+00 6.174405e-01 -3.317893e-01
 1.493065e+00 4.268555e-01 -4.600654e-01
 1.548487e+00 1.746083e-01 -5.897362e-01
 1.519691e+00 -1.082998e-01 -6.751504e-01
 1.408500e+00 -3.866520e-01 -7.159766e-01
 1.243071e+00 -6.176806e-01 -7.072954e-01
 1.017536e+00 -7.957787e-01 -7.076891e-01
 8.556038e-01 -9.477661e-01 -7.554061e-01
 7.332401e-01 -1.177275e+00 -8.419660e-01
 6.239314e-01 -1.377013e+00 -1.037203e+00
 5.093323e-01 -1.488598e+00 -1.290296e+00
 3.647152e-01 -1.509258e+00 -1.601747e+00
 2.354836e-01 -1.449665e+00 -1.824469e+00
 8.053613e-02 -1.318702e+00 -2.012785e+00
 -9.634577e-02 -1.143684e+00 -2.137416e+00
 -2.780475e-01 -9.193375e-01 -2.192745e+00
 -4.384117e-01 -6.312954e-01 -2.175919e+00
 -5.461574e-01 -3.547757e-01 -2.075559e+00
 -6.025213e-01 -9.920084e-02 -1.895075e+00
 -5.971229e-01 1.101112e-01 -1.651126e+00
 -3.476995e-01 6.063240e-01 -6.644199e-01
 -2.953146e-01 6.646150e-01 -5.272320e-01
 -1.575955e-01 7.601642e-01 -2.212588e-01
 -1.119684e-01 9.029316e-01 3.727333e-02
 -8.805715e-02 1.075492e+00 1.835434e-01
 -1.177145e-01 1.340007e+00 3.418426e-01
 -2.839494e-01 1.656409e+00 4.740789e-01
 -5.591939e-01 1.921361e+00 5.251043e-01
 -8.999232e-01 2.089315e+00 4.893559e-01
 -1.265181e+00 2.131927e+00 3.898135e-01
 -1.609149e+00 2.038382e+00 2.498974e-01
 -1.880051e+00 1.822122e+00 8.371796e-02
 -2.038161e+00 1.512271e+00 -8.686587e-02
 -2.058672e+00 1.150792e+00 -2.363501e-01
 -1.940379e+00 7.913788e-01 -3.289286e-01
 -1.708495e+00 4.817158e-01 -3.390629e-01
 -1.397287e+00 2.614380e-01 -2.536436e-01
 -1.116242e+00 1.772016e-01 -1.012472e-01
 -9.079504e-01 1.447804e-01 8.806702e-02
 -7.387075e-01 1.820792e-01 3.710851e-01
 -4.967198e-01 3.510612e-01 1.358558e+00
 -2.490309e-01 3.802808e-01 1.691406e+00
 1.322267e-01 4.065862e-01 1.907194e+00
 5.729283e-01 4.369737e-01 1.947446e+00
 9.500991e-01 4.379780e-01 1.812351e+00
 1.260234e+00 4.358434e-01 1.504006e+00
 1.383844e+00 4.876229e-01 1.172270e+00
 1.428464e+00 6.742520e-01 8.725786e-01
 1.810916e+00 1.239766e+00 3.998276e-01
 1.903508e+00 1.451701e+00 1.681782e-02
 1.865643e+00 1.531032e+00 -4.203285e-01
 1.710474e+00 1.460483e+00 -8.303123e-01
 1.472762e+00 1.254360e+00 -1.135880e+00
 1.174027e+00 9.669839e-01 -1.282156e+00
 8.660835e-01 6.539451e-01 -1.237505e+00
 6.244697e-01 3.581730e-01 -1.012989e+00
 5.303709e-01 1.193545e-01 -6.900346e-01
 5.225726e-01 2.158353e-02 -3.635946e-01
 6.352230e-01 -5.798820e-02 -1.089676e-01
 8.528191e-01 -1.313350e-01 9.625309e-02
 1.097743e+00 -1.951701e-01 2.503755e-01
 1.756732e+00 -1.998038e-01 4.635263e-01
 2.070101e+00 -8.315396e-02 6.254821e-01
 2.298061e+00 1.282019e-01 8.341685e-01
 2.406969e+00 4.034032e-01 1.065169e+00
 2.380693e+00 7.018768e-01 1.290638e+00
 2.226200e+00 9.859112e-01 1.470733e+00
 1.968219e+00 1.229658e+00 1.570214e+00
 1.635593e+00 1.400596e+00 1.579684e+00
 1.268020e+00 1.461546e+00 1.514515e+00
 9.175400e-01 1.399065e+00 1.384776e+00
 6.407411e-01 1.225141e+00 1.216002e+00
 4.593153e-01 9.505185e-01 1.062861e+00
 4.029439e-01 6.575407e-01 9.488388e-01
 4.181609e-01 3.747886e-01 8.950702e-01
 4.527002e-01 3.652392e-02 1.004081e+00
 5.486778e-01 -3.550979e-01 1.229760e+00
 5.182354e-01 -7.388386e-01 1.331496e+00
 3.933522e-01 -1.152022e+00 1.303450e+00
 2.154718e-01 -1.447391e+00 1.181074e+00
 4.329572e-03 -1.640149e+00 9.783294e-01
 -2.159062e-01 -1.715730e+00 7.141654e-01
 -4.161415e-01 -1.666427e+00 4.081821e-01
 -5.645950e-01 -1.483872e+00 7.204996e-02
 -6.194444e-01 -1.285314e+00 -1.039314e-01
 -7.846331e-01 -9.399588e-01 -2.354127e-01
 -9.728587e-01 -8.012603e-01 -3.536429e-01
 -1.205519e+00 -7.539936e-01 -4.590231e-01
 -1.561789e+00 -7.024739e-01 -4.839202e-01
 -1.904135e+00 -6.910453e-01 -3.864258e-01
 -2.195578e+00 -7.167408e-01 -1.782356e-01
 -2.400310e+00 -7.746491e-01 1.243400e-01
 -2.482600e+00 -8.410325e-01 4.847270e-01
 -2.426864e+00 -9.026451e-01 8.521047e-01
 -2.239377e+00 -9.373898e-01 1.175972e+00
 -1.942051e+00 -9.344446e-01 1.415156e+00
 -1.569952e+00 -9.062566e-01 1.530917e+00
 -1.178667e+00 -8.662081e-01 1.498912e+00
 -8.283652e-01 -8.132395e-01 1.321879e+00
 -2.336347e-01 -6.858514e-01 6.330242e-01
 -6.418202e-02 -6.983816e-01 4.912618e-01
 8.465199e-02 -7.635046e-01 4.042812e-01
 2.930118e-01 -9.363973e-01 3.060249e-01
 1.024292e+00 -1.412666e+00 1.417016e-01
 1.359705e+00 -1.565273e+00 -1.066899e-01
 1.597790e+00 -1.612005e+00 -4.797369e-01
 1.693085e+00 -1.542572e+00 -9.069975e-01
 1.630080e+00 -1.366860e+00 -1.309177e+00
 1.441948e+00 -1.105434e+00 -1.596078e+00
 1.130334e+00 -7.970114e-01 -1.734184e+00
 7.578465e-01 -5.629817e-01 -1.697167e+00
 3.612087e-01 -4.754123e-01 -1.523176e+00
 8.226444e-02 -5.551705e-01 -1.300283e+00
 -1.944311e-01 -7.517041e-01 -1.176700e+00
 -6.953573e-01 -1.342269e+00 -1.196591e+00
 -1.103253e+00 -1.656430e+00 -9.492165e-01
 -1.413293e+00 -1.757662e+00 -5.652864e-01
 -1.575807e+00 -1.670258e+00 -1.117187e-01
