 -4.655651e-02 -1.796959e+00 -3.083441e-01
 3.212440e-01 -1.550608e+00 -3.956984e-01
 6.391537e-01 -1.050040e+00 -4.323637e-01
 9.157130e-01 -8.479071e-01 -4.632773e-01
 1.229024e+00 -7.680369e-01 -5.323767e-01
 1.584750e+00 -7.745312e-01 -7.360639e-01
 1.843548e+00 -8.832259e-01 -1.022160e+00
 1.962875e+00 -1.051095e+00 -1.368415e+00
 1.925633e+00 -1.233047e+00 -1.719325e+00
 1.741524e+00 -1.403626e+00 -2.024169e+00
 1.439528e+00 -1.544553e+00 -2.236072e+00
 1.068962e+00 -1.614127e+00 -2.334517e+00
 6.835503e-01 -1.592869e+00 -2.315703e+00
 3.356029e-01 -1.492008e+00 -2.177141e+00
 7.631398e-02 -1.324243e+00 -1.939649e+00
 -5.712554e-02 -1.095471e+00 -1.640333e+00
 -3.916654e-02 -8.248186e-01 -1.345434e+00
 1.141281e-01 -5.680842e-01 -1.144225e+00
 3.233549e-01 -3.141814e-01 -1.076948e+00
 4.588714e-01 -8.514501e-02 -1.098621e+00
 5.690681e-01 1.410860e-01 -1.184912e+00
 7.621385e-01 8.313724e-01 -1.596324e+00
 7.439739e-01 1.252904e+00 -1.694426e+00
 6.153586e-01 1.655243e+00 -1.654719e+00
 4.139951e-01 1.980591e+00 -1.474152e+00
 1.787155e-01 2.171608e+00 -1.186018e+00
 -7.309442e-02 2.191149e+00 -8.574048e-01
 -3.375046e-01 2.026661e+00 -5.353021e-01
 -5.441387e-01 1.737937e+00 -3.399422e-01
 -7.044849e-01 1.410532e+00 -3.089967e-01
 -8.448270e-01 1.167263e+00 -3.839142e-01
 -1.213800e+00 9.181158e-01 -5.472808e-01
 -1.406890e+00 6.385232e-01 -6.569202e-01
 -1.500162e+00 2.690122e-01 -7.456167e-01
 -1.451796e+00 -8.788596e-02 -8.003412e-01
 -1.278890e+00 -4.109375e-01 -8.080186e-01
 -9.972015e-01 -6.812164e-01 -7.273369e-01
 -6.921444e-01 -8.211020e-01 -5.696026e-01
 -4.512192e-01 -8.424813e-01 -3.422669e-01
 -3.366074e-01 -8.343473e-01 -6.606729e-02
 -2.738070e-01 -9.258431e-01 2.001059e-01
 -2.513382e-01 -1.050883e+00 4.072857e-01
 -3.140778e-01 -1.332801e+00 7.879710e-01
 -3.970033e-01 -1.427908e+00 1.158952e+00
 -4.820822e-01 -1.372711e+00 1.535849e+00
 -5.576099e-01 -1.178318e+00 1.862491e+00
 -6.032968e-01 -8.657737e-01 2.107060e+00
 -5.969317e-01 -5.086805e-01 2.212491e+00
 -5.930666e-01 -1.072186e-01 2.162740e+00
 -6.417856e-01 1.368903e-01 2.021802e+00
 -7.546112e-01 3.042665e-01 1.912843e+00
 -8.929770e-01 5.521308e-01 1.862289e+00
 -9.177678e-01 8.590791e-01 1.807804e+00
 -8.211892e-01 1.206388e+00 1.655288e+00
 -6.359786e-01 1.455262e+00 1.432912e+00
 -4.341692e-01 1.576645e+00 1.158995e+00
 -2.429379e-01 1.567935e+00 8.339680e-01
 -6.320858e-02 1.418406e+00 5.306890e-01
 5.093660e-02 1.173190e+00 3.076730e-01
 1.644685e-01 7.133596e-01 9.200629e-02
 3.492139e-01 5.109181e-01 -7.819358e-02
 6.069873e-01 3.819975e-01 -2.089552e-01
 9.764414e-01 2.379159e-01 -2.124871e-01
 1.325985e+00 9.275915e-02 -3.276567e-02
 1.562740e+00 -6.215618e-02 2.849636e-01
 1.642435e+00 -2.035374e-01 6.708417e-01
 1.551717e+00 -3.245613e-01 1.060524e+00
 1.323203e+00 -4.334121e-01 1.356304e+00
 9.941638e-01 -5.190973e-01 1.540762e+00
 6.092812e-01 -5.446263e-01 1.602521e+00
 2.286083e-01 -5.118641e-01 1.530118e+00
 -2.337632e-01 -4.090845e-01 1.246264e+00
 -6.289256e-01 -4.117474e-01 1.164628e+00
 -1.037070e+00 -4.497122e-01 1.272498e+00
 -1.376303e+00 -4.169017e-01 1.538931e+00
 -1.574247e+00 -3.063329e-01 1.893612e+00
 -1.616432e+00 -1.184525e-01 2.267279e+00
 -1.500687e+00 1.243769e-01 2.593426e+00
 -1.244294e+00 3.766931e-01 2.816879e+00
 -9.068551e-01 6.089336e-01 2.889496e+00
 -5.505863e-01 7.941411e-01 2.800525e+00
 -2.242886e-01 8.953813e-01 2.569662e+00
 1.438758e-02 8.988527e-01 2.237636e+00
 1.206856e-01 8.268772e-01 1.841512e+00
 6.275150e-02 7.047942e-01 1.447143e+00
 -1.395594e-01 5.908452e-01 1.156827e+00
 -4.215881e-01 5.612678e-01 9.652199e-01
 -6.449254e-01 6.241601e-01 8.310237e-01
 -8.614257e-01 7.539801e-01 7.235958e-01
 -1.419110e+00 1.334545e+00 4.484489e-01
 -1.594734e+00 1.612286e+00 1.710946e-01
 -1.636211e+00 1.819521e+00 -1.943386e-01
 -1.552191e+00 1.910644e+00 -5.990871e-01
 -1.359306e+00 1.867808e+00 -9.693671e-01
 -1.071949e+00 1.718051e+00 -1.232013e+00
 -6.993104e-01 1.491781e+00 -1.346660e+00
 -3.541191e-01 1.285272e+00 -1.275726e+00
 -7.089239e-02 1.172574e+00 -1.067343e+00
 1.347190e-01 1.176524e+00 -8.622226e-01
 5.349383e-01 1.341801e+00 -6.469260e-01
 8.222253e-01 1.373184e+00 -3.762804e-01
 1.006637e+00 1.310697e+00 -9.636333e-02
 1.094038e+00 1.179256e+00 2.104490e-01
 1.079873e+00 9.953530e-01 4.794951e-01
 9.724134e-01 6.904877e-01 7.267023e-01
 8.063869e-01 3.755851e-01 8.280966e-01
 6.565163e-01 9.216722e-02 7.856069e-01
 6.089000e-01 -1.841096e-01 6.425028e-01
 6.480055e-01 -4.471889e-01 5.789794e-01
 7.351263e-01 -6.879388e-01 5.591291e-01
 1.009333e+00 -1.098810e+00 5.351801e-01
 1.213551e+00 -1.408398e+00 3.532290e-01
 1.347854e+00 -1.642594e+00 3.860398e-02
 1.389641e+00 -1.765530e+00 -3.679219e-01
 1.321526e+00 -1.773511e+00 -7.442646e-01
 1.182012e+00 -1.674341e+00 -1.048793e+00
 1.015691e+00 -1.447854e+00 -1.295268e+00
 9.429540e-01 -1.205334e+00 -1.408764e+00
 9.516330e-01 -1.015360e+00 -1.504054e+00
 9.454694e-01 -8.079922e-01 -1.709006e+00
 8.121442e-01 -6.102111e-01 -1.923079e+00
 5.488330e-01 -3.831399e-01 -2.073757e+00
 2.376950e-01 -1.846793e-01 -2.094820e+00
 -4.747545e-02 -4.518673e-03 -1.988439e+00
 -2.820787e-01 1.604463e-01 -1.760433e+00
 -4.490699e-01 2.536276e-01 -1.438966e+00
 -5.077877e-01 2.695042e-01 -1.096075e+00
 -4.683746e-01 1.923741e-01 -5.840713e-01
 -6.074413e-01 1.492641e-01 -2.401695e-01
 -8.290216e-01 5.991966e-02 9.210609e-04
 -1.094701e+00 -1.935427e-01 1.847539e-01
 -1.280195e+00 -5.901965e-01 2.579428e-01
 -1.299112e+00 -1.046457e+00 2.336724e-01
 -1.164439e+00 -1.435064e+00 1.153223e-01
 -8.747475e-01 -1.730614e+00 -5.005887e-02
 -4.764822e-01 -1.860564e+00 -1.864719e-01
