 5.121022e-01 8.217149e-01 -4.321517e-02
 7.848370e-01 9.091307e-01 3.164922e-01
 1.162420e+00 7.902615e-01 5.723747e-01
 1.495733e+00 4.503976e-01 7.074671e-01
 1.691768e+00 -6.823185e-02 7.102906e-01
 1.705714e+00 -5.619261e-01 5.046509e-01
 1.458062e+00 -1.076043e+00 4.892830e-03
 1.448499e+00 -1.398217e+00 -2.207859e-01
 1.536303e+00 -1.731181e+00 -3.135720e-01
 1.616234e+00 -2.153738e+00 -2.358619e-01
 1.659574e+00 -2.514384e+00 1.703090e-02
 1.611989e+00 -2.755758e+00 3.933955e-01
 1.469470e+00 -2.828655e+00 8.143448e-01
 1.268751e+00 -2.710812e+00 1.204821e+00
 1.034657e+00 -2.422695e+00 1.483508e+00
 8.063669e-01 -2.025920e+00 1.581783e+00
 6.193153e-01 -1.609899e+00 1.471197e+00
 5.053619e-01 -1.260660e+00 1.163600e+00
 5.095289e-01 -1.079768e+00 7.767977e-01
 4.852259e-01 -1.092506e+00 2.898843e-01
 4.188224e-01 -1.561068e+00 -4.583274e-01
 3.757082e-01 -1.586403e+00 -9.569066e-01
 2.504988e-01 -1.364043e+00 -1.409031e+00
 9.877662e-02 -9.304416e-01 -1.681138e+00
 -8.259637e-02 -4.107065e-01 -1.690765e+00
 -3.728632e-01 5.534496e-01 -1.151104e+00
 -3.948792e-01 8.009301e-01 -1.061247e+00
 -3.730047e-01 1.064842e+00 -1.041540e+00
 -3.776911e-01 1.608265e+00 -1.198055e+00
 -3.419748e-01 2.040943e+00 -1.136287e+00
 -2.746224e-01 2.443354e+00 -8.768065e-01
 -1.987841e-01 2.667640e+00 -4.971271e-01
 -1.352020e-01 2.695281e+00 -5.459194e-02
 -7.437579e-02 2.504118e+00 3.954999e-01
 -3.030372e-02 2.157796e+00 6.959300e-01
 -2.327475e-02 1.721923e+00 8.156477e-01
 -1.896028e-01 8.458993e-01 6.912701e-01
 -3.485219e-01 5.479431e-01 7.183274e-01
 -6.406254e-01 3.047070e-01 9.140940e-01
 -1.552415e+00 -2.005306e-02 1.199160e+00
 -1.953018e+00 -1.460931e-01 1.147404e+00
 -2.299603e+00 -2.627083e-01 9.309194e-01
 -2.529778e+00 -3.579382e-01 5.860303e-01
 -2.605522e+00 -4.057749e-01 1.733234e-01
 -2.518250e+00 -3.839983e-01 -2.381431e-01
 -2.279943e+00 -2.952521e-01 -5.812164e-01
 -1.921156e+00 -1.782879e-01 -7.950203e-01
 -1.513784e+00 -6.630374e-02 -8.334125e-01
 -1.089630e+00 -1.506209e-02 -6.947652e-01
 -7.896357e-01 5.622543e-03 -3.926510e-01
 -6.188222e-01 -9.190940e-02 -5.702109e-02
 -5.104086e-01 -4.440784e-01 2.394432e-01
 -5.025188e-01 -7.179664e-01 3.778238e-01
 -5.119465e-01 -1.312441e+00 4.910243e-01
 -2.859190e-01 -1.756802e+00 5.519093e-01
 1.275392e-01 -2.047871e+00 5.926400e-01
 5.817894e-01 -2.118495e+00 5.689730e-01
 9.329809e-01 -1.992033e+00 5.422078e-01
 1.148711e+00 -1.860298e+00 6.262259e-01
 1.426217e+00 -1.795815e+00 7.400188e-01
 1.845759e+00 -1.749087e+00 6.968565e-01
 2.246909e+00 -1.605552e+00 4.381526e-01
 2.461141e+00 -1.367762e+00 5.833924e-02
 2.444215e+00 -1.086513e+00 -3.448249e-01
 2.200734e+00 -8.371642e-01 -6.928343e-01
 1.786385e+00 -6.774245e-01 -9.057253e-01
 9.641057e-01 -6.048923e-01 -9.434327e-01
 1.483871e-01 -5.505600e-01 -6.773401e-01
 -4.130232e-01 -9.004898e-01 -7.064320e-01
 -8.703623e-01 -1.022856e+00 -5.467840e-01
 -1.227612e+00 -9.620537e-01 -3.023679e-01
 -1.489949e+00 -7.002878e-01 -2.840554e-03
 -1.580624e+00 -3.269785e-01 1.816492e-01
 -1.643141e+00 5.009381e-03 1.808366e-01
 -2.038575e+00 5.581104e-01 1.365317e-01
 -2.128503e+00 1.002250e+00 7.547092e-02
 -2.026358e+00 1.421516e+00 5.375769e-03
 -1.759050e+00 1.746232e+00 -6.304039e-02
 -1.369443e+00 1.927066e+00 -1.200645e-01
 -9.193097e-01 1.928164e+00 -1.529455e-01
 -3.710465e-01 1.685571e+00 -1.642257e-01
 -8.723586e-02 1.662314e+00 -2.100743e-01
 3.633360e-01 1.795647e+00 -3.225823e-01
 7.427109e-01 1.757234e+00 -3.947308e-01
 1.142676e+00 1.552766e+00 -4.295867e-01
 1.390261e+00 1.272475e+00 -4.277435e-01
 1.509998e+00 9.209401e-01 -4.143782e-01
 1.489930e+00 5.736318e-01 -3.850786e-01
 1.329991e+00 2.240659e-01 -2.862539e-01
 1.118996e+00 8.302944e-03 -1.569536e-01
 8.475278e-01 -1.425190e-01 6.400921e-02
 6.079178e-01 -9.003380e-02 5.632822e-01
 4.354102e-01 1.931983e-01 1.259803e+00
 2.614339e-01 3.946272e-01 1.521749e+00
 1.607176e-02 6.236987e-01 1.677239e+00
 -2.844826e-01 8.562318e-01 1.712730e+00
 -5.880700e-01 1.027809e+00 1.633299e+00
 -8.416942e-01 1.137522e+00 1.459476e+00
 -1.030191e+00 1.204673e+00 1.201240e+00
 -1.145621e+00 1.202610e+00 8.681697e-01
 -1.180269e+00 1.121433e+00 5.432695e-01
 -1.069205e+00 9.096265e-01 7.325113e-03
 -1.405400e+00 9.976824e-01 -9.432738e-01
 -1.340022e+00 1.010920e+00 -1.424986e+00
 -1.063381e+00 1.000433e+00 -1.822068e+00
 -6.246980e-01 9.790597e-01 -2.055350e+00
 -1.577757e-01 9.885630e-01 -2.062078e+00
 2.576099e-01 9.750195e-01 -1.857751e+00
 5.533079e-01 8.911087e-01 -1.473434e+00
 6.329457e-01 7.906425e-01 -1.016853e+00
 4.550001e-01 7.560408e-01 -3.705821e-01
