 -1.630881e+00 2.664641e-02 1.668195e+00
 -1.407629e+00 -3.018996e-01 1.625145e+00
 -1.109975e+00 -5.170206e-01 1.517004e+00
 -7.861024e-01 -6.028912e-01 1.363512e+00
 -4.795107e-01 -5.624013e-01 1.189808e+00
 -8.844832e-02 -3.329740e-01 9.106296e-01
 2.022224e-01 -2.316178e-01 8.115587e-01
 5.210421e-01 -1.858405e-01 7.966666e-01
 1.045782e+00 -1.729894e-01 1.020924e+00
 1.439109e+00 -1.763083e-01 1.028571e+00
 1.827607e+00 -1.641581e-01 8.766455e-01
 2.105649e+00 -1.639150e-01 6.213197e-01
 2.270378e+00 -1.657146e-01 2.774960e-01
 2.283298e+00 -1.576452e-01 -1.110601e-01
 2.140834e+00 -1.375594e-01 -4.885723e-01
 1.877566e+00 -9.534799e-02 -7.824620e-01
 1.542117e+00 -5.991960e-02 -9.483840e-01
 1.059952e+00 -6.423631e-02 -9.973891e-01
 7.987379e-01 -7.000927e-02 -1.128640e+00
 5.604925e-01 -1.525357e-01 -1.347299e+00
 3.166275e-01 -3.727736e-01 -1.675252e+00
 3.285904e-02 -5.416847e-01 -1.836724e+00
 -3.223008e-01 -6.569594e-01 -1.896780e+00
 -6.582099e-01 -6.974110e-01 -1.847550e+00
 -9.149999e-01 -6.562913e-01 -1.732292e+00
 -1.117641e+00 -5.274296e-01 -1.656770e+00
 -1.357230e+00 -4.119761e-01 -1.652441e+00
 -1.661857e+00 -3.965229e-01 -1.607674e+00
 -2.012038e+00 -4.642050e-01 -1.422350e+00
 -2.249530e+00 -5.784480e-01 -1.144617e+00
 -2.357647e+00 -6.895773e-01 -7.970409e-01
 -2.323820e+00 -7.950584e-01 -4.231464e-01
 -2.152184e+00 -8.741598e-01 -9.309375e-02
 -1.875253e+00 -8.891995e-01 1.579674e-01
 -1.517860e+00 -8.185416e-01 3.177516e-01
 -1.172520e+00 -6.754583e-01 3.470363e-01
 -9.041295e-01 -5.005588e-01 2.645204e-01
 -7.048645e-01 -2.646413e-01 1.204067e-01
 -6.390826e-01 1.993981e-02 -1.660969e-02
 -6.981225e-01 4.470001e-01 -2.336153e-01
 -6.264941e-01 7.726558e-01 -3.482240e-01
 -4.667932e-01 1.080870e+00 -3.816084e-01
 -2.102892e-01 1.371566e+00 -3.302641e-01
 4.471967e-02 1.543761e+00 -1.925343e-01
 3.232321e-01 1.604555e+00 6.085241e-03
 6.278293e-01 1.536000e+00 2.549276e-01
 8.611265e-01 1.329064e+00 5.170903e-01
 9.775327e-01 9.905574e-01 7.904111e-01
 1.068794e+00 8.957359e-01 9.197594e-01
 1.183416e+00 8.232261e-01 1.108921e+00
 1.264012e+00 7.888879e-01 1.371454e+00
 1.258018e+00 7.907775e-01 1.680782e+00
 1.155804e+00 8.085803e-01 1.967481e+00
 9.669625e-01 8.421386e-01 2.218190e+00
 7.226710e-01 8.666682e-01 2.393507e+00
 4.388102e-01 8.681118e-01 2.491208e+00
 1.233730e-01 8.471574e-01 2.499917e+00
 -2.040419e-01 7.833640e-01 2.403755e+00
 -4.941064e-01 6.827527e-01 2.183547e+00
 -6.871659e-01 5.593028e-01 1.845937e+00
 -7.355812e-01 4.438072e-01 1.399505e+00
 -7.956420e-01 4.036228e-01 1.209414e+00
 -8.732512e-01 3.716073e-01 1.073423e+00
 -1.018607e+00 3.519319e-01 9.035414e-01
 -1.386389e+00 3.411431e-01 6.140642e-01
 -1.605964e+00 2.517509e-01 2.693377e-01
 -1.677558e+00 1.151359e-01 -6.701269e-02
 -1.616209e+00 -3.371158e-02 -3.472511e-01
 -1.441847e+00 -2.866165e-01 -5.813342e-01
 -1.338721e+00 -5.696726e-01 -6.544357e-01
 -1.349015e+00 -8.768927e-01 -7.315267e-01
 -1.434177e+00 -1.162031e+00 -9.264767e-01
 -1.531865e+00 -1.358638e+00 -1.238572e+00
 -1.603802e+00 -1.420036e+00 -1.602942e+00
 -1.631900e+00 -1.355542e+00 -1.957434e+00
 -1.601551e+00 -1.196653e+00 -2.259840e+00
 -1.519092e+00 -9.754311e-01 -2.486041e+00
 -1.400490e+00 -7.126039e-01 -2.624261e+00
 -1.250418e+00 -4.306082e-01 -2.667126e+00
 -1.083731e+00 -1.481181e-01 -2.604294e+00
 -9.061741e-01 1.043536e-01 -2.428530e+00
 -7.305229e-01 2.788246e-01 -2.145638e+00
 -5.801604e-01 3.320208e-01 -1.781456e+00
 -4.839526e-01 2.299114e-01 -1.391515e+00
 -4.488934e-01 -5.978752e-03 -1.090905e+00
 -3.997575e-01 -2.977500e-01 -9.401262e-01
 -3.635630e-01 -5.427444e-01 -8.832760e-01
 -3.560138e-01 -1.077949e+00 -8.703336e-01
 -2.538757e-01 -1.411156e+00 -7.851503e-01
 -4.540872e-02 -1.686741e+00 -6.465399e-01
 2.650623e-01 -1.866366e+00 -4.612179e-01
 6.112117e-01 -1.903352e+00 -2.961948e-01
 9.494434e-01 -1.797443e+00 -1.657288e-01
 1.220701e+00 -1.555400e+00 -5.445051e-02
 1.397264e+00 -1.164398e+00 4.144652e-02
 1.415780e+00 -7.579525e-01 7.562512e-02
 1.256376e+00 -2.448602e-01 1.896499e-02
 1.262269e+00 3.037520e-04 3.351507e-02
 1.409537e+00 3.604536e-01 7.351240e-02
 1.692092e+00 6.982957e-01 1.390118e-01
 1.836645e+00 9.254552e-01 2.531743e-01
 1.918213e+00 1.184149e+00 4.411109e-01
 1.896463e+00 1.446539e+00 6.964639e-01
 1.744147e+00 1.667007e+00 9.723330e-01
 1.472424e+00 1.797361e+00 1.225308e+00
 1.124284e+00 1.803032e+00 1.419025e+00
 7.566126e-01 1.670458e+00 1.527450e+00
 4.356711e-01 1.405752e+00 1.547300e+00
 2.707220e-01 1.099759e+00 1.513289e+00
 2.431925e-01 8.528470e-01 1.491608e+00
 2.834421e-01 5.598623e-01 1.511053e+00
 3.143451e-01 1.391289e-01 1.757802e+00
 3.498428e-01 -2.201616e-01 1.827484e+00
 4.184250e-01 -5.545730e-01 1.776541e+00
 4.691317e-01 -8.308786e-01 1.617625e+00
 4.907530e-01 -1.077531e+00 1.321115e+00
 4.767628e-01 -1.209362e+00 9.568735e-01
 4.321315e-01 -1.199963e+00 5.667342e-01
 3.766619e-01 -1.023623e+00 1.758266e-01
 3.978312e-01 -9.302268e-01 -6.187699e-02
 4.826670e-01 -8.726835e-01 -3.280257e-01
 5.889336e-01 -8.878056e-01 -5.251937e-01
 7.943601e-01 -1.057923e+00 -8.793223e-01
 9.971241e-01 -1.075248e+00 -1.178563e+00
 1.186171e+00 -9.618740e-01 -1.470933e+00
 1.314805e+00 -7.267484e-01 -1.745414e+00
 1.364879e+00 -3.989595e-01 -1.933105e+00
 1.362644e+00 -1.934654e-02 -1.988481e+00
 1.303173e+00 3.662377e-01 -1.904409e+00
 1.208136e+00 6.631739e-01 -1.712938e+00
 1.077408e+00 8.604839e-01 -1.448338e+00
 9.320388e-01 9.429073e-01 -1.151648e+00
 7.910191e-01 9.152980e-01 -8.605454e-01
 4.763770e-01 6.146293e-01 -2.206891e-01
 2.871861e-01 5.728731e-01 9.040064e-02
 1.393425e-01 6.356076e-01 3.102278e-01
 -5.112278e-02 7.922816e-01 5.205855e-01
 -3.932670e-01 1.184744e+00 7.027730e-01
 -6.503327e-01 1.331936e+00 8.206323e-01
 -9.525371e-01 1.384890e+00 9.865663e-01
 -1.255626e+00 1.313110e+00 1.182708e+00
 -1.513128e+00 1.108806e+00 1.383582e+00
 -1.689847e+00 7.900430e-01 1.542490e+00
 -1.733554e+00 4.205796e-01 1.633907e+00
