 -4.984101e-01 3.602706e-01 1.612482e+00
 -3.030462e-01 2.694150e-01 1.992234e+00
 2.399683e-02 1.307933e-01 2.248549e+00
 4.326432e-01 -3.358804e-02 2.335016e+00
 8.332429e-01 -1.556063e-01 2.238636e+00
 1.158385e+00 -2.491821e-01 1.968697e+00
 1.346320e+00 -3.312430e-01 1.563786e+00
 1.354040e+00 -3.509737e-01 1.119021e+00
 1.189829e+00 -3.056316e-01 7.249228e-01
 8.441803e-01 -9.847703e-02 3.505240e-01
 7.306977e-01 9.589186e-02 2.676200e-02
 8.014045e-01 2.874946e-01 -2.884655e-01
 1.103258e+00 5.331462e-01 -7.110331e-01
 1.191237e+00 6.426198e-01 -1.120188e+00
 1.118491e+00 6.608895e-01 -1.570515e+00
 9.098493e-01 5.958469e-01 -1.927017e+00
 6.075252e-01 4.493042e-01 -2.160553e+00
 2.561947e-01 2.409871e-01 -2.238611e+00
 -9.779016e-02 -1.414490e-02 -2.141332e+00
 -3.443290e-01 -2.397366e-01 -1.908443e+00
 -5.115188e-01 -4.224407e-01 -1.516608e+00
 -6.116333e-01 -5.016491e-01 -1.384622e+00
 -7.657448e-01 -6.088889e-01 -1.262254e+00
 -1.233314e+00 -8.638993e-01 -1.119085e+00
 -1.495615e+00 -1.061502e+00 -8.739520e-01
 -1.631647e+00 -1.242385e+00 -5.242911e-01
 -1.611332e+00 -1.379838e+00 -1.240095e-01
 -1.441271e+00 -1.432763e+00 2.240759e-01
 -1.168384e+00 -1.461366e+00 4.576023e-01
 -9.542593e-01 -1.536330e+00 5.362196e-01
 -7.963443e-01 -1.637101e+00 6.232264e-01
 -6.289571e-01 -1.710825e+00 7.899745e-01
 -4.302662e-01 -1.708637e+00 1.018365e+00
 -2.391538e-01 -1.615020e+00 1.227763e+00
 -5.374564e-02 -1.447450e+00 1.388948e+00
 1.104593e-01 -1.222060e+00 1.488413e+00
 2.362066e-01 -9.529575e-01 1.521619e+00
 3.136196e-01 -6.637574e-01 1.482399e+00
 3.347105e-01 -3.118459e-01 1.351341e+00
 3.804296e-01 -7.983074e-02 1.308416e+00
 4.490347e-01 1.014651e-01 1.311460e+00
 5.365467e-01 3.040886e-01 1.368223e+00
 6.715688e-01 5.741077e-01 1.511335e+00
 7.613049e-01 8.346407e-01 1.565073e+00
 8.251744e-01 1.105801e+00 1.546311e+00
 8.632982e-01 1.394216e+00 1.448058e+00
 8.719618e-01 1.624614e+00 1.289951e+00
 8.489460e-01 1.806090e+00 1.078339e+00
 7.892331e-01 1.917633e+00 8.368939e-01
 6.756200e-01 1.967771e+00 5.727175e-01
 5.265592e-01 1.965311e+00 3.885902e-01
 3.534759e-01 1.970035e+00 2.746027e-01
 1.424456e-01 2.045996e+00 1.312856e-01
 -3.682443e-02 2.145123e+00 -1.811992e-01
 -1.477137e-01 2.105007e+00 -5.549435e-01
 -2.147123e-01 1.882849e+00 -9.319716e-01
 -1.888094e-01 1.551331e+00 -1.199392e+00
 -9.103876e-02 1.154725e+00 -1.320303e+00
 2.669808e-01 1.928280e-01 -1.205824e+00
 3.984210e-01 -1.699255e-03 -1.238988e+00
 7.333456e-01 -3.558809e-01 -1.473602e+00
 9.658858e-01 -7.776227e-01 -1.516221e+00
 1.074934e+00 -1.137445e+00 -1.417214e+00
 1.083876e+00 -1.448017e+00 -1.205317e+00
 9.981340e-01 -1.675455e+00 -8.950373e-01
 8.357258e-01 -1.778345e+00 -5.022107e-01
 6.580136e-01 -1.731511e+00 -1.646826e-01
 4.610654e-01 -1.557913e+00 1.096256e-01
 -8.790749e-02 -8.628380e-01 5.485726e-01
 -3.384048e-01 -7.402611e-01 7.072270e-01
 -5.708502e-01 -6.844859e-01 9.379628e-01
 -8.276574e-01 -7.786047e-01 1.208280e+00
 -1.089734e+00 -1.025117e+00 1.410217e+00
 -1.305495e+00 -1.373217e+00 1.482162e+00
 -1.450500e+00 -1.748723e+00 1.406944e+00
 -1.517411e+00 -2.085962e+00 1.195007e+00
 -1.497378e+00 -2.334573e+00 8.847404e-01
 -1.396445e+00 -2.460644e+00 5.264772e-01
 -1.231769e+00 -2.450257e+00 1.733192e-01
 -1.029099e+00 -2.309201e+00 -1.233386e-01
 -8.412373e-01 -2.057999e+00 -3.293957e-01
 -6.951157e-01 -1.741499e+00 -4.241077e-01
 -6.185901e-01 -1.384115e+00 -4.138201e-01
 -6.339079e-01 -1.023347e+00 -2.939493e-01
 -7.952431e-01 -7.492046e-01 -1.866855e-01
 -1.061654e+00 -4.889783e-01 -3.434000e-02
 -1.212784e+00 -2.110967e-01 5.743153e-02
 -1.278317e+00 1.101671e-01 1.145382e-01
 -1.257859e+00 4.243821e-01 1.151029e-01
 -1.147075e+00 6.929359e-01 9.003135e-02
 -9.471042e-01 9.184764e-01 4.312688e-02
 -6.634012e-01 1.089771e+00 -5.117732e-02
 -3.645834e-01 1.157868e+00 -1.549689e-01
 2.515687e-02 1.119263e+00 -2.854310e-01
 3.110550e-01 1.178601e+00 -3.751837e-01
 5.780558e-01 1.366137e+00 -5.159744e-01
 7.805205e-01 1.666742e+00 -5.981549e-01
 9.019736e-01 2.015911e+00 -5.815352e-01
 9.266416e-01 2.374347e+00 -4.656860e-01
 8.460482e-01 2.691562e+00 -2.592012e-01
 6.945292e-01 2.907614e+00 3.036051e-02
 4.897180e-01 2.986136e+00 3.582011e-01
 2.621358e-01 2.910585e+00 6.780847e-01
 4.405146e-02 2.687120e+00 9.379519e-01
 -1.214127e-01 2.347402e+00 1.096196e+00
 -1.889159e-01 1.945975e+00 1.139601e+00
 -1.436790e-01 1.550164e+00 1.060113e+00
 2.406081e-02 1.218863e+00 8.878555e-01
 2.834115e-01 1.026447e+00 6.815408e-01
 5.746185e-01 9.575915e-01 5.677334e-01
 9.845030e-01 9.464708e-01 5.182771e-01
 1.285425e+00 8.441944e-01 4.467898e-01
 1.533368e+00 6.704689e-01 3.242779e-01
 1.736781e+00 3.892108e-01 1.423565e-01
 1.794988e+00 1.371953e-01 -1.215073e-02
 1.745918e+00 -1.204072e-01 -1.596760e-01
 1.557192e+00 -4.123311e-01 -3.234476e-01
 1.322636e+00 -6.013590e-01 -4.294282e-01
 1.049269e+00 -7.227488e-01 -4.773472e-01
 6.429793e-01 -7.693792e-01 -5.322235e-01
 4.334481e-01 -8.443285e-01 -6.179332e-01
 2.623125e-01 -9.644669e-01 -7.787606e-01
 -4.430285e-02 -1.342837e+00 -1.362724e+00
 -2.427510e-01 -1.414376e+00 -1.634865e+00
 -4.875561e-01 -1.383548e+00 -1.875619e+00
 -7.517240e-01 -1.255236e+00 -2.055365e+00
 -1.020229e+00 -1.023134e+00 -2.167013e+00
 -1.212970e+00 -7.685566e-01 -2.181642e+00
 -1.345458e+00 -4.938167e-01 -2.111940e+00
 -1.405671e+00 -2.203695e-01 -1.967153e+00
 -1.387347e+00 5.513307e-02 -1.731716e+00
 -1.295757e+00 2.412079e-01 -1.483459e+00
 -1.139800e+00 3.484074e-01 -1.223194e+00
 -9.387862e-01 3.676652e-01 -9.826131e-01
 -2.940751e-01 1.335645e-01 -3.150051e-01
 -2.567833e-01 1.739184e-01 2.020637e-01
 -5.264647e-01 3.882469e-01 1.190107e+00
