 -2.522090e+00 -1.192684e+00 -1.942408e-01
 -2.518028e+00 -1.333819e+00 1.412364e-01
 -2.410133e+00 -1.399879e+00 4.752763e-01
 -2.218757e+00 -1.385754e+00 7.685591e-01
 -1.970915e+00 -1.297349e+00 9.896660e-01
 -1.694627e+00 -1.150674e+00 1.117362e+00
 -1.419848e+00 -9.661235e-01 1.141477e+00
 -6.996118e-01 -4.039855e-01 9.106995e-01
 -4.798384e-01 -2.828671e-01 7.861926e-01
 -9.999068e-02 -1.599495e-01 4.828181e-01
 1.104440e-01 -4.195615e-02 3.858601e-01
 2.958845e-01 5.734337e-02 3.778031e-01
 1.013424e+00 2.248530e-01 2.860747e-01
 1.338464e+00 4.751661e-01 1.489197e-01
 1.532819e+00 8.649522e-01 4.171650e-02
 1.551362e+00 1.307833e+00 1.271994e-03
 1.394636e+00 1.720490e+00 4.392116e-02
 1.154292e+00 1.978656e+00 1.757389e-01
 1.011257e+00 2.092927e+00 3.533378e-01
 9.307449e-01 2.234331e+00 5.284749e-01
 7.711298e-01 2.503854e+00 6.661763e-01
 4.734464e-01 2.761614e+00 7.185386e-01
 1.050593e-01 2.905076e+00 6.822284e-01
 -2.798999e-01 2.907329e+00 5.817686e-01
 -6.232673e-01 2.765277e+00 4.417966e-01
 -8.763510e-01 2.501748e+00 2.872450e-01
 -1.001082e+00 2.155118e+00 1.500221e-01
 -9.868808e-01 1.777729e+00 6.500409e-02
 -8.437558e-01 1.415990e+00 6.899336e-02
 -6.244060e-01 1.149103e+00 1.601055e-01
 -4.315651e-01 9.662950e-01 3.285258e-01
 -1.990164e-01 7.429478e-01 9.460704e-01
 -3.514057e-02 6.063274e-01 1.163231e+00
 1.345396e-01 3.962901e-01 1.317283e+00
 2.883083e-01 1.362595e-01 1.387046e+00
 4.223250e-01 -1.518331e-01 1.360934e+00
 5.337549e-01 -4.301907e-01 1.235132e+00
 6.165757e-01 -6.628643e-01 1.019671e+00
 6.586477e-01 -8.251503e-01 7.365081e-01
 6.610141e-01 -8.939754e-01 4.249028e-01
 4.997947e-01 -8.850987e-01 -3.180475e-01
 4.863556e-01 -9.409845e-01 -6.397401e-01
 5.794889e-01 -9.646090e-01 -9.334691e-01
 7.937907e-01 -1.041279e+00 -1.209301e+00
 1.080645e+00 -1.188477e+00 -1.393154e+00
 1.387373e+00 -1.406625e+00 -1.455262e+00
 1.659829e+00 -1.670576e+00 -1.384220e+00
 1.858996e+00 -1.940001e+00 -1.185510e+00
 1.946094e+00 -2.183263e+00 -8.932363e-01
 1.904839e+00 -2.367117e+00 -5.534526e-01
 1.738334e+00 -2.469223e+00 -2.169872e-01
 1.472001e+00 -2.469919e+00 7.044447e-02
 1.142425e+00 -2.370700e+00 2.632519e-01
 7.884499e-01 -2.200007e+00 3.233667e-01
 4.593323e-01 -1.992447e+00 2.317410e-01
 2.571664e-01 -1.839165e+00 4.385596e-02
 7.146787e-02 -1.788672e+00 -2.313004e-01
 -2.205601e-01 -1.838807e+00 -4.590803e-01
 -6.798810e-01 -1.828276e+00 -5.433164e-01
 -1.102276e+00 -1.679270e+00 -4.578008e-01
 -1.426124e+00 -1.391186e+00 -2.357072e-01
 -1.567517e+00 -9.641582e-01 8.764894e-02
 -1.659203e+00 -7.799412e-01 1.744126e-01
 -1.856153e+00 -5.452734e-01 2.589807e-01
 -2.083632e+00 -1.824057e-01 1.610542e-01
 -2.134180e+00 2.248797e-01 -5.604185e-02
 -1.942912e+00 6.180839e-01 -3.070473e-01
 -1.597887e+00 8.458110e-01 -5.361722e-01
 -1.167468e+00 8.801952e-01 -7.241206e-01
 -7.339854e-01 7.591845e-01 -7.659181e-01
 -1.921919e-01 4.105769e-01 -5.767298e-01
 2.128063e-02 2.825526e-01 -5.664935e-01
 3.860700e-01 1.375670e-01 -6.508616e-01
 9.401847e-01 -2.153742e-02 -6.910617e-01
 1.267616e+00 -2.620075e-01 -6.270666e-01
 1.472698e+00 -6.265783e-01 -5.414215e-01
 1.507093e+00 -1.033554e+00 -4.615135e-01
 1.380253e+00 -1.410883e+00 -4.296717e-01
 1.186374e+00 -1.645790e+00 -4.680752e-01
 1.054461e+00 -1.789203e+00 -5.717453e-01
 9.514083e-01 -2.010839e+00 -6.939237e-01
 8.099854e-01 -2.315699e+00 -7.071274e-01
 5.633820e-01 -2.609733e+00 -5.959863e-01
 2.679361e-01 -2.782663e+00 -3.958532e-01
 -3.499902e-02 -2.812550e+00 -1.409849e-01
 -3.148573e-01 -2.690042e+00 1.161616e-01
 -5.314669e-01 -2.430968e+00 3.275111e-01
 -6.490479e-01 -2.075450e+00 4.651867e-01
 -6.598624e-01 -1.690216e+00 4.885333e-01
 -5.989015e-01 -1.312150e+00 3.736291e-01
 -5.328134e-01 -1.112901e+00 2.123114e-01
 -5.029480e-01 -9.097300e-01 -8.394756e-02
 -5.009788e-01 -7.625156e-01 -6.507749e-01
 -3.527833e-01 -3.373941e-01 -1.274455e+00
 -2.562453e-01 -1.034221e-01 -1.463214e+00
 -1.313962e-01 1.664791e-01 -1.566721e+00
 1.349561e-02 4.437748e-01 -1.576062e+00
 1.538030e-01 7.077303e-01 -1.489522e+00
 2.766343e-01 9.385073e-01 -1.310224e+00
 3.810153e-01 1.105417e+00 -1.053654e+00
 4.537568e-01 1.187207e+00 -7.454338e-01
 5.554065e-01 1.144095e+00 1.904408e-01
 6.203714e-01 1.160755e+00 4.480529e-01
 7.974189e-01 1.161010e+00 7.040445e-01
 1.093935e+00 1.254846e+00 9.273934e-01
 1.404973e+00 1.454104e+00 1.041683e+00
 1.678343e+00 1.730140e+00 1.035720e+00
 1.865675e+00 2.056323e+00 9.168774e-01
 1.927012e+00 2.387390e+00 7.141430e-01
 1.852068e+00 2.676439e+00 4.564435e-01
 1.648671e+00 2.880162e+00 1.817649e-01
 1.345343e+00 2.963567e+00 -7.055072e-02
 9.822163e-01 2.914181e+00 -2.544793e-01
 6.142112e-01 2.745708e+00 -3.237420e-01
 3.026088e-01 2.489991e+00 -2.645574e-01
 8.576782e-02 2.199208e+00 -6.939469e-02
 5.810733e-03 1.983944e+00 2.029088e-01
 -6.044440e-02 1.897888e+00 5.501582e-01
 -3.229036e-01 1.861125e+00 8.727948e-01
 -7.219938e-01 1.694192e+00 1.065488e+00
 -1.092348e+00 1.379940e+00 1.070038e+00
 -1.312974e+00 9.441604e-01 9.108826e-01
 -1.317078e+00 5.049824e-01 6.164438e-01
 -1.133602e+00 2.106415e-01 2.109077e-01
 -1.097301e+00 6.917122e-02 -4.899100e-02
 -1.152788e+00 -6.165890e-02 -3.161200e-01
 -1.293258e+00 -1.483083e-01 -5.395239e-01
 -1.578862e+00 -3.348622e-01 -7.391754e-01
 -1.909299e+00 -5.515111e-01 -7.902715e-01
 -2.213925e+00 -7.799914e-01 -6.874310e-01
 -2.419538e+00 -9.907450e-01 -4.819790e-01
