 -1.446979e+00 9.369270e-01 2.326420e+00
 -1.121146e+00 1.151820e+00 2.082542e+00
 -8.553293e-01 1.211670e+00 1.716167e+00
 -7.270031e-01 1.131317e+00 1.284474e+00
 -7.654319e-01 9.427710e-01 9.092505e-01
 -9.890430e-01 8.381152e-01 5.849771e-01
 -1.462074e+00 8.226500e-01 1.509301e-01
 -1.634207e+00 7.696391e-01 -2.302478e-01
 -1.640244e+00 6.746095e-01 -6.413117e-01
 -1.484802e+00 5.441889e-01 -1.003372e+00
 -1.191311e+00 3.991053e-01 -1.265946e+00
 -8.089804e-01 2.753094e-01 -1.383227e+00
 -8.199490e-02 1.232943e-01 -1.298360e+00
 4.546025e-01 5.878168e-02 -1.202412e+00
 6.965739e-01 1.075927e-01 -1.171055e+00
 9.182803e-01 1.835529e-01 -1.183428e+00
 1.256280e+00 2.338761e-01 -1.336540e+00
 1.575582e+00 1.520063e-01 -1.589316e+00
 1.792725e+00 -6.111538e-02 -1.860350e+00
 1.890080e+00 -3.723835e-01 -2.092953e+00
 1.859910e+00 -7.344472e-01 -2.250706e+00
 1.704096e+00 -1.089163e+00 -2.319865e+00
 1.451974e+00 -1.388901e+00 -2.285314e+00
 1.147079e+00 -1.591475e+00 -2.149459e+00
 8.335645e-01 -1.667832e+00 -1.938055e+00
 5.636721e-01 -1.616605e+00 -1.674678e+00
 3.790639e-01 -1.451060e+00 -1.386059e+00
 3.134497e-01 -1.209834e+00 -1.123117e+00
 3.910214e-01 -9.141618e-01 -8.427489e-01
 5.920308e-01 -7.365570e-01 -6.074211e-01
 8.648000e-01 -6.089445e-01 -4.826272e-01
 1.037644e+00 -4.548247e-01 -4.086562e-01
 1.193888e+00 -2.235499e-01 -2.336672e-01
 1.257675e+00 5.134130e-03 -3.966440e-03
 1.218191e+00 2.166978e-01 2.413533e-01
 1.080570e+00 4.035943e-01 4.613563e-01
 8.626047e-01 5.706177e-01 6.220448e-01
 5.655044e-01 7.445053e-01 7.033649e-01
 4.051779e-01 8.864518e-01 7.858121e-01
 3.091294e-01 1.013084e+00 8.975516e-01
 2.415603e-01 1.230383e+00 1.038626e+00
 2.065832e-01 1.525532e+00 1.119356e+00
 1.876921e-01 1.905357e+00 1.067508e+00
 1.372138e-01 2.253750e+00 8.599507e-01
 8.521120e-02 2.476898e+00 5.695677e-01
 1.015163e-02 2.574802e+00 2.233987e-01
 -1.148002e-01 2.544891e+00 -1.252853e-01
 -2.565360e-01 2.387104e+00 -4.263557e-01
 -3.949447e-01 2.119341e+00 -6.469501e-01
 -5.124464e-01 1.776070e+00 -7.566286e-01
 -5.827558e-01 1.403740e+00 -7.427269e-01
 -6.403687e-01 6.116541e-01 -4.269644e-01
 -6.843413e-01 3.861598e-01 -3.674723e-01
 -1.377688e+00 -8.565337e-01 -1.668880e-01
 -1.344553e+00 -1.415399e+00 1.257843e-01
 -8.908518e-01 -1.928027e+00 3.386937e-01
 -2.981027e-01 -2.053150e+00 4.047210e-01
 2.085295e-01 -1.831782e+00 3.106150e-01
 4.724485e-01 -1.653897e+00 1.595938e-02
 9.412907e-01 -1.666530e+00 -3.896924e-01
 1.116461e+00 -1.609399e+00 -5.978898e-01
 1.260142e+00 -1.478296e+00 -8.407985e-01
 1.331127e+00 -1.308646e+00 -1.050134e+00
 1.333636e+00 -1.115936e+00 -1.221148e+00
 1.255552e+00 -9.008240e-01 -1.405547e+00
 1.150601e+00 -7.803378e-01 -1.517790e+00
 1.032894e+00 -7.139735e-01 -1.642971e+00
 9.083389e-01 -6.031736e-01 -1.872489e+00
 7.921085e-01 -2.622050e-01 -2.129027e+00
 6.879750e-01 1.938234e-01 -2.203396e+00
 5.803982e-01 6.415189e-01 -2.051238e+00
 4.876718e-01 9.713665e-01 -1.701198e+00
 4.246352e-01 1.100930e+00 -1.233903e+00
 3.947290e-01 1.003651e+00 -7.596138e-01
 4.134576e-01 7.626601e-01 -4.529678e-01
 2.183202e-01 3.474159e-03 7.129881e-03
 3.187416e-01 -2.669463e-01 3.322526e-01
 1.013483e+00 -1.228634e+00 7.818680e-01
 1.184707e+00 -1.695231e+00 7.645416e-01
 1.180180e+00 -2.161168e+00 5.902548e-01
 1.002832e+00 -2.515237e+00 3.085576e-01
 7.186115e-01 -2.678030e+00 -3.313132e-02
 3.791643e-01 -2.625770e+00 -3.618976e-01
 3.694772e-02 -2.382482e+00 -5.834231e-01
 -2.254039e-01 -2.010928e+00 -6.540351e-01
 -3.983945e-01 -1.607362e+00 -5.406543e-01
 -4.036772e-01 -1.251787e+00 -3.323394e-01
 -3.620407e-01 -1.085805e+00 -1.247219e-01
 -3.678987e-01 -1.002680e+00 1.759759e-01
 -3.906200e-01 -9.959252e-01 3.906550e-01
 -4.099746e-01 -1.071161e+00 7.872407e-01
 -5.126328e-01 -1.044719e+00 1.125993e+00
 -6.428830e-01 -8.930763e-01 1.436370e+00
 -7.967792e-01 -6.419968e-01 1.660442e+00
 -9.421564e-01 -3.447047e-01 1.764368e+00
 -1.073172e+00 -2.570332e-02 1.739087e+00
 -1.210650e+00 2.256432e-01 1.614467e+00
 -1.344673e+00 3.382780e-01 1.496691e+00
 -1.508007e+00 4.536252e-01 1.412957e+00
 -1.700146e+00 7.417087e-01 1.324587e+00
 -1.762387e+00 1.100484e+00 1.212552e+00
 -1.669813e+00 1.467879e+00 1.047198e+00
 -1.432219e+00 1.747708e+00 8.109112e-01
 -1.102229e+00 1.871731e+00 5.661408e-01
 -7.390307e-01 1.823054e+00 3.539411e-01
 -2.410583e-01 1.556456e+00 2.028204e-01
 1.037267e-01 1.566133e+00 7.347835e-02
 5.120826e-01 1.652291e+00 1.073105e-01
 9.177911e-01 1.676969e+00 3.687899e-01
 1.196546e+00 1.564105e+00 7.945703e-01
 1.248865e+00 1.318564e+00 1.248101e+00
 1.093888e+00 9.546510e-01 1.576550e+00
 7.549985e-01 5.359949e-01 1.704942e+00
 3.216438e-01 2.250765e-01 1.582352e+00
 -5.213709e-01 -3.999701e-02 8.773617e-01
 -8.744258e-01 -1.568405e-01 7.285293e-01
 -1.234180e+00 -3.746383e-01 7.695590e-01
 -1.589679e+00 -5.077886e-01 9.772003e-01
 -1.870262e+00 -5.206637e-01 1.309194e+00
 -2.043231e+00 -3.860999e-01 1.697106e+00
 -2.077138e+00 -1.217514e-01 2.053573e+00
 -1.974408e+00 2.337020e-01 2.305447e+00
 -1.751634e+00 6.116191e-01 2.402647e+00
