 -2.859313e-01 2.478386e+00 3.168565e-01
 -5.550926e-01 2.562264e+00 1.438279e-01
 -1.025004e+00 2.570542e+00 9.533585e-02
 -1.488941e+00 2.361962e+00 1.922002e-01
 -1.784564e+00 1.974750e+00 3.559131e-01
 -1.839348e+00 1.486510e+00 5.198070e-01
 -1.634895e+00 1.030653e+00 6.693526e-01
 -1.221308e+00 7.278960e-01 7.716930e-01
 -5.703231e-01 6.279967e-01 7.797797e-01
 1.204367e-02 5.080798e-01 6.731546e-01
 7.555030e-01 4.390575e-01 1.066967e+00
 1.313733e+00 4.817494e-01 1.042918e+00
 1.786194e+00 5.147221e-01 7.174595e-01
 2.003525e+00 5.772432e-01 2.186095e-01
 1.938381e+00 6.035070e-01 -3.218779e-01
 1.614707e+00 5.127601e-01 -7.645594e-01
 1.119503e+00 3.673917e-01 -9.712642e-01
 4.254371e-01 1.827123e-01 -8.583243e-01
 1.171511e-01 8.054405e-02 -9.717128e-01
 -2.043518e-01 1.270009e-01 -1.132588e+00
 -5.555798e-01 3.310405e-01 -1.238881e+00
 -8.332821e-01 6.133293e-01 -1.217658e+00
 -1.028653e+00 9.183907e-01 -1.056807e+00
 -1.115855e+00 1.194222e+00 -7.844170e-01
 -1.095732e+00 1.393347e+00 -4.182282e-01
 -8.100714e-01 1.573493e+00 3.157071e-01
 -8.270410e-01 1.719768e+00 7.165741e-01
 -9.161264e-01 2.019417e+00 9.944277e-01
 -9.192903e-01 2.508578e+00 1.135385e+00
 -8.036612e-01 2.983991e+00 1.066890e+00
 -5.625141e-01 3.345340e+00 8.302603e-01
 -2.566831e-01 3.507422e+00 4.764599e-01
 5.906918e-02 3.432242e+00 1.004730e-01
 3.144755e-01 3.137398e+00 -2.060768e-01
 4.507804e-01 2.692774e+00 -3.725033e-01
 4.473337e-01 2.200943e+00 -3.534133e-01
 3.310364e-01 1.786751e+00 -1.386271e-01
 1.998339e-01 1.566772e+00 1.865742e-01
 1.796531e-01 1.498211e+00 4.801067e-01
 1.311976e-01 1.500110e+00 9.479265e-01
 2.433358e-02 1.310967e+00 1.366973e+00
 -7.286660e-02 9.588224e-01 1.652795e+00
 -1.544486e-01 5.239299e-01 1.744078e+00
 -2.021557e-01 8.134604e-02 1.626957e+00
 -2.338273e-01 -2.769785e-01 1.317869e+00
 -2.533571e-01 -4.656090e-01 8.841169e-01
 -2.523835e-01 -4.413777e-01 1.673553e-01
 -3.563205e-01 -5.867687e-01 -2.938745e-01
 -4.014100e-01 -7.656851e-01 -7.045619e-01
 -3.664232e-01 -9.705205e-01 -1.226011e+00
 -2.864876e-01 -1.360230e+00 -1.553734e+00
 -1.748449e-01 -1.853740e+00 -1.649579e+00
 -5.321804e-02 -2.328157e+00 -1.490601e+00
 4.789769e-02 -2.660497e+00 -1.121621e+00
 6.076516e-02 -2.788329e+00 -6.388031e-01
 -2.631330e-02 -2.710096e+00 -2.382048e-01
 -1.862653e-01 -2.641252e+00 -4.079799e-02
 -3.562930e-01 -2.645456e+00 1.938579e-01
 -4.176109e-01 -2.608199e+00 6.495322e-01
 -3.040653e-01 -2.363633e+00 1.108142e+00
 -5.648145e-02 -1.966709e+00 1.375120e+00
 2.378331e-01 -1.509087e+00 1.370344e+00
 5.012403e-01 -1.121999e+00 1.093441e+00
 6.613077e-01 -9.156514e-01 6.288060e-01
 6.187081e-01 -8.988054e-01 -1.341871e-01
 6.166810e-01 -8.034055e-01 -4.375011e-01
 7.287230e-01 -7.725834e-01 -1.127113e+00
 7.091329e-01 -5.198315e-01 -1.586493e+00
 6.010095e-01 -1.087963e-01 -1.864607e+00
 4.700137e-01 3.838015e-01 -1.901125e+00
 3.366754e-01 8.224902e-01 -1.687563e+00
 1.659359e-01 1.102450e+00 -1.258632e+00
 -2.879492e-02 1.113001e+00 -7.854694e-01
 -1.994620e-01 8.950571e-01 -4.375118e-01
 -3.392365e-01 6.964227e-01 -2.941091e-01
 -1.027138e+00 1.916480e-01 -1.179796e-01
 -1.205882e+00 -5.276395e-02 8.289764e-03
 -1.288725e+00 -3.658708e-01 1.352584e-01
 -1.256300e+00 -6.925478e-01 2.405723e-01
 -1.114916e+00 -9.950312e-01 3.137536e-01
 -8.538219e-01 -1.264110e+00 3.639873e-01
 2.217955e-01 -1.815754e+00 3.740049e-01
 4.602249e-01 -2.033979e+00 4.708354e-01
 6.131119e-01 -2.432760e+00 5.637615e-01
 5.883634e-01 -2.881209e+00 5.905665e-01
 3.956905e-01 -3.293662e+00 5.081462e-01
 8.483645e-02 -3.575935e+00 3.149278e-01
 -2.827889e-01 -3.669646e+00 4.803564e-02
 -6.344181e-01 -3.551419e+00 -2.396928e-01
 -8.871009e-01 -3.242722e+00 -4.980371e-01
 -9.778664e-01 -2.806834e+00 -6.777547e-01
 -8.869843e-01 -2.344413e+00 -7.299816e-01
 -6.148203e-01 -1.968685e+00 -6.891210e-01
 -2.833373e-01 -1.801688e+00 -6.117163e-01
 1.482237e-02 -1.750910e+00 -6.298738e-01
 7.936222e-01 -1.811490e+00 -6.126046e-01
 1.235481e+00 -1.636911e+00 -5.256464e-01
 1.539787e+00 -1.290235e+00 -4.058604e-01
 1.645844e+00 -8.500868e-01 -2.553611e-01
 1.531153e+00 -4.137277e-01 -1.046247e-01
 1.141602e+00 1.895268e-02 3.122146e-02
 1.001821e+00 3.085731e-01 6.297915e-02
 9.693393e-01 5.395520e-01 4.986136e-02
 1.000248e+00 8.552856e-01 1.093255e-01
 1.201065e+00 1.381974e+00 3.268603e-01
 1.170942e+00 1.771632e+00 4.883831e-01
 9.823637e-01 2.126202e+00 5.947213e-01
 6.381548e-01 2.404576e+00 6.487428e-01
 2.435533e-01 2.515232e+00 6.270574e-01
 -8.302465e-02 2.484606e+00 5.119549e-01
