 1.740531e+00 8.729541e-01 -2.063603e-01
 1.729306e+00 1.139501e+00 -2.225619e-01
 1.615838e+00 1.438210e+00 -3.156871e-01
 1.378208e+00 1.680842e+00 -4.316149e-01
 1.096990e+00 1.821460e+00 -5.061286e-01
 7.676001e-01 1.890212e+00 -5.109504e-01
 4.299680e-01 1.860488e+00 -4.575042e-01
 1.247314e-01 1.727045e+00 -3.599739e-01
 -1.100605e-01 1.503935e+00 -2.268325e-01
 -2.438886e-01 1.217307e+00 -7.145017e-02
 -2.623244e-01 8.146314e-01 1.455626e-01
 -2.728439e-01 6.809738e-01 2.535187e-01
 -3.166613e-01 5.286044e-01 4.124724e-01
 -4.258895e-01 3.520777e-01 6.536570e-01
 -6.676246e-01 3.119684e-01 1.058829e+00
 -1.007736e+00 4.323492e-01 1.349508e+00
 -1.398942e+00 6.609591e-01 1.461573e+00
 -1.773183e+00 9.241506e-01 1.361028e+00
 -2.050599e+00 1.164950e+00 1.074488e+00
 -2.180720e+00 1.328910e+00 6.612192e-01
 -2.148799e+00 1.370781e+00 2.080139e-01
 -1.972640e+00 1.273315e+00 -2.005203e-01
 -1.679338e+00 1.062266e+00 -4.848274e-01
 -1.347510e+00 7.686227e-01 -5.877992e-01
 -1.072455e+00 4.431248e-01 -5.067485e-01
 -9.254664e-01 1.455608e-01 -2.925516e-01
 -1.058910e+00 -7.995768e-01 5.547656e-01
 -9.900761e-01 -1.288736e+00 6.932565e-01
 -8.726314e-01 -1.785385e+00 5.739110e-01
 -7.388971e-01 -2.151958e+00 2.246568e-01
 -6.225932e-01 -2.294578e+00 -2.629324e-01
 -5.744921e-01 -2.181359e+00 -7.773030e-01
 -6.331110e-01 -1.872960e+00 -1.135693e+00
 -7.886654e-01 -1.671273e+00 -1.273042e+00
 -9.504892e-01 -1.545755e+00 -1.431686e+00
 -1.043245e+00 -1.283909e+00 -1.776631e+00
 -9.620990e-01 -8.457962e-01 -2.038171e+00
 -7.492272e-01 -3.835800e-01 -2.081440e+00
 -4.811660e-01 1.094450e-02 -1.884608e+00
 -2.258152e-01 2.356003e-01 -1.493776e+00
 -4.198818e-02 2.291601e-01 -1.007888e+00
 5.152137e-02 -9.066878e-02 -3.989737e-01
 -8.815044e-04 -4.560485e-01 2.385118e-01
 -3.525811e-02 -9.771395e-01 7.976085e-01
 1.082090e-01 -1.152404e+00 1.309761e+00
 3.733006e-01 -1.076290e+00 1.780448e+00
 6.612612e-01 -7.681372e-01 2.096378e+00
 9.237116e-01 -3.186619e-01 2.174932e+00
 1.076175e+00 1.862704e-01 1.997327e+00
 1.002593e+00 6.130055e-01 1.637954e+00
 7.610725e-01 7.858817e-01 1.319277e+00
 3.996956e-01 8.649986e-01 1.162485e+00
 -1.534021e-01 1.253055e+00 1.137346e+00
 -6.410502e-01 1.353066e+00 9.519982e-01
 -1.036324e+00 1.232465e+00 6.755246e-01
 -1.245052e+00 9.401222e-01 4.551139e-01
 -1.399051e+00 6.811497e-01 4.325264e-01
 -1.654752e+00 4.786774e-01 3.860873e-01
 -1.902098e+00 2.654203e-01 1.371772e-01
 -1.973662e+00 -3.209188e-02 -2.707812e-01
 -1.789523e+00 -3.089626e-01 -6.728563e-01
 -1.396906e+00 -4.855193e-01 -9.607014e-01
 -6.726085e-01 -6.133868e-01 -1.069638e+00
 -3.763172e-01 -7.442724e-01 -1.164511e+00
 -9.822172e-02 -9.198723e-01 -1.444750e+00
 8.530069e-03 -1.279448e+00 -1.796034e+00
 -1.137912e-01 -1.696252e+00 -2.054439e+00
 -4.139554e-01 -2.098571e+00 -2.138278e+00
 -8.111942e-01 -2.386404e+00 -2.025710e+00
 -1.198787e+00 -2.503757e+00 -1.740587e+00
 -1.488505e+00 -2.431491e+00 -1.349603e+00
 -1.620261e+00 -2.185984e+00 -9.449280e-01
 -1.554648e+00 -1.842414e+00 -6.087748e-01
 -1.289519e+00 -1.497107e+00 -3.888379e-01
 -9.614136e-01 -1.299618e+00 -3.474284e-01
 -6.448180e-01 -1.256370e+00 -3.004329e-01
 9.165014e-02 -1.302654e+00 -3.358856e-01
 4.994954e-01 -1.176030e+00 -3.043841e-01
 8.140501e-01 -9.286546e-01 -2.056726e-01
 9.997584e-01 -5.913823e-01 -6.554473e-02
 1.041559e+00 -7.530567e-02 1.768242e-01
 1.126657e+00 1.528272e-01 3.558119e-01
 1.341366e+00 3.657194e-01 6.216247e-01
 1.789116e+00 5.425933e-01 7.803292e-01
 2.316161e+00 7.042772e-01 6.461939e-01
 2.689641e+00 8.628954e-01 2.265306e-01
 2.771508e+00 9.798143e-01 -3.452419e-01
 2.530867e+00 1.007832e+00 -8.883796e-01
 2.035062e+00 9.885718e-01 -1.213716e+00
 1.445720e+00 9.211515e-01 -1.215574e+00
 9.344142e-01 8.502964e-01 -8.787481e-01
 7.259513e-01 8.451097e-01 -3.671503e-01
 7.521219e-01 1.041145e+00 7.626710e-02
 8.878718e-01 1.716087e+00 7.389728e-01
 7.701706e-01 1.849731e+00 1.446958e+00
 4.923806e-01 1.544528e+00 2.018346e+00
 1.694188e-01 9.369896e-01 2.214451e+00
 1.609810e-02 2.799995e-01 1.963599e+00
 1.437912e-01 -7.905661e-02 1.498134e+00
 5.195193e-01 -1.969607e-01 1.191895e+00
 1.051791e+00 -5.355959e-01 1.110410e+00
 1.418826e+00 -6.261520e-01 9.638603e-01
 1.741871e+00 -5.875010e-01 7.377400e-01
 1.959496e+00 -4.544142e-01 4.505591e-01
 2.058295e+00 -2.282928e-01 1.255097e-01
 2.020087e+00 9.154137e-02 -1.476227e-01
 1.885963e+00 4.166621e-01 -2.749739e-01
 1.772165e+00 6.649524e-01 -2.560919e-01
