 4.243599e-01 -1.693816e+00 -2.296265e+00
 7.686830e-01 -1.827620e+00 -2.202009e+00
 1.101017e+00 -1.846407e+00 -2.027206e+00
 1.369287e+00 -1.762261e+00 -1.783371e+00
 1.542479e+00 -1.584332e+00 -1.501738e+00
 1.603877e+00 -1.324877e+00 -1.233682e+00
 1.542932e+00 -1.022712e+00 -1.016195e+00
 1.371772e+00 -7.302383e-01 -8.794872e-01
 4.703262e-01 1.389721e-02 -6.030488e-01
 3.178027e-01 2.210311e-01 -6.137243e-01
 2.080437e-01 4.963333e-01 -7.024506e-01
 1.391776e-01 8.782828e-01 -8.668454e-01
 -3.135621e-02 1.147594e+00 -1.050167e+00
 -3.388709e-01 1.355080e+00 -1.236669e+00
 -6.792241e-01 1.434868e+00 -1.350041e+00
 -1.017348e+00 1.387352e+00 -1.412589e+00
 -1.331145e+00 1.214889e+00 -1.432068e+00
 -1.609710e+00 9.073653e-01 -1.386932e+00
 -1.750863e+00 5.508601e-01 -1.285698e+00
 -1.749490e+00 1.849658e-01 -1.136033e+00
 -1.417864e+00 -5.653349e-01 -7.166786e-01
 -1.295540e+00 -7.422040e-01 -5.363280e-01
 -1.027270e+00 -9.579458e-01 -2.182559e-01
 -9.008101e-01 -1.182065e+00 -1.253428e-01
 -6.885771e-01 -1.524964e+00 -1.403580e-01
 -4.709501e-01 -1.763635e+00 -2.680441e-01
 -2.564691e-01 -1.882263e+00 -4.320970e-01
 2.157205e-02 -1.904833e+00 -6.533191e-01
 2.638547e-01 -1.811513e+00 -8.864786e-01
 4.640392e-01 -1.600168e+00 -1.135933e+00
 6.484810e-01 -1.072704e+00 -1.507837e+00
 8.090872e-01 -9.010497e-01 -1.751724e+00
 8.264654e-01 -7.149672e-01 -2.128545e+00
 6.599737e-01 -4.448993e-01 -2.456428e+00
 3.554492e-01 -1.366165e-01 -2.617775e+00
 3.142536e-03 1.750843e-01 -2.563258e+00
 -3.666443e-01 4.181885e-01 -2.280587e+00
 -6.234057e-01 4.844222e-01 -1.871726e+00
 -7.223212e-01 3.999183e-01 -1.276339e+00
 -7.743041e-01 4.489207e-01 -9.993182e-01
 -8.389172e-01 5.609496e-01 -8.097453e-01
 -9.376037e-01 8.805667e-01 -5.081900e-01
 -9.958724e-01 1.041058e+00 -1.727961e-01
 -1.074003e+00 1.066748e+00 1.851014e-01
 -1.077429e+00 1.007782e+00 4.436913e-01
 -1.032590e+00 8.674870e-01 6.736653e-01
 -1.018383e+00 6.195926e-01 8.839068e-01
 -1.100555e+00 3.778160e-01 1.021604e+00
 -1.234627e+00 1.940531e-02 1.068232e+00
 -1.387581e+00 -3.153255e-01 9.865329e-01
 -1.857666e+00 -1.215467e+00 3.213035e-01
 -1.882221e+00 -1.497597e+00 -2.352336e-02
 -1.749218e+00 -1.687723e+00 -4.056532e-01
 -1.502352e+00 -1.734167e+00 -7.653179e-01
 -1.183831e+00 -1.637876e+00 -1.035476e+00
 -8.422676e-01 -1.426706e+00 -1.162367e+00
 -5.224713e-01 -1.159378e+00 -1.109658e+00
 -2.588659e-01 -9.261293e-01 -8.799345e-01
 -8.875905e-02 -8.679265e-01 -6.629736e-01
 1.469261e-01 -9.408310e-01 -3.201711e-01
 3.690096e-01 -1.227744e+00 1.877966e-01
 5.265452e-01 -1.277026e+00 5.151747e-01
 7.007466e-01 -1.203011e+00 8.168792e-01
 8.618779e-01 -1.016102e+00 1.064149e+00
 1.006199e+00 -7.314976e-01 1.230348e+00
 1.132795e+00 -4.388161e-01 1.269385e+00
 1.247184e+00 -2.739225e-01 1.228727e+00
 1.381803e+00 -1.280459e-01 1.208793e+00
 1.531649e+00 1.240428e-01 1.264463e+00
 1.594629e+00 4.716882e-01 1.365880e+00
 1.527892e+00 8.057397e-01 1.471555e+00
 1.343290e+00 1.099895e+00 1.553979e+00
 1.062527e+00 1.317179e+00 1.602047e+00
 7.128940e-01 1.434937e+00 1.603657e+00
 3.513372e-01 1.427392e+00 1.568490e+00
 -1.175438e-01 1.241833e+00 1.484193e+00
 -4.061448e-01 1.248693e+00 1.460246e+00
 -8.852534e-01 1.364209e+00 1.575850e+00
 -1.274857e+00 1.349986e+00 1.559235e+00
 -1.629056e+00 1.242897e+00 1.430491e+00
 -1.894079e+00 1.060598e+00 1.206928e+00
 -2.031053e+00 8.316289e-01 9.195691e-01
 -2.019531e+00 5.925287e-01 6.102423e-01
 -1.845037e+00 3.443972e-01 3.025017e-01
 -1.562053e+00 1.800923e-01 1.026802e-01
 -1.292992e+00 8.375587e-02 4.598594e-02
 -8.485383e-01 1.153511e-02 7.243530e-02
 -4.373015e-01 2.189481e-01 1.256659e-01
 -1.580414e-01 5.797662e-01 2.308126e-01
 -6.716948e-02 9.566858e-01 3.098292e-01
 -1.327928e-01 1.774829e+00 6.107650e-01
 -1.880211e-01 2.061082e+00 8.670464e-01
 -2.527632e-01 2.230603e+00 1.211497e+00
 -2.937631e-01 2.263810e+00 1.579585e+00
 -3.005955e-01 2.167337e+00 1.932530e+00
 -2.945092e-01 1.954599e+00 2.217710e+00
 -2.929359e-01 1.646444e+00 2.410141e+00
 -3.162690e-01 1.280290e+00 2.485552e+00
 -3.467881e-01 9.346663e-01 2.435012e+00
 -3.669246e-01 6.269354e-01 2.270507e+00
 -3.573478e-01 6.745664e-02 1.659340e+00
 -2.374595e-01 -1.637595e-01 1.284550e+00
 4.903214e-02 -2.946058e-01 8.510411e-01
 6.414560e-01 -2.505096e-01 3.547183e-01
 1.117591e+00 -4.495777e-01 2.359872e-01
 1.449508e+00 -6.496080e-01 3.001465e-01
 1.753690e+00 -8.183079e-01 5.291910e-01
 1.959499e+00 -9.137729e-01 8.721141e-01
 2.048189e+00 -9.088176e-01 1.270779e+00
 2.010332e+00 -8.025873e-01 1.660050e+00
 1.853708e+00 -6.152393e-01 1.978893e+00
 1.605842e+00 -3.769816e-01 2.179986e+00
 1.307551e+00 -1.270610e-01 2.236179e+00
 1.007222e+00 9.827211e-02 2.145451e+00
 7.572863e-01 2.706312e-01 1.932837e+00
 6.073439e-01 3.964005e-01 1.641700e+00
 5.713421e-01 4.443073e-01 1.412728e+00
 5.828932e-01 4.893227e-01 1.236772e+00
 6.309751e-01 5.830221e-01 1.040031e+00
 8.603162e-01 7.047759e-01 6.055941e-01
 1.189789e+00 7.359633e-01 -5.152041e-01
 1.200210e+00 7.059674e-01 -8.048142e-01
 1.136441e+00 6.365478e-01 -1.091676e+00
 1.024317e+00 5.366368e-01 -1.310674e+00
 8.602091e-01 4.169079e-01 -1.476795e+00
 6.443873e-01 2.646106e-01 -1.587690e+00
 4.645230e-01 1.383802e-01 -1.616721e+00
 1.215069e-01 -1.769449e-01 -1.578210e+00
 -3.786640e-02 -3.404898e-01 -1.660787e+00
 -1.596916e-01 -5.253382e-01 -1.820179e+00
 -2.006156e-01 -8.395455e-01 -2.024258e+00
 -1.000781e-01 -1.160750e+00 -2.200006e+00
 1.201621e-01 -1.462071e+00 -2.295046e+00
