 1.396473e-03 -3.603807e-01 6.357514e-01
 3.550431e-01 -6.320575e-01 1.189597e+00
 6.776351e-01 -6.408958e-01 1.497163e+00
 1.063766e+00 -5.108700e-01 1.683962e+00
 1.439680e+00 -2.988302e-01 1.695797e+00
 1.730875e+00 -4.544042e-03 1.556837e+00
 1.863258e+00 3.612173e-01 1.330032e+00
 1.807801e+00 6.814383e-01 1.096976e+00
 1.587089e+00 9.605947e-01 6.717376e-01
 1.630428e+00 1.218280e+00 2.885673e-01
 1.814181e+00 1.275500e+00 -1.327230e-01
 1.985863e+00 1.060136e+00 -5.938703e-01
 2.055350e+00 6.572678e-01 -8.979635e-01
 1.950562e+00 2.156506e-01 -1.036298e+00
 1.690784e+00 -2.035804e-01 -9.956284e-01
 1.390856e+00 -5.160633e-01 -7.430414e-01
 1.038723e+00 -6.244863e-01 -3.605586e-01
 8.174521e-01 -7.698408e-01 -2.105290e-01
 6.547791e-01 -9.763469e-01 -9.628913e-02
 2.269628e-01 -1.710692e+00 4.644589e-02
 -2.970827e-01 -2.023292e+00 -1.400359e-02
 -7.898807e-01 -2.032797e+00 -1.437417e-01
 -1.111349e+00 -1.840649e+00 -3.518601e-01
 -1.250633e+00 -1.755205e+00 -6.022945e-01
 -1.482809e+00 -1.735186e+00 -8.453445e-01
 -1.894452e+00 -1.561288e+00 -1.001961e+00
 -2.261635e+00 -1.158861e+00 -1.002048e+00
 -2.394043e+00 -6.503112e-01 -8.847329e-01
 -2.259802e+00 -1.703898e-01 -7.009686e-01
 -1.914281e+00 1.406759e-01 -5.010927e-01
 -1.463994e+00 2.566431e-01 -4.202306e-01
 -1.064318e+00 2.428286e-01 -5.346081e-01
 -8.154308e-01 3.020226e-01 -7.334735e-01
 -5.461945e-01 4.858744e-01 -1.054503e+00
 -2.430713e-01 6.216624e-01 -1.216284e+00
 9.342265e-02 6.824703e-01 -1.279104e+00
 4.222847e-01 6.898781e-01 -1.231160e+00
 7.564026e-01 6.708549e-01 -1.051403e+00
 9.952688e-01 6.116762e-01 -7.868604e-01
 1.166068e+00 4.596588e-01 -3.929462e-01
 1.366235e+00 3.369247e-01 -1.576324e-01
 1.726548e+00 2.034310e-01 -2.416451e-02
 2.145679e+00 2.937438e-01 1.093581e-01
 2.481524e+00 5.884692e-01 2.655562e-01
 2.627407e+00 9.622314e-01 4.748626e-01
 2.571253e+00 1.339863e+00 7.347372e-01
 2.317509e+00 1.660396e+00 9.551849e-01
 1.917977e+00 1.863739e+00 1.080306e+00
 1.453773e+00 1.904317e+00 1.088695e+00
 1.022184e+00 1.770667e+00 9.834923e-01
 4.798276e-01 1.256883e+00 7.046855e-01
 1.358069e-01 8.970723e-01 7.216426e-01
 7.788656e-03 7.646289e-01 8.071841e-01
 -2.493502e-01 5.445212e-01 1.176128e+00
 -4.404922e-01 2.118144e-01 1.385864e+00
 -6.802434e-01 -1.848767e-01 1.399833e+00
 -8.420124e-01 -5.978714e-01 1.199865e+00
 -8.646436e-01 -9.190535e-01 8.507503e-01
 -7.750047e-01 -1.074371e+00 4.056520e-01
 -4.879893e-01 -1.005462e+00 -2.650350e-01
 -3.951955e-01 -1.145129e+00 -6.172935e-01
 -2.935137e-01 -1.538084e+00 -9.432339e-01
 -3.932575e-01 -2.023407e+00 -1.113599e+00
 -6.737777e-01 -2.458182e+00 -1.096223e+00
 -1.082908e+00 -2.733406e+00 -9.104689e-01
 -1.528849e+00 -2.762181e+00 -6.196341e-01
 -1.889030e+00 -2.532013e+00 -3.006789e-01
 -2.082105e+00 -2.094530e+00 -6.197305e-02
 -2.050012e+00 -1.564742e+00 3.698588e-02
 -1.817103e+00 -1.081474e+00 -5.566161e-02
 -1.528746e+00 -8.174294e-01 -3.121919e-01
 -1.367547e+00 -7.336771e-01 -6.586510e-01
 -1.351729e+00 -6.429471e-01 -9.744798e-01
 -1.433623e+00 -3.355282e-01 -1.314482e+00
 -1.523911e+00 1.637228e-01 -1.478552e+00
 -1.550387e+00 6.893723e-01 -1.367712e+00
 -1.432575e+00 1.083553e+00 -1.062588e+00
 -1.196815e+00 1.274812e+00 -6.245410e-01
 -8.790436e-01 1.172408e+00 -8.751658e-03
 -7.697445e-01 1.231853e+00 2.371126e-01
 -6.794237e-01 1.541526e+00 7.960358e-01
 -3.954793e-01 1.616969e+00 1.257518e+00
 -2.487165e-02 1.485291e+00 1.595217e+00
 3.335361e-01 1.197294e+00 1.738346e+00
 6.325466e-01 8.549903e-01 1.658576e+00
 8.064185e-01 5.087497e-01 1.411237e+00
 8.810674e-01 2.416231e-01 1.004093e+00
 1.046830e+00 3.072108e-02 7.793947e-01
 1.542660e+00 -8.771080e-01 5.218669e-01
 1.620930e+00 -1.262718e+00 2.253637e-01
 1.538122e+00 -1.520435e+00 -1.849727e-01
 1.301251e+00 -1.600779e+00 -6.123972e-01
 9.635346e-01 -1.488458e+00 -9.467881e-01
 6.483992e-01 -1.193756e+00 -1.144680e+00
 3.962955e-01 -7.724346e-01 -1.162670e+00
 2.042839e-01 -3.773240e-01 -9.463096e-01
 1.696727e-01 9.396252e-02 -4.227892e-01
 1.183198e-01 4.881914e-01 -2.461663e-01
 7.181057e-02 1.411400e+00 -3.259785e-01
 -1.059534e-01 1.780507e+00 -3.249649e-01
 -4.043093e-01 2.060082e+00 -2.484136e-01
 -8.016535e-01 2.205369e+00 -1.094413e-01
 -1.178173e+00 2.174355e+00 4.615196e-02
 -1.495607e+00 1.984415e+00 2.023126e-01
 -1.705512e+00 1.663789e+00 3.636373e-01
 -1.762406e+00 1.253056e+00 5.195470e-01
 -1.649253e+00 8.435675e-01 6.024774e-01
 -1.390524e+00 5.033253e-01 6.034555e-01
 -5.652249e-01 -3.078741e-02 3.579683e-01
 -2.181455e-01 -2.032049e-01 4.646806e-01
