 -4.787556e-01 1.408084e+00 -1.917270e+00
 -3.564123e-01 1.672000e+00 -1.551400e+00
 -2.140846e-01 1.731723e+00 -1.156668e+00
 -2.976777e-02 1.619543e+00 -8.260581e-01
 2.464817e-01 1.480369e+00 -6.430682e-01
 1.035269e+00 1.431265e+00 -2.849063e-01
 1.292513e+00 1.328910e+00 -8.757700e-02
 1.470548e+00 1.151799e+00 1.414856e-01
 1.556414e+00 9.071990e-01 3.603191e-01
 1.536021e+00 6.255229e-01 5.533455e-01
 1.102189e+00 -2.703688e-01 1.085732e+00
 8.335902e-01 -5.281854e-01 1.204718e+00
 5.116293e-01 -8.567044e-01 1.152209e+00
 3.831959e-01 -1.057140e+00 1.020610e+00
 3.256222e-01 -1.311633e+00 7.986003e-01
 2.394714e-01 -1.441712e+00 4.495746e-01
 1.533268e-01 -1.422096e+00 7.988867e-02
 1.031314e-01 -1.248245e+00 -3.048673e-01
 8.779610e-02 -9.688179e-01 -5.684234e-01
 1.636896e-01 -5.571897e-01 -7.544070e-01
 2.508814e-01 -3.222391e-01 -9.449578e-01
 3.053276e-01 -2.300615e-01 -1.099741e+00
 4.519693e-01 -1.591360e-01 -1.575175e+00
 5.042481e-01 1.400954e-01 -2.453689e+00
 3.770939e-01 3.006977e-01 -2.798787e+00
 1.117947e-01 4.552259e-01 -3.064819e+00
 -2.558340e-01 5.754090e-01 -3.207949e+00
 -6.711522e-01 6.361275e-01 -3.200253e+00
 -1.061914e+00 6.199871e-01 -3.038294e+00
 -1.355254e+00 5.553496e-01 -2.734121e+00
 -1.498692e+00 4.491121e-01 -2.322267e+00
 -1.446906e+00 2.918809e-01 -1.897396e+00
 -1.224490e+00 7.674134e-02 -1.571298e+00
 -9.516060e-01 -9.636642e-02 -1.439008e+00
 -7.173920e-01 -2.819590e-01 -1.419360e+00
 -3.911005e-01 -8.504772e-01 -1.574930e+00
 4.747614e-02 -1.126128e+00 -1.621165e+00
 5.017737e-01 -1.201492e+00 -1.510744e+00
 9.126373e-01 -1.074364e+00 -1.260266e+00
 1.197748e+00 -7.348476e-01 -9.564165e-01
 1.256826e+00 -3.223134e-01 -7.122126e-01
 1.019645e+00 2.358609e-01 -4.010619e-01
 6.249555e-01 5.737860e-01 8.051412e-02
 5.684763e-01 6.975498e-01 2.516566e-01
 4.184409e-01 1.144988e+00 5.978351e-01
 8.635827e-02 1.332202e+00 1.004476e+00
 -2.104748e-01 1.234910e+00 1.441527e+00
 -4.178049e-01 8.644061e-01 1.810310e+00
 -4.375822e-01 3.326153e-01 1.980778e+00
 -2.052191e-01 -1.284342e-01 1.996682e+00
 1.397679e-01 -3.327849e-01 1.994154e+00
 4.237896e-01 -4.352395e-01 2.119583e+00
 6.226041e-01 -5.969191e-01 2.333792e+00
 7.236487e-01 -8.709571e-01 2.584946e+00
 6.927350e-01 -1.182758e+00 2.787647e+00
 5.635274e-01 -1.515511e+00 2.893495e+00
 3.706528e-01 -1.843376e+00 2.872052e+00
 1.440202e-01 -2.109865e+00 2.723913e+00
 -1.117952e-01 -2.272188e+00 2.476854e+00
 -3.600157e-01 -2.296860e+00 2.171582e+00
 -5.582779e-01 -2.179550e+00 1.849380e+00
 -6.710476e-01 -1.939299e+00 1.555818e+00
 -6.443566e-01 -9.285748e-01 7.887053e-01
 -3.624852e-01 -5.864453e-01 4.579115e-01
 3.526915e-02 -4.250058e-01 3.048192e-01
 3.665741e-01 -4.035290e-01 2.467810e-01
 6.699420e-01 -5.398524e-01 1.799890e-01
 1.025474e+00 -8.082852e-01 2.013679e-01
 1.322615e+00 -1.174803e+00 5.292546e-01
 1.346081e+00 -1.484747e+00 1.008904e+00
 1.063745e+00 -1.693608e+00 1.493762e+00
 5.939714e-01 -1.688258e+00 1.815862e+00
 6.987909e-02 -1.383417e+00 1.982676e+00
 -1.995572e-01 -1.257570e+00 2.247261e+00
 -3.047314e-01 -1.062746e+00 2.562298e+00
 -2.587313e-01 -7.073452e-01 2.874749e+00
 -8.781758e-02 -3.079390e-01 3.017360e+00
 1.206173e-01 8.891057e-02 2.956990e+00
 3.472955e-01 4.090298e-01 2.706399e+00
 5.248905e-01 5.793371e-01 2.315158e+00
 5.891978e-01 5.780667e-01 1.838514e+00
 4.850871e-01 4.604220e-01 1.444426e+00
 2.494975e-01 3.087902e-01 1.185416e+00
 -4.119476e-02 2.810884e-01 1.020862e+00
 -8.983016e-01 4.251239e-01 7.194350e-01
 -1.187543e+00 5.176839e-01 4.691902e-01
 -1.351915e+00 6.278914e-01 1.593490e-01
 -1.387197e+00 7.400586e-01 -1.749539e-01
 -1.297767e+00 8.085016e-01 -5.115972e-01
 -1.079001e+00 8.325918e-01 -8.233634e-01
 -7.753179e-01 8.178199e-01 -1.036445e+00
 -1.576804e-01 6.703242e-01 -1.222961e+00
 2.490280e-01 8.273352e-01 -1.441255e+00
 5.298260e-01 1.131304e+00 -1.573819e+00
 7.246744e-01 1.556819e+00 -1.558307e+00
 7.800109e-01 1.986925e+00 -1.376863e+00
 7.019755e-01 2.322527e+00 -1.059854e+00
 5.195375e-01 2.488255e+00 -6.615578e-01
 2.575167e-01 2.456391e+00 -2.754695e-01
 -3.551493e-02 2.237082e+00 1.486234e-02
 -2.968924e-01 1.876853e+00 1.501765e-01
 -4.558111e-01 1.440949e+00 1.172802e-01
 -3.613037e-01 6.572739e-01 -1.218538e-01
 -3.776096e-01 4.772378e-01 -1.559632e-01
 -4.969609e-01 2.302617e-01 -2.371686e-01
 -1.157107e+00 -5.599273e-01 -5.277872e-01
 -1.383472e+00 -8.197594e-01 -8.343177e-01
 -1.499352e+00 -9.529952e-01 -1.260405e+00
 -1.482921e+00 -9.310262e-01 -1.735430e+00
 -1.340146e+00 -7.818459e-01 -2.121075e+00
 -1.071848e+00 -5.541257e-01 -2.380470e+00
 -7.793760e-01 -2.841737e-01 -2.456556e+00
 -5.431759e-01 2.227262e-02 -2.372939e+00
 -4.693305e-01 3.541953e-01 -2.219943e+00
 -5.199950e-01 1.016517e+00 -2.144323e+00
