 -1.887723e+00 -1.080118e+00 1.264040e+00
 -1.784548e+00 -6.468434e-01 1.358088e+00
 -1.526945e+00 -2.946178e-01 1.369812e+00
 -1.195008e+00 -1.026473e-01 1.325409e+00
 -8.851489e-01 -7.302062e-02 1.304679e+00
 -6.603421e-01 -8.220026e-02 1.363484e+00
 -4.073471e-01 -9.533906e-03 1.458765e+00
 -1.229094e-01 1.251251e-01 1.446585e+00
 1.986187e-01 2.426254e-01 1.304902e+00
 5.066065e-01 3.207324e-01 1.016683e+00
 7.190965e-01 3.770879e-01 8.859607e-01
 9.108486e-01 4.283095e-01 8.331209e-01
 1.117097e+00 4.755356e-01 8.352839e-01
 1.566525e+00 5.174234e-01 9.120434e-01
 2.063984e+00 5.008404e-01 7.497726e-01
 2.400910e+00 5.058755e-01 4.016885e-01
 2.530570e+00 4.854944e-01 -4.109291e-02
 2.437162e+00 4.026652e-01 -5.260587e-01
 2.154234e+00 3.044637e-01 -8.918718e-01
 1.749385e+00 2.098361e-01 -1.087159e+00
 1.205030e+00 1.757653e-01 -1.097688e+00
 8.917070e-01 2.194222e-01 -1.170939e+00
 6.791777e-01 2.859795e-01 -1.303173e+00
 4.127506e-01 5.215137e-01 -1.584949e+00
 1.019211e-01 6.937041e-01 -1.709062e+00
 -2.782388e-01 7.793859e-01 -1.738127e+00
 -6.805682e-01 7.592537e-01 -1.658367e+00
 -9.774344e-01 6.577180e-01 -1.483488e+00
 -1.168206e+00 4.760857e-01 -1.290003e+00
 -1.273718e+00 2.384099e-01 -1.183347e+00
 -1.394955e+00 3.711104e-02 -1.158077e+00
 -1.644318e+00 -1.684961e-01 -1.066344e+00
 -1.844052e+00 -3.462678e-01 -8.276910e-01
 -1.925291e+00 -5.487715e-01 -4.812217e-01
 -1.840693e+00 -7.298713e-01 -1.072569e-01
 -1.594940e+00 -8.333919e-01 2.508602e-01
 -1.274758e+00 -8.398741e-01 4.781571e-01
 -1.151063e+00 -8.580059e-01 5.798102e-01
 -1.028415e+00 -8.956595e-01 7.099464e-01
 -9.439132e-01 -9.717723e-01 8.521589e-01
 -8.925934e-01 -1.038851e+00 1.008714e+00
 -8.564995e-01 -1.078205e+00 1.226908e+00
 -8.592398e-01 -1.069990e+00 1.508868e+00
 -8.824338e-01 -9.733305e-01 1.790601e+00
 -9.224196e-01 -7.956175e-01 2.035138e+00
 -9.608494e-01 -5.251504e-01 2.227580e+00
 -9.785285e-01 -1.796570e-01 2.326521e+00
 -9.877259e-01 2.102671e-01 2.289692e+00
 -9.695908e-01 5.879026e-01 2.087783e+00
 -8.873692e-01 8.654078e-01 1.729824e+00
 -7.515879e-01 9.521936e-01 1.264912e+00
 -5.840921e-01 7.855401e-01 7.919617e-01
 -4.282783e-01 3.801046e-01 4.681721e-01
 -2.242838e-01 -1.341910e-01 4.167625e-01
 1.674539e-01 -1.047843e+00 9.672481e-01
 5.739687e-01 -1.453162e+00 9.936925e-01
 1.148744e+00 -1.595469e+00 9.075242e-01
 1.658175e+00 -1.423014e+00 7.244667e-01
 1.973887e+00 -9.912787e-01 4.016320e-01
 1.945043e+00 -4.717364e-01 9.509754e-02
 1.597520e+00 2.844852e-02 -5.387861e-02
 1.497976e+00 2.884033e-01 -9.508866e-02
 1.492679e+00 5.212959e-01 -1.278553e-01
 1.581321e+00 9.425583e-01 -8.339819e-02
 1.507081e+00 1.340873e+00 -4.158398e-02
 1.325788e+00 1.666093e+00 -6.476648e-02
 1.055887e+00 1.903756e+00 -1.454467e-01
 7.204140e-01 2.011719e+00 -2.520351e-01
 3.495347e-01 1.978345e+00 -3.792733e-01
 -8.350658e-03 1.787796e+00 -5.058791e-01
 -2.512877e-01 1.485252e+00 -6.041870e-01
 -3.609468e-01 1.106691e+00 -6.702116e-01
 -2.954509e-01 5.269789e-01 -7.310307e-01
 -2.763958e-01 2.237109e-01 -8.683900e-01
 -2.953980e-01 -9.171885e-05 -1.067363e+00
 -3.457096e-01 -1.596625e-01 -1.321381e+00
 -5.089118e-01 -2.534239e-01 -1.640445e+00
 -7.594366e-01 -2.465120e-01 -1.918419e+00
 -1.076928e+00 -1.430494e-01 -2.116152e+00
 -1.431637e+00 3.386802e-02 -2.181729e+00
 -1.777114e+00 2.442177e-01 -2.086633e+00
 -2.050073e+00 4.584283e-01 -1.829374e+00
 -2.186224e+00 6.439736e-01 -1.438785e+00
 -2.152555e+00 7.330723e-01 -9.755577e-01
 -1.948773e+00 6.742312e-01 -5.374050e-01
 -1.603469e+00 4.589701e-01 -2.242428e-01
 -1.204388e+00 1.354381e-01 -1.475961e-01
 -9.132801e-01 -2.904954e-01 -2.922043e-01
 -8.894540e-01 -9.195660e-01 -7.731388e-01
 -6.254017e-01 -1.284809e+00 -1.028547e+00
 -1.831249e-01 -1.615883e+00 -1.062009e+00
 3.010487e-01 -1.772324e+00 -8.592423e-01
 7.289864e-01 -1.664207e+00 -5.230989e-01
 9.775013e-01 -1.327739e+00 -1.760247e-01
 9.524290e-01 -8.302053e-01 2.083478e-01
 9.700929e-01 -6.750980e-01 4.153872e-01
 1.035325e+00 -5.776054e-01 6.253260e-01
 1.154713e+00 -5.383311e-01 1.046180e+00
 1.180742e+00 -3.848866e-01 1.391207e+00
 1.155864e+00 -9.930657e-02 1.683734e+00
 1.115804e+00 2.338475e-01 1.832276e+00
 1.047487e+00 5.741680e-01 1.848058e+00
 9.247485e-01 9.164062e-01 1.734027e+00
 7.933182e-01 1.185255e+00 1.505847e+00
 6.745214e-01 1.343331e+00 1.215582e+00
 5.724594e-01 1.389099e+00 8.784008e-01
 5.022626e-01 1.314489e+00 5.413057e-01
 5.046116e-01 1.066389e+00 9.986381e-02
 5.805130e-01 9.720098e-01 -2.932514e-01
 6.541104e-01 1.005546e+00 -5.188086e-01
 9.159458e-01 1.222766e+00 -9.331240e-01
 1.184075e+00 1.200360e+00 -1.327354e+00
 1.331550e+00 1.003991e+00 -1.710242e+00
 1.366022e+00 6.733338e-01 -1.993663e+00
 1.303723e+00 2.228047e-01 -2.125956e+00
 1.151650e+00 -2.121131e-01 -2.072747e+00
 9.519397e-01 -5.418394e-01 -1.860964e+00
 7.269192e-01 -7.255521e-01 -1.535586e+00
 2.670311e-01 -7.449306e-01 -6.998245e-01
 1.585895e-01 -7.911569e-01 -5.297870e-01
 5.849314e-02 -8.798463e-01 -3.615416e-01
 -1.235311e-02 -1.001957e+00 -2.312650e-01
 -1.373039e-01 -1.191898e+00 -1.082138e-01
 -8.577788e-01 -1.780492e+00 2.127923e-01
 -1.250796e+00 -1.876451e+00 4.666494e-01
 -1.592166e+00 -1.767717e+00 7.875089e-01
 -1.812834e+00 -1.483959e+00 1.073772e+00
