 -3.665254e-01 2.149370e+00 4.297946e-01
 -6.377302e-01 2.109442e+00 6.355985e-01
 -8.823586e-01 1.948625e+00 8.253503e-01
 -1.092152e+00 1.661753e+00 9.778618e-01
 -1.196197e+00 1.343549e+00 1.058959e+00
 -1.206586e+00 1.002653e+00 1.075552e+00
 -1.124255e+00 6.776048e-01 1.027734e+00
 -9.603842e-01 4.042578e-01 9.227413e-01
 -3.130567e-01 -1.694181e-01 4.521349e-01
 -1.598599e-01 -3.864029e-01 3.596921e-01
 -3.232343e-02 -5.749740e-01 3.447101e-01
 1.268513e-01 -8.616619e-01 4.303231e-01
 1.525143e-01 -1.231986e+00 6.011003e-01
 -5.158916e-03 -1.588782e+00 7.805023e-01
 -3.130467e-01 -1.857863e+00 9.029656e-01
 -6.658825e-01 -2.001681e+00 9.244515e-01
 -1.047033e+00 -2.055366e+00 8.234689e-01
 -1.385373e+00 -1.990233e+00 6.344315e-01
 -1.642710e+00 -1.804546e+00 4.010701e-01
 -1.778732e+00 -1.530855e+00 1.566797e-01
 -1.775602e+00 -1.214614e+00 -6.247460e-02
 -1.566799e+00 -7.852229e-01 -3.436512e-01
 -1.487334e+00 -5.913079e-01 -5.839095e-01
 -1.487001e+00 -4.634865e-01 -8.484446e-01
 -1.639282e+00 -3.483474e-01 -1.317732e+00
 -1.620884e+00 -2.715858e-01 -1.664476e+00
 -1.485238e+00 -1.562436e-01 -1.978172e+00
 -1.261002e+00 -2.028001e-03 -2.209131e+00
 -9.749123e-01 1.524235e-01 -2.331493e+00
 -6.498643e-01 2.737443e-01 -2.340319e+00
 -3.197612e-01 3.336649e-01 -2.244890e+00
 -1.758351e-02 3.195920e-01 -2.056687e+00
 2.050180e-01 2.510844e-01 -1.793105e+00
 3.246941e-01 1.404471e-01 -1.482685e+00
 3.307122e-01 -8.798218e-02 -9.574314e-01
 3.723695e-01 -1.662139e-01 -7.027807e-01
 4.467133e-01 -2.412394e-01 -5.578669e-01
 5.967565e-01 -3.527164e-01 -4.088965e-01
 9.551467e-01 -6.909699e-01 -1.294185e-01
 1.116940e+00 -8.328292e-01 1.135151e-01
 1.302031e+00 -8.691310e-01 4.275848e-01
 1.452553e+00 -7.762846e-01 7.542545e-01
 1.545524e+00 -5.642412e-01 1.045968e+00
 1.577207e+00 -2.754173e-01 1.244585e+00
 1.579979e+00 4.461866e-02 1.315948e+00
 1.645188e+00 2.831574e-01 1.286160e+00
 1.755942e+00 4.980651e-01 1.301540e+00
 1.814896e+00 7.695637e-01 1.406078e+00
 1.753057e+00 1.094144e+00 1.543074e+00
 1.589066e+00 1.368903e+00 1.632217e+00
 1.327154e+00 1.615060e+00 1.649514e+00
 1.022382e+00 1.766263e+00 1.606739e+00
 6.956505e-01 1.818154e+00 1.505605e+00
 3.829768e-01 1.760967e+00 1.359327e+00
 1.257740e-01 1.600338e+00 1.189582e+00
 -1.070629e-01 1.275496e+00 9.087937e-01
 -2.994229e-01 1.121369e+00 6.159758e-01
 -4.785657e-01 1.117660e+00 3.568026e-01
 -7.660008e-01 1.274264e+00 3.260556e-02
 -9.038702e-01 1.321945e+00 -2.182298e-01
 -1.016627e+00 1.288843e+00 -5.010195e-01
 -1.089194e+00 1.166635e+00 -7.887159e-01
 -1.101619e+00 9.608024e-01 -1.034951e+00
 -1.038586e+00 7.082898e-01 -1.218659e+00
 -9.020111e-01 4.190903e-01 -1.327451e+00
 -6.906041e-01 3.129511e-02 -1.343268e+00
 -6.241569e-01 -2.337839e-01 -1.436000e+00
 -5.034355e-01 -5.628737e-01 -1.732904e+00
 -4.349672e-01 -8.476002e-01 -1.857694e+00
 -3.742187e-01 -1.160253e+00 -1.886349e+00
 -3.180792e-01 -1.517738e+00 -1.803755e+00
 -2.749346e-01 -1.791766e+00 -1.621555e+00
 -2.503465e-01 -1.989000e+00 -1.349694e+00
 -2.796997e-01 -2.097850e+00 -1.019717e+00
 -3.629592e-01 -2.099366e+00 -6.786595e-01
 -4.779548e-01 -1.983959e+00 -3.593783e-01
 -6.061268e-01 -1.763305e+00 -1.036198e-01
 -7.488944e-01 -1.404771e+00 8.840391e-02
 -8.039824e-01 -1.238034e+00 2.422462e-01
 -8.807503e-01 -1.112686e+00 4.608766e-01
 -8.640973e-01 -1.007623e+00 7.428146e-01
 -7.408567e-01 -9.090965e-01 1.008896e+00
 -5.552644e-01 -8.073176e-01 1.208859e+00
 -3.428630e-01 -6.919233e-01 1.326113e+00
 -7.871533e-02 -5.332501e-01 1.371316e+00
 1.481987e-01 -3.771936e-01 1.333389e+00
 3.758896e-01 -2.316834e-01 1.211650e+00
 5.747985e-01 -1.218286e-01 1.017784e+00
 7.866900e-01 1.407624e-03 6.436132e-01
 1.066900e+00 1.363297e-01 4.438246e-01
 1.380102e+00 1.495744e-01 3.161355e-01
 1.692334e+00 1.114238e-01 2.883620e-01
 2.010848e+00 4.826753e-02 3.689937e-01
 2.291160e+00 -1.418165e-02 5.615231e-01
 2.493776e+00 -6.138820e-02 8.441134e-01
 2.590242e+00 -8.782158e-02 1.186331e+00
 2.571133e+00 -7.031632e-02 1.540981e+00
 2.440001e+00 -8.672482e-03 1.864361e+00
 2.211209e+00 8.750437e-02 2.118056e+00
 1.912240e+00 2.093766e-01 2.270722e+00
 1.576171e+00 3.405815e-01 2.302031e+00
 1.247950e+00 4.662787e-01 2.204162e+00
 9.802273e-01 5.896833e-01 1.991292e+00
 8.147772e-01 7.053925e-01 1.691833e+00
 7.743010e-01 7.981706e-01 1.364831e+00
 8.459134e-01 8.893377e-01 1.115865e+00
 9.414767e-01 1.008743e+00 9.220156e-01
 1.309460e+00 1.321472e+00 5.575967e-01
 1.437674e+00 1.495769e+00 1.862246e-01
 1.405841e+00 1.601273e+00 -2.486909e-01
 1.219768e+00 1.637345e+00 -6.202359e-01
 9.307749e-01 1.585253e+00 -8.899051e-01
 5.874226e-01 1.429108e+00 -1.037542e+00
 2.196507e-01 1.176056e+00 -1.035698e+00
 -5.629371e-02 9.045905e-01 -8.831313e-01
 -2.390588e-01 6.482035e-01 -5.871775e-01
 -3.957198e-01 4.530473e-01 -4.418127e-01
 -5.410640e-01 3.680679e-01 -3.745547e-01
 -9.600710e-01 2.881766e-01 -2.759226e-01
 -1.488455e+00 3.552238e-01 -2.120959e-01
 -1.824208e+00 3.086610e-01 -2.464072e-01
 -2.124407e+00 1.623897e-01 -3.290118e-01
 -2.350061e+00 -6.370147e-02 -4.500678e-01
 -2.477371e+00 -3.419370e-01 -5.961314e-01
 -2.495039e+00 -6.521092e-01 -7.563561e-01
 -2.408371e+00 -9.336359e-01 -9.046258e-01
 -2.242015e+00 -1.152776e+00 -1.027138e+00
 -2.009386e+00 -1.313611e+00 -1.106956e+00
 -1.669654e+00 -1.429489e+00 -1.140742e+00
 -1.341580e+00 -1.446746e+00 -1.118223e+00
 -1.030800e+00 -1.370354e+00 -1.050643e+00
 -6.446087e-01 -1.131455e+00 -8.995221e-01
 -2.449247e-01 -1.081779e+00 -8.527752e-01
 3.584429e-01 -1.114042e+00 -1.065022e+00
 6.615965e-01 -1.031541e+00 -1.165860e+00
 9.346787e-01 -8.581467e-01 -1.224653e+00
 1.142184e+00 -6.301040e-01 -1.222958e+00
 1.286100e+00 -3.657129e-01 -1.152317e+00
 1.343445e+00 -7.167839e-02 -1.033640e+00
 1.305244e+00 2.095392e-01 -8.784596e-01
 1.171047e+00 4.614039e-01 -6.846574e-01
 7.235540e-01 8.330026e-01 -2.070110e-01
 5.900145e-01 9.933804e-01 -9.465451e-02
 4.925174e-01 1.156260e+00 -4.921203e-02
 3.811071e-01 1.560771e+00 -7.040435e-03
 1.960937e-01 1.841407e+00 7.854518e-02
 -6.646604e-02 2.052128e+00 2.312878e-01
