 -4.290401e-01 1.394874e+00 -1.392176e+00
 -6.457814e-01 1.099663e+00 -1.144836e+00
 -8.068498e-01 9.570511e-01 -1.047623e+00
 -1.011476e+00 8.197088e-01 -9.966272e-01
 -1.498439e+00 6.486110e-01 -1.023468e+00
 -1.790651e+00 4.836762e-01 -9.400719e-01
 -2.026443e+00 2.602451e-01 -7.622592e-01
 -2.150074e+00 2.653436e-02 -5.338265e-01
 -2.162096e+00 -1.849892e-01 -2.803226e-01
 -2.063331e+00 -3.674918e-01 -3.219037e-02
 -1.865448e+00 -5.001998e-01 2.052712e-01
 -1.599211e+00 -5.443609e-01 4.200147e-01
 -1.307500e+00 -4.988825e-01 5.696256e-01
 -8.847739e-01 -3.979855e-01 6.352847e-01
 -6.227494e-01 -4.406790e-01 7.177567e-01
 -3.763003e-01 -5.108678e-01 9.011362e-01
 -2.105492e-01 -6.076812e-01 1.126972e+00
 -5.356144e-02 -7.850806e-01 1.332900e+00
 5.525618e-01 -1.447467e+00 1.760367e+00
 8.766569e-01 -1.645325e+00 1.827845e+00
 1.247269e+00 -1.749328e+00 1.794148e+00
 1.612209e+00 -1.741625e+00 1.666629e+00
 1.919565e+00 -1.621000e+00 1.466808e+00
 2.123124e+00 -1.410817e+00 1.218299e+00
 2.194001e+00 -1.141597e+00 9.461083e-01
 2.127468e+00 -8.841606e-01 7.030950e-01
 1.923337e+00 -6.309249e-01 4.976062e-01
 1.622949e+00 -4.132583e-01 3.970810e-01
 1.313908e+00 -2.477599e-01 4.349836e-01
 1.083041e+00 -1.315455e-01 5.910435e-01
 9.494440e-01 -7.859608e-03 7.491580e-01
 8.386436e-01 3.728217e-01 9.823078e-01
 9.111434e-01 1.302344e+00 1.313923e+00
 8.908146e-01 1.675384e+00 1.314888e+00
 8.145780e-01 2.025125e+00 1.193590e+00
 6.848559e-01 2.299340e+00 9.684172e-01
 4.950604e-01 2.459968e+00 6.849229e-01
 2.879380e-01 2.481050e+00 3.788433e-01
 1.055272e-01 2.358208e+00 6.718941e-02
 -6.181572e-03 2.104126e+00 -2.270375e-01
 -1.492662e-02 1.776955e+00 -4.273131e-01
 6.547880e-02 1.521529e+00 -5.072376e-01
 1.969810e-01 1.315690e+00 -5.807413e-01
 4.371995e-01 1.061470e+00 -8.774126e-01
 5.584373e-01 8.817002e-01 -9.935935e-01
 6.821326e-01 6.856369e-01 -1.050759e+00
 7.706741e-01 4.903031e-01 -1.056401e+00
 8.295532e-01 2.741747e-01 -1.016435e+00
 8.703351e-01 1.242771e-02 -9.040951e-01
 8.595439e-01 -2.120416e-01 -7.519681e-01
 7.996168e-01 -4.007612e-01 -5.606288e-01
 5.655932e-01 -7.080752e-01 -6.409952e-02
 4.513213e-01 -8.398062e-01 2.054896e-01
 3.116877e-01 -1.048066e+00 3.841697e-01
 2.292621e-01 -1.285604e+00 5.013448e-01
 2.209720e-01 -1.588471e+00 5.955049e-01
 2.659817e-01 -1.969405e+00 5.678831e-01
 3.415910e-01 -2.304249e+00 4.047938e-01
 4.209299e-01 -2.555412e+00 1.238291e-01
 4.956759e-01 -2.681730e+00 -2.357813e-01
 5.319339e-01 -2.669191e+00 -6.193371e-01
 5.188721e-01 -2.520117e+00 -9.770674e-01
 4.593630e-01 -2.251769e+00 -1.256053e+00
 3.633460e-01 -1.901208e+00 -1.411637e+00
 2.309496e-01 -1.516655e+00 -1.418366e+00
 6.425422e-02 -1.173843e+00 -1.270114e+00
 -1.032978e-01 -9.297125e-01 -9.898591e-01
 -2.614966e-01 -8.319653e-01 -6.322894e-01
 -4.016758e-01 -8.945669e-01 -3.276928e-01
 -5.422797e-01 -1.002812e+00 -1.382785e-01
 -6.992889e-01 -1.264126e+00 1.149038e-01
 -7.951413e-01 -1.410294e+00 4.423466e-01
 -8.907851e-01 -1.421318e+00 8.182117e-01
 -9.870009e-01 -1.292699e+00 1.160690e+00
 -1.081913e+00 -1.049966e+00 1.420691e+00
 -1.122373e+00 -7.423715e-01 1.573251e+00
 -1.075842e+00 -3.562223e-01 1.639713e+00
 -9.647685e-01 -2.461691e-03 1.580381e+00
 -8.164395e-01 2.932876e-01 1.401162e+00
 -6.593128e-01 4.853510e-01 1.135539e+00
 -5.153655e-01 5.924979e-01 7.223614e-01
 -4.950488e-01 7.398708e-01 3.899328e-01
 -5.459899e-01 9.566880e-01 1.255644e-01
 -1.028325e+00 1.514454e+00 -2.318968e-01
 -1.195077e+00 1.668044e+00 -4.393101e-01
 -1.330460e+00 1.753838e+00 -7.032608e-01
 -1.422118e+00 1.762266e+00 -9.999139e-01
 -1.461545e+00 1.689697e+00 -1.306983e+00
 -1.450974e+00 1.528320e+00 -1.607884e+00
 -1.380331e+00 1.319602e+00 -1.826381e+00
 -1.252552e+00 1.070407e+00 -1.967059e+00
 -1.058270e+00 7.708834e-01 -2.019308e+00
 -8.412695e-01 5.076565e-01 -1.960948e+00
 -6.282108e-01 2.923230e-01 -1.796118e+00
 -4.415168e-01 1.490343e-01 -1.542938e+00
 -3.039366e-01 9.742051e-02 -1.237428e+00
 -4.483507e-02 2.392699e-01 -4.673242e-01
 2.397014e-01 3.481578e-01 -1.702795e-01
 5.022923e-01 4.494860e-01 -5.807526e-02
 8.260963e-01 6.034887e-01 -5.231098e-02
 1.070837e+00 6.691574e-01 -2.366199e-02
 1.347320e+00 7.496719e-01 1.483167e-01
 1.617611e+00 7.296163e-01 4.040457e-01
 1.799451e+00 6.125113e-01 6.818587e-01
 1.876158e+00 4.127018e-01 9.802999e-01
 1.844818e+00 1.422989e-01 1.232889e+00
 1.704889e+00 -2.079352e-01 1.409484e+00
 1.492546e+00 -5.471371e-01 1.435543e+00
 1.273574e+00 -8.364689e-01 1.294813e+00
 1.175291e+00 -1.030443e+00 1.069696e+00
 1.174177e+00 -1.210519e+00 8.991434e-01
 1.238864e+00 -1.405881e+00 6.323646e-01
 1.202718e+00 -1.549293e+00 2.954864e-01
 1.031525e+00 -1.651156e+00 -4.244456e-02
 7.562972e-01 -1.681035e+00 -2.976564e-01
 4.456390e-01 -1.668760e+00 -4.114389e-01
 1.996698e-01 -1.718848e+00 -4.169369e-01
 -2.215771e-02 -1.821811e+00 -4.584571e-01
 -3.048650e-01 -1.880390e+00 -6.192584e-01
 -6.077536e-01 -1.802887e+00 -7.796226e-01
 -9.260058e-01 -1.581629e+00 -8.884830e-01
 -1.153695e+00 -1.279339e+00 -9.129070e-01
 -1.279862e+00 -9.228950e-01 -8.524117e-01
 -1.280462e+00 -5.626301e-01 -7.220616e-01
 -1.155098e+00 -1.989093e-01 -4.721139e-01
 -1.148249e+00 5.454707e-02 -2.691221e-01
 -1.209627e+00 2.118546e-01 -1.500285e-01
 -1.414773e+00 4.160018e-01 6.927368e-02
 -1.507554e+00 6.074850e-01 3.343980e-01
 -1.493957e+00 8.762545e-01 5.927798e-01
 -1.372764e+00 1.159185e+00 7.746294e-01
 -1.152055e+00 1.384292e+00 8.846715e-01
 -8.134693e-01 1.557147e+00 9.356547e-01
 -4.133771e-01 1.627096e+00 9.048826e-01
 -7.288241e-02 1.580821e+00 7.981412e-01
 3.383699e-01 1.439993e+00 4.786340e-01
 6.016585e-01 1.497492e+00 3.455186e-01
 8.257721e-01 1.630991e+00 1.709336e-01
 9.760174e-01 1.799744e+00 -1.281572e-01
 1.000972e+00 1.938204e+00 -4.605729e-01
 9.074436e-01 2.020270e+00 -8.108729e-01
 7.030692e-01 2.045331e+00 -1.113090e+00
 4.265036e-01 1.999359e+00 -1.332287e+00
 1.168455e-01 1.861178e+00 -1.464283e+00
 -1.804740e-01 1.649911e+00 -1.486546e+00
