 1.430816e+00 1.512703e+00 1.084044e+00
 1.735670e+00 1.194526e+00 1.095738e+00
 1.922828e+00 8.270368e-01 9.698895e-01
 1.945885e+00 4.575225e-01 7.683540e-01
 1.799500e+00 1.312952e-01 5.594177e-01
 1.514084e+00 -9.649168e-02 3.559807e-01
 9.684869e-01 -2.362319e-01 1.188495e-01
 6.515689e-01 -3.730573e-01 -1.628518e-02
 4.927432e-01 -5.216373e-01 -4.701975e-02
 3.154366e-01 -9.174896e-01 -3.305662e-02
 1.901777e-01 -1.470806e+00 6.973587e-02
 -8.148256e-02 -1.814149e+00 2.397124e-01
 -4.564048e-01 -1.977545e+00 4.309964e-01
 -8.418475e-01 -1.952922e+00 6.047079e-01
 -1.169757e+00 -1.779197e+00 7.409387e-01
 -1.417805e+00 -1.491980e+00 8.153734e-01
 -1.564154e+00 -1.156696e+00 7.942645e-01
 -1.613874e+00 -8.465794e-01 6.790860e-01
 -1.645330e+00 -6.860245e-01 5.306200e-01
 -1.732264e+00 -5.193406e-01 3.787400e-01
 -1.849851e+00 -1.953106e-01 2.792644e-01
 -1.849636e+00 2.172206e-01 2.497223e-01
 -1.665818e+00 6.247571e-01 2.910514e-01
 -1.335739e+00 9.154674e-01 4.044714e-01
 -9.122653e-01 1.025852e+00 5.342429e-01
 -2.774365e-01 8.931018e-01 8.183727e-01
 2.424864e-02 9.342787e-01 1.107560e+00
 1.711910e-01 1.050718e+00 1.384072e+00
 3.094944e-01 1.376095e+00 1.648693e+00
 3.989166e-01 1.823635e+00 1.744717e+00
 4.873077e-01 2.249472e+00 1.627476e+00
 5.987441e-01 2.590724e+00 1.314190e+00
 6.561280e-01 2.756663e+00 9.067754e-01
 6.624102e-01 2.745885e+00 4.856494e-01
 6.239360e-01 2.587238e+00 1.244883e-01
 5.535637e-01 2.329019e+00 -1.338670e-01
 4.668163e-01 2.026406e+00 -2.711391e-01
 3.263756e-01 1.240520e+00 -3.387214e-01
 4.779710e-01 7.327334e-01 -4.276664e-01
 6.349180e-01 5.664183e-01 -4.862776e-01
 9.034031e-01 4.343491e-01 -6.247412e-01
 1.353578e+00 3.092692e-01 -7.329389e-01
 1.638191e+00 1.290206e-01 -9.118302e-01
 1.812130e+00 -1.263716e-01 -1.146014e+00
 1.844231e+00 -4.173790e-01 -1.403077e+00
 1.728389e+00 -7.189678e-01 -1.626242e+00
 1.468553e+00 -9.923348e-01 -1.785894e+00
 1.097925e+00 -1.168659e+00 -1.862993e+00
 6.881802e-01 -1.202492e+00 -1.857717e+00
 3.084988e-01 -1.078784e+00 -1.797014e+00
 1.045874e-01 -8.861915e-01 -1.746355e+00
 -2.360859e-02 -7.209583e-01 -1.769243e+00
 -2.023362e-01 -5.895864e-01 -1.813108e+00
 -4.647142e-01 -4.763497e-01 -1.796838e+00
 -7.301450e-01 -3.686590e-01 -1.666963e+00
 -9.570690e-01 -2.222451e-01 -1.425069e+00
 -1.085497e+00 -9.882762e-02 -1.111849e+00
 -1.102271e+00 -2.022836e-02 -7.383277e-01
 -9.357311e-01 7.604480e-03 -2.104120e-01
 -8.290987e-01 1.143340e-02 2.298015e-01
 -8.961374e-01 -1.594360e-03 6.362394e-01
 -1.044559e+00 5.024707e-02 8.764985e-01
 -1.270201e+00 7.194223e-02 1.095178e+00
 -1.587181e+00 3.095371e-02 1.246707e+00
 -1.908506e+00 -7.252147e-02 1.294906e+00
 -2.200293e+00 -2.290564e-01 1.247895e+00
 -2.433582e+00 -4.241913e-01 1.119499e+00
 -2.587841e+00 -6.601879e-01 9.232856e-01
 -2.635065e+00 -9.140335e-01 6.637240e-01
 -2.541497e+00 -1.157776e+00 3.635323e-01
 -2.287098e+00 -1.338443e+00 6.332972e-02
 -1.878315e+00 -1.413858e+00 -1.597249e-01
 -1.394953e+00 -1.346444e+00 -2.192863e-01
 -9.703154e-01 -1.176574e+00 -6.958771e-02
 -7.255130e-01 -9.932988e-01 2.045401e-01
 -5.769941e-01 -9.533967e-01 5.731730e-01
 -3.956709e-01 -1.092279e+00 1.252990e+00
 -1.271827e-01 -1.010155e+00 1.673532e+00
 2.046252e-01 -8.047516e-01 1.916013e+00
 5.086633e-01 -4.995193e-01 1.976580e+00
 7.577460e-01 -1.370720e-01 1.849627e+00
 9.280090e-01 1.740794e-01 1.542389e+00
 9.370389e-01 6.635845e-01 7.284150e-01
 9.804218e-01 7.540147e-01 5.599117e-01
 1.066048e+00 8.275157e-01 4.019221e-01
 1.293836e+00 1.051577e+00 1.390693e-01
 1.381353e+00 1.290914e+00 -2.974145e-01
 1.302899e+00 1.383217e+00 -7.087941e-01
 1.035255e+00 1.333937e+00 -1.109005e+00
 6.786781e-01 1.115809e+00 -1.376470e+00
 2.922235e-01 7.446116e-01 -1.451955e+00
 1.422396e-02 3.952136e-01 -1.286118e+00
 -1.019213e-01 -2.740798e-01 -8.119467e-01
 -3.383223e-01 -8.003722e-01 -7.928593e-01
 -6.030696e-01 -1.183336e+00 -1.039079e+00
 -7.426386e-01 -1.434481e+00 -1.504920e+00
 -6.970131e-01 -1.474928e+00 -2.034794e+00
 -4.763617e-01 -1.335764e+00 -2.472554e+00
 -1.684889e-01 -1.084544e+00 -2.720156e+00
 1.372499e-01 -8.109764e-01 -2.772388e+00
 3.925237e-01 -5.784800e-01 -2.683237e+00
 5.827265e-01 -3.987746e-01 -2.512038e+00
 7.220750e-01 -2.674279e-01 -2.281997e+00
 8.084514e-01 -1.893366e-01 -1.999173e+00
 8.390715e-01 -1.864179e-01 -1.691330e+00
 8.301257e-01 -2.706328e-01 -1.414968e+00
 8.336885e-01 -4.328802e-01 -1.200948e+00
 9.102856e-01 -5.955970e-01 -1.018331e+00
 1.173307e+00 -9.270712e-01 -7.008137e-01
 1.298553e+00 -1.112279e+00 -3.276144e-01
 1.298325e+00 -1.199445e+00 4.069760e-02
 1.206812e+00 -1.187221e+00 3.867313e-01
 1.059016e+00 -1.102327e+00 6.409861e-01
 8.480622e-01 -9.398530e-01 8.447413e-01
 6.106325e-01 -7.222623e-01 9.532339e-01
 2.419070e-01 -3.257185e-01 9.595165e-01
 1.977126e-02 -1.422811e-01 1.121688e+00
 -3.141622e-01 8.789613e-02 1.569811e+00
 -5.518734e-01 3.783784e-01 1.740264e+00
 -7.477191e-01 7.338221e-01 1.761131e+00
 -8.145225e-01 1.151013e+00 1.679708e+00
 -7.295802e-01 1.531779e+00 1.512193e+00
 -5.741341e-01 1.772061e+00 1.295909e+00
 -3.323866e-01 1.906416e+00 1.016006e+00
 -4.037762e-02 1.915453e+00 8.125114e-01
 2.396028e-01 1.832391e+00 7.067146e-01
 5.948368e-01 1.728035e+00 7.165392e-01
 1.102684e+00 1.699304e+00 9.438279e-01
