 9.793536e-01 8.158646e-01 -1.232676e+00
 1.126827e+00 9.361351e-01 -9.410868e-01
 1.194003e+00 9.824398e-01 -6.108178e-01
 1.180886e+00 9.465299e-01 -2.282800e-01
 1.092438e+00 8.483635e-01 6.480630e-02
 8.427294e-01 6.829072e-01 4.011953e-01
 7.005303e-01 6.605015e-01 7.000421e-01
 6.238937e-01 7.400360e-01 9.373160e-01
 6.329468e-01 8.509261e-01 1.248438e+00
 7.624394e-01 9.605307e-01 1.547129e+00
 9.955489e-01 1.040240e+00 1.787861e+00
 1.300998e+00 1.077143e+00 1.948365e+00
 1.623400e+00 1.032265e+00 2.024540e+00
 1.937745e+00 9.117284e-01 2.017523e+00
 2.207210e+00 7.444263e-01 1.920744e+00
 2.405333e+00 5.513325e-01 1.748224e+00
 2.517447e+00 3.581376e-01 1.519567e+00
 2.537536e+00 1.831509e-01 1.260164e+00
 2.467660e+00 3.951866e-02 9.953808e-01
 2.316982e+00 -6.242302e-02 7.501858e-01
 1.840536e+00 -1.956203e-01 3.142884e-01
 1.656259e+00 -3.089993e-01 1.690716e-01
 1.480223e+00 -4.830511e-01 5.577398e-02
 1.359395e+00 -6.914004e-01 -9.925357e-03
 1.280421e+00 -1.157463e+00 -1.367316e-01
 1.090948e+00 -1.492370e+00 -1.786260e-01
 7.988797e-01 -1.731554e+00 -1.980336e-01
 4.474707e-01 -1.841590e+00 -2.198217e-01
 8.946572e-02 -1.810901e+00 -2.328120e-01
 -2.802925e-01 -1.624818e+00 -2.154220e-01
 -6.695858e-01 -1.191432e+00 -1.471162e-01
 -9.412671e-01 -1.061436e+00 -1.275085e-01
 -1.441486e+00 -9.996692e-01 1.884742e-02
 -1.786501e+00 -8.167112e-01 7.016762e-02
 -2.050352e+00 -5.274397e-01 5.117525e-02
 -2.206198e+00 -1.704513e-01 -5.350177e-02
 -2.222099e+00 1.487650e-01 -1.908572e-01
 -2.119418e+00 4.252938e-01 -3.645189e-01
 -1.986601e+00 5.766121e-01 -5.561103e-01
 -1.903019e+00 6.390195e-01 -7.489540e-01
 -1.874932e+00 7.131281e-01 -9.318371e-01
 -1.834330e+00 8.580381e-01 -1.109928e+00
 -1.712932e+00 1.094066e+00 -1.283243e+00
 -1.504653e+00 1.304463e+00 -1.393035e+00
 -1.179559e+00 1.482761e+00 -1.445491e+00
 -8.296736e-01 1.565140e+00 -1.411546e+00
 -4.832564e-01 1.541146e+00 -1.305293e+00
 -1.855771e-01 1.413208e+00 -1.138941e+00
 2.400384e-02 1.198832e+00 -9.310298e-01
 1.313619e-01 8.863160e-01 -6.834471e-01
 1.949710e-01 7.061244e-01 -5.904581e-01
 3.765806e-01 3.710057e-01 -4.774333e-01
 5.278493e-01 2.076057e-01 -4.904545e-01
 8.385657e-01 8.056593e-03 -6.247268e-01
 1.276206e+00 -1.795131e-01 -9.059886e-01
 1.667035e+00 -3.861481e-01 -9.512522e-01
 2.015023e+00 -6.265225e-01 -8.107917e-01
 2.253641e+00 -8.538021e-01 -5.108174e-01
 2.338159e+00 -1.032729e+00 -9.872953e-02
 2.246355e+00 -1.139493e+00 3.027198e-01
 2.010719e+00 -1.155758e+00 6.458538e-01
 1.657679e+00 -1.022780e+00 9.187837e-01
 1.292600e+00 -7.893990e-01 1.019494e+00
 9.411583e-01 -4.683315e-01 9.359448e-01
 7.251859e-01 -3.182021e-01 9.854604e-01
 4.586180e-01 -2.419211e-01 1.086806e+00
 2.993399e-01 -1.788642e-01 1.183785e+00
 2.806288e-03 3.528606e-03 1.318202e+00
 -2.552609e-01 1.346799e-01 1.344777e+00
 -5.334238e-01 2.326796e-01 1.295931e+00
 -7.872028e-01 2.796195e-01 1.182465e+00
 -1.005709e+00 3.006751e-01 9.981838e-01
 -1.163486e+00 2.980589e-01 7.613025e-01
 -1.253139e+00 2.622677e-01 4.872841e-01
 -1.266869e+00 1.948230e-01 2.065671e-01
 -1.208798e+00 5.625572e-02 -1.016503e-01
 -1.219442e+00 -4.637582e-02 -3.003177e-01
 -1.286224e+00 -1.495682e-01 -5.338970e-01
 -1.464672e+00 -2.799934e-01 -7.580617e-01
 -1.753703e+00 -3.448233e-01 -9.606780e-01
 -2.094355e+00 -2.946023e-01 -1.107451e+00
 -2.430400e+00 -1.214724e-01 -1.176130e+00
 -2.708623e+00 1.616977e-01 -1.162029e+00
 -2.869919e+00 5.197129e-01 -1.073728e+00
 -2.880108e+00 9.021858e-01 -9.363201e-01
 -2.733058e+00 1.246625e+00 -7.686251e-01
 -2.450297e+00 1.493209e+00 -5.906719e-01
 -2.075385e+00 1.599489e+00 -4.415330e-01
 -1.663090e+00 1.555130e+00 -3.643225e-01
 -1.290977e+00 1.370712e+00 -3.847716e-01
 -1.010910e+00 1.085777e+00 -5.141032e-01
 -8.954090e-01 8.114416e-01 -7.101833e-01
 -8.446807e-01 6.215481e-01 -9.977521e-01
 -9.247837e-01 3.920757e-01 -1.514020e+00
 -8.869104e-01 1.187762e-01 -1.811400e+00
 -7.340178e-01 -2.144896e-01 -2.009038e+00
 -4.804367e-01 -5.279081e-01 -2.076740e+00
 -1.855974e-01 -7.786569e-01 -2.001068e+00
 8.261318e-02 -9.608511e-01 -1.779696e+00
 2.993377e-01 -1.065738e+00 -1.405588e+00
 4.012406e-01 -1.035093e+00 -9.993363e-01
 3.381266e-01 -8.093200e-01 -3.265602e-01
 3.218648e-01 -8.046989e-01 -5.456477e-02
 3.388139e-01 -9.256613e-01 2.179251e-01
 2.826533e-01 -1.166259e+00 5.969182e-01
 2.852409e-01 -1.249026e+00 9.369043e-01
 3.662911e-01 -1.232168e+00 1.307090e+00
 4.848687e-01 -1.118878e+00 1.600271e+00
 6.356797e-01 -9.235174e-01 1.820190e+00
 8.162620e-01 -6.685475e-01 1.945704e+00
 1.014453e+00 -3.896529e-01 1.960511e+00
 1.219161e+00 -1.263633e-01 1.860050e+00
 1.395852e+00 8.498040e-02 1.658431e+00
 1.507034e+00 2.631667e-01 1.362422e+00
 1.552606e+00 4.230814e-01 1.202872e+00
 1.637250e+00 6.473500e-01 1.078594e+00
 1.640287e+00 9.556455e-01 9.916349e-01
 1.486854e+00 1.311620e+00 9.099864e-01
 1.249043e+00 1.547031e+00 8.198919e-01
 9.439490e-01 1.675497e+00 6.821238e-01
 5.800181e-01 1.672417e+00 5.219844e-01
 2.369658e-01 1.525907e+00 3.994781e-01
 -4.286530e-02 1.253211e+00 3.282854e-01
 -2.105926e-01 9.038309e-01 3.189389e-01
 -2.743384e-01 -5.772878e-02 3.279276e-01
 -4.391057e-01 -3.442381e-01 4.641562e-01
 -6.054825e-01 -7.255935e-01 7.797121e-01
 -7.358750e-01 -1.090571e+00 8.800194e-01
 -8.793934e-01 -1.464425e+00 8.223955e-01
 -1.023454e+00 -1.786517e+00 6.122992e-01
 -1.163764e+00 -1.987264e+00 2.984665e-01
 -1.264094e+00 -2.045543e+00 -6.201684e-02
 -1.281180e+00 -1.976913e+00 -4.500118e-01
 -1.200942e+00 -1.784006e+00 -8.104077e-01
 -1.057439e+00 -1.493963e+00 -1.055227e+00
 -8.755743e-01 -1.145626e+00 -1.154961e+00
 -5.091445e-01 -5.301550e-01 -1.049259e+00
 -3.259269e-01 -3.155262e-01 -1.075484e+00
 -1.717196e-01 -1.950083e-01 -1.140270e+00
 6.682847e-02 5.280533e-03 -1.375947e+00
 3.142655e-01 2.194960e-01 -1.495102e+00
 5.591448e-01 4.418895e-01 -1.506643e+00
 8.054454e-01 6.644041e-01 -1.406739e+00
