 -1.976892e+00 -1.164163e-01 3.008553e-01
 -1.902246e+00 -3.904186e-01 3.007408e-01
 -1.736652e+00 -6.352316e-01 2.868534e-01
 -1.454195e+00 -8.443083e-01 2.933370e-01
 -1.131869e+00 -9.480149e-01 2.963882e-01
 -7.898694e-01 -9.475654e-01 3.206952e-01
 -5.617886e-01 -1.022504e+00 3.599241e-01
 -3.603294e-01 -1.136934e+00 3.474620e-01
 -1.832463e-01 -1.272683e+00 2.866966e-01
 1.729042e-01 -1.616634e+00 7.983494e-02
 5.427590e-01 -1.746265e+00 -5.630452e-02
 9.495238e-01 -1.724783e+00 -1.309528e-01
 1.322913e+00 -1.558105e+00 -1.329283e-01
 1.612245e+00 -1.254935e+00 -8.975541e-02
 1.747753e+00 -8.848234e-01 8.177962e-04
 1.731447e+00 -5.057523e-01 1.651706e-01
 1.573748e+00 -1.974240e-01 3.839614e-01
 1.313085e+00 -2.220964e-03 5.686120e-01
 5.628091e-01 2.667399e-01 7.350295e-01
 3.242159e-01 5.990931e-01 9.813147e-01
 2.770364e-01 9.782177e-01 1.149191e+00
 3.620166e-01 1.413933e+00 1.179297e+00
 5.555675e-01 1.811246e+00 1.044358e+00
 8.014269e-01 2.072064e+00 7.578302e-01
 9.905588e-01 2.165953e+00 3.685798e-01
 1.074722e+00 2.093539e+00 -6.589748e-02
 1.081565e+00 1.837529e+00 -4.565494e-01
 9.710665e-01 1.281948e+00 -8.206995e-01
 9.673988e-01 1.137246e+00 -9.988244e-01
 1.003691e+00 1.026474e+00 -1.157235e+00
 1.159995e+00 8.118659e-01 -1.517845e+00
 1.159633e+00 5.351448e-01 -1.829095e+00
 1.007420e+00 2.276551e-01 -2.074675e+00
 7.297753e-01 -3.832154e-02 -2.216155e+00
 3.872843e-01 -2.523484e-01 -2.214045e+00
 3.969440e-02 -3.829773e-01 -2.071265e+00
 -3.052756e-01 -3.889038e-01 -1.802824e+00
 -5.532769e-01 -2.485519e-01 -1.511586e+00
 -6.851764e-01 -1.323505e-02 -1.298074e+00
 -7.538454e-01 2.657638e-01 -1.211595e+00
 -8.346723e-01 4.220989e-01 -1.196940e+00
 -1.004241e+00 7.384572e-01 -1.232313e+00
 -1.072675e+00 1.133912e+00 -1.183556e+00
 -1.028162e+00 1.534006e+00 -1.016302e+00
 -9.093707e-01 1.783783e+00 -8.045045e-01
 -7.168737e-01 1.922697e+00 -5.558124e-01
 -4.184417e-01 1.950920e+00 -2.805168e-01
 -1.303281e-01 1.855893e+00 -7.211669e-02
 1.183875e-01 1.664151e+00 7.214460e-02
 3.688970e-01 1.366858e+00 1.349417e-01
 5.892867e-01 1.209774e+00 1.970656e-01
 8.798182e-01 1.148241e+00 3.072696e-01
 1.063236e+00 1.127303e+00 4.570210e-01
 1.196794e+00 1.107946e+00 6.581654e-01
 1.272346e+00 1.057245e+00 8.734898e-01
 1.298347e+00 9.634077e-01 1.092568e+00
 1.276065e+00 8.262121e-01 1.303415e+00
 1.212430e+00 6.384937e-01 1.484295e+00
 1.115808e+00 4.199054e-01 1.610972e+00
 9.828000e-01 1.862259e-01 1.675462e+00
 8.100336e-01 -4.721524e-02 1.673308e+00
 6.148060e-01 -2.512916e-01 1.602095e+00
 3.820700e-01 -4.637079e-01 1.426350e+00
 2.379921e-01 -6.878373e-01 1.304859e+00
 1.560323e-01 -8.995320e-01 1.240266e+00
 1.407210e-01 -1.227470e+00 1.232042e+00
 7.946301e-02 -1.517347e+00 1.341054e+00
 -7.761441e-02 -1.767676e+00 1.552778e+00
 -3.183980e-01 -1.914975e+00 1.794571e+00
 -6.058308e-01 -1.949875e+00 1.980208e+00
 -9.419568e-01 -1.891665e+00 2.094135e+00
 -1.245368e+00 -1.752186e+00 2.128275e+00
 -1.504771e+00 -1.541615e+00 2.087341e+00
 -1.687772e+00 -1.277660e+00 1.985162e+00
 -1.773844e+00 -9.902549e-01 1.834402e+00
 -1.755726e+00 -7.121538e-01 1.649516e+00
 -1.638035e+00 -4.756216e-01 1.449381e+00
 -1.176220e+00 -9.089381e-02 9.551363e-01
 -1.017921e+00 2.487863e-02 6.296013e-01
 -9.528752e-01 6.181523e-02 2.616528e-01
 -9.693648e-01 2.269913e-02 5.967008e-02
 -1.064856e+00 -1.804817e-02 -1.619775e-01
 -1.195872e+00 -6.409378e-02 -3.526669e-01
 -1.460930e+00 -1.277077e-01 -6.015032e-01
 -1.628726e+00 -1.330973e-01 -8.834195e-01
 -1.706779e+00 -9.653953e-02 -1.198981e+00
 -1.686457e+00 -2.588866e-02 -1.515489e+00
 -1.569874e+00 6.646869e-02 -1.802010e+00
 -1.374165e+00 1.743837e-01 -2.025577e+00
 -1.123986e+00 3.026085e-01 -2.167683e+00
 -8.434410e-01 4.323345e-01 -2.215285e+00
 -5.261432e-01 5.519438e-01 -2.159068e+00
 -2.471127e-01 6.157757e-01 -2.014157e+00
 -2.690589e-02 6.119521e-01 -1.821526e+00
 1.448127e-01 5.293659e-01 -1.598676e+00
 2.506166e-01 3.651010e-01 -1.385351e+00
 3.590852e-01 1.948640e-01 -1.279936e+00
 5.114471e-01 -7.039065e-02 -1.209145e+00
 6.022678e-01 -2.310096e-01 -1.123639e+00
 6.913932e-01 -3.851097e-01 -9.914330e-01
 7.515078e-01 -4.941504e-01 -8.518740e-01
 7.907260e-01 -5.756156e-01 -6.953353e-01
 8.042927e-01 -6.393849e-01 -5.241820e-01
 7.892807e-01 -6.863649e-01 -3.446737e-01
 7.334612e-01 -7.186512e-01 -3.739708e-02
 7.489731e-01 -7.873293e-01 2.410921e-01
 8.146700e-01 -8.909135e-01 4.559253e-01
 1.053709e+00 -1.031042e+00 7.712407e-01
 1.161268e+00 -1.100057e+00 1.130428e+00
 1.123484e+00 -1.164625e+00 1.516634e+00
 9.546198e-01 -1.204101e+00 1.842851e+00
 6.953156e-01 -1.176056e+00 2.088350e+00
 4.024251e-01 -1.106956e+00 2.221647e+00
 3.508044e-02 -1.024253e+00 2.248433e+00
 -3.135270e-01 -9.528345e-01 2.141144e+00
 -5.830493e-01 -9.326556e-01 1.933924e+00
 -7.475583e-01 -9.713896e-01 1.693346e+00
 -8.458221e-01 -1.108817e+00 1.431708e+00
 -9.485030e-01 -1.299565e+00 1.265566e+00
 -9.996325e-01 -1.628332e+00 1.066930e+00
 -9.853339e-01 -1.875202e+00 7.379916e-01
 -9.552852e-01 -1.970599e+00 3.221848e-01
 -9.120490e-01 -1.887379e+00 -8.809693e-02
 -8.226147e-01 -1.656547e+00 -4.168448e-01
 -6.565243e-01 -1.334336e+00 -6.196167e-01
 -4.567557e-01 -9.552037e-01 -6.596685e-01
 -4.584695e-02 -1.106402e-01 -3.542532e-01
 1.260268e-01 7.453946e-02 -2.802441e-01
 3.692428e-01 2.368869e-01 -2.506465e-01
 5.906159e-01 3.329936e-01 -2.872785e-01
 1.318373e+00 4.085891e-01 -3.785240e-01
 1.658251e+00 5.806067e-01 -4.926743e-01
 1.895250e+00 8.467985e-01 -6.807396e-01
 1.987884e+00 1.162574e+00 -9.092849e-01
 1.923626e+00 1.476542e+00 -1.153216e+00
 1.725398e+00 1.715965e+00 -1.378202e+00
 1.418217e+00 1.881261e+00 -1.535692e+00
 1.029703e+00 1.965512e+00 -1.593028e+00
 6.380309e-01 1.929631e+00 -1.552673e+00
 2.965622e-01 1.780980e+00 -1.421775e+00
 5.835565e-02 1.544668e+00 -1.221867e+00
 -1.136250e-01 1.102538e+00 -7.916736e-01
 -3.030914e-01 9.521605e-01 -5.185327e-01
 -5.868060e-01 9.347501e-01 -2.837168e-01
 -1.008444e+00 1.018144e+00 -1.153538e-01
 -1.326152e+00 9.712992e-01 -3.079536e-02
 -1.623585e+00 8.068649e-01 7.502424e-02
 -1.841137e+00 5.498229e-01 1.773335e-01
 -1.965849e+00 2.139544e-01 2.564343e-01
