 4.907485e-01 9.679008e-02 1.862170e+00
 7.744972e-01 -3.010310e-01 1.907203e+00
 9.740633e-01 -7.065345e-01 1.736910e+00
 1.030412e+00 -1.002202e+00 1.432691e+00
 1.044427e+00 -1.120168e+00 1.046505e+00
 1.146667e+00 -1.086718e+00 6.994089e-01
 1.598398e+00 -1.095628e+00 1.566482e-01
 1.732413e+00 -1.004221e+00 -2.941695e-01
 1.655742e+00 -8.612887e-01 -7.283556e-01
 1.392236e+00 -6.740187e-01 -1.058938e+00
 9.753826e-01 -4.732807e-01 -1.219203e+00
 5.186770e-01 -3.331529e-01 -1.167085e+00
 2.900845e-01 -2.377257e-01 -1.183929e+00
 3.620676e-02 -1.228194e-01 -1.348650e+00
 -8.667705e-02 -8.039583e-02 -1.457861e+00
 -2.942021e-01 1.380942e-02 -1.725955e+00
 -4.921884e-01 1.763448e-01 -1.909056e+00
 -6.918394e-01 3.968117e-01 -2.013663e+00
 -8.756177e-01 6.527288e-01 -2.028687e+00
 -1.027877e+00 9.187297e-01 -1.951626e+00
 -1.135374e+00 1.167526e+00 -1.788829e+00
 -1.182524e+00 1.391695e+00 -1.546143e+00
 -1.147128e+00 1.557986e+00 -1.275403e+00
 -1.043140e+00 1.647656e+00 -9.942275e-01
 -8.902502e-01 1.654078e+00 -7.328334e-01
 -7.125824e-01 1.561124e+00 -4.875220e-01
 -5.898590e-01 1.414115e+00 -3.231358e-01
 -5.298852e-01 1.207490e+00 -1.698293e-01
 -5.330224e-01 1.033518e+00 2.101450e-03
 -6.408735e-01 7.713327e-01 2.674769e-01
 -6.637567e-01 6.449190e-01 3.753589e-01
 -6.632125e-01 5.175682e-01 4.650182e-01
 -6.149051e-01 2.963379e-01 6.232939e-01
 -6.055536e-01 1.061560e-01 8.516983e-01
 -6.738658e-01 -2.769158e-03 1.064900e+00
 -7.435127e-01 -5.115604e-02 1.400273e+00
 -7.440002e-01 2.383473e-02 1.764010e+00
 -6.781766e-01 2.061648e-01 2.076975e+00
 -5.229526e-01 4.594229e-01 2.312248e+00
 -2.937909e-01 7.309690e-01 2.430666e+00
 -8.899726e-03 9.783409e-01 2.421633e+00
 2.853782e-01 1.182609e+00 2.274579e+00
 5.347916e-01 1.317874e+00 2.003238e+00
 7.015281e-01 1.358511e+00 1.645652e+00
 7.596883e-01 1.293112e+00 1.255260e+00
 7.003217e-01 1.128093e+00 8.955310e-01
 2.423436e-01 3.281319e-01 6.409802e-02
 1.104728e-01 2.030365e-01 -1.076230e-01
 -5.128388e-01 -1.912758e-01 -5.129334e-01
 -1.012535e+00 -5.647786e-01 -9.325605e-01
 -1.161250e+00 -9.070555e-01 -1.169473e+00
 -1.136772e+00 -1.309985e+00 -1.352919e+00
 -9.375006e-01 -1.720107e+00 -1.443219e+00
 -6.225900e-01 -2.025375e+00 -1.409793e+00
 -2.405070e-01 -2.181877e+00 -1.266326e+00
 1.746145e-01 -2.149088e+00 -1.053667e+00
 4.991540e-01 -1.941954e+00 -8.441625e-01
 6.893986e-01 -1.601729e+00 -6.391925e-01
 7.139814e-01 -7.390909e-01 -2.480373e-01
 7.751483e-01 -5.764159e-01 -2.028199e-01
 9.897118e-01 -2.935627e-01 -1.875628e-01
 1.564062e+00 6.033797e-01 -5.008880e-01
 1.580575e+00 1.114126e+00 -7.868857e-01
 1.312379e+00 1.515017e+00 -1.100263e+00
 8.491015e-01 1.693710e+00 -1.337896e+00
 3.149644e-01 1.612568e+00 -1.439033e+00
 -1.073152e-01 1.298116e+00 -1.409278e+00
 -4.166876e-01 8.267878e-01 -1.129257e+00
 -7.048991e-01 6.600196e-01 -1.012152e+00
 -1.102118e+00 6.326338e-01 -8.159482e-01
 -1.454874e+00 8.243674e-01 -4.494330e-01
 -1.568123e+00 1.180520e+00 -4.006944e-02
 -1.388111e+00 1.537598e+00 3.340485e-01
 -9.707021e-01 1.805727e+00 5.676781e-01
 -4.311938e-01 1.937978e+00 5.707075e-01
 7.495728e-02 1.887179e+00 3.401412e-01
 3.883886e-01 1.669622e+00 -4.108533e-02
 5.974187e-01 7.544200e-01 -8.488752e-01
 8.046199e-01 5.997827e-01 -1.546187e+00
 7.467965e-01 2.231919e-01 -2.034449e+00
 5.770832e-01 -3.216668e-01 -2.221916e+00
 3.268239e-01 -8.386470e-01 -2.059137e+00
 4.443495e-02 -1.151244e+00 -1.632646e+00
 -1.785526e-01 -1.175602e+00 -9.957795e-01
 -2.887944e-01 -1.279075e+00 -7.567193e-01
 -6.564546e-01 -1.651952e+00 -3.587212e-01
 -8.268471e-01 -1.786653e+00 1.427522e-01
 -8.184444e-01 -1.722304e+00 6.573092e-01
 -6.603061e-01 -1.471223e+00 1.064331e+00
 -3.768173e-01 -1.102122e+00 1.283295e+00
 -9.238916e-03 -7.440432e-01 1.261630e+00
 4.243761e-01 -2.987390e-01 8.911740e-01
 8.877278e-01 -1.061234e-01 8.886566e-01
 1.297127e+00 -1.021433e-01 9.673281e-01
 1.684427e+00 -2.852722e-01 1.060198e+00
 1.958657e+00 -6.244364e-01 1.150637e+00
 2.067374e+00 -1.061312e+00 1.196525e+00
 2.003250e+00 -1.505909e+00 1.133749e+00
 1.760130e+00 -1.876213e+00 9.966450e-01
 1.378668e+00 -2.090019e+00 8.337107e-01
 9.397550e-01 -2.100143e+00 6.734531e-01
 5.386971e-01 -1.904632e+00 5.443518e-01
 -1.314342e-01 -1.016219e+00 2.700158e-01
 -3.551264e-01 -8.628676e-01 2.757008e-01
 -1.117432e+00 -6.097255e-01 3.252510e-01
 -1.451494e+00 -3.172226e-01 4.486155e-01
 -1.621576e+00 5.467471e-02 6.615268e-01
 -1.594623e+00 4.278672e-01 9.211951e-01
 -1.370967e+00 7.493706e-01 1.177307e+00
 -1.014149e+00 9.466512e-01 1.326916e+00
 -5.367039e-01 9.776187e-01 1.403525e+00
 -1.612347e-01 8.206511e-01 1.415890e+00
 6.559879e-02 5.705205e-01 1.472201e+00
