 -1.793508e+00 -1.241266e+00 4.429722e-02
 -2.115599e+00 -9.604396e-01 -3.138773e-02
 -2.358321e+00 -7.218045e-01 -3.093137e-01
 -2.409065e+00 -4.642248e-01 -6.887501e-01
 -2.234302e+00 -1.768056e-01 -1.047128e+00
 -1.845950e+00 9.204524e-02 -1.261755e+00
 -1.317568e+00 2.262783e-01 -1.285027e+00
 -8.496032e-01 1.965950e-01 -1.095726e+00
 -7.026829e-01 2.108005e-01 -1.044079e+00
 -5.556709e-01 2.524141e-01 -1.023801e+00
 -3.467115e-01 3.456983e-01 -1.039155e+00
 -5.730611e-02 5.156654e-01 -1.103477e+00
 2.152044e-01 6.454511e-01 -1.072659e+00
 4.968108e-01 7.316088e-01 -9.621388e-01
 7.140518e-01 7.546860e-01 -8.134845e-01
 9.066158e-01 7.107145e-01 -6.081275e-01
 1.076632e+00 5.799417e-01 -3.871918e-01
 1.211712e+00 3.754897e-01 -2.413148e-01
 1.417078e+00 2.305062e-02 -1.399735e-01
 1.825277e+00 -3.375812e-01 -2.902426e-01
 2.340693e+00 -4.051440e-01 -5.698026e-01
 2.779959e+00 -1.555900e-01 -8.246664e-01
 3.038600e+00 2.902621e-01 -9.533706e-01
 3.079860e+00 7.746370e-01 -9.554333e-01
 2.956848e+00 1.182168e+00 -8.475389e-01
 2.737012e+00 1.462629e+00 -6.648492e-01
 2.462010e+00 1.607290e+00 -4.540011e-01
 2.177501e+00 1.618212e+00 -2.358381e-01
 1.921623e+00 1.506706e+00 -2.023328e-02
 1.727934e+00 1.285245e+00 1.906961e-01
 1.666963e+00 1.067021e+00 3.275010e-01
 1.719426e+00 8.126234e-01 5.388558e-01
 1.753156e+00 6.549085e-01 8.730866e-01
 1.534333e+00 5.435651e-01 1.342947e+00
 1.078021e+00 4.900535e-01 1.649653e+00
 5.206427e-01 4.227418e-01 1.662625e+00
 7.360623e-02 3.747666e-01 1.416994e+00
 -2.321054e-01 3.081201e-01 9.377729e-01
 -4.478663e-01 1.485147e-01 7.137780e-01
 -6.250546e-01 -4.502990e-03 6.235754e-01
 -8.984924e-01 -1.376464e-01 5.948082e-01
 -1.121836e+00 -2.197983e-01 6.347234e-01
 -1.512581e+00 -4.960258e-01 8.227995e-01
 -1.956184e+00 -9.032828e-01 1.000115e+00
 -2.177709e+00 -1.133718e+00 9.945919e-01
 -2.380360e+00 -1.372525e+00 8.858891e-01
 -2.540399e+00 -1.593459e+00 6.738221e-01
 -2.633786e+00 -1.767468e+00 3.666912e-01
 -2.635512e+00 -1.860336e+00 -1.181539e-02
 -2.526657e+00 -1.837976e+00 -4.129326e-01
 -2.307594e+00 -1.680946e+00 -7.619257e-01
 -1.983616e+00 -1.424999e+00 -9.718114e-01
 -1.623901e+00 -1.093816e+00 -9.688235e-01
 -1.389550e+00 -7.147436e-01 -7.660011e-01
 -1.368458e+00 -4.171547e-01 -4.633238e-01
 -1.553118e+00 -4.905245e-02 -2.573214e-01
 -1.916204e+00 4.098275e-01 -1.898652e-01
 -2.008984e+00 8.853617e-01 -1.601291e-01
 -1.867291e+00 1.362380e+00 -1.041688e-01
 -1.534259e+00 1.705863e+00 -1.233957e-03
 -1.098547e+00 1.839884e+00 1.021346e-01
 -6.122649e-01 1.760167e+00 1.319084e-01
 -2.426548e-01 1.512178e+00 9.459880e-02
 -2.478676e-02 1.157711e+00 3.269733e-02
 9.515243e-02 3.478738e-01 -1.020972e-01
 2.402398e-01 -8.901054e-04 -2.541037e-01
 4.666480e-01 -2.457115e-01 -6.115141e-01
 8.450558e-01 -2.577123e-01 -9.882924e-01
 1.261480e+00 -6.651539e-02 -1.185041e+00
 1.646968e+00 2.121811e-01 -1.164473e+00
 1.915346e+00 4.600260e-01 -9.800078e-01
 2.076804e+00 6.035606e-01 -7.228685e-01
 2.167254e+00 6.330504e-01 -4.972972e-01
 2.288365e+00 6.035543e-01 -3.131740e-01
 2.495075e+00 6.352103e-01 -1.061434e-01
 2.671348e+00 8.108572e-01 1.636026e-01
 2.708671e+00 1.061516e+00 4.694919e-01
 2.588889e+00 1.310766e+00 7.536066e-01
 2.333522e+00 1.514702e+00 9.791575e-01
 1.986845e+00 1.625629e+00 1.127863e+00
 1.602487e+00 1.625746e+00 1.183070e+00
 1.239217e+00 1.530330e+00 1.130383e+00
 9.511412e-01 1.338681e+00 1.004716e+00
 7.734952e-01 1.072901e+00 8.403577e-01
 7.209248e-01 7.519785e-01 6.933471e-01
 7.606595e-01 4.861133e-01 6.487533e-01
 7.976786e-01 2.328928e-01 6.732848e-01
 8.534639e-01 1.959950e-02 7.488260e-01
 1.007579e+00 -5.508107e-01 1.129562e+00
 9.313174e-01 -9.398493e-01 1.307345e+00
 7.383716e-01 -1.269047e+00 1.388357e+00
 4.841630e-01 -1.510842e+00 1.384922e+00
 1.946449e-01 -1.660722e+00 1.323080e+00
 -1.003516e-01 -1.709645e+00 1.234708e+00
 -3.664584e-01 -1.678103e+00 1.098609e+00
 -5.967742e-01 -1.562956e+00 9.120922e-01
 -7.539974e-01 -1.373483e+00 6.976118e-01
 -7.993025e-01 -1.172479e+00 4.547255e-01
 -7.246693e-01 -1.006478e+00 1.086649e-01
 -5.176659e-01 -9.402341e-01 -2.607520e-01
 -4.457458e-01 -9.115940e-01 -4.549650e-01
 -4.047497e-01 -8.716828e-01 -6.557292e-01
 -3.505815e-01 -6.587621e-01 -1.431413e+00
 -3.586597e-01 -4.781379e-01 -1.704398e+00
 -3.929354e-01 -2.281372e-01 -1.905133e+00
 -4.567485e-01 8.846637e-02 -2.025596e+00
 -5.415347e-01 4.517874e-01 -2.034356e+00
 -6.519655e-01 7.936211e-01 -1.910601e+00
 -7.542269e-01 1.066275e+00 -1.648336e+00
 -8.487236e-01 1.217193e+00 -1.250355e+00
 -9.504589e-01 1.170691e+00 -7.600205e-01
 -9.723464e-01 8.578825e-01 -2.469488e-01
 -9.923408e-01 8.041451e-01 5.102931e-02
 -1.181619e+00 8.643482e-01 5.886267e-01
 -1.227654e+00 7.424648e-01 1.025519e+00
 -1.148447e+00 4.529635e-01 1.413273e+00
 -9.897002e-01 8.259359e-02 1.604859e+00
 -7.478210e-01 -3.155027e-01 1.600983e+00
 -4.134958e-01 -6.005009e-01 1.433106e+00
 -1.218522e-01 -6.871574e-01 1.195088e+00
 7.871387e-02 -7.759553e-01 7.623409e-01
 2.342221e-01 -1.032572e+00 5.166406e-01
 2.048016e-01 -1.461051e+00 2.725497e-01
 -7.024709e-03 -1.770860e+00 1.009540e-01
 -3.860250e-01 -1.976175e+00 -5.296077e-02
 -7.594642e-01 -2.024494e+00 -1.190533e-01
 -1.100442e+00 -1.955073e+00 -1.283936e-01
 -1.374711e+00 -1.807348e+00 -9.169525e-02
 -1.547562e+00 -1.642088e+00 -3.213533e-02
