 -1.421389e+00 1.537841e+00 1.652592e+00
 -1.628128e+00 1.450437e+00 1.354409e+00
 -1.729546e+00 1.279181e+00 1.040075e+00
 -1.715511e+00 1.046569e+00 7.537093e-01
 -1.592537e+00 7.799578e-01 5.334720e-01
 -1.097861e+00 1.326488e-01 2.440769e-01
 -9.323745e-01 -1.635563e-01 1.944777e-01
 -9.046021e-01 -3.389071e-01 1.733484e-01
 -9.407107e-01 -6.134684e-01 1.657250e-01
 -1.078310e+00 -1.038077e+00 1.408631e-01
 -1.027645e+00 -1.400112e+00 8.667526e-02
 -8.646351e-01 -1.709202e+00 -2.955257e-02
 -6.400034e-01 -1.935844e+00 -2.461902e-01
 -3.751697e-01 -2.035000e+00 -5.314720e-01
 -1.024475e-01 -1.978190e+00 -7.935946e-01
 1.053276e-01 -1.802092e+00 -1.015131e+00
 2.240562e-01 -1.524792e+00 -1.234263e+00
 2.208517e-01 -1.273544e+00 -1.365760e+00
 8.982863e-02 -9.970901e-01 -1.536466e+00
 -1.939859e-01 -7.741438e-01 -1.835710e+00
 -4.666078e-01 -4.711447e-01 -1.946234e+00
 -6.384126e-01 -3.808897e-02 -1.936183e+00
 -6.498542e-01 4.430368e-01 -1.781127e+00
 -5.040409e-01 7.735409e-01 -1.516997e+00
 -2.414454e-01 9.395762e-01 -1.262011e+00
 1.057393e-01 1.019489e+00 -1.145395e+00
 4.959759e-01 1.127823e+00 -1.201142e+00
 7.593943e-01 1.115933e+00 -1.214024e+00
 1.083461e+00 1.069192e+00 -1.123635e+00
 1.344207e+00 9.870828e-01 -9.527653e-01
 1.554118e+00 8.741538e-01 -6.802622e-01
 1.620919e+00 7.867108e-01 -4.414461e-01
 1.624014e+00 7.416919e-01 -2.013818e-01
 1.629580e+00 7.745665e-01 1.373328e-02
 1.702535e+00 8.062891e-01 2.456917e-01
 1.815639e+00 7.308016e-01 5.437218e-01
 1.842113e+00 5.226788e-01 8.666872e-01
 1.750542e+00 2.688314e-01 1.128117e+00
 1.550873e+00 1.675453e-03 1.302947e+00
 1.274665e+00 -2.529782e-01 1.360572e+00
 9.572017e-01 -4.576554e-01 1.292587e+00
 2.525439e-01 -7.212629e-01 8.910571e-01
 6.978289e-03 -8.027853e-01 8.357737e-01
 -1.911373e-01 -9.362662e-01 8.172333e-01
 -3.576803e-01 -1.116843e+00 8.544770e-01
 -5.692216e-01 -1.293950e+00 9.927645e-01
 -8.171686e-01 -1.390593e+00 1.215908e+00
 -1.060574e+00 -1.367381e+00 1.471849e+00
 -1.271698e+00 -1.225614e+00 1.727056e+00
 -1.409709e+00 -9.976121e-01 1.931021e+00
 -1.503250e+00 -6.944110e-01 2.057645e+00
 -1.539525e+00 -3.620481e-01 2.088850e+00
 -1.511551e+00 -3.463857e-02 2.027611e+00
 -1.421969e+00 2.557376e-01 1.882598e+00
 -1.272898e+00 4.746942e-01 1.681461e+00
 -9.248829e-01 6.962974e-01 1.298236e+00
 -7.578428e-01 9.416937e-01 1.150224e+00
 -4.774100e-01 1.161616e+00 1.104397e+00
 -1.072722e-01 1.263275e+00 1.060227e+00
 2.750770e-01 1.200677e+00 9.779099e-01
 5.895645e-01 1.001016e+00 8.691534e-01
 7.909794e-01 7.095886e-01 7.527543e-01
 8.712466e-01 3.308217e-01 6.032090e-01
 9.935371e-01 1.085429e-01 4.467004e-01
 1.217455e+00 -1.032212e-01 3.287334e-01
 1.575317e+00 -2.259633e-01 2.139037e-01
 1.958288e+00 -1.878411e-01 9.815854e-02
 2.297192e+00 -3.106802e-03 4.961586e-03
 2.536158e+00 2.987967e-01 -7.033413e-02
 2.640640e+00 6.664285e-01 -1.380903e-01
 2.599487e+00 1.043742e+00 -1.886472e-01
 2.423375e+00 1.382156e+00 -2.056037e-01
 2.136870e+00 1.633696e+00 -1.968088e-01
 1.783376e+00 1.761003e+00 -1.866427e-01
 1.409397e+00 1.751010e+00 -1.734645e-01
 1.072856e+00 1.609296e+00 -1.527685e-01
 8.018399e-01 1.351629e+00 -1.585750e-01
 6.498830e-01 1.021218e+00 -1.908107e-01
 6.103258e-01 7.151616e-01 -2.862169e-01
 6.540125e-01 4.229852e-01 -4.471581e-01
 8.871697e-01 8.626402e-02 -5.980758e-01
 1.020158e+00 -1.120222e-01 -7.625077e-01
 1.085580e+00 -2.947857e-01 -9.670733e-01
 1.065973e+00 -9.146666e-01 -1.844105e+00
 9.437221e-01 -1.141416e+00 -2.091750e+00
 7.229119e-01 -1.366731e+00 -2.261277e+00
 4.301711e-01 -1.564263e+00 -2.330367e+00
 1.015471e-01 -1.710125e+00 -2.287962e+00
 -2.199969e-01 -1.785710e+00 -2.136989e+00
 -5.208953e-01 -1.766521e+00 -1.886671e+00
 -7.323347e-01 -1.638066e+00 -1.594176e+00
 -8.145042e-01 -1.434843e+00 -1.301601e+00
 -7.521035e-01 -1.205626e+00 -9.975223e-01
 -5.863382e-01 -1.055844e+00 -7.705548e-01
 -3.437323e-01 -9.976051e-01 -5.733301e-01
 -1.329740e-01 -1.051624e+00 -3.555698e-01
 2.930514e-02 -1.152564e+00 -2.026157e-01
 3.247784e-01 -1.508731e+00 1.450709e-01
 4.480385e-01 -1.674591e+00 5.047857e-01
 4.671368e-01 -1.722629e+00 9.401600e-01
 3.777377e-01 -1.635617e+00 1.335841e+00
 2.212658e-01 -1.406780e+00 1.652511e+00
 1.243768e-02 -1.096914e+00 1.820931e+00
 -2.640060e-01 -7.653205e-01 1.827430e+00
 -5.498026e-01 -4.977490e-01 1.666695e+00
 -7.460309e-01 -3.864958e-01 1.454599e+00
 -9.493156e-01 -3.785851e-01 1.232562e+00
 -1.427117e+00 -4.280601e-01 1.044373e+00
 -1.657043e+00 -4.564451e-01 8.641871e-01
 -1.833238e+00 -4.578454e-01 6.214916e-01
 -1.924942e+00 -4.395127e-01 3.590130e-01
 -1.934831e+00 -4.170099e-01 8.170065e-02
 -1.859419e+00 -3.822956e-01 -1.992078e-01
 -1.706734e+00 -3.239953e-01 -4.507111e-01
 -1.482583e+00 -2.474285e-01 -6.539059e-01
 -1.236602e+00 -1.731901e-01 -7.712769e-01
 -6.502235e-01 -5.027238e-02 -8.680657e-01
 -2.894546e-01 -5.833366e-02 -9.456653e-01
 1.381012e-02 -3.843846e-02 -1.121406e+00
 2.022873e-01 2.312114e-02 -1.339329e+00
 3.228717e-01 1.131580e-01 -1.576635e+00
 3.764877e-01 3.659526e-01 -1.893151e+00
 3.378308e-01 6.311565e-01 -2.085880e+00
 2.520744e-01 9.516077e-01 -2.181947e+00
 1.441162e-01 1.283089e+00 -2.154510e+00
 2.578344e-02 1.600933e+00 -2.000910e+00
 -8.557200e-02 1.825401e+00 -1.763886e+00
 -1.953827e-01 1.951578e+00 -1.464273e+00
 -2.889106e-01 1.967418e+00 -1.137986e+00
 -3.544555e-01 1.874692e+00 -8.210646e-01
 -3.838323e-01 1.686875e+00 -5.471602e-01
 -3.279276e-01 8.878798e-01 9.088594e-02
 -2.115231e-01 6.004603e-01 2.924167e-01
 -1.588002e-01 4.665722e-01 4.185983e-01
 -1.447809e-01 2.723623e-01 7.017853e-01
 -9.997484e-02 2.152065e-01 9.000317e-01
 3.507888e-03 2.424487e-01 1.225159e+00
 1.788047e-03 3.889782e-01 1.600469e+00
 -8.964403e-02 6.166023e-01 1.883610e+00
 -2.835583e-01 8.852750e-01 2.074732e+00
 -5.457477e-01 1.157329e+00 2.137522e+00
 -8.446129e-01 1.383866e+00 2.071504e+00
 -1.147980e+00 1.517060e+00 1.899563e+00
