 -9.955129e-01 -8.317466e-01 8.564900e-01
 -8.100003e-01 -7.958895e-01 7.777879e-01
 -6.298792e-01 -7.890932e-01 6.661374e-01
 -4.536195e-01 -8.136738e-01 5.013999e-01
 -3.252391e-01 -8.620204e-01 3.355943e-01
 -2.093289e-01 -9.100794e-01 2.180661e-01
 3.498019e-02 -9.738985e-01 3.585884e-02
 1.881606e-01 -9.772214e-01 -1.007851e-01
 3.221734e-01 -9.440136e-01 -2.464509e-01
 4.356329e-01 -8.758911e-01 -3.943867e-01
 5.269049e-01 -7.772538e-01 -5.328355e-01
 6.011423e-01 -6.541884e-01 -6.490969e-01
 6.603435e-01 -5.105080e-01 -7.416294e-01
 7.639750e-01 -1.629398e-01 -8.864202e-01
 8.451493e-01 1.579980e-04 -1.031204e+00
 9.800442e-01 1.223099e-01 -1.211879e+00
 1.198465e+00 2.555240e-01 -1.341719e+00
 1.445885e+00 3.995000e-01 -1.391179e+00
 1.697710e+00 5.546221e-01 -1.353829e+00
 1.916975e+00 6.910996e-01 -1.244553e+00
 2.088557e+00 8.168546e-01 -1.074157e+00
 2.203237e+00 9.283815e-01 -8.543338e-01
 2.250334e+00 1.028579e+00 -6.014036e-01
 2.222636e+00 1.114357e+00 -3.369174e-01
 2.121559e+00 1.172116e+00 -8.039165e-02
 1.953024e+00 1.193901e+00 1.521879e-01
 1.733516e+00 1.170290e+00 3.413289e-01
 1.480144e+00 1.104435e+00 4.694778e-01
 9.097435e-01 8.941801e-01 5.861211e-01
 8.418261e-01 8.749503e-01 5.989211e-01
 7.499316e-01 8.552376e-01 6.204310e-01
 5.136878e-01 8.322368e-01 6.715167e-01
 3.706471e-01 8.553813e-01 7.122080e-01
 2.243677e-01 9.161053e-01 7.845973e-01
 -1.058042e-01 1.120755e+00 1.021007e+00
 -5.263049e-01 1.182614e+00 1.160969e+00
 -9.864704e-01 1.081289e+00 1.190810e+00
 -1.323083e+00 8.545975e-01 1.121427e+00
 -1.531595e+00 5.475935e-01 9.521254e-01
 -1.614425e+00 2.272462e-01 6.366340e-01
 -1.540387e+00 1.452347e-02 3.317612e-01
 -1.295191e+00 -2.563183e-01 7.129581e-02
 -1.240696e+00 -5.230441e-01 -9.941109e-02
 -1.222792e+00 -8.674670e-01 -1.659160e-01
 -1.178228e+00 -1.224073e+00 -9.102569e-02
 -1.072641e+00 -1.526831e+00 1.050072e-01
 -9.003409e-01 -1.736517e+00 3.904389e-01
 -7.269145e-01 -1.809556e+00 7.064208e-01
 -5.556714e-01 -1.749694e+00 1.027305e+00
 -4.127033e-01 -1.565978e+00 1.309874e+00
 -2.813478e-01 -1.235469e+00 1.544594e+00
 -1.562921e-01 -1.078661e+00 1.668698e+00
 5.296969e-02 -9.385998e-01 1.873751e+00
 4.472557e-01 -8.295238e-01 1.981707e+00
 8.799929e-01 -6.976483e-01 1.894042e+00
 1.215862e+00 -5.418486e-01 1.617040e+00
 1.369744e+00 -3.639359e-01 1.238044e+00
 1.335192e+00 -1.952795e-01 8.394005e-01
 1.126361e+00 -9.417234e-02 4.587274e-01
 8.442057e-01 -7.020360e-02 2.339747e-01
 3.158643e-01 2.690083e-02 4.854998e-02
 8.353855e-02 3.405314e-02 -1.113249e-01
 -1.919365e-01 -5.619823e-02 -3.693036e-01
 -6.107791e-01 -6.199692e-01 -9.290142e-01
 -7.288179e-01 -7.720887e-01 -1.273761e+00
 -7.678827e-01 -8.026731e-01 -1.663871e+00
 -7.263609e-01 -7.071817e-01 -2.039590e+00
 -5.935645e-01 -5.047750e-01 -2.358786e+00
 -3.974500e-01 -2.603856e-01 -2.548129e+00
 -1.746690e-01 4.028097e-02 -2.608312e+00
 2.781099e-02 3.648411e-01 -2.525364e+00
 1.869571e-01 6.350190e-01 -2.317505e+00
 2.918600e-01 8.239440e-01 -2.011585e+00
 3.281290e-01 9.075074e-01 -1.650669e+00
 2.796605e-01 8.202125e-01 -8.381432e-01
 2.458186e-01 8.874954e-01 -6.068421e-01
 2.219136e-01 1.138528e+00 -2.981884e-01
 3.231916e-01 1.580069e+00 -3.986611e-03
 4.614757e-01 1.799303e+00 3.234860e-01
 6.108290e-01 1.863959e+00 7.184976e-01
 7.345786e-01 1.761826e+00 1.089655e+00
 8.029569e-01 1.514439e+00 1.397288e+00
 7.975937e-01 1.163462e+00 1.600220e+00
 7.059552e-01 7.381859e-01 1.673632e+00
 5.634085e-01 3.547413e-01 1.580951e+00
 3.639272e-01 -1.077840e-01 1.210711e+00
 3.464560e-01 -4.691911e-01 1.016555e+00
 4.702975e-01 -7.496289e-01 9.381872e-01
 5.745777e-01 -1.057070e+00 9.677169e-01
 6.531714e-01 -1.352541e+00 1.115626e+00
 6.483807e-01 -1.626951e+00 1.362140e+00
 5.539632e-01 -1.814613e+00 1.652876e+00
 3.812777e-01 -1.911970e+00 1.924583e+00
 1.490138e-01 -1.923968e+00 2.158159e+00
 -1.084864e-01 -1.842441e+00 2.344728e+00
 -3.606928e-01 -1.681810e+00 2.463462e+00
 -5.804446e-01 -1.461511e+00 2.508892e+00
 -7.500644e-01 -1.207337e+00 2.480628e+00
 -8.588966e-01 -9.450077e-01 2.385353e+00
 -9.028409e-01 -6.972010e-01 2.234265e+00
 -8.827422e-01 -4.834967e-01 2.041518e+00
 -6.211900e-01 9.075535e-02 1.238501e+00
 -5.635125e-01 2.088016e-01 8.265783e-01
 -5.952070e-01 3.328285e-01 5.686811e-01
 -6.584274e-01 5.312351e-01 3.714948e-01
 -8.441770e-01 7.869055e-01 2.148645e-01
 -1.184940e+00 1.034148e+00 8.039027e-02
 -1.499113e+00 1.174362e+00 -2.206963e-01
 -1.695102e+00 1.215429e+00 -6.695965e-01
 -1.699128e+00 1.153243e+00 -1.120017e+00
 -1.533309e+00 9.799010e-01 -1.498964e+00
 -1.211689e+00 7.072698e-01 -1.756250e+00
 -8.214331e-01 4.293161e-01 -1.804896e+00
 -3.410580e-01 1.306098e-01 -1.591611e+00
 -1.442325e-01 4.697434e-03 -1.586879e+00
 1.343933e-02 -1.376726e-01 -1.618919e+00
 2.767971e-01 -4.353519e-01 -1.754701e+00
 5.821243e-01 -6.431408e-01 -1.778082e+00
 9.236432e-01 -7.686158e-01 -1.707794e+00
 1.235864e+00 -8.019957e-01 -1.549528e+00
 1.490755e+00 -7.532792e-01 -1.314130e+00
 1.670614e+00 -6.102204e-01 -1.034690e+00
 1.755808e+00 -3.788981e-01 -7.607733e-01
 1.730080e+00 -8.685841e-02 -5.327653e-01
 1.600913e+00 2.393224e-01 -3.884922e-01
 1.425258e+00 4.925287e-01 -3.685091e-01
 1.272101e+00 7.229908e-01 -4.436516e-01
 1.216858e+00 1.202326e+00 -6.368555e-01
 1.064058e+00 1.485235e+00 -8.032180e-01
 7.463599e-01 1.749370e+00 -9.664634e-01
 3.886578e-01 1.861087e+00 -1.027957e+00
 -1.568040e-02 1.819666e+00 -1.031057e+00
 -3.857802e-01 1.606550e+00 -1.008466e+00
 -6.652173e-01 1.227698e+00 -9.372569e-01
 -7.504977e-01 8.302256e-01 -8.418597e-01
 -8.260816e-01 6.551343e-01 -8.013740e-01
 -9.028282e-01 5.535418e-01 -7.842398e-01
 -1.055376e+00 4.145088e-01 -7.779764e-01
 -1.255122e+00 2.875297e-01 -7.896097e-01
 -1.592855e+00 1.597172e-01 -8.056634e-01
 -1.869655e+00 8.725313e-03 -7.270310e-01
 -2.086313e+00 -1.785517e-01 -5.725599e-01
 -2.219468e+00 -3.849105e-01 -3.612749e-01
 -2.256881e+00 -5.894728e-01 -1.156747e-01
 -2.204961e+00 -7.544535e-01 1.439749e-01
 -2.071682e+00 -8.671926e-01 4.028038e-01
 -1.865066e+00 -9.227159e-01 6.260643e-01
 -1.605111e+00 -9.231536e-01 7.895159e-01
 -1.297084e+00 -8.837456e-01 8.696514e-01
