 1.980107e-01 -1.015381e+00 -1.807806e+00
 5.378016e-02 -1.225060e+00 -1.909567e+00
 -1.626650e-01 -1.404118e+00 -1.963458e+00
 -4.417188e-01 -1.567990e+00 -1.927420e+00
 -7.434247e-01 -1.690673e+00 -1.783381e+00
 -9.969403e-01 -1.737402e+00 -1.563362e+00
 -1.190463e+00 -1.707007e+00 -1.284198e+00
 -1.303168e+00 -1.599768e+00 -9.771239e-01
 -1.319051e+00 -1.432334e+00 -6.818883e-01
 -1.154668e+00 -1.108620e+00 -2.117132e-01
 -1.040450e+00 -1.019658e+00 1.978743e-01
 -9.887429e-01 -1.070497e+00 4.245789e-01
 -9.885239e-01 -1.217398e+00 7.324572e-01
 -1.145945e+00 -1.304396e+00 1.041069e+00
 -1.452354e+00 -1.243036e+00 1.393489e+00
 -1.732544e+00 -9.789019e-01 1.647992e+00
 -1.896821e+00 -5.848802e-01 1.793907e+00
 -1.913024e+00 -1.286918e-01 1.815118e+00
 -1.805872e+00 2.970768e-01 1.676137e+00
 -1.598190e+00 6.042042e-01 1.405076e+00
 -1.325309e+00 7.331462e-01 1.063232e+00
 -4.193873e-01 5.410341e-01 1.303609e-01
 -1.126894e-02 5.082672e-01 -6.159066e-02
 2.672688e-01 5.989235e-01 -2.191592e-01
 4.462274e-01 6.934759e-01 -4.748060e-01
 5.541622e-01 8.727531e-01 -7.729257e-01
 5.722817e-01 1.219766e+00 -1.033745e+00
 5.240979e-01 1.641642e+00 -1.134050e+00
 4.308735e-01 2.061047e+00 -1.053270e+00
 3.156287e-01 2.402351e+00 -8.046712e-01
 2.180945e-01 2.603595e+00 -4.371697e-01
 1.600557e-01 2.637778e+00 -1.889978e-02
 1.660592e-01 2.504832e+00 3.836608e-01
 2.539913e-01 2.275506e+00 6.576414e-01
 4.009734e-01 2.129522e+00 7.878233e-01
 5.562789e-01 2.037300e+00 9.495255e-01
 6.537485e-01 1.871229e+00 1.245179e+00
 6.385335e-01 1.572556e+00 1.532650e+00
 5.224463e-01 1.195746e+00 1.695933e+00
 3.391047e-01 7.993895e-01 1.688649e+00
 1.273586e-01 4.647764e-01 1.507253e+00
 -3.263348e-02 2.369848e-01 1.185400e+00
 -9.066390e-02 7.793614e-02 1.026551e+00
 -1.269663e-01 -6.678646e-02 9.199925e-01
 -1.520059e-01 -2.457630e-01 8.442705e-01
 -1.470600e-01 -5.189756e-01 8.330420e-01
 -1.072984e-01 -7.591336e-01 8.729251e-01
 6.960257e-02 -1.240856e+00 1.046362e+00
 2.448389e-01 -1.632858e+00 1.004671e+00
 3.969180e-01 -1.976826e+00 7.847995e-01
 5.240913e-01 -2.189602e+00 4.350824e-01
 5.688970e-01 -2.253234e+00 1.373860e-02
 4.825178e-01 -2.185137e+00 -4.081641e-01
 2.868192e-01 -1.992175e+00 -7.449797e-01
 2.132171e-02 -1.700506e+00 -9.388812e-01
 -3.263049e-01 -1.255337e+00 -9.595522e-01
 -4.595390e-01 -1.037117e+00 -1.045699e+00
 -6.337603e-01 -8.329957e-01 -1.226211e+00
 -7.522639e-01 -6.540879e-01 -1.574683e+00
 -7.176694e-01 -5.418495e-01 -1.982520e+00
 -5.194248e-01 -5.033934e-01 -2.360938e+00
 -1.961470e-01 -5.415965e-01 -2.637023e+00
 1.976181e-01 -6.326923e-01 -2.761592e+00
 5.950309e-01 -7.480083e-01 -2.714784e+00
 9.316091e-01 -8.682846e-01 -2.509784e+00
 1.155666e+00 -9.742190e-01 -2.182871e+00
 1.233614e+00 -1.049348e+00 -1.788272e+00
 1.167109e+00 -1.052500e+00 -1.394523e+00
 9.731039e-01 -9.772826e-01 -1.050728e+00
 7.029649e-01 -8.601077e-01 -8.407210e-01
 4.466623e-01 -6.572805e-01 -7.416060e-01
 2.269117e-01 -3.734519e-01 -7.180606e-01
 -1.677992e-01 2.393309e-02 -9.516311e-01
 -3.289315e-01 3.057148e-01 -1.011633e+00
 -4.360606e-01 6.178457e-01 -9.816099e-01
 -4.716371e-01 9.234274e-01 -8.706841e-01
 -4.236674e-01 1.194027e+00 -6.984783e-01
 -2.710423e-01 1.434209e+00 -4.777201e-01
 -3.033128e-02 1.580911e+00 -2.672317e-01
 2.157560e-01 1.621249e+00 -1.426826e-01
 4.875844e-01 1.654518e+00 -1.065019e-01
 7.715963e-01 1.799195e+00 -1.027731e-01
 1.027992e+00 2.076111e+00 -1.347540e-02
 1.167851e+00 2.386451e+00 1.688843e-01
 1.181490e+00 2.676730e+00 4.248539e-01
 1.070516e+00 2.899319e+00 7.229116e-01
 8.656190e-01 3.011741e+00 1.025020e+00
 5.995730e-01 3.000428e+00 1.292618e+00
 3.078933e-01 2.871844e+00 1.488366e+00
 3.208468e-02 2.644426e+00 1.589943e+00
 -1.934446e-01 2.352701e+00 1.584342e+00
 -3.308774e-01 2.030266e+00 1.486543e+00
 -3.646417e-01 1.719941e+00 1.314375e+00
 -2.925038e-01 1.460028e+00 1.102705e+00
 -1.214933e-01 1.265570e+00 8.939051e-01
 1.063153e-01 1.155705e+00 7.434120e-01
 3.280881e-01 1.068719e+00 6.978349e-01
 1.351335e+00 6.267791e-01 6.359395e-01
 1.593544e+00 4.165143e-01 6.000013e-01
 1.757497e+00 1.445955e-01 5.566708e-01
 1.826840e+00 -1.554400e-01 4.984657e-01
 1.797105e+00 -4.571714e-01 4.199865e-01
 1.666994e+00 -7.366549e-01 3.313467e-01
 1.447107e+00 -9.658699e-01 2.528886e-01
 1.153421e+00 -1.120588e+00 1.921937e-01
 4.450044e-01 -1.231585e+00 8.379802e-02
 2.698202e-01 -1.275169e+00 3.554033e-02
 1.052613e-01 -1.335928e+00 2.251542e-02
 -1.004249e-01 -1.456430e+00 5.399767e-02
 -4.013209e-01 -1.822999e+00 5.416658e-02
 -8.007492e-01 -2.034076e+00 1.104596e-01
 -1.228946e+00 -2.062632e+00 1.947898e-01
 -1.608815e+00 -1.902509e+00 2.849927e-01
 -1.887203e+00 -1.588761e+00 3.722700e-01
 -2.010081e+00 -1.177786e+00 4.874160e-01
 -1.960751e+00 -8.094783e-01 6.035125e-01
 -1.757535e+00 -4.798936e-01 7.471841e-01
 -1.478823e+00 -3.128899e-01 8.880461e-01
 -1.164979e+00 -2.809417e-01 1.098838e+00
 -8.730070e-01 -3.385183e-01 1.580539e+00
 -3.992541e-01 -4.912480e-01 1.843079e+00
 1.900470e-01 -5.349684e-01 1.852102e+00
 5.956799e-01 -4.793980e-01 1.604766e+00
 8.817081e-01 -3.483252e-01 9.947762e-01
 7.950277e-01 -1.922894e-01 4.047283e-01
 8.559283e-01 -1.385477e-01 1.696427e-01
 1.185360e+00 -4.921916e-03 -4.449717e-01
 1.161960e+00 7.873717e-02 -9.233540e-01
 9.390299e-01 7.371119e-03 -1.383305e+00
 6.105995e-01 -2.254638e-01 -1.680147e+00
 3.334408e-01 -5.272358e-01 -1.744997e+00
 2.472465e-01 -7.849117e-01 -1.743814e+00
