 1.657781e+00 -7.003496e-01 -8.586927e-01
 1.486588e+00 -4.041854e-01 -1.028450e+00
 1.162186e+00 -3.975351e-02 -1.094567e+00
 1.035718e+00 1.188675e-01 -1.202045e+00
 9.462618e-01 2.785765e-01 -1.371266e+00
 9.324663e-01 4.873814e-01 -1.549814e+00
 9.886085e-01 7.142889e-01 -1.682828e+00
 1.101005e+00 9.524847e-01 -1.763356e+00
 1.267827e+00 1.205747e+00 -1.773892e+00
 1.452850e+00 1.433366e+00 -1.703083e+00
 1.637283e+00 1.625574e+00 -1.542257e+00
 1.785977e+00 1.771357e+00 -1.300423e+00
 1.881999e+00 1.846792e+00 -1.002075e+00
 1.918292e+00 1.837733e+00 -6.710735e-01
 1.896129e+00 1.734765e+00 -3.471412e-01
 1.819005e+00 1.544093e+00 -7.023047e-02
 1.689909e+00 1.289068e+00 1.259272e-01
 1.463590e+00 9.340481e-01 2.454814e-01
 1.364833e+00 8.132798e-01 3.162262e-01
 1.252642e+00 6.938513e-01 4.285939e-01
 1.170489e+00 6.309386e-01 5.278343e-01
 1.088478e+00 5.410191e-01 6.983309e-01
 9.873135e-01 4.296574e-01 1.061225e+00
 8.175076e-01 3.289917e-01 1.318493e+00
 5.957836e-01 2.108084e-01 1.494923e+00
 3.427650e-01 8.394509e-02 1.582688e+00
 7.732693e-02 -4.103005e-02 1.578576e+00
 -1.815101e-01 -1.564027e-01 1.482211e+00
 -4.135866e-01 -2.515177e-01 1.297169e+00
 -5.949794e-01 -3.174728e-01 1.035301e+00
 -7.712701e-01 -3.885855e-01 5.087754e-01
 -1.028033e+00 -4.029852e-01 1.847657e-01
 -1.401811e+00 -3.118247e-01 -1.016711e-02
 -1.792465e+00 -2.110915e-01 -3.294116e-02
 -2.171232e+00 -1.436481e-01 1.065037e-01
 -2.476483e+00 -1.417790e-01 3.789328e-01
 -2.656094e+00 -1.996999e-01 7.375839e-01
 -2.687243e+00 -3.074393e-01 1.124772e+00
 -2.576019e+00 -4.689748e-01 1.471417e+00
 -2.345099e+00 -6.619599e-01 1.724800e+00
 -2.028350e+00 -8.544514e-01 1.852051e+00
 -1.673726e+00 -1.017724e+00 1.836718e+00
 -1.330803e+00 -1.143472e+00 1.674561e+00
 -1.077259e+00 -1.222468e+00 1.394552e+00
 -9.608397e-01 -1.271174e+00 1.065378e+00
 -9.885962e-01 -1.339570e+00 7.350596e-01
 -1.045078e+00 -1.514627e+00 4.760607e-01
 -9.871678e-01 -1.743747e+00 2.596857e-01
 -7.902312e-01 -1.964700e+00 5.085228e-02
 -5.267334e-01 -2.078740e+00 -1.185538e-01
 -2.094255e-01 -2.071863e+00 -2.933008e-01
 1.318961e-01 -1.923758e+00 -4.366243e-01
 4.058399e-01 -1.672972e+00 -5.025700e-01
 5.823531e-01 -1.356700e+00 -4.994908e-01
 8.178270e-01 -5.829293e-01 -2.462487e-01
 1.120227e+00 -3.118543e-01 -5.933460e-02
 1.714366e+00 -2.183254e-01 3.313460e-01
 1.966656e+00 -1.163158e-02 6.508889e-01
 2.070811e+00 3.385214e-01 9.382282e-01
 2.001078e+00 7.549883e-01 1.128863e+00
 1.762966e+00 1.131835e+00 1.210258e+00
 1.397130e+00 1.415909e+00 1.154097e+00
 1.006790e+00 1.563418e+00 9.275295e-01
 6.752446e-01 1.530688e+00 5.960495e-01
 4.567429e-01 1.316414e+00 2.363781e-01
 3.761168e-01 8.188521e-01 -2.079444e-01
 3.048232e-01 7.178478e-01 -4.345500e-01
 1.750033e-01 7.272481e-01 -8.859045e-01
 4.825668e-02 6.915583e-01 -1.116763e+00
 -9.481677e-02 5.625872e-01 -1.350767e+00
 -2.888536e-01 3.249648e-01 -1.558281e+00
 -4.538307e-01 1.038969e-01 -1.643812e+00
 -5.930583e-01 -1.313710e-01 -1.646213e+00
 -7.034656e-01 -3.703817e-01 -1.567233e+00
 -7.734760e-01 -6.138602e-01 -1.404430e+00
 -7.735463e-01 -8.866720e-01 -1.130125e+00
 -7.049354e-01 -1.050542e+00 -8.272929e-01
 -5.777114e-01 -1.110136e+00 -5.079170e-01
 -3.522905e-01 -1.064291e+00 -1.639329e-01
 -2.042625e-01 -1.103181e+00 9.677374e-02
 -7.304918e-02 -1.245683e+00 2.986333e-01
 -6.879701e-03 -1.454497e+00 5.011167e-01
 -4.278302e-02 -1.708703e+00 7.049112e-01
 -1.986633e-01 -1.966275e+00 8.886193e-01
 -4.635994e-01 -2.173688e+00 1.026298e+00
 -7.941700e-01 -2.283104e+00 1.111618e+00
 -1.154661e+00 -2.273935e+00 1.153051e+00
 -1.498222e+00 -2.142625e+00 1.145600e+00
 -1.779557e+00 -1.903411e+00 1.082449e+00
 -1.954017e+00 -1.575037e+00 9.788721e-01
 -1.991311e+00 -1.215648e+00 8.811766e-01
 -1.901808e+00 -9.071695e-01 8.326743e-01
 -1.762448e+00 -6.779591e-01 8.754272e-01
 -1.690179e+00 -4.812688e-01 9.614611e-01
 -1.658916e+00 -2.015553e-01 9.943129e-01
 -1.588757e+00 7.817483e-02 9.322518e-01
 -1.421729e+00 3.674632e-01 7.658467e-01
 -1.215727e+00 5.472089e-01 5.497002e-01
 -9.825277e-01 6.142608e-01 3.132329e-01
 -8.923330e-01 6.587829e-01 2.227617e-01
 -8.010800e-01 7.229871e-01 1.329552e-01
 -7.194351e-01 8.051447e-01 5.863955e-02
 -6.310157e-01 9.571721e-01 -7.064750e-02
 -5.503547e-01 1.245024e+00 -2.692916e-01
 -4.279218e-01 1.436126e+00 -4.097111e-01
 -2.573883e-01 1.588503e+00 -5.263691e-01
 -5.932968e-02 1.685458e+00 -6.230235e-01
 1.559942e-01 1.728036e+00 -6.994197e-01
 3.769302e-01 1.717779e+00 -7.533900e-01
 5.939264e-01 1.657090e+00 -7.847884e-01
 7.976890e-01 1.549605e+00 -7.931838e-01
 9.677420e-01 1.408692e+00 -7.806964e-01
 1.267723e+00 1.036962e+00 -7.637901e-01
 1.630893e+00 8.624108e-01 -8.570852e-01
 1.885616e+00 6.986839e-01 -1.133220e+00
 1.970051e+00 4.347457e-01 -1.538616e+00
 1.833593e+00 1.170356e-01 -1.887314e+00
 1.531925e+00 -2.006472e-01 -2.068184e+00
 1.144941e+00 -4.820354e-01 -2.041593e+00
 7.304994e-01 -6.586551e-01 -1.808243e+00
 4.189517e-01 -6.600643e-01 -1.463946e+00
 -2.565768e-02 -2.699625e-01 -7.462846e-01
 -3.991853e-01 -8.368747e-02 -5.929710e-01
 -1.080022e+00 2.930589e-01 -7.570584e-01
 -1.388727e+00 6.270669e-01 -7.041894e-01
 -1.575410e+00 9.884964e-01 -4.867226e-01
 -1.599882e+00 1.302179e+00 -1.502256e-01
 -1.443934e+00 1.525088e+00 2.099770e-01
 -1.151303e+00 1.602953e+00 5.429982e-01
 -7.932903e-01 1.488743e+00 8.222383e-01
 -4.413445e-01 1.218072e+00 9.595636e-01
 -1.574256e-01 8.525046e-01 9.224449e-01
 1.817731e-01 9.200955e-02 4.960571e-01
 4.963086e-01 -5.379081e-01 7.400516e-01
 7.280296e-01 -8.095313e-01 7.670922e-01
 9.917793e-01 -1.059653e+00 6.602263e-01
 1.307769e+00 -1.240404e+00 4.122149e-01
 1.539606e+00 -1.275110e+00 1.230006e-01
 1.688606e+00 -1.187017e+00 -2.073923e-01
 1.733241e+00 -9.578042e-01 -5.903876e-01
