 -1.175084e+00 2.308492e+00 9.663540e-01
 -8.583978e-01 2.382291e+00 1.140450e+00
 -5.040241e-01 2.355574e+00 1.235848e+00
 -1.585874e-01 2.231364e+00 1.242020e+00
 1.328642e-01 2.024520e+00 1.160629e+00
 3.321683e-01 1.760771e+00 1.004743e+00
 5.352270e-01 1.012293e+00 4.965961e-01
 5.553034e-01 6.663628e-01 3.440467e-01
 5.998446e-01 4.412006e-01 2.945680e-01
 7.051651e-01 2.277590e-01 2.407585e-01
 8.220228e-01 9.415178e-02 2.105451e-01
 1.162626e+00 -1.777101e-01 2.449041e-01
 1.394230e+00 -4.864795e-01 1.605728e-01
 1.510535e+00 -8.185151e-01 -2.075093e-02
 1.496954e+00 -1.106998e+00 -2.332180e-01
 1.360667e+00 -1.340881e+00 -4.549972e-01
 1.137652e+00 -1.479850e+00 -7.041285e-01
 8.681471e-01 -1.484793e+00 -9.756484e-01
 6.014101e-01 -1.366343e+00 -1.192290e+00
 3.589307e-01 -1.152581e+00 -1.329321e+00
 6.265455e-02 -8.149857e-01 -1.360831e+00
 -1.974023e-01 -6.770402e-01 -1.471606e+00
 -4.578777e-01 -6.297232e-01 -1.512324e+00
 -7.532956e-01 -6.261236e-01 -1.472350e+00
 -9.617745e-01 -6.310619e-01 -1.381924e+00
 -1.166953e+00 -6.111568e-01 -1.217004e+00
 -1.323328e+00 -5.651506e-01 -9.874023e-01
 -1.414642e+00 -4.741067e-01 -7.211142e-01
 -1.419363e+00 -3.383445e-01 -3.897494e-01
 -1.327449e+00 -2.123230e-01 -1.159409e-01
 -8.991494e-01 8.239808e-02 4.307003e-01
 -8.081948e-01 1.555364e-01 5.234657e-01
 -6.963104e-01 2.350873e-01 6.004756e-01
 -4.887851e-01 3.796861e-01 6.995975e-01
 -2.522412e-01 4.901903e-01 9.186324e-01
 -1.187448e-01 6.356291e-01 1.187969e+00
 -1.116171e-01 7.631687e-01 1.509423e+00
 -2.036221e-01 7.747301e-01 1.906851e+00
 -3.799102e-01 6.464389e-01 2.262923e+00
 -5.777842e-01 4.080203e-01 2.501228e+00
 -7.552004e-01 7.446602e-02 2.618953e+00
 -8.654245e-01 -3.094419e-01 2.604042e+00
 -9.035057e-01 -6.804750e-01 2.447000e+00
 -8.506856e-01 -9.804492e-01 2.172361e+00
 -6.993310e-01 -1.160320e+00 1.870558e+00
 -4.864038e-01 -1.217354e+00 1.617866e+00
 -2.525903e-01 -1.204186e+00 1.483086e+00
 -4.794406e-02 -1.234366e+00 1.418586e+00
 1.892763e-01 -1.341702e+00 1.268253e+00
 3.847728e-01 -1.405626e+00 9.943998e-01
 5.305453e-01 -1.365600e+00 6.292360e-01
 5.652716e-01 -1.226856e+00 2.734656e-01
 4.964625e-01 -9.486145e-01 -8.762423e-02
 5.178454e-01 -7.959437e-01 -2.689771e-01
 5.955160e-01 -6.404528e-01 -4.744585e-01
 7.530375e-01 -5.149349e-01 -6.363820e-01
 1.031134e+00 -4.677519e-01 -8.905688e-01
 1.430762e+00 -5.923337e-01 -1.233259e+00
 1.617747e+00 -6.203731e-01 -1.566762e+00
 1.701458e+00 -5.517813e-01 -1.940503e+00
 1.668738e+00 -3.932975e-01 -2.295042e+00
 1.526175e+00 -1.657703e-01 -2.577012e+00
 1.288419e+00 8.870526e-02 -2.748028e+00
 9.816832e-01 3.252011e-01 -2.786736e+00
 6.563416e-01 5.185643e-01 -2.683118e+00
 3.684920e-01 6.494978e-01 -2.447259e+00
 1.630992e-01 6.963147e-01 -2.114025e+00
 7.591884e-02 6.568969e-01 -1.745800e+00
 1.295442e-01 5.806946e-01 -1.394886e+00
 2.785705e-01 4.845357e-01 -1.126108e+00
 4.506892e-01 4.361356e-01 -9.549825e-01
 7.307672e-01 4.963997e-01 -7.652348e-01
 1.151998e+00 7.069481e-01 -5.491543e-01
 1.422562e+00 8.116228e-01 -2.123897e-01
 1.564281e+00 8.089777e-01 2.318943e-01
 1.533822e+00 7.181292e-01 6.431299e-01
 1.358857e+00 5.474182e-01 9.772153e-01
 1.092498e+00 3.005543e-01 1.187347e+00
 7.855483e-01 1.599042e-03 1.234873e+00
 5.119595e-01 -2.522956e-01 1.119562e+00
 1.822773e-03 -4.951056e-01 7.251005e-01
 -2.441907e-01 -6.675520e-01 5.921007e-01
 -4.415942e-01 -1.033703e+00 4.892345e-01
 -5.311494e-01 -1.454004e+00 5.282602e-01
 -5.380906e-01 -1.838159e+00 7.319922e-01
 -4.648313e-01 -2.109458e+00 1.054393e+00
 -3.235809e-01 -2.226740e+00 1.439228e+00
 -1.514982e-01 -2.171563e+00 1.821345e+00
 9.989069e-05 -1.955236e+00 2.143817e+00
 1.106927e-01 -1.617316e+00 2.354698e+00
 1.660449e-01 -1.210376e+00 2.422348e+00
 1.545218e-01 -8.060074e-01 2.333135e+00
 5.567612e-02 -4.806497e-01 2.128287e+00
 -1.234722e-01 -2.848163e-01 1.893568e+00
 -3.760163e-01 -2.099741e-01 1.691485e+00
 -6.964619e-01 -1.091074e-01 1.608607e+00
 -9.706232e-01 1.523573e-01 1.581014e+00
 -1.117084e+00 5.159688e-01 1.503353e+00
 -1.114482e+00 8.949542e-01 1.335968e+00
 -9.636268e-01 1.222233e+00 1.092654e+00
 -6.769896e-01 1.434610e+00 7.968434e-01
 -5.843165e-01 1.544788e+00 6.205283e-01
 -5.251061e-01 1.749665e+00 3.905944e-01
 -6.008886e-01 1.918516e+00 2.951945e-02
 -7.480729e-01 1.900612e+00 -4.262278e-01
 -8.380248e-01 1.667851e+00 -8.263956e-01
 -8.633069e-01 1.284422e+00 -1.090195e+00
 -8.607519e-01 8.191102e-01 -1.158386e+00
 -7.927688e-01 3.856849e-01 -1.028321e+00
 -4.575825e-01 -7.768552e-02 -6.544098e-01
 -4.033435e-01 -4.090539e-01 -5.147266e-01
 -4.703325e-01 -7.892340e-01 -4.799638e-01
 -5.488342e-01 -1.177345e+00 -6.203629e-01
 -5.904865e-01 -1.483373e+00 -9.304507e-01
 -5.724335e-01 -1.636129e+00 -1.329594e+00
 -4.821905e-01 -1.630154e+00 -1.727723e+00
 -2.869443e-01 -1.502993e+00 -2.068675e+00
 -3.971956e-02 -1.273634e+00 -2.290395e+00
 2.224735e-01 -9.725548e-01 -2.367660e+00
 4.614258e-01 -6.461444e-01 -2.287365e+00
 8.121008e-01 -4.501253e-02 -1.836025e+00
 9.974811e-01 1.812880e-01 -1.770903e+00
 1.099985e+00 4.799970e-01 -1.749134e+00
 1.085331e+00 8.809842e-01 -1.647482e+00
 9.291073e-01 1.215879e+00 -1.473979e+00
 7.116139e-01 1.413994e+00 -1.235400e+00
 4.416303e-01 1.473444e+00 -9.149828e-01
 1.754168e-01 1.368754e+00 -6.176121e-01
 -1.021245e-01 1.095482e+00 -3.722092e-01
 -3.318036e-01 9.607002e-01 -2.585879e-01
 -6.242493e-01 8.971531e-01 -1.580515e-01
 -9.023607e-01 9.200346e-01 -1.205068e-01
 -1.212074e+00 1.068297e+00 -1.901527e-02
 -1.430233e+00 1.304989e+00 1.090755e-01
 -1.547664e+00 1.605314e+00 2.823141e-01
 -1.539186e+00 1.900305e+00 4.986600e-01
 -1.411506e+00 2.141459e+00 7.403933e-01
