 1.103548e-01 2.051878e+00 -1.140439e+00
 -1.106095e-02 2.182345e+00 -7.290287e-01
 -1.287282e-02 2.164927e+00 -2.868540e-01
 7.011249e-02 1.905266e+00 2.515794e-01
 -1.207755e-02 1.814302e+00 6.454298e-01
 -3.041489e-01 1.666205e+00 9.661114e-01
 -6.539099e-01 1.354930e+00 1.123773e+00
 -9.263808e-01 9.064871e-01 1.066569e+00
 -1.061663e+00 4.984408e-01 7.987055e-01
 -1.043939e+00 2.215239e-01 3.898242e-01
 -7.345799e-01 2.092387e-02 -1.520593e-01
 -6.541283e-01 -1.124573e-01 -9.937085e-01
 -5.013376e-01 -4.353353e-01 -1.407318e+00
 -2.622135e-01 -9.065942e-01 -1.580259e+00
 -6.398473e-02 -1.404217e+00 -1.459163e+00
 2.878414e-02 -1.794579e+00 -1.093101e+00
 2.468284e-02 -1.962973e+00 -5.757590e-01
 -5.271123e-02 -1.856727e+00 -5.446685e-02
 -1.807823e-01 -1.512744e+00 3.330331e-01
 -5.022385e-01 -7.383763e-01 5.831442e-01
 -5.667117e-01 -4.880583e-01 9.084207e-01
 -6.861978e-01 -3.742879e-01 1.284416e+00
 -8.611551e-01 -4.367578e-01 1.675508e+00
 -1.073078e+00 -6.574979e-01 1.979116e+00
 -1.279822e+00 -9.936387e-01 2.142877e+00
 -1.464142e+00 -1.369234e+00 2.138520e+00
 -1.601469e+00 -1.715526e+00 1.976485e+00
 -1.677644e+00 -1.980133e+00 1.692523e+00
 -1.680674e+00 -2.133157e+00 1.338087e+00
 -1.618696e+00 -2.159494e+00 9.634699e-01
 -1.513035e+00 -2.053011e+00 6.151064e-01
 -1.397520e+00 -1.840700e+00 3.523680e-01
 -1.307640e+00 -1.563393e+00 1.943833e-01
 -1.279407e+00 -1.318145e+00 1.460843e-01
 -1.325057e+00 -1.090587e+00 1.141158e-01
 -1.399521e+00 -8.789771e-01 3.178379e-02
 -1.686485e+00 -3.554777e-01 -3.189572e-01
 -1.720669e+00 4.147577e-02 -4.998098e-01
 -1.621638e+00 3.796230e-01 -6.268231e-01
 -1.402842e+00 6.655008e-01 -7.344001e-01
 -1.094403e+00 8.578185e-01 -8.179806e-01
 -4.738091e-01 9.952882e-01 -8.852955e-01
 -1.571310e-01 1.056715e+00 -8.167482e-01
 2.600498e-01 1.191324e+00 -5.870777e-01
 5.191591e-01 1.320474e+00 -5.222516e-01
 7.907693e-01 1.530999e+00 -5.578341e-01
 1.087495e+00 1.655422e+00 -7.182609e-01
 1.412748e+00 1.640383e+00 -9.744985e-01
 1.710142e+00 1.446057e+00 -1.226865e+00
 1.921950e+00 1.123361e+00 -1.384709e+00
 2.034049e+00 7.294239e-01 -1.425247e+00
 2.034752e+00 3.268438e-01 -1.339148e+00
 1.909567e+00 -2.801174e-02 -1.149460e+00
 1.675580e+00 -2.686575e-01 -8.965939e-01
 1.357501e+00 -3.611275e-01 -6.364990e-01
 1.207314e+00 -4.366540e-01 -5.437747e-01
 1.102184e+00 -5.314185e-01 -4.737734e-01
 9.951231e-01 -6.423293e-01 -4.266706e-01
 8.602570e-01 -7.541515e-01 -4.152125e-01
 7.367154e-01 -8.326388e-01 -4.289200e-01
 5.760607e-01 -8.951492e-01 -4.529594e-01
 4.025807e-01 -9.285156e-01 -4.761123e-01
 -1.794067e-01 -9.315672e-01 -5.359032e-01
 -4.161026e-01 -1.022987e+00 -5.539330e-01
 -5.969667e-01 -1.111436e+00 -6.141932e-01
 -9.760485e-01 -1.253952e+00 -8.402580e-01
 -1.407625e+00 -1.367765e+00 -8.759581e-01
 -1.817275e+00 -1.443292e+00 -7.221857e-01
 -2.130451e+00 -1.446963e+00 -4.190458e-01
 -2.296563e+00 -1.392627e+00 -2.340079e-02
 -2.285250e+00 -1.307106e+00 3.975897e-01
 -2.105279e+00 -1.212512e+00 7.634480e-01
 -1.798139e+00 -1.148476e+00 1.019542e+00
 -1.451753e+00 -1.150410e+00 1.131095e+00
 -1.212290e+00 -1.242214e+00 1.150921e+00
 -1.025770e+00 -1.355846e+00 1.209493e+00
 -7.375351e-01 -1.412009e+00 1.361571e+00
 -3.736133e-01 -1.346394e+00 1.458134e+00
 -2.117268e-02 -1.186011e+00 1.428134e+00
 2.606644e-01 -9.688193e-01 1.278667e+00
 4.395547e-01 -7.253392e-01 1.023727e+00
 4.818122e-01 -4.812309e-01 7.022614e-01
 2.630448e-01 -4.377715e-02 3.830462e-03
 2.843635e-01 8.995966e-02 -3.634336e-01
 3.215718e-01 4.428814e-02 -7.925002e-01
 4.290543e-01 -1.573576e-01 -1.148204e+00
 6.110535e-01 -4.562350e-01 -1.374065e+00
 8.623395e-01 -7.835119e-01 -1.441559e+00
 1.151891e+00 -1.083769e+00 -1.338473e+00
 1.426020e+00 -1.278530e+00 -1.099370e+00
 1.670398e+00 -1.328742e+00 -7.748565e-01
 1.847056e+00 -1.228334e+00 -3.989712e-01
 1.906822e+00 -1.001939e+00 -5.034104e-02
 1.839894e+00 -6.895768e-01 2.206652e-01
 1.660699e+00 -3.446625e-01 3.675942e-01
 1.037401e+00 5.413474e-01 3.384190e-01
 9.860491e-01 8.169333e-01 3.011692e-01
 9.752133e-01 1.028168e+00 3.279210e-01
 1.037861e+00 1.977920e+00 6.053336e-01
 8.763906e-01 2.389339e+00 6.840943e-01
 5.550223e-01 2.701683e+00 7.067475e-01
 1.348200e-01 2.854631e+00 6.721250e-01
 -3.044802e-01 2.818442e+00 5.900072e-01
 -6.767467e-01 2.601123e+00 4.800778e-01
 -9.166678e-01 2.243290e+00 3.293521e-01
 -9.642503e-01 1.812788e+00 1.767017e-01
 -8.028076e-01 1.374162e+00 8.724443e-02
 -5.434370e-01 1.092655e+00 1.203727e-01
 -2.771673e-01 9.137973e-01 2.335433e-01
 -3.842481e-02 7.550695e-01 5.243525e-01
 2.259127e-01 7.285310e-01 9.774879e-01
 5.577369e-01 7.699169e-01 1.232864e+00
 9.709404e-01 8.177431e-01 1.331863e+00
 1.383822e+00 8.547860e-01 1.254927e+00
 1.722988e+00 8.940675e-01 1.020138e+00
 1.938763e+00 9.436509e-01 6.644813e-01
 2.000531e+00 9.406053e-01 2.586750e-01
 1.908700e+00 8.675525e-01 -1.371662e-01
 1.689161e+00 7.476626e-01 -4.361729e-01
 1.305807e+00 6.594090e-01 -6.773847e-01
 1.116674e+00 6.310728e-01 -9.735329e-01
 9.407813e-01 7.614581e-01 -1.267242e+00
 7.348656e-01 1.055998e+00 -1.493948e+00
 5.267610e-01 1.440223e+00 -1.556573e+00
 3.116264e-01 1.797912e+00 -1.429296e+00
