 1.615367e-01 1.389556e+00 -8.384747e-01
 -5.385816e-02 1.178813e+00 -9.522143e-01
 -3.221121e-01 1.046049e+00 -9.874293e-01
 -8.889621e-01 9.572709e-01 -1.208997e+00
 -1.240391e+00 8.082656e-01 -1.248579e+00
 -1.519457e+00 6.124124e-01 -1.196008e+00
 -1.715813e+00 3.817825e-01 -1.066369e+00
 -1.817697e+00 1.360706e-01 -8.720147e-01
 -1.809640e+00 -1.175024e-01 -6.391062e-01
 -1.684610e+00 -3.513318e-01 -4.093672e-01
 -1.446264e+00 -5.331244e-01 -1.879140e-01
 -1.051272e+00 -6.193715e-01 8.306832e-02
 -8.386844e-01 -6.605015e-01 3.788545e-01
 -7.841438e-01 -7.059773e-01 6.203739e-01
 -7.764609e-01 -6.890217e-01 9.379193e-01
 -7.983141e-01 -5.445415e-01 1.265295e+00
 -8.468513e-01 -2.754696e-01 1.531534e+00
 -8.755042e-01 2.213601e-02 1.665122e+00
 -8.609229e-01 3.562738e-01 1.693615e+00
 -7.951026e-01 7.105462e-01 1.604659e+00
 -7.279810e-01 9.706125e-01 1.432017e+00
 -5.516127e-01 1.266122e+00 1.063803e+00
 -4.203391e-01 1.617200e+00 9.446582e-01
 -2.243037e-01 1.876947e+00 9.450937e-01
 1.016198e-01 2.078947e+00 1.010615e+00
 4.269857e-01 2.141071e+00 1.092715e+00
 7.629243e-01 2.083161e+00 1.148810e+00
 1.065017e+00 1.914951e+00 1.167035e+00
 1.304498e+00 1.659920e+00 1.125608e+00
 1.445862e+00 1.352794e+00 1.034406e+00
 1.472148e+00 1.019044e+00 9.148345e-01
 1.379573e+00 7.002050e-01 7.819063e-01
 9.840095e-01 1.753553e-01 5.279406e-01
 7.166821e-01 -9.224330e-02 4.062823e-01
 4.648773e-01 -3.212429e-01 3.852936e-01
 3.223725e-01 -4.840120e-01 4.452482e-01
 2.344747e-01 -6.825375e-01 5.654883e-01
 1.517347e-01 -1.191457e+00 9.963521e-01
 5.780572e-02 -1.481011e+00 1.122008e+00
 -5.790700e-02 -1.793503e+00 1.143009e+00
 -1.815202e-01 -2.090345e+00 1.055611e+00
 -3.031648e-01 -2.366158e+00 8.514408e-01
 -3.815113e-01 -2.551138e+00 5.744270e-01
 -4.284158e-01 -2.627217e+00 2.553742e-01
 -4.599810e-01 -2.583585e+00 -1.070717e-01
 -4.658287e-01 -2.434793e+00 -4.154414e-01
 -4.363621e-01 -2.198032e+00 -6.595290e-01
 -3.727179e-01 -1.899960e+00 -8.134486e-01
 -2.850461e-01 -1.574308e+00 -8.592757e-01
 1.227675e-02 -7.391254e-01 -6.864831e-01
 1.191788e-01 -4.260221e-01 -7.212671e-01
 1.774369e-01 -1.543194e-01 -8.244898e-01
 1.863342e-01 1.088377e-01 -1.100805e+00
 1.780414e-01 3.879709e-01 -1.580409e+00
 1.163576e-01 6.260449e-01 -1.806868e+00
 1.647345e-02 9.183742e-01 -1.944264e+00
 -1.091900e-01 1.234911e+00 -1.973942e+00
 -2.446943e-01 1.541520e+00 -1.888386e+00
 -3.788976e-01 1.798552e+00 -1.694787e+00
 -5.072819e-01 1.968661e+00 -1.414758e+00
 -6.157112e-01 2.028147e+00 -1.076918e+00
 -6.779817e-01 1.968289e+00 -7.223869e-01
 -6.620685e-01 1.806408e+00 -3.957824e-01
 -5.675255e-01 1.560173e+00 -1.380423e-01
 -4.150147e-01 1.260042e+00 1.001837e-02
 -2.468407e-01 9.694975e-01 3.008384e-02
 -8.784676e-02 7.671646e-01 -2.948398e-02
 1.853136e-01 6.300695e-01 -1.279300e-01
 6.071052e-01 6.234147e-01 -3.165738e-01
 8.379509e-01 6.046318e-01 -5.041673e-01
 1.450887e+00 3.853765e-01 -1.263320e+00
 1.605624e+00 2.400399e-01 -1.472176e+00
 1.726799e+00 2.309857e-02 -1.642709e+00
 1.804772e+00 -2.496681e-01 -1.757004e+00
 1.832725e+00 -5.560163e-01 -1.800308e+00
 1.801893e+00 -8.692889e-01 -1.767414e+00
 1.699412e+00 -1.154605e+00 -1.672465e+00
 1.530838e+00 -1.378484e+00 -1.532723e+00
 1.325352e+00 -1.526644e+00 -1.334980e+00
 1.103658e+00 -1.570831e+00 -1.093984e+00
 9.102270e-01 -1.509582e+00 -8.128568e-01
 8.249306e-01 -1.385025e+00 -5.597568e-01
 8.386998e-01 -1.213293e+00 -3.119024e-01
 9.239347e-01 -1.136026e+00 -7.860827e-02
 1.146177e+00 -1.082614e+00 3.083617e-01
 1.221327e+00 -9.352382e-01 7.201210e-01
 1.163819e+00 -7.539766e-01 1.037041e+00
 9.941820e-01 -5.520591e-01 1.276962e+00
 7.512403e-01 -3.500787e-01 1.400099e+00
 4.343921e-01 -1.142222e-01 1.393566e+00
 1.527898e-01 8.821960e-02 1.269127e+00
 -3.940231e-02 2.033203e-01 1.093350e+00
 -3.265098e-01 2.401126e-01 8.091642e-01
 -6.332972e-01 2.889351e-01 6.760075e-01
 -8.725965e-01 3.111526e-01 6.745868e-01
 -1.213920e+00 2.288619e-01 7.212080e-01
 -1.538146e+00 -1.350638e-02 7.646407e-01
 -1.733083e+00 -3.446079e-01 8.128884e-01
 -1.797481e+00 -7.079503e-01 7.946713e-01
 -1.724324e+00 -1.096398e+00 6.997178e-01
 -1.526846e+00 -1.404624e+00 5.721468e-01
 -1.237679e+00 -1.604686e+00 4.263217e-01
 -8.895816e-01 -1.676828e+00 2.913150e-01
 -4.717905e-01 -1.606311e+00 1.874099e-01
 -2.185399e-01 -1.622945e+00 1.523832e-01
 3.119508e-02 -1.715618e+00 1.207410e-01
 4.181992e-01 -2.001392e+00 1.744258e-01
 7.507707e-01 -2.114518e+00 1.637716e-01
 1.094891e+00 -2.127860e+00 8.880552e-02
 1.399924e+00 -2.044848e+00 -4.317898e-02
 1.647363e+00 -1.860026e+00 -1.911337e-01
 1.805130e+00 -1.600480e+00 -3.264157e-01
 1.856845e+00 -1.295031e+00 -4.621039e-01
 1.787460e+00 -9.827735e-01 -6.038128e-01
 1.603886e+00 -7.168833e-01 -7.599109e-01
 1.377179e+00 -5.817222e-01 -8.890479e-01
 1.105110e+00 -5.477228e-01 -1.067104e+00
 9.391865e-01 -5.861139e-01 -1.315332e+00
 7.879770e-01 -6.670542e-01 -1.466369e+00
 4.708061e-01 -7.316618e-01 -1.630164e+00
 1.208065e-01 -7.140959e-01 -1.706177e+00
 -2.114255e-01 -6.304082e-01 -1.681546e+00
 -5.081906e-01 -5.017439e-01 -1.536620e+00
 -7.229026e-01 -3.393693e-01 -1.299038e+00
 -8.290942e-01 -1.446330e-01 -1.004284e+00
 -8.030401e-01 1.161124e-01 -6.383921e-01
 -8.399923e-01 2.176711e-01 -5.096102e-01
 -9.682237e-01 3.767341e-01 -3.578685e-01
 -1.218705e+00 6.868475e-01 -2.017067e-01
 -1.321752e+00 8.346462e-01 -8.507812e-02
 -1.380343e+00 9.549018e-01 4.122587e-02
 -1.495680e+00 1.585462e+00 8.900841e-01
 -1.444745e+00 1.742238e+00 1.155208e+00
 -1.313316e+00 1.859799e+00 1.408540e+00
 -1.117837e+00 1.923076e+00 1.630230e+00
 -8.755024e-01 1.931288e+00 1.800512e+00
 -6.056966e-01 1.881834e+00 1.910008e+00
 -3.257644e-01 1.773044e+00 1.953221e+00
 -6.952401e-02 1.612882e+00 1.920259e+00
 1.399837e-01 1.436877e+00 1.807932e+00
 3.230352e-01 1.255042e+00 1.585594e+00
 4.234308e-01 1.140015e+00 1.332616e+00
 4.555685e-01 1.099254e+00 1.085624e+00
 4.685156e-01 1.150527e+00 7.669180e-01
 5.868078e-01 1.348935e+00 4.625488e-01
 5.856170e-01 1.517107e+00 2.226616e-01
 5.342230e-01 1.623327e+00 -8.967965e-02
 4.464831e-01 1.627229e+00 -3.886397e-01
 3.180710e-01 1.545134e+00 -6.501359e-01
