 -2.642692e+00 8.323521e-02 7.621352e-02
 -2.462051e+00 -2.794946e-01 1.387907e-01
 -2.152431e+00 -5.472832e-01 1.538240e-01
 -1.771239e+00 -6.682378e-01 1.396703e-01
 -1.351301e+00 -6.232860e-01 1.514798e-01
 -1.018896e+00 -4.358296e-01 2.206235e-01
 -7.535015e-01 -7.552211e-02 4.063769e-01
 -5.663637e-01 2.872860e-01 1.140190e+00
 -3.131380e-01 4.421653e-01 1.442221e+00
 5.930952e-02 5.857974e-01 1.611644e+00
 4.524957e-01 7.020087e-01 1.613092e+00
 8.074751e-01 7.824033e-01 1.451448e+00
 1.104430e+00 7.806858e-01 1.150465e+00
 1.290580e+00 6.536204e-01 7.796073e-01
 1.317819e+00 4.588976e-01 4.597389e-01
 1.181640e+00 2.864159e-01 5.156126e-02
 1.240148e+00 2.319217e-01 -3.498585e-01
 1.274932e+00 3.796218e-01 -7.272813e-01
 1.198561e+00 7.019678e-01 -1.057590e+00
 9.893520e-01 1.100233e+00 -1.223710e+00
 6.724921e-01 1.405243e+00 -1.229748e+00
 2.777370e-01 1.576591e+00 -1.105782e+00
 -9.586733e-02 1.610326e+00 -8.321422e-01
 -3.648878e-01 1.489145e+00 -4.709270e-01
 -5.024969e-01 1.202997e+00 -1.007116e-01
 -6.720638e-01 1.037299e+00 1.168584e-01
 -8.172222e-01 1.006761e+00 3.682742e-01
 -1.067203e+00 1.096397e+00 6.806869e-01
 -1.386468e+00 1.324531e+00 8.797354e-01
 -1.706748e+00 1.612471e+00 8.968742e-01
 -1.979767e+00 1.894888e+00 7.414253e-01
 -2.163327e+00 2.123440e+00 4.491957e-01
 -2.249832e+00 2.249398e+00 8.050199e-02
 -2.249338e+00 2.247575e+00 -3.093611e-01
 -2.160502e+00 2.128358e+00 -6.657131e-01
 -1.997527e+00 1.914840e+00 -9.403389e-01
 -1.774089e+00 1.648743e+00 -1.097952e+00
 -1.527302e+00 1.363212e+00 -1.119716e+00
 -8.952289e-01 6.083704e-01 -8.066640e-01
 -8.145683e-01 4.533161e-01 -7.091377e-01
 -7.673171e-01 2.910726e-01 -6.528831e-01
 -6.956644e-01 7.290271e-02 -6.369761e-01
 -5.105551e-01 -6.949788e-01 -7.330555e-01
 -3.528183e-01 -9.887886e-01 -7.001282e-01
 -9.016108e-02 -1.233838e+00 -6.342342e-01
 1.792752e-01 -1.347325e+00 -5.505136e-01
 4.925997e-01 -1.357193e+00 -4.660512e-01
 7.203937e-01 -1.301781e+00 -4.513778e-01
 1.016472e+00 -1.218774e+00 -5.485583e-01
 1.345619e+00 -1.277641e+00 -7.023036e-01
 1.683711e+00 -1.483795e+00 -7.856725e-01
 1.963960e+00 -1.776942e+00 -7.342289e-01
 2.141180e+00 -2.094268e+00 -5.610547e-01
 2.199364e+00 -2.383250e+00 -2.846709e-01
 2.136007e+00 -2.592766e+00 5.167003e-02
 1.969311e+00 -2.684077e+00 4.031611e-01
 1.725783e+00 -2.642548e+00 7.172109e-01
 1.440462e+00 -2.474817e+00 9.449803e-01
 1.156698e+00 -2.202131e+00 1.052173e+00
 9.362596e-01 -1.863480e+00 1.025701e+00
 8.255577e-01 -1.499871e+00 8.837098e-01
 8.530933e-01 -1.179286e+00 6.570164e-01
 1.011616e+00 -9.468431e-01 4.424805e-01
 1.259614e+00 -7.483791e-01 3.085203e-01
 1.788913e+00 -5.214521e-01 1.994361e-01
 2.070531e+00 -2.284100e-01 1.159111e-01
 2.213017e+00 1.471925e-01 9.068181e-03
 2.192279e+00 5.344766e-01 -1.009149e-01
 2.016256e+00 8.900547e-01 -1.760765e-01
 1.706499e+00 1.158898e+00 -2.109576e-01
 1.313728e+00 1.280775e+00 -2.046778e-01
 8.927736e-01 1.232100e+00 -2.043175e-01
 5.884596e-01 1.054212e+00 -2.673447e-01
 3.878783e-01 7.911235e-01 -4.179283e-01
 2.447077e-01 6.464343e-01 -6.585684e-01
 8.272831e-02 4.767639e-01 -1.197717e+00
 -1.598870e-01 3.176490e-01 -1.482343e+00
 -5.184249e-01 1.527874e-01 -1.644159e+00
 -9.075759e-01 1.782188e-02 -1.640457e+00
 -1.272030e+00 -6.580943e-02 -1.475291e+00
 -1.563827e+00 -6.727245e-02 -1.185914e+00
 -1.741381e+00 2.794376e-02 -8.231600e-01
 -1.769233e+00 1.855785e-01 -4.911594e-01
 -1.634241e+00 3.355559e-01 -6.271852e-02
 -1.681006e+00 3.692038e-01 3.012911e-01
 -1.711163e+00 2.594877e-01 6.138861e-01
 -1.670053e+00 -3.650780e-03 9.217829e-01
 -1.528822e+00 -3.104565e-01 1.114928e+00
 -1.272844e+00 -5.846645e-01 1.204273e+00
 -9.480162e-01 -7.845443e-01 1.185180e+00
 -6.079992e-01 -8.959377e-01 1.055451e+00
 -3.066327e-01 -9.229794e-01 8.185763e-01
 -1.012639e-01 -8.603455e-01 5.344903e-01
 2.883265e-01 -4.038796e-01 -1.440000e-01
 4.287025e-01 -3.322704e-01 -5.116859e-01
 4.724840e-01 -4.101768e-01 -9.069940e-01
 5.067215e-01 -6.665063e-01 -1.251300e+00
 5.653215e-01 -1.041711e+00 -1.454760e+00
 6.465514e-01 -1.468147e+00 -1.477752e+00
 7.467697e-01 -1.866547e+00 -1.316444e+00
 8.838178e-01 -2.150400e+00 -1.008804e+00
 1.029139e+00 -2.266378e+00 -6.174083e-01
 1.173502e+00 -2.195913e+00 -2.162310e-01
 1.309857e+00 -1.983754e+00 5.080920e-02
 1.464944e+00 -1.820522e+00 1.544428e-01
 1.666734e+00 -1.709300e+00 2.917711e-01
 1.830081e+00 -1.563055e+00 6.013717e-01
 1.839968e+00 -1.308391e+00 9.621755e-01
 1.697536e+00 -9.697346e-01 1.223099e+00
 1.435817e+00 -6.287930e-01 1.330120e+00
 1.088107e+00 -3.503217e-01 1.275429e+00
 6.105686e-01 -1.016358e-01 9.691963e-01
 4.870979e-01 8.705560e-03 8.614609e-01
 3.652811e-01 2.037477e-01 7.116252e-01
 3.138527e-01 3.882274e-01 6.250483e-01
 2.369207e-01 6.776164e-01 5.981635e-01
 1.157598e-01 1.260956e+00 7.239975e-01
 -4.051760e-02 1.548126e+00 7.466348e-01
 -2.601249e-01 1.793985e+00 6.930652e-01
 -5.081220e-01 1.965800e+00 5.680684e-01
 -7.706809e-01 2.041838e+00 4.019056e-01
 -1.034343e+00 2.014875e+00 2.040749e-01
 -1.258414e+00 1.877186e+00 8.110327e-03
 -1.439282e+00 1.655032e+00 -1.114668e-01
 -1.652899e+00 1.414269e+00 -1.103507e-01
 -2.219521e+00 1.176846e+00 -1.161402e-01
 -2.512805e+00 8.773679e-01 -7.649068e-02
 -2.661906e+00 4.886107e-01 -1.008958e-02
