 3.079083e-01 -5.897649e-01 -1.478889e+00
 3.495336e-01 -7.974265e-01 -1.249660e+00
 3.320281e-01 -9.288906e-01 -9.752882e-01
 1.653694e-01 -1.054529e+00 -6.847680e-01
 -1.738053e-01 -1.460235e+00 -3.803395e-01
 -3.944564e-01 -1.612802e+00 -9.280717e-02
 -5.383286e-01 -1.630264e+00 1.570757e-01
 -6.067084e-01 -1.580659e+00 4.752484e-01
 -5.733799e-01 -1.588221e+00 6.988352e-01
 -5.724066e-01 -1.645226e+00 9.410894e-01
 -6.860312e-01 -1.663965e+00 1.248519e+00
 -8.800645e-01 -1.572830e+00 1.547313e+00
 -1.102791e+00 -1.368860e+00 1.772247e+00
 -1.302478e+00 -1.079189e+00 1.891793e+00
 -1.432084e+00 -7.427448e-01 1.907159e+00
 -1.478614e+00 -3.918729e-01 1.820556e+00
 -1.455659e+00 -7.831604e-02 1.627509e+00
 -1.366503e+00 1.524019e-01 1.354407e+00
 -1.219718e+00 2.716565e-01 1.038705e+00
 -9.583376e-01 2.633040e-01 6.028117e-01
 -8.190008e-01 3.214622e-01 3.493431e-01
 -7.908926e-01 3.874742e-01 1.168388e-01
 -8.940111e-01 4.896459e-01 -2.834714e-01
 -9.358300e-01 5.848328e-01 -5.173238e-01
 -8.362426e-01 8.813414e-01 -1.589098e+00
 -6.652117e-01 9.770773e-01 -1.922362e+00
 -3.859154e-01 1.057189e+00 -2.166012e+00
 -3.232569e-02 1.090143e+00 -2.299142e+00
 3.429690e-01 1.075022e+00 -2.300672e+00
 6.883850e-01 1.026649e+00 -2.165817e+00
 9.680788e-01 9.618475e-01 -1.900460e+00
 1.133677e+00 9.110619e-01 -1.537888e+00
 1.147006e+00 9.045029e-01 -1.167859e+00
 1.055229e+00 9.672740e-01 -8.750149e-01
 9.399891e-01 1.091801e+00 -6.511268e-01
 8.827957e-01 1.462554e+00 -3.235851e-01
 6.915606e-01 1.696979e+00 -2.917044e-02
 3.841233e-01 1.787127e+00 2.789501e-01
 7.559185e-02 1.686435e+00 5.187084e-01
 -2.079891e-01 1.488150e+00 6.291799e-01
 -5.349213e-01 1.325089e+00 5.758006e-01
 -1.116455e+00 1.297532e+00 4.886707e-01
 -1.523295e+00 1.088156e+00 3.363016e-01
 -1.790611e+00 7.138288e-01 1.991282e-01
 -1.842528e+00 2.670350e-01 8.089312e-02
 -1.671215e+00 -1.646494e-01 -1.029368e-02
 -1.283074e+00 -5.089769e-01 -5.579781e-02
 -8.819238e-01 -6.180130e-01 -4.859030e-02
 -1.748972e-01 -6.318590e-01 2.664063e-01
 1.857136e-01 -9.395492e-01 4.501402e-01
 3.738819e-01 -1.268726e+00 4.988106e-01
 4.276737e-01 -1.652704e+00 5.114542e-01
 3.268739e-01 -2.035594e+00 5.314190e-01
 9.005356e-02 -2.346051e+00 5.426189e-01
 -2.481492e-01 -2.544234e+00 5.453342e-01
 -6.325047e-01 -2.601813e+00 5.682739e-01
 -1.002721e+00 -2.514593e+00 6.075617e-01
 -1.308458e+00 -2.301141e+00 6.605433e-01
 -1.512180e+00 -1.993516e+00 7.165813e-01
 -1.590500e+00 -1.632804e+00 7.670369e-01
 -1.531553e+00 -1.264432e+00 8.153391e-01
 -1.350492e+00 -9.575063e-01 8.660867e-01
 -1.107195e+00 -7.623869e-01 9.359516e-01
 -7.768034e-01 -6.524223e-01 1.095579e+00
 -3.474750e-01 -4.976361e-01 1.693161e+00
 -7.784556e-02 -3.089137e-01 1.908026e+00
 2.456670e-01 -1.630172e-02 1.998592e+00
 5.026387e-01 2.667966e-01 1.933018e+00
 6.954257e-01 5.230030e-01 1.732838e+00
 7.990202e-01 7.242726e-01 1.414273e+00
 7.913919e-01 8.375841e-01 1.008031e+00
 6.749305e-01 8.373867e-01 6.075394e-01
 4.636703e-01 7.571947e-01 3.139021e-01
 2.358870e-01 7.632905e-01 7.472999e-02
 6.592803e-02 8.667410e-01 -1.294208e-01
 -7.716237e-02 1.076385e+00 -3.119827e-01
 -2.678950e-01 1.378061e+00 -4.118506e-01
 -4.450277e-01 1.719140e+00 -3.672852e-01
 -6.027238e-01 2.032719e+00 -1.706003e-01
 -7.124771e-01 2.255838e+00 1.515543e-01
 -7.906770e-01 2.333948e+00 5.364961e-01
 -8.335404e-01 2.256690e+00 9.251617e-01
 -8.187313e-01 2.041085e+00 1.264316e+00
 -7.376537e-01 1.726477e+00 1.500440e+00
 -6.079437e-01 1.360336e+00 1.596973e+00
 -4.545278e-01 9.973252e-01 1.539919e+00
 -2.233026e-02 2.038626e-01 1.017327e+00
 1.656028e-01 1.645883e-02 9.645266e-01
 4.949657e-01 -1.673062e-01 1.007094e+00
 9.691220e-01 -3.439359e-01 1.126358e+00
 1.327212e+00 -4.417841e-01 1.079018e+00
 1.649743e+00 -5.085695e-01 9.029724e-01
 1.892395e+00 -5.382201e-01 6.232463e-01
 2.023068e+00 -5.301439e-01 2.800134e-01
 2.032719e+00 -4.700757e-01 -1.070058e-01
 1.898386e+00 -3.810905e-01 -4.764992e-01
 1.657418e+00 -2.745884e-01 -7.267289e-01
 1.288849e+00 -1.366545e-01 -8.714404e-01
 9.181377e-01 -3.923792e-02 -8.689013e-01
 6.952659e-01 3.411438e-02 -7.745728e-01
 3.354976e-01 1.622607e-02 -6.005307e-01
 -8.833783e-02 -4.113382e-02 -6.477944e-01
 -4.253652e-01 -2.240130e-01 -8.528760e-01
 -6.228390e-01 -5.120864e-01 -1.055970e+00
 -6.731653e-01 -8.498509e-01 -1.242251e+00
 -5.798123e-01 -1.205342e+00 -1.384311e+00
 -3.567235e-01 -1.524215e+00 -1.453807e+00
 -6.238600e-02 -1.765827e+00 -1.415372e+00
 2.557007e-01 -1.908120e+00 -1.274129e+00
 5.651517e-01 -1.930178e+00 -1.062047e+00
 8.288679e-01 -1.826972e+00 -8.226423e-01
 1.012127e+00 -1.619173e+00 -5.848607e-01
 1.093731e+00 -1.337534e+00 -3.739391e-01
 1.011346e+00 -4.558508e-01 7.941852e-02
 1.087223e+00 -1.324589e-01 1.363628e-01
 1.242603e+00 1.394871e-01 1.220851e-01
 1.810765e+00 8.781513e-01 -1.626899e-01
 1.927577e+00 1.196807e+00 -3.800964e-01
 1.895562e+00 1.499475e+00 -6.393729e-01
 1.720636e+00 1.740742e+00 -8.989146e-01
 1.431810e+00 1.894589e+00 -1.107408e+00
 1.079737e+00 1.927404e+00 -1.253268e+00
 7.055132e-01 1.823854e+00 -1.331669e+00
 3.913771e-01 1.604596e+00 -1.344045e+00
 1.984900e-01 1.321119e+00 -1.312642e+00
 1.401050e-01 1.037138e+00 -1.295291e+00
 1.425359e-01 7.871316e-01 -1.312853e+00
 1.348944e-01 3.477474e-01 -1.573020e+00
 1.784281e-01 1.356118e-02 -1.651007e+00
 2.473370e-01 -3.003296e-01 -1.619082e+00
