 1.560106e+00 5.887157e-02 -4.070030e-01
 1.326510e+00 -2.858639e-01 -7.312005e-01
 1.101027e+00 -6.354583e-01 -7.715396e-01
 9.843515e-01 -1.044958e+00 -6.839252e-01
 9.110686e-01 -1.750419e+00 -1.984568e-01
 7.091277e-01 -2.021058e+00 9.070565e-02
 3.420260e-01 -2.180056e+00 3.425887e-01
 -8.270915e-03 -2.171656e+00 4.758680e-01
 -3.087630e-01 -2.077555e+00 4.855127e-01
 -5.400671e-01 -2.049478e+00 4.129643e-01
 -8.564759e-01 -2.086783e+00 3.901598e-01
 -1.256657e+00 -2.022629e+00 5.318261e-01
 -1.599314e+00 -1.753624e+00 7.842649e-01
 -1.759063e+00 -1.302544e+00 1.024345e+00
 -1.660909e+00 -7.630414e-01 1.152059e+00
 -1.301965e+00 -3.065464e-01 1.109387e+00
 -7.840370e-01 -5.316074e-02 7.920079e-01
 -4.237864e-01 -1.444990e-01 3.269607e-01
 -4.091811e-01 -3.465804e-01 -1.625178e-01
 -6.089871e-01 -6.880194e-01 -7.021324e-01
 -6.403614e-01 -7.659698e-01 -1.130093e+00
 -6.185798e-01 -6.553395e-01 -1.576826e+00
 -5.721799e-01 -3.818443e-01 -1.922226e+00
 -4.887492e-01 -9.489787e-03 -2.108794e+00
 -3.646693e-01 4.232907e-01 -2.112385e+00
 -2.420578e-01 8.371422e-01 -1.913681e+00
 -1.415504e-01 1.114388e+00 -1.556323e+00
 -8.838416e-02 1.233520e+00 -1.002928e+00
 -2.924027e-02 1.400593e+00 -7.474823e-01
 -6.667403e-02 1.862713e+00 -3.672266e-01
 -2.408827e-02 2.065384e+00 8.855639e-02
 9.189026e-02 2.033996e+00 5.975954e-01
 2.569630e-01 1.767652e+00 9.926315e-01
 4.642149e-01 1.480651e+00 1.133619e+00
 7.078313e-01 1.337358e+00 1.190735e+00
 9.620297e-01 1.204740e+00 1.378592e+00
 1.114605e+00 8.828148e-01 1.627841e+00
 1.158595e+00 3.677286e-01 1.741329e+00
 1.037318e+00 -1.600482e-01 1.631486e+00
 6.316506e-01 -7.110342e-01 1.207333e+00
 3.974253e-01 -9.524163e-01 9.409169e-01
 2.976017e-01 -1.059467e+00 7.747371e-01
 2.232414e-01 -1.140553e+00 5.768391e-01
 4.623534e-02 -1.218074e+00 6.033096e-02
 -7.956745e-02 -1.434058e+00 -2.819017e-01
 -1.429338e-01 -1.838443e+00 -5.160870e-01
 -2.228844e-01 -2.321552e+00 -5.294093e-01
 -3.380760e-01 -2.745839e+00 -3.190886e-01
 -4.575008e-01 -3.017345e+00 6.390409e-02
 -5.637021e-01 -3.079942e+00 5.364203e-01
 -6.486817e-01 -2.910435e+00 9.936982e-01
 -7.140114e-01 -2.532104e+00 1.323534e+00
 -7.296770e-01 -2.022610e+00 1.436303e+00
 -7.103590e-01 -1.505930e+00 1.278761e+00
 -7.195600e-01 -1.172940e+00 9.145493e-01
 -8.460408e-01 -1.073649e+00 5.319174e-01
 -1.094349e+00 -9.706463e-01 2.934385e-01
 -1.348201e+00 -6.933326e-01 1.306321e-01
 -1.435022e+00 -2.706663e-01 -7.658094e-03
 -1.349175e+00 1.281194e-01 -1.030115e-01
 -1.074256e+00 5.049980e-01 -1.925739e-01
 -9.619987e-01 7.464710e-01 -3.012887e-01
 -9.367417e-01 9.627518e-01 -4.190449e-01
 -1.061963e+00 1.419042e+00 -6.921401e-01
 -9.810452e-01 1.751105e+00 -9.828486e-01
 -7.179709e-01 2.016606e+00 -1.236578e+00
 -3.333306e-01 2.170806e+00 -1.383678e+00
 9.345245e-02 2.168513e+00 -1.427468e+00
 4.939341e-01 1.994216e+00 -1.405069e+00
 7.782438e-01 1.702459e+00 -1.315311e+00
 9.221906e-01 1.353865e+00 -1.153912e+00
 9.099698e-01 1.010740e+00 -9.581998e-01
 5.604998e-01 3.424064e-01 -4.242064e-01
 5.264151e-01 1.945731e-01 -2.907781e-01
 5.328488e-01 3.026837e-02 -1.650336e-01
 6.108330e-01 -2.610853e-01 3.401856e-02
 7.680860e-01 -4.053183e-01 1.577099e-01
 1.087633e+00 -6.088367e-01 2.689402e-01
 1.514379e+00 -7.953555e-01 1.881465e-01
 1.855810e+00 -9.465699e-01 -1.118263e-01
 2.038619e+00 -1.040528e+00 -5.467668e-01
 2.034865e+00 -1.016295e+00 -1.035020e+00
 1.834325e+00 -8.732215e-01 -1.468064e+00
 1.473673e+00 -6.472019e-01 -1.738230e+00
 1.035360e+00 -3.987222e-01 -1.775093e+00
 4.815891e-01 -1.252097e-01 -1.502782e+00
 -5.860919e-02 1.098000e-01 -1.177941e+00
 -2.901702e-01 2.009689e-01 -1.105274e+00
 -4.907357e-01 2.537131e-01 -1.098398e+00
 -1.047902e+00 3.132249e-01 -1.236350e+00
 -1.521737e+00 4.840582e-01 -1.134622e+00
 -1.872872e+00 7.199595e-01 -8.266904e-01
 -1.986595e+00 9.347160e-01 -4.280326e-01
 -1.874832e+00 1.133963e+00 -2.902023e-03
 -1.572886e+00 1.266759e+00 3.437933e-01
 -1.165168e+00 1.301483e+00 5.380813e-01
 -7.296538e-01 1.239970e+00 5.655977e-01
 -7.990371e-02 1.038359e+00 3.256155e-01
 2.642411e-01 1.069838e+00 2.130013e-01
 6.138718e-01 1.228499e+00 1.538913e-01
 9.285270e-01 1.542650e+00 2.048124e-01
 1.127751e+00 1.865144e+00 4.212109e-01
 1.197595e+00 2.123196e+00 7.510654e-01
 1.156550e+00 2.260892e+00 1.161863e+00
 1.002524e+00 2.246979e+00 1.582086e+00
 7.602273e-01 2.062047e+00 1.937246e+00
 4.749559e-01 1.720226e+00 2.139945e+00
 2.310987e-01 1.269996e+00 2.124081e+00
 9.915255e-02 8.128314e-01 1.858997e+00
 1.535154e-01 4.889964e-01 1.409340e+00
 4.375360e-01 3.618981e-01 9.496501e-01
 1.145344e+00 4.619879e-01 5.830274e-01
 1.482688e+00 3.660635e-01 1.115474e-01
