 2.994320e-01 1.333507e-02 2.700381e+00
 1.833089e-01 3.305387e-01 2.578823e+00
 8.729507e-02 5.893598e-01 2.347706e+00
 2.009772e-02 7.541060e-01 2.036612e+00
 -3.222687e-03 8.076762e-01 1.684335e+00
 3.823876e-02 7.408474e-01 1.306354e+00
 1.237384e-01 5.481114e-01 1.003721e+00
 2.869811e-01 3.573608e-01 8.336386e-01
 6.313066e-01 2.260105e-01 7.179359e-01
 9.066313e-01 2.003627e-01 6.851486e-01
 1.078686e+00 2.219113e-01 6.385307e-01
 1.320236e+00 2.208955e-01 5.065964e-01
 1.526156e+00 1.737907e-01 3.307364e-01
 1.676201e+00 9.114067e-02 1.261407e-01
 1.755852e+00 -4.528140e-03 -9.210087e-02
 1.767056e+00 -1.011628e-01 -3.198781e-01
 1.710061e+00 -1.958570e-01 -5.444553e-01
 1.584997e+00 -2.759964e-01 -7.641030e-01
 1.382520e+00 -3.255253e-01 -9.845430e-01
 1.010995e+00 -3.519436e-01 -1.231026e+00
 8.308481e-01 -4.269325e-01 -1.575527e+00
 7.454738e-01 -3.411718e-01 -1.957596e+00
 6.930982e-01 -6.489025e-02 -2.295544e+00
 6.467957e-01 2.900330e-01 -2.476023e+00
 5.738710e-01 6.902869e-01 -2.498393e+00
 4.662278e-01 1.062925e+00 -2.357567e+00
 3.394739e-01 1.338474e+00 -2.080811e+00
 2.191316e-01 1.484018e+00 -1.699906e+00
 1.358915e-01 1.467812e+00 -1.302226e+00
 8.656853e-02 1.172079e+00 -6.385084e-01
 1.379630e-01 1.049885e+00 -2.746227e-01
 2.792463e-01 1.050270e+00 2.283555e-02
 6.290548e-01 1.231810e+00 4.254268e-01
 8.155667e-01 1.241063e+00 7.219377e-01
 9.721916e-01 1.126618e+00 1.098415e+00
 1.031608e+00 9.323898e-01 1.377654e+00
 1.016954e+00 6.567911e-01 1.585233e+00
 9.280531e-01 3.678862e-01 1.686935e+00
 7.038780e-01 5.300025e-02 1.730913e+00
 4.351917e-01 -1.364700e-01 1.699197e+00
 1.305385e-01 -2.028323e-01 1.701459e+00
 -4.049622e-01 -4.222006e-01 1.968703e+00
 -7.781283e-01 -4.862926e-01 2.015168e+00
 -1.171113e+00 -4.774640e-01 1.935429e+00
 -1.474223e+00 -4.067442e-01 1.755142e+00
 -1.690512e+00 -2.798195e-01 1.481529e+00
 -1.791482e+00 -7.487714e-02 1.165165e+00
 -1.766773e+00 1.432271e-01 9.348078e-01
 -1.723197e+00 3.458999e-01 8.435880e-01
 -1.733947e+00 5.773706e-01 7.476768e-01
 -1.769873e+00 8.238553e-01 4.836208e-01
 -1.722355e+00 9.799685e-01 1.085623e-01
 -1.577975e+00 1.012331e+00 -2.387868e-01
 -1.328347e+00 9.529222e-01 -5.232978e-01
 -1.038043e+00 8.086911e-01 -7.093456e-01
 -7.521749e-01 6.051091e-01 -7.797733e-01
 -3.230176e-01 1.787576e-01 -7.099572e-01
 -1.105312e-01 -1.108457e-01 -8.139279e-01
 -2.315048e-02 -3.918518e-01 -1.019238e+00
 -1.275141e-01 -8.656184e-01 -1.363518e+00
 -1.387238e-01 -1.353129e+00 -1.437872e+00
 6.009946e-03 -1.825940e+00 -1.320819e+00
 2.681790e-01 -2.153748e+00 -1.038723e+00
 5.922036e-01 -2.260113e+00 -6.647306e-01
 8.960993e-01 -2.119255e+00 -2.878356e-01
 1.097644e+00 -1.766554e+00 1.273785e-02
 1.153292e+00 -1.288404e+00 1.593940e-01
 1.052105e+00 -7.985061e-01 1.182413e-01
 7.219520e-01 -2.274639e-01 -2.143343e-01
 7.338749e-01 1.250783e-01 -3.203032e-01
 1.019356e+00 5.924550e-01 -5.308176e-01
 1.123309e+00 9.490270e-01 -5.645954e-01
 1.091148e+00 1.374376e+00 -5.363020e-01
 9.434602e-01 1.701051e+00 -4.676312e-01
 7.014669e-01 1.936925e+00 -3.565640e-01
 3.883082e-01 2.059043e+00 -2.117210e-01
 1.020601e-02 2.042012e+00 -3.599788e-02
 -2.863828e-01 1.906091e+00 1.071697e-01
 -5.241167e-01 1.661896e+00 2.225910e-01
 -6.697339e-01 1.340175e+00 2.944151e-01
 -7.406535e-01 7.540384e-01 2.983650e-01
 -8.337660e-01 4.796940e-01 2.399879e-01
 -9.867617e-01 2.433031e-01 1.476419e-01
 -1.177485e+00 1.100557e-01 2.751876e-02
 -1.449055e+00 3.133538e-04 -7.307547e-02
 -1.823099e+00 -3.289252e-02 -9.610860e-02
 -2.193508e+00 2.131710e-02 -9.228690e-04
 -2.496937e+00 1.349417e-01 2.113258e-01
 -2.686998e+00 2.795822e-01 5.059073e-01
 -2.744146e+00 4.299863e-01 8.444214e-01
 -2.664270e+00 5.686113e-01 1.179190e+00
 -2.461341e+00 6.758596e-01 1.467686e+00
 -2.163670e+00 7.406694e-01 1.672895e+00
 -1.811764e+00 7.462212e-01 1.774317e+00
 -1.453517e+00 6.922207e-01 1.759854e+00
 -1.145540e+00 5.804407e-01 1.643366e+00
 -9.054070e-01 3.891388e-01 1.450412e+00
 -7.760292e-01 1.275373e-01 1.181954e+00
 -7.751535e-01 -2.130153e-01 1.016197e+00
 -8.521716e-01 -6.727916e-01 9.513276e-01
 -8.389536e-01 -9.158797e-01 8.851658e-01
 -7.773822e-01 -1.135522e+00 7.892872e-01
 -6.704503e-01 -1.328764e+00 6.600663e-01
 -5.338739e-01 -1.465702e+00 5.085466e-01
 -3.702638e-01 -1.547921e+00 3.394180e-01
 -1.983362e-01 -1.568022e+00 1.550006e-01
 -3.050708e-02 -1.523261e+00 -4.802030e-02
 3.000565e-01 -1.289403e+00 -4.475314e-01
 4.248911e-01 -1.242683e+00 -5.743072e-01
 5.549512e-01 -1.225511e+00 -6.818665e-01
 6.889258e-01 -1.238807e+00 -7.930372e-01
 1.007950e+00 -1.346345e+00 -1.055389e+00
 1.214763e+00 -1.345638e+00 -1.241628e+00
 1.404652e+00 -1.274955e+00 -1.426036e+00
 1.564951e+00 -1.141849e+00 -1.594158e+00
 1.685566e+00 -9.583900e-01 -1.735617e+00
 1.761033e+00 -7.387144e-01 -1.842099e+00
 1.788407e+00 -4.968106e-01 -1.909360e+00
 1.774314e+00 -2.512934e-01 -1.928956e+00
 1.713267e+00 -1.290773e-02 -1.909500e+00
 1.605523e+00 2.033095e-01 -1.852599e+00
 1.430713e+00 4.095087e-01 -1.758939e+00
 1.210039e+00 5.483682e-01 -1.657265e+00
 9.728237e-01 6.080438e-01 -1.557257e+00
 7.509289e-01 5.975887e-01 -1.494259e+00
 5.264245e-01 5.359678e-01 -1.470692e+00
 3.640028e-01 4.891380e-01 -1.495843e+00
 2.119051e-03 4.311661e-01 -1.671298e+00
 -3.158896e-01 2.838047e-01 -1.743625e+00
 -6.203679e-01 7.957037e-02 -1.704570e+00
 -8.360815e-01 -9.002252e-02 -1.582471e+00
 -9.852927e-01 -2.373100e-01 -1.395665e+00
 -1.056919e+00 -3.866748e-01 -1.150816e+00
 -1.038029e+00 -5.413968e-01 -8.739901e-01
 -9.359337e-01 -6.704331e-01 -6.135678e-01
 -7.975854e-01 -7.257186e-01 -4.024908e-01
 -6.262893e-01 -7.062286e-01 -1.799804e-01
 -4.737979e-01 -6.098742e-01 -2.113413e-02
 -2.803707e-01 -5.512088e-01 1.182330e-01
 -7.966294e-02 -5.688766e-01 3.009708e-01
 1.059313e-01 -6.742646e-01 5.680436e-01
 3.706172e-01 -1.110593e+00 1.309415e+00
 4.423568e-01 -1.174837e+00 1.666760e+00
 4.860970e-01 -1.110049e+00 2.028757e+00
 5.023653e-01 -9.252153e-01 2.345059e+00
 4.745107e-01 -6.532198e-01 2.575999e+00
 4.025452e-01 -3.283100e-01 2.699304e+00
