 -1.060304e+00 4.966604e-01 -5.992417e-01
 -1.417971e+00 4.506020e-01 -5.821061e-01
 -1.746055e+00 3.318750e-01 -4.626039e-01
 -2.005045e+00 1.587597e-01 -2.480066e-01
 -2.131782e+00 -3.143933e-02 1.633932e-02
 -2.131706e+00 -2.474399e-01 3.112545e-01
 -1.994800e+00 -4.645204e-01 6.037616e-01
 -1.749032e+00 -6.257435e-01 8.287143e-01
 -1.422361e+00 -7.221715e-01 9.688586e-01
 -1.057396e+00 -7.410427e-01 1.007993e+00
 -7.033085e-01 -6.796043e-01 9.428293e-01
 -6.806595e-02 -4.191743e-01 5.871187e-01
 2.522805e-01 -4.372073e-01 4.519951e-01
 4.663079e-01 -4.458625e-01 4.398632e-01
 8.030886e-01 -4.976591e-01 5.357491e-01
 1.082364e+00 -6.825611e-01 6.583313e-01
 1.266563e+00 -9.709532e-01 7.692943e-01
 1.345199e+00 -1.349118e+00 8.199308e-01
 1.317469e+00 -1.729327e+00 7.727513e-01
 1.177114e+00 -2.076078e+00 6.346777e-01
 9.736702e-01 -2.308162e+00 4.212428e-01
 7.601122e-01 -2.414229e+00 1.310866e-01
 5.256634e-01 -2.370959e+00 -1.936571e-01
 3.120055e-01 -2.177459e+00 -4.781442e-01
 5.767386e-02 -1.766077e+00 -7.165322e-01
 -1.603806e-01 -1.641193e+00 -9.175716e-01
 -3.342561e-01 -1.588521e+00 -9.984772e-01
 -5.954223e-01 -1.504351e+00 -1.024150e+00
 -9.040643e-01 -1.385949e+00 -9.525861e-01
 -1.114221e+00 -1.246638e+00 -8.232292e-01
 -1.259172e+00 -1.059120e+00 -6.555215e-01
 -1.327644e+00 -8.321121e-01 -4.514266e-01
 -1.306117e+00 -6.282153e-01 -2.428568e-01
 -1.124812e+00 -2.873934e-01 7.708022e-02
 -1.123436e+00 -5.061694e-02 2.592325e-01
 -1.219270e+00 2.129025e-01 4.121531e-01
 -1.436926e+00 5.865532e-01 5.303411e-01
 -1.495096e+00 9.193036e-01 6.242704e-01
 -1.432197e+00 1.248203e+00 7.289661e-01
 -1.261347e+00 1.523686e+00 8.379589e-01
 -1.036964e+00 1.691916e+00 9.395831e-01
 -8.519469e-01 1.751496e+00 1.034340e+00
 -7.040015e-01 1.784452e+00 1.168423e+00
 -5.471115e-01 1.893962e+00 1.351245e+00
 -3.241890e-01 2.091701e+00 1.470389e+00
 -2.530559e-02 2.320371e+00 1.472174e+00
 2.849090e-01 2.488538e+00 1.347929e+00
 5.842300e-01 2.548761e+00 1.134051e+00
 8.290597e-01 2.500609e+00 8.581812e-01
 9.871073e-01 2.352495e+00 5.624889e-01
 1.037752e+00 2.128390e+00 2.865868e-01
 9.994085e-01 1.830780e+00 7.276701e-02
 8.835655e-01 1.492027e+00 -3.281450e-02
 7.068007e-01 1.147298e+00 -6.731935e-03
 4.996956e-01 8.432283e-01 1.832083e-01
 4.619396e-01 5.947988e-01 5.124206e-01
 4.644727e-01 4.250023e-01 9.744246e-01
 4.568241e-01 1.434180e-01 1.280062e+00
 4.391913e-01 -2.014015e-01 1.449516e+00
 4.120026e-01 -5.701113e-01 1.477140e+00
 3.716667e-01 -9.365795e-01 1.359348e+00
 3.304620e-01 -1.200720e+00 1.132504e+00
 3.248508e-01 -1.390532e+00 8.008338e-01
 3.752594e-01 -1.454639e+00 4.800637e-01
 4.738263e-01 -1.437699e+00 2.492159e-01
 7.067787e-01 -1.377391e+00 2.054870e-02
 9.507003e-01 -1.432637e+00 -1.361872e-01
 1.304702e+00 -1.640583e+00 -3.170048e-01
 1.520872e+00 -1.755916e+00 -5.420404e-01
 1.694523e+00 -1.791736e+00 -8.331135e-01
 1.804225e+00 -1.738560e+00 -1.150385e+00
 1.832710e+00 -1.608632e+00 -1.458330e+00
 1.769173e+00 -1.425952e+00 -1.728032e+00
 1.619171e+00 -1.208150e+00 -1.934332e+00
 1.406348e+00 -9.689051e-01 -2.049891e+00
 1.162616e+00 -7.289692e-01 -2.056484e+00
 9.145735e-01 -5.203047e-01 -1.953661e+00
 6.954043e-01 -3.553772e-01 -1.749470e+00
 5.433965e-01 -2.566062e-01 -1.473376e+00
 4.854612e-01 -2.033242e-01 -1.146784e+00
 5.532363e-01 -1.946082e-01 -7.805039e-01
 7.595615e-01 -8.281925e-02 -4.700228e-01
 1.277057e+00 2.341699e-01 -5.180354e-02
 1.413979e+00 3.868463e-01 1.449484e-01
 1.479868e+00 5.707392e-01 3.582123e-01
 1.467408e+00 7.756087e-01 5.649435e-01
 1.374264e+00 9.804733e-01 7.476621e-01
 1.188483e+00 1.202776e+00 9.021083e-01
 9.495733e-01 1.365738e+00 9.816566e-01
 6.548800e-01 1.482660e+00 9.835160e-01
 3.723634e-01 1.584641e+00 8.723830e-01
 1.909451e-01 1.706342e+00 6.813810e-01
 5.326015e-02 1.930674e+00 5.096743e-01
 -1.277835e-01 2.215193e+00 4.505107e-01
 -3.717310e-01 2.499006e+00 5.196557e-01
 -6.474185e-01 2.699040e+00 7.086726e-01
 -9.307143e-01 2.767281e+00 9.692374e-01
 -1.186210e+00 2.689972e+00 1.256444e+00
 -1.374900e+00 2.476372e+00 1.527981e+00
 -1.460515e+00 2.157629e+00 1.751210e+00
 -1.442984e+00 1.773775e+00 1.875695e+00
 -1.327366e+00 1.382172e+00 1.871662e+00
 -1.123965e+00 1.047991e+00 1.740012e+00
 -8.741733e-01 8.301815e-01 1.494380e+00
 -6.375331e-01 7.605801e-01 1.171854e+00
 -4.816770e-01 8.298693e-01 8.233836e-01
 -4.779680e-01 9.832458e-01 4.566686e-01
 -5.937964e-01 1.347794e+00 -1.741721e-02
 -6.198225e-01 1.457362e+00 -3.300497e-01
 -6.419329e-01 1.458975e+00 -7.082232e-01
 -6.423452e-01 1.338327e+00 -1.042642e+00
 -6.304116e-01 1.115912e+00 -1.305976e+00
 -5.987160e-01 8.218406e-01 -1.469404e+00
 -5.594075e-01 4.820320e-01 -1.525138e+00
 -5.388907e-01 1.178308e-01 -1.460730e+00
 -5.239975e-01 -1.866455e-01 -1.286219e+00
 -5.126183e-01 -3.708075e-01 -1.069352e+00
 -3.288939e-01 -6.373069e-01 -5.491114e-01
 -3.032350e-01 -8.379741e-01 -3.100933e-01
 -4.188947e-01 -1.122090e+00 -7.395477e-02
 -5.707436e-01 -1.432775e+00 1.787659e-02
 -6.996696e-01 -1.785552e+00 -3.268496e-02
 -7.663613e-01 -2.112560e+00 -2.166553e-01
 -7.443229e-01 -2.385119e+00 -5.063690e-01
 -6.205574e-01 -2.551508e+00 -8.310473e-01
 -3.950640e-01 -2.609196e+00 -1.140628e+00
 -1.066475e-01 -2.550229e+00 -1.383304e+00
 2.020999e-01 -2.378830e+00 -1.535639e+00
 4.771893e-01 -2.116125e+00 -1.583712e+00
 6.793532e-01 -1.803587e+00 -1.523189e+00
 9.743757e-01 -1.109915e+00 -1.122080e+00
 1.256885e+00 -8.818958e-01 -1.034956e+00
 1.456751e+00 -6.014786e-01 -1.087662e+00
 1.526184e+00 -1.362964e-01 -1.163889e+00
 1.388327e+00 2.942858e-01 -1.205656e+00
 1.098749e+00 6.249468e-01 -1.149972e+00
 7.176812e-01 8.046935e-01 -1.017812e+00
 2.924160e-01 7.987441e-01 -8.520362e-01
 -1.020634e-01 5.908049e-01 -6.044153e-01
 -3.994571e-01 4.763390e-01 -5.158653e-01
 -6.235856e-01 4.522872e-01 -4.980054e-01
