 -8.185838e-01 1.859464e+00 -1.138418e+00
 -7.630852e-01 1.802400e+00 -8.532915e-01
 -6.877053e-01 1.829318e+00 -5.901054e-01
 -7.195699e-01 1.831401e+00 -2.858345e-01
 -8.210489e-01 1.674279e+00 9.886118e-02
 -9.316727e-01 1.357064e+00 3.809804e-01
 -1.007444e+00 9.333279e-01 5.060775e-01
 -1.032415e+00 4.768171e-01 4.367412e-01
 -1.005959e+00 -5.772220e-02 7.412084e-02
 -1.109628e+00 -3.888211e-01 -7.491530e-02
 -1.303244e+00 -6.429909e-01 -1.376907e-01
 -1.518375e+00 -9.068240e-01 -6.231737e-02
 -1.699976e+00 -1.177659e+00 1.645745e-01
 -1.758751e+00 -1.396445e+00 4.759662e-01
 -1.666695e+00 -1.578756e+00 8.105073e-01
 -1.440162e+00 -1.701643e+00 1.112524e+00
 -1.093796e+00 -1.737256e+00 1.346936e+00
 -6.633773e-01 -1.634221e+00 1.477761e+00
 -2.326445e-01 -1.390127e+00 1.435403e+00
 3.229924e-01 -8.355145e-01 9.966433e-01
 5.377789e-01 -7.265922e-01 8.170060e-01
 7.378779e-01 -7.055175e-01 6.632503e-01
 1.016567e+00 -7.666377e-01 4.527841e-01
 1.410193e+00 -1.003644e+00 3.480865e-01
 1.781742e+00 -1.275943e+00 4.751545e-01
 2.030711e+00 -1.493180e+00 7.579760e-01
 2.172269e+00 -1.599968e+00 1.129425e+00
 2.197875e+00 -1.601052e+00 1.514443e+00
 2.115046e+00 -1.513205e+00 1.871368e+00
 1.936652e+00 -1.341676e+00 2.165884e+00
 1.677265e+00 -1.095287e+00 2.355543e+00
 1.377882e+00 -7.892879e-01 2.389255e+00
 1.093349e+00 -4.713160e-01 2.229766e+00
 9.037460e-01 -2.027388e-01 1.878921e+00
 9.021021e-01 -5.649785e-02 1.479386e+00
 1.057754e+00 6.939153e-02 1.209206e+00
 1.179463e+00 2.146288e-01 1.058933e+00
 1.261594e+00 4.638184e-01 9.095629e-01
 1.246582e+00 7.092704e-01 7.741087e-01
 1.143325e+00 9.294498e-01 6.010457e-01
 9.752143e-01 1.090937e+00 4.065967e-01
 7.357868e-01 1.179541e+00 1.894130e-01
 3.985483e-01 1.166113e+00 -2.549434e-02
 -2.149286e-01 9.189356e-01 -2.617506e-01
 -4.927236e-01 8.266264e-01 -3.840406e-01
 -7.898301e-01 8.238657e-01 -5.084180e-01
 -1.120978e+00 9.035828e-01 -5.245424e-01
 -1.444641e+00 1.113639e+00 -5.197379e-01
 -1.664390e+00 1.472033e+00 -5.006923e-01
 -1.722947e+00 1.865121e+00 -5.127929e-01
 -1.642598e+00 2.224680e+00 -5.580558e-01
 -1.452031e+00 2.519661e+00 -6.247797e-01
 -1.167660e+00 2.731704e+00 -7.053270e-01
 -8.047417e-01 2.829985e+00 -7.913187e-01
 -4.040294e-01 2.772553e+00 -8.929875e-01
 -3.527236e-02 2.527344e+00 -9.911786e-01
 1.997160e-01 2.120167e+00 -1.052041e+00
 2.180291e-01 1.618772e+00 -1.117205e+00
 4.510966e-02 1.281408e+00 -1.158423e+00
 -2.269919e-01 1.036632e+00 -1.332564e+00
 -8.023756e-01 7.135003e-01 -1.849331e+00
 -1.088558e+00 3.360919e-01 -2.022123e+00
 -1.229240e+00 -1.303735e-01 -2.034802e+00
 -1.231459e+00 -5.644356e-01 -1.867102e+00
 -1.108221e+00 -8.925736e-01 -1.542877e+00
 -8.520136e-01 -1.052980e+00 -1.119429e+00
 -3.910056e-01 -9.321048e-01 -5.216390e-01
 -2.231842e-01 -9.430055e-01 -3.107412e-01
 -6.492850e-02 -9.863284e-01 -1.893053e-01
 1.344525e-01 -1.147262e+00 -4.822492e-02
 3.266625e-01 -1.487286e+00 1.495610e-01
 5.042279e-01 -1.674674e+00 4.159158e-01
 7.370142e-01 -1.731889e+00 7.125901e-01
 9.390264e-01 -1.653676e+00 9.989780e-01
 1.125316e+00 -1.443287e+00 1.259812e+00
 1.283235e+00 -1.156124e+00 1.387909e+00
 1.425510e+00 -9.381654e-01 1.376740e+00
 1.589846e+00 -7.942576e-01 1.369948e+00
 1.785299e+00 -5.997750e-01 1.461620e+00
 1.912728e+00 -3.083337e-01 1.616836e+00
 1.907594e+00 4.295647e-02 1.776869e+00
 1.736086e+00 4.197846e-01 1.904344e+00
 1.389766e+00 7.629416e-01 1.914144e+00
 9.184657e-01 9.547667e-01 1.760366e+00
 4.581818e-01 9.060798e-01 1.423464e+00
 2.080866e-01 6.162382e-01 9.621110e-01
 3.293257e-01 2.322328e-01 4.100977e-01
 1.252380e+00 2.924568e-02 -2.880668e-01
 1.459510e+00 -8.971068e-02 -6.601416e-01
 1.479373e+00 -2.283996e-01 -1.119708e+00
 1.240811e+00 -3.517607e-01 -1.611275e+00
 8.388668e-01 -4.063675e-01 -1.899692e+00
 3.612201e-01 -3.840832e-01 -1.949278e+00
 -1.993082e-01 -2.671828e-01 -1.713958e+00
 -5.366605e-01 -7.453490e-02 -1.234670e+00
 -7.544955e-01 -1.374561e-02 -1.105416e+00
 -1.426395e+00 3.126727e-02 -9.339455e-01
 -1.657374e+00 8.953166e-02 -7.842495e-01
 -1.863107e+00 1.380894e-01 -5.238154e-01
 -2.002832e+00 1.143804e-01 -1.795785e-01
 -2.033248e+00 -1.450270e-03 2.015936e-01
 -1.911161e+00 -1.976630e-01 5.686111e-01
 -1.640624e+00 -3.850352e-01 8.249145e-01
 -1.289602e+00 -5.945844e-01 9.212178e-01
 -9.433389e-01 -8.416329e-01 8.246396e-01
 -7.551689e-01 -1.112432e+00 5.873042e-01
 -7.243609e-01 -1.585129e+00 3.275487e-01
 -6.420688e-01 -1.857687e+00 -8.483347e-02
 -3.518834e-01 -1.966657e+00 -4.976238e-01
 1.371411e-02 -1.845393e+00 -8.079739e-01
 3.407338e-01 -1.476410e+00 -1.015011e+00
 5.165564e-01 -9.849349e-01 -1.038306e+00
 4.676316e-01 -3.473963e-01 -8.954670e-01
 4.711558e-01 -7.408494e-02 -9.383524e-01
 5.096734e-01 1.455967e-01 -1.049233e+00
 5.894533e-01 3.789025e-01 -1.273533e+00
 6.723251e-01 6.428359e-01 -1.703789e+00
 5.515056e-01 9.903735e-01 -2.034043e+00
 2.745624e-01 1.377268e+00 -2.183848e+00
 -8.466042e-02 1.701494e+00 -2.120224e+00
 -4.455781e-01 1.888967e+00 -1.877954e+00
 -7.147215e-01 1.926852e+00 -1.517865e+00
