 -1.634814e+00 -5.145305e-01 -2.007801e-01
 -1.044240e+00 -7.424552e-01 8.349373e-02
 -7.826118e-01 -1.054212e+00 3.013748e-01
 -5.488672e-01 -2.068212e+00 4.870033e-01
 -3.222788e-01 -2.465253e+00 4.025428e-01
 4.051595e-02 -2.729365e+00 2.095166e-01
 4.442334e-01 -2.780246e+00 -4.184087e-02
 8.056960e-01 -2.608367e+00 -3.060496e-01
 1.036263e+00 -2.253542e+00 -5.253147e-01
 1.063606e+00 -1.799204e+00 -7.005989e-01
 8.831113e-01 -1.440566e+00 -8.298543e-01
 5.812188e-01 -1.242405e+00 -9.921880e-01
 3.165184e-01 -1.128254e+00 -1.364416e+00
 1.287876e-01 -1.029232e+00 -1.528240e+00
 -9.207396e-02 -9.217810e-01 -1.631231e+00
 -3.110276e-01 -8.041417e-01 -1.665334e+00
 -5.147533e-01 -6.699331e-01 -1.634617e+00
 -6.952850e-01 -5.267381e-01 -1.540109e+00
 -8.419575e-01 -3.723614e-01 -1.383604e+00
 -9.328115e-01 -2.098370e-01 -1.185899e+00
 -9.592635e-01 -4.791749e-02 -9.550157e-01
 -9.183534e-01 1.295023e-01 -5.806196e-01
 -9.823611e-01 2.704405e-01 -3.730794e-01
 -1.170401e+00 4.825901e-01 -1.616306e-01
 -1.430241e+00 7.630061e-01 -1.249176e-02
 -1.558509e+00 1.079450e+00 1.548537e-01
 -1.558892e+00 1.396434e+00 3.521628e-01
 -1.433906e+00 1.673823e+00 5.451738e-01
 -1.197100e+00 1.884184e+00 7.259310e-01
 -8.950362e-01 1.984410e+00 8.581058e-01
 -5.560173e-01 2.002896e+00 8.899050e-01
 -3.406647e-01 2.034183e+00 8.225515e-01
 -1.350922e-01 2.113913e+00 7.718875e-01
 1.636805e-01 2.198906e+00 8.160066e-01
 4.975622e-01 2.190007e+00 9.432305e-01
 8.000774e-01 2.057676e+00 1.120897e+00
 1.025122e+00 1.803190e+00 1.300789e+00
 1.139291e+00 1.463871e+00 1.442161e+00
 1.120490e+00 1.086952e+00 1.534760e+00
 9.699730e-01 7.249232e-01 1.558023e+00
 7.058620e-01 4.342934e-01 1.509487e+00
 3.969927e-01 2.747247e-01 1.401207e+00
 -2.949997e-02 1.790223e-01 1.067756e+00
 -2.131399e-01 1.022562e-01 9.243970e-01
 -4.223371e-01 6.343285e-03 8.392661e-01
 -6.898420e-01 -1.081734e-01 8.483581e-01
 -1.131986e+00 -3.233715e-01 1.017785e+00
 -1.441008e+00 -6.290243e-01 1.032448e+00
 -1.667589e+00 -9.822859e-01 8.819840e-01
 -1.756495e+00 -1.311033e+00 6.004932e-01
 -1.708614e+00 -1.549530e+00 2.139454e-01
 -1.544134e+00 -1.628099e+00 -1.730493e-01
 -1.227302e+00 -1.572047e+00 -5.133583e-01
 -8.661998e-01 -1.406986e+00 -6.960995e-01
 -5.401154e-01 -1.159103e+00 -7.191222e-01
 -2.354771e-01 -6.898419e-01 -6.154944e-01
 -2.755522e-02 -4.031828e-01 -7.186832e-01
 1.668559e-01 1.140174e-01 -1.288690e+00
 5.674728e-01 3.897364e-01 -1.569552e+00
 1.112597e+00 5.019803e-01 -1.639556e+00
 1.648966e+00 4.285713e-01 -1.467768e+00
 2.008483e+00 1.773523e-01 -1.112664e+00
 2.090812e+00 -1.937463e-01 -6.866942e-01
 1.864163e+00 -5.580130e-01 -3.101438e-01
 1.407052e+00 -8.025884e-01 -1.029349e-01
 7.342659e-01 -8.039305e-01 -4.267795e-02
 4.589162e-01 -7.653060e-01 1.117212e-01
 2.134572e-01 -7.717724e-01 4.035159e-01
 4.987474e-03 -9.099500e-01 1.008874e+00
 -1.551758e-01 -8.085165e-01 1.411632e+00
 -3.693116e-01 -5.042020e-01 1.755752e+00
 -5.560400e-01 -1.247606e-01 1.890002e+00
 -7.276187e-01 2.767301e-01 1.814573e+00
 -8.469682e-01 6.719632e-01 1.512446e+00
 -8.547648e-01 8.878156e-01 1.123349e+00
 -5.424118e-01 1.104266e+00 3.534304e-01
 -5.829506e-01 1.472864e+00 6.384335e-03
 -6.352235e-01 1.825704e+00 -1.296902e-01
 -6.794130e-01 2.203135e+00 -1.223314e-01
 -7.025198e-01 2.555655e+00 2.545604e-02
 -6.985264e-01 2.832936e+00 2.966377e-01
 -6.446252e-01 2.995134e+00 6.439911e-01
 -5.463700e-01 3.019397e+00 1.017038e+00
 -4.185808e-01 2.901732e+00 1.362540e+00
 -2.814621e-01 2.658408e+00 1.631100e+00
 -1.529910e-01 2.322047e+00 1.784298e+00
 -3.859239e-02 1.941356e+00 1.791700e+00
 4.603554e-02 1.593696e+00 1.653964e+00
 1.194017e-01 1.336918e+00 1.402137e+00
 1.779267e-01 1.236200e+00 1.159709e+00
 3.083332e-01 1.183397e+00 9.014266e-01
 7.479701e-01 1.206361e+00 3.134943e-01
 8.632861e-01 1.172157e+00 1.505346e-01
 9.621905e-01 1.100649e+00 -9.904553e-03
 1.040610e+00 9.959020e-01 -1.604864e-01
 1.093656e+00 8.635868e-01 -2.977540e-01
 1.119968e+00 7.073072e-01 -4.185449e-01
 1.122226e+00 5.312963e-01 -5.146210e-01
 1.060238e+00 7.927978e-02 -6.828238e-01
 1.055928e+00 -9.212281e-02 -7.833767e-01
 1.069632e+00 -2.231786e-01 -8.943516e-01
 1.112176e+00 -3.488500e-01 -1.026609e+00
 1.281204e+00 -6.117282e-01 -1.373801e+00
 1.327832e+00 -8.817212e-01 -1.593359e+00
 1.292277e+00 -1.185912e+00 -1.741123e+00
 1.182450e+00 -1.486706e+00 -1.807841e+00
 1.018104e+00 -1.755579e+00 -1.791224e+00
 8.140406e-01 -1.970722e+00 -1.701638e+00
 5.889396e-01 -2.110010e+00 -1.560532e+00
 3.817553e-01 -2.176533e+00 -1.367622e+00
 1.930520e-01 -2.172855e+00 -1.122155e+00
 8.080948e-02 -2.116576e+00 -8.855357e-01
 3.283967e-02 -2.024853e+00 -6.510971e-01
 5.270227e-02 -1.913485e+00 -4.373016e-01
 1.475103e-01 -1.799403e+00 -2.262376e-01
 2.476630e-01 -1.750643e+00 -7.959720e-02
 5.121703e-01 -1.777050e+00 2.776441e-01
 7.756929e-01 -1.636668e+00 5.711214e-01
 1.000276e+00 -1.327314e+00 8.081786e-01
 1.090808e+00 -1.001182e+00 9.235462e-01
 1.089189e+00 -6.471054e-01 9.350610e-01
 1.039013e+00 -2.835393e-01 8.102537e-01
 9.315957e-01 6.039514e-04 5.852890e-01
 7.238030e-01 1.755726e-01 3.784112e-01
 4.451204e-01 2.509487e-01 1.778604e-01
 3.009045e-01 3.401628e-01 4.803111e-02
 -2.620867e-01 9.002554e-01 -7.543292e-01
 -6.090098e-01 1.040464e+00 -9.518473e-01
 -1.034627e+00 1.031280e+00 -1.069005e+00
 -1.488091e+00 8.479638e-01 -1.079223e+00
 -1.811560e+00 5.439991e-01 -9.685636e-01
 -1.957040e+00 1.677618e-01 -7.506549e-01
 -1.892548e+00 -2.158079e-01 -4.760179e-01
