 1.037639e+00 1.279577e+00 -1.508644e+00
 7.448412e-01 1.285811e+00 -1.520544e+00
 5.334225e-01 1.334527e+00 -1.462936e+00
 3.301810e-01 1.432671e+00 -1.432829e+00
 4.882874e-02 1.500048e+00 -1.488019e+00
 -3.041010e-01 1.453525e+00 -1.562729e+00
 -6.484762e-01 1.258511e+00 -1.586257e+00
 -8.979515e-01 9.522218e-01 -1.554724e+00
 -1.021794e+00 5.831344e-01 -1.452828e+00
 -9.994771e-01 2.156436e-01 -1.299358e+00
 -8.276753e-01 -1.137777e-01 -1.137427e+00
 -7.429725e-01 -3.570318e-01 -1.081774e+00
 -7.315780e-01 -6.230970e-01 -1.054437e+00
 -7.268702e-01 -1.147030e+00 -1.211080e+00
 -6.905796e-01 -1.580619e+00 -1.158990e+00
 -6.248973e-01 -1.943088e+00 -9.434388e-01
 -5.112700e-01 -2.171705e+00 -6.061990e-01
 -3.865132e-01 -2.233453e+00 -2.246379e-01
 -2.969893e-01 -2.119301e+00 2.082747e-01
 -3.037534e-01 -1.847387e+00 5.624090e-01
 -4.153536e-01 -1.506161e+00 7.624168e-01
 -6.247188e-01 -1.232518e+00 8.172111e-01
 -9.866633e-01 -1.057754e+00 9.027509e-01
 -1.252344e+00 -8.515018e-01 8.728461e-01
 -1.471231e+00 -5.039233e-01 8.208809e-01
 -1.536834e+00 -1.732555e-01 7.780341e-01
 -1.478769e+00 1.253558e-01 7.196068e-01
 -1.304107e+00 4.052472e-01 6.355521e-01
 -9.763213e-01 6.574465e-01 5.064625e-01
 -6.509478e-01 7.474615e-01 4.071956e-01
 -1.893477e-01 7.393261e-01 3.793612e-01
 8.957947e-02 8.718013e-01 3.901591e-01
 3.731874e-01 1.064597e+00 5.048791e-01
 6.072046e-01 1.243693e+00 7.744526e-01
 7.473911e-01 1.327227e+00 1.113721e+00
 8.138947e-01 1.288679e+00 1.496502e+00
 7.948607e-01 1.145285e+00 1.837541e+00
 7.106025e-01 9.048450e-01 2.105046e+00
 5.896086e-01 5.895270e-01 2.263684e+00
 4.553989e-01 2.396170e-01 2.289047e+00
 3.261860e-01 -9.060469e-02 2.177524e+00
 1.057344e-01 -5.192763e-01 1.800198e+00
 -1.022496e-01 -8.265509e-01 1.703692e+00
 -4.686513e-01 -1.346949e+00 1.813430e+00
 -6.980312e-01 -1.608413e+00 1.762494e+00
 -9.184667e-01 -1.828421e+00 1.602209e+00
 -1.102302e+00 -1.980002e+00 1.354027e+00
 -1.234096e+00 -2.046540e+00 1.045145e+00
 -1.313305e+00 -2.012516e+00 7.181435e-01
 -1.317641e+00 -1.895343e+00 4.091161e-01
 -1.240430e+00 -1.712326e+00 1.407433e-01
 -1.072826e+00 -1.481993e+00 -6.451120e-02
 -8.189667e-01 -1.290865e+00 -1.764904e-01
 -5.040884e-01 -1.201849e+00 -2.091988e-01
 -3.194298e-01 -1.208029e+00 -2.653181e-01
 -3.795678e-02 -1.276970e+00 -4.202204e-01
 2.759733e-01 -1.435054e+00 -7.005090e-01
 5.883800e-01 -1.422959e+00 -9.896962e-01
 8.868479e-01 -1.265460e+00 -1.210132e+00
 1.115897e+00 -9.974655e-01 -1.346029e+00
 1.245940e+00 -6.409374e-01 -1.400701e+00
 1.278773e+00 -2.417247e-01 -1.339944e+00
 1.192008e+00 1.510514e-01 -1.160329e+00
 8.808516e-01 5.927055e-01 -7.627575e-01
 7.972255e-01 8.486401e-01 -6.121675e-01
 8.039978e-01 1.128216e+00 -5.034943e-01
 8.455631e-01 1.497498e+00 -5.084818e-01
 8.964331e-01 1.846825e+00 -6.596554e-01
 9.157581e-01 2.124337e+00 -9.413867e-01
 8.952226e-01 2.276400e+00 -1.293441e+00
 8.301444e-01 2.294437e+00 -1.665022e+00
 7.186609e-01 2.185051e+00 -2.004682e+00
 5.845954e-01 1.963136e+00 -2.269369e+00
 4.440606e-01 1.659952e+00 -2.426494e+00
 3.163237e-01 1.316557e+00 -2.457226e+00
 2.026059e-01 9.894190e-01 -2.359333e+00
 1.122734e-01 7.180548e-01 -2.151458e+00
 5.558175e-02 5.384531e-01 -1.869362e+00
 4.934152e-03 4.688363e-01 -1.545823e+00
 -2.120095e-02 5.082179e-01 -1.200958e+00
 -1.775803e-01 7.238818e-01 -8.323189e-01
 -3.439884e-01 1.409229e+00 -3.708512e-01
 -3.821267e-01 1.596981e+00 -1.486477e-01
 -4.035656e-01 1.714562e+00 1.151960e-01
 -4.087525e-01 1.753781e+00 4.017166e-01
 -4.113639e-01 1.710832e+00 6.829345e-01
 -3.918945e-01 1.595344e+00 9.345641e-01
 -3.483556e-01 1.416389e+00 1.142166e+00
 -2.735795e-01 1.174818e+00 1.300475e+00
 -1.532526e-01 9.149488e-01 1.383394e+00
 1.643102e-02 6.549022e-01 1.385614e+00
 2.213276e-01 4.643789e-01 1.321439e+00
 4.256466e-01 3.708916e-01 1.269337e+00
 8.388080e-01 2.375377e-01 1.304317e+00
 1.220521e+00 5.619517e-03 1.183182e+00
 1.480051e+00 -2.768681e-01 9.164375e-01
 1.538892e+00 -5.033069e-01 5.673673e-01
 1.398190e+00 -6.531992e-01 7.517242e-02
 1.044858e+00 -6.514073e-01 -3.492844e-01
 5.787151e-01 -4.628614e-01 -6.133862e-01
 4.480592e-01 -4.270929e-01 -7.567891e-01
 3.014752e-01 -4.344725e-01 -1.060822e+00
 1.766983e-01 -5.218955e-01 -1.517144e+00
 -6.239786e-02 -5.289632e-01 -1.831816e+00
 -4.081329e-01 -5.218516e-01 -2.033838e+00
 -8.031177e-01 -5.276934e-01 -2.087532e+00
 -1.186854e+00 -5.619601e-01 -1.987247e+00
 -1.489531e+00 -6.009818e-01 -1.753638e+00
 -1.694161e+00 -5.929094e-01 -1.402445e+00
 -1.754548e+00 -5.360989e-01 -1.019700e+00
 -1.662695e+00 -4.625637e-01 -6.412810e-01
 -1.433976e+00 -3.820022e-01 -3.298105e-01
 -8.634196e-01 -2.869979e-01 1.869016e-02
 -6.070596e-01 -2.876713e-01 3.025839e-01
 -4.738972e-01 -2.339179e-01 6.067561e-01
 -4.852795e-01 -1.536123e-01 9.261945e-01
 -7.465123e-01 -5.234379e-02 1.462096e+00
 -8.409574e-01 -1.056391e-01 1.799112e+00
 -8.277684e-01 -2.345468e-01 2.143496e+00
 -7.076098e-01 -4.187563e-01 2.433806e+00
 -4.708309e-01 -6.470880e-01 2.659440e+00
 -1.937712e-01 -8.471474e-01 2.744438e+00
 1.098135e-01 -1.033576e+00 2.699086e+00
 4.120436e-01 -1.187744e+00 2.526764e+00
 6.491259e-01 -1.268324e+00 2.261095e+00
 8.017146e-01 -1.272283e+00 1.933743e+00
 8.532483e-01 -1.201442e+00 1.586145e+00
 7.993600e-01 -1.066674e+00 1.262361e+00
 5.599705e-01 -7.266566e-01 8.176126e-01
 5.038072e-01 -4.727803e-01 6.030048e-01
 5.375771e-01 -1.446064e-01 3.932723e-01
 6.293696e-01 2.444234e-02 3.201563e-01
 9.192119e-01 2.620583e-01 2.320634e-01
 1.285431e+00 4.374056e-01 1.795945e-01
 1.547986e+00 5.871824e-01 2.804273e-02
 1.734621e+00 7.624352e-01 -2.104698e-01
 1.814733e+00 9.366802e-01 -5.068622e-01
 1.773816e+00 1.094775e+00 -8.268571e-01
 1.607318e+00 1.212127e+00 -1.140993e+00
 1.352726e+00 1.265020e+00 -1.374846e+00
