 1.806631e-01 2.288344e+00 -1.157026e+00
 -4.425885e-02 2.427158e+00 -9.669488e-01
 -2.991001e-01 2.464278e+00 -7.028446e-01
 -5.034705e-01 2.389875e+00 -4.379661e-01
 -6.452362e-01 2.223884e+00 -1.862515e-01
 -7.095735e-01 1.988434e+00 3.653535e-02
 -6.938285e-01 1.710058e+00 2.051832e-01
 -3.799801e-01 8.027990e-01 5.450754e-01
 -1.539689e-01 5.188394e-01 7.292039e-01
 -1.240236e-02 3.026935e-01 9.904203e-01
 9.190446e-03 1.486370e-01 1.252488e+00
 -2.790684e-02 6.410782e-02 1.500487e+00
 -1.882600e-01 -4.873592e-03 1.788067e+00
 -4.608443e-01 -8.438595e-02 2.003986e+00
 -7.961740e-01 -1.877455e-01 2.094542e+00
 -1.140718e+00 -3.039817e-01 2.052111e+00
 -1.470293e+00 -4.359614e-01 1.867163e+00
 -1.679393e+00 -5.284666e-01 1.627348e+00
 -1.806149e+00 -5.846590e-01 1.328763e+00
 -1.838365e+00 -6.012903e-01 1.004851e+00
 -1.774779e+00 -5.795958e-01 6.893533e-01
 -1.288445e+00 -4.323826e-01 -1.828354e-01
 -1.017359e+00 -4.793859e-01 -5.116112e-01
 -8.975179e-01 -5.612298e-01 -7.819175e-01
 -8.859037e-01 -6.145428e-01 -9.808541e-01
 -9.014985e-01 -7.073403e-01 -1.166746e+00
 -9.094705e-01 -9.296097e-01 -1.404333e+00
 -8.674637e-01 -1.253503e+00 -1.573013e+00
 -7.772668e-01 -1.606661e+00 -1.620832e+00
 -6.695978e-01 -1.944434e+00 -1.538451e+00
 -5.455409e-01 -2.215688e+00 -1.346485e+00
 -3.853460e-01 -2.391453e+00 -1.077168e+00
 -2.127117e-01 -2.445085e+00 -7.713443e-01
 -5.625669e-02 -2.373063e+00 -4.551357e-01
 5.577019e-02 -2.188876e+00 -1.721688e-01
 1.062382e-01 -1.763261e+00 2.033987e-01
 1.720912e-01 -1.630952e+00 5.017751e-01
 1.012096e-01 -1.539686e+00 8.200508e-01
 -3.771815e-02 -1.415644e+00 1.053882e+00
 -2.616258e-01 -1.177556e+00 1.233011e+00
 -4.880971e-01 -9.210671e-01 1.280358e+00
 -6.798626e-01 -7.011226e-01 1.217788e+00
 -8.488725e-01 -3.496314e-01 1.048250e+00
 -9.695657e-01 -5.043788e-02 1.063878e+00
 -1.025525e+00 2.884868e-01 1.218737e+00
 -9.243556e-01 6.043865e-01 1.407621e+00
 -6.705868e-01 8.706281e-01 1.557514e+00
 -2.835648e-01 1.049434e+00 1.654826e+00
 1.279980e-01 1.072145e+00 1.680880e+00
 3.967653e-01 9.848006e-01 1.651331e+00
 6.791252e-01 9.044986e-01 1.493500e+00
 9.593854e-01 9.481998e-01 1.392800e+00
 1.181248e+00 1.084935e+00 1.297191e+00
 1.371333e+00 1.326882e+00 1.106406e+00
 1.439838e+00 1.605081e+00 8.701216e-01
 1.380208e+00 1.833935e+00 6.049935e-01
 1.231461e+00 1.966859e+00 3.113807e-01
 1.019382e+00 2.008625e+00 4.934541e-02
 7.489250e-01 1.972304e+00 -1.539952e-01
 4.754585e-01 1.869161e+00 -2.674074e-01
 1.712765e-01 1.628468e+00 -3.543469e-01
 -5.687892e-03 1.496972e+00 -5.096827e-01
 -2.282121e-01 1.442544e+00 -7.348853e-01
 -5.086451e-01 1.486444e+00 -1.137502e+00
 -6.574769e-01 1.385869e+00 -1.501286e+00
 -7.384684e-01 1.142865e+00 -1.822947e+00
 -7.414001e-01 7.988774e-01 -2.040226e+00
 -6.834241e-01 4.122761e-01 -2.113833e+00
 -5.464334e-01 4.651804e-02 -2.053069e+00
 -3.163613e-01 -2.408134e-01 -1.890864e+00
 -8.339352e-02 -3.802988e-01 -1.672323e+00
 4.384790e-02 -4.454670e-01 -1.404772e+00
 1.157909e-01 -4.453792e-01 -9.608277e-01
 2.058243e-01 -4.920679e-01 -7.072653e-01
 3.525893e-01 -5.943453e-01 -5.250439e-01
 5.693142e-01 -7.784596e-01 -3.694431e-01
 1.041820e+00 -1.460098e+00 -5.351361e-02
 1.119988e+00 -1.750022e+00 9.467332e-02
 1.090350e+00 -2.039100e+00 2.666038e-01
 9.537519e-01 -2.294375e+00 4.475698e-01
 7.234528e-01 -2.483422e+00 6.202045e-01
 4.208292e-01 -2.588700e+00 7.522292e-01
 7.693224e-02 -2.596591e+00 8.225191e-01
 -2.701137e-01 -2.503388e+00 8.166488e-01
 -5.731072e-01 -2.309529e+00 7.428074e-01
 -7.824179e-01 -2.023165e+00 6.389686e-01
 -8.662860e-01 -1.692366e+00 5.088257e-01
 -8.119834e-01 -1.324622e+00 3.838451e-01
 -6.405114e-01 -1.063694e+00 2.795790e-01
 -4.682007e-01 -8.956725e-01 2.405686e-01
 -2.834900e-01 -7.511667e-01 2.783574e-01
 1.773675e-02 -5.841480e-01 4.489945e-01
 4.224573e-01 -5.621228e-01 6.560286e-01
 6.599997e-01 -5.247914e-01 8.711055e-01
 8.243496e-01 -4.306266e-01 1.103120e+00
 9.896382e-01 -1.742704e-01 1.539842e+00
 1.147927e+00 2.004652e-01 2.070842e+00
 1.190628e+00 4.726463e-01 2.270972e+00
 1.191806e+00 7.975815e-01 2.378173e+00
 1.151906e+00 1.139871e+00 2.378250e+00
 1.075960e+00 1.460456e+00 2.268264e+00
 9.591966e-01 1.740886e+00 2.043681e+00
 8.112808e-01 1.904281e+00 1.778364e+00
 6.513568e-01 1.954281e+00 1.474951e+00
 5.039620e-01 1.878490e+00 1.175291e+00
 4.162650e-01 1.701859e+00 9.123196e-01
 4.247999e-01 1.451970e+00 6.748145e-01
 5.523472e-01 1.219783e+00 5.093939e-01
 7.205888e-01 1.082435e+00 3.537960e-01
 9.642164e-01 9.800077e-01 2.167427e-01
 1.429257e+00 9.507440e-01 -1.064064e-02
 1.696900e+00 9.238411e-01 -3.252477e-01
 1.817957e+00 8.736560e-01 -7.202819e-01
 1.768102e+00 8.021474e-01 -1.155364e+00
 1.573872e+00 7.239437e-01 -1.503405e+00
 1.275223e+00 6.606150e-01 -1.735285e+00
 9.113816e-01 6.084572e-01 -1.823436e+00
 5.271923e-01 5.888961e-01 -1.769840e+00
 1.770760e-01 6.148253e-01 -1.579003e+00
 -3.684645e-02 5.764693e-01 -1.328284e+00
 -2.703097e-01 4.929257e-01 -1.168401e+00
 -5.970857e-01 4.297395e-01 -1.086516e+00
 -1.175778e+00 3.570977e-01 -1.125973e+00
 -1.501491e+00 1.839484e-01 -1.140426e+00
 -1.749184e+00 -9.346553e-02 -1.121145e+00
 -1.886257e+00 -4.383423e-01 -1.056462e+00
 -1.894447e+00 -7.907233e-01 -9.558736e-01
 -1.776100e+00 -1.101167e+00 -8.262434e-01
 -1.532388e+00 -1.357063e+00 -6.899984e-01
 -1.198121e+00 -1.518745e+00 -6.069232e-01
 -8.256285e-01 -1.563517e+00 -5.981929e-01
 -5.593655e-01 -1.498784e+00 -6.227242e-01
 -3.107336e-01 -1.413731e+00 -7.278734e-01
 1.025927e-01 -1.464313e+00 -9.956609e-01
 4.027580e-01 -1.406322e+00 -1.157491e+00
 6.641043e-01 -1.269145e+00 -1.253516e+00
 8.821220e-01 -1.051870e+00 -1.295451e+00
 1.034040e+00 -7.755842e-01 -1.277865e+00
 1.107227e+00 -4.420846e-01 -1.194719e+00
 1.091667e+00 -1.403726e-01 -1.064875e+00
 9.120069e-01 2.832972e-01 -8.435577e-01
 8.080811e-01 6.930677e-01 -7.819983e-01
 7.965788e-01 9.196791e-01 -8.270499e-01
 8.301381e-01 1.244203e+00 -1.024309e+00
 7.584162e-01 1.465041e+00 -1.184767e+00
 5.920537e-01 1.765319e+00 -1.290132e+00
 3.909758e-01 2.054272e+00 -1.276866e+00
