 8.299258e-01 -1.972548e+00 -2.323430e-01
 1.169612e+00 -1.804546e+00 -5.017406e-02
 1.360564e+00 -1.557465e+00 1.484448e-01
 1.490055e+00 -1.101790e+00 3.154958e-01
 1.751988e+00 -7.937632e-01 3.732608e-01
 2.085188e+00 -5.742503e-01 2.777252e-01
 2.316800e+00 -3.988941e-01 4.200643e-02
 2.427052e+00 -2.154009e-01 -3.556078e-01
 2.367071e+00 -8.362708e-02 -7.776376e-01
 2.153492e+00 -4.761171e-02 -1.154025e+00
 1.861974e+00 -1.043781e-01 -1.396562e+00
 1.414553e+00 -1.394938e-01 -1.520662e+00
 1.113195e+00 -4.658692e-02 -1.722507e+00
 8.959983e-01 1.648543e-01 -1.874986e+00
 6.793407e-01 5.017692e-01 -1.911993e+00
 5.360911e-01 8.792910e-01 -1.803958e+00
 4.649793e-01 1.197706e+00 -1.558150e+00
 4.338226e-01 1.400977e+00 -1.185790e+00
 4.428907e-01 1.427643e+00 -7.599982e-01
 5.171014e-01 1.295120e+00 -3.763848e-01
 5.773871e-01 1.026184e+00 -8.782856e-02
 5.719497e-01 8.721175e-01 1.787184e-01
 5.343023e-01 8.413152e-01 6.082199e-01
 3.945582e-01 1.061364e+00 1.360205e+00
 1.540706e-01 1.114124e+00 1.734223e+00
 -1.904610e-01 1.064132e+00 2.002429e+00
 -5.702058e-01 9.224361e-01 2.120666e+00
 -9.244273e-01 7.160594e-01 2.077306e+00
 -1.200709e+00 4.759392e-01 1.881244e+00
 -1.354600e+00 2.383870e-01 1.557603e+00
 -1.348036e+00 4.331809e-02 1.183549e+00
 -1.230700e+00 -3.117897e-02 8.004707e-01
 -1.224125e+00 -1.102330e-01 4.347127e-01
 -1.339334e+00 -3.671861e-01 1.017502e-01
 -1.630344e+00 -6.097740e-01 -1.355183e-01
 -2.028834e+00 -7.692378e-01 -2.297594e-01
 -2.470421e+00 -8.004031e-01 -1.870117e-01
 -2.867853e+00 -6.880233e-01 -2.381006e-02
 -3.146370e+00 -4.494674e-01 2.140233e-01
 -3.261058e+00 -1.299642e-01 4.782433e-01
 -3.198321e+00 2.136653e-01 7.213670e-01
 -2.973915e+00 5.193684e-01 9.058783e-01
 -2.629856e+00 7.453089e-01 9.947065e-01
 -2.233415e+00 8.668428e-01 9.576268e-01
 -1.879608e+00 8.749183e-01 7.999280e-01
 -1.694473e+00 8.402347e-01 6.063108e-01
 -1.562961e+00 8.463454e-01 4.001573e-01
 -1.341855e+00 7.961221e-01 -3.055279e-01
 -1.210323e+00 7.785678e-01 -5.205191e-01
 -1.029059e+00 7.598608e-01 -6.978996e-01
 -7.164454e-01 7.239492e-01 -8.796347e-01
 -4.708560e-01 6.742584e-01 -9.573308e-01
 -2.260981e-01 5.962773e-01 -9.797574e-01
 2.291299e-01 4.254498e-01 -9.060372e-01
 6.269465e-01 4.069367e-01 -8.964002e-01
 8.039396e-01 4.571420e-01 -8.986823e-01
 1.076418e+00 6.386957e-01 -9.498140e-01
 1.287037e+00 7.787933e-01 -1.104344e+00
 1.476745e+00 8.744820e-01 -1.374245e+00
 1.613511e+00 8.698298e-01 -1.673149e+00
 1.724787e+00 7.468869e-01 -1.975090e+00
 1.803886e+00 5.275569e-01 -2.219380e+00
 1.843036e+00 2.207760e-01 -2.394637e+00
 1.812637e+00 -1.196827e-01 -2.475457e+00
 1.715306e+00 -4.571126e-01 -2.455016e+00
 1.563823e+00 -7.517324e-01 -2.334098e+00
 1.377644e+00 -9.681302e-01 -2.125476e+00
 1.180776e+00 -1.079857e+00 -1.852838e+00
 6.800070e-01 -1.064761e+00 -9.856892e-01
 5.922191e-01 -1.020481e+00 -6.807016e-01
 5.837592e-01 -9.788109e-01 -3.423847e-01
 5.383747e-01 -9.980830e-01 -1.072150e-01
 4.593664e-01 -1.068278e+00 9.606406e-02
 3.986341e-01 -1.289200e+00 4.583674e-01
 3.234220e-01 -1.335993e+00 9.211920e-01
 2.109864e-01 -1.202766e+00 1.297439e+00
 6.814393e-02 -8.590313e-01 1.593777e+00
 -9.596467e-02 -4.112688e-01 1.700209e+00
 -2.452597e-01 4.294212e-02 1.582344e+00
 -4.405656e-01 5.142667e-01 1.140122e+00
 -1.050141e+00 1.507423e+00 1.027734e+00
 -1.320632e+00 1.774243e+00 8.204447e-01
 -1.692260e+00 1.869167e+00 5.392436e-01
 -2.057922e+00 1.745365e+00 2.620270e-01
 -2.345019e+00 1.429272e+00 5.633672e-02
 -2.488253e+00 9.881157e-01 -4.113091e-02
 -2.461878e+00 5.261946e-01 -4.050767e-03
 -2.327069e+00 1.797449e-01 1.655896e-01
 -2.246933e+00 2.612003e-02 3.775572e-01
 -2.237651e+00 -1.069819e-01 5.500132e-01
 -2.198790e+00 -3.505196e-01 6.965942e-01
 -2.051770e+00 -6.371375e-01 8.083983e-01
 -1.816724e+00 -8.605512e-01 8.674031e-01
 -1.525615e+00 -1.004099e+00 8.848639e-01
 -1.203859e+00 -1.052307e+00 8.687410e-01
 -8.873279e-01 -1.002344e+00 8.230514e-01
 -6.066067e-01 -8.594169e-01 7.569244e-01
 -3.760935e-01 -6.245223e-01 6.842392e-01
 -2.158215e-01 -4.919118e-01 6.747697e-01
 2.689035e-02 -3.482035e-01 6.689621e-01
 2.041930e-01 -2.978854e-01 7.172166e-01
 5.869679e-01 -3.376992e-01 8.621564e-01
 8.483088e-01 -4.494743e-01 1.007838e+00
 1.359556e+00 -9.018914e-01 1.333749e+00
 1.701851e+00 -1.187676e+00 1.337419e+00
 2.032459e+00 -1.428025e+00 1.151279e+00
 2.287486e+00 -1.574730e+00 8.076966e-01
 2.415615e+00 -1.596317e+00 3.713293e-01
 2.379918e+00 -1.483626e+00 -1.156854e-01
 2.169722e+00 -1.290960e+00 -4.694331e-01
 1.838285e+00 -1.005085e+00 -6.600053e-01
 1.565811e+00 -7.250107e-01 -6.404610e-01
 1.378454e+00 -3.439707e-01 -4.795959e-01
 1.423835e+00 7.360978e-02 -1.837991e-01
 1.599057e+00 9.255439e-01 1.813226e-01
 1.469819e+00 1.356251e+00 3.475199e-01
 1.149525e+00 1.695346e+00 4.569506e-01
 6.956653e-01 1.869043e+00 4.996118e-01
 2.211559e-01 1.827109e+00 4.806693e-01
 -1.858728e-01 1.574713e+00 3.643278e-01
 -3.774531e-01 1.262133e+00 1.769975e-01
 -4.312222e-01 9.882121e-01 1.245937e-01
 -4.129172e-01 4.938310e-01 8.881793e-02
 -4.190086e-01 -1.555139e-01 -2.615246e-01
 -4.250896e-01 -1.160487e+00 -4.297957e-01
 -2.591711e-01 -1.565622e+00 -4.393444e-01
 3.906525e-02 -1.854985e+00 -4.038177e-01
 4.294163e-01 -1.995687e+00 -3.435000e-01
