 2.275588e+00 1.034505e+00 1.965674e+00
 2.594013e+00 7.622156e-01 1.821747e+00
 2.782930e+00 4.809886e-01 1.533191e+00
 2.800481e+00 2.344429e-01 1.157253e+00
 2.637072e+00 6.452818e-02 7.734606e-01
 2.317630e+00 -7.384705e-03 4.618976e-01
 1.900750e+00 3.588717e-02 2.860080e-01
 1.477565e+00 1.710600e-01 2.900171e-01
 1.140175e+00 3.136023e-01 4.673421e-01
 9.248701e-01 3.399234e-01 7.125984e-01
 7.758330e-01 3.811471e-01 1.051961e+00
 6.217453e-01 4.392708e-01 1.253313e+00
 4.062891e-01 4.840447e-01 1.418599e+00
 1.550944e-01 5.282651e-01 1.519565e+00
 -1.010884e-01 5.841710e-01 1.549120e+00
 -3.364874e-01 6.220809e-01 1.512442e+00
 -5.545716e-01 6.363173e-01 1.416953e+00
 -7.436651e-01 6.330582e-01 1.269055e+00
 -8.775407e-01 5.950656e-01 1.099924e+00
 -1.005609e+00 4.899017e-01 8.754955e-01
 -1.073402e+00 3.624607e-01 7.472591e-01
 -1.189061e+00 2.316793e-01 6.322023e-01
 -1.584283e+00 -9.190275e-02 3.995081e-01
 -1.742072e+00 -4.101900e-01 1.410968e-01
 -1.726999e+00 -6.905033e-01 -1.415293e-01
 -1.529712e+00 -9.714313e-01 -3.990456e-01
 -1.313314e+00 -1.158302e+00 -4.773618e-01
 -1.103233e+00 -1.426633e+00 -4.319816e-01
 -1.006324e+00 -1.834074e+00 -4.396207e-01
 -1.011907e+00 -2.254768e+00 -6.370594e-01
 -1.082356e+00 -2.550747e+00 -1.009125e+00
 -1.175453e+00 -2.640322e+00 -1.475268e+00
 -1.268121e+00 -2.506339e+00 -1.928558e+00
 -1.316873e+00 -2.178741e+00 -2.275688e+00
 -1.304298e+00 -1.727370e+00 -2.443105e+00
 -1.238734e+00 -1.247556e+00 -2.389385e+00
 -1.117152e+00 -8.511435e-01 -2.128064e+00
 -9.289670e-01 -6.295841e-01 -1.721141e+00
 -7.391896e-01 -6.529441e-01 -1.292186e+00
 -5.312905e-01 -8.316010e-01 -1.030326e+00
 -3.160409e-01 -1.008132e+00 -8.996830e-01
 -4.174548e-02 -1.126306e+00 -8.501147e-01
 3.312573e-01 -1.141125e+00 -8.281178e-01
 7.160074e-01 -1.003930e+00 -8.328599e-01
 1.011451e+00 -7.241876e-01 -8.203889e-01
 1.165312e+00 -3.806406e-01 -7.674108e-01
 1.180220e+00 -7.391231e-03 -6.881618e-01
 1.053472e+00 3.455036e-01 -6.049847e-01
 6.491987e-01 8.142996e-01 -3.059968e-01
 5.069561e-01 1.050088e+00 -2.404608e-01
 3.794459e-01 1.345869e+00 -2.588417e-01
 9.916331e-02 1.646920e+00 -4.099546e-01
 -2.881388e-01 1.779798e+00 -6.370171e-01
 -6.995477e-01 1.693526e+00 -8.685417e-01
 -1.036110e+00 1.398361e+00 -1.058105e+00
 -1.247262e+00 9.817490e-01 -1.104219e+00
 -1.309298e+00 5.287172e-01 -9.872446e-01
 -1.191022e+00 1.219293e-01 -7.386634e-01
 -7.750916e-01 -2.718778e-01 -2.307186e-01
 -6.993119e-01 -5.774430e-01 9.823573e-02
 -8.766180e-01 -8.955080e-01 4.362780e-01
 -1.213764e+00 -1.242197e+00 5.790729e-01
 -1.596185e+00 -1.548418e+00 4.698426e-01
 -1.913004e+00 -1.769790e+00 1.305053e-01
 -2.049360e+00 -1.885528e+00 -3.578956e-01
 -1.969118e+00 -1.861264e+00 -8.623969e-01
 -1.687090e+00 -1.737091e+00 -1.251931e+00
 -1.317799e+00 -1.607414e+00 -1.413308e+00
 -1.050311e+00 -1.616691e+00 -1.442272e+00
 -7.990819e-01 -1.666684e+00 -1.539557e+00
 -4.862754e-01 -1.584159e+00 -1.742077e+00
 -1.639908e-01 -1.313611e+00 -1.873893e+00
 9.351198e-02 -9.417135e-01 -1.851736e+00
 2.288745e-01 -5.689826e-01 -1.680981e+00
 2.464098e-01 -2.711487e-01 -1.387435e+00
 2.041850e-01 -1.230283e-01 -1.036038e+00
 1.617463e-01 -1.409733e-01 -6.777951e-01
 1.974199e-01 -2.011985e-01 -4.525839e-01
 2.968912e-01 -2.908795e-01 -2.242815e-01
 8.412289e-01 -6.704670e-01 4.719597e-01
 1.112929e+00 -6.713357e-01 7.912597e-01
 1.378415e+00 -5.098999e-01 1.065549e+00
 1.623125e+00 -1.927020e-01 1.256085e+00
 1.751029e+00 1.630639e-01 1.306944e+00
 1.800504e+00 5.097399e-01 1.215934e+00
 1.890968e+00 7.073750e-01 1.062288e+00
 2.057212e+00 9.494805e-01 9.555576e-01
 2.143318e+00 1.371947e+00 9.368387e-01
 2.001984e+00 1.845055e+00 9.388255e-01
 1.662780e+00 2.195238e+00 9.104144e-01
 1.205162e+00 2.350418e+00 8.463856e-01
 7.224728e-01 2.273361e+00 7.852796e-01
 3.288747e-01 1.977427e+00 7.391464e-01
 -4.384564e-03 1.266576e+00 6.744910e-01
 -7.219425e-02 3.790247e-01 4.694562e-01
 -1.207028e-01 -3.368641e-02 7.198163e-01
 -3.688064e-01 -3.189534e-01 1.089850e+00
 -8.087071e-01 -3.998298e-01 1.393775e+00
 -1.287648e+00 -2.497506e-01 1.554695e+00
 -1.703234e+00 7.416549e-02 1.521606e+00
 -1.953479e+00 4.741620e-01 1.292605e+00
 -1.979931e+00 8.379213e-01 9.233139e-01
 -1.781408e+00 1.079476e+00 5.107319e-01
 -1.409206e+00 1.147553e+00 1.705544e-01
 -4.966004e-01 8.017864e-01 -3.545013e-01
 -3.364096e-01 7.290437e-01 -6.999527e-01
 -1.022316e-01 8.387955e-01 -1.068154e+00
 3.988530e-01 1.094248e+00 -1.287268e+00
 9.240980e-01 1.361065e+00 -1.162914e+00
 1.321150e+00 1.511335e+00 -7.245143e-01
 1.435339e+00 1.519194e+00 -1.197862e-01
 1.135480e+00 1.320304e+00 6.878155e-01
 1.093212e+00 1.330104e+00 1.076846e+00
 1.208687e+00 1.380524e+00 1.426786e+00
 1.500325e+00 1.352656e+00 1.755453e+00
 1.884106e+00 1.243058e+00 1.942327e+00
