 1.544790e+00 7.640822e-01 -1.534389e+00
 1.525626e+00 8.072533e-01 -1.202390e+00
 1.170921e+00 8.018238e-01 -2.467760e-01
 1.056535e+00 7.554878e-01 -2.932419e-02
 8.531321e-01 7.011866e-01 2.497313e-01
 7.708138e-01 6.881457e-01 4.213017e-01
 7.417785e-01 6.873178e-01 5.490317e-01
 7.240723e-01 7.433666e-01 8.776703e-01
 6.465227e-01 7.332855e-01 1.200562e+00
 5.271362e-01 6.874334e-01 1.441349e+00
 3.794320e-01 6.008266e-01 1.627640e+00
 2.165414e-01 4.801141e-01 1.752791e+00
 5.009355e-02 3.361167e-01 1.819803e+00
 -1.202411e-01 1.664713e-01 1.829700e+00
 -2.855135e-01 -2.483288e-02 1.777471e+00
 -4.647701e-01 -2.792651e-01 1.633567e+00
 -5.769426e-01 -4.670045e-01 1.448782e+00
 -6.588037e-01 -6.928856e-01 1.117265e+00
 -7.384827e-01 -8.753556e-01 9.689253e-01
 -8.807943e-01 -1.144622e+00 8.868324e-01
 -1.134611e+00 -1.364785e+00 8.429386e-01
 -1.493772e+00 -1.479948e+00 8.215190e-01
 -1.887592e+00 -1.445482e+00 8.023391e-01
 -2.208143e+00 -1.287371e+00 7.530072e-01
 -2.448088e+00 -1.034764e+00 6.532447e-01
 -2.576975e+00 -7.237264e-01 5.172250e-01
 -2.580927e+00 -4.014329e-01 3.777417e-01
 -2.467060e+00 -9.306058e-02 2.586541e-01
 -2.250632e+00 1.619879e-01 1.642894e-01
 -1.959138e+00 3.364870e-01 1.052150e-01
 -9.103857e-01 5.685264e-01 2.535203e-02
 -2.329925e-01 5.487200e-01 -1.759463e-01
 4.533298e-02 6.990246e-01 -3.470763e-01
 1.827415e-01 8.709013e-01 -5.146445e-01
 3.176618e-01 1.192681e+00 -6.404763e-01
 3.689875e-01 1.531555e+00 -6.710526e-01
 3.482540e-01 1.876927e+00 -6.034053e-01
 2.596251e-01 2.184420e+00 -4.365421e-01
 1.327042e-01 2.403268e+00 -1.869802e-01
 -6.842553e-04 2.509712e+00 1.080662e-01
 -1.292710e-01 2.503607e+00 4.179465e-01
 -2.518310e-01 2.389183e+00 7.055207e-01
 -3.535816e-01 2.184102e+00 9.397530e-01
 -4.277287e-01 1.912366e+00 1.098839e+00
 -4.659002e-01 1.603170e+00 1.170555e+00
 -4.636124e-01 1.287535e+00 1.151607e+00
 -3.336926e-01 5.658961e-01 9.061936e-01
 -1.160531e-01 1.657772e-01 7.898589e-01
 5.048958e-02 -1.511628e-02 7.946846e-01
 2.532217e-01 -1.620129e-01 9.193678e-01
 7.253997e-01 -4.126686e-01 1.399549e+00
 1.087329e+00 -4.909987e-01 1.552959e+00
 1.498135e+00 -5.536143e-01 1.547916e+00
 1.886509e+00 -5.864677e-01 1.375779e+00
 2.166627e+00 -6.013551e-01 1.078491e+00
 2.297710e+00 -5.938111e-01 7.202785e-01
 2.281134e+00 -5.339672e-01 3.090719e-01
 2.110605e+00 -4.360807e-01 -5.958076e-02
 1.815578e+00 -3.282914e-01 -3.198862e-01
 1.444436e+00 -2.280274e-01 -4.375803e-01
 8.289140e-01 -1.596618e-01 -3.910130e-01
 5.039958e-01 -1.838208e-01 -4.567529e-01
 2.450323e-01 -2.848430e-01 -6.029415e-01
 2.052189e-02 -5.572519e-01 -8.928315e-01
 -1.360024e-01 -7.420218e-01 -1.013905e+00
 -3.806687e-01 -9.417291e-01 -1.082451e+00
 -6.552788e-01 -1.093191e+00 -1.072767e+00
 -9.388925e-01 -1.181671e+00 -9.944075e-01
 -1.181214e+00 -1.211132e+00 -8.521109e-01
 -1.391702e+00 -1.184901e+00 -6.382758e-01
 -1.546614e+00 -1.095148e+00 -3.942431e-01
 -1.636096e+00 -9.464343e-01 -1.464820e-01
 -1.650707e+00 -7.792154e-01 5.969479e-02
 -1.592011e+00 -6.174561e-01 2.763072e-01
 -1.567079e+00 -5.267258e-01 4.653787e-01
 -1.617790e+00 -4.437081e-01 7.211252e-01
 -1.661140e+00 -4.582328e-01 9.791033e-01
 -1.657418e+00 -5.715213e-01 1.285168e+00
 -1.579447e+00 -7.698177e-01 1.553660e+00
 -1.419488e+00 -9.859126e-01 1.749478e+00
 -1.196490e+00 -1.180387e+00 1.856850e+00
 -9.209981e-01 -1.339063e+00 1.881658e+00
 -6.189075e-01 -1.431808e+00 1.830124e+00
 -3.209076e-01 -1.473979e+00 1.685137e+00
 -6.252446e-02 -1.458175e+00 1.456526e+00
 1.173687e-01 -1.375310e+00 1.184567e+00
 3.395407e-01 -1.032552e+00 4.013125e-01
 4.208048e-01 -1.023439e+00 1.535939e-01
 6.020694e-01 -1.158304e+00 -1.944950e-01
 7.371873e-01 -1.176962e+00 -4.466214e-01
 8.562299e-01 -1.124614e+00 -7.208813e-01
 9.200595e-01 -1.024959e+00 -9.467327e-01
 9.519269e-01 -8.778771e-01 -1.131673e+00
 9.531779e-01 -6.877175e-01 -1.275085e+00
 9.252354e-01 -4.582169e-01 -1.369690e+00
 8.542010e-01 -1.382413e-01 -1.413140e+00
 7.920213e-01 5.600036e-02 -1.394042e+00
 6.312797e-01 3.454223e-01 -1.348701e+00
 5.492584e-01 5.711454e-01 -1.416733e+00
 4.261144e-01 8.016130e-01 -1.565537e+00
 1.928675e-01 9.682858e-01 -1.772534e+00
 -9.816073e-02 1.019054e+00 -1.960345e+00
 -4.282056e-01 9.766578e-01 -2.083468e+00
 -7.421544e-01 8.573813e-01 -2.113931e+00
 -1.023858e+00 6.755213e-01 -2.049001e+00
 -1.250272e+00 4.669301e-01 -1.879950e+00
 -1.383873e+00 2.564873e-01 -1.628806e+00
 -1.405310e+00 5.178281e-02 -1.313117e+00
 -1.305813e+00 -1.018164e-01 -1.003580e+00
 -9.486644e-01 -2.747365e-01 -5.392581e-01
 -7.250243e-01 -4.724788e-01 -2.207130e-01
 -5.946365e-01 -8.854295e-01 -7.208167e-02
 -5.286645e-01 -1.322658e+00 -4.965390e-02
 -4.133680e-01 -1.576643e+00 -2.149285e-02
 -2.360497e-01 -1.788419e+00 2.853898e-02
 2.460310e-02 -1.966947e+00 1.130099e-01
 2.877422e-01 -2.049506e+00 2.055751e-01
 5.518249e-01 -2.047502e+00 3.053155e-01
 8.015142e-01 -1.963255e+00 4.008195e-01
 1.019006e+00 -1.802086e+00 4.872296e-01
 1.192528e+00 -1.569681e+00 5.539314e-01
 1.312207e+00 -1.277048e+00 5.784574e-01
 1.347131e+00 -9.871256e-01 5.688422e-01
 1.289340e+00 -6.447530e-01 5.417553e-01
 1.290621e+00 -4.383268e-01 5.515342e-01
 1.319472e+00 -2.904520e-01 5.745692e-01
 1.409231e+00 -8.904402e-02 6.169620e-01
 1.630842e+00 2.197903e-01 6.991223e-01
 1.733789e+00 5.515447e-01 7.390763e-01
 1.732023e+00 8.796525e-01 7.417354e-01
 1.632286e+00 1.180397e+00 7.123034e-01
 1.448562e+00 1.429178e+00 6.490131e-01
 1.188971e+00 1.608233e+00 5.648139e-01
 8.793890e-01 1.695064e+00 4.917708e-01
 5.557595e-01 1.678748e+00 4.345260e-01
 2.140128e-01 1.546571e+00 3.632230e-01
 -6.164826e-03 1.498012e+00 2.729103e-01
 -2.395967e-01 1.520301e+00 1.664845e-01
 -4.110295e-01 1.552806e+00 -3.462110e-03
 -5.241102e-01 1.559302e+00 -1.828990e-01
 -6.186982e-01 1.512106e+00 -3.990300e-01
 -6.859728e-01 1.401888e+00 -6.160473e-01
 -7.135030e-01 1.230972e+00 -8.164507e-01
 -7.050647e-01 9.933447e-01 -9.863221e-01
 -6.398387e-01 7.465471e-01 -1.100633e+00
 -4.733621e-01 4.547463e-01 -1.200361e+00
 -4.248431e-01 3.232534e-01 -1.286675e+00
 -3.834501e-01 1.796093e-01 -1.434923e+00
 -2.746837e-01 3.872455e-02 -1.700996e+00
 -9.087251e-02 -3.457913e-03 -1.978061e+00
 1.878114e-01 4.582061e-02 -2.224021e+00
 4.691979e-01 1.565498e-01 -2.356117e+00
 7.681040e-01 2.939193e-01 -2.382189e+00
 1.046479e+00 4.417675e-01 -2.299971e+00
 1.283462e+00 5.819456e-01 -2.117951e+00
 1.461253e+00 6.884803e-01 -1.849985e+00
