 -9.569978e-01 8.421662e-01 7.081338e-01
 -7.036084e-01 1.117619e+00 6.091516e-01
 -3.696529e-01 1.255812e+00 5.712674e-01
 7.917163e-02 1.233280e+00 5.082055e-01
 4.652751e-01 1.034673e+00 4.793319e-01
 8.498231e-01 7.118840e-01 4.685359e-01
 1.215537e+00 3.941938e-01 4.573815e-01
 1.609663e+00 -2.938127e-03 3.488881e-01
 1.822501e+00 -1.904996e-01 1.947780e-01
 2.181563e+00 -2.814513e-01 2.131009e-02
 2.621293e+00 -2.777023e-01 -1.035443e-02
 3.025384e+00 -1.718676e-01 1.090185e-01
 3.322908e+00 -1.718473e-02 3.670076e-01
 3.475555e+00 1.439236e-01 7.131378e-01
 3.468945e+00 2.887396e-01 1.095886e+00
 3.300342e+00 3.966730e-01 1.462287e+00
 2.980549e+00 4.482867e-01 1.753508e+00
 2.540939e+00 4.269266e-01 1.904752e+00
 2.070051e+00 3.136480e-01 1.854364e+00
 1.701574e+00 7.815455e-02 1.619242e+00
 1.574441e+00 -2.180529e-01 1.335704e+00
 1.573778e+00 -6.084482e-01 1.188857e+00
 1.396696e+00 -1.023551e+00 1.209407e+00
 9.946753e-01 -1.315910e+00 1.192622e+00
 5.456451e-01 -1.391919e+00 1.093669e+00
 1.962667e-01 -1.305519e+00 9.619604e-01
 -2.433950e-01 -9.980400e-01 7.622539e-01
 -5.769139e-01 -7.325613e-01 5.984510e-01
 -8.907536e-01 -4.723463e-01 4.353512e-01
 -1.237962e+00 -1.446379e-01 2.770494e-01
 -1.529081e+00 6.968391e-02 2.596328e-01
 -1.901485e+00 2.152489e-01 3.962647e-01
 -2.418823e+00 1.287808e-01 4.381896e-01
 -2.820699e+00 -1.095729e-01 3.064039e-01
 -3.063827e+00 -3.654720e-01 3.347727e-02
 -3.137881e+00 -6.005149e-01 -3.220207e-01
 -3.032065e+00 -7.997459e-01 -6.903087e-01
 -2.771031e+00 -9.209702e-01 -1.010496e+00
 -2.390694e+00 -9.494315e-01 -1.229767e+00
 -1.961424e+00 -8.675901e-01 -1.301102e+00
 -1.659625e+00 -7.328042e-01 -1.232278e+00
 -1.315851e+00 -4.331102e-01 -1.121936e+00
 -9.649155e-01 -9.506021e-02 -1.226385e+00
 -7.783398e-01 1.877725e-01 -1.555336e+00
 -5.582259e-01 2.128443e-01 -1.957941e+00
 -2.514707e-01 2.825247e-03 -2.298133e+00
 8.643405e-02 -3.242986e-01 -2.423323e+00
 4.492881e-01 -6.889800e-01 -2.299864e+00
 6.838556e-01 -9.564251e-01 -1.986697e+00
 8.120400e-01 -1.067970e+00 -1.545702e+00
 8.438620e-01 -9.439069e-01 -1.032636e+00
 8.381862e-01 -6.662072e-01 -7.567596e-01
 1.002349e+00 -2.365211e-01 -5.796742e-01
 1.221820e+00 1.044670e-01 -5.991160e-01
 1.540005e+00 4.141541e-01 -6.064613e-01
 1.896950e+00 6.687066e-01 -3.896146e-01
 2.185179e+00 7.612079e-01 -3.856227e-02
 2.379688e+00 6.831426e-01 3.700518e-01
 2.467785e+00 4.092392e-01 7.680232e-01
 2.463225e+00 1.301711e-01 9.183500e-01
 2.550094e+00 -1.956108e-01 1.044231e+00
 2.596820e+00 -4.836024e-01 1.408122e+00
 2.393334e+00 -6.920917e-01 1.818237e+00
 2.044558e+00 -7.777592e-01 2.097269e+00
 1.610803e+00 -7.764648e-01 2.220370e+00
 1.154134e+00 -6.898658e-01 2.160592e+00
 7.801270e-01 -5.462082e-01 1.907717e+00
 5.804950e-01 -4.208352e-01 1.521586e+00
 5.707649e-01 -3.640038e-01 1.161469e+00
 6.563057e-01 -3.957650e-01 7.690405e-01
 8.207867e-01 -6.402734e-01 4.188448e-01
 1.267762e+00 -1.034145e+00 9.431302e-02
 1.533138e+00 -1.104551e+00 -1.503573e-01
 1.754930e+00 -1.035459e+00 -4.843825e-01
 1.864928e+00 -8.081365e-01 -8.505388e-01
 1.786130e+00 -5.628038e-01 -1.198906e+00
 1.519284e+00 -2.940536e-01 -1.500235e+00
 1.203950e+00 -1.079240e-01 -1.601375e+00
 7.390867e-01 -9.310209e-04 -1.569368e+00
 3.205851e-01 -1.072239e-01 -1.436529e+00
 6.957318e-02 -3.546842e-01 -1.367115e+00
 -1.554791e-01 -6.719731e-01 -1.454272e+00
 -4.067606e-01 -8.336811e-01 -1.670872e+00
 -8.038546e-01 -8.168878e-01 -1.968748e+00
 -1.178069e+00 -5.878859e-01 -2.152290e+00
 -1.470879e+00 -2.949261e-01 -2.155155e+00
 -1.715654e+00 2.983530e-02 -1.972674e+00
 -1.821607e+00 3.320192e-01 -1.651971e+00
 -1.750945e+00 5.604007e-01 -1.304192e+00
 -1.582702e+00 6.477233e-01 -8.517074e-01
 -1.616534e+00 7.430991e-01 -5.083652e-01
 -1.684470e+00 1.068991e+00 -1.208009e-01
 -1.738269e+00 1.373800e+00 3.373833e-01
 -1.703361e+00 1.537454e+00 6.769652e-01
 -1.535469e+00 1.614895e+00 1.053912e+00
 -1.246361e+00 1.579286e+00 1.376229e+00
 -8.790741e-01 1.433813e+00 1.576557e+00
 -5.171919e-01 1.168075e+00 1.623897e+00
 -2.213444e-01 8.053372e-01 1.487923e+00
 -9.683309e-02 4.264651e-01 1.157524e+00
 -1.416440e-01 2.316225e-01 7.252491e-01
 -1.948995e-01 2.428121e-01 3.512705e-01
 -3.321872e-01 4.200283e-01 -5.420104e-02
 -4.962457e-01 7.420695e-01 -3.400059e-01
 -7.100853e-01 1.195620e+00 -6.242586e-01
 -9.475268e-01 1.474092e+00 -8.068168e-01
 -1.332967e+00 1.649339e+00 -9.454844e-01
 -1.773395e+00 1.650000e+00 -1.009191e+00
 -2.178199e+00 1.488549e+00 -9.710661e-01
 -2.482846e+00 1.183600e+00 -8.597267e-01
 -2.620259e+00 7.769597e-01 -7.447210e-01
 -2.566556e+00 3.470100e-01 -6.629170e-01
 -2.245406e+00 -1.366406e-01 -5.600080e-01
 -2.141327e+00 -3.574332e-01 -4.317384e-01
 -2.096632e+00 -6.382760e-01 -2.399034e-01
 -2.044906e+00 -8.338443e-01 2.290353e-01
 -1.926303e+00 -7.888369e-01 7.044279e-01
 -1.759171e+00 -5.679520e-01 1.064902e+00
 -1.545615e+00 -2.364061e-01 1.264407e+00
 -1.324510e+00 1.575252e-01 1.276515e+00
 -1.180572e+00 5.136986e-01 1.114466e+00
