 -6.685296e-01 -1.862247e+00 -9.380780e-01
 -9.094380e-01 -1.866937e+00 -7.395922e-01
 -1.146192e+00 -1.765378e+00 -4.816899e-01
 -1.312147e+00 -1.565673e+00 -2.263349e-01
 -1.382376e+00 -1.278981e+00 5.126441e-03
 -1.332685e+00 -9.185490e-01 1.851069e-01
 -8.959957e-01 -6.262998e-02 3.727372e-01
 -7.929085e-01 1.884480e-01 4.148334e-01
 -7.703241e-01 3.947555e-01 4.775430e-01
 -7.877444e-01 6.275109e-01 6.059314e-01
 -7.636079e-01 8.295084e-01 8.366053e-01
 -7.874866e-01 9.705090e-01 1.142115e+00
 -9.099817e-01 1.015263e+00 1.493508e+00
 -1.111624e+00 9.585946e-01 1.797753e+00
 -1.379212e+00 8.217960e-01 2.016146e+00
 -1.681575e+00 6.324925e-01 2.115957e+00
 -1.981526e+00 4.149465e-01 2.083313e+00
 -2.241615e+00 1.980088e-01 1.918051e+00
 -2.423174e+00 9.372111e-03 1.636448e+00
 -2.496367e+00 -1.200632e-01 1.271410e+00
 -2.448354e+00 -1.587719e-01 8.741524e-01
 -2.279887e+00 -1.008447e-01 5.133209e-01
 -2.042587e+00 6.618521e-02 2.468280e-01
 -1.816449e+00 2.806603e-01 1.281950e-01
 -1.698260e+00 4.950386e-01 1.017884e-01
 -1.332629e+00 1.624717e+00 -1.761557e-01
 -1.125242e+00 1.895309e+00 -2.905853e-01
 -8.581616e-01 2.065724e+00 -4.225283e-01
 -5.583686e-01 2.126326e+00 -5.435410e-01
 -2.432605e-01 2.078437e+00 -6.335158e-01
 5.906442e-02 1.915408e+00 -6.965099e-01
 3.097177e-01 1.640329e+00 -7.325407e-01
 5.371784e-01 1.149838e+00 -6.859262e-01
 7.307444e-01 8.995922e-01 -6.012198e-01
 9.070704e-01 7.616292e-01 -5.199164e-01
 1.109095e+00 6.901774e-01 -4.284821e-01
 1.535116e+00 7.002373e-01 -2.372708e-01
 1.839436e+00 5.742805e-01 1.094680e-04
 2.060566e+00 2.988475e-01 2.351151e-01
 2.131658e+00 -2.020156e-02 4.207831e-01
 2.076068e+00 -3.665666e-01 5.384591e-01
 1.944324e+00 -6.929164e-01 5.464358e-01
 1.832664e+00 -9.062966e-01 4.614998e-01
 1.783455e+00 -1.078233e+00 3.372877e-01
 1.779543e+00 -1.291712e+00 2.333997e-01
 1.720992e+00 -1.596770e+00 1.945278e-01
 1.508422e+00 -1.895654e+00 1.783357e-01
 1.164626e+00 -2.115229e+00 1.137857e-01
 7.762283e-01 -2.184367e+00 3.064460e-02
 3.769390e-01 -2.091395e+00 -4.112448e-02
 4.192083e-02 -1.842535e+00 -9.535510e-02
 -2.262771e-01 -1.373084e+00 -1.621134e-01
 -3.689802e-01 -1.134961e+00 -2.724090e-01
 -5.200234e-01 -9.550426e-01 -4.339746e-01
 -6.448530e-01 -8.844796e-01 -5.947597e-01
 -9.014154e-01 -8.405593e-01 -1.061794e+00
 -1.051696e+00 -5.265585e-01 -1.510890e+00
 -1.112569e+00 1.125262e-02 -1.776711e+00
 -1.044711e+00 4.623742e-01 -1.756893e+00
 -8.788039e-01 9.251219e-01 -1.442300e+00
 -6.764612e-01 1.153468e+00 -9.570114e-01
 -4.960481e-01 1.093536e+00 -4.198067e-01
 -4.130078e-01 1.167625e+00 -1.776057e-01
 -2.461554e-01 1.527774e+00 3.245982e-01
 -1.857883e-01 1.604057e+00 5.537282e-01
 -8.824778e-02 1.612840e+00 8.167391e-01
 7.431487e-02 1.534292e+00 1.088894e+00
 3.156280e-01 1.388616e+00 1.302666e+00
 6.030307e-01 1.185300e+00 1.409872e+00
 8.927120e-01 9.262141e-01 1.385621e+00
 1.109621e+00 6.287740e-01 1.229252e+00
 1.199374e+00 3.134799e-01 9.566566e-01
 1.117329e+00 -3.627915e-03 4.981640e-01
 1.116566e+00 -8.576988e-02 3.331933e-01
 1.149735e+00 -1.657931e-01 1.641367e-01
 1.221353e+00 -2.492008e-01 -1.034421e-02
 1.358526e+00 -3.116077e-01 -2.036585e-01
 1.631060e+00 -3.912966e-01 -4.017225e-01
 1.987224e+00 -5.056940e-01 -4.810735e-01
 2.350302e+00 -6.662723e-01 -4.067430e-01
 2.634492e+00 -8.798915e-01 -1.927420e-01
 2.789214e+00 -1.103670e+00 1.315246e-01
 2.772222e+00 -1.318985e+00 5.036993e-01
 2.575928e+00 -1.498918e+00 8.505286e-01
 2.225473e+00 -1.602568e+00 1.110309e+00
 1.781850e+00 -1.598359e+00 1.227255e+00
 1.321957e+00 -1.507865e+00 1.149466e+00
 9.409621e-01 -1.368340e+00 8.626923e-01
 7.697640e-01 -1.190028e+00 4.503021e-01
 7.993141e-01 -1.155047e+00 -6.390456e-02
 1.129553e+00 -1.299521e+00 -6.857920e-01
 1.236052e+00 -1.209517e+00 -1.126699e+00
 1.158281e+00 -1.033625e+00 -1.535598e+00
 9.255959e-01 -8.153238e-01 -1.833653e+00
 6.032345e-01 -5.674607e-01 -1.966326e+00
 2.777306e-01 -2.902830e-01 -1.914865e+00
 2.771670e-02 -5.135433e-02 -1.714455e+00
 -1.307712e-01 8.487786e-02 -1.445203e+00
 -3.165801e-01 1.054508e-01 -1.086131e+00
 -6.077812e-01 1.264876e-01 -8.188187e-01
 -7.724647e-01 1.400303e-01 -7.511061e-01
 -1.141102e+00 1.860528e-01 -7.370314e-01
 -1.617472e+00 2.756202e-01 -8.889789e-01
 -1.976582e+00 4.321247e-01 -8.818978e-01
 -2.311871e+00 6.095852e-01 -7.140049e-01
 -2.548141e+00 7.684946e-01 -4.080319e-01
 -2.641741e+00 8.828062e-01 -1.618445e-02
 -2.577047e+00 9.312292e-01 3.978695e-01
 -2.363056e+00 9.065265e-01 7.597943e-01
 -2.062059e+00 7.815223e-01 1.011631e+00
 -1.795737e+00 6.186308e-01 1.097569e+00
 -1.653276e+00 4.351280e-01 1.113136e+00
 -1.518518e+00 2.196986e-01 1.187174e+00
 -1.194633e+00 3.214794e-02 1.354925e+00
 -7.266127e-01 -3.006009e-02 1.418201e+00
 -2.603117e-01 6.028440e-02 1.309198e+00
 7.920592e-02 2.576082e-01 1.045813e+00
 3.059397e-01 6.778700e-01 5.520145e-01
 5.443908e-01 9.092128e-01 4.215092e-01
 7.942915e-01 1.265297e+00 3.723642e-01
 1.076765e+00 1.606316e+00 8.206461e-02
 1.325430e+00 1.726121e+00 -3.351417e-01
 1.475485e+00 1.600219e+00 -8.082012e-01
 1.508447e+00 1.215396e+00 -1.237950e+00
 1.399289e+00 7.280146e-01 -1.432799e+00
 1.179995e+00 2.528196e-01 -1.378654e+00
 7.662743e-01 -2.209403e-01 -1.004426e+00
 5.294332e-01 -4.845014e-01 -9.256424e-01
 3.257534e-01 -7.166866e-01 -9.830776e-01
 1.892924e-01 -1.096940e+00 -1.146092e+00
 3.260221e-02 -1.380669e+00 -1.179890e+00
 -1.804364e-01 -1.618675e+00 -1.151571e+00
 -4.246016e-01 -1.779113e+00 -1.074769e+00
