 -9.052984e-01 2.671591e+00 -1.183018e+00
 -4.685300e-01 2.697303e+00 -1.382620e+00
 -2.418639e-02 2.524933e+00 -1.469604e+00
 3.270136e-01 2.189116e+00 -1.423756e+00
 5.148207e-01 1.782242e+00 -1.228488e+00
 5.041575e-01 1.410732e+00 -9.235974e-01
 3.101632e-01 1.164180e+00 -5.755483e-01
 3.284807e-03 1.115632e+00 -1.971650e-01
 -4.460610e-01 1.516850e+00 4.576420e-01
 -7.994897e-01 1.492366e+00 9.016046e-01
 -1.047054e+00 1.230550e+00 1.255255e+00
 -1.175276e+00 8.324981e-01 1.434421e+00
 -1.249809e+00 2.888830e-01 1.388169e+00
 -1.193727e+00 -1.862913e-01 1.110115e+00
 -9.898171e-01 -5.566048e-01 4.913703e-01
 -1.006188e+00 -8.574354e-01 2.843040e-01
 -9.164220e-01 -1.198017e+00 1.785923e-01
 -7.168379e-01 -1.517236e+00 1.580117e-01
 -4.224353e-01 -1.750367e+00 1.977138e-01
 -8.198669e-02 -1.856831e+00 2.651773e-01
 2.658429e-01 -1.835652e+00 3.535813e-01
 5.823928e-01 -1.690209e+00 4.588183e-01
 1.027527e+00 -1.227401e+00 6.683759e-01
 1.304617e+00 -1.094851e+00 8.190290e-01
 1.549874e+00 -1.075302e+00 9.437202e-01
 1.900555e+00 -1.128917e+00 9.992641e-01
 2.236033e+00 -1.246399e+00 9.401685e-01
 2.528887e+00 -1.396140e+00 7.571391e-01
 2.727058e+00 -1.539017e+00 4.726319e-01
 2.809444e+00 -1.645601e+00 1.223889e-01
 2.762408e+00 -1.701360e+00 -2.499395e-01
 2.585607e+00 -1.699969e+00 -5.927474e-01
 2.299613e+00 -1.635120e+00 -8.553258e-01
 1.948788e+00 -1.502598e+00 -9.966366e-01
 1.592354e+00 -1.314769e+00 -9.885408e-01
 1.286575e+00 -1.087823e+00 -8.301010e-01
 1.094452e+00 -8.598652e-01 -5.399662e-01
 1.058407e+00 -5.936253e-01 -1.153651e-01
 1.476428e+00 -1.404260e-01 3.778982e-01
 1.538887e+00 1.131148e-01 7.444222e-01
 1.408253e+00 3.830806e-01 1.095836e+00
 1.123755e+00 5.858721e-01 1.343033e+00
 7.339592e-01 7.079320e-01 1.452584e+00
 2.686691e-01 7.439833e-01 1.398628e+00
 -1.383698e-01 6.705469e-01 1.180219e+00
 -4.458294e-01 5.119418e-01 7.660102e-01
 -6.444789e-01 5.030076e-01 5.659146e-01
 -7.959518e-01 5.388784e-01 4.780480e-01
 -1.107034e+00 6.273830e-01 4.118801e-01
 -1.562479e+00 7.952141e-01 4.323312e-01
 -1.909572e+00 8.096765e-01 3.901147e-01
 -2.235853e+00 7.331659e-01 2.656924e-01
 -2.494329e+00 5.746600e-01 7.333874e-02
 -2.651232e+00 3.542096e-01 -1.642058e-01
 -2.688692e+00 8.025495e-02 -4.203594e-01
 -2.603655e+00 -1.805013e-01 -6.276014e-01
 -2.398721e+00 -4.134186e-01 -8.036882e-01
 -2.085143e+00 -5.873651e-01 -9.303988e-01
 -1.718851e+00 -6.695047e-01 -9.654490e-01
 -1.346010e+00 -6.494016e-01 -9.048063e-01
 -1.018776e+00 -5.288577e-01 -7.564800e-01
 -5.558762e-01 -1.334104e-01 -3.249539e-01
 -3.377175e-01 -3.091668e-03 -2.593448e-01
 -3.218558e-02 1.076026e-01 -3.111739e-01
 9.335410e-01 2.345309e-01 -6.970430e-01
 1.326512e+00 1.607752e-01 -7.668541e-01
 1.676223e+00 -1.552097e-02 -7.405662e-01
 1.934623e+00 -2.690047e-01 -6.333468e-01
 2.080556e+00 -5.576956e-01 -4.502864e-01
 2.094650e+00 -8.337766e-01 -2.287801e-01
 1.972647e+00 -1.084502e+00 -4.837808e-02
 1.858048e+00 -1.280660e+00 -3.980044e-03
 1.793529e+00 -1.533152e+00 4.275495e-02
 1.754439e+00 -1.817820e+00 2.328987e-01
 1.666914e+00 -2.030179e+00 5.578244e-01
 1.528038e+00 -2.100778e+00 9.123524e-01
 1.326821e+00 -2.028677e+00 1.253946e+00
 1.107268e+00 -1.830127e+00 1.510360e+00
 9.021146e-01 -1.534569e+00 1.654698e+00
 7.411481e-01 -1.185203e+00 1.670269e+00
 6.478344e-01 -8.328306e-01 1.558526e+00
 6.089031e-01 -3.779542e-01 1.217444e+00
 5.075960e-01 1.860799e-02 7.063619e-01
 5.244327e-01 1.820771e-01 5.633886e-01
 5.945923e-01 4.343439e-01 4.704345e-01
 6.630170e-01 6.316775e-01 4.300464e-01
 8.036806e-01 1.036045e+00 4.229293e-01
 8.202427e-01 1.396233e+00 3.494120e-01
 7.362437e-01 1.720796e+00 2.130393e-01
 5.702808e-01 1.968567e+00 2.780238e-02
 3.343652e-01 2.120881e+00 -1.751850e-01
 5.856267e-02 2.161785e+00 -3.720066e-01
 -1.875346e-01 2.091795e+00 -5.318786e-01
 -3.697319e-01 1.937214e+00 -6.908188e-01
 -4.451877e-01 1.802109e+00 -8.583642e-01
 -5.251727e-01 1.718544e+00 -1.057631e+00
 -7.182573e-01 1.642496e+00 -1.267441e+00
 -1.007065e+00 1.514271e+00 -1.409641e+00
 -1.295844e+00 1.311582e+00 -1.442140e+00
 -1.556249e+00 1.036989e+00 -1.357017e+00
 -1.726238e+00 7.539175e-01 -1.159016e+00
 -1.777565e+00 4.916707e-01 -8.821561e-01
 -1.666414e+00 1.788391e-01 -3.846463e-01
 -1.686171e+00 2.812790e-02 -2.222184e-01
 -1.735142e+00 -9.245065e-02 -9.813230e-02
 -2.002159e+00 -4.992136e-01 2.687970e-01
 -1.989968e+00 -8.638161e-01 6.216341e-01
 -1.749680e+00 -1.158628e+00 9.340113e-01
 -1.341538e+00 -1.311936e+00 1.151421e+00
 -8.426240e-01 -1.301016e+00 1.216701e+00
 -3.796900e-01 -1.164575e+00 1.074360e+00
 -9.522427e-02 -9.674286e-01 7.883481e-01
 2.990126e-04 -8.486610e-01 4.645030e-01
 5.807574e-02 -8.461052e-01 1.956549e-01
 9.045805e-02 -9.386138e-01 -3.018746e-01
 9.210168e-02 -8.119629e-01 -7.728871e-01
 3.358599e-02 -5.956661e-01 -1.082112e+00
 -7.830903e-02 -3.271603e-01 -1.263637e+00
 -2.114555e-01 -1.029093e-02 -1.319321e+00
 -4.027774e-01 3.243615e-01 -1.242172e+00
 -6.274167e-01 6.188933e-01 -1.020889e+00
 -8.057849e-01 7.975651e-01 -7.032446e-01
 -9.532380e-01 9.780908e-01 -5.161014e-01
 -1.196832e+00 1.261781e+00 -4.132582e-01
 -1.383723e+00 1.676802e+00 -4.610059e-01
 -1.401989e+00 2.104090e+00 -6.393822e-01
 -1.238318e+00 2.460495e+00 -9.090727e-01
