 -1.273310e+00 6.896255e-01 -7.845715e-01
 -1.149838e+00 9.533648e-01 -6.677649e-01
 -9.419524e-01 1.158654e+00 -4.849244e-01
 -6.599029e-01 1.272752e+00 -2.586451e-01
 -3.828219e-01 1.259048e+00 -3.041225e-02
 -1.346019e-01 1.132517e+00 1.644268e-01
 1.017374e-01 9.309648e-01 2.760538e-01
 3.757771e-01 8.204595e-01 3.850775e-01
 5.714445e-01 7.698708e-01 5.839057e-01
 7.517812e-01 7.929224e-01 8.432288e-01
 9.312805e-01 9.581056e-01 1.131420e+00
 1.054669e+00 1.239269e+00 1.353660e+00
 1.120672e+00 1.592470e+00 1.467134e+00
 1.123029e+00 1.952337e+00 1.462992e+00
 1.066815e+00 2.284239e+00 1.351281e+00
 9.866172e-01 2.541509e+00 1.150424e+00
 8.987955e-01 2.709095e+00 8.827048e-01
 8.105344e-01 2.775599e+00 5.773537e-01
 7.299984e-01 2.738282e+00 2.616351e-01
 6.554593e-01 2.605477e+00 -2.181489e-02
 6.004535e-01 2.392920e+00 -2.484346e-01
 5.680584e-01 2.120990e+00 -4.009947e-01
 5.345314e-01 1.132382e+00 -6.105021e-01
 5.708816e-01 9.172641e-01 -6.160417e-01
 6.521935e-01 7.285342e-01 -6.579539e-01
 7.163987e-01 5.528546e-01 -7.522392e-01
 8.728407e-01 -6.465051e-02 -1.290659e+00
 8.720513e-01 -3.756709e-01 -1.440661e+00
 8.225789e-01 -7.087851e-01 -1.491615e+00
 7.184407e-01 -1.026044e+00 -1.445957e+00
 5.606534e-01 -1.284187e+00 -1.319561e+00
 3.720350e-01 -1.458504e+00 -1.123409e+00
 1.601243e-01 -1.545007e+00 -8.407892e-01
 -1.044118e-01 -1.514216e+00 -3.790203e-01
 -2.915029e-01 -1.627086e+00 -1.346221e-01
 -4.204131e-01 -1.898778e+00 2.096780e-01
 -5.983301e-01 -2.013108e+00 5.124506e-01
 -8.435695e-01 -2.017276e+00 7.885384e-01
 -1.120770e+00 -1.918107e+00 9.930104e-01
 -1.379943e+00 -1.717693e+00 1.122253e+00
 -1.574448e+00 -1.443783e+00 1.171675e+00
 -1.734456e+00 -1.098114e+00 1.105888e+00
 -1.813152e+00 -7.893175e-01 9.342172e-01
 -1.839347e+00 -5.575298e-01 6.737919e-01
 -1.820485e+00 -4.554989e-01 4.142011e-01
 -1.830365e+00 -4.477786e-01 4.063581e-02
 -2.039641e+00 -5.499769e-01 -4.021664e-01
 -2.070293e+00 -6.729411e-01 -7.178054e-01
 -1.970496e+00 -7.563604e-01 -1.080249e+00
 -1.747597e+00 -7.805766e-01 -1.393102e+00
 -1.438547e+00 -7.444344e-01 -1.605373e+00
 -1.083340e+00 -6.889312e-01 -1.684551e+00
 -6.950316e-01 -6.412867e-01 -1.620407e+00
 -3.739261e-01 -5.826472e-01 -1.422738e+00
 1.065541e-01 -5.259063e-01 -7.803061e-01
 3.146267e-01 -5.621043e-01 -5.987214e-01
 5.676998e-01 -6.666188e-01 -5.092360e-01
 8.899896e-01 -9.056729e-01 -3.886795e-01
 1.213423e+00 -1.009585e+00 -1.763202e-01
 1.510093e+00 -9.678260e-01 8.528515e-02
 1.776976e+00 -7.716257e-01 3.207758e-01
 1.954838e+00 -4.534454e-01 4.988178e-01
 1.995398e+00 -7.847399e-02 6.093225e-01
 1.905720e+00 3.291329e-01 6.211789e-01
 1.729566e+00 6.891430e-01 4.909485e-01
 1.565387e+00 8.925573e-01 2.687572e-01
 1.459038e+00 1.008886e+00 -5.041563e-02
 1.538259e+00 1.183490e+00 -4.602354e-01
 1.535945e+00 1.221157e+00 -7.905765e-01
 1.398760e+00 1.224102e+00 -1.144280e+00
 1.145887e+00 1.187269e+00 -1.425489e+00
 8.112495e-01 1.129595e+00 -1.592389e+00
 4.633245e-01 1.038223e+00 -1.623889e+00
 1.364389e-01 8.808744e-01 -1.535997e+00
 -1.151208e-01 6.860377e-01 -1.336495e+00
 -2.611884e-01 4.994370e-01 -1.046655e+00
 -3.379962e-01 3.241222e-01 -4.817007e-01
 -4.934003e-01 2.566570e-01 -1.948288e-01
 -7.089127e-01 2.830050e-01 -1.645437e-02
 -9.441649e-01 3.267280e-01 1.099182e-01
 -1.151978e+00 3.891493e-01 1.795410e-01
 -1.712839e+00 5.595077e-01 2.308051e-01
 -2.084994e+00 5.316719e-01 2.519038e-01
 -2.421546e+00 3.715055e-01 2.692620e-01
 -2.677049e+00 1.019338e-01 2.821319e-01
 -2.818430e+00 -2.396386e-01 2.904103e-01
 -2.828818e+00 -6.071007e-01 2.946095e-01
 -2.709150e+00 -9.519092e-01 2.945877e-01
 -2.490004e+00 -1.223607e+00 2.638079e-01
 -2.201048e+00 -1.399299e+00 2.042810e-01
 -1.836563e+00 -1.465140e+00 1.576298e-01
 -1.520474e+00 -1.413506e+00 1.481346e-01
 -1.265707e+00 -1.290835e+00 2.054896e-01
 -1.059852e+00 -1.115353e+00 3.330394e-01
 -8.633095e-01 -1.016853e+00 5.615502e-01
 -6.528117e-01 -9.734804e-01 9.794931e-01
 -4.343924e-01 -9.327361e-01 1.203866e+00
 -1.669475e-01 -8.716127e-01 1.350226e+00
 1.095659e-01 -7.821744e-01 1.408066e+00
 3.783003e-01 -6.633280e-01 1.379918e+00
 6.180898e-01 -5.286906e-01 1.264168e+00
 8.077430e-01 -3.823276e-01 1.069847e+00
 9.388344e-01 -2.366103e-01 7.919092e-01
 1.016579e+00 -7.626865e-02 2.685984e-01
 1.178839e+00 4.198052e-03 -3.165962e-02
 1.428337e+00 6.365333e-03 -2.526958e-01
 1.746745e+00 8.495787e-02 -3.748657e-01
 2.079823e+00 2.659682e-01 -3.925027e-01
 2.335109e+00 5.265723e-01 -3.240796e-01
 2.478230e+00 8.281150e-01 -1.987115e-01
 2.493360e+00 1.171369e+00 -5.436854e-02
 2.372486e+00 1.495582e+00 7.664142e-02
 2.126892e+00 1.756160e+00 2.078622e-01
 1.793906e+00 1.904984e+00 3.271085e-01
 1.420368e+00 1.921088e+00 4.114671e-01
 9.707353e-01 1.768640e+00 4.715164e-01
 7.905788e-01 1.757882e+00 5.177290e-01
 5.755231e-01 1.784152e+00 6.115949e-01
 3.783282e-01 1.764083e+00 7.887410e-01
 2.190375e-01 1.673696e+00 9.621053e-01
 5.890791e-02 1.497342e+00 1.117548e+00
 -8.694760e-02 1.227608e+00 1.227559e+00
 -1.852316e-01 9.259576e-01 1.250997e+00
 -2.341681e-01 6.162224e-01 1.187771e+00
 -2.304165e-01 3.256370e-01 1.040842e+00
 -2.567167e-02 -3.500448e-01 4.756566e-01
 6.646161e-02 -5.664591e-01 3.846800e-01
 1.919038e-01 -8.493174e-01 4.025846e-01
 4.584218e-01 -1.277740e+00 4.639767e-01
 5.886708e-01 -1.595414e+00 3.846346e-01
 6.341873e-01 -1.901241e+00 2.217106e-01
 5.726122e-01 -2.173964e+00 1.314851e-02
 4.060858e-01 -2.388027e+00 -2.067157e-01
 1.572207e-01 -2.516346e+00 -4.089648e-01
 -1.322405e-01 -2.532405e+00 -5.883118e-01
 -4.199983e-01 -2.430361e+00 -7.520388e-01
 -6.719415e-01 -2.219081e+00 -8.787540e-01
 -8.668150e-01 -1.929295e+00 -9.313290e-01
 -9.813680e-01 -1.596876e+00 -9.026459e-01
 -1.022467e+00 -8.719387e-01 -6.782982e-01
 -1.052380e+00 -6.227251e-01 -6.548289e-01
 -1.075761e+00 -4.092924e-01 -7.016513e-01
 -1.221602e+00 -7.065228e-02 -8.404674e-01
 -1.314712e+00 3.489260e-01 -8.392504e-01
