 8.454600e-02 -1.299514e+00 1.389475e+00
 3.534968e-01 -1.311392e+00 1.843527e+00
 6.651821e-01 -1.070152e+00 2.212970e+00
 8.914354e-01 -6.271471e-01 2.413447e+00
 9.788048e-01 -9.807283e-02 2.391924e+00
 9.157075e-01 3.701651e-01 2.149056e+00
 6.379863e-01 9.560195e-01 1.264406e+00
 7.726379e-01 1.185975e+00 8.846806e-01
 9.531867e-01 1.236901e+00 6.168464e-01
 1.115155e+00 1.155721e+00 3.137201e-01
 1.185755e+00 9.586737e-01 7.747736e-03
 1.105865e+00 6.860930e-01 -3.044744e-01
 9.094648e-01 4.132815e-01 -5.071750e-01
 3.248372e-01 -2.072382e-01 -6.587266e-01
 8.079766e-03 -4.288601e-01 -9.371579e-01
 -2.546144e-01 -4.441125e-01 -1.370980e+00
 -2.983523e-01 -3.486906e-01 -1.871319e+00
 -1.148218e-01 -1.717557e-01 -2.304123e+00
 2.575184e-01 3.502390e-02 -2.576772e+00
 7.328445e-01 1.999018e-01 -2.628760e+00
 1.195615e+00 2.785113e-01 -2.451899e+00
 1.540518e+00 2.398304e-01 -2.098497e+00
 1.691012e+00 1.021613e-01 -1.652252e+00
 1.624565e+00 -1.096406e-01 -1.234942e+00
 1.419139e+00 -3.735072e-01 -9.702353e-01
 1.224091e+00 -6.500901e-01 -9.072118e-01
 1.151463e+00 -9.685946e-01 -8.670394e-01
 1.174214e+00 -1.337923e+00 -6.515040e-01
 1.235716e+00 -1.578726e+00 -2.788544e-01
 1.248848e+00 -1.640796e+00 1.460652e-01
 1.195240e+00 -1.545489e+00 5.426246e-01
 1.121076e+00 -1.299187e+00 8.658148e-01
 8.759797e-01 -6.057091e-01 1.257048e+00
 5.161744e-01 -3.164301e-01 1.483425e+00
 1.215646e-01 -2.860467e-01 1.742288e+00
 -3.462534e-01 -4.651442e-01 1.824320e+00
 -7.602041e-01 -6.345444e-01 1.629085e+00
 -1.078531e+00 -7.376608e-01 1.170698e+00
 -1.144332e+00 -7.549220e-01 6.082492e-01
 -8.296232e-01 -6.584974e-01 -1.731085e-01
 -8.725071e-01 -7.348698e-01 -5.505638e-01
 -1.068470e+00 -8.039130e-01 -9.114428e-01
 -1.426826e+00 -7.873058e-01 -1.193094e+00
 -1.853077e+00 -6.754931e-01 -1.306824e+00
 -2.254694e+00 -4.779129e-01 -1.238390e+00
 -2.554925e+00 -2.398667e-01 -1.005826e+00
 -2.694094e+00 7.975658e-03 -6.675366e-01
 -2.648726e+00 2.307822e-01 -2.960859e-01
 -2.434296e+00 3.828887e-01 4.795225e-02
 -2.091888e+00 4.397330e-01 3.034546e-01
 -1.657941e+00 4.181868e-01 4.138562e-01
 -1.260038e+00 3.401112e-01 3.402330e-01
 -1.014114e+00 3.045641e-01 1.613541e-01
 -8.197641e-01 3.323596e-01 -2.102086e-02
 -1.998826e-01 6.075990e-01 -1.066929e+00
 1.657574e-01 5.061931e-01 -1.426566e+00
 4.775941e-01 2.872113e-01 -1.582687e+00
 6.635289e-01 -1.431096e-02 -1.614171e+00
 7.134936e-01 -2.501014e-01 -1.693060e+00
 8.447413e-01 -4.946324e-01 -1.848755e+00
 1.207785e+00 -7.813394e-01 -1.932405e+00
 1.658520e+00 -9.944119e-01 -1.790114e+00
 2.024152e+00 -1.095389e+00 -1.422730e+00
 2.185415e+00 -1.079845e+00 -9.265814e-01
 2.114349e+00 -9.389655e-01 -4.337655e-01
 1.804768e+00 -7.395299e-01 -4.839100e-02
 1.348277e+00 -6.039262e-01 1.096300e-01
 9.555663e-01 -6.488781e-01 8.462957e-02
 6.794830e-01 -7.844425e-01 8.046201e-02
 3.296633e-01 -1.082644e+00 -3.136138e-02
 -4.291069e-01 -1.587394e+00 -8.590898e-02
 -7.645979e-01 -1.679096e+00 -1.179420e-01
 -1.112491e+00 -1.658343e+00 -1.694336e-01
 -1.440300e+00 -1.518040e+00 -2.157130e-01
 -1.708109e+00 -1.264474e+00 -2.438318e-01
 -1.859663e+00 -9.335027e-01 -2.578542e-01
 -1.874153e+00 -5.964873e-01 -2.773275e-01
 -1.771075e+00 -2.996610e-01 -3.391201e-01
 -1.693572e+00 -1.294076e-01 -4.524279e-01
 -1.667032e+00 1.163224e-01 -5.979253e-01
 -1.637890e+00 5.253957e-01 -6.241786e-01
 -1.533710e+00 9.205949e-01 -4.834615e-01
 -1.324032e+00 1.212327e+00 -2.210903e-01
 -1.060392e+00 1.332945e+00 1.077826e-01
 -6.472787e-01 1.235327e+00 5.727543e-01
 -3.606006e-01 1.334611e+00 8.211867e-01
 1.066226e-02 1.798923e+00 1.272170e+00
 3.841268e-01 1.955475e+00 1.483771e+00
 8.252541e-01 1.936508e+00 1.613009e+00
 1.243950e+00 1.745765e+00 1.630286e+00
 1.556553e+00 1.422569e+00 1.529747e+00
 1.699578e+00 1.035894e+00 1.330752e+00
 1.638816e+00 6.395228e-01 1.094901e+00
 1.375828e+00 3.216046e-01 8.707231e-01
 1.015701e+00 1.900844e-01 6.613386e-01
 6.109228e-01 2.282369e-01 4.961894e-01
 2.192576e-01 5.563984e-01 2.722012e-01
 1.310764e-01 1.135468e+00 -8.860811e-02
 5.923345e-02 1.574127e+00 -1.169170e-01
 -1.572965e-01 1.994958e+00 3.634448e-02
 -4.891869e-01 2.250816e+00 3.267978e-01
 -8.393156e-01 2.264665e+00 6.623442e-01
 -1.112622e+00 2.041565e+00 1.043524e+00
 -1.216581e+00 1.655602e+00 1.343444e+00
 -1.155423e+00 1.179436e+00 1.488971e+00
 -9.458318e-01 7.396203e-01 1.448086e+00
 -3.531038e-01 -4.774600e-02 8.616841e-01
 -1.679620e-01 -4.066972e-01 7.344416e-01
 -1.179784e-01 -6.631039e-01 7.677635e-01
 -5.449517e-02 -1.039052e+00 9.758690e-01
