 8.242764e-01 -6.827585e-01 9.625283e-01
 1.026962e+00 -6.561660e-01 7.351456e-01
 1.569187e+00 -7.289808e-01 4.466412e-01
 1.873369e+00 -6.577177e-01 1.548460e-01
 2.037694e+00 -5.143663e-01 -1.976258e-01
 2.047617e+00 -3.145548e-01 -5.324871e-01
 1.911541e+00 -8.146215e-02 -8.183529e-01
 1.639956e+00 1.360076e-01 -1.021491e+00
 1.305521e+00 2.927178e-01 -1.099679e+00
 8.326263e-01 4.946835e-01 -1.016375e+00
 5.441815e-01 7.399069e-01 -1.078432e+00
 4.047102e-01 1.041704e+00 -1.095369e+00
 3.335659e-01 1.439889e+00 -9.854289e-01
 3.612510e-01 1.774930e+00 -7.456255e-01
 4.105746e-01 1.958240e+00 -4.374910e-01
 4.708037e-01 2.007854e+00 -2.103919e-02
 5.794428e-01 1.911321e+00 3.360081e-01
 6.617819e-01 1.592418e+00 7.561830e-01
 6.739853e-01 1.539660e+00 1.125452e+00
 5.431253e-01 1.540732e+00 1.456156e+00
 2.305829e-01 1.535111e+00 1.751370e+00
 -1.357955e-01 1.498893e+00 1.886512e+00
 -5.288727e-01 1.380914e+00 1.875714e+00
 -8.556631e-01 1.187444e+00 1.731555e+00
 -1.066459e+00 9.515858e-01 1.484023e+00
 -1.139775e+00 7.194949e-01 1.154301e+00
 -1.066382e+00 5.429405e-01 7.904386e-01
 -7.571513e-01 4.032362e-01 2.883796e-01
 -6.504762e-01 3.103776e-01 1.863440e-02
 -6.558758e-01 2.830021e-01 -2.514730e-01
 -7.573374e-01 2.692237e-01 -7.173862e-01
 -7.993400e-01 8.937076e-02 -1.381850e+00
 -8.480063e-01 -1.533196e-01 -1.696344e+00
 -9.327061e-01 -4.951858e-01 -1.892817e+00
 -1.037502e+00 -8.832704e-01 -1.937879e+00
 -1.145128e+00 -1.257509e+00 -1.822943e+00
 -1.238676e+00 -1.563886e+00 -1.559799e+00
 -1.296754e+00 -1.731546e+00 -1.217327e+00
 -1.343263e+00 -1.757505e+00 -8.364930e-01
 -1.394083e+00 -1.655329e+00 -5.434121e-01
 -1.492694e+00 -1.526367e+00 -3.680710e-01
 -1.636328e+00 -1.443402e+00 -1.901727e-01
 -1.745962e+00 -1.397208e+00 1.363208e-01
 -1.714637e+00 -1.309978e+00 4.865950e-01
 -1.567366e+00 -1.147238e+00 7.987984e-01
 -1.333896e+00 -9.264624e-01 1.009582e+00
 -1.021694e+00 -6.988148e-01 1.096607e+00
 -6.800708e-01 -5.050876e-01 1.042710e+00
 -1.183261e-01 -2.484823e-01 7.038074e-01
 -5.847355e-02 -2.090372e-01 6.704792e-01
 2.013656e-01 9.236497e-03 5.580486e-01
 4.766381e-01 1.925505e-01 5.846830e-01
 6.848648e-01 3.087083e-01 7.381114e-01
 9.498612e-01 3.409595e-01 9.501587e-01
 1.230234e+00 2.503368e-01 1.162450e+00
 1.466036e+00 3.106759e-02 1.353187e+00
 1.620597e+00 -2.853168e-01 1.485311e+00
 1.666398e+00 -6.553145e-01 1.546527e+00
 1.621620e+00 -1.022207e+00 1.503114e+00
 1.501764e+00 -1.340427e+00 1.354479e+00
 1.312742e+00 -1.569649e+00 1.124096e+00
 1.075055e+00 -1.676267e+00 8.487264e-01
 8.162147e-01 -1.643721e+00 5.704844e-01
 5.762567e-01 -1.474209e+00 3.249072e-01
 1.558836e-01 -8.148072e-01 -1.011437e-01
 5.257353e-02 -6.063256e-01 -2.675192e-01
 3.990218e-02 -4.120758e-01 -4.719493e-01
 9.532347e-02 -2.711882e-01 -7.735376e-01
 1.815583e-01 -2.013763e-01 -1.384462e+00
 3.236641e-01 -7.626972e-02 -1.698486e+00
 5.204732e-01 1.349023e-01 -1.927367e+00
 7.421455e-01 4.045532e-01 -2.040094e+00
 9.572408e-01 6.988303e-01 -2.024176e+00
 1.134738e+00 9.794904e-01 -1.885347e+00
 1.268142e+00 1.199342e+00 -1.644629e+00
 1.355362e+00 1.333641e+00 -1.324267e+00
 1.369384e+00 1.367126e+00 -9.597618e-01
 1.298926e+00 1.316240e+00 -6.357394e-01
 1.124957e+00 1.220009e+00 -3.506767e-01
 8.879293e-01 1.087398e+00 -1.786085e-01
 6.112131e-01 9.633474e-01 -8.890481e-02
 1.473043e-01 1.027305e+00 -5.199093e-02
 -3.778972e-01 1.279730e+00 -1.417999e-01
 -7.627371e-01 1.304409e+00 -2.163886e-01
 -1.135292e+00 1.185426e+00 -2.544988e-01
 -1.437164e+00 9.481010e-01 -2.409721e-01
 -1.623548e+00 6.262022e-01 -1.994828e-01
 -1.672799e+00 2.588402e-01 -1.436238e-01
 -1.586871e+00 -1.011447e-01 -6.080451e-02
 -1.403837e+00 -3.664100e-01 3.521227e-02
 -8.639731e-01 -8.124851e-01 8.763849e-02
 -7.141304e-01 -1.234677e+00 2.209557e-01
 -7.452388e-01 -1.609835e+00 3.234574e-01
 -9.181805e-01 -1.974051e+00 3.456390e-01
 -1.192687e+00 -2.252187e+00 2.838087e-01
 -1.520981e+00 -2.411064e+00 1.429073e-01
 -1.842308e+00 -2.438526e+00 -5.849818e-02
 -2.109971e+00 -2.343061e+00 -3.003704e-01
 -2.293141e+00 -2.141445e+00 -5.457879e-01
 -2.371010e+00 -1.865137e+00 -7.663797e-01
 -2.341029e+00 -1.548537e+00 -9.318399e-01
 -2.204022e+00 -1.237485e+00 -1.032853e+00
 -1.976915e+00 -9.761611e-01 -1.070715e+00
 -1.691495e+00 -7.975813e-01 -1.043586e+00
 -1.386761e+00 -7.259056e-01 -9.807762e-01
 -1.149668e+00 -7.544426e-01 -9.256608e-01
 -8.573768e-01 -8.491366e-01 -9.156022e-01
 -3.805522e-01 -1.152065e+00 -1.028035e+00
 -1.151522e-01 -1.237329e+00 -1.051706e+00
 1.654678e-01 -1.257842e+00 -1.036442e+00
 4.481030e-01 -1.205387e+00 -9.918792e-01
 6.769941e-01 -1.091446e+00 -9.252942e-01
 8.710010e-01 -9.250718e-01 -8.094979e-01
 9.984633e-01 -7.326873e-01 -6.560442e-01
 1.045191e+00 -5.718632e-01 -5.088869e-01
 1.039583e+00 -1.314214e-01 -2.013159e-01
 1.260217e+00 1.374145e-01 -6.595861e-02
 1.497650e+00 3.352435e-01 9.779522e-02
 1.627930e+00 5.302732e-01 2.319145e-01
 1.685548e+00 7.715906e-01 3.799136e-01
 1.654439e+00 1.808611e+00 7.719775e-01
 1.520313e+00 2.124930e+00 8.973187e-01
 1.281278e+00 2.372175e+00 1.015926e+00
 9.705908e-01 2.521137e+00 1.109203e+00
 6.296242e-01 2.558370e+00 1.161901e+00
 2.932133e-01 2.491970e+00 1.157766e+00
 7.454625e-03 2.337062e+00 1.100362e+00
 -2.045856e-01 2.106623e+00 1.015615e+00
 -3.175420e-01 1.825669e+00 9.297829e-01
 -3.427957e-01 1.502863e+00 8.783940e-01
 -2.849688e-01 1.244629e+00 8.852197e-01
 -1.502016e-01 9.525011e-01 9.869175e-01
 -6.656885e-02 5.543268e-01 1.391055e+00
 1.186113e-01 2.148351e-01 1.585045e+00
 3.270215e-01 -1.248432e-01 1.611651e+00
 5.194851e-01 -4.237220e-01 1.478654e+00
 6.727981e-01 -6.118988e-01 1.249622e+00
