 -1.388240e+00 1.769168e+00 -1.044090e+00
 -1.443613e+00 1.525662e+00 -1.350376e+00
 -1.397620e+00 1.202803e+00 -1.566115e+00
 -1.214351e+00 8.258454e-01 -1.686365e+00
 -9.277625e-01 5.398860e-01 -1.696793e+00
 -6.164593e-01 4.025914e-01 -1.630966e+00
 -2.441891e-01 4.187680e-01 -1.568958e+00
 2.388890e-01 5.329627e-01 -1.706205e+00
 6.334030e-01 6.728861e-01 -1.656773e+00
 9.936406e-01 7.309321e-01 -1.463894e+00
 1.223479e+00 7.102150e-01 -1.210009e+00
 1.342949e+00 6.549544e-01 -8.627455e-01
 1.316588e+00 5.629221e-01 -4.294453e-01
 1.154838e+00 4.488740e-01 -8.780349e-02
 8.839450e-01 3.252850e-01 1.570011e-01
 -1.742860e-02 -1.736226e-01 4.744363e-01
 -2.148715e-01 -3.057557e-01 6.486470e-01
 -6.236680e-01 -7.116186e-01 1.283661e+00
 -9.535279e-01 -7.687485e-01 1.585327e+00
 -1.328654e+00 -6.496553e-01 1.811268e+00
 -1.670859e+00 -3.756834e-01 1.918057e+00
 -1.905851e+00 5.679880e-03 1.894665e+00
 -1.986959e+00 4.267464e-01 1.747565e+00
 -1.907825e+00 7.988794e-01 1.486718e+00
 -1.689085e+00 1.035476e+00 1.154996e+00
 -1.384522e+00 1.084328e+00 8.212238e-01
 -1.081555e+00 9.264473e-01 5.228695e-01
 -8.906386e-01 6.308382e-01 3.302791e-01
 -8.393954e-01 3.910278e-01 2.190522e-01
 -9.124681e-01 9.374853e-02 2.811209e-02
 -1.248325e+00 -3.587307e-01 -3.213031e-01
 -1.287871e+00 -7.455150e-01 -5.761865e-01
 -1.125236e+00 -1.132979e+00 -7.926741e-01
 -8.038390e-01 -1.439028e+00 -8.972533e-01
 -3.870252e-01 -1.588452e+00 -9.101676e-01
 8.346664e-02 -1.546258e+00 -8.356176e-01
 4.844071e-01 -1.322775e+00 -6.565227e-01
 8.478892e-01 -7.661019e-01 -2.444453e-01
 1.154376e+00 -5.878025e-01 -1.646660e-01
 1.578664e+00 -5.162142e-01 -9.060510e-02
 2.033016e+00 -6.689714e-01 -2.271761e-02
 2.362727e+00 -1.015267e+00 4.829855e-02
 2.493374e+00 -1.476162e+00 1.184219e-01
 2.398621e+00 -1.940274e+00 1.943955e-01
 2.106439e+00 -2.308111e+00 2.543769e-01
 1.684512e+00 -2.506247e+00 2.896456e-01
 1.224174e+00 -2.496930e+00 3.067887e-01
 8.213392e-01 -2.291486e+00 3.068879e-01
 5.401936e-01 -1.920795e+00 3.312929e-01
 4.730091e-01 -1.590617e+00 3.747505e-01
 4.887282e-01 -1.318928e+00 5.234946e-01
 4.993879e-01 -1.211211e+00 6.040035e-01
 6.143288e-01 -6.971406e-01 1.090960e+00
 5.951669e-01 -4.454714e-01 1.250318e+00
 5.074969e-01 -1.828572e-01 1.355337e+00
 3.705003e-01 7.328400e-02 1.390353e+00
 2.020487e-01 3.047708e-01 1.350755e+00
 -1.404454e-01 6.727059e-01 1.135836e+00
 -3.234724e-01 1.041026e+00 1.164807e+00
 -3.269660e-01 1.395132e+00 1.160412e+00
 -1.828040e-01 1.777303e+00 1.040136e+00
 4.398526e-02 2.059833e+00 7.927229e-01
 2.594655e-01 2.178276e+00 4.594293e-01
 4.210803e-01 2.142131e+00 8.782519e-02
 5.031720e-01 1.959398e+00 -2.708221e-01
 5.200938e-01 1.643539e+00 -5.502224e-01
 4.672428e-01 1.251178e+00 -6.953144e-01
 3.237879e-01 7.185730e-01 -6.761507e-01
 3.406756e-01 3.677626e-01 -7.009828e-01
 4.564272e-01 1.351172e-01 -7.847256e-01
 6.273600e-01 -7.739644e-02 -9.542860e-01
 9.167904e-01 -2.873561e-01 -1.155423e+00
 1.258969e+00 -6.119248e-01 -1.194447e+00
 1.503444e+00 -9.900891e-01 -1.051591e+00
 1.610062e+00 -1.327387e+00 -7.500809e-01
 1.564520e+00 -1.536703e+00 -3.592306e-01
 1.461344e+00 -1.548335e+00 -2.045748e-02
 1.468473e+00 -1.487044e+00 2.524117e-01
 1.493864e+00 -1.533272e+00 5.994960e-01
 1.313743e+00 -1.699418e+00 1.014568e+00
 9.230721e-01 -1.848965e+00 1.297745e+00
 4.259855e-01 -1.894175e+00 1.382541e+00
 -5.593051e-02 -1.821445e+00 1.250439e+00
 -4.071895e-01 -1.654528e+00 9.327637e-01
 -5.470297e-01 -1.415235e+00 5.168553e-01
 -4.032686e-01 -1.023225e+00 -2.995144e-02
 -2.890669e-01 -7.318653e-01 -3.170317e-01
 -2.686935e-01 -6.425947e-01 -4.682023e-01
 -2.615804e-01 -5.712601e-01 -7.655050e-01
 -2.217802e-01 -5.843968e-01 -1.785916e+00
 -2.174128e-01 -3.968048e-01 -2.199438e+00
 -2.396285e-01 -5.205072e-02 -2.494886e+00
 -2.944539e-01 3.802606e-01 -2.615612e+00
 -3.506488e-01 8.166242e-01 -2.539061e+00
 -3.782907e-01 1.186093e+00 -2.276538e+00
 -3.743632e-01 1.403166e+00 -1.876567e+00
 -3.994811e-01 1.421232e+00 -1.400681e+00
 -4.989891e-01 1.258793e+00 -1.041748e+00
 -7.326775e-01 9.634403e-01 -7.763633e-01
 -1.487161e+00 7.809504e-01 -5.020886e-01
 -1.801733e+00 6.037014e-01 -1.623935e-01
 -1.899935e+00 3.910842e-01 1.833161e-01
 -1.802840e+00 1.710204e-01 5.440961e-01
 -1.552279e+00 4.902287e-02 8.715043e-01
 -1.298458e+00 6.663116e-02 1.067265e+00
 -1.106386e+00 1.925350e-01 1.247225e+00
 -8.488313e-01 3.912355e-01 1.837416e+00
 -5.087453e-01 6.274659e-01 2.115471e+00
 -1.046824e-01 9.063995e-01 2.171959e+00
 2.748905e-01 1.139371e+00 2.001981e+00
 5.777622e-01 1.262854e+00 1.644087e+00
 7.144625e-01 1.266819e+00 1.156942e+00
 6.195481e-01 1.208500e+00 6.855430e-01
 3.533822e-01 1.154212e+00 3.745137e-01
 -4.198588e-02 1.195779e+00 1.923196e-01
 -6.932839e-01 1.750808e+00 -1.129090e-01
 -9.988987e-01 1.882022e+00 -3.603747e-01
 -1.243970e+00 1.887903e+00 -6.938872e-01
