 5.147324e-01 -2.390730e+00 5.605849e-01
 8.300643e-01 -2.364979e+00 3.903612e-01
 1.110330e+00 -2.220019e+00 2.280364e-01
 1.310642e+00 -1.981588e+00 7.933535e-02
 1.409506e+00 -1.677416e+00 -5.142667e-02
 1.396437e+00 -1.335304e+00 -1.461473e-01
 1.269033e+00 -9.889766e-01 -1.893047e-01
 9.520650e-01 -6.050955e-01 -1.897306e-01
 7.458496e-01 -3.367176e-01 -2.989056e-01
 5.981774e-01 -1.107488e-01 -4.866636e-01
 5.544684e-01 2.143781e-02 -6.755382e-01
 6.173005e-01 2.044366e-01 -1.021778e+00
 8.167103e-01 3.578840e-01 -1.380684e+00
 9.651260e-01 6.021665e-01 -1.611011e+00
 1.037279e+00 9.402870e-01 -1.771015e+00
 1.020120e+00 1.316840e+00 -1.827388e+00
 9.112773e-01 1.675717e+00 -1.776775e+00
 7.098614e-01 1.967114e+00 -1.642490e+00
 4.548534e-01 2.144910e+00 -1.445489e+00
 1.921447e-01 2.204106e+00 -1.167425e+00
 -1.629402e-02 2.127725e+00 -8.393880e-01
 -1.507544e-01 1.913473e+00 -5.275713e-01
 -2.098870e-01 1.546945e+00 -2.612292e-01
 -3.014003e-01 1.397937e+00 -5.603362e-02
 -4.874173e-01 1.267463e+00 1.112599e-01
 -6.184142e-01 1.193150e+00 1.882878e-01
 -1.078663e+00 9.888158e-01 3.539904e-01
 -1.283403e+00 8.118634e-01 4.472220e-01
 -1.426966e+00 5.834970e-01 5.346575e-01
 -1.498733e+00 3.203299e-01 6.148440e-01
 -1.491907e+00 5.345899e-02 6.800283e-01
 -1.412898e+00 -2.186915e-01 7.046958e-01
 -1.279805e+00 -4.734941e-01 6.693611e-01
 -1.103281e+00 -6.810097e-01 5.812082e-01
 -7.707983e-01 -9.487131e-01 3.296257e-01
 -6.358813e-01 -1.162946e+00 1.730656e-01
 -5.828551e-01 -1.359833e+00 6.479242e-02
 -6.028075e-01 -1.561829e+00 -3.377099e-02
 -6.453769e-01 -1.874224e+00 -7.845065e-02
 -7.133336e-01 -2.194070e+00 -1.298683e-02
 -7.753417e-01 -2.486865e+00 1.691402e-01
 -8.022464e-01 -2.708345e+00 4.442763e-01
 -7.769985e-01 -2.831373e+00 7.721356e-01
 -7.039689e-01 -2.843408e+00 1.116308e+00
 -6.045737e-01 -2.736110e+00 1.441089e+00
 -4.900432e-01 -2.519460e+00 1.704686e+00
 -3.741220e-01 -2.218255e+00 1.871328e+00
 -2.714003e-01 -1.869932e+00 1.916649e+00
 -1.950953e-01 -1.519265e+00 1.831831e+00
 -1.556066e-01 -1.214903e+00 1.626502e+00
 -1.340860e-01 -9.134146e-01 1.199794e+00
 -4.051219e-02 -7.477737e-01 9.825214e-01
 9.556003e-02 -5.857529e-01 8.261371e-01
 2.948212e-01 -4.265989e-01 7.316911e-01
 5.523097e-01 -2.108195e-01 7.183043e-01
 9.309666e-01 8.772438e-02 8.495378e-01
 1.074758e+00 2.737302e-01 9.013029e-01
 1.178031e+00 4.923163e-01 9.261283e-01
 1.251318e+00 7.831224e-01 9.133686e-01
 1.262276e+00 1.023045e+00 8.618136e-01
 1.226613e+00 1.247854e+00 7.705011e-01
 1.147411e+00 1.431828e+00 6.533639e-01
 1.042568e+00 1.556641e+00 5.443681e-01
 8.603068e-01 1.668860e+00 4.357275e-01
 5.951261e-01 1.807941e+00 3.792777e-01
 2.179491e-01 2.115423e+00 4.619208e-01
 -6.295568e-02 2.233043e+00 4.809367e-01
 -3.693583e-01 2.288018e+00 4.309224e-01
 -6.624327e-01 2.273162e+00 3.122455e-01
 -9.095271e-01 2.198140e+00 1.296144e-01
 -1.088897e+00 2.060693e+00 -9.213050e-02
 -1.182365e+00 1.866889e+00 -3.241297e-01
 -1.186241e+00 1.618730e+00 -5.402467e-01
 -1.102723e+00 1.332289e+00 -6.990861e-01
 -9.415518e-01 1.053797e+00 -7.779679e-01
 -6.223719e-01 7.425114e-01 -7.979133e-01
 -4.849416e-01 5.436177e-01 -8.747172e-01
 -4.057788e-01 3.556203e-01 -9.896335e-01
 -3.702852e-01 1.376840e-01 -1.178904e+00
 -4.083723e-01 -2.678543e-01 -1.617601e+00
 -4.132309e-01 -5.804861e-01 -1.778764e+00
 -3.998066e-01 -9.269118e-01 -1.823327e+00
 -3.712986e-01 -1.263238e+00 -1.747694e+00
 -2.957738e-01 -1.556199e+00 -1.568478e+00
 -1.708948e-01 -1.765499e+00 -1.314577e+00
 -1.145026e-02 -1.866146e+00 -1.019184e+00
 1.618241e-01 -1.848072e+00 -7.255575e-01
 3.742706e-01 -1.650378e+00 -2.937704e-01
 4.266170e-01 -1.453946e+00 1.647727e-01
 5.014830e-01 -1.391165e+00 3.444193e-01
 7.440741e-01 -1.363836e+00 6.880806e-01
 8.702317e-01 -1.222399e+00 1.048715e+00
 8.853924e-01 -9.716842e-01 1.369060e+00
 7.709341e-01 -6.613825e-01 1.617438e+00
 5.460282e-01 -3.658796e-01 1.737465e+00
 2.323403e-01 -5.970008e-02 1.700279e+00
 -9.257871e-02 1.590628e-01 1.504338e+00
 -3.576311e-01 2.431604e-01 1.205992e+00
 -4.873010e-01 2.510450e-01 8.432480e-01
 -5.045462e-01 1.479580e-01 3.860605e-01
 -6.882797e-01 7.326751e-02 3.111388e-02
 -1.056189e+00 -4.018986e-02 -2.641769e-01
 -1.286706e+00 -1.885619e-02 -5.827213e-01
 -1.395259e+00 7.861166e-02 -9.462881e-01
 -1.374359e+00 2.732009e-01 -1.331463e+00
 -1.230110e+00 4.897507e-01 -1.604861e+00
 -9.757212e-01 7.143925e-01 -1.770534e+00
 -6.140737e-01 9.430960e-01 -1.807791e+00
 -2.743528e-01 1.095265e+00 -1.707029e+00
 2.964153e-02 1.176059e+00 -1.485183e+00
 2.887235e-01 1.187396e+00 -1.111972e+00
 5.203223e-01 1.244996e+00 -9.337085e-01
 7.709715e-01 1.461009e+00 -7.374356e-01
 1.113029e+00 2.097383e+00 -4.558957e-01
 1.199822e+00 2.323194e+00 -2.701316e-01
 1.245568e+00 2.497744e+00 -1.700252e-02
 1.244283e+00 2.600646e+00 2.812188e-01
 1.194273e+00 2.618008e+00 5.984579e-01
 1.098475e+00 2.542565e+00 9.030617e-01
 9.646869e-01 2.375779e+00 1.162160e+00
 7.895624e-01 2.131624e+00 1.346006e+00
 5.970507e-01 1.853067e+00 1.411826e+00
 4.145731e-01 1.531975e+00 1.352542e+00
 2.917854e-01 1.234058e+00 1.175151e+00
 2.461288e-01 9.931897e-01 9.034477e-01
 2.916376e-01 8.271355e-01 5.597098e-01
 4.848141e-01 7.518385e-01 1.799043e-01
 1.079658e+00 7.253433e-01 -1.342395e-01
 1.409087e+00 5.137792e-01 -3.554098e-01
 1.590133e+00 1.502027e-01 -6.468975e-01
 1.555213e+00 -2.375291e-01 -9.377464e-01
 1.343349e+00 -5.249210e-01 -1.142901e+00
 9.283203e-01 -7.789635e-01 -1.227605e+00
 4.177199e-01 -8.980944e-01 -1.136293e+00
 3.166757e-02 -8.502698e-01 -9.007766e-01
 -2.523299e-01 -8.764570e-01 -8.007539e-01
 -7.151525e-01 -8.913424e-01 -8.232737e-01
 -1.024560e+00 -9.692874e-01 -7.606827e-01
 -1.301340e+00 -1.072963e+00 -5.984805e-01
 -1.504557e+00 -1.216490e+00 -3.580004e-01
 -1.603481e+00 -1.390061e+00 -7.260652e-02
 -1.583438e+00 -1.566561e+00 2.325659e-01
 -1.468612e+00 -1.678858e+00 4.999347e-01
 -1.248546e+00 -1.749675e+00 7.451236e-01
 -9.272007e-01 -1.803665e+00 9.149539e-01
 -6.302924e-01 -1.833768e+00 9.527981e-01
 -3.177271e-01 -1.913278e+00 8.878387e-01
 2.097815e-01 -2.293373e+00 7.142833e-01
