 1.418609e+00 -1.435824e+00 1.961788e-01
 1.533044e+00 -1.412224e+00 -3.283760e-02
 1.606273e+00 -1.328460e+00 -2.625714e-01
 1.623996e+00 -1.190075e+00 -5.023819e-01
 1.569532e+00 -1.018105e+00 -7.272668e-01
 1.447679e+00 -8.184497e-01 -9.079687e-01
 1.265702e+00 -6.036105e-01 -1.027397e+00
 1.043270e+00 -3.999670e-01 -1.070691e+00
 9.361542e-01 -2.994701e-01 -1.110891e+00
 8.467227e-01 -2.043836e-01 -1.168234e+00
 7.705733e-01 -1.090779e-01 -1.242521e+00
 6.733477e-01 1.260365e-02 -1.393435e+00
 5.643672e-01 1.575507e-01 -1.655695e+00
 4.288292e-01 3.198892e-01 -1.832669e+00
 2.608486e-01 5.075782e-01 -1.947195e+00
 7.202185e-02 7.070324e-01 -1.990155e+00
 -1.310737e-01 9.207951e-01 -1.954340e+00
 -3.001966e-01 1.096074e+00 -1.853336e+00
 -4.501594e-01 1.238653e+00 -1.685893e+00
 -5.551614e-01 1.355823e+00 -1.448382e+00
 -5.718817e-01 1.434305e+00 -1.256103e+00
 -5.353743e-01 1.542133e+00 -1.078102e+00
 -5.203171e-01 1.706517e+00 -9.174461e-01
 -6.064598e-01 1.893858e+00 -6.966662e-01
 -7.354829e-01 1.985240e+00 -4.222206e-01
 -8.541067e-01 1.963311e+00 -8.355916e-02
 -9.424716e-01 1.811020e+00 2.566885e-01
 -9.807903e-01 1.552212e+00 5.237681e-01
 -9.576804e-01 1.216932e+00 6.933104e-01
 -8.335281e-01 4.550276e-01 7.758413e-01
 -8.443169e-01 2.195352e-01 8.293806e-01
 -9.200998e-01 1.713140e-02 8.818138e-01
 -1.058804e+00 -2.401834e-01 1.065806e+00
 -1.271367e+00 -4.685863e-01 1.416951e+00
 -1.336579e+00 -6.542434e-01 1.618656e+00
 -1.349873e+00 -8.934055e-01 1.785032e+00
 -1.307432e+00 -1.164733e+00 1.895508e+00
 -1.211099e+00 -1.447179e+00 1.937142e+00
 -1.068102e+00 -1.715605e+00 1.901760e+00
 -8.916944e-01 -1.943437e+00 1.788809e+00
 -6.917401e-01 -2.103469e+00 1.612678e+00
 -4.740300e-01 -2.177146e+00 1.390175e+00
 -2.625257e-01 -2.147753e+00 1.155205e+00
 -9.670304e-02 -2.026821e+00 9.068266e-01
 -1.328747e-02 -1.856407e+00 6.824169e-01
 -1.197023e-02 -1.648607e+00 4.752976e-01
 -8.699636e-02 -1.463997e+00 3.279465e-01
 -1.838092e-01 -1.340313e+00 2.301218e-01
 -3.707430e-01 -1.223213e+00 4.121370e-02
 -7.327460e-01 -1.182453e+00 -2.754648e-01
 -9.410221e-01 -1.062820e+00 -5.838185e-01
 -1.054145e+00 -8.452756e-01 -8.629541e-01
 -1.060137e+00 -5.691753e-01 -1.079829e+00
 -9.670760e-01 -2.610793e-01 -1.213813e+00
 -7.778698e-01 4.835035e-02 -1.253489e+00
 -5.118544e-01 3.233357e-01 -1.183175e+00
 -1.547343e-01 5.296320e-01 -1.011629e+00
 9.338898e-02 7.318743e-01 -9.655314e-01
 3.231543e-01 9.871626e-01 -1.038192e+00
 4.531888e-01 1.320606e+00 -1.201864e+00
 4.285976e-01 1.667140e+00 -1.382749e+00
 2.614311e-01 1.968837e+00 -1.547864e+00
 -2.067602e-02 2.195475e+00 -1.669858e+00
 -3.631302e-01 2.321154e+00 -1.718896e+00
 -7.187587e-01 2.344080e+00 -1.688439e+00
 -1.040425e+00 2.276210e+00 -1.582006e+00
 -1.297169e+00 2.126429e+00 -1.426485e+00
 -1.465516e+00 1.919462e+00 -1.249008e+00
 -1.537663e+00 1.693374e+00 -1.057853e+00
 -1.518844e+00 1.469241e+00 -8.532424e-01
 -1.417859e+00 1.270701e+00 -6.662426e-01
 -1.249730e+00 1.110687e+00 -5.092404e-01
 -1.038511e+00 1.004658e+00 -3.858139e-01
 -8.095514e-01 9.611861e-01 -2.948462e-01
 -5.875454e-01 9.778192e-01 -2.265731e-01
 -3.782091e-01 1.059566e+00 -1.441754e-01
 -1.042586e-01 1.245565e+00 -8.833715e-02
 1.207039e-01 1.333520e+00 -3.036117e-02
 3.472246e-01 1.370234e+00 5.254635e-02
 5.611564e-01 1.353021e+00 1.464892e-01
 7.534502e-01 1.287474e+00 2.520743e-01
 9.363079e-01 1.165351e+00 3.771180e-01
 1.062370e+00 1.022333e+00 4.683984e-01
 1.141557e+00 8.582465e-01 5.419951e-01
 1.183361e+00 6.456291e-01 6.298929e-01
 1.178991e+00 4.980852e-01 6.858077e-01
 1.142596e+00 3.585956e-01 7.545789e-01
 1.096188e+00 2.450052e-01 8.437104e-01
 1.071691e+00 1.366021e-01 9.485778e-01
 1.060425e+00 5.291451e-02 1.052428e+00
 1.041563e+00 -1.532318e-01 1.382859e+00
 9.301217e-01 -3.935413e-01 1.637271e+00
 7.648848e-01 -6.188406e-01 1.782598e+00
 5.496263e-01 -8.326244e-01 1.838000e+00
 2.941334e-01 -1.017920e+00 1.802343e+00
 1.190240e-02 -1.137077e+00 1.693215e+00
 -2.374075e-01 -1.167805e+00 1.543647e+00
 -5.649483e-01 -1.165012e+00 1.185364e+00
 -8.494587e-01 -1.312370e+00 9.851466e-01
 -9.932300e-01 -1.516109e+00 8.199472e-01
 -1.038243e+00 -1.776882e+00 5.886511e-01
 -9.487009e-01 -2.032773e+00 3.130020e-01
 -7.748237e-01 -2.177630e+00 5.703643e-02
 -5.386859e-01 -2.215911e+00 -1.943965e-01
 -2.539135e-01 -2.134796e+00 -4.173966e-01
 3.455666e-02 -1.959882e+00 -5.537675e-01
 3.039857e-01 -1.710814e+00 -5.845486e-01
 5.127185e-01 -1.420823e+00 -5.057287e-01
 7.560056e-01 -6.906604e-01 -1.451492e-01
 1.119322e+00 -4.688125e-01 7.757310e-03
 1.768853e+00 -3.643788e-01 3.391534e-01
 2.060869e+00 -1.334344e-01 7.521894e-01
 2.080980e+00 2.226352e-01 1.182792e+00
 1.820522e+00 5.959700e-01 1.506274e+00
 1.348876e+00 8.600773e-01 1.643594e+00
 8.097596e-01 9.533707e-01 1.546103e+00
 3.677693e-01 8.641567e-01 1.240870e+00
 1.457595e-01 6.628331e-01 7.789525e-01
 1.985631e-01 3.785934e-01 3.485614e-01
 5.285665e-01 3.527341e-01 -1.102718e-01
 1.302471e+00 5.908766e-01 -6.874108e-01
 1.596025e+00 5.091639e-01 -1.120923e+00
 1.685804e+00 2.490425e-01 -1.574555e+00
 1.545597e+00 -1.318621e-01 -1.935803e+00
 1.241134e+00 -5.224983e-01 -2.079178e+00
 8.065367e-01 -8.296624e-01 -1.991757e+00
 3.715873e-01 -9.445436e-01 -1.714163e+00
 5.444008e-02 -8.584938e-01 -1.299595e+00
 -1.984699e-01 -2.940303e-01 -3.935526e-01
 -1.385532e+00 1.178906e-01 -3.626503e-02
 -1.693196e+00 2.538065e-01 2.457313e-01
 -1.849826e+00 3.707563e-01 6.351834e-01
 -1.824069e+00 4.692803e-01 1.069433e+00
 -1.624157e+00 5.476009e-01 1.430761e+00
 -1.270236e+00 5.535377e-01 1.703826e+00
 -8.537224e-01 4.306134e-01 1.831812e+00
 -4.643771e-01 2.296343e-01 1.784423e+00
 -1.524605e-01 8.806107e-03 1.564779e+00
 1.344491e-01 -4.047318e-01 9.759980e-01
 3.238389e-01 -6.552464e-01 8.408478e-01
 7.090565e-01 -1.024289e+00 8.119085e-01
 8.858318e-01 -1.184253e+00 7.387150e-01
 1.066791e+00 -1.312283e+00 6.119995e-01
 1.239097e+00 -1.395385e+00 4.412809e-01
