 1.566811e-01 1.510427e+00 1.272580e+00
 -1.586111e-01 1.593643e+00 9.954226e-01
 -4.210786e-01 1.908777e+00 7.035120e-01
 -5.595614e-01 2.044430e+00 4.030356e-01
 -7.404982e-01 2.042736e+00 4.010200e-02
 -9.233879e-01 1.885805e+00 -2.855589e-01
 -1.057784e+00 1.600986e+00 -5.282947e-01
 -1.100125e+00 1.225566e+00 -6.680831e-01
 -1.043051e+00 8.055085e-01 -6.761460e-01
 -8.789599e-01 4.107850e-01 -5.453510e-01
 -6.260134e-01 1.118115e-01 -2.824065e-01
 -5.587227e-01 -1.535786e-02 -1.732429e-01
 -5.146607e-01 -1.570877e-01 -8.492687e-02
 -5.010843e-01 -3.103805e-01 -2.767274e-03
 -6.006448e-01 -1.289695e+00 5.469884e-01
 -5.937788e-01 -1.729647e+00 5.789066e-01
 -6.188070e-01 -2.162650e+00 4.111407e-01
 -6.737084e-01 -2.477054e+00 7.641026e-02
 -7.521172e-01 -2.610076e+00 -3.577497e-01
 -8.178927e-01 -2.537018e+00 -8.040277e-01
 -8.887560e-01 -2.270697e+00 -1.174781e+00
 -9.701765e-01 -1.921697e+00 -1.348932e+00
 -1.110315e+00 -1.693572e+00 -1.374935e+00
 -1.298331e+00 -1.489712e+00 -1.463961e+00
 -1.394036e+00 -1.128267e+00 -1.703370e+00
 -1.273641e+00 -6.693617e-01 -1.874788e+00
 -9.791481e-01 -2.556747e-01 -1.871206e+00
 -5.914771e-01 1.714604e-02 -1.679791e+00
 -1.919069e-01 7.162115e-02 -1.357270e+00
 1.181344e-01 -1.073557e-01 -9.834472e-01
 3.077360e-01 -6.107756e-01 -5.162430e-01
 3.511407e-01 -7.747386e-01 -3.076195e-01
 3.723689e-01 -1.249251e+00 1.337346e-01
 4.038244e-01 -1.410336e+00 5.336871e-01
 4.792274e-01 -1.395220e+00 9.570402e-01
 6.237749e-01 -1.223958e+00 1.317483e+00
 7.548605e-01 -9.294941e-01 1.551529e+00
 8.214571e-01 -5.000066e-01 1.672419e+00
 8.173988e-01 -7.583570e-02 1.621759e+00
 7.653484e-01 2.882057e-01 1.410543e+00
 6.229760e-01 8.573736e-01 6.166806e-01
 6.171970e-01 1.139082e+00 4.249788e-01
 6.233666e-01 1.481078e+00 3.475718e-01
 6.371232e-01 1.806515e+00 3.727968e-01
 5.847580e-01 2.207226e+00 5.954984e-01
 4.594982e-01 2.442795e+00 8.896205e-01
 2.361103e-01 2.545407e+00 1.217775e+00
 -7.321284e-02 2.496005e+00 1.520932e+00
 -3.665609e-01 2.283419e+00 1.747654e+00
 -5.963278e-01 1.947607e+00 1.865372e+00
 -7.288958e-01 1.549205e+00 1.853968e+00
 -7.478297e-01 1.159821e+00 1.716542e+00
 -6.369077e-01 6.453018e-01 1.293180e+00
 -7.130023e-01 3.391410e-01 9.955679e-01
 -8.489980e-01 1.914175e-01 8.443451e-01
 -1.241424e+00 1.333544e-02 6.191661e-01
 -1.449175e+00 -1.234590e-01 3.338187e-01
 -1.524212e+00 -3.078696e-01 -1.242861e-02
 -1.443475e+00 -4.977977e-01 -3.503655e-01
 -1.236940e+00 -6.200676e-01 -6.427304e-01
 -8.015183e-01 -7.080755e-01 -9.390715e-01
 -5.597851e-01 -8.699540e-01 -1.139616e+00
 -3.904514e-01 -9.745888e-01 -1.392597e+00
 -3.457786e-01 -1.133961e+00 -1.765352e+00
 -4.744160e-01 -1.378988e+00 -2.114559e+00
 -7.396868e-01 -1.661836e+00 -2.332150e+00
 -1.086247e+00 -1.937122e+00 -2.376713e+00
 -1.439030e+00 -2.164358e+00 -2.235303e+00
 -1.729960e+00 -2.305743e+00 -1.932415e+00
 -1.906425e+00 -2.331689e+00 -1.522480e+00
 -1.927631e+00 -2.241863e+00 -1.080347e+00
 -1.782670e+00 -2.059834e+00 -6.933483e-01
 -1.486328e+00 -1.833697e+00 -4.299602e-01
 -1.106608e+00 -1.634501e+00 -3.553095e-01
 -7.888257e-01 -1.571594e+00 -4.166026e-01
 -4.283686e-01 -1.624434e+00 -4.825054e-01
 3.062399e-02 -1.690917e+00 -7.626459e-01
 3.599664e-01 -1.632152e+00 -8.967072e-01
 7.058122e-01 -1.486359e+00 -9.474155e-01
 1.023189e+00 -1.246948e+00 -9.129844e-01
 1.235116e+00 -9.434151e-01 -8.034617e-01
 1.319564e+00 -6.058441e-01 -6.403532e-01
 1.238165e+00 -7.730962e-02 -2.854215e-01
 1.287097e+00 1.961353e-01 3.249125e-02
 1.339956e+00 2.691529e-01 1.947619e-01
 1.536187e+00 3.173821e-01 5.069295e-01
 1.877541e+00 4.172416e-01 6.942920e-01
 2.234150e+00 6.071123e-01 7.337978e-01
 2.513427e+00 9.260230e-01 6.534998e-01
 2.638752e+00 1.297882e+00 5.005114e-01
 2.592207e+00 1.685584e+00 2.910418e-01
 2.386183e+00 1.982358e+00 3.894284e-02
 2.056516e+00 2.136665e+00 -2.118896e-01
 1.659718e+00 2.121807e+00 -4.090200e-01
 7.277432e-01 1.703004e+00 -6.401150e-01
 4.868161e-01 1.578885e+00 -6.454725e-01
 2.833735e-01 1.467530e+00 -5.998952e-01
 1.000479e-01 1.357855e+00 -5.038173e-01
 -7.077802e-02 1.243780e+00 -3.465622e-01
 -4.597444e-01 1.020425e+00 1.679456e-01
 -1.091461e+00 1.084482e+00 3.997710e-01
 -1.424202e+00 1.058684e+00 7.357035e-01
 -1.635909e+00 8.565186e-01 1.094143e+00
 -1.666633e+00 5.577705e-01 1.404210e+00
 -1.521747e+00 1.975660e-01 1.638487e+00
 -1.211952e+00 -1.771363e-01 1.740154e+00
 -8.288133e-01 -4.330875e-01 1.671077e+00
 -4.354318e-01 -5.433239e-01 1.450203e+00
 2.810780e-01 -4.002939e-01 7.697547e-01
 6.778069e-01 -4.069427e-01 6.537492e-01
 1.172382e+00 -6.618979e-01 6.006195e-01
 1.574586e+00 -7.150715e-01 4.589893e-01
 1.938409e+00 -5.977493e-01 2.796976e-01
 2.188036e+00 -3.369133e-01 4.265464e-02
 2.281105e+00 3.312720e-03 -1.625412e-01
 2.229735e+00 4.402181e-01 -2.859530e-01
 2.058834e+00 8.426525e-01 -2.639850e-01
 1.823438e+00 1.114062e+00 -1.071510e-01
 1.646007e+00 1.269972e+00 1.633017e-01
 1.593168e+00 1.476103e+00 7.136929e-01
 1.267287e+00 1.524846e+00 1.179402e+00
 6.686336e-01 1.554530e+00 1.412560e+00
