 -1.059794e+00 1.014474e+00 4.115898e-02
 -1.058099e+00 5.940463e-01 2.593123e-01
 -1.461827e+00 8.473686e-02 7.563242e-01
 -1.573902e+00 -3.452754e-01 9.434047e-01
 -1.529165e+00 -7.968476e-01 9.976960e-01
 -1.335457e+00 -1.176889e+00 9.381884e-01
 -1.011917e+00 -1.446262e+00 7.660207e-01
 -6.676357e-01 -1.550115e+00 4.661815e-01
 -3.719222e-01 -1.454806e+00 1.736199e-01
 -1.513592e-01 -1.408393e+00 5.177174e-02
 1.708052e-01 -1.470226e+00 -9.202635e-02
 6.106638e-01 -1.547851e+00 -3.847530e-02
 1.032811e+00 -1.508109e+00 2.271640e-01
 1.293184e+00 -1.326873e+00 5.565688e-01
 1.394181e+00 -9.802606e-01 8.701954e-01
 1.275191e+00 -5.493418e-01 1.128185e+00
 9.416982e-01 -1.787124e-01 1.264932e+00
 1.695028e-01 1.939516e-01 1.225576e+00
 -7.264572e-02 3.241293e-01 1.338343e+00
 -2.789202e-01 4.594119e-01 1.595247e+00
 -3.699942e-01 7.705636e-01 1.944011e+00
 -2.520901e-01 1.103934e+00 2.240322e+00
 3.868558e-02 1.427344e+00 2.413698e+00
 4.360323e-01 1.659955e+00 2.428584e+00
 8.275150e-01 1.790929e+00 2.271708e+00
 1.146600e+00 1.813828e+00 1.972900e+00
 1.353962e+00 1.703754e+00 1.602624e+00
 1.409478e+00 1.488181e+00 1.229097e+00
 1.303987e+00 1.213320e+00 9.140868e-01
 6.549191e-01 5.091216e-01 3.688985e-01
 2.389514e-01 3.560288e-01 1.861735e-01
 3.250889e-02 3.607678e-01 6.287747e-02
 -1.162750e-01 4.453743e-01 -9.760351e-02
 -2.920593e-01 7.349007e-01 -5.505047e-01
 -6.013168e-01 9.957890e-01 -1.209475e+00
 -6.658879e-01 1.019859e+00 -1.603181e+00
 -6.181684e-01 9.368209e-01 -1.990788e+00
 -4.633735e-01 7.647641e-01 -2.311663e+00
 -2.411377e-01 5.177663e-01 -2.517631e+00
 1.271806e-02 2.185535e-01 -2.580369e+00
 2.750058e-01 -7.203326e-02 -2.487262e+00
 5.239282e-01 -2.870821e-01 -2.251338e+00
 7.106353e-01 -3.589448e-01 -1.963017e+00
 8.673266e-01 -2.938941e-01 -1.724340e+00
 1.032245e+00 -2.310147e-01 -1.590902e+00
 1.233363e+00 -2.430994e-01 -1.433318e+00
 1.385467e+00 -3.012498e-01 -1.212346e+00
 1.464489e+00 -3.744623e-01 -9.270632e-01
 1.448750e+00 -4.322033e-01 -6.132559e-01
 1.337485e+00 -4.599002e-01 -3.129691e-01
 1.134801e+00 -4.735344e-01 -5.637289e-02
 7.751714e-01 -5.096176e-01 1.859782e-01
 5.426848e-01 -6.082666e-01 3.946960e-01
 4.164045e-01 -7.357844e-01 5.697870e-01
 3.796639e-01 -8.637431e-01 7.180067e-01
 3.476012e-01 -1.077972e+00 8.721612e-01
 3.081829e-01 -1.388296e+00 9.548628e-01
 2.717393e-01 -1.705245e+00 9.271518e-01
 2.219892e-01 -2.003148e+00 7.989351e-01
 1.318695e-01 -2.230805e+00 6.003615e-01
 2.009400e-03 -2.382079e+00 3.489520e-01
 -1.376218e-01 -2.436954e+00 6.991300e-02
 -2.778303e-01 -2.391135e+00 -2.124117e-01
 -4.081894e-01 -2.246220e+00 -4.714013e-01
 -5.026515e-01 -2.015464e+00 -6.842801e-01
 -5.531530e-01 -1.722061e+00 -8.251484e-01
 -5.575371e-01 -1.396836e+00 -8.763932e-01
 -5.046122e-01 -7.970078e-01 -7.850286e-01
 -5.715651e-01 -3.878932e-01 -7.378188e-01
 -6.745201e-01 -2.209193e-01 -7.200756e-01
 -9.930636e-01 1.591174e-02 -6.905765e-01
 -1.583761e+00 2.614726e-01 -5.422975e-01
 -1.820588e+00 4.059725e-01 -3.932520e-01
 -1.986475e+00 5.797829e-01 -1.885781e-01
 -2.064612e+00 7.689364e-01 4.674167e-02
 -2.051854e+00 9.414142e-01 2.928069e-01
 -1.954514e+00 1.079820e+00 5.368635e-01
 -1.778407e+00 1.179912e+00 7.554216e-01
 -1.540217e+00 1.225927e+00 9.334898e-01
 -1.256810e+00 1.232979e+00 1.045025e+00
 -9.599217e-01 1.213892e+00 1.070876e+00
 -6.733683e-01 1.178504e+00 1.009042e+00
 -4.646326e-01 1.151036e+00 8.826670e-01
 -3.348908e-01 1.135889e+00 7.603022e-01
 -1.986610e-01 1.178246e+00 6.207437e-01
 2.595970e-02 1.342081e+00 3.715674e-01
 1.698701e-01 1.397530e+00 1.668192e-01
 3.635852e-01 1.384507e+00 -7.152653e-02
 5.243027e-01 1.290877e+00 -2.647827e-01
 6.488160e-01 1.126428e+00 -4.370695e-01
 7.253111e-01 9.027507e-01 -5.734673e-01
 7.454808e-01 6.271256e-01 -6.675899e-01
 6.934757e-01 3.258286e-01 -7.191900e-01
 4.211979e-01 -2.592766e-01 -7.582199e-01
 4.903148e-01 -6.998781e-01 -8.638632e-01
 6.619484e-01 -1.003480e+00 -1.018258e+00
 9.031969e-01 -1.202253e+00 -1.260946e+00
 1.158281e+00 -1.255961e+00 -1.552514e+00
 1.386074e+00 -1.163309e+00 -1.851876e+00
 1.557258e+00 -9.394164e-01 -2.115264e+00
 1.643951e+00 -6.216729e-01 -2.309941e+00
 1.625687e+00 -2.620679e-01 -2.418973e+00
 1.503414e+00 8.844428e-02 -2.436498e+00
 1.300175e+00 3.879677e-01 -2.356658e+00
 1.042930e+00 5.966283e-01 -2.193241e+00
 7.506388e-01 6.854343e-01 -1.976471e+00
 4.575790e-01 6.371527e-01 -1.757358e+00
 2.262409e-01 4.787361e-01 -1.601660e+00
 2.097081e-02 2.637777e-01 -1.553632e+00
 -1.729988e-01 1.099381e-01 -1.576073e+00
 -5.687600e-01 -1.493573e-01 -1.735105e+00
 -9.010380e-01 -3.648105e-01 -1.708042e+00
 -1.236819e+00 -5.929720e-01 -1.506587e+00
 -1.454363e+00 -7.582815e-01 -1.184757e+00
 -1.530297e+00 -8.542664e-01 -7.870971e-01
 -1.450700e+00 -8.607466e-01 -3.881345e-01
 -1.232412e+00 -7.472834e-01 -2.084630e-02
 -8.174665e-01 -5.438526e-01 2.625520e-01
 -6.993072e-01 -5.174710e-01 4.104674e-01
 -5.717812e-01 -5.124568e-01 7.331421e-01
 -5.309376e-01 -5.389935e-01 9.890720e-01
 -4.277968e-01 -6.304198e-01 1.356670e+00
 -2.899971e-01 -6.288611e-01 1.630858e+00
 -1.182102e-01 -5.417120e-01 1.878648e+00
 9.049938e-02 -3.547225e-01 2.094185e+00
 2.533957e-01 -1.437831e-01 2.211471e+00
 4.136087e-01 1.082772e-01 2.249465e+00
 5.539671e-01 3.589183e-01 2.198182e+00
 6.400261e-01 6.033756e-01 2.070352e+00
 6.691941e-01 8.028029e-01 1.888354e+00
 6.220831e-01 9.775731e-01 1.679209e+00
 5.029327e-01 1.131489e+00 1.543949e+00
 4.211216e-01 1.293180e+00 1.465611e+00
 2.100589e-01 1.803989e+00 1.341236e+00
 -1.530498e-01 2.118576e+00 1.071912e+00
 -5.341869e-01 2.168879e+00 7.051446e-01
 -8.328229e-01 1.955680e+00 3.337202e-01
 -1.012409e+00 1.514184e+00 7.456198e-02
