 -6.971296e-01 -2.090921e+00 6.154480e-01
 -5.834884e-01 -2.053717e+00 8.412509e-01
 -4.306994e-01 -1.955060e+00 1.048549e+00
 -2.506299e-01 -1.810326e+00 1.203548e+00
 -6.552860e-02 -1.620271e+00 1.297189e+00
 1.091304e-01 -1.390286e+00 1.324002e+00
 2.622390e-01 -1.142731e+00 1.275589e+00
 4.521611e-01 -7.834728e-01 1.086826e+00
 6.288361e-01 -5.465376e-01 1.028242e+00
 8.230937e-01 -3.887212e-01 1.040434e+00
 9.274203e-01 -2.754896e-01 1.087085e+00
 1.019817e+00 -9.175604e-02 1.166619e+00
 1.066979e+00 1.448832e-01 1.260798e+00
 1.059147e+00 3.431260e-01 1.320626e+00
 1.005324e+00 5.610385e-01 1.353381e+00
 9.102553e-01 7.861390e-01 1.344564e+00
 7.664101e-01 9.953947e-01 1.301394e+00
 5.940611e-01 1.156555e+00 1.231080e+00
 3.962406e-01 1.270709e+00 1.132018e+00
 1.844335e-01 1.328946e+00 1.010502e+00
 -2.762779e-01 1.321595e+00 7.253206e-01
 -5.739354e-01 1.428123e+00 5.867154e-01
 -8.253693e-01 1.602822e+00 5.283554e-01
 -1.024122e+00 1.938498e+00 4.472540e-01
 -1.071772e+00 2.325578e+00 3.638434e-01
 -9.572882e-01 2.710462e+00 2.586570e-01
 -6.956426e-01 3.013116e+00 1.396456e-01
 -3.298063e-01 3.178321e+00 1.055135e-02
 8.073888e-02 3.173388e+00 -1.012160e-01
 4.656743e-01 2.993393e+00 -1.769634e-01
 7.539294e-01 2.665680e+00 -2.002542e-01
 8.814212e-01 2.251448e+00 -1.915427e-01
 8.280698e-01 1.829530e+00 -1.595153e-01
 5.975427e-01 1.460622e+00 -1.284998e-01
 2.548132e-01 1.245030e+00 -1.361231e-01
 -5.123296e-02 1.158352e+00 -2.494812e-01
 -3.513939e-01 1.171424e+00 -3.599217e-01
 -6.905524e-01 1.107150e+00 -4.172258e-01
 -1.009415e+00 9.026444e-01 -5.011554e-01
 -1.212628e+00 5.976570e-01 -5.663062e-01
 -1.282531e+00 2.196104e-01 -5.965653e-01
 -1.188921e+00 -2.181224e-01 -5.870144e-01
 -9.965585e-01 -5.217770e-01 -5.549886e-01
 -6.806616e-01 -7.587938e-01 -5.239362e-01
 -4.972558e-01 -9.532391e-01 -5.500351e-01
 -3.617076e-01 -1.181285e+00 -6.216032e-01
 -2.996560e-01 -1.476533e+00 -7.496819e-01
 -3.825140e-01 -1.861917e+00 -8.534973e-01
 -6.192939e-01 -2.224842e+00 -8.721923e-01
 -9.402539e-01 -2.486081e+00 -7.610716e-01
 -1.279497e+00 -2.610616e+00 -5.374552e-01
 -1.576192e+00 -2.583540e+00 -2.240798e-01
 -1.782534e+00 -2.394256e+00 1.179805e-01
 -1.836677e+00 -2.087177e+00 4.429701e-01
 -1.710055e+00 -1.726834e+00 6.944818e-01
 -1.425877e+00 -1.377935e+00 8.094994e-01
 -1.029171e+00 -1.127228e+00 7.693711e-01
 -5.939214e-01 -1.047802e+00 5.970836e-01
 -2.182965e-01 -1.175486e+00 3.874417e-01
 2.971860e-01 -1.802240e+00 1.542759e-01
 7.840017e-01 -1.970684e+00 -1.140772e-01
 1.265278e+00 -1.844675e+00 -3.498654e-01
 1.590237e+00 -1.482044e+00 -5.080477e-01
 1.677148e+00 -9.047889e-01 -6.572416e-01
 1.461430e+00 -3.636070e-01 -6.874664e-01
 1.104514e+00 -7.587708e-02 -6.148432e-01
 8.706623e-01 1.069851e-01 -6.267971e-01
 7.744580e-01 2.409024e-01 -6.640083e-01
 6.958611e-01 4.889578e-01 -7.598574e-01
 6.683869e-01 5.687998e-01 -8.090797e-01
 5.698496e-01 9.448758e-01 -1.058229e+00
 4.511133e-01 1.258969e+00 -1.143536e+00
 3.076209e-01 1.570505e+00 -1.115705e+00
 1.547609e-01 1.843050e+00 -9.783849e-01
 -6.159754e-04 2.067986e+00 -7.246843e-01
 -1.181333e-01 2.167032e+00 -4.231379e-01
 -1.581645e-01 2.172916e+00 -1.128612e-01
 -9.206843e-02 2.180818e+00 1.146842e-01
 -3.136784e-02 2.253271e+00 3.487089e-01
 -8.875353e-02 2.337950e+00 6.744671e-01
 -2.744286e-01 2.304485e+00 1.063232e+00
 -5.125331e-01 2.095132e+00 1.377512e+00
 -7.330086e-01 1.762697e+00 1.552212e+00
 -9.033778e-01 1.357508e+00 1.562418e+00
 -9.931836e-01 9.537576e-01 1.400006e+00
 -9.857933e-01 6.308484e-01 1.090244e+00
 -7.735584e-01 3.080890e-01 4.037351e-01
 -3.176439e-01 1.640407e-01 -1.760032e-01
 -2.376554e-01 1.717316e-01 -5.331708e-01
 -3.699943e-01 4.067516e-01 -1.294343e+00
 -3.279753e-01 3.364691e-01 -1.800924e+00
 -1.580736e-01 6.285251e-02 -2.213881e+00
 5.421813e-02 -3.239850e-01 -2.414084e+00
 2.773243e-01 -7.426633e-01 -2.382240e+00
 5.120128e-01 -1.118724e+00 -2.109030e+00
 6.633105e-01 -1.320912e+00 -1.687535e+00
 7.007391e-01 -1.329569e+00 -1.200372e+00
 6.307584e-01 -1.047253e+00 -5.840722e-01
 7.062121e-01 -9.337663e-01 -2.487966e-01
 8.826947e-01 -9.150624e-01 3.129229e-02
 1.271638e+00 -1.181936e+00 5.331543e-01
 1.374774e+00 -1.267399e+00 1.002848e+00
 1.328300e+00 -1.170674e+00 1.487857e+00
 1.120911e+00 -9.271109e-01 1.871077e+00
 7.814652e-01 -5.930625e-01 2.057726e+00
 4.150871e-01 -2.360265e-01 1.992040e+00
 1.332392e-01 6.672076e-02 1.694114e+00
 3.081578e-02 2.666890e-01 1.244331e+00
 1.238688e-01 3.252837e-01 8.800202e-01
 3.638010e-01 3.992932e-01 5.505204e-01
 1.302309e+00 7.147615e-01 9.363243e-02
 1.604063e+00 8.049934e-01 -3.660023e-01
 1.692640e+00 7.316121e-01 -8.752604e-01
 1.560063e+00 5.225418e-01 -1.324525e+00
 1.241963e+00 2.230694e-01 -1.599480e+00
 8.169136e-01 -9.769235e-02 -1.639514e+00
 2.957166e-01 -3.920208e-01 -1.394137e+00
 5.296631e-02 -5.389274e-01 -1.381928e+00
 -4.546529e-01 -7.720771e-01 -1.562774e+00
 -8.041475e-01 -9.874177e-01 -1.532279e+00
 -1.098218e+00 -1.223379e+00 -1.343947e+00
 -1.297117e+00 -1.412334e+00 -1.026126e+00
 -1.344511e+00 -1.526347e+00 -6.458784e-01
 -1.233491e+00 -1.608935e+00 -2.942407e-01
 -1.039564e+00 -1.710663e+00 -8.432169e-02
 -9.112431e-01 -1.847665e+00 3.897824e-02
 -8.361100e-01 -1.995581e+00 2.218459e-01
 -7.841838e-01 -2.065730e+00 3.937626e-01
