 9.357486e-01 1.835837e+00 -7.341459e-01
 8.125087e-01 1.954383e+00 -3.562005e-01
 5.853724e-01 1.890700e+00 1.108716e-01
 3.882781e-01 1.990487e+00 3.614576e-01
 9.352910e-02 2.130535e+00 5.091390e-01
 -3.199704e-01 2.226996e+00 5.289437e-01
 -7.270615e-01 2.231537e+00 3.966587e-01
 -1.054681e+00 2.102362e+00 1.626339e-01
 -1.271620e+00 1.817524e+00 -1.000807e-01
 -1.312830e+00 1.454769e+00 -3.517178e-01
 -1.162636e+00 1.096126e+00 -5.755583e-01
 -8.718847e-01 8.020359e-01 -6.880393e-01
 -7.593372e-01 6.216774e-01 -7.424944e-01
 -7.011535e-01 4.535909e-01 -8.166837e-01
 -6.840106e-01 2.223852e-01 -8.939620e-01
 -7.147812e-01 2.368275e-02 -9.613789e-01
 -1.027340e+00 -7.941798e-01 -1.194981e+00
 -1.126924e+00 -1.132608e+00 -1.174236e+00
 -1.188532e+00 -1.442889e+00 -1.046421e+00
 -1.199191e+00 -1.697179e+00 -8.351781e-01
 -1.168714e+00 -1.856505e+00 -5.838941e-01
 -1.145627e+00 -1.913707e+00 -2.824445e-01
 -1.206528e+00 -1.915797e+00 -6.015664e-02
 -1.295573e+00 -1.981869e+00 1.727646e-01
 -1.295396e+00 -2.124760e+00 4.577330e-01
 -1.153773e+00 -2.260910e+00 7.777613e-01
 -8.980513e-01 -2.329798e+00 1.046314e+00
 -5.634446e-01 -2.314473e+00 1.233930e+00
 -2.006381e-01 -2.204861e+00 1.314029e+00
 1.236574e-01 -2.015603e+00 1.280066e+00
 3.638509e-01 -1.752665e+00 1.155542e+00
 4.910630e-01 -1.447155e+00 9.426248e-01
 4.880517e-01 -1.178290e+00 6.656294e-01
 2.789916e-01 -8.267573e-01 2.863484e-01
 2.662533e-01 -6.147003e-01 3.403752e-02
 3.334506e-01 -5.210666e-01 -2.054711e-01
 4.564350e-01 -4.757819e-01 -4.606282e-01
 6.396841e-01 -4.919595e-01 -7.203909e-01
 1.217861e+00 -6.236436e-01 -1.188194e+00
 1.662904e+00 -5.074287e-01 -1.382408e+00
 2.060230e+00 -2.057979e-01 -1.427412e+00
 2.315025e+00 2.107369e-01 -1.311332e+00
 2.365921e+00 6.433647e-01 -1.060940e+00
 2.196554e+00 1.003651e+00 -7.053354e-01
 1.860372e+00 1.143738e+00 -3.535052e-01
 1.407256e+00 1.108856e+00 -1.431618e-01
 9.437115e-01 9.475048e-01 -1.512827e-01
 4.925065e-01 9.027902e-01 -4.805411e-01
 -7.798100e-02 1.042047e+00 -1.394036e+00
 -4.767111e-01 1.006838e+00 -1.658964e+00
 -9.314309e-01 8.679309e-01 -1.732846e+00
 -1.341591e+00 6.529271e-01 -1.599346e+00
 -1.629293e+00 4.105196e-01 -1.272225e+00
 -1.716784e+00 2.179801e-01 -8.332154e-01
 -1.571032e+00 1.083613e-01 -3.685270e-01
 -1.252294e+00 7.813124e-02 -2.437258e-02
 -8.404557e-01 3.860036e-02 1.031534e-01
 -1.773085e-02 3.423431e-01 1.837094e-01
 2.722094e-01 6.017161e-01 5.392600e-01
 3.560308e-01 7.772532e-01 1.082736e+00
 2.716446e-01 6.350877e-01 1.671832e+00
 7.132031e-02 2.094348e-01 2.057327e+00
 -1.688994e-01 -3.812578e-01 2.109834e+00
 -3.737795e-01 -8.753902e-01 1.817493e+00
 -5.316465e-01 -1.301908e+00 9.499615e-01
 -5.127824e-01 -1.427776e+00 7.267253e-01
 -4.450257e-01 -1.568450e+00 5.381885e-01
 -3.128249e-01 -1.782151e+00 3.867782e-01
 -2.608346e-01 -2.066086e+00 2.865699e-01
 -3.463964e-01 -2.415697e+00 1.579516e-01
 -5.675289e-01 -2.707047e+00 2.753286e-02
 -8.861264e-01 -2.888814e+00 -9.735903e-02
 -1.259364e+00 -2.929857e+00 -2.209444e-01
 -1.628510e+00 -2.816036e+00 -3.262651e-01
 -1.937939e+00 -2.558423e+00 -3.894907e-01
 -2.132756e+00 -2.190796e+00 -4.020995e-01
 -2.170558e+00 -1.769270e+00 -3.718165e-01
 -2.033933e+00 -1.368797e+00 -3.099900e-01
 -1.739749e+00 -1.059434e+00 -2.388542e-01
 -1.358484e+00 -9.120933e-01 -1.731601e-01
 -7.977608e-01 -9.193500e-01 -1.964706e-01
 -2.800378e-01 -1.288411e+00 -4.952382e-01
 3.903633e-02 -1.457390e+00 -5.160288e-01
 4.743831e-01 -1.509810e+00 -4.565257e-01
 8.767747e-01 -1.403873e+00 -3.198746e-01
 1.124301e+00 -1.214855e+00 -1.843100e-01
 1.266825e+00 -9.285730e-01 -2.669789e-02
 1.275897e+00 -5.643123e-01 1.886680e-01
 1.211817e+00 -3.921130e-01 2.896443e-01
 1.135987e+00 -1.610681e-01 3.389726e-01
 1.161142e+00 1.020074e-01 4.237719e-01
 1.300727e+00 5.112898e-01 7.128987e-01
 1.335275e+00 8.100334e-01 8.316333e-01
 1.349115e+00 1.129139e+00 8.665968e-01
 1.377710e+00 2.123315e+00 6.953680e-01
 1.319421e+00 2.398099e+00 5.926759e-01
 1.193331e+00 2.632175e+00 4.531435e-01
 1.006857e+00 2.806246e+00 2.905004e-01
 7.729981e-01 2.904408e+00 1.213322e-01
 5.096439e-01 2.914168e+00 -4.939856e-02
 2.601931e-01 2.829764e+00 -2.168030e-01
 5.236411e-02 2.662105e+00 -3.616241e-01
 -1.174057e-01 2.419601e+00 -4.597308e-01
 -2.207279e-01 2.124709e+00 -4.920907e-01
 -2.660164e-01 1.841375e+00 -4.390341e-01
 -2.905189e-01 1.599787e+00 -3.079855e-01
 -3.106460e-01 1.408766e+00 -9.119189e-02
 -4.088634e-01 1.296330e+00 1.088523e-01
 -5.550956e-01 1.214616e+00 3.554570e-01
 -6.331999e-01 1.098708e+00 5.772285e-01
 -6.771682e-01 8.986749e-01 8.229937e-01
 -6.762913e-01 6.759363e-01 9.928473e-01
 -6.238251e-01 4.428509e-01 1.099666e+00
 -5.325038e-01 2.181239e-01 1.144932e+00
 -4.011779e-01 3.576138e-02 1.137756e+00
 -1.686734e-01 -1.521336e-01 1.085676e+00
 1.349862e-02 -2.306165e-01 1.084817e+00
 1.155390e+00 -3.895808e-01 1.356257e+00
 1.715081e+00 -3.654208e-01 1.192914e+00
 2.076537e+00 -2.253660e-01 8.333390e-01
 2.189541e+00 -4.607752e-02 3.320236e-01
 2.027528e+00 5.071464e-02 -1.680147e-01
 1.557569e+00 1.672960e-01 -5.775558e-01
 1.366166e+00 3.715247e-01 -8.927278e-01
 1.291734e+00 7.198834e-01 -1.132825e+00
 1.231594e+00 1.146533e+00 -1.182021e+00
 1.113193e+00 1.540233e+00 -1.037663e+00
