 -1.472323e-02 -1.722676e+00 -1.936560e+00
 6.581050e-02 -1.358999e+00 -1.963930e+00
 2.115720e-01 -1.107450e+00 -1.903389e+00
 5.215231e-01 -9.155020e-01 -1.859867e+00
 7.115866e-01 -8.054693e-01 -1.730337e+00
 8.840827e-01 -5.986318e-01 -1.510116e+00
 9.627009e-01 -3.257469e-01 -1.297537e+00
 9.402034e-01 1.841900e-02 -1.112940e+00
 8.754868e-01 2.373038e-01 -1.052801e+00
 7.906083e-01 7.003425e-01 -9.206300e-01
 2.295910e-01 1.529215e+00 -3.302369e-01
 1.759612e-02 1.707843e+00 -3.270840e-02
 -1.783683e-01 1.756711e+00 3.240031e-01
 -4.079188e-01 1.627986e+00 8.345287e-01
 -4.869903e-01 1.627368e+00 1.047299e+00
 -5.514348e-01 1.672617e+00 1.219354e+00
 -6.694463e-01 1.711343e+00 1.369815e+00
 -8.946539e-01 1.689585e+00 1.581804e+00
 -1.130361e+00 1.585396e+00 1.750789e+00
 -1.336455e+00 1.400861e+00 1.876906e+00
 -1.499400e+00 1.147881e+00 1.947608e+00
 -1.589681e+00 8.382005e-01 1.975234e+00
 -1.586865e+00 5.095531e-01 1.955952e+00
 -1.493726e+00 1.910402e-01 1.871009e+00
 -1.321638e+00 -7.365032e-02 1.719712e+00
 -1.085791e+00 -2.487485e-01 1.520003e+00
 -8.097221e-01 -3.094236e-01 1.300133e+00
 -2.029829e-01 -1.763514e-01 8.652307e-01
 -6.166756e-02 -1.655220e-01 7.807325e-01
 1.674826e-01 -1.766008e-01 6.909118e-01
 5.629608e-01 -1.500305e-01 6.637418e-01
 8.656740e-01 -1.097944e-01 5.675966e-01
 1.087275e+00 -7.347650e-02 4.118635e-01
 1.818684e+00 3.571538e-01 -6.600471e-01
 1.871922e+00 4.870321e-01 -1.110878e+00
 1.717543e+00 5.570471e-01 -1.551041e+00
 1.388242e+00 5.476376e-01 -1.890119e+00
 9.539524e-01 4.595741e-01 -2.055469e+00
 5.079750e-01 3.109753e-01 -2.012340e+00
 1.861395e-01 1.485482e-01 -1.799380e+00
 -3.449627e-01 -5.618267e-01 -1.159052e+00
 -4.859638e-01 -7.208189e-01 -5.805901e-01
 -4.244468e-01 -8.787563e-01 -1.875208e-01
 -3.256843e-01 -1.016627e+00 1.922395e-01
 -1.151093e-01 -1.167255e+00 6.481232e-01
 2.706432e-02 -1.166709e+00 9.381734e-01
 1.800425e-01 -1.040932e+00 1.252651e+00
 3.119184e-01 -7.652947e-01 1.526718e+00
 3.837122e-01 -3.689648e-01 1.684796e+00
 3.942804e-01 8.379258e-02 1.670774e+00
 3.684817e-01 5.356263e-01 1.447045e+00
 3.393889e-01 7.364494e-01 1.395391e+00
 3.171746e-01 9.116919e-01 1.391969e+00
 3.295057e-01 1.083955e+00 1.400791e+00
 4.773166e-01 1.607901e+00 1.410699e+00
 3.937125e-01 2.094805e+00 1.314776e+00
 1.019098e-01 2.471758e+00 1.160144e+00
 -3.278995e-01 2.651806e+00 9.786080e-01
 -7.948314e-01 2.588915e+00 8.087896e-01
 -1.189498e+00 2.301730e+00 6.994234e-01
 -1.421644e+00 1.858972e+00 6.783126e-01
 -1.442208e+00 1.369567e+00 7.609832e-01
 -1.258882e+00 9.541140e-01 9.458144e-01
 -9.693999e-01 7.398010e-01 1.174246e+00
 -7.361572e-01 6.984639e-01 1.401535e+00
 -4.612310e-01 7.168652e-01 2.099437e+00
 1.736019e-01 8.650016e-01 2.449892e+00
 9.000842e-01 9.272335e-01 2.288877e+00
 1.345877e+00 9.210825e-01 1.696125e+00
 1.296801e+00 9.312161e-01 9.660729e-01
 7.919680e-01 8.975550e-01 4.367859e-01
 -2.840840e-01 7.035567e-01 3.238431e-01
 -4.793012e-01 6.121304e-01 3.001531e-01
 -6.358236e-01 4.899715e-01 2.517155e-01
 -1.398644e+00 -4.988255e-01 -9.800307e-02
 -1.470351e+00 -9.520947e-01 -2.933826e-01
 -1.305853e+00 -1.367698e+00 -5.108359e-01
 -9.467368e-01 -1.647863e+00 -7.045609e-01
 -4.816903e-01 -1.727556e+00 -8.343919e-01
 1.926111e-01 -1.510475e+00 -9.537030e-01
 5.694401e-01 -1.580286e+00 -1.074461e+00
 8.212847e-01 -1.714756e+00 -1.288614e+00
 9.745677e-01 -1.803391e+00 -1.626647e+00
 1.005206e+00 -1.799036e+00 -2.052585e+00
 9.171467e-01 -1.661853e+00 -2.449003e+00
 7.303312e-01 -1.417725e+00 -2.746002e+00
 4.639469e-01 -1.116320e+00 -2.897744e+00
 1.499654e-01 -8.200815e-01 -2.881681e+00
 -7.667039e-01 1.764108e-02 -2.284317e+00
 -9.052690e-01 3.694907e-01 -1.799644e+00
 -7.426693e-01 5.647269e-01 -1.239745e+00
 -3.623760e-01 5.130942e-01 -7.789073e-01
 2.121601e-01 -1.780573e-03 -3.230175e-01
 4.586845e-01 -3.696418e-01 -3.227161e-01
 5.973702e-01 -7.908359e-01 -2.258346e-01
 6.500662e-01 -1.405691e+00 -4.269722e-02
 6.082355e-01 -1.767394e+00 -4.701215e-02
 5.294122e-01 -2.109920e+00 -1.803176e-01
 4.268590e-01 -2.379138e+00 -4.311446e-01
 3.179263e-01 -2.532920e+00 -7.692348e-01
 2.024381e-01 -2.542826e+00 -1.160588e+00
 9.583991e-02 -2.399028e+00 -1.514029e+00
 4.300076e-03 -2.116150e+00 -1.780819e+00
