 -8.055215e-01 -2.723714e-01 -1.230133e+00
 -7.263422e-01 3.444285e-02 -1.400024e+00
 -5.976126e-01 3.024817e-01 -1.493021e+00
 5.387207e-02 1.197669e+00 -1.614545e+00
 2.915635e-01 1.508601e+00 -1.505705e+00
 4.975057e-01 1.752069e+00 -1.263230e+00
 6.214787e-01 1.905834e+00 -9.292067e-01
 6.518204e-01 1.950486e+00 -5.491041e-01
 5.803860e-01 1.882636e+00 -1.726885e-01
 4.381302e-01 1.706995e+00 1.349499e-01
 2.740597e-01 1.437516e+00 3.345003e-01
 1.158233e-01 1.036851e+00 4.364589e-01
 8.863545e-02 6.477133e-01 4.089050e-01
 2.419904e-01 2.391926e-01 3.852946e-01
 4.755876e-01 -1.133546e-02 4.290485e-01
 6.659234e-01 -2.383227e-01 6.323040e-01
 7.448824e-01 -3.686089e-01 7.975463e-01
 8.016834e-01 -7.015152e-01 1.200411e+00
 8.540178e-01 -1.130507e+00 1.389355e+00
 9.048926e-01 -1.599080e+00 1.365939e+00
 9.389809e-01 -2.008877e+00 1.135536e+00
 9.545400e-01 -2.273518e+00 7.466585e-01
 9.529771e-01 -2.336582e+00 2.800605e-01
 9.534029e-01 -2.181050e+00 -1.683575e-01
 9.854297e-01 -1.881841e+00 -4.549314e-01
 1.093325e+00 -1.653614e+00 -5.565394e-01
 1.223927e+00 -1.498282e+00 -6.694483e-01
 1.301840e+00 -1.286763e+00 -9.110763e-01
 1.252314e+00 -1.001015e+00 -1.159660e+00
 1.090863e+00 -6.939051e-01 -1.307908e+00
 8.486480e-01 -4.005309e-01 -1.340845e+00
 5.595403e-01 -1.594424e-01 -1.245453e+00
 2.783186e-01 -6.694167e-04 -1.028804e+00
 -6.038008e-02 5.655918e-02 -6.206328e-01
 -2.670468e-01 1.580689e-01 -4.750827e-01
 -4.342305e-01 2.038728e-01 -3.771723e-01
 -6.187476e-01 2.130419e-01 -1.945438e-01
 -7.494697e-01 1.897284e-01 4.628457e-02
 -8.805715e-01 2.235471e-01 5.510539e-01
 -1.089646e+00 1.516812e-01 8.658344e-01
 -1.425975e+00 7.822836e-02 1.077269e+00
 -1.826370e+00 3.831423e-02 1.139209e+00
 -2.228969e+00 6.342597e-02 1.048214e+00
 -2.561854e+00 1.545381e-01 8.196491e-01
 -2.770176e+00 3.063098e-01 5.008929e-01
 -2.823592e+00 5.006389e-01 1.438849e-01
 -2.712223e+00 7.027677e-01 -1.961297e-01
 -2.454383e+00 8.770619e-01 -4.639227e-01
 -2.091911e+00 1.007361e+00 -6.109017e-01
 -1.693083e+00 1.078833e+00 -6.088292e-01
 -1.317004e+00 1.108675e+00 -4.492144e-01
 -1.110080e+00 1.104603e+00 -2.238045e-01
 -9.710251e-01 1.172786e+00 4.406335e-02
 -7.351918e-01 1.524881e+00 7.138501e-01
 -5.027470e-01 1.646791e+00 1.001703e+00
 -1.803174e-01 1.712471e+00 1.209074e+00
 1.911322e-01 1.728439e+00 1.304387e+00
 1.301039e+00 1.629096e+00 1.222083e+00
 1.613287e+00 1.497513e+00 1.151037e+00
 1.866669e+00 1.278994e+00 1.042754e+00
 2.030104e+00 1.004188e+00 9.006360e-01
 2.089451e+00 7.065631e-01 7.303685e-01
 2.043428e+00 4.289648e-01 5.462454e-01
 1.870434e+00 1.500151e-01 3.208843e-01
 1.171510e+00 -4.312083e-01 -2.412446e-01
 7.331810e-01 -6.431172e-01 -3.526789e-01
 4.796512e-01 -8.380075e-01 -4.674835e-01
 2.982989e-01 -1.035600e+00 -7.483551e-01
 2.730552e-01 -1.320968e+00 -1.065949e+00
 4.163574e-01 -1.618159e+00 -1.321232e+00
 6.912961e-01 -1.905735e+00 -1.462838e+00
 1.043299e+00 -2.137113e+00 -1.459179e+00
 1.402336e+00 -2.279969e+00 -1.310617e+00
 1.705348e+00 -2.321310e+00 -1.044517e+00
 1.909553e+00 -2.258848e+00 -7.076790e-01
 1.988525e+00 -2.106878e+00 -3.528100e-01
 1.935897e+00 -1.890857e+00 -3.276217e-02
 1.764187e+00 -1.658384e+00 2.073213e-01
 1.496422e+00 -1.457909e+00 3.564029e-01
 1.175056e+00 -1.323498e+00 3.994387e-01
 9.204640e-01 -1.305034e+00 3.763624e-01
 6.738584e-01 -1.347276e+00 3.859333e-01
 -8.078500e-02 -1.645965e+00 4.973557e-01
 -3.840768e-01 -1.669457e+00 5.217145e-01
 -6.817631e-01 -1.603748e+00 5.243552e-01
 -9.462828e-01 -1.455352e+00 5.053785e-01
 -1.206972e+00 -1.186365e+00 4.475260e-01
 -1.724937e+00 -2.155113e-01 1.363032e-01
 -1.805985e+00 1.021637e-01 1.130104e-01
 -1.805852e+00 3.827659e-01 1.614806e-01
 -1.804822e+00 5.562746e-01 2.595380e-01
 -1.853170e+00 7.532095e-01 3.685138e-01
 -1.926109e+00 1.059103e+00 4.028893e-01
 -1.919185e+00 1.426104e+00 3.376546e-01
 -1.803377e+00 1.751706e+00 1.895464e-01
 -1.593457e+00 1.988632e+00 -7.961638e-03
 -1.303275e+00 2.114421e+00 -2.081515e-01
 -9.771912e-01 2.107957e+00 -3.934368e-01
 -6.602476e-01 1.968827e+00 -5.403259e-01
 -4.053626e-01 1.722947e+00 -6.273530e-01
 -4.364577e-02 1.146247e+00 -5.983360e-01
 2.794308e-01 1.003287e+00 -6.009254e-01
 6.184676e-01 8.736753e-01 -4.692421e-01
 9.146695e-01 8.054858e-01 -1.954096e-01
 1.090577e+00 8.022160e-01 1.663338e-01
 1.107475e+00 8.148915e-01 4.995532e-01
 1.025547e+00 7.173017e-01 8.735092e-01
 7.885071e-01 6.329503e-01 1.188795e+00
 4.308056e-01 4.196596e-01 1.390463e+00
 6.374816e-02 1.317457e-01 1.389985e+00
 -1.879961e-01 -2.273428e-01 1.215855e+00
 -2.936627e-01 -5.409776e-01 8.943274e-01
 -3.344297e-01 -7.277290e-01 1.188142e-01
 -5.139014e-01 -8.006367e-01 -1.955314e-01
 -6.689065e-01 -7.746761e-01 -5.199613e-01
 -7.665511e-01 -6.635987e-01 -8.025376e-01
 -8.130137e-01 -4.929572e-01 -1.037274e+00
