 -7.687877e-01 -1.185635e+00 1.071994e+00
 -9.161609e-01 -8.156681e-01 1.195961e+00
 -1.255978e+00 3.459946e-01 1.075166e+00
 -1.364177e+00 5.785045e-01 9.854375e-01
 -1.507624e+00 7.186378e-01 8.929108e-01
 -1.714155e+00 9.307277e-01 8.443886e-01
 -1.843730e+00 1.319394e+00 8.264196e-01
 -1.796268e+00 1.751412e+00 7.849854e-01
 -1.565654e+00 2.136975e+00 7.114168e-01
 -1.194899e+00 2.382489e+00 6.440434e-01
 -7.526243e-01 2.445214e+00 5.930881e-01
 6.094484e-01 2.021551e+00 4.741829e-01
 9.750066e-01 1.661967e+00 3.850777e-01
 1.340142e+00 5.029564e-01 1.059312e-01
 1.288164e+00 1.059653e-01 -6.858797e-02
 9.703978e-01 -3.341433e-01 -2.240246e-01
 9.172209e-01 -7.878292e-01 -3.003095e-01
 1.016388e+00 -1.245197e+00 -2.059280e-01
 1.198129e+00 -1.598468e+00 7.997126e-02
 1.400642e+00 -1.756537e+00 4.909581e-01
 1.582032e+00 -1.693579e+00 9.284292e-01
 1.680052e+00 -1.437717e+00 1.308368e+00
 1.667167e+00 -1.051387e+00 1.562101e+00
 1.561145e+00 -6.105257e-01 1.637421e+00
 1.365853e+00 -1.996876e-01 1.527679e+00
 1.107850e+00 8.057242e-02 1.261914e+00
 8.336900e-01 1.641544e-01 9.293523e-01
 6.092150e-01 7.348643e-02 6.917547e-01
 3.615991e-01 -6.748468e-02 5.349281e-01
 3.676999e-02 -3.248991e-01 4.634403e-01
 -1.036357e-01 -4.118512e-01 4.246577e-01
 -2.751184e-01 -4.953170e-01 3.633287e-01
 -5.457091e-01 -5.953127e-01 2.551693e-01
 -7.366314e-01 -6.456760e-01 2.039692e-01
 -9.596671e-01 -7.511099e-01 1.376066e-01
 -1.238476e+00 -8.990831e-01 -9.149641e-02
 -1.427655e+00 -9.946635e-01 -4.273726e-01
 -1.495591e+00 -1.024399e+00 -8.138001e-01
 -1.442037e+00 -9.764603e-01 -1.196822e+00
 -1.283375e+00 -8.502124e-01 -1.525947e+00
 -4.554453e-01 -1.888353e-01 -2.336063e+00
 -1.084131e-01 2.166107e-02 -2.446487e+00
 2.658324e-01 1.843328e-01 -2.399268e+00
 6.039867e-01 2.839970e-01 -2.208303e+00
 8.704634e-01 3.021563e-01 -1.898509e+00
 9.676707e-01 2.424902e-01 -1.641102e+00
 1.070951e+00 4.297559e-02 -1.383998e+00
 1.742805e+00 -4.522987e-01 -9.121038e-01
 1.940864e+00 -6.470830e-01 -4.958112e-01
 1.928353e+00 -7.484174e-01 -1.396144e-02
 1.711956e+00 -7.539067e-01 4.055381e-01
 1.396565e+00 -7.220786e-01 6.229380e-01
 1.168632e+00 -7.738638e-01 6.969969e-01
 9.399865e-01 -8.787009e-01 8.446021e-01
 6.553905e-01 -8.565984e-01 1.149478e+00
 3.338527e-01 -6.147773e-01 1.427185e+00
 5.161403e-02 -1.985963e-01 1.527805e+00
 -9.943051e-02 2.758575e-01 1.420678e+00
 -8.478733e-02 6.943269e-01 1.135858e+00
 1.231836e-01 1.075815e+00 4.880857e-01
 -9.952536e-02 1.463462e+00 -4.581650e-01
 -2.818031e-01 9.733214e-01 -1.227728e+00
 1.062811e-01 -2.964645e-01 -1.483867e+00
 2.954034e-01 -5.607575e-01 -1.685383e+00
 6.247957e-01 -7.113417e-01 -1.923379e+00
 1.023240e+00 -6.953270e-01 -2.100776e+00
 1.412009e+00 -5.199274e-01 -2.186272e+00
 1.731821e+00 -2.240460e-01 -2.150801e+00
 1.923363e+00 1.287443e-01 -1.996622e+00
 1.967632e+00 4.631751e-01 -1.733395e+00
 1.849523e+00 7.331177e-01 -1.411207e+00
 1.578262e+00 8.991969e-01 -1.107544e+00
 1.207958e+00 9.239909e-01 -8.738994e-01
 8.143728e-01 7.910201e-01 -7.344551e-01
 2.953496e-01 4.095336e-01 -4.154357e-01
 9.810667e-02 3.358082e-01 -3.607868e-01
 -1.732238e-01 3.205838e-01 -2.799789e-01
 -5.214261e-01 3.810098e-01 -7.902770e-02
 -9.081084e-01 3.303202e-01 5.463338e-02
 -1.051396e+00 2.969909e-01 6.607613e-02
 -1.408193e+00 1.417037e-01 5.084383e-02
 -1.773875e+00 -4.594973e-02 2.557035e-01
 -2.081935e+00 -9.767164e-02 6.352297e-01
 -2.235428e+00 1.512076e-02 1.091985e+00
 -2.203959e+00 2.727129e-01 1.513717e+00
 -1.999348e+00 6.181970e-01 1.800526e+00
 -1.678347e+00 9.801940e-01 1.883794e+00
 -1.314659e+00 1.277388e+00 1.745244e+00
 -9.926966e-01 1.450381e+00 1.411628e+00
 -8.085236e-01 1.459574e+00 9.827539e-01
 -8.259149e-01 1.423571e+00 6.565424e-01
 -1.157359e+00 1.266886e+00 -3.480980e-01
 -1.192738e+00 8.328184e-01 -8.282189e-01
 -1.102512e+00 2.453732e-01 -9.722181e-01
 -4.126185e-01 -8.254088e-01 -7.392316e-01
 -3.310813e-01 -1.143354e+00 -5.903903e-01
 -3.092540e-01 -1.423494e+00 -3.048380e-01
 -3.536479e-01 -1.584730e+00 6.116628e-02
 -4.591398e-01 -1.599771e+00 4.522540e-01
 -6.083921e-01 -1.461568e+00 8.082991e-01
