 3.092470e+00 7.813391e-01 4.629244e-01
 3.069685e+00 3.575964e-01 5.241266e-01
 2.849271e+00 -6.375805e-02 5.345698e-01
 2.466512e+00 -3.422273e-01 4.591796e-01
 2.084981e+00 -4.092336e-01 3.126038e-01
 1.859391e+00 -3.617873e-01 1.139282e-01
 1.706014e+00 -3.641550e-01 -1.153919e-01
 1.427489e+00 -5.010032e-01 -3.540902e-01
 9.164379e-01 -7.029157e-01 -4.725722e-01
 5.640607e-01 -8.204924e-01 -4.958540e-01
 1.773430e-01 -9.022356e-01 -5.173627e-01
 -3.214890e-01 -1.000803e+00 -5.254809e-01
 -5.637968e-01 -1.057006e+00 -4.752629e-01
 -8.878278e-01 -1.166831e+00 -3.870905e-01
 -1.215855e+00 -1.335695e+00 -4.140233e-01
 -1.553096e+00 -1.482677e+00 -5.931279e-01
 -1.835691e+00 -1.518831e+00 -9.010577e-01
 -2.015899e+00 -1.429842e+00 -1.233068e+00
 -2.104698e+00 -1.264425e+00 -1.495533e+00
 -2.130191e+00 -1.061788e+00 -1.690842e+00
 -2.108703e+00 -8.442152e-01 -1.828260e+00
 -2.047292e+00 -6.131543e-01 -1.916321e+00
 -1.952786e+00 -3.541739e-01 -1.949068e+00
 -1.808048e+00 -5.404402e-02 -1.891085e+00
 -1.639361e+00 2.194246e-01 -1.704720e+00
 -1.496822e+00 4.258040e-01 -1.372340e+00
 -1.462363e+00 5.101745e-01 -9.744065e-01
 -1.598175e+00 5.416651e-01 -6.564448e-01
 -1.785510e+00 6.524859e-01 -3.871307e-01
 -1.875431e+00 9.691107e-01 -4.558380e-02
 -1.716365e+00 1.318340e+00 2.906025e-01
 -1.365927e+00 1.569601e+00 5.149648e-01
 -9.499102e-01 1.656550e+00 6.236259e-01
 -4.035335e-01 1.650351e+00 6.979616e-01
 1.963046e-01 1.622927e+00 7.787134e-01
 4.594972e-01 1.563750e+00 7.762319e-01
 7.493229e-01 1.433452e+00 7.004033e-01
 9.949259e-01 1.230747e+00 5.422044e-01
 1.141354e+00 9.877638e-01 3.074463e-01
 1.157600e+00 7.645735e-01 -2.784340e-02
 1.002275e+00 5.178314e-01 -3.368554e-01
 6.951349e-01 2.814974e-01 -5.287118e-01
 3.238539e-01 1.485468e-01 -5.884721e-01
 -2.962004e-01 2.775880e-02 -4.901145e-01
 -8.240727e-01 -9.471932e-02 -3.802578e-01
 -1.159261e+00 -2.258621e-01 -1.707784e-01
 -1.418655e+00 -2.107444e-01 3.659090e-03
 -1.639509e+00 -7.575683e-02 3.203684e-01
 -1.701573e+00 7.250883e-02 7.175547e-01
 -1.588094e+00 1.776412e-01 1.109480e+00
 -1.341980e+00 2.412821e-01 1.403885e+00
 -1.015138e+00 2.553155e-01 1.593341e+00
 -6.623483e-01 1.911685e-01 1.674435e+00
 -3.181156e-01 6.962014e-02 1.637276e+00
 -1.510973e-02 -1.315136e-01 1.482647e+00
 1.143173e-01 -3.218055e-01 1.293042e+00
 1.497752e-01 -5.774700e-01 1.151922e+00
 1.405279e-01 -7.368152e-01 1.079294e+00
 2.182379e-02 -1.225550e+00 6.325284e-01
 -5.702828e-02 -1.538258e+00 3.492390e-01
 -1.783523e-01 -1.917828e+00 -6.796080e-02
 -3.235567e-01 -2.055784e+00 -4.805318e-01
 -5.021087e-01 -2.006348e+00 -8.760538e-01
 -6.858408e-01 -1.800739e+00 -1.180491e+00
 -8.483814e-01 -1.505479e+00 -1.361539e+00
 -9.961162e-01 -1.178479e+00 -1.414329e+00
 -1.183444e+00 -8.258969e-01 -1.322449e+00
 -1.414373e+00 -5.921801e-01 -1.103608e+00
 -1.759491e+00 -4.765358e-01 -9.420654e-01
 -2.107690e+00 -3.084857e-01 -9.360863e-01
 -2.389781e+00 1.994366e-03 -1.024384e+00
 -2.502407e+00 4.092111e-01 -1.124231e+00
 -2.435344e+00 8.241249e-01 -1.184500e+00
 -2.233842e+00 1.178875e+00 -1.161505e+00
 -1.934513e+00 1.431194e+00 -1.057092e+00
 -1.579795e+00 1.543838e+00 -8.890241e-01
 -1.233830e+00 1.500925e+00 -6.672968e-01
 -9.676301e-01 1.313828e+00 -4.344806e-01
 -8.419679e-01 1.065496e+00 -2.239067e-01
 -8.452089e-01 8.755889e-01 -4.753817e-02
 -8.533198e-01 6.266051e-01 3.614665e-01
 -7.036297e-01 2.826379e-01 6.062968e-01
 -6.512110e-01 -4.429253e-02 6.776658e-01
 -7.952243e-01 -4.161034e-01 8.177792e-01
 -8.894943e-01 -6.771273e-01 1.169297e+00
 -7.261788e-01 -8.878986e-01 1.621666e+00
 -3.547656e-01 -9.790509e-01 1.956520e+00
 5.420947e-02 -9.525991e-01 2.106634e+00
 4.246548e-01 -8.500668e-01 2.110151e+00
 7.276558e-01 -6.980450e-01 2.010363e+00
 9.911579e-01 -4.776977e-01 1.801348e+00
 1.255870e+00 -1.984559e-01 1.515457e+00
 1.441486e+00 2.483537e-03 1.307158e+00
 1.646249e+00 2.273840e-01 1.067895e+00
 1.951919e+00 5.281145e-01 6.946468e-01
 2.064446e+00 6.083586e-01 4.665328e-01
 2.142581e+00 6.030780e-01 1.046933e-01
 2.294890e+00 5.267214e-01 -1.330955e-01
 2.494216e+00 2.660410e-01 -3.871660e-01
 2.614762e+00 -1.110264e-01 -5.366886e-01
 2.615278e+00 -5.117627e-01 -5.685332e-01
 2.505437e+00 -8.863711e-01 -4.957275e-01
 2.293209e+00 -1.178645e+00 -3.408466e-01
 2.016758e+00 -1.350080e+00 -1.143025e-01
 1.703231e+00 -1.371679e+00 1.408995e-01
 1.406884e+00 -1.240805e+00 3.637685e-01
 1.167495e+00 -9.873024e-01 5.246790e-01
 1.036729e+00 -6.988307e-01 5.945792e-01
 8.642434e-01 -2.299469e-01 5.150052e-01
 4.206172e-01 2.437416e-01 4.655339e-01
 2.544806e-01 4.735141e-01 3.865504e-01
 1.499069e-01 7.337609e-01 2.343968e-01
 1.498032e-01 9.986462e-01 -1.408983e-02
 2.713424e-01 1.261400e+00 -1.937772e-01
 5.034827e-01 1.516289e+00 -3.180123e-01
 8.352923e-01 1.698803e+00 -3.719168e-01
 1.197912e+00 1.776545e+00 -3.385260e-01
 1.619362e+00 1.742182e+00 -2.115072e-01
 2.063627e+00 1.656569e+00 -3.914587e-02
 2.527325e+00 1.536332e+00 1.482622e-01
 2.771424e+00 1.382744e+00 2.577792e-01
 2.975048e+00 1.129477e+00 3.663775e-01
