 -1.677254e+00 -6.866705e-01 -2.001534e+00
 -1.886316e+00 -6.839787e-01 -1.694072e+00
 -1.974311e+00 -6.394613e-01 -1.326996e+00
 -1.927843e+00 -5.348721e-01 -9.707740e-01
 -1.814003e+00 -4.045530e-01 -7.649976e-01
 -1.711990e+00 -1.877743e-01 -6.054254e-01
 -1.735472e+00 2.893896e-01 -2.031379e-01
 -1.634039e+00 5.782456e-01 -1.313827e-02
 -1.416540e+00 8.504724e-01 1.170879e-01
 -1.079744e+00 1.068152e+00 1.799775e-01
 -6.998362e-01 1.156174e+00 1.710466e-01
 -3.413696e-01 1.111886e+00 9.582717e-02
 -3.600982e-02 9.698204e-01 -8.418797e-02
 1.846597e-01 7.518524e-01 -5.018481e-01
 1.776829e-01 5.084173e-01 -8.687228e-01
 -2.043063e-02 2.602470e-02 -1.225738e+00
 3.634638e-02 -4.657631e-01 -1.329629e+00
 1.628270e-01 -7.222016e-01 -1.354564e+00
 3.867233e-01 -9.979231e-01 -1.295457e+00
 6.553685e-01 -1.194917e+00 -1.145241e+00
 9.158754e-01 -1.282024e+00 -9.359156e-01
 1.141744e+00 -1.263644e+00 -7.036017e-01
 1.309679e+00 -1.164988e+00 -4.853823e-01
 1.413736e+00 -1.026982e+00 -3.092439e-01
 1.583707e+00 -5.898811e-01 9.155498e-02
 1.724398e+00 1.410878e-02 5.997625e-01
 1.636051e+00 4.180737e-01 7.948190e-01
 1.504408e+00 7.361969e-01 8.096810e-01
 1.429217e+00 9.881934e-01 7.054421e-01
 1.441591e+00 1.265974e+00 6.155224e-01
 1.432711e+00 1.628611e+00 6.643254e-01
 1.302332e+00 1.994410e+00 8.485606e-01
 1.051554e+00 2.239077e+00 1.070976e+00
 6.890776e-01 2.341718e+00 1.276038e+00
 2.786376e-01 2.257081e+00 1.459928e+00
 -9.232869e-02 1.971948e+00 1.581906e+00
 -7.499069e-01 7.632764e-01 1.610574e+00
 -8.236353e-01 5.719245e-01 1.597213e+00
 -8.725975e-01 3.360907e-01 1.551592e+00
 -8.824153e-01 -2.074446e-03 1.434270e+00
 -8.367722e-01 -3.355244e-01 1.253384e+00
 -6.265134e-01 -9.256765e-01 7.795463e-01
 -4.407599e-01 -1.130525e+00 6.098190e-01
 -1.999917e-01 -1.244963e+00 4.680437e-01
 2.918667e-02 -1.354562e+00 4.208219e-01
 3.679865e-01 -1.434481e+00 4.584075e-01
 7.178228e-01 -1.413100e+00 5.841974e-01
 1.022520e+00 -1.271998e+00 7.754589e-01
 1.228296e+00 -1.027022e+00 1.004524e+00
 1.301345e+00 -7.029475e-01 1.227034e+00
 1.228541e+00 -3.446833e-01 1.399640e+00
 1.015712e+00 1.100137e-03 1.482149e+00
 6.849835e-01 2.615158e-01 1.471434e+00
 3.676773e-01 3.664691e-01 1.385190e+00
 1.176679e-01 4.276104e-01 1.189483e+00
 -9.931994e-02 4.155978e-01 9.090196e-01
 -4.574986e-01 1.405232e-01 4.184161e-01
 -6.517419e-01 1.334632e-01 5.612956e-02
 -7.272877e-01 2.505814e-01 -3.902004e-01
 -8.146573e-01 4.927788e-01 -6.289732e-01
 -8.249740e-01 7.527323e-01 -7.610150e-01
 -7.317599e-01 1.106756e+00 -8.620200e-01
 -5.328158e-01 1.493025e+00 -8.447940e-01
 -2.877873e-01 1.794912e+00 -6.781356e-01
 -3.382896e-02 1.971056e+00 -3.897935e-01
 1.840543e-01 1.992193e+00 -3.093026e-02
 3.288555e-01 1.858131e+00 3.367192e-01
 4.101020e-01 1.474052e+00 7.847353e-01
 5.288536e-01 1.334132e+00 1.060803e+00
 7.376283e-01 1.306428e+00 1.393151e+00
 1.115876e+00 1.327209e+00 1.619633e+00
 1.545342e+00 1.352067e+00 1.655258e+00
 1.940074e+00 1.348298e+00 1.519813e+00
 2.233712e+00 1.293438e+00 1.268489e+00
 2.401004e+00 1.200479e+00 9.644905e-01
 2.447592e+00 1.093184e+00 6.528757e-01
 2.391900e+00 9.795894e-01 3.657279e-01
 2.252004e+00 8.745849e-01 1.195037e-01
 2.045640e+00 7.767848e-01 -6.955465e-02
 1.795238e+00 6.877391e-01 -1.878707e-01
 1.524740e+00 6.029151e-01 -2.234931e-01
 1.255808e+00 5.119885e-01 -1.707377e-01
 1.044670e+00 4.487496e-01 -5.631553e-02
 8.534029e-01 3.473364e-01 1.322900e-01
 7.262151e-01 1.309813e-01 3.517721e-01
 6.237824e-01 -2.135401e-01 5.596731e-01
 4.808895e-01 -3.983429e-01 6.956014e-01
 3.587191e-01 -5.007211e-01 8.612839e-01
 2.950741e-01 -6.002797e-01 1.069351e+00
 2.675930e-01 -7.781096e-01 1.262313e+00
 1.889181e-01 -1.100733e+00 1.413555e+00
 7.233457e-02 -1.425609e+00 1.443944e+00
 -7.858438e-02 -1.719425e+00 1.367549e+00
 -2.488516e-01 -1.947557e+00 1.205402e+00
 -4.100512e-01 -2.097912e+00 9.773502e-01
 -5.465007e-01 -2.165977e+00 7.058857e-01
 -6.507702e-01 -2.148761e+00 4.184211e-01
 -7.737582e-01 -1.958161e+00 -1.329439e-01
 -9.023190e-01 -1.676814e+00 -7.800316e-01
 -9.440879e-01 -1.499521e+00 -9.976660e-01
 -9.703957e-01 -1.264872e+00 -1.162917e+00
 -9.749957e-01 -9.926440e-01 -1.260198e+00
 -9.536619e-01 -6.342167e-01 -1.286473e+00
 -9.624711e-01 -5.318169e-01 -1.292520e+00
 -9.935707e-01 -2.707831e-01 -1.345920e+00
 -1.174502e+00 2.180838e-02 -1.453644e+00
 -1.489035e+00 2.557174e-01 -1.499955e+00
 -1.868217e+00 3.841133e-01 -1.441143e+00
 -2.237308e+00 3.980736e-01 -1.264514e+00
 -2.533011e+00 2.947516e-01 -1.000867e+00
 -2.708372e+00 9.048127e-02 -6.926212e-01
 -2.727315e+00 -1.584016e-01 -3.758925e-01
 -2.586266e+00 -4.106160e-01 -9.057136e-02
 -2.302674e+00 -6.413165e-01 1.110124e-01
 -1.918409e+00 -8.180590e-01 1.815669e-01
 -1.491301e+00 -8.993487e-01 1.011488e-01
 -8.662751e-01 -8.165382e-01 -2.448538e-01
 -5.759209e-01 -7.967235e-01 -3.498391e-01
 -3.692306e-01 -7.377834e-01 -3.846172e-01
 1.079244e-01 -5.996027e-01 -3.305452e-01
 3.555939e-01 -5.280084e-01 -3.690707e-01
 5.612501e-01 -4.409721e-01 -4.607432e-01
 6.831519e-01 -3.689626e-01 -5.492698e-01
 8.419033e-01 -2.879676e-01 -7.020375e-01
 9.919976e-01 -2.137859e-01 -1.016821e+00
 1.020990e+00 -1.644220e-01 -1.379712e+00
 9.229308e-01 -1.421882e-01 -1.728104e+00
 7.204444e-01 -1.539186e-01 -2.016063e+00
 4.495988e-01 -1.929534e-01 -2.214513e+00
 1.428027e-01 -2.574941e-01 -2.315330e+00
 -1.091674e+00 -5.880341e-01 -2.308161e+00
 -1.397399e+00 -6.543799e-01 -2.207124e+00
