 -1.931700e+00 2.068572e+00 -1.517800e+00
 -2.065994e+00 2.044143e+00 -1.409417e+00
 -2.216597e+00 1.982799e+00 -1.243380e+00
 -2.354801e+00 1.856528e+00 -9.964886e-01
 -2.407987e+00 1.636151e+00 -6.671399e-01
 -2.278550e+00 1.330838e+00 -3.298852e-01
 -1.931749e+00 1.047062e+00 -9.680791e-02
 -1.534033e+00 9.148437e-01 -4.172563e-02
 -1.221068e+00 9.310745e-01 -7.431179e-02
 -9.345156e-01 1.042453e+00 -2.769227e-02
 -6.327232e-01 1.094132e+00 1.597925e-01
 -3.841689e-01 1.010601e+00 4.016594e-01
 4.468367e-02 6.865100e-01 7.063875e-01
 5.155633e-01 6.001804e-01 1.017983e+00
 1.026823e+00 3.572977e-01 1.174031e+00
 1.467842e+00 9.876394e-02 1.056455e+00
 1.717993e+00 -2.153717e-01 6.203290e-01
 1.590938e+00 -5.178317e-01 1.991144e-02
 1.309032e+00 -6.238328e-01 -2.839119e-01
 9.545144e-01 -5.956956e-01 -6.469562e-01
 1.105392e-01 -3.685522e-01 -1.266175e+00
 -2.738465e-01 -5.808132e-02 -1.382295e+00
 -5.048933e-01 2.889673e-01 -1.345656e+00
 -5.939687e-01 6.261759e-01 -1.237312e+00
 -5.753082e-01 8.687993e-01 -1.113637e+00
 -5.411846e-01 9.847839e-01 -1.028139e+00
 -4.477941e-01 1.205093e+00 -8.964340e-01
 -2.247375e-01 1.598335e+00 -7.919366e-01
 1.497483e-01 2.102216e+00 -6.424837e-01
 4.101356e-01 2.269865e+00 -5.161224e-01
 6.526600e-01 2.336210e+00 -3.900028e-01
 9.045437e-01 2.326795e+00 -2.535331e-01
 1.171829e+00 2.220535e+00 -8.859275e-02
 1.401179e+00 1.998958e+00 8.822459e-02
 1.531849e+00 1.673538e+00 2.477818e-01
 1.534734e+00 1.245489e+00 3.371341e-01
 1.399910e+00 8.075552e-01 2.776762e-01
 1.097216e+00 4.673350e-01 1.279857e-01
 8.395090e-01 2.021631e-01 1.228098e-01
 7.125807e-01 3.133514e-02 1.939139e-01
 6.614648e-01 -7.602126e-02 2.639533e-01
 6.430966e-01 -1.864257e-01 3.551687e-01
 6.960537e-01 -4.538997e-01 6.305032e-01
 7.205254e-01 -5.546924e-01 7.628427e-01
 7.595089e-01 -6.207182e-01 9.002978e-01
 9.473013e-01 -8.615993e-01 1.449967e+00
 9.903116e-01 -1.245781e+00 1.764152e+00
 9.501636e-01 -1.622065e+00 1.879585e+00
 8.821936e-01 -1.908063e+00 1.875373e+00
 8.132428e-01 -2.106686e+00 1.822589e+00
 7.511156e-01 -2.243056e+00 1.756186e+00
 6.947341e-01 -2.341723e+00 1.687335e+00
 6.374760e-01 -2.422722e+00 1.612025e+00
 5.649119e-01 -2.504727e+00 1.509786e+00
 4.582203e-01 -2.592216e+00 1.340922e+00
 3.345566e-01 -2.654477e+00 1.062807e+00
 2.259553e-01 -2.600553e+00 6.412922e-01
 2.262304e-01 -2.371916e+00 2.647514e-01
 3.245104e-01 -2.183458e+00 9.744104e-02
 5.355271e-01 -2.004194e+00 -7.943444e-02
 1.050181e+00 -1.782423e+00 -3.747079e-01
 1.453498e+00 -1.599486e+00 -6.245653e-01
 1.809873e+00 -1.304836e+00 -8.684642e-01
 1.977513e+00 -9.250945e-01 -9.925708e-01
 1.999250e+00 -5.676501e-01 -1.024763e+00
 1.938767e+00 -2.993080e-01 -1.004679e+00
 1.638795e+00 3.552419e-01 -8.817289e-01
 1.326674e+00 9.420258e-01 -7.586195e-01
 1.172344e+00 1.172638e+00 -6.512742e-01
 9.498404e-01 1.306435e+00 -5.123336e-01
 7.401960e-01 1.326646e+00 -3.270942e-01
 6.157733e-01 1.356447e+00 -1.130352e-01
 5.429189e-01 1.445373e+00 1.089025e-01
 4.766424e-01 1.658468e+00 5.808582e-01
 2.337593e-01 1.631215e+00 1.169458e+00
 7.611377e-03 1.365594e+00 1.542457e+00
 -1.589330e-01 9.912327e-01 1.717452e+00
 -2.531109e-01 6.253280e-01 1.725870e+00
 -2.899313e-01 3.328382e-01 1.634823e+00
 -2.933933e-01 1.403431e-01 1.515998e+00
 -2.708793e-01 -4.225226e-01 1.039987e+00
 -2.852923e-01 -6.697808e-01 7.132454e-01
 -2.360555e-01 -8.070833e-01 3.900370e-01
 -2.259033e-01 -9.541134e-01 1.796294e-01
 -3.662780e-01 -1.807434e+00 -5.992041e-01
 -1.939700e-01 -2.293344e+00 -7.927535e-01
 1.090212e-01 -2.671580e+00 -7.811741e-01
 4.322783e-01 -2.889844e+00 -6.314747e-01
 6.964633e-01 -2.965926e+00 -4.327254e-01
 8.871937e-01 -2.956931e+00 -2.410197e-01
 1.015751e+00 -2.906982e+00 -7.498895e-02
 1.115400e+00 -2.825079e+00 9.184962e-02
 1.200302e+00 -2.689509e+00 2.753608e-01
 1.238472e+00 -2.474686e+00 4.979104e-01
 1.156718e+00 -2.128528e+00 7.384544e-01
 8.988987e-01 -1.789603e+00 8.619271e-01
 5.545349e-01 -1.664863e+00 9.300519e-01
 2.989733e-01 -1.619564e+00 9.733020e-01
 -2.220554e-01 -1.661284e+00 9.504404e-01
 -4.446079e-01 -1.662571e+00 9.064624e-01
 -6.517910e-01 -1.619230e+00 8.395164e-01
 -8.542555e-01 -1.532060e+00 7.464298e-01
 -1.068149e+00 -1.360695e+00 5.903216e-01
 -1.213318e+00 -1.129788e+00 3.782407e-01
 -1.355648e+00 -7.612952e-01 2.566773e-02
 -1.457262e+00 -4.232158e-01 -2.834977e-01
 -1.501442e+00 -9.402708e-02 -5.357517e-01
 -1.557874e+00 4.030475e-01 -9.098534e-01
 -1.578743e+00 6.872675e-01 -1.034061e+00
 -1.571076e+00 9.992186e-01 -1.064684e+00
 -1.510284e+00 1.241878e+00 -1.016798e+00
 -1.480485e+00 1.325887e+00 -9.837564e-01
 -1.394026e+00 1.529798e+00 -8.615053e-01
 -1.386845e+00 1.686682e+00 -7.261137e-01
 -1.388289e+00 1.838925e+00 -4.916788e-01
 -1.407745e+00 1.918633e+00 -2.503766e-01
 -1.417381e+00 1.935996e+00 2.524646e-02
 -1.424281e+00 1.855739e+00 3.576321e-01
 -1.388513e+00 1.593235e+00 7.255737e-01
 -1.308632e+00 1.132755e+00 9.556484e-01
 -1.171081e+00 5.507095e-01 9.039891e-01
 -9.569241e-01 1.327059e-01 5.363556e-01
 -6.097479e-01 4.758628e-02 2.393620e-02
 2.955609e-02 3.569689e-01 -4.636412e-01
 3.316635e-01 5.124730e-01 -7.493626e-01
 4.565838e-01 7.397679e-01 -1.261866e+00
 2.679959e-01 1.150831e+00 -1.661206e+00
 -6.601243e-02 1.428669e+00 -1.824270e+00
 -3.541258e-01 1.583934e+00 -1.842664e+00
 -8.837557e-01 1.816676e+00 -1.804705e+00
 -1.323049e+00 1.985861e+00 -1.764727e+00
 -1.606335e+00 2.058975e+00 -1.695859e+00
 -1.801265e+00 2.074552e+00 -1.601263e+00
