 2.998167e+00 3.008405e-01 4.138426e-01
 2.837523e+00 7.048384e-01 2.520932e-01
 2.499046e+00 1.001050e+00 1.248343e-01
 2.055259e+00 1.121372e+00 4.834813e-02
 1.597210e+00 1.036790e+00 2.428823e-02
 1.260640e+00 7.805655e-01 3.583688e-02
 9.136313e-01 1.110259e-01 -6.154732e-02
 5.395984e-01 -2.435442e-01 8.413643e-02
 1.328141e-01 -3.228098e-01 4.291279e-01
 -3.848735e-01 -8.759833e-02 6.869839e-01
 -8.156159e-01 3.658705e-01 4.938386e-01
 -1.309026e+00 4.929495e-01 -4.334982e-03
 -1.867917e+00 2.832726e-01 -8.607918e-01
 -1.937573e+00 1.887985e-01 -1.205944e+00
 -1.874108e+00 1.377031e-01 -1.582840e+00
 -1.679435e+00 1.388350e-01 -1.915361e+00
 -1.382373e+00 1.872135e-01 -2.153279e+00
 -1.017705e+00 2.387123e-01 -2.262110e+00
 -6.371231e-01 2.795941e-01 -2.226045e+00
 -2.968424e-01 3.040920e-01 -2.050311e+00
 2.846342e-01 3.372413e-01 -1.377948e+00
 5.097057e-01 5.165275e-01 -1.050859e+00
 6.364391e-01 7.940616e-01 -8.358621e-01
 7.090243e-01 1.140963e+00 -7.209091e-01
 6.399123e-01 1.574128e+00 -6.942494e-01
 4.049920e-01 1.949745e+00 -7.531464e-01
 5.083302e-02 2.189193e+00 -8.871403e-01
 -3.562452e-01 2.245884e+00 -1.076251e+00
 -7.421885e-01 2.106463e+00 -1.256256e+00
 -1.045337e+00 1.799473e+00 -1.370661e+00
 -1.204524e+00 1.376176e+00 -1.410784e+00
 -1.175391e+00 9.217612e-01 -1.387320e+00
 -9.423042e-01 4.677744e-01 -1.264801e+00
 -9.144601e-01 1.870384e-01 -1.237998e+00
 -8.771549e-01 -1.136985e-01 -1.305080e+00
 -7.357730e-01 -4.523076e-01 -1.329351e+00
 -5.917929e-01 -7.617564e-01 -1.228197e+00
 -4.677440e-01 -1.012252e+00 -1.021816e+00
 -3.769398e-01 -1.179284e+00 -7.417356e-01
 -3.271997e-01 -1.250983e+00 -4.238743e-01
 -3.526449e-01 -1.193827e+00 6.462660e-01
 -4.179473e-01 -1.317209e+00 9.437355e-01
 -3.901518e-01 -1.478274e+00 1.191199e+00
 -2.367993e-01 -1.578228e+00 1.519001e+00
 -2.724993e-02 -1.575502e+00 1.798975e+00
 2.444103e-01 -1.493031e+00 2.011232e+00
 5.418812e-01 -1.336861e+00 2.128373e+00
 8.268723e-01 -1.122310e+00 2.136907e+00
 1.729886e+00 -1.872255e-01 1.748284e+00
 1.944526e+00 7.363561e-02 1.465578e+00
 2.030824e+00 2.415432e-01 1.082537e+00
 2.001114e+00 2.759390e-01 6.967660e-01
 1.971937e+00 1.796147e-01 4.485638e-01
 2.001322e+00 9.790092e-02 2.521357e-01
 2.039813e+00 8.671718e-02 2.614186e-02
 2.024416e+00 1.380339e-01 -2.639679e-01
 1.948495e+00 2.406917e-01 -5.205836e-01
 1.433460e+00 8.720916e-01 -1.462295e+00
 1.184193e+00 1.053748e+00 -1.656630e+00
 8.679305e-01 1.201310e+00 -1.748469e+00
 5.246369e-01 1.301021e+00 -1.726346e+00
 1.814523e-01 1.344792e+00 -1.587202e+00
 -6.409877e-02 1.305510e+00 -1.403584e+00
 -2.051567e-01 1.233709e+00 -1.195772e+00
 -2.935997e-01 1.218249e+00 -9.408840e-01
 -4.922911e-01 1.306202e+00 -6.425572e-01
 -1.064245e+00 1.464595e+00 2.583493e-01
 -1.300873e+00 1.367942e+00 5.802899e-01
 -1.510905e+00 1.126940e+00 8.392173e-01
 -1.652785e+00 7.769481e-01 1.002983e+00
 -1.695575e+00 3.705210e-01 1.054353e+00
 -1.623840e+00 -3.059472e-02 9.937380e-01
 -1.357590e+00 -5.058990e-01 7.822222e-01
 -1.309093e+00 -8.049337e-01 7.400908e-01
 -1.387574e+00 -1.214001e+00 6.238569e-01
 -1.313000e+00 -1.570101e+00 5.119907e-01
 -1.103879e+00 -1.890237e+00 4.449527e-01
 -7.949974e-01 -2.119888e+00 4.371559e-01
 -4.290012e-01 -2.219808e+00 4.643854e-01
 -4.975184e-02 -2.175658e+00 5.148013e-01
 2.781988e-01 -2.007039e+00 6.194153e-01
 5.075979e-01 -1.745010e+00 7.758203e-01
 6.090420e-01 -1.415033e+00 9.456840e-01
 5.669662e-01 -1.081659e+00 1.103982e+00
 3.360182e-01 -7.049082e-01 1.332672e+00
 -1.980134e-01 -5.172390e-01 1.602016e+00
 -1.382589e+00 -7.912925e-01 1.775325e+00
 -1.799355e+00 -8.976040e-01 1.642324e+00
 -2.135061e+00 -9.284326e-01 1.342065e+00
 -2.325619e+00 -8.624902e-01 9.477011e-01
 -2.327687e+00 -7.521074e-01 5.224550e-01
 -2.135376e+00 -6.596752e-01 1.239069e-01
 -1.789134e+00 -6.149569e-01 -1.562725e-01
 -1.250331e+00 -5.655062e-01 -2.865300e-01
 -6.381814e-01 -2.849149e-01 -3.271678e-01
 -4.283908e-01 -5.569898e-02 -3.896387e-01
 -2.840224e-01 2.108101e-01 -3.726072e-01
 -1.370412e-01 4.358274e-01 -2.732073e-01
 -1.555509e-03 6.186157e-01 -8.065619e-02
 8.573213e-02 7.080856e-01 1.210934e-01
 2.596244e-01 7.301059e-01 5.087434e-01
 4.703892e-01 5.953391e-01 7.837270e-01
 7.604504e-01 3.172688e-01 9.645249e-01
 1.008904e+00 -3.382580e-02 9.894785e-01
 1.211946e+00 -3.382944e-01 8.683881e-01
 1.415555e+00 -5.842967e-01 8.438533e-01
 1.833266e+00 -7.561250e-01 8.473678e-01
 2.301591e+00 -7.227780e-01 8.178258e-01
 2.703139e+00 -4.917023e-01 7.279397e-01
 2.950033e+00 -1.252511e-01 5.874570e-01
