 -2.185744e+00 -1.411015e-01 6.225277e-02
 -1.954493e+00 -1.998606e-01 3.831882e-01
 -1.669345e+00 -1.770542e-01 5.742397e-01
 -1.382451e+00 -3.612976e-02 7.213779e-01
 -1.052715e+00 3.888381e-01 9.717943e-01
 -7.931219e-01 6.121638e-01 1.033268e+00
 -4.757547e-01 7.759658e-01 1.021296e+00
 -8.442457e-02 8.855366e-01 9.071006e-01
 2.195269e-01 9.202951e-01 7.233868e-01
 4.312620e-01 9.093717e-01 4.905259e-01
 6.056615e-01 8.185161e-01 1.645857e-01
 8.546758e-01 4.650322e-01 -3.597443e-01
 1.109142e+00 3.060538e-01 -5.638501e-01
 1.467541e+00 2.637866e-01 -7.385352e-01
 1.846310e+00 3.639420e-01 -8.324377e-01
 2.176885e+00 6.188963e-01 -8.747579e-01
 2.388303e+00 9.840200e-01 -8.555444e-01
 2.442157e+00 1.397450e+00 -7.776580e-01
 2.329181e+00 1.786109e+00 -6.573493e-01
 2.063674e+00 2.089033e+00 -5.348988e-01
 1.690046e+00 2.254511e+00 -4.290564e-01
 1.266204e+00 2.252934e+00 -3.563913e-01
 8.706071e-01 2.079253e+00 -3.388482e-01
 5.784096e-01 1.795136e+00 -4.176385e-01
 4.528845e-01 1.518248e+00 -5.555673e-01
 3.963481e-01 1.243428e+00 -8.421332e-01
 2.784062e-01 1.044073e+00 -1.471188e+00
 1.666912e-01 8.280159e-01 -1.752314e+00
 3.771046e-02 5.313791e-01 -1.928947e+00
 -1.177484e-01 1.754509e-01 -1.982858e+00
 -2.770458e-01 -1.610402e-01 -1.893963e+00
 -4.013888e-01 -4.323332e-01 -1.683410e+00
 -4.842333e-01 -6.199151e-01 -1.353174e+00
 -4.685015e-01 -7.009681e-01 -9.521557e-01
 -3.625500e-01 -6.739014e-01 -6.418566e-01
 -1.709910e-01 -6.342585e-01 -4.155068e-01
 1.212415e-01 -6.298779e-01 -2.733158e-01
 4.460506e-01 -4.799733e-01 -1.253856e-01
 6.795737e-01 -3.188207e-01 2.548217e-01
 7.045780e-01 -6.163516e-02 6.579723e-01
 8.141393e-01 6.509067e-02 9.322760e-01
 1.060115e+00 7.461854e-02 1.280224e+00
 1.339340e+00 -1.067394e-01 1.592267e+00
 1.547904e+00 -4.477456e-01 1.803242e+00
 1.641051e+00 -8.736097e-01 1.880793e+00
 1.609742e+00 -1.305348e+00 1.813429e+00
 1.460005e+00 -1.666172e+00 1.619166e+00
 1.210671e+00 -1.894333e+00 1.345854e+00
 9.061257e-01 -1.950292e+00 1.047189e+00
 5.926501e-01 -1.828775e+00 7.799750e-01
 3.318481e-01 -1.558978e+00 6.026009e-01
 1.368136e-01 -1.231902e+00 5.741013e-01
 -9.219287e-02 -7.820219e-01 7.381252e-01
 -2.570847e-01 -4.751422e-01 6.715385e-01
 -3.265773e-01 -1.504889e-01 5.035750e-01
 -3.421660e-01 2.304405e-01 1.609621e-01
 -3.498754e-01 4.600196e-01 2.020844e-02
 -4.193742e-01 8.049245e-01 -1.129813e-01
 -5.939394e-01 1.461628e+00 -6.122566e-01
 -4.935171e-01 1.783764e+00 -9.129762e-01
 -2.143943e-01 2.027225e+00 -1.173386e+00
 1.875848e-01 2.146133e+00 -1.338646e+00
 6.295204e-01 2.102266e+00 -1.397682e+00
 1.025735e+00 1.895319e+00 -1.350152e+00
 1.300289e+00 1.620337e+00 -1.168393e+00
 1.412829e+00 1.386048e+00 -9.163564e-01
 1.430651e+00 1.277551e+00 -6.385667e-01
 1.486178e+00 1.250458e+00 -4.318714e-01
 1.583974e+00 1.177564e+00 -2.529349e-01
 1.671599e+00 1.021518e+00 -6.450183e-02
 1.728046e+00 7.524814e-01 1.307968e-01
 1.694269e+00 -3.808386e-01 5.883327e-01
 1.493684e+00 -7.347656e-01 7.868664e-01
 1.203338e+00 -9.156930e-01 9.459660e-01
 9.625743e-01 -9.302080e-01 1.101546e+00
 8.195756e-01 -9.391146e-01 1.269272e+00
 6.445673e-01 -1.043419e+00 1.463253e+00
 3.436281e-01 -1.242879e+00 1.593897e+00
 4.807634e-03 -1.457695e+00 1.577310e+00
 -4.822111e-01 -1.754917e+00 1.328509e+00
 -1.013816e+00 -2.041522e+00 9.879981e-01
 -1.319087e+00 -2.077360e+00 7.592494e-01
 -1.556393e+00 -2.004342e+00 5.232505e-01
 -1.724466e+00 -1.839999e+00 2.738151e-01
 -1.802818e+00 -1.604907e+00 3.819613e-02
 -1.782023e+00 -1.327102e+00 -1.589715e-01
 -1.666676e+00 -1.046109e+00 -2.942029e-01
 -1.313337e+00 -4.996377e-01 -3.811923e-01
 -1.194249e+00 -2.365434e-02 -3.169225e-01
 -1.327190e+00 3.579914e-01 -2.406463e-01
 -1.525651e+00 6.525520e-01 -3.311465e-02
 -1.769273e+00 8.062030e-01 2.581657e-01
 -1.974987e+00 8.101050e-01 5.850579e-01
 -2.109935e+00 6.748118e-01 9.423660e-01
 -2.147535e+00 4.390602e-01 1.242854e+00
 -2.101707e+00 1.252310e-01 1.455502e+00
 -1.980520e+00 -2.206432e-01 1.551918e+00
 -1.802055e+00 -5.506208e-01 1.521399e+00
 -1.591324e+00 -8.205572e-01 1.370395e+00
 -1.376734e+00 -9.953927e-01 1.120687e+00
 -1.049121e+00 -1.101721e+00 5.596087e-01
 -7.080742e-01 -1.435365e+00 4.952806e-02
 -3.259571e-01 -1.643313e+00 -2.996450e-01
 -5.131618e-02 -1.648188e+00 -5.531303e-01
 1.944153e-01 -1.518112e+00 -8.060328e-01
 3.999345e-01 -1.239561e+00 -1.047626e+00
 5.170229e-01 -8.839539e-01 -1.177809e+00
 5.280349e-01 -5.022524e-01 -1.198078e+00
 4.112593e-01 -1.449328e-01 -1.126013e+00
 1.571374e-01 1.314969e-01 -9.969652e-01
 -9.448772e-02 2.545525e-01 -9.424962e-01
 -4.973833e-01 3.673095e-01 -1.037541e+00
 -1.071214e+00 3.358176e-01 -1.273416e+00
 -1.493995e+00 2.391025e-01 -1.273485e+00
 -1.875883e+00 1.215188e-01 -1.095391e+00
 -2.147065e+00 1.303088e-02 -7.694037e-01
 -2.258016e+00 -6.641551e-02 -3.558044e-01
