 -1.428101e+00 8.201088e-01 1.109877e+00
 -1.355433e+00 8.644761e-01 8.847687e-01
 -1.336277e+00 8.582309e-01 6.832963e-01
 -1.355576e+00 8.736809e-01 4.749429e-01
 -1.332419e+00 9.884909e-01 1.906830e-01
 -1.012091e+00 1.600429e+00 -7.449827e-01
 -6.614282e-01 1.677115e+00 -1.167091e+00
 -2.130460e-01 1.525940e+00 -1.437056e+00
 1.953752e-01 1.189418e+00 -1.492059e+00
 3.770952e-01 8.092361e-01 -1.390240e+00
 3.663970e-01 4.067889e-01 -1.348629e+00
 3.820400e-01 -4.969672e-03 -1.528151e+00
 6.432402e-01 -3.611880e-01 -1.868143e+00
 1.102587e+00 -4.822532e-01 -2.179867e+00
 1.626420e+00 -3.463806e-01 -2.329837e+00
 2.069755e+00 -9.043260e-03 -2.268300e+00
 2.302117e+00 4.172767e-01 -2.021747e+00
 2.283478e+00 8.080640e-01 -1.637198e+00
 2.028704e+00 1.029135e+00 -1.200181e+00
 1.598426e+00 1.038940e+00 -8.606791e-01
 1.097160e+00 8.009233e-01 -6.748625e-01
 8.080929e-01 5.960191e-01 -4.453506e-01
 7.276416e-01 5.356915e-01 -3.224340e-01
 6.717823e-01 5.010991e-01 -1.548544e-01
 6.223307e-01 5.030312e-01 1.990139e-01
 6.215586e-01 5.457419e-01 5.414391e-01
 3.289705e-01 4.677113e-01 1.559864e+00
 1.183059e-01 3.244291e-01 1.883742e+00
 -1.468120e-01 7.879098e-02 2.087484e+00
 -4.192294e-01 -2.320744e-01 2.136051e+00
 -6.637589e-01 -5.721815e-01 2.015171e+00
 -8.357602e-01 -8.262172e-01 1.775352e+00
 -9.890155e-01 -9.471535e-01 1.482100e+00
 -1.277812e+00 -1.071448e+00 1.160567e+00
 -1.415410e+00 -1.251565e+00 8.412459e-01
 -1.412448e+00 -1.433074e+00 5.182607e-01
 -1.274606e+00 -1.583156e+00 1.951576e-01
 -1.025621e+00 -1.658073e+00 -8.212179e-02
 -6.977528e-01 -1.642665e+00 -2.810324e-01
 -3.353563e-01 -1.535722e+00 -3.711152e-01
 9.366739e-03 -1.348875e+00 -3.353132e-01
 2.985536e-01 -1.084481e+00 -1.676674e-01
 5.251185e-01 -6.401880e-01 2.042345e-01
 7.051531e-01 -4.795648e-01 4.127386e-01
 9.770668e-01 -3.998630e-01 6.469644e-01
 1.396194e+00 -4.455942e-01 8.002477e-01
 1.862006e+00 -5.144153e-01 7.297014e-01
 2.255983e+00 -5.239332e-01 4.326636e-01
 2.479197e+00 -4.437940e-01 -1.054956e-03
 2.480147e+00 -2.973530e-01 -4.787410e-01
 2.250382e+00 -1.450940e-01 -9.040517e-01
 1.656825e+00 5.594803e-02 -1.289159e+00
 1.537096e+00 1.280299e-01 -1.380454e+00
 1.410395e+00 2.478217e-01 -1.506011e+00
 1.357169e+00 3.426214e-01 -1.593280e+00
 1.302304e+00 4.510599e-01 -1.737971e+00
 1.177089e+00 5.358868e-01 -1.970896e+00
 9.975846e-01 5.727726e-01 -2.162901e+00
 7.558453e-01 5.832941e-01 -2.307294e+00
 4.637369e-01 5.696366e-01 -2.378874e+00
 1.502970e-01 5.600468e-01 -2.357307e+00
 -1.434662e-01 5.452285e-01 -2.238663e+00
 -3.896066e-01 5.338244e-01 -2.033713e+00
 -5.613436e-01 5.436988e-01 -1.761159e+00
 -6.376079e-01 5.641274e-01 -1.454454e+00
 -6.162690e-01 6.144473e-01 -1.142848e+00
 -5.050204e-01 6.872074e-01 -8.767068e-01
 -3.300426e-01 8.134637e-01 -6.616560e-01
 1.987145e-01 1.459648e+00 -2.547413e-01
 9.125426e-01 1.532515e+00 8.791749e-02
 1.471978e+00 1.127164e+00 2.733986e-01
 1.714825e+00 4.582227e-01 1.364963e-01
 1.480664e+00 -2.122590e-01 -2.231443e-01
 1.478198e+00 -6.013158e-01 -2.563331e-01
 1.441509e+00 -1.032783e+00 -6.886608e-02
 1.297302e+00 -1.337817e+00 2.727839e-01
 9.844438e-01 -1.447747e+00 6.903565e-01
 6.443274e-01 -1.317988e+00 1.032334e+00
 3.611131e-01 -9.979705e-01 1.243987e+00
 1.011798e-01 -5.827926e-01 1.244439e+00
 -2.670229e-01 -2.349002e-01 1.116319e+00
 -7.224373e-01 -4.240408e-02 1.098282e+00
 -1.322811e+00 -1.486938e-01 7.581807e-01
 -1.661005e+00 -1.107658e-01 6.943113e-01
 -2.026618e+00 1.036958e-01 6.628692e-01
 -2.279245e+00 4.547744e-01 6.655957e-01
 -2.364465e+00 8.824045e-01 6.816061e-01
 -2.261305e+00 1.311021e+00 6.932852e-01
 -1.985073e+00 1.657400e+00 6.980428e-01
 -1.584438e+00 1.855015e+00 7.063158e-01
 -1.135057e+00 1.863354e+00 7.032656e-01
 -7.234755e-01 1.681064e+00 6.580591e-01
 -4.301178e-01 1.332792e+00 5.828943e-01
 -3.399875e-01 9.638644e-01 5.287037e-01
 -4.157384e-01 1.862145e-01 1.491987e-01
 -4.356668e-01 -1.187686e-01 9.863852e-02
 -4.914605e-01 -4.135773e-01 1.308010e-01
 -5.550670e-01 -6.893929e-01 2.519203e-01
 -5.271254e-01 -9.192996e-01 4.258487e-01
 -4.327365e-01 -1.129263e+00 5.709921e-01
 -3.986140e-01 -1.431785e+00 7.375861e-01
 -5.069248e-01 -1.752527e+00 1.012518e+00
 -7.098974e-01 -1.935371e+00 1.296233e+00
 -9.678718e-01 -1.980877e+00 1.574890e+00
 -1.238667e+00 -1.893887e+00 1.812307e+00
 -1.485016e+00 -1.696566e+00 1.983559e+00
 -1.678349e+00 -1.421041e+00 2.075491e+00
 -1.799888e+00 -1.103316e+00 2.085308e+00
 -1.838658e+00 -7.506216e-01 2.018765e+00
 -1.620999e+00 4.301826e-01 1.568862e+00
 -1.528736e+00 6.748348e-01 1.361263e+00
