 -1.981583e+00 -1.558721e+00 -1.179707e+00
 -1.686911e+00 -1.651474e+00 -1.376592e+00
 -1.335950e+00 -1.625269e+00 -1.530983e+00
 -9.538605e-01 -1.461142e+00 -1.603492e+00
 -6.053848e-01 -1.141511e+00 -1.548173e+00
 -4.156152e-01 -7.093103e-01 -1.350332e+00
 -4.489005e-01 -3.854039e-01 -1.119689e+00
 -5.368011e-01 -6.616708e-02 -7.351562e-01
 -4.703581e-01 2.195002e-01 -5.117463e-01
 -2.467992e-01 7.016271e-01 -3.301995e-01
 -2.213240e-01 1.266576e+00 -1.091968e-01
 -2.783574e-01 1.591585e+00 1.479350e-01
 -2.567193e-01 1.824269e+00 7.381979e-01
 -1.032472e-01 1.636116e+00 1.392301e+00
 3.286369e-02 1.025669e+00 1.791642e+00
 8.764486e-02 3.171324e-01 1.699807e+00
 7.651540e-02 5.512143e-03 1.386509e+00
 2.578098e-02 -1.379449e-01 1.183933e+00
 -8.748244e-02 -2.688545e-01 9.284112e-01
 -3.088856e-01 -4.649286e-01 5.468355e-01
 -3.539718e-01 -6.197759e-01 2.365950e-01
 -2.890691e-01 -7.531370e-01 -4.736440e-02
 -1.230388e-01 -9.096631e-01 -2.962019e-01
 3.006485e-02 -1.009624e+00 -4.216661e-01
 2.866729e-01 -1.113748e+00 -5.907872e-01
 8.943376e-01 -1.362501e+00 -9.873619e-01
 1.333174e+00 -1.432423e+00 -1.138018e+00
 1.855538e+00 -1.345125e+00 -1.100664e+00
 2.262678e+00 -1.120972e+00 -8.580142e-01
 2.451213e+00 -8.415171e-01 -5.031419e-01
 2.421396e+00 -5.626049e-01 -1.581613e-01
 2.228626e+00 -3.307625e-01 1.278813e-01
 1.953074e+00 -2.220370e-01 3.164348e-01
 1.702560e+00 -2.612092e-01 5.024885e-01
 1.366036e+00 -3.721010e-01 1.001260e+00
 1.125725e+00 -4.893152e-01 1.290716e+00
 7.515642e-01 -6.766928e-01 1.707314e+00
 5.139714e-01 -7.563314e-01 1.888457e+00
 2.303408e-01 -7.853179e-01 1.997863e+00
 -6.126740e-02 -7.651972e-01 2.024671e+00
 -3.354811e-01 -7.039641e-01 1.975861e+00
 -6.043009e-01 -5.964866e-01 1.846481e+00
 -9.048719e-01 -3.931199e-01 1.560308e+00
 -1.165510e+00 -8.528782e-02 9.962491e-01
 -1.207867e+00 4.010286e-02 7.236723e-01
 -1.231492e+00 1.629555e-01 4.883651e-01
 -1.211942e+00 3.467535e-01 2.710747e-01
 -1.195807e+00 7.249984e-01 6.107556e-02
 -1.254617e+00 1.085436e+00 -2.452338e-01
 -1.115726e+00 1.347961e+00 -6.438937e-01
 -7.514613e-01 1.525212e+00 -9.588278e-01
 -2.980862e-01 1.567029e+00 -1.089584e+00
 1.339732e-01 1.487988e+00 -1.050015e+00
 5.261807e-01 1.291635e+00 -8.533247e-01
 9.421332e-01 7.895742e-01 -2.047140e-01
 1.094607e+00 6.597196e-01 -7.634576e-03
 1.309212e+00 6.531314e-01 2.007260e-01
 1.656366e+00 7.604887e-01 5.470633e-01
 1.946101e+00 6.848495e-01 8.134057e-01
 2.175320e+00 4.935998e-01 1.016648e+00
 2.342455e+00 2.220804e-01 1.151614e+00
 2.443989e+00 -1.168958e-01 1.209702e+00
 2.461299e+00 -5.068402e-01 1.165603e+00
 2.352987e+00 -9.005535e-01 9.965869e-01
 2.113253e+00 -1.196837e+00 6.865251e-01
 1.781912e+00 -1.272026e+00 2.722786e-01
 1.493136e+00 -1.063479e+00 -1.198383e-01
 1.425065e+00 -7.507617e-01 -3.654102e-01
 1.473647e+00 -4.847342e-01 -5.718710e-01
 1.670799e+00 1.423434e-01 -6.929764e-01
 1.814960e+00 5.235081e-01 -7.028693e-01
 1.868138e+00 8.240467e-01 -6.494017e-01
 1.849294e+00 1.123347e+00 -5.258695e-01
 1.755582e+00 1.375762e+00 -3.571110e-01
 1.598745e+00 1.563889e+00 -1.588047e-01
 1.396191e+00 1.663340e+00 4.332030e-02
 1.162269e+00 1.665465e+00 2.589660e-01
 9.064832e-01 1.553160e+00 4.707816e-01
 6.778591e-01 1.354244e+00 6.091015e-01
 5.548344e-01 1.178622e+00 6.616715e-01
 4.421076e-01 1.033301e+00 6.831487e-01
 2.438974e-01 8.849851e-01 7.197224e-01
 3.576426e-02 7.980274e-01 7.478916e-01
 -5.070431e-02 7.784731e-01 7.569895e-01
 -2.645695e-01 7.596716e-01 7.866511e-01
 -5.281179e-01 8.009104e-01 8.909328e-01
 -8.724485e-01 9.562807e-01 1.033128e+00
 -1.265752e+00 1.055998e+00 1.043509e+00
 -1.658430e+00 1.084664e+00 9.035721e-01
 -1.953936e+00 1.047165e+00 6.563171e-01
 -2.166393e+00 9.601566e-01 3.085258e-01
 -2.460757e+00 7.806063e-01 -3.531027e-01
 -2.574136e+00 6.281175e-01 -7.278037e-01
 -2.566024e+00 4.135731e-01 -1.034739e+00
 -2.459763e+00 1.615680e-01 -1.268152e+00
 -2.263987e+00 -1.057997e-01 -1.414845e+00
 -1.999137e+00 -3.604822e-01 -1.455237e+00
 -1.691712e+00 -5.704970e-01 -1.361557e+00
 -1.463804e+00 -6.709946e-01 -1.172889e+00
 -1.349775e+00 -7.926401e-01 -9.154436e-01
 -9.974552e-01 -1.431033e+00 -3.198742e-01
 -9.000423e-01 -1.560953e+00 -1.906565e-01
 -7.319857e-01 -1.681635e+00 -1.826810e-02
 -4.762758e-01 -1.745283e+00 1.822835e-01
 -1.445816e-01 -1.694420e+00 3.703527e-01
 2.115866e-01 -1.493031e+00 4.899149e-01
 5.220128e-01 -1.137890e+00 4.901906e-01
 6.760378e-01 -6.865571e-01 3.415025e-01
 6.310210e-01 -3.201232e-01 1.016974e-01
 4.727638e-01 7.793239e-02 -8.710057e-01
 3.715854e-01 2.811904e-01 -1.111388e+00
 1.211696e-01 4.844450e-01 -1.324311e+00
 -2.233063e-01 6.119853e-01 -1.446530e+00
 -6.116271e-01 6.495583e-01 -1.460527e+00
 -9.615429e-01 6.105156e-01 -1.366072e+00
 -1.255364e+00 5.077985e-01 -1.172926e+00
 -1.634247e+00 1.854961e-01 -6.702633e-01
 -1.810157e+00 -2.632523e-03 -4.692366e-01
 -2.097535e+00 -2.839777e-01 -4.167380e-01
 -2.294453e+00 -7.016183e-01 -5.246247e-01
 -2.315339e+00 -1.075434e+00 -7.263756e-01
 -2.198469e+00 -1.364878e+00 -9.560679e-01
