 -3.102069e-01 -2.352798e+00 7.195901e-01
 9.790606e-03 -2.100057e+00 7.970976e-01
 2.105590e-01 -1.739198e+00 8.302146e-01
 3.098939e-01 -9.383488e-01 7.873133e-01
 3.175756e-01 -4.495205e-01 6.978823e-01
 4.740344e-01 1.956121e-02 7.622940e-01
 9.926288e-01 4.701482e-01 5.215376e-01
 1.451545e+00 5.077103e-01 3.497971e-02
 1.529285e+00 4.184314e-01 -5.591434e-01
 1.578422e+00 4.219383e-01 -7.719606e-01
 1.711125e+00 3.093002e-01 -1.136886e+00
 1.873663e+00 8.341967e-02 -1.436828e+00
 1.977746e+00 -1.473723e-01 -1.599080e+00
 2.043295e+00 -4.293448e-01 -1.697597e+00
 2.060013e+00 -7.374804e-01 -1.721871e+00
 2.022134e+00 -1.043610e+00 -1.668680e+00
 1.928858e+00 -1.318602e+00 -1.542212e+00
 1.785033e+00 -1.534256e+00 -1.354497e+00
 1.601316e+00 -1.667094e+00 -1.124988e+00
 1.372540e+00 -1.705314e+00 -8.635796e-01
 1.054348e+00 -1.616507e+00 -5.667479e-01
 6.735386e-01 -1.405540e+00 -3.212232e-01
 3.189757e-01 -1.176208e+00 -2.080544e-01
 1.610575e-01 -1.038700e+00 -2.000327e-01
 -3.357970e-02 -8.305077e-01 -2.002159e-01
 -1.569230e-01 -6.211626e-01 -1.760314e-01
 -2.322200e-01 -3.814566e-01 -1.429221e-01
 -2.453485e-01 -1.406448e-01 -7.988810e-02
 -2.641219e-01 5.435734e-01 2.505544e-01
 -3.162922e-01 8.035175e-01 2.924867e-01
 -4.336230e-01 1.034228e+00 2.240587e-01
 -8.036632e-01 1.425424e+00 -1.537752e-01
 -1.049988e+00 1.765992e+00 -2.023532e-01
 -1.244042e+00 2.079489e+00 -9.706413e-02
 -1.438123e+00 2.331523e+00 1.544956e-01
 -1.586198e+00 2.468956e+00 5.064048e-01
 -1.681085e+00 2.460955e+00 8.999868e-01
 -1.713831e+00 2.305038e+00 1.272373e+00
 -1.672681e+00 2.025563e+00 1.566941e+00
 -1.564707e+00 1.662920e+00 1.734486e+00
 -1.411300e+00 1.268194e+00 1.740221e+00
 -1.262147e+00 9.120825e-01 1.576756e+00
 -1.147047e+00 6.596058e-01 1.282293e+00
 -1.117010e+00 5.335205e-01 9.260106e-01
 -1.277151e+00 4.925920e-01 4.312020e-01
 -1.257399e+00 4.371138e-01 -8.427367e-03
 -1.136716e+00 4.477100e-01 -3.491570e-01
 -9.429416e-01 4.993661e-01 -5.938481e-01
 -6.916348e-01 5.805551e-01 -7.441432e-01
 -3.935151e-01 6.914207e-01 -7.929140e-01
 -1.154736e-01 8.175035e-01 -7.397634e-01
 4.508860e-01 1.028592e+00 -4.290891e-01
 1.231198e+00 1.435009e+00 -4.597925e-01
 1.687949e+00 1.451982e+00 -4.638490e-01
 2.110693e+00 1.271499e+00 -4.432007e-01
 2.415096e+00 9.256649e-01 -4.135431e-01
 2.544016e+00 4.712840e-01 -3.993102e-01
 2.467492e+00 1.838530e-02 -4.249226e-01
 2.190661e+00 -3.788609e-01 -5.082148e-01
 1.763599e+00 -6.435020e-01 -6.979081e-01
 1.292844e+00 -7.028172e-01 -1.024648e+00
 1.150901e+00 -7.474975e-01 -1.123602e+00
 1.033633e+00 -7.869997e-01 -1.172313e+00
 6.567310e-01 -9.331675e-01 -1.245688e+00
 2.320966e-01 -1.169671e+00 -1.233946e+00
 -1.063602e-01 -1.383305e+00 -1.115387e+00
 -3.361529e-01 -1.521778e+00 -9.371701e-01
 -5.131082e-01 -1.610986e+00 -6.937188e-01
 -6.297830e-01 -1.643837e+00 -4.042926e-01
 -6.788286e-01 -1.613990e+00 -9.801739e-02
 -6.643049e-01 -1.484649e+00 2.845852e-01
 -7.057162e-01 -1.435143e+00 4.979735e-01
 -8.070973e-01 -1.435857e+00 7.682097e-01
 -1.038694e+00 -1.373251e+00 1.007095e+00
 -1.325192e+00 -1.179819e+00 1.186019e+00
 -1.588686e+00 -8.436401e-01 1.268246e+00
 -2.106959e+00 3.244944e-01 1.092598e+00
 -2.141260e+00 6.343859e-01 1.025753e+00
 -2.078037e+00 9.361894e-01 9.446878e-01
 -1.925974e+00 1.195216e+00 8.446572e-01
 -1.701478e+00 1.385817e+00 7.606917e-01
 -1.499014e+00 1.468032e+00 7.234819e-01
 -1.265232e+00 1.527682e+00 7.614885e-01
 -1.052228e+00 1.652837e+00 8.383543e-01
 -8.331485e-01 1.840243e+00 8.202529e-01
 -5.544418e-01 2.027971e+00 6.660214e-01
 -2.976259e-01 2.125235e+00 4.175077e-01
 -1.090779e-01 2.131613e+00 1.087309e-01
 1.930878e-01 1.899126e+00 -9.219313e-01
 3.302071e-01 1.725729e+00 -1.195585e+00
 4.886692e-01 1.459217e+00 -1.388580e+00
 6.150782e-01 1.128428e+00 -1.474062e+00
 6.877978e-01 7.720818e-01 -1.444511e+00
 6.933396e-01 4.366004e-01 -1.306272e+00
 6.500537e-01 1.863790e-01 -1.086620e+00
 6.240138e-01 8.907085e-03 -7.159510e-01
 6.631483e-01 -1.044082e-01 -5.188094e-01
 7.585253e-01 -2.204135e-01 -3.133951e-01
 9.382051e-01 -3.957040e-01 -1.005055e-01
 1.134520e+00 -5.092370e-01 7.471671e-02
 1.319253e+00 -5.876750e-01 4.674203e-01
 1.322898e+00 -6.130350e-01 9.230869e-01
 1.139465e+00 -5.758193e-01 1.337119e+00
 8.038045e-01 -5.058261e-01 1.623837e+00
 3.702292e-01 -4.336446e-01 1.735583e+00
 -7.372067e-02 -3.827657e-01 1.649607e+00
 -4.404717e-01 -3.662598e-01 1.384356e+00
 -8.444179e-01 -4.236501e-01 6.742981e-01
 -1.104096e+00 -5.035323e-01 4.130332e-01
 -1.375795e+00 -7.042750e-01 2.662645e-01
 -1.598974e+00 -1.033534e+00 2.037208e-01
 -1.690929e+00 -1.447714e+00 2.144683e-01
 -1.624746e+00 -1.853423e+00 2.967778e-01
 -1.417825e+00 -2.176023e+00 4.007403e-01
 -1.090335e+00 -2.391197e+00 5.023103e-01
 -6.987928e-01 -2.455324e+00 6.158504e-01
