 -2.184546e+00 7.991979e-01 -3.771106e-01
 -2.167434e+00 1.067110e+00 -6.394977e-01
 -2.007694e+00 1.323442e+00 -8.827737e-01
 -1.734384e+00 1.508968e+00 -1.077788e+00
 -1.389059e+00 1.608937e+00 -1.192029e+00
 -9.238357e-01 1.679039e+00 -1.278789e+00
 -3.374890e-01 1.756220e+00 -1.392185e+00
 -4.202921e-03 1.705479e+00 -1.442544e+00
 3.819184e-01 1.485048e+00 -1.443680e+00
 6.643910e-01 1.061965e+00 -1.368159e+00
 6.717637e-01 6.759776e-01 -1.301581e+00
 6.186365e-01 3.878636e-01 -1.364053e+00
 6.631067e-01 9.292137e-02 -1.426027e+00
 7.815986e-01 -3.147598e-01 -1.324784e+00
 9.643697e-01 -7.420320e-01 -1.113665e+00
 1.078421e+00 -1.094588e+00 -9.287329e-01
 1.078818e+00 -1.368245e+00 -7.695464e-01
 9.617888e-01 -1.667759e+00 -5.586395e-01
 7.564828e-01 -1.833731e+00 -3.876883e-01
 5.271797e-01 -1.951165e+00 -3.356162e-01
 3.086644e-01 -2.167139e+00 -3.100547e-01
 1.359098e-01 -2.449830e+00 -1.218841e-01
 -1.012830e-02 -2.657152e+00 2.473839e-01
 -8.350823e-02 -2.696719e+00 6.368061e-01
 -1.372042e-01 -2.586770e+00 1.000711e+00
 -1.594361e-01 -2.341707e+00 1.313138e+00
 -1.425663e-01 -1.980077e+00 1.518130e+00
 -1.176086e-01 -1.519584e+00 1.549224e+00
 -9.563593e-02 -1.102896e+00 1.382996e+00
 -1.160872e-01 -8.227192e-01 1.083485e+00
 -1.772103e-01 -7.036030e-01 7.691898e-01
 -3.616413e-01 -6.811186e-01 4.634163e-01
 -6.722551e-01 -7.900030e-01 6.691463e-02
 -8.990473e-01 -6.709317e-01 -3.427750e-01
 -1.068702e+00 -3.637886e-01 -6.461165e-01
 -1.175488e+00 2.474810e-02 -7.800381e-01
 -1.210643e+00 3.996279e-01 -7.647373e-01
 -1.205277e+00 7.206551e-01 -6.437342e-01
 -1.142849e+00 9.911200e-01 -4.206803e-01
 -1.419948e+00 1.443391e+00 1.219419e-01
 -1.475360e+00 1.580298e+00 3.819054e-01
 -1.423807e+00 1.715584e+00 7.136443e-01
 -1.239258e+00 1.806449e+00 1.041567e+00
 -9.299675e-01 1.829357e+00 1.305821e+00
 -4.977232e-01 1.747854e+00 1.469980e+00
 -1.048918e-01 1.579008e+00 1.449205e+00
 1.620012e-01 1.447604e+00 1.268075e+00
 3.853823e-01 1.446194e+00 1.097308e+00
 7.261640e-01 1.411789e+00 1.007524e+00
 1.041690e+00 1.188773e+00 9.310655e-01
 1.254609e+00 7.972384e-01 8.108878e-01
 1.291830e+00 4.252173e-01 6.985843e-01
 1.177163e+00 5.054130e-02 5.937696e-01
 9.648858e-01 -3.390884e-01 4.733659e-01
 7.701713e-01 -6.172134e-01 2.947414e-01
 4.968061e-01 -8.751674e-01 -2.230897e-02
 1.766080e-01 -9.881912e-01 -4.307468e-01
 5.993489e-02 -1.167916e+00 -8.006769e-01
 1.193536e-01 -1.463350e+00 -1.144285e+00
 3.086249e-01 -1.855068e+00 -1.335802e+00
 5.572430e-01 -2.233282e+00 -1.323268e+00
 7.935698e-01 -2.518058e+00 -1.150116e+00
 9.684970e-01 -2.694857e+00 -8.899451e-01
 1.078718e+00 -2.775275e+00 -5.957622e-01
 1.131911e+00 -2.774642e+00 -2.957909e-01
 1.130843e+00 -2.701559e+00 -2.054009e-03
 1.071891e+00 -2.550771e+00 2.812895e-01
 9.369352e-01 -2.311992e+00 5.242816e-01
 6.911843e-01 -2.021613e+00 6.720924e-01
 3.917401e-01 -1.774417e+00 6.554457e-01
 7.307109e-02 -1.673793e+00 5.472734e-01
 -2.591504e-01 -1.690635e+00 5.213709e-01
 -5.663013e-01 -1.681201e+00 6.290880e-01
 -8.474298e-01 -1.532053e+00 8.142118e-01
 -1.061235e+00 -1.220660e+00 9.911446e-01
 -1.140438e+00 -8.563156e-01 1.113872e+00
 -1.102708e+00 -5.418788e-01 1.166341e+00
 -8.667817e-01 8.405645e-02 1.215622e+00
 -7.829470e-01 3.352707e-01 1.194235e+00
 -7.013409e-01 6.326354e-01 1.081486e+00
 -6.519661e-01 8.426427e-01 9.320584e-01
 -5.476830e-01 1.199209e+00 5.750705e-01
 -4.263492e-01 1.542575e+00 4.402942e-01
 -2.828922e-01 1.920670e+00 4.722527e-01
 -9.746012e-02 2.218528e+00 6.326307e-01
 1.092329e-01 2.401047e+00 8.709108e-01
 3.232832e-01 2.462210e+00 1.148168e+00
 5.210382e-01 2.398680e+00 1.441663e+00
 6.913257e-01 2.208936e+00 1.712554e+00
 8.094611e-01 1.901356e+00 1.922307e+00
 8.442113e-01 1.505444e+00 2.030751e+00
 7.997826e-01 1.075310e+00 1.982661e+00
 6.635754e-01 6.891243e-01 1.759788e+00
 4.556302e-01 4.564194e-01 1.390938e+00
 2.808503e-01 4.391055e-01 9.704969e-01
 2.760470e-01 5.671191e-01 5.787712e-01
 3.498000e-01 8.896691e-01 1.809364e-01
 2.535527e-01 1.040247e+00 -1.012106e-01
 -1.412033e-02 1.060664e+00 -5.291274e-01
 -2.272686e-01 8.883541e-01 -8.580191e-01
 -3.276730e-01 7.652510e-01 -1.146574e+00
 -3.360245e-01 7.304768e-01 -1.503540e+00
 -2.077579e-01 7.328727e-01 -1.857776e+00
 5.980505e-02 7.369443e-01 -2.144589e+00
 4.174447e-01 7.220531e-01 -2.310301e+00
 8.117482e-01 6.792926e-01 -2.328100e+00
 1.181232e+00 6.129900e-01 -2.196569e+00
 1.471711e+00 5.215951e-01 -1.931402e+00
 1.632264e+00 4.208085e-01 -1.569129e+00
 1.632462e+00 3.296135e-01 -1.166555e+00
 1.472803e+00 2.682973e-01 -7.993741e-01
 1.188224e+00 2.160416e-01 -5.295461e-01
 8.293235e-01 1.498747e-01 -3.971890e-01
 3.591772e-01 5.912871e-02 -4.038161e-01
 -7.835658e-02 4.209544e-02 -2.858949e-01
 -4.999807e-01 2.400240e-01 -3.838574e-02
 -7.260717e-01 2.360637e-01 1.307556e-01
 -1.067919e+00 1.910373e-01 2.349608e-01
 -1.471059e+00 2.504742e-01 2.340347e-01
 -1.817887e+00 3.785047e-01 9.974564e-02
 -2.064171e+00 5.649840e-01 -1.175171e-01
