 -1.029159e+00 1.387771e+00 6.309614e-01
 -8.102490e-01 1.581671e+00 3.770284e-01
 -6.016590e-01 1.642601e+00 6.657635e-02
 -4.123190e-01 1.558981e+00 -2.504206e-01
 -2.427690e-01 1.337851e+00 -5.161529e-01
 -1.025990e-01 1.001281e+00 -6.895969e-01
 -3.435897e-02 6.326907e-01 -7.276822e-01
 1.149103e-02 2.305207e-01 -6.080653e-01
 5.364103e-02 -5.386929e-02 -3.364858e-01
 3.080810e-01 -2.889693e-01 6.478935e-02
 3.962210e-01 -5.120393e-01 3.000924e-01
 3.666510e-01 -7.376493e-01 5.080974e-01
 2.712510e-01 -8.978193e-01 7.397884e-01
 9.648103e-02 -1.016459e+00 9.586494e-01
 -1.337690e-01 -1.060129e+00 1.162489e+00
 -3.848390e-01 -1.021689e+00 1.328525e+00
 -6.372390e-01 -9.076693e-01 1.445408e+00
 -1.643949e+00 -1.595493e-01 1.678948e+00
 -1.939239e+00 9.892071e-02 1.603323e+00
 -2.175069e+00 3.268707e-01 1.390997e+00
 -2.319409e+00 5.098907e-01 1.063298e+00
 -2.337789e+00 6.095107e-01 7.267514e-01
 -2.250819e+00 6.196607e-01 3.689464e-01
 -2.151359e+00 5.316507e-01 1.292094e-01
 -2.100509e+00 3.548907e-01 -1.031966e-01
 -2.208459e+00 1.227207e-01 -5.939632e-01
 -2.174109e+00 -1.094693e-01 -8.857419e-01
 -2.030479e+00 -3.808893e-01 -1.103739e+00
 -1.799819e+00 -6.566293e-01 -1.214298e+00
 -1.486959e+00 -9.024193e-01 -1.209468e+00
 -1.156509e+00 -1.050169e+00 -1.093770e+00
 -8.415590e-01 -1.089169e+00 -8.779154e-01
 -6.103490e-01 -1.022989e+00 -5.942755e-01
 -5.056290e-01 -9.109993e-01 -2.830546e-01
 -5.431790e-01 -8.507793e-01 4.676135e-02
 -6.198690e-01 -6.668593e-01 2.862124e-01
 -6.133490e-01 -4.342393e-01 4.937064e-01
 -4.917790e-01 -2.195093e-01 7.107724e-01
 -3.478890e-01 -1.008493e-01 8.889314e-01
 4.145010e-01 1.583007e-01 1.699378e+00
 7.395610e-01 2.098507e-01 1.860810e+00
 1.112461e+00 2.327007e-01 1.903646e+00
 1.474601e+00 2.209107e-01 1.819263e+00
 1.782081e+00 1.602207e-01 1.625983e+00
 2.004361e+00 6.471071e-02 1.335566e+00
 2.097991e+00 -2.909929e-02 9.972194e-01
 2.054941e+00 -1.029093e-01 6.321474e-01
 1.868631e+00 -1.606193e-01 3.461784e-01
 1.702181e+00 -2.621593e-01 1.964504e-01
 1.555431e+00 -4.206493e-01 7.482535e-02
 1.150991e+00 -1.016689e+00 -1.346106e-01
 9.590110e-01 -1.220779e+00 -1.680156e-01
 7.254510e-01 -1.393779e+00 -1.670956e-01
 -1.959790e-01 -1.842449e+00 -3.237265e-02
 -5.106090e-01 -1.889949e+00 -7.411646e-03
 -8.329790e-01 -1.838959e+00 -2.064647e-05
 -1.131289e+00 -1.687009e+00 -1.363365e-02
 -1.368249e+00 -1.443389e+00 -5.124565e-02
 -1.507629e+00 -1.139639e+00 -9.684865e-02
 -1.539219e+00 -7.946793e-01 -1.804526e-01
 -1.455639e+00 -5.075593e-01 -2.643876e-01
 -1.281639e+00 -2.681193e-01 -3.958079e-01
 -1.084119e+00 -1.038893e-01 -7.052906e-01
 -6.979190e-01 6.071429e-05 -1.288769e+00
 -4.976490e-01 5.075071e-02 -1.469681e+00
 -2.623590e-01 1.224107e-01 -1.594682e+00
 -9.428968e-03 2.151607e-01 -1.655868e+00
 2.428610e-01 3.277007e-01 -1.650271e+00
 1.073751e+00 7.666707e-01 -1.394437e+00
 1.320871e+00 8.344507e-01 -1.267128e+00
 1.591111e+00 8.273707e-01 -1.085337e+00
 1.786561e+00 7.535307e-01 -9.039319e-01
 1.909271e+00 6.358107e-01 -7.477982e-01
 2.004111e+00 4.424207e-01 -6.244936e-01
 2.124111e+00 2.793907e-01 -5.658665e-01
 2.368771e+00 -5.076929e-02 -5.468639e-01
 2.493101e+00 -3.851893e-01 -4.391949e-01
 2.519751e+00 -6.995293e-01 -2.363216e-01
 2.445801e+00 -9.477993e-01 3.368435e-02
 2.283291e+00 -1.096089e+00 3.343984e-01
 2.032711e+00 -1.132759e+00 6.368494e-01
 1.779881e+00 -1.063119e+00 8.464884e-01
 1.519691e+00 -9.039193e-01 9.773624e-01
 1.272311e+00 -6.436693e-01 1.036488e+00
 1.108881e+00 -3.109593e-01 1.026623e+00
 1.037551e+00 -5.123929e-02 9.241994e-01
 1.097161e+00 2.529907e-01 8.667484e-01
 1.286281e+00 5.626607e-01 7.973344e-01
 1.528991e+00 7.804807e-01 6.184964e-01
 2.449641e+00 1.069011e+00 4.082335e-02
 2.699531e+00 1.073531e+00 -2.330426e-01
 2.856951e+00 9.979907e-01 -5.618389e-01
 2.900341e+00 8.516807e-01 -9.014574e-01
 2.822441e+00 6.545307e-01 -1.207712e+00
 2.632201e+00 4.437107e-01 -1.440444e+00
 2.367611e+00 2.231307e-01 -1.561693e+00
 2.057821e+00 1.634071e-02 -1.554872e+00
 1.719521e+00 -1.331293e-01 -1.417578e+00
 1.408761e+00 -1.821193e-01 -1.169265e+00
 1.189671e+00 -1.082293e-01 -8.751639e-01
 1.048851e+00 9.008071e-02 -6.228445e-01
 9.940210e-01 3.918307e-01 -3.611011e-01
 8.472010e-01 5.929107e-01 -1.365716e-01
 6.156210e-01 7.229407e-01 6.573435e-02
 3.692910e-01 7.611307e-01 2.111594e-01
 4.230103e-02 7.497407e-01 2.954684e-01
 -2.659790e-01 6.943207e-01 2.834924e-01
 -5.434990e-01 6.208007e-01 1.651694e-01
 -7.422390e-01 6.116507e-01 6.749354e-03
 -9.826090e-01 7.175907e-01 -1.421056e-01
 -1.578679e+00 1.135161e+00 -5.020367e-01
 -1.935529e+00 1.234461e+00 -5.999177e-01
 -2.317139e+00 1.219721e+00 -6.166434e-01
 -2.668759e+00 1.098461e+00 -5.463758e-01
 -2.941899e+00 8.817307e-01 -4.126749e-01
 -3.101499e+00 5.983907e-01 -2.362506e-01
 -3.128769e+00 2.825307e-01 -4.573065e-02
 -3.023309e+00 -1.533929e-02 1.485984e-01
 -2.803119e+00 -2.437093e-01 3.369264e-01
 -2.493969e+00 -3.784893e-01 4.890264e-01
 -2.146809e+00 -3.923793e-01 5.909954e-01
 -1.804229e+00 -2.783193e-01 6.537024e-01
 -1.531479e+00 -6.368929e-02 6.636654e-01
 -1.362099e+00 2.795007e-01 7.598574e-01
 -1.304479e+00 7.137507e-01 8.529114e-01
 -1.206779e+00 1.080921e+00 7.962974e-01
