 2.314097e+00 1.414900e+00 7.760700e-01
 2.415227e+00 1.021128e+00 9.583095e-01
 2.358814e+00 5.675113e-01 1.029110e+00
 2.174859e+00 1.554647e-01 9.227486e-01
 2.010417e+00 -6.178763e-02 6.786592e-01
 1.984119e+00 -2.693282e-01 3.718212e-01
 1.923126e+00 -6.206683e-01 1.953437e-01
 1.735304e+00 -1.047734e+00 1.030650e-01
 1.523379e+00 -1.488625e+00 4.431345e-02
 1.291161e+00 -1.791832e+00 -2.096614e-02
 9.483381e-01 -1.989979e+00 -1.210963e-01
 5.203355e-01 -2.034216e+00 -2.386124e-01
 6.057275e-02 -1.865214e+00 -3.275605e-01
 -1.843765e-01 -1.561189e+00 -3.523374e-01
 -2.832440e-01 -1.260368e+00 -4.955115e-01
 -4.278764e-01 -1.107882e+00 -6.470200e-01
 -8.137693e-01 -8.062009e-01 -9.046619e-01
 -1.138742e+00 -4.479650e-01 -1.149154e+00
 -1.341146e+00 -1.601996e-01 -1.242160e+00
 -1.516974e+00 2.289702e-01 -1.216672e+00
 -1.587435e+00 6.224730e-01 -1.066794e+00
 -1.512863e+00 9.442537e-01 -8.796847e-01
 -1.233588e+00 1.269167e+00 -7.077553e-01
 -9.901967e-01 1.494737e+00 -5.425656e-01
 -6.774281e-01 1.606192e+00 -3.114717e-01
 -3.108485e-01 1.572178e+00 -7.961964e-02
 7.322194e-02 1.379868e+00 9.718445e-02
 3.650126e-01 1.079399e+00 1.540960e-01
 5.086787e-01 8.691689e-01 9.842048e-02
 7.336550e-01 4.680562e-01 -4.557628e-02
 8.551216e-01 2.250414e-01 2.084788e-02
 9.584648e-01 -1.711000e-01 4.060129e-01
 1.050508e+00 -4.504133e-01 7.713935e-01
 1.270847e+00 -7.036909e-01 1.002996e+00
 1.622753e+00 -8.907090e-01 1.146515e+00
 2.040879e+00 -9.729443e-01 1.155353e+00
 2.446720e+00 -9.156742e-01 1.055525e+00
 2.771570e+00 -7.317999e-01 8.758275e-01
 2.968852e+00 -4.559206e-01 6.427273e-01
 3.008883e+00 -1.339254e-01 3.892649e-01
 2.885035e+00 1.970222e-01 1.715513e-01
 2.605547e+00 4.872782e-01 2.301913e-02
 2.219166e+00 6.841821e-01 -2.206133e-04
 1.860587e+00 7.660919e-01 1.151824e-01
 1.665433e+00 7.919097e-01 2.691581e-01
 1.415707e+00 8.432823e-01 6.535869e-01
 1.005977e+00 6.652871e-01 1.009575e+00
 6.203568e-01 4.327864e-01 1.169608e+00
 3.699728e-01 1.704407e-01 1.217631e+00
 2.444329e-02 -2.916982e-01 1.192957e+00
 -2.498641e-01 -5.675656e-01 1.051858e+00
 -4.548524e-01 -7.041518e-01 8.321656e-01
 -6.397858e-01 -9.209716e-01 4.618500e-01
 -1.008374e+00 -1.189627e+00 2.013631e-01
 -1.159333e+00 -1.415944e+00 1.372707e-02
 -1.215165e+00 -1.682435e+00 -3.192959e-01
 -1.105349e+00 -1.875187e+00 -6.931260e-01
 -8.583567e-01 -1.953584e+00 -1.023779e+00
 -5.218015e-01 -1.923676e+00 -1.258240e+00
 -1.432110e-01 -1.805468e+00 -1.360872e+00
 2.203531e-01 -1.616927e+00 -1.316843e+00
 5.175292e-01 -1.393945e+00 -1.122596e+00
 6.902124e-01 -1.174716e+00 -8.043189e-01
 7.102479e-01 -1.031713e+00 -4.449219e-01
 6.299974e-01 -1.001961e+00 -6.764145e-02
 4.854973e-01 -1.150396e+00 3.178338e-01
 1.997785e-01 -1.493278e+00 6.803800e-01
 -3.983939e-02 -1.669164e+00 8.704617e-01
 -4.010668e-01 -1.738308e+00 1.056453e+00
 -8.021471e-01 -1.654132e+00 1.175236e+00
 -1.215002e+00 -1.442976e+00 1.190481e+00
 -1.485976e+00 -1.235137e+00 1.092760e+00
 -1.823072e+00 -9.127296e-01 8.479740e-01
 -2.127247e+00 -5.773995e-01 6.050924e-01
 -2.238605e+00 -2.843275e-01 4.357029e-01
 -2.219414e+00 8.144428e-02 2.660048e-01
 -2.005854e+00 5.070040e-01 1.348009e-01
 -1.681723e+00 7.655856e-01 1.002635e-01
 -1.329345e+00 9.116942e-01 2.315383e-01
 -9.239543e-01 8.826551e-01 3.668755e-01
 -5.617494e-01 6.873225e-01 4.547195e-01
 -3.049685e-01 3.744430e-01 4.265986e-01
 -1.408471e-01 5.297169e-02 2.469902e-01
 -5.387004e-02 -2.326686e-01 -2.290446e-02
 9.202658e-02 -2.460410e-01 -5.422343e-01
 3.532554e-02 -1.993646e-01 -9.318990e-01
 -1.691938e-01 -8.672407e-02 -1.272177e+00
 -3.948746e-01 1.601223e-01 -1.502261e+00
 -6.442503e-01 5.530460e-01 -1.631420e+00
 -8.738303e-01 9.503659e-01 -1.717715e+00
 -1.156248e+00 1.348569e+00 -1.754647e+00
 -1.399951e+00 1.605703e+00 -1.681821e+00
 -1.668992e+00 1.818899e+00 -1.466078e+00
 -1.880711e+00 1.924606e+00 -1.149633e+00
 -1.993647e+00 1.926657e+00 -8.280722e-01
 -2.056622e+00 1.824210e+00 -3.295451e-01
 -2.096058e+00 1.721742e+00 9.336242e-02
 -2.120136e+00 1.570474e+00 5.395383e-01
 -2.081002e+00 1.355602e+00 8.344669e-01
 -1.970537e+00 1.044572e+00 1.051466e+00
 -1.786590e+00 6.781038e-01 1.135776e+00
 -1.546734e+00 3.145250e-01 1.048881e+00
 -1.315753e+00 3.446643e-02 7.965817e-01
 -1.234299e+00 -9.203114e-02 4.995151e-01
 -1.138966e+00 -1.180288e-01 2.237991e-02
 -1.006058e+00 9.764587e-02 -3.085893e-01
 -7.956671e-01 3.373079e-01 -4.916347e-01
 -4.270642e-01 6.523298e-01 -5.971108e-01
 -4.691530e-02 8.678478e-01 -7.889072e-01
 2.527537e-01 1.065749e+00 -8.760006e-01
 5.835515e-01 1.284281e+00 -8.320204e-01
 8.389876e-01 1.426739e+00 -6.828565e-01
 1.204376e+00 1.597111e+00 -3.509599e-01
 1.544335e+00 1.754403e+00 -3.891021e-02
 1.824583e+00 1.800067e+00 2.348409e-01
 2.096664e+00 1.686588e+00 5.226578e-01
