 -2.702775e+00 4.342639e-01 -1.351012e+00
 -2.453682e+00 6.409183e-01 -1.489099e+00
 -2.131332e+00 7.679874e-01 -1.570904e+00
 -1.766063e+00 7.963882e-01 -1.582322e+00
 -1.401884e+00 6.913817e-01 -1.542142e+00
 -1.199600e+00 5.223131e-01 -1.496366e+00
 -9.013481e-01 1.736323e-01 -1.524855e+00
 -6.299794e-01 -1.127668e-02 -1.489580e+00
 -3.716132e-01 -1.783228e-01 -1.348020e+00
 -6.111867e-02 -3.603400e-01 -1.009454e+00
 2.290912e-01 -5.332946e-01 -6.349885e-01
 4.669665e-01 -6.498801e-01 -2.911865e-01
 6.017022e-01 -6.626263e-01 4.438995e-02
 6.604949e-01 -5.553416e-01 3.918660e-01
 6.809383e-01 -3.297896e-01 6.549252e-01
 6.368649e-01 -5.156014e-02 8.745246e-01
 4.034081e-01 2.931942e-01 1.031512e+00
 1.475870e-01 6.253164e-01 9.932972e-01
 -4.365728e-02 8.478859e-01 8.461978e-01
 -3.872703e-01 1.228674e+00 3.778079e-01
 -6.862496e-01 1.546622e+00 -5.862233e-02
 -7.938207e-01 1.649546e+00 -3.098550e-01
 -8.586163e-01 1.688263e+00 -6.525782e-01
 -8.397216e-01 1.623562e+00 -1.030268e+00
 -7.143278e-01 1.456884e+00 -1.370694e+00
 -4.841511e-01 1.213752e+00 -1.613340e+00
 -2.697374e-01 9.528625e-01 -1.678453e+00
 -4.163129e-02 7.772472e-01 -1.669719e+00
 2.044198e-01 6.128386e-01 -1.566165e+00
 4.735152e-01 4.457840e-01 -1.327888e+00
 7.610884e-01 2.681948e-01 -1.019795e+00
 1.129949e+00 4.489200e-02 -5.778852e-01
 1.275955e+00 2.735732e-03 -2.854665e-01
 1.348009e+00 4.650023e-02 -2.983684e-02
 1.421933e+00 1.764351e-01 2.074153e-01
 1.583279e+00 3.406268e-01 3.999896e-01
 1.927550e+00 4.211429e-01 6.318462e-01
 2.255876e+00 3.127665e-01 8.642880e-01
 2.486643e+00 5.195504e-02 1.099417e+00
 2.571868e+00 -3.074899e-01 1.316244e+00
 2.487785e+00 -6.903347e-01 1.480081e+00
 2.243417e+00 -1.027218e+00 1.589781e+00
 1.864434e+00 -1.246655e+00 1.632893e+00
 1.444375e+00 -1.286120e+00 1.612829e+00
 1.105839e+00 -1.156687e+00 1.611387e+00
 8.543759e-01 -9.497580e-01 1.730126e+00
 6.005206e-01 -8.410173e-01 1.968257e+00
 2.111892e-01 -8.975748e-01 2.162098e+00
 -2.022851e-01 -1.023616e+00 2.164541e+00
 -5.713647e-01 -1.136544e+00 1.986941e+00
 -8.518332e-01 -1.196255e+00 1.661971e+00
 -9.910865e-01 -1.179666e+00 1.239306e+00
 -9.511825e-01 -1.071305e+00 7.860738e-01
 -7.357461e-01 -8.492153e-01 4.145452e-01
 -4.698631e-01 -5.921080e-01 2.755219e-01
 -2.176707e-01 -6.614377e-02 2.169247e-01
 -4.800497e-02 1.356645e-01 1.178444e-01
 1.692468e-01 2.786134e-01 1.764139e-02
 4.257657e-01 4.952925e-01 1.235053e-02
 6.791713e-01 8.251171e-01 -3.913440e-02
 9.867890e-01 1.011629e+00 -2.242393e-01
 1.458682e+00 1.020156e+00 -3.913049e-01
 1.894401e+00 8.101172e-01 -4.695892e-01
 2.205063e+00 4.636007e-01 -4.168487e-01
 2.347268e+00 7.812474e-02 -2.614085e-01
 2.324203e+00 -2.780609e-01 -2.175268e-02
 2.149000e+00 -5.439339e-01 2.935929e-01
 1.877016e+00 -6.398029e-01 6.266935e-01
 1.632703e+00 -5.375120e-01 9.184861e-01
 1.541960e+00 -3.363285e-01 1.217378e+00
 1.562369e+00 -2.419165e-01 1.497536e+00
 1.600882e+00 -2.646532e-01 1.846493e+00
 1.598338e+00 -4.108726e-01 2.166942e+00
 1.543441e+00 -6.365507e-01 2.407987e+00
 1.443897e+00 -9.160725e-01 2.564089e+00
 1.310207e+00 -1.188816e+00 2.622264e+00
 1.139778e+00 -1.450433e+00 2.589888e+00
 9.253561e-01 -1.668394e+00 2.475501e+00
 6.990713e-01 -1.819467e+00 2.276094e+00
 4.846245e-01 -1.879045e+00 1.996427e+00
 2.950072e-01 -1.807787e+00 1.675718e+00
 1.386574e-01 -1.582895e+00 1.362463e+00
 5.089128e-02 -1.241894e+00 1.167138e+00
 1.847851e-03 -8.887745e-01 1.144954e+00
 -1.323258e-01 -5.912875e-01 1.234638e+00
 -3.655010e-01 -3.594052e-01 1.267612e+00
 -6.380604e-01 -1.801582e-01 1.209221e+00
 -8.882749e-01 -5.450607e-02 1.055791e+00
 -1.222332e+00 4.588009e-02 7.072424e-01
 -1.502656e+00 1.167746e-01 3.734465e-01
 -1.816445e+00 1.942142e-01 -6.786524e-02
 -1.922747e+00 1.976190e-01 -4.234414e-01
 -1.909481e+00 1.296430e-01 -7.638096e-01
 -1.870783e+00 -1.713437e-03 -9.605708e-01
 -1.876259e+00 -1.485903e-01 -1.150857e+00
 -1.901503e+00 -2.322033e-01 -1.526601e+00
 -1.819400e+00 -1.710378e-01 -1.945541e+00
 -1.650403e+00 3.654786e-03 -2.261638e+00
 -1.428522e+00 2.192291e-01 -2.447499e+00
 -1.008436e+00 6.251899e-01 -2.566824e+00
 -6.865518e-01 9.332769e-01 -2.628651e+00
 -3.750287e-01 1.219450e+00 -2.652270e+00
 -1.348073e-01 1.414597e+00 -2.575742e+00
 1.011134e-01 1.579813e+00 -2.393951e+00
 2.984145e-01 1.687943e+00 -2.110285e+00
 4.189658e-01 1.713418e+00 -1.745688e+00
 4.266248e-01 1.638204e+00 -1.344083e+00
 2.975587e-01 1.460350e+00 -9.744053e-01
 5.838649e-02 1.199216e+00 -7.282793e-01
 -1.373948e-01 9.665161e-01 -6.760924e-01
 -3.818020e-01 7.600709e-01 -6.710487e-01
 -6.984061e-01 4.646749e-01 -5.729929e-01
 -8.351591e-01 2.430320e-01 -5.145029e-01
 -1.042727e+00 -3.632716e-01 -5.129715e-01
 -1.268280e+00 -6.212903e-01 -4.052584e-01
 -1.691937e+00 -8.095372e-01 -3.523176e-01
 -2.143760e+00 -8.155036e-01 -3.987697e-01
 -2.524004e+00 -6.685140e-01 -5.367676e-01
 -2.776225e+00 -4.233348e-01 -7.355702e-01
 -2.884591e+00 -1.299577e-01 -9.554262e-01
 -2.854354e+00 1.680122e-01 -1.167938e+00
