 -3.559594e-01 -8.584085e-01 -4.713399e-01
 -3.227307e-01 -1.176904e+00 -2.889549e-01
 -2.453002e-01 -1.461692e+00 3.250620e-02
 7.880409e-02 -1.601643e+00 4.780355e-01
 3.643199e-01 -1.407106e+00 9.517887e-01
 5.378845e-01 -9.237766e-01 1.266056e+00
 5.537716e-01 -3.282093e-01 1.304148e+00
 3.991634e-01 1.802866e-01 1.071701e+00
 -4.370056e-03 6.439880e-01 3.552127e-01
 -8.856782e-01 9.155953e-01 -6.618549e-01
 -1.371567e+00 1.044986e+00 -8.238137e-01
 -1.860282e+00 1.234633e+00 -7.167888e-01
 -2.212018e+00 1.430420e+00 -3.719932e-01
 -2.339093e+00 1.580702e+00 1.119323e-01
 -2.220120e+00 1.649084e+00 6.049320e-01
 -1.900822e+00 1.603152e+00 9.986103e-01
 -1.457898e+00 1.463607e+00 1.195765e+00
 -1.032175e+00 1.334572e+00 1.151871e+00
 -7.111034e-01 1.330866e+00 9.675973e-01
 -4.650396e-01 1.427203e+00 8.307818e-01
 3.861653e-01 2.107311e+00 -6.232425e-03
 6.335549e-01 2.172121e+00 -2.701139e-01
 8.876491e-01 2.100214e+00 -5.606324e-01
 1.098295e+00 1.879387e+00 -8.404338e-01
 1.224752e+00 1.486220e+00 -1.087270e+00
 1.144909e+00 3.776965e-01 -1.463982e+00
 1.099116e+00 7.679744e-02 -1.477190e+00
 1.054370e+00 -2.372372e-01 -1.388695e+00
 9.952071e-01 -5.114341e-01 -1.199854e+00
 9.063380e-01 -7.070224e-01 -9.350010e-01
 7.695848e-01 -8.124749e-01 -6.440713e-01
 6.600518e-01 -8.490237e-01 -3.318128e-01
 5.697613e-01 -7.775749e-01 9.895182e-03
 3.292662e-01 -6.059525e-01 2.802705e-01
 8.403608e-02 -5.475635e-01 3.961043e-01
 -1.304480e-01 -5.622845e-01 5.345510e-01
 -4.791715e-01 -7.441609e-01 8.538407e-01
 -8.758031e-01 -7.689115e-01 1.036246e+00
 -1.278399e+00 -6.403095e-01 1.110269e+00
 -1.617495e+00 -3.950407e-01 1.062572e+00
 -1.834943e+00 -6.304304e-02 9.278830e-01
 -1.896922e+00 2.960214e-01 7.359006e-01
 -1.805901e+00 6.127626e-01 5.202986e-01
 -1.430714e+00 1.046222e+00 2.371463e-01
 -1.297552e+00 1.449284e+00 1.464666e-01
 -1.234676e+00 1.799757e+00 2.194473e-01
 -1.128175e+00 2.127628e+00 4.681955e-01
 -9.905525e-01 2.312965e+00 8.001419e-01
 -7.880732e-01 2.345952e+00 1.159241e+00
 -5.795470e-01 2.210794e+00 1.493017e+00
 -4.166730e-01 1.931658e+00 1.751592e+00
 -3.235052e-01 1.557509e+00 1.892965e+00
 -3.112820e-01 1.149618e+00 1.895757e+00
 -3.784294e-01 7.727575e-01 1.760775e+00
 -5.113189e-01 4.856386e-01 1.509907e+00
 -7.125966e-01 3.079755e-01 1.133370e+00
 -8.674590e-01 1.985262e-01 6.900686e-01
 -9.258340e-01 1.026388e-01 4.813610e-01
 -9.770433e-01 2.440696e-02 3.796644e-01
 -1.057237e+00 -1.605863e-01 2.281856e-01
 -1.112379e+00 -2.954817e-01 1.595443e-01
 -1.330835e+00 -1.070607e+00 -1.262577e-01
 -1.303950e+00 -1.431666e+00 -2.938477e-01
 -1.182064e+00 -1.695319e+00 -4.285701e-01
 -9.937494e-01 -1.910229e+00 -5.450844e-01
 -1.241175e-01 -2.611037e+00 -9.720009e-01
 3.361669e-01 -2.694425e+00 -1.118863e+00
 7.693361e-01 -2.585832e+00 -1.184606e+00
 1.108368e+00 -2.352432e+00 -1.162232e+00
 1.386755e+00 -2.001672e+00 -1.040361e+00
 1.649773e+00 -1.447319e+00 -7.117171e-01
 1.718374e+00 -1.027166e+00 -3.499828e-01
 1.517425e+00 -5.801268e-01 2.808649e-01
 1.319933e+00 9.540609e-02 5.647828e-01
 1.121060e+00 7.090588e-01 4.406824e-01
 8.139550e-01 1.127628e+00 -8.546257e-05
 5.009811e-01 1.166843e+00 -4.161775e-01
 3.365781e-01 1.120644e+00 -6.852031e-01
 2.421985e-01 1.015199e+00 -9.096711e-01
 1.850539e-01 8.208455e-01 -1.164311e+00
 1.414987e-01 5.609787e-01 -1.369408e+00
 1.062544e-01 2.500653e-01 -1.493528e+00
 6.732904e-02 -1.277300e-01 -1.552036e+00
 3.462194e-02 -6.559870e-01 -1.504363e+00
 7.013913e-02 -1.131308e+00 -1.342190e+00
 1.723306e-01 -1.470897e+00 -1.129085e+00
 2.971742e-01 -1.665414e+00 -9.151588e-01
 4.969942e-01 -1.834231e+00 -5.294796e-01
 8.625637e-01 -1.871076e+00 -1.132412e-01
 1.422377e+00 -1.840413e+00 2.453162e-01
 1.913550e+00 -1.707292e+00 4.093135e-01
 2.284770e+00 -1.452746e+00 4.268344e-01
 2.542780e+00 -1.082360e+00 3.274851e-01
 2.621597e+00 -6.596566e-01 1.349989e-01
 2.492176e+00 -2.668741e-01 -1.019374e-01
 2.174440e+00 1.686251e-02 -3.211351e-01
 1.592642e+00 1.845634e-01 -4.912120e-01
 8.325529e-01 1.885554e-01 -4.575624e-01
 4.670195e-01 1.481439e-01 -4.473247e-01
 2.193234e-01 4.828957e-02 -5.020591e-01
 -4.558610e-02 -1.320749e-01 -5.473478e-01
 -2.685027e-01 -4.823063e-01 -5.598216e-01
