 -7.305935e-01 8.759143e-02 1.203199e+00
 -6.710095e-01 -4.520399e-01 1.247020e+00
 -8.477469e-01 -1.115599e+00 9.968512e-01
 -1.134209e+00 -1.454331e+00 5.370997e-01
 -1.382342e+00 -1.448095e+00 -1.593413e-02
 -1.375632e+00 -1.255102e+00 -5.061840e-01
 -1.382169e+00 -1.181665e+00 -7.967255e-01
 -1.508401e+00 -9.677809e-01 -1.172992e+00
 -1.699248e+00 -6.933035e-01 -1.419520e+00
 -1.858363e+00 -4.135017e-01 -1.522844e+00
 -1.988132e+00 -9.747837e-02 -1.522336e+00
 -2.070620e+00 2.188361e-01 -1.416685e+00
 -2.093582e+00 4.999486e-01 -1.217083e+00
 -2.040822e+00 7.273548e-01 -9.378150e-01
 -1.905633e+00 8.608023e-01 -6.310634e-01
 -1.700253e+00 8.859570e-01 -3.314714e-01
 -1.393781e+00 7.853707e-01 -3.566456e-02
 -1.054029e+00 6.125712e-01 1.504093e-01
 -6.044425e-01 4.207486e-01 2.365076e-01
 -4.049375e-01 3.213362e-01 2.706920e-01
 -2.088558e-01 1.566968e-01 3.477828e-01
 -8.217260e-02 -5.674069e-02 4.365598e-01
 5.398406e-01 -8.706770e-01 1.005470e+00
 9.096513e-01 -1.121291e+00 1.086243e+00
 1.359544e+00 -1.225150e+00 1.051084e+00
 1.797671e+00 -1.152096e+00 9.080772e-01
 2.129555e+00 -9.243348e-01 6.897075e-01
 2.284991e+00 -6.085752e-01 4.099796e-01
 2.238361e+00 -2.755736e-01 1.419772e-01
 2.047872e+00 4.111546e-02 -8.290083e-03
 1.832276e+00 3.562822e-01 2.586376e-02
 1.716064e+00 8.820868e-01 1.877238e-01
 1.534422e+00 1.161911e+00 2.885711e-01
 1.243117e+00 1.392144e+00 3.462767e-01
 9.454624e-01 1.502592e+00 3.751418e-01
 6.413559e-01 1.517321e+00 3.694112e-01
 3.722902e-01 1.444469e+00 3.159900e-01
 1.369852e-01 1.299833e+00 1.902284e-01
 1.212981e-02 1.232969e+00 6.088278e-02
 -1.563999e-01 1.179393e+00 -2.467538e-01
 -2.601463e-01 1.075721e+00 -4.537084e-01
 -4.166353e-01 9.008858e-01 -6.484398e-01
 -6.007347e-01 6.924529e-01 -7.751348e-01
 -8.754984e-01 4.012654e-01 -8.414309e-01
 -1.129968e+00 1.798589e-01 -8.181868e-01
 -1.276429e+00 6.514390e-02 -7.710784e-01
 -1.443893e+00 -5.074826e-02 -6.547133e-01
 -1.797851e+00 -2.226034e-01 -4.958804e-01
 -2.158679e+00 -5.692330e-01 -4.565390e-01
 -2.366092e+00 -9.855681e-01 -5.204400e-01
 -2.386257e+00 -1.393218e+00 -6.051564e-01
 -2.240038e+00 -1.771956e+00 -6.865648e-01
 -1.949447e+00 -2.067574e+00 -7.469218e-01
 -1.579041e+00 -2.228785e+00 -7.618252e-01
 -1.181088e+00 -2.245914e+00 -7.201690e-01
 -8.172191e-01 -2.122720e+00 -6.243231e-01
 1.287456e-01 -1.288878e+00 -2.042242e-01
 3.255074e-01 -9.128222e-01 -1.835007e-01
 3.979827e-01 -6.277222e-01 -2.962004e-01
 4.413405e-01 -5.296841e-01 -3.650267e-01
 5.593564e-01 -3.935097e-01 -4.851231e-01
 7.264203e-01 -2.775153e-01 -6.112177e-01
 1.026351e+00 -1.520813e-01 -7.649492e-01
 1.784681e+00 3.095469e-01 -9.940545e-01
 2.101562e+00 4.960522e-01 -9.525577e-01
 2.391230e+00 6.502690e-01 -7.839894e-01
 2.617177e+00 7.499109e-01 -5.124864e-01
 2.752605e+00 7.807505e-01 -1.753141e-01
 2.783475e+00 7.381759e-01 1.821275e-01
 2.705802e+00 6.346566e-01 5.143725e-01
 2.525901e+00 4.966757e-01 7.824290e-01
 2.261792e+00 3.444884e-01 9.612396e-01
 1.963855e+00 1.778213e-01 1.024089e+00
 1.682492e+00 7.461564e-03 9.729136e-01
 1.449056e+00 -1.639001e-01 8.189640e-01
 1.312777e+00 -2.930911e-01 6.217836e-01
 1.261754e+00 -3.698971e-01 4.797326e-01
 1.247966e+00 -5.302635e-01 2.958929e-01
 1.366420e+00 -8.745016e-01 -6.508614e-02
 1.310520e+00 -1.099263e+00 -4.246160e-01
 1.118681e+00 -1.210989e+00 -7.627311e-01
 8.220639e-01 -1.214973e+00 -1.034817e+00
 4.510144e-01 -1.136556e+00 -1.188580e+00
 7.142741e-02 -9.876681e-01 -1.196477e+00
 -2.734532e-01 -8.138376e-01 -1.046299e+00
 -5.138121e-01 -6.625300e-01 -7.553017e-01
 -6.803644e-01 -5.683589e-01 -2.261287e-01
 -8.975146e-01 -5.299847e-01 5.274294e-02
 -1.394268e+00 -3.512005e-01 4.533211e-01
 -1.659779e+00 -2.775656e-01 8.939044e-01
 -1.720029e+00 -2.191171e-01 1.271809e+00
 -1.634984e+00 -1.452695e-01 1.642378e+00
 -1.418287e+00 -6.205302e-02 1.951069e+00
 -1.102535e+00 2.335756e-02 2.153983e+00
 -7.182840e-01 1.152227e-01 2.225696e+00
 -3.498430e-01 2.101153e-01 2.147723e+00
 -4.115830e-02 3.039725e-01 1.935656e+00
 7.140172e-01 5.350062e-01 8.003017e-01
 7.710270e-01 4.910211e-01 6.306663e-02
 8.093875e-01 7.272402e-01 -3.149834e-01
 8.332254e-01 1.058613e+00 -5.384095e-01
 7.550004e-01 1.427294e+00 -6.445236e-01
 5.893306e-01 1.769874e+00 -6.285070e-01
 3.344684e-01 2.042987e+00 -5.110451e-01
 3.465724e-02 2.197266e+00 -3.040133e-01
 -2.746565e-01 2.213754e+00 -1.261659e-02
 -5.049066e-01 2.090446e+00 2.801751e-01
 -6.479093e-01 1.845602e+00 5.514137e-01
 -7.704464e-01 8.475382e-01 1.159308e+00
 -7.960347e-01 4.771065e-01 1.229810e+00
