 -2.371904e+00 -6.703840e-01 -5.597748e-01
 -2.438222e+00 -5.601403e-01 -3.299624e-01
 -2.438458e+00 -4.504602e-01 -6.839567e-02
 -2.382599e+00 -3.754930e-01 1.614288e-01
 -2.279755e+00 -3.320030e-01 3.763099e-01
 -1.530829e+00 -2.334489e-01 1.337385e+00
 -1.149828e+00 -1.541873e-01 1.539598e+00
 -7.243253e-01 -5.539547e-02 1.559645e+00
 -4.134449e-01 5.496076e-02 1.419808e+00
 -2.454199e-01 2.322097e-01 1.240893e+00
 -1.065918e-01 4.435922e-01 1.143237e+00
 1.076280e-01 9.164619e-01 1.087498e+00
 2.739765e-01 1.153409e+00 9.804468e-01
 4.743100e-01 1.333175e+00 8.025542e-01
 6.944527e-01 1.411843e+00 5.898665e-01
 9.074491e-01 1.391958e+00 4.197349e-01
 1.077797e+00 1.352896e+00 3.524916e-01
 1.291183e+00 1.354323e+00 2.813399e-01
 1.529338e+00 1.407292e+00 1.048414e-01
 1.718012e+00 1.459913e+00 -1.930057e-01
 1.791563e+00 1.481560e+00 -5.603602e-01
 1.739687e+00 1.438326e+00 -9.371564e-01
 1.566980e+00 1.334040e+00 -1.265662e+00
 1.295784e+00 1.184341e+00 -1.496309e+00
 9.754037e-01 9.992476e-01 -1.593255e+00
 6.563633e-01 7.918916e-01 -1.543974e+00
 3.716703e-01 6.069804e-01 -1.355507e+00
 1.552543e-01 4.714292e-01 -1.043055e+00
 3.790055e-02 3.975176e-01 -9.320269e-01
 -1.113069e-01 3.039765e-01 -8.560010e-01
 -2.750333e-01 2.503240e-01 -7.913102e-01
 -4.995324e-01 2.312608e-01 -7.257364e-01
 -6.689402e-01 1.875603e-01 -6.678845e-01
 -8.495496e-01 1.088236e-01 -5.943058e-01
 -1.016108e+00 -3.544095e-04 -5.159540e-01
 -1.274271e+00 -2.418834e-01 -3.768481e-01
 -1.358686e+00 -3.625719e-01 -3.069868e-01
 -1.422526e+00 -5.054445e-01 -2.224454e-01
 -1.470878e+00 -7.612724e-01 -9.609927e-02
 -1.661741e+00 -1.155093e+00 1.733075e-01
 -1.615441e+00 -1.511488e+00 5.667738e-01
 -1.303671e+00 -1.791607e+00 9.133680e-01
 -8.112433e-01 -1.923525e+00 1.101431e+00
 -2.707525e-01 -1.883539e+00 1.071332e+00
 1.759091e-01 -1.698523e+00 8.182239e-01
 4.106728e-01 -1.496348e+00 3.970130e-01
 4.079037e-01 -1.412731e+00 1.155252e-03
 3.911026e-01 -1.459258e+00 -3.100410e-01
 5.233780e-01 -1.549728e+00 -6.711262e-01
 8.330408e-01 -1.532780e+00 -1.006029e+00
 1.173590e+00 -1.344540e+00 -1.226527e+00
 1.450052e+00 -9.793596e-01 -1.344824e+00
 1.590179e+00 -5.223793e-01 -1.317517e+00
 1.551727e+00 -6.951538e-02 -1.161087e+00
 1.162578e+00 5.916874e-01 -6.744485e-01
 1.058852e+00 7.457634e-01 -6.035286e-01
 9.325825e-01 9.306216e-01 -5.652895e-01
 7.909111e-01 1.190859e+00 -6.015451e-01
 7.687221e-01 1.551888e+00 -6.049349e-01
 8.460504e-01 1.974918e+00 -4.322911e-01
 1.008451e+00 2.273068e+00 -1.088727e-01
 1.179573e+00 2.381009e+00 3.208459e-01
 1.323743e+00 2.271466e+00 7.578411e-01
 1.420522e+00 1.965943e+00 1.108142e+00
 1.439686e+00 1.528335e+00 1.299764e+00
 1.362461e+00 1.057946e+00 1.295161e+00
 1.197841e+00 6.573721e-01 1.099838e+00
 9.637484e-01 4.153270e-01 7.617417e-01
 7.273137e-01 3.928302e-01 4.196308e-01
 3.690565e-01 5.170034e-01 1.802527e-01
 -2.193887e-01 1.114203e+00 -1.909975e-01
 -5.059320e-01 1.289921e+00 -7.748187e-01
 -6.646760e-01 1.044420e+00 -1.384728e+00
 -6.270475e-01 4.810297e-01 -1.758619e+00
 -3.214398e-01 -9.685821e-02 -1.804514e+00
 1.626441e-01 -4.609532e-01 -1.536259e+00
 8.423420e-01 -5.629651e-01 -5.982293e-01
 1.160609e+00 -7.676899e-01 -3.519584e-01
 1.395513e+00 -1.179613e+00 -1.968088e-01
 1.406047e+00 -1.664845e+00 -1.183236e-01
 1.173985e+00 -2.112341e+00 -6.550768e-02
 7.547170e-01 -2.397702e+00 -4.144832e-02
 2.518581e-01 -2.448753e+00 -2.280013e-02
 -2.105317e-01 -2.253381e+00 -7.513178e-03
 -5.248061e-01 -1.866478e+00 4.084441e-02
 -6.003668e-01 -1.494241e+00 1.478390e-01
 -7.052993e-01 -8.365578e-01 6.427056e-01
 -9.354409e-01 5.529416e-02 5.215441e-01
 -1.061257e+00 3.697587e-01 6.406316e-01
 -1.113111e+00 6.880204e-01 9.374517e-01
 -1.018768e+00 9.043272e-01 1.323021e+00
 -7.980340e-01 9.761449e-01 1.697317e+00
 -4.836207e-01 9.111793e-01 1.988895e+00
 -1.199873e-01 7.381890e-01 2.135562e+00
 2.267161e-01 4.777622e-01 2.122584e+00
 4.834422e-01 1.621922e-01 1.958479e+00
 6.085746e-01 -1.399115e-01 1.664372e+00
 5.808910e-01 -3.642313e-01 1.305816e+00
 3.406330e-01 -5.160152e-01 6.276646e-01
 5.006859e-02 -4.480863e-01 1.724745e-02
 -2.466385e-01 -6.846225e-01 -4.023403e-01
 -5.610796e-01 -9.065212e-01 -7.050321e-01
 -9.198403e-01 -1.020961e+00 -9.421622e-01
 -1.228809e+00 -1.045593e+00 -1.058561e+00
 -1.520717e+00 -1.024158e+00 -1.089496e+00
 -1.800143e+00 -9.674484e-01 -1.045164e+00
 -2.045206e+00 -8.833087e-01 -9.332119e-01
 -2.239241e+00 -7.811040e-01 -7.663056e-01
