 -1.365125e+00 8.523047e-01 -2.814207e-01
 -1.223802e+00 6.541710e-01 -3.609362e-01
 -1.115029e+00 4.391899e-01 -4.798242e-01
 -9.628987e-01 2.558698e-01 -6.461512e-01
 -3.757168e-01 -2.701319e-01 -1.160347e+00
 -1.471954e-01 -3.566354e-01 -1.336025e+00
 8.028878e-02 -3.652470e-01 -1.458955e+00
 2.940225e-01 -3.241534e-01 -1.591088e+00
 5.378720e-01 -1.368797e-01 -1.779461e+00
 7.738088e-01 1.936459e-01 -1.879055e+00
 9.163587e-01 5.554473e-01 -1.850349e+00
 9.703658e-01 9.279687e-01 -1.689857e+00
 9.179843e-01 1.227800e+00 -1.436704e+00
 7.216236e-01 1.489273e+00 -1.020193e+00
 3.769762e-01 1.806661e+00 -3.744170e-01
 3.112394e-01 1.850332e+00 -2.700355e-01
 1.457593e-01 1.948818e+00 -1.979313e-02
 -2.667168e-01 2.149266e+00 6.328837e-01
 -4.608896e-01 2.095723e+00 1.010038e+00
 -6.146029e-01 1.883720e+00 1.350600e+00
 -7.191665e-01 1.540373e+00 1.592898e+00
 -7.731108e-01 1.127363e+00 1.687715e+00
 -8.407651e-01 7.073323e-01 1.614933e+00
 -9.097311e-01 5.196302e-01 1.607250e+00
 -9.339216e-01 3.708626e-01 1.601682e+00
 -9.365965e-01 1.486742e-01 1.562422e+00
 -9.103741e-01 -1.145871e-01 1.449124e+00
 -8.054705e-01 -4.059942e-01 1.263745e+00
 -6.210691e-01 -6.504329e-01 1.052613e+00
 -4.245463e-01 -7.891148e-01 8.661852e-01
 -1.780168e-01 -8.563200e-01 6.551268e-01
 3.006754e-01 -8.253767e-01 3.235505e-01
 6.375141e-01 -8.781720e-01 2.148544e-01
 9.919098e-01 -1.004617e+00 2.177968e-01
 1.282355e+00 -1.280816e+00 2.780501e-01
 1.433461e+00 -1.645219e+00 3.234267e-01
 1.438216e+00 -2.032687e+00 3.287674e-01
 1.310994e+00 -2.395552e+00 2.678432e-01
 1.076343e+00 -2.677238e+00 1.460253e-01
 7.620643e-01 -2.840106e+00 -8.562089e-03
 4.157129e-01 -2.861590e+00 -1.800136e-01
 9.768172e-02 -2.738714e+00 -3.646421e-01
 -1.499790e-01 -2.484437e+00 -5.309354e-01
 -2.899080e-01 -2.128863e+00 -6.527729e-01
 -2.858286e-01 -1.723452e+00 -7.158255e-01
 -1.217714e-01 -1.335779e+00 -7.260564e-01
 1.481631e-01 -1.090392e+00 -7.192897e-01
 4.906439e-01 -9.727092e-01 -7.697677e-01
 9.233339e-01 -8.702462e-01 -1.019638e+00
 1.215914e+00 -6.066159e-01 -1.199125e+00
 1.435369e+00 -2.262969e-01 -1.247185e+00
 1.535681e+00 1.891325e-01 -1.152501e+00
 1.517114e+00 5.422976e-01 -9.375846e-01
 1.385448e+00 8.105621e-01 -6.121872e-01
 1.167112e+00 9.071557e-01 -2.462235e-01
 9.492929e-01 8.067810e-01 1.323801e-01
 8.598310e-01 6.096231e-01 3.587484e-01
 9.131801e-01 3.815800e-01 6.044694e-01
 9.781108e-01 1.007784e-01 7.858317e-01
 8.563975e-01 -6.375218e-01 1.192079e+00
 7.523047e-01 -1.039747e+00 1.231212e+00
 6.430405e-01 -1.413333e+00 1.104123e+00
 5.255800e-01 -1.688444e+00 8.457341e-01
 4.376767e-01 -1.842471e+00 5.064444e-01
 4.343835e-01 -1.879611e+00 1.558350e-01
 5.084667e-01 -1.850393e+00 -7.666092e-02
 6.153856e-01 -1.856476e+00 -2.477357e-01
 7.113169e-01 -1.926444e+00 -4.862646e-01
 7.127440e-01 -1.967605e+00 -7.898397e-01
 6.423223e-01 -1.922639e+00 -1.108971e+00
 5.210363e-01 -1.791577e+00 -1.384252e+00
 -1.129486e-01 -1.045760e+00 -2.192369e+00
 -2.518281e-01 -7.810500e-01 -2.327953e+00
 -3.482032e-01 -4.658270e-01 -2.378055e+00
 -3.896725e-01 -1.318319e-01 -2.332664e+00
 -3.685660e-01 1.837744e-01 -2.191169e+00
 -2.822201e-01 4.538394e-01 -1.951984e+00
 -1.574470e-01 6.132780e-01 -1.655743e+00
 1.315084e-02 6.546930e-01 -1.359552e+00
 1.861835e-01 5.836834e-01 -1.129442e+00
 3.695681e-01 4.812414e-01 -9.758983e-01
 6.650773e-01 6.851078e-02 -6.028343e-01
 8.683499e-01 -6.616156e-02 -3.947161e-01
 1.021378e+00 -1.168513e-01 -3.178460e-01
 1.302255e+00 -1.377429e-01 -1.915553e-01
 1.605955e+00 -1.156530e-02 -3.602833e-02
 1.817176e+00 2.184010e-01 1.607916e-01
 1.902583e+00 5.003533e-01 3.880566e-01
 1.852035e+00 7.917517e-01 6.133542e-01
 1.669594e+00 1.048547e+00 8.226689e-01
 1.379470e+00 1.239315e+00 9.741363e-01
 1.027488e+00 1.338447e+00 1.047775e+00
 6.687157e-01 1.340802e+00 1.036448e+00
 -1.412955e-01 1.147805e+00 7.929527e-01
 -5.843511e-01 1.058778e+00 6.849826e-01
 -8.060809e-01 8.682334e-01 6.197141e-01
 -1.043862e+00 4.558467e-01 6.072554e-01
 -1.256179e+00 2.729296e-01 5.838182e-01
 -1.568556e+00 1.027185e-01 4.230017e-01
 -1.854822e+00 4.066071e-02 1.560573e-01
 -2.051316e+00 7.667123e-02 -1.974255e-01
 -2.122152e+00 2.118440e-01 -5.779456e-01
 -2.049024e+00 4.223385e-01 -9.248358e-01
 -1.840748e+00 6.712406e-01 -1.180510e+00
 -1.532125e+00 9.167459e-01 -1.301509e+00
 -1.177427e+00 1.117384e+00 -1.270188e+00
 -8.362170e-01 1.242304e+00 -1.097965e+00
 -5.730764e-01 1.273410e+00 -8.340585e-01
 -3.964913e-01 1.194086e+00 -5.752052e-01
 -2.852552e-01 1.032771e+00 -3.545473e-01
 -1.286103e-01 5.269145e-01 -6.757120e-02
 -7.484832e-02 2.852215e-01 2.079267e-01
 -6.301316e-02 1.739878e-01 4.435666e-01
 -6.023871e-02 1.461126e-01 6.752723e-01
 -4.669807e-02 1.455553e-01 8.025612e-01
 8.833621e-02 2.442287e-01 1.605725e+00
 -2.071119e-02 2.805019e-01 2.066588e+00
 -2.787590e-01 3.606975e-01 2.401182e+00
 -6.203955e-01 4.767384e-01 2.588341e+00
 -9.747869e-01 6.024950e-01 2.622363e+00
 -1.288310e+00 7.169701e-01 2.530882e+00
 -1.530074e+00 8.076619e-01 2.356157e+00
 -1.691935e+00 8.735435e-01 2.142481e+00
 -1.780511e+00 9.214317e-01 1.924928e+00
 -1.812519e+00 9.559163e-01 1.731653e+00
 -1.850659e+00 1.077256e+00 9.445834e-01
 -1.805791e+00 1.123422e+00 3.585311e-01
 -1.620438e+00 1.028035e+00 -4.792336e-02
