 -1.291143e+00 3.232275e-01 2.105153e-01
 -1.400205e+00 4.209461e-01 4.487617e-02
 -1.467362e+00 5.014177e-01 -1.705191e-01
 -1.476091e+00 5.480149e-01 -4.071037e-01
 -1.430278e+00 5.573459e-01 -6.635091e-01
 -1.339841e+00 5.064590e-01 -9.302950e-01
 -1.202103e+00 4.186766e-01 -1.161744e+00
 -9.975058e-01 2.782964e-01 -1.363576e+00
 -5.290750e-01 -1.037838e-02 -1.554406e+00
 -8.793267e-02 -3.247876e-01 -2.048001e+00
 5.935066e-01 -7.224842e-01 -2.052670e+00
 1.122319e+00 -8.631297e-01 -1.592792e+00
 1.251498e+00 -8.495215e-01 -8.924759e-01
 1.003716e+00 -7.227475e-01 -3.396938e-01
 4.554899e-01 -4.776893e-01 1.183424e-02
 1.985438e-01 -4.671570e-01 3.290130e-01
 -1.266108e-01 -6.623466e-01 7.215558e-01
 -3.258472e-01 -6.425894e-01 1.040840e+00
 -4.906888e-01 -5.136229e-01 1.247743e+00
 -5.750809e-01 -3.525732e-01 1.455542e+00
 -5.851173e-01 -1.410191e-01 1.669327e+00
 -5.287485e-01 9.784211e-02 1.825909e+00
 -4.320455e-01 3.181713e-01 1.915383e+00
 -3.252166e-01 4.899231e-01 1.947298e+00
 5.384340e-02 1.017935e+00 1.982477e+00
 4.707206e-01 1.549302e+00 1.967552e+00
 7.529019e-01 1.779839e+00 1.833925e+00
 1.022309e+00 1.899571e+00 1.613360e+00
 1.243141e+00 1.907995e+00 1.352022e+00
 1.397005e+00 1.829801e+00 1.096209e+00
 1.484533e+00 1.699369e+00 8.763032e-01
 1.519419e+00 1.551715e+00 7.056061e-01
 1.515025e+00 1.377291e+00 5.483215e-01
 1.485841e+00 1.229070e+00 4.433817e-01
 1.437186e+00 1.094785e+00 3.679246e-01
 1.335758e+00 9.059767e-01 3.161309e-01
 1.254458e+00 6.685148e-01 3.303431e-01
 1.218033e+00 4.167570e-01 3.775632e-01
 1.214794e+00 -2.115445e-01 6.570271e-01
 1.165604e+00 -5.645025e-01 7.662368e-01
 1.024283e+00 -9.302192e-01 7.623418e-01
 8.062230e-01 -1.252944e+00 6.270677e-01
 5.124676e-01 -1.462406e+00 3.661280e-01
 1.604335e-01 -1.480001e+00 7.235895e-02
 -2.690834e-01 -1.250369e+00 -2.264653e-01
 -4.297040e-01 -1.217236e+00 -3.463662e-01
 -5.409457e-01 -1.233601e+00 -4.550644e-01
 -6.690443e-01 -1.276833e+00 -6.451145e-01
 -7.448338e-01 -1.247599e+00 -8.627177e-01
 -8.912617e-01 -1.113043e+00 -1.176444e+00
 -1.220598e+00 -6.748443e-01 -1.946070e+00
 -1.232550e+00 -3.278869e-01 -2.253519e+00
 -1.101105e+00 6.901196e-02 -2.427142e+00
 -8.628239e-01 4.323163e-01 -2.435881e+00
 -5.911332e-01 7.028067e-01 -2.296697e+00
 -3.160227e-01 8.927693e-01 -2.015557e+00
 1.755850e-01 9.566743e-01 -1.104844e+00
 3.892772e-01 9.106174e-01 -8.454891e-01
 6.244729e-01 8.235067e-01 -6.859310e-01
 8.938955e-01 7.560603e-01 -6.423369e-01
 1.406185e+00 6.574908e-01 -6.888710e-01
 1.797595e+00 5.867202e-01 -5.397203e-01
 2.070951e+00 5.287373e-01 -2.831548e-01
 2.238984e+00 4.859076e-01 7.209860e-02
 2.254285e+00 4.734711e-01 5.239867e-01
 2.042401e+00 5.440934e-01 1.005809e+00
 1.586110e+00 6.907625e-01 1.327602e+00
 1.005969e+00 8.728078e-01 1.322757e+00
 6.557798e-01 1.117730e+00 1.048136e+00
 5.080918e-01 1.341027e+00 7.355377e-01
 5.132534e-01 1.534647e+00 3.584310e-01
 8.513804e-01 1.786852e+00 -4.755646e-01
 9.515073e-01 1.778927e+00 -7.538789e-01
 1.014744e+00 1.709854e+00 -9.792394e-01
 1.051629e+00 1.620456e+00 -1.145989e+00
 1.071499e+00 1.514092e+00 -1.285705e+00
 1.075329e+00 1.385069e+00 -1.413634e+00
 1.069516e+00 1.235648e+00 -1.522115e+00
 1.054823e+00 1.051653e+00 -1.608183e+00
 1.017563e+00 8.364609e-01 -1.657639e+00
 9.519097e-01 5.956554e-01 -1.651736e+00
 8.578943e-01 3.705749e-01 -1.580649e+00
 7.234697e-01 1.443355e-01 -1.440371e+00
 5.952539e-01 -4.269885e-03 -1.263453e+00
 5.084980e-01 -1.109143e-01 -1.170928e+00
 3.993700e-01 -2.541199e-01 -1.093232e+00
 3.476954e-01 -3.405328e-01 -1.064141e+00
 3.140703e-01 -4.020448e-01 -1.053907e+00
 2.350711e-01 -5.778166e-01 -1.048259e+00
 1.916168e-01 -8.578801e-01 -1.073159e+00
 2.441992e-01 -1.287748e+00 -1.118758e+00
 1.781964e-01 -1.706031e+00 -1.032188e+00
 -1.817585e-02 -2.039612e+00 -8.490866e-01
 -2.761752e-01 -2.217743e+00 -5.992148e-01
 -5.297498e-01 -2.242364e+00 -3.115092e-01
 -7.453536e-01 -2.133108e+00 -2.833556e-02
 -9.005406e-01 -1.936599e+00 1.902242e-01
 -9.827167e-01 -1.718235e+00 3.314646e-01
 -1.110285e+00 -1.070259e+00 5.783144e-01
 -1.371385e+00 -7.028706e-01 7.893095e-01
 -1.495116e+00 -4.080740e-01 1.034488e+00
 -1.524828e+00 -2.120165e-01 1.163431e+00
 -1.530764e+00 8.066734e-02 1.262137e+00
 -1.473119e+00 4.490671e-01 1.274813e+00
 -1.327849e+00 8.436243e-01 1.137917e+00
 -1.086572e+00 1.164706e+00 7.900133e-01
 -8.127025e-01 1.239338e+00 3.237199e-01
 -5.510541e-01 1.000522e+00 -1.199929e-01
 -4.311077e-01 4.408310e-01 -4.413790e-01
 -5.743301e-01 -4.975880e-02 -4.864052e-01
 -8.531787e-01 -2.719175e-01 -4.999829e-01
 -1.168157e+00 -4.147371e-01 -4.756119e-01
 -1.913092e+00 -1.044792e+00 -1.074634e-01
 -2.072150e+00 -1.342649e+00 2.931231e-01
 -2.048659e+00 -1.495040e+00 6.304848e-01
 -1.957915e+00 -1.569195e+00 8.741380e-01
 -1.837690e+00 -1.605209e+00 1.060215e+00
 -1.702610e+00 -1.614473e+00 1.204299e+00
 -1.560522e+00 -1.605965e+00 1.313867e+00
 -1.415562e+00 -1.580030e+00 1.397316e+00
 -6.177872e-01 -1.390054e+00 1.774461e+00
 -2.174923e-01 -1.235161e+00 1.915659e+00
 1.169029e-01 -9.743365e-01 1.932707e+00
 3.595456e-01 -6.137613e-01 1.824344e+00
 4.436491e-01 -2.115388e-01 1.590241e+00
 3.394324e-01 1.186789e-01 1.256851e+00
 1.638709e-02 3.446900e-01 9.796312e-01
 -3.195783e-01 3.671276e-01 7.590570e-01
 -8.526767e-01 1.754681e-01 4.893591e-01
 -1.084147e+00 2.142381e-01 3.578216e-01
