 3.740965e-01 -2.635817e+00 -1.599850e+00
 5.516862e-02 -2.582350e+00 -1.504944e+00
 -2.206485e-01 -2.428908e+00 -1.385615e+00
 -4.676345e-01 -2.139666e+00 -1.240071e+00
 -6.396329e-01 -1.723325e+00 -1.129535e+00
 -7.212070e-01 -1.285737e+00 -1.132713e+00
 -6.941726e-01 -6.812530e-01 -1.289398e+00
 -6.691428e-01 -4.351270e-01 -1.268653e+00
 -5.575400e-01 -1.148570e-01 -1.166199e+00
 -4.442541e-01 2.692468e-02 -1.087995e+00
 -3.501305e-01 1.314044e-01 -1.051686e+00
 -2.524446e-01 2.966883e-01 -1.011043e+00
 6.549790e-02 1.223285e+00 -7.929564e-01
 1.337831e-01 1.467324e+00 -6.565557e-01
 1.744672e-01 1.674895e+00 -4.529477e-01
 1.962877e-01 1.812231e+00 -2.213802e-01
 2.024941e-01 1.887193e+00 4.477724e-02
 1.900976e-01 1.886193e+00 3.659330e-01
 1.532594e-01 1.801481e+00 6.198719e-01
 8.410872e-02 1.639332e+00 8.338050e-01
 -9.452777e-02 1.420228e+00 1.024801e+00
 -5.046261e-01 1.227342e+00 1.237608e+00
 -1.108605e+00 6.688048e-01 1.537646e+00
 -1.318705e+00 3.620508e-01 1.558615e+00
 -1.469320e+00 -7.759963e-04 1.459131e+00
 -1.516503e+00 -3.359807e-01 1.281540e+00
 -1.450836e+00 -6.376708e-01 1.053220e+00
 -1.272950e+00 -8.776410e-01 8.125626e-01
 -6.384290e-01 -1.237653e+00 2.977769e-01
 -4.201017e-01 -1.286139e+00 8.442941e-02
 -2.212279e-01 -1.256853e+00 -1.524403e-01
 -5.606337e-02 -1.150757e+00 -3.853508e-01
 1.132090e-01 -9.500776e-01 -6.260324e-01
 2.160120e-01 -8.071500e-01 -8.402141e-01
 3.511906e-01 -5.850030e-01 -1.271118e+00
 3.269866e-01 -3.989851e-01 -1.599770e+00
 1.959863e-01 -1.712702e-01 -1.856542e+00
 -1.849803e-02 7.981886e-02 -2.013268e+00
 -2.857526e-01 3.252210e-01 -2.049695e+00
 -5.685838e-01 5.358699e-01 -1.961404e+00
 -8.292533e-01 6.873464e-01 -1.759959e+00
 -1.035238e+00 7.599423e-01 -1.472877e+00
 -1.159031e+00 7.480233e-01 -1.137577e+00
 -1.221779e+00 4.722271e-01 6.048767e-02
 -1.129076e+00 3.945728e-01 3.234619e-01
 -9.288176e-01 2.756580e-01 5.998785e-01
 -7.394698e-01 1.281718e-01 7.523895e-01
 -4.393031e-01 -3.504675e-01 1.095953e+00
 -1.710016e-01 -5.174322e-01 1.370106e+00
 1.719393e-01 -5.338275e-01 1.607590e+00
 5.234944e-01 -4.244550e-01 1.734813e+00
 8.451565e-01 -1.916713e-01 1.762489e+00
 1.074271e+00 1.701545e-01 1.714810e+00
 1.145170e+00 5.775676e-01 1.609232e+00
 1.064711e+00 8.780431e-01 1.509233e+00
 8.579730e-01 1.176340e+00 1.499032e+00
 6.017084e-01 1.705106e+00 1.728850e+00
 3.287751e-01 1.988539e+00 1.776883e+00
 -8.837954e-04 2.204627e+00 1.694295e+00
 -3.318234e-01 2.316595e+00 1.491019e+00
 -6.109579e-01 2.306891e+00 1.196558e+00
 -7.915531e-01 2.177362e+00 8.568432e-01
 -8.557499e-01 1.932854e+00 5.292149e-01
 -8.045837e-01 1.621696e+00 2.980484e-01
 -6.121679e-01 1.285630e+00 1.460218e-01
 -3.658178e-01 1.033161e+00 1.232836e-01
 -8.186251e-02 8.806836e-01 1.533869e-01
 3.383925e-01 8.888071e-01 1.918479e-01
 6.226395e-01 9.669874e-01 2.797757e-01
 1.383187e+00 1.408569e+00 6.550497e-01
 1.613122e+00 1.546931e+00 9.165650e-01
 1.749296e+00 1.623051e+00 1.256924e+00
 1.775574e+00 1.624208e+00 1.629273e+00
 1.691435e+00 1.548351e+00 1.983286e+00
 1.511484e+00 1.404045e+00 2.272041e+00
 1.258788e+00 1.217790e+00 2.457753e+00
 9.577229e-01 1.028220e+00 2.520576e+00
 6.409850e-01 8.548010e-01 2.453708e+00
 3.614155e-01 7.100421e-01 2.262861e+00
 1.713789e-01 5.946554e-01 1.980703e+00
 9.701451e-02 5.060775e-01 1.638942e+00
 1.490092e-01 4.540763e-01 1.352730e+00
 2.488534e-01 4.053910e-01 1.148747e+00
 3.582348e-01 2.808680e-01 9.908944e-01
 5.011816e-01 4.396227e-02 8.166391e-01
 6.391055e-01 -3.071579e-01 7.030368e-01
 7.074184e-01 -5.756854e-01 5.634784e-01
 8.973451e-01 -1.376737e+00 -1.005399e-01
 8.753193e-01 -1.576409e+00 -3.333585e-01
 7.801302e-01 -1.724062e+00 -5.942514e-01
 6.388707e-01 -1.783596e+00 -8.516507e-01
 5.161779e-01 -1.753518e+00 -1.079852e+00
 3.963589e-01 -1.610684e+00 -1.450948e+00
 1.382404e-01 -1.487045e+00 -1.778892e+00
 -2.398833e-01 -1.419981e+00 -2.041484e+00
 -6.461260e-01 -1.368607e+00 -2.157302e+00
 -9.882440e-01 -1.303798e+00 -2.136603e+00
 -1.297477e+00 -1.211987e+00 -2.005932e+00
 -1.537718e+00 -1.099438e+00 -1.782925e+00
 -1.682152e+00 -9.745886e-01 -1.495477e+00
 -1.715468e+00 -8.471966e-01 -1.178450e+00
 -1.635338e+00 -7.269146e-01 -8.687679e-01
 -1.452199e+00 -6.226269e-01 -6.022480e-01
 -1.086482e+00 -4.984218e-01 -3.376924e-01
 -5.552025e-01 -3.031315e-01 -1.453077e-01
 -1.192537e-01 -1.072078e-01 -7.410978e-02
 4.039576e-01 -1.592139e-02 -2.348386e-01
 7.177922e-01 -8.587828e-02 -3.335619e-01
 9.927701e-01 -2.622794e-01 -4.620457e-01
 1.182435e+00 -4.967106e-01 -6.298374e-01
 1.439351e+00 -1.257201e+00 -1.212864e+00
 1.471457e+00 -1.596473e+00 -1.407917e+00
 1.404234e+00 -1.928923e+00 -1.547162e+00
 1.244875e+00 -2.209533e+00 -1.631844e+00
 1.002373e+00 -2.436880e+00 -1.669277e+00
 7.016816e-01 -2.584872e+00 -1.657498e+00
