 1.151446e+00 2.388523e+00 1.144239e-01
 9.018124e-01 2.642190e+00 -1.827382e-01
 6.495150e-01 2.832988e+00 -4.553855e-01
 4.062540e-01 2.886979e+00 -6.695539e-01
 1.484058e-01 2.840694e+00 -8.619628e-01
 -1.016490e-01 2.696956e+00 -1.019317e+00
 -3.199492e-01 2.460949e+00 -1.127679e+00
 -4.784717e-01 2.143378e+00 -1.171823e+00
 -5.428223e-01 1.769433e+00 -1.136076e+00
 -4.906691e-01 1.390933e+00 -9.971689e-01
 -3.699400e-01 1.151316e+00 -7.953612e-01
 -1.067069e-01 9.195379e-01 -4.463470e-01
 2.987089e-01 5.238791e-01 -2.372388e-01
 5.144358e-01 3.828199e-01 -9.280638e-02
 7.060674e-01 3.174340e-01 1.280268e-01
 8.521696e-01 1.648001e-01 5.448003e-01
 1.093544e+00 1.605753e-02 7.894777e-01
 1.485881e+00 -5.319400e-02 9.681004e-01
 1.919053e+00 -4.332042e-03 1.008716e+00
 2.305169e+00 1.639897e-01 9.158716e-01
 2.573455e+00 4.180154e-01 7.200960e-01
 2.689214e+00 7.058736e-01 4.711766e-01
 2.657435e+00 9.781480e-01 2.128378e-01
 2.502427e+00 1.202848e+00 -2.340418e-02
 2.250347e+00 1.361383e+00 -2.172187e-01
 1.930947e+00 1.440024e+00 -3.459709e-01
 1.580248e+00 1.445191e+00 -3.798685e-01
 1.227286e+00 1.389063e+00 -2.924838e-01
 9.940219e-01 1.319818e+00 -1.090729e-01
 6.834062e-01 1.330571e+00 2.624113e-01
 4.336968e-01 1.236178e+00 4.857928e-01
 1.650171e-01 1.012242e+00 6.552885e-01
 -8.683276e-02 6.358236e-01 7.220515e-01
 -1.962326e-01 1.473477e-01 6.730310e-01
 -2.996322e-01 -1.020666e-01 6.071045e-01
 -6.143850e-01 -4.246356e-01 5.317948e-01
 -1.068837e+00 -6.451143e-01 6.656166e-01
 -1.292919e+00 -7.695974e-01 6.754419e-01
 -1.572332e+00 -9.681789e-01 5.790644e-01
 -1.862622e+00 -1.152886e+00 3.050526e-01
 -2.068367e+00 -1.219646e+00 -1.324712e-01
 -2.120741e+00 -1.096044e+00 -6.192420e-01
 -1.929943e+00 -8.661364e-01 -1.058933e+00
 -1.550220e+00 -6.392283e-01 -1.309866e+00
 -1.111892e+00 -4.379226e-01 -1.324790e+00
 -6.274326e-01 -1.990893e-01 -1.082134e+00
 -3.520533e-01 6.452353e-02 -1.064899e+00
 5.033739e-02 3.199808e-01 -1.271840e+00
 2.426738e-01 5.125582e-01 -1.339000e+00
 4.090194e-01 7.604495e-01 -1.349160e+00
 5.242147e-01 1.050286e+00 -1.291669e+00
 5.631112e-01 1.354366e+00 -1.164544e+00
 5.100666e-01 1.633566e+00 -9.800276e-01
 3.979482e-01 1.839832e+00 -7.277243e-01
 2.133247e-01 1.917347e+00 -4.335668e-01
 -4.758326e-02 1.969328e+00 -2.524282e-01
 -4.171947e-01 1.906185e+00 -1.015418e-01
 -9.469531e-01 1.673356e+00 -4.187518e-02
 -1.519321e+00 1.376558e+00 -1.361760e-02
 -1.727837e+00 1.221314e+00 -6.303424e-03
 -1.935571e+00 9.383783e-01 -1.315635e-02
 -2.033737e+00 5.694374e-01 -3.336442e-02
 -1.975140e+00 1.686908e-01 -7.411982e-02
 -1.762762e+00 -1.786711e-01 -1.520954e-01
 -1.327070e+00 -4.872741e-01 -3.031632e-01
 -1.177432e+00 -7.379139e-01 -3.422884e-01
 -1.101755e+00 -9.848546e-01 -4.381034e-01
 -1.088825e+00 -1.332990e+00 -5.815606e-01
 -1.017936e+00 -1.742901e+00 -5.905285e-01
 -8.589246e-01 -2.134449e+00 -4.368437e-01
 -6.190116e-01 -2.395923e+00 -1.646007e-01
 -3.348476e-01 -2.479834e+00 1.849862e-01
 -8.378047e-02 -2.368979e+00 5.028870e-01
 9.271880e-02 -2.110057e+00 7.510294e-01
 1.262040e-01 -1.825279e+00 9.306746e-01
 3.324223e-02 -1.603059e+00 1.095118e+00
 -1.664937e-01 -1.217498e+00 1.289644e+00
 -3.413514e-01 -8.950863e-01 1.436422e+00
 -5.257864e-01 -5.479487e-01 1.556691e+00
 -6.576646e-01 -3.214002e-01 1.566981e+00
 -8.053949e-01 -9.248889e-02 1.507013e+00
 -9.774141e-01 1.361361e-01 1.349542e+00
 -1.134392e+00 3.435742e-01 1.038659e+00
 -1.171283e+00 4.683011e-01 6.258534e-01
 -1.034280e+00 4.964889e-01 1.664806e-01
 -1.005906e+00 5.040105e-01 -3.460997e-02
 -1.025921e+00 5.278636e-01 -2.549143e-01
 -1.202043e+00 5.754588e-01 -7.055432e-01
 -1.209201e+00 6.546167e-01 -1.134749e+00
 -1.086329e+00 6.278501e-01 -1.521920e+00
 -8.890259e-01 4.836911e-01 -1.834530e+00
 -6.685225e-01 2.262258e-01 -2.042230e+00
 -4.571376e-01 -7.759482e-02 -2.101881e+00
 -2.265789e-01 -3.748845e-01 -2.010582e+00
 -6.716145e-03 -5.930604e-01 -1.798090e+00
 1.622438e-01 -7.157321e-01 -1.504168e+00
 2.640001e-01 -7.473148e-01 -1.156815e+00
 2.948976e-01 -6.398258e-01 -5.506970e-01
 3.148546e-01 -5.935191e-01 -1.938566e-01
 3.513874e-01 -6.198597e-01 3.631087e-02
 4.515729e-01 -7.239374e-01 3.193645e-01
 7.607782e-01 -9.569989e-01 6.957667e-01
 1.015859e+00 -1.283646e+00 1.108711e+00
 1.005199e+00 -1.620598e+00 1.437675e+00
 8.391819e-01 -1.913214e+00 1.660765e+00
 5.883435e-01 -2.139381e+00 1.782420e+00
 3.053900e-01 -2.289656e+00 1.815548e+00
 3.315026e-02 -2.366761e+00 1.782268e+00
 -2.138799e-01 -2.385731e+00 1.705216e+00
 -4.403844e-01 -2.354961e+00 1.591767e+00
 -6.385445e-01 -2.282101e+00 1.440072e+00
 -8.102807e-01 -2.152108e+00 1.228842e+00
 -9.144532e-01 -1.952237e+00 9.504722e-01
 -8.749038e-01 -1.711116e+00 6.299266e-01
 -6.677982e-01 -1.510849e+00 3.585317e-01
 -4.335415e-01 -1.418524e+00 1.955630e-01
 -1.646698e-01 -1.485182e+00 -2.613650e-02
 1.186042e-01 -1.599563e+00 -1.528025e-01
 5.248752e-01 -1.602081e+00 -2.205105e-01
 8.766534e-01 -1.451401e+00 -2.713823e-01
 1.144605e+00 -1.188828e+00 -2.864903e-01
 1.390209e+00 -7.105984e-01 -2.069006e-01
 1.558201e+00 -3.078876e-01 -1.208099e-01
 1.725852e+00 1.580233e-01 -1.525386e-02
 1.741908e+00 4.874889e-01 1.148846e-01
 1.683614e+00 6.751152e-01 2.743297e-01
 1.668494e+00 8.686817e-01 4.969610e-01
 1.704106e+00 1.252675e+00 6.416478e-01
 1.621474e+00 1.696045e+00 6.228188e-01
 1.461950e+00 2.030044e+00 4.737875e-01
