 8.259928e-01 3.222869e-01 -2.416820e+00
 1.080360e+00 2.053192e-01 -2.138123e+00
 1.198039e+00 7.701421e-02 -1.775331e+00
 1.142224e+00 -9.640614e-02 -1.370085e+00
 9.709524e-01 -2.690277e-01 -1.148576e+00
 8.254131e-01 -5.054385e-01 -1.044336e+00
 7.889066e-01 -7.782507e-01 -9.146680e-01
 8.558085e-01 -1.089564e+00 -5.876710e-01
 9.897430e-01 -1.225400e+00 -2.211393e-01
 1.102213e+00 -1.185977e+00 1.751641e-01
 1.170738e+00 -9.763100e-01 5.388665e-01
 1.240051e+00 -6.495171e-01 7.728210e-01
 1.205194e+00 -1.425322e-01 9.407243e-01
 1.341401e+00 3.287025e-01 1.321662e+00
 1.300192e+00 8.189243e-01 1.459968e+00
 1.022913e+00 1.272339e+00 1.474311e+00
 5.806805e-01 1.529581e+00 1.381237e+00
 1.174338e-01 1.567818e+00 1.131212e+00
 -2.207363e-01 1.393110e+00 7.452276e-01
 -3.574491e-01 1.027690e+00 3.873214e-01
 -2.695351e-01 5.206508e-01 1.232024e-01
 -2.680952e-01 3.020885e-01 -1.346864e-01
 -2.045898e-01 1.479152e-01 -4.847107e-01
 -1.373863e-01 -9.469590e-02 -7.099196e-01
 -1.459426e-01 -3.685376e-01 -8.314036e-01
 -2.194371e-01 -6.442021e-01 -9.267982e-01
 -4.058670e-01 -9.609127e-01 -9.497320e-01
 -6.512169e-01 -1.220827e+00 -8.710552e-01
 -1.138680e+00 -1.519523e+00 -5.690402e-01
 -1.730774e+00 -1.820140e+00 -1.552844e-01
 -1.970386e+00 -1.866128e+00 6.448278e-02
 -2.214341e+00 -1.790139e+00 3.702459e-01
 -2.382301e+00 -1.553213e+00 7.011718e-01
 -2.412898e+00 -1.187562e+00 9.691803e-01
 -2.298383e+00 -7.823819e-01 1.106372e+00
 -2.081631e+00 -4.261475e-01 1.100158e+00
 -1.799026e+00 -1.499703e-01 9.692301e-01
 -1.579259e+00 -4.041563e-02 7.748295e-01
 -1.461516e+00 5.119001e-02 5.274250e-01
 -1.367611e+00 2.992983e-01 2.555642e-01
 -1.203117e+00 7.150368e-01 -2.382231e-01
 -1.071151e+00 8.663858e-01 -4.123295e-01
 -8.904598e-01 9.939300e-01 -5.465388e-01
 -6.547467e-01 1.094182e+00 -6.436200e-01
 -3.667880e-01 1.159005e+00 -6.824840e-01
 -3.340922e-02 1.160498e+00 -6.493225e-01
 2.606714e-01 1.068371e+00 -5.615208e-01
 5.230959e-01 8.689139e-01 -5.174025e-01
 8.297081e-01 7.603256e-01 -5.111573e-01
 1.170913e+00 7.641355e-01 -4.147753e-01
 1.416071e+00 7.631694e-01 -2.318716e-01
 1.682269e+00 6.650593e-01 4.397727e-02
 1.962411e+00 3.992921e-01 3.592078e-01
 2.218430e+00 2.937068e-02 7.468441e-01
 2.242478e+00 -2.102080e-01 1.043840e+00
 2.136242e+00 -4.094643e-01 1.333031e+00
 1.913599e+00 -5.532211e-01 1.591610e+00
 1.572403e+00 -6.410092e-01 1.783267e+00
 1.170529e+00 -6.758460e-01 1.838816e+00
 7.522921e-01 -6.571004e-01 1.730865e+00
 1.198210e-01 -4.974813e-01 1.230027e+00
 -8.050536e-02 -3.849428e-01 1.090255e+00
 -3.228738e-01 -1.834717e-01 9.693944e-01
 -5.136209e-01 4.310141e-02 9.758217e-01
 -7.521497e-01 4.762020e-01 1.129175e+00
 -1.031392e+00 7.466087e-01 1.149667e+00
 -1.366804e+00 9.063419e-01 1.096474e+00
 -1.702154e+00 9.502757e-01 9.802810e-01
 -2.010502e+00 8.826059e-01 8.139101e-01
 -2.265316e+00 7.006832e-01 5.913366e-01
 -2.420751e+00 3.843630e-01 3.376737e-01
 -2.414744e+00 -4.793708e-02 1.406854e-01
 -2.205105e+00 -5.096847e-01 6.782473e-02
 -1.850584e+00 -8.203637e-01 1.464484e-01
 -1.581121e+00 -9.787014e-01 3.937270e-01
 -1.402159e+00 -1.027594e+00 6.035824e-01
 -1.235284e+00 -1.002479e+00 8.788184e-01
 -1.061347e+00 -8.218135e-01 1.296664e+00
 -9.686374e-01 -6.796263e-01 1.554743e+00
 -9.145008e-01 -6.019265e-01 1.667999e+00
 -8.332528e-01 -4.933524e-01 1.783811e+00
 -7.356587e-01 -3.742029e-01 1.875560e+00
 -6.172346e-01 -2.455129e-01 1.943632e+00
 -4.689508e-01 -1.034084e-01 1.983563e+00
 -2.785130e-01 6.522964e-02 1.977375e+00
 -9.316556e-02 2.329622e-01 1.904279e+00
 1.021031e-01 3.838231e-01 1.739879e+00
 2.805962e-01 5.070928e-01 1.443033e+00
 3.739168e-01 5.671210e-01 1.051635e+00
 4.556945e-01 6.196653e-01 8.831345e-01
 5.468393e-01 6.884745e-01 7.635907e-01
 6.422870e-01 8.291427e-01 6.158793e-01
 7.145558e-01 9.949889e-01 5.019352e-01
 8.139992e-01 1.404805e+00 3.083421e-01
 9.016627e-01 1.658345e+00 1.371813e-02
 9.812982e-01 1.770603e+00 -3.363088e-01
 1.016623e+00 1.755088e+00 -6.905032e-01
 9.829165e-01 1.641786e+00 -1.014033e+00
 8.961170e-01 1.460194e+00 -1.266452e+00
 7.707793e-01 1.247682e+00 -1.433135e+00
 6.314816e-01 1.037248e+00 -1.515955e+00
 2.702382e-01 4.785955e-01 -1.560128e+00
 1.800676e-01 1.686016e-01 -1.629070e+00
 1.740130e-01 -1.561781e-01 -1.771633e+00
 3.321657e-01 -4.711602e-01 -1.942790e+00
 6.090645e-01 -7.347946e-01 -2.011855e+00
 9.097189e-01 -9.030408e-01 -1.974193e+00
 1.190142e+00 -9.915985e-01 -1.856226e+00
 1.424587e+00 -1.022917e+00 -1.680356e+00
 1.599866e+00 -1.000132e+00 -1.489083e+00
 1.730788e+00 -9.362064e-01 -1.263532e+00
 1.807266e+00 -8.236435e-01 -9.881711e-01
 1.794315e+00 -6.571994e-01 -6.920745e-01
 1.660559e+00 -4.524391e-01 -4.215649e-01
 1.384928e+00 -2.724943e-01 -2.067529e-01
 1.011670e+00 -1.758991e-01 -1.031049e-01
 6.665229e-01 -2.515431e-01 -1.206800e-02
 2.731457e-01 -5.323515e-01 1.223811e-01
 -7.799621e-02 -6.953281e-01 1.243269e-01
 -3.966606e-01 -6.988357e-01 1.006340e-01
 -7.421877e-01 -6.088241e-01 -3.436283e-02
 -9.818491e-01 -4.697823e-01 -2.556961e-01
 -1.135364e+00 -3.305278e-01 -5.584774e-01
 -1.146907e+00 -1.933383e-01 -8.935634e-01
 -9.663874e-01 2.170043e-02 -1.478331e+00
 -6.990981e-01 2.643229e-01 -2.140677e+00
 -4.934433e-01 3.496395e-01 -2.378770e+00
 -2.057955e-01 4.079650e-01 -2.550888e+00
 1.445731e-01 4.266128e-01 -2.625320e+00
 5.050557e-01 3.973279e-01 -2.579353e+00
