 5.380276e-01 1.052629e+00 1.790936e+00
 4.160073e-01 9.265216e-01 1.858376e+00
 1.922681e-01 7.917483e-01 1.924665e+00
 -6.526115e-02 7.088736e-01 1.962994e+00
 -1.134251e+00 6.115992e-01 1.953310e+00
 -1.519409e+00 5.332481e-01 1.778492e+00
 -1.793820e+00 4.228017e-01 1.463187e+00
 -1.912652e+00 2.988175e-01 1.039771e+00
 -1.848516e+00 2.011810e-01 6.218825e-01
 -1.623971e+00 1.451183e-01 2.820905e-01
 -1.282185e+00 8.973070e-02 7.711676e-02
 -9.200675e-01 5.459144e-02 3.585964e-02
 -4.551055e-01 -9.139166e-02 1.103567e-01
 -1.518629e-01 -1.740779e-01 -2.006711e-02
 1.004583e-02 -2.944408e-01 -1.355060e-01
 1.642151e-01 -4.253090e-01 -1.758735e-01
 5.852090e-01 -7.084152e-01 -1.296558e-01
 8.899346e-01 -9.617295e-01 -2.784528e-01
 1.062288e+00 -1.254349e+00 -5.413796e-01
 1.062248e+00 -1.542210e+00 -8.514872e-01
 9.035136e-01 -1.754918e+00 -1.190509e+00
 6.095539e-01 -1.856056e+00 -1.478409e+00
 2.038527e-01 -1.851351e+00 -1.660502e+00
 -2.088097e-01 -1.747729e+00 -1.687866e+00
 -5.046982e-01 -1.614323e+00 -1.575383e+00
 -7.711933e-01 -1.543430e+00 -1.321529e+00
 -1.245128e+00 -1.693667e+00 -8.794506e-01
 -1.433390e+00 -1.686576e+00 -5.854854e-01
 -1.570816e+00 -1.564568e+00 -2.402381e-01
 -1.610553e+00 -1.373206e+00 7.049326e-02
 -1.539960e+00 -1.119869e+00 3.653014e-01
 -1.145802e+00 -5.314813e-01 8.863276e-01
 -1.034653e+00 -3.140129e-01 9.915790e-01
 -9.262403e-01 2.460954e-02 1.060101e+00
 -8.768654e-01 2.355399e-01 1.029713e+00
 -8.943576e-01 4.483470e-01 9.673466e-01
 -1.108841e+00 1.078352e+00 6.640228e-01
 -8.064751e-01 1.668978e+00 3.582887e-01
 -1.227295e-01 1.941653e+00 2.779450e-01
 6.824339e-01 1.720249e+00 4.429573e-01
 1.177334e+00 8.926185e-01 9.559563e-01
 1.362622e+00 7.423646e-01 1.225457e+00
 1.491466e+00 6.949004e-01 1.609837e+00
 1.492257e+00 7.559990e-01 2.024121e+00
 1.358117e+00 8.954222e-01 2.381203e+00
 1.112582e+00 1.082960e+00 2.634996e+00
 7.943939e-01 1.287049e+00 2.751320e+00
 4.552243e-01 1.482911e+00 2.715826e+00
 1.414007e-01 1.636893e+00 2.537522e+00
 -1.064276e-01 1.716884e+00 2.248488e+00
 -2.499712e-01 1.715589e+00 1.898417e+00
 -2.910834e-01 1.618695e+00 1.551601e+00
 -2.443926e-01 1.422465e+00 1.246187e+00
 -5.407490e-02 1.075378e+00 9.278874e-01
 -2.908808e-02 1.015142e+00 8.519678e-01
 -1.807718e-02 9.650090e-01 7.660498e-01
 -2.000299e-02 9.282511e-01 6.729823e-01
 -3.697724e-02 9.043020e-01 5.773010e-01
 -1.259948e-01 8.629493e-01 2.895221e-01
 -2.048659e-01 8.693171e-01 -1.292387e-01
 -2.862850e-01 7.343359e-01 -4.871460e-01
 -3.979583e-01 4.916084e-01 -7.568690e-01
 -4.754954e-01 2.545002e-01 -8.700424e-01
 -4.563851e-01 1.946784e-02 -9.692309e-01
 -4.201392e-01 -1.912739e-01 -1.166884e+00
 -5.278237e-01 -4.175645e-01 -1.462693e+00
 -1.005073e+00 -7.818893e-01 -1.970021e+00
 -1.213945e+00 -1.079611e+00 -2.127202e+00
 -1.341400e+00 -1.455906e+00 -2.177287e+00
 -1.363595e+00 -1.852779e+00 -2.111353e+00
 -1.273390e+00 -2.208903e+00 -1.939038e+00
 -1.081147e+00 -2.467017e+00 -1.687187e+00
 -8.162134e-01 -2.582814e+00 -1.398762e+00
 -5.391143e-01 -2.534095e+00 -1.101336e+00
 -2.939982e-01 -2.322645e+00 -8.377008e-01
 -9.877100e-02 -1.985165e+00 -6.788260e-01
 2.326162e-02 -1.591177e+00 -6.697434e-01
 6.678914e-02 -1.315221e+00 -7.830594e-01
 1.181121e-01 -1.113094e+00 -9.520021e-01
 2.865314e-01 -9.325750e-01 -1.147981e+00
 7.465403e-01 -6.731565e-01 -1.581229e+00
 9.859777e-01 -4.593727e-01 -1.715339e+00
 1.218282e+00 -1.609520e-01 -1.752463e+00
 1.370722e+00 1.517278e-01 -1.685434e+00
 1.432982e+00 4.580767e-01 -1.529126e+00
 1.401603e+00 7.168765e-01 -1.307405e+00
 1.294279e+00 9.032078e-01 -1.017070e+00
 1.145689e+00 9.752962e-01 -7.163115e-01
 9.707127e-01 9.287833e-01 -4.074611e-01
 8.401883e-01 7.664832e-01 -1.497214e-01
 7.569591e-01 3.923057e-01 1.606433e-01
 6.254901e-01 8.064626e-02 5.941315e-01
 4.676801e-01 -1.858947e-01 7.862143e-01
 2.658882e-01 -4.788533e-01 8.548536e-01
 3.958230e-02 -7.559505e-01 7.916757e-01
 -1.898132e-01 -9.810851e-01 6.035632e-01
 -4.104283e-01 -1.105058e+00 3.241523e-01
 -5.759106e-01 -1.110235e+00 1.147527e-02
 -6.957415e-01 -1.023093e+00 -2.025963e-01
 -8.448220e-01 -8.681719e-01 -4.358899e-01
 -1.294602e+00 -5.519025e-01 -7.545026e-01
 -1.452716e+00 -2.270956e-01 -1.016736e+00
 -1.419348e+00 9.971619e-02 -1.314010e+00
 -1.190589e+00 3.678786e-01 -1.602309e+00
 -8.358719e-01 5.231645e-01 -1.793629e+00
 -4.040075e-01 5.906674e-01 -1.837224e+00
 2.005412e-02 5.611973e-01 -1.716475e+00
 3.593493e-01 4.326306e-01 -1.451206e+00
 5.884607e-01 1.668272e-01 -1.003919e+00
 7.583812e-01 4.159063e-02 -8.570791e-01
 9.761647e-01 -3.766448e-02 -7.691104e-01
 1.178324e+00 -5.600719e-02 -6.776680e-01
 1.409066e+00 2.081640e-03 -5.565370e-01
 1.613647e+00 1.272493e-01 -3.873315e-01
 1.760404e+00 3.183593e-01 -1.946503e-01
 2.050511e+00 1.203238e+00 5.363163e-01
 2.023691e+00 1.448138e+00 8.165691e-01
 1.881358e+00 1.628921e+00 1.109636e+00
 1.645846e+00 1.718478e+00 1.377519e+00
 1.347075e+00 1.714360e+00 1.581533e+00
 1.025643e+00 1.612312e+00 1.704519e+00
 7.671220e-01 1.435675e+00 1.735661e+00
 6.257902e-01 1.223843e+00 1.739611e+00
