 -9.410382e-01 -3.353141e-02 -2.054811e+00
 -1.146394e+00 3.739824e-01 -2.151759e+00
 -1.239819e+00 8.236137e-01 -2.074183e+00
 -1.201653e+00 1.223317e+00 -1.839525e+00
 -1.039984e+00 1.491563e+00 -1.496642e+00
 -7.934551e-01 1.572323e+00 -1.114032e+00
 -4.897524e-01 1.457428e+00 -7.783396e-01
 -2.210545e-01 1.160429e+00 -5.501841e-01
 -6.100027e-02 7.635978e-01 -4.582759e-01
 -1.251889e-01 1.985139e-01 -4.301514e-01
 -6.149208e-02 -8.132933e-02 -3.568677e-01
 -2.391789e-02 -5.913291e-01 -1.788115e-01
 4.949169e-02 -1.271851e+00 2.436623e-01
 9.305591e-03 -1.537482e+00 6.126915e-01
 -1.184597e-01 -1.637600e+00 1.028551e+00
 -2.759735e-01 -1.549294e+00 1.429167e+00
 -4.164143e-01 -1.305371e+00 1.727577e+00
 -5.679073e-01 -1.010174e+00 1.853308e+00
 -7.302435e-01 -8.456333e-01 1.873943e+00
 -9.363164e-01 -6.973003e-01 1.950042e+00
 -1.099770e+00 -4.578984e-01 2.141230e+00
 -1.141145e+00 -8.989879e-02 2.339821e+00
 -1.029726e+00 3.016426e-01 2.447473e+00
 -8.191250e-01 6.434893e-01 2.430611e+00
 -5.583711e-01 9.034002e-01 2.293220e+00
 -2.652508e-01 1.042756e+00 2.067798e+00
 1.481020e-02 1.039091e+00 1.788926e+00
 2.391235e-01 8.932571e-01 1.499298e+00
 4.176677e-01 5.244407e-01 1.121465e+00
 4.722606e-01 2.002096e-01 6.679204e-01
 5.498543e-01 -1.009240e-02 4.918773e-01
 7.453363e-01 -2.736152e-01 3.839267e-01
 9.799859e-01 -4.153139e-01 2.844274e-01
 1.275418e+00 -4.659651e-01 1.765746e-01
 1.581578e+00 -4.124765e-01 6.607796e-03
 1.835793e+00 -2.497814e-01 -1.781633e-01
 2.018428e+00 1.099200e-02 -3.456671e-01
 2.274982e+00 1.077181e+00 -8.501987e-01
 2.212350e+00 1.425032e+00 -1.108379e+00
 1.996140e+00 1.679716e+00 -1.385032e+00
 1.657982e+00 1.806520e+00 -1.626617e+00
 1.252263e+00 1.789374e+00 -1.782496e+00
 8.459968e-01 1.638014e+00 -1.817084e+00
 -3.154730e-01 7.404399e-01 -1.496870e+00
 -4.832078e-01 6.243959e-01 -1.392798e+00
 -6.296665e-01 5.729594e-01 -1.286452e+00
 -7.223152e-01 5.523270e-01 -1.223887e+00
 -8.556679e-01 5.457241e-01 -1.095242e+00
 -1.004467e+00 5.685364e-01 -8.803030e-01
 -1.391894e+00 8.213576e-01 4.112839e-03
 -1.463608e+00 8.419156e-01 3.321987e-01
 -1.460862e+00 7.956059e-01 6.654178e-01
 -1.388926e+00 7.148895e-01 9.333299e-01
 -1.249270e+00 6.063205e-01 1.162713e+00
 -1.054307e+00 4.781280e-01 1.333753e+00
 -4.937147e-01 1.574480e-01 1.570123e+00
 -2.433322e-01 4.015236e-02 1.822776e+00
 -1.249781e-01 -5.848836e-02 2.117242e+00
 -1.294055e-01 -2.692409e-01 2.461498e+00
 -2.554633e-01 -5.384826e-01 2.724246e+00
 -4.774467e-01 -8.513694e-01 2.866730e+00
 -7.492547e-01 -1.158130e+00 2.853355e+00
 -1.019399e+00 -1.420560e+00 2.678447e+00
 -1.243933e+00 -1.589535e+00 2.366642e+00
 -1.383090e+00 -1.632894e+00 1.966086e+00
 -1.408585e+00 -1.538688e+00 1.545502e+00
 -1.293079e+00 -1.344192e+00 1.180616e+00
 -1.052854e+00 -1.084536e+00 9.319402e-01
 -7.446650e-01 -8.193166e-01 8.538730e-01
 -3.226673e-01 -6.057666e-01 9.324904e-01
 3.644640e-01 -6.321134e-01 1.288666e+00
 7.672202e-01 -4.764219e-01 1.402285e+00
 1.157000e+00 -2.418897e-01 1.324827e+00
 1.405473e+00 5.920818e-02 1.103728e+00
 1.485855e+00 3.632845e-01 7.503566e-01
 1.400908e+00 5.471780e-01 3.427891e-01
 1.211064e+00 5.621778e-01 -5.307838e-02
 9.500011e-01 2.969891e-01 -4.686837e-01
 8.682523e-01 1.998545e-01 -6.782499e-01
 7.808593e-01 1.519256e-01 -8.738606e-01
 6.471690e-01 1.843800e-01 -1.087777e+00
 5.919728e-01 2.045272e-01 -1.293242e+00
 5.665216e-01 1.523935e-01 -1.579031e+00
 5.370599e-01 3.654003e-02 -1.806532e+00
 4.865949e-01 -1.438190e-01 -1.996099e+00
 4.092768e-01 -3.691807e-01 -2.132062e+00
 2.907014e-01 -6.369913e-01 -2.206917e+00
 1.546840e-01 -8.803619e-01 -2.200743e+00
 -9.512928e-03 -1.097290e+00 -2.121463e+00
 -1.999489e-01 -1.262782e+00 -1.982539e+00
 -3.949038e-01 -1.361030e+00 -1.792202e+00
 -5.785767e-01 -1.384404e+00 -1.559814e+00
 -7.369838e-01 -1.325768e+00 -1.305636e+00
 -8.513499e-01 -1.188926e+00 -1.050736e+00
 -1.053810e+00 -4.543504e-01 -1.987618e-01
 -9.826690e-01 -1.732767e-01 1.017057e-01
 -7.687823e-01 1.027720e-01 3.568289e-01
 -6.134505e-01 2.766286e-01 4.433051e-01
 -2.738822e-01 9.904197e-01 5.246172e-01
 1.436166e-01 1.285464e+00 4.357268e-01
 5.172605e-01 1.451305e+00 1.225161e-01
 9.834270e-01 1.392518e+00 -6.973090e-01
 1.404850e+00 8.176696e-01 -1.331442e+00
 1.542265e+00 5.349869e-01 -1.443164e+00
 1.594138e+00 1.690535e-01 -1.491684e+00
 1.525619e+00 -1.915488e-01 -1.478311e+00
 1.336160e+00 -5.016793e-01 -1.427983e+00
 1.047808e+00 -7.207006e-01 -1.344247e+00
 6.761625e-01 -8.211861e-01 -1.253481e+00
 3.209050e-01 -7.749370e-01 -1.195960e+00
 3.779251e-02 -6.441667e-01 -1.215984e+00
 -2.364631e-01 -4.364752e-01 -1.337322e+00
 -6.685292e-01 -3.129255e-01 -1.803475e+00
