 -5.820881e-01 -2.224191e+00 -1.365670e+00
 -8.325728e-01 -1.836847e+00 -1.431059e+00
 -9.298370e-01 -1.369608e+00 -1.362367e+00
 -8.236571e-01 -9.425193e-01 -1.208994e+00
 -5.355576e-01 -6.420383e-01 -1.055230e+00
 -2.035511e-01 -5.022575e-01 -1.027224e+00
 4.699587e-02 -3.811859e-01 -1.123507e+00
 1.873422e-01 -2.513639e-01 -1.205482e+00
 3.141606e-01 -4.627372e-02 -1.280300e+00
 4.034460e-01 2.128806e-01 -1.318921e+00
 4.400653e-01 4.735985e-01 -1.300826e+00
 4.538284e-01 7.320287e-01 -1.211436e+00
 4.308795e-01 9.497177e-01 -1.073129e+00
 3.463674e-01 1.329067e+00 -6.602159e-01
 3.863516e-01 1.686370e+00 -4.895084e-01
 5.915470e-01 1.957085e+00 -3.238374e-01
 8.703619e-01 2.106284e+00 -7.440319e-02
 1.125017e+00 2.096107e+00 2.477618e-01
 1.297421e+00 1.941923e+00 5.772339e-01
 1.369590e+00 1.649721e+00 8.886736e-01
 1.342469e+00 1.301379e+00 1.080153e+00
 1.227022e+00 9.276412e-01 1.147177e+00
 8.505151e-01 2.990562e-01 1.044638e+00
 6.214195e-01 -1.987194e-01 1.238707e+00
 4.775087e-01 -7.414449e-01 1.256768e+00
 1.891006e-01 -1.131640e+00 1.100878e+00
 -2.002636e-01 -1.320569e+00 8.353134e-01
 -5.773607e-01 -1.263269e+00 5.108122e-01
 -8.024794e-01 -1.026774e+00 1.683886e-01
 -1.022904e+00 -9.524504e-01 -3.776655e-02
 -1.438794e+00 -8.498488e-01 -1.546711e-01
 -1.888018e+00 -7.181056e-01 -5.999599e-02
 -2.230555e+00 -5.530454e-01 2.287821e-01
 -2.388514e+00 -3.707800e-01 6.353824e-01
 -2.332216e+00 -2.114371e-01 1.074485e+00
 -2.075382e+00 -1.122233e-01 1.457695e+00
 -1.672628e+00 -8.225873e-02 1.698875e+00
 -1.207295e+00 -9.790303e-02 1.739839e+00
 -7.735494e-01 -1.487214e-01 1.567834e+00
 -4.754583e-01 -2.451571e-01 1.241876e+00
 -3.406748e-01 -2.959951e-01 7.976520e-01
 -1.581441e-01 -3.039487e-01 5.431156e-01
 5.474780e-02 -4.574507e-01 3.217944e-01
 1.741220e-01 -6.930793e-01 7.599621e-03
 3.390295e-01 -8.037715e-01 -2.317020e-01
 6.438582e-01 -8.691294e-01 -4.673893e-01
 1.020391e+00 -8.977662e-01 -5.609770e-01
 1.386686e+00 -8.957520e-01 -5.162103e-01
 1.721133e+00 -8.300115e-01 -3.524193e-01
 1.969248e+00 -7.234170e-01 -8.525724e-02
 2.097006e+00 -5.923812e-01 2.512054e-01
 2.085327e+00 -4.520548e-01 6.062819e-01
 1.568673e+00 -4.035361e-03 1.723113e+00
 1.359911e+00 1.321847e-01 1.937358e+00
 1.098758e+00 2.831601e-01 2.058924e+00
 8.136312e-01 4.372238e-01 2.076169e+00
 5.260885e-01 5.757657e-01 1.987014e+00
 2.620389e-01 6.669076e-01 1.802903e+00
 5.617069e-02 7.024337e-01 1.545756e+00
 -2.804535e-01 7.012840e-01 6.689167e-01
 -3.537146e-01 7.733153e-01 4.687932e-01
 -5.514966e-01 1.146555e+00 5.663046e-02
 -6.539753e-01 1.550645e+00 -6.138548e-01
 -5.574448e-01 1.725457e+00 -9.501278e-01
 -3.250298e-01 1.860955e+00 -1.235903e+00
 1.030663e-02 1.939592e+00 -1.426715e+00
 3.999221e-01 1.952074e+00 -1.491690e+00
 7.850932e-01 1.898916e+00 -1.418284e+00
 1.100181e+00 1.775807e+00 -1.228519e+00
 1.306458e+00 1.578220e+00 -9.623173e-01
 1.374452e+00 1.367799e+00 -6.383514e-01
 1.299909e+00 1.197761e+00 -3.060643e-01
 1.093426e+00 1.097494e+00 1.442600e-02
 8.429358e-01 1.095921e+00 2.091746e-01
 6.170839e-01 1.172774e+00 3.540090e-01
 3.364780e-01 1.514521e+00 6.078098e-01
 1.199720e-01 1.649887e+00 7.365558e-01
 -1.355308e-01 1.709665e+00 8.635336e-01
 -4.049131e-01 1.687354e+00 9.635816e-01
 -6.685677e-01 1.583984e+00 1.031000e+00
 -9.081163e-01 1.406195e+00 1.056211e+00
 -1.112837e+00 1.152038e+00 1.033564e+00
 -1.228115e+00 8.949179e-01 9.762858e-01
 -1.347564e+00 4.679993e-02 7.230181e-01
 -1.365048e+00 -2.840741e-01 7.229414e-01
 -1.372747e+00 -4.878336e-01 8.038828e-01
 -1.454801e+00 -7.395104e-01 8.962689e-01
 -1.581745e+00 -1.127163e+00 8.460461e-01
 -1.603016e+00 -1.524089e+00 6.227876e-01
 -1.452532e+00 -1.834841e+00 2.961821e-01
 -1.150859e+00 -1.983306e+00 -4.652169e-02
 -7.650383e-01 -1.930649e+00 -3.322081e-01
 -3.691468e-01 -1.665048e+00 -5.220308e-01
 -1.561087e-01 -1.538562e+00 -6.991850e-01
 3.624127e-02 -1.497188e+00 -9.636864e-01
 1.104501e-01 -1.434840e+00 -1.296096e+00
 6.320010e-02 -1.280877e+00 -1.637768e+00
 -6.731380e-02 -1.026561e+00 -1.908998e+00
 -2.334589e-01 -7.181866e-01 -2.044517e+00
 -3.993121e-01 -3.781526e-01 -2.041949e+00
 -5.372450e-01 -4.120371e-02 -1.894451e+00
 -6.161041e-01 2.377798e-01 -1.613236e+00
 -6.047971e-01 4.136849e-01 -1.253573e+00
 -4.831667e-01 4.739963e-01 -8.760218e-01
 -3.058753e-01 4.182057e-01 -6.012924e-01
 -5.570904e-03 3.259167e-01 -3.828558e-01
 5.224910e-01 2.588283e-01 -2.617169e-01
 8.678652e-01 8.350205e-02 -5.935515e-02
 1.091159e+00 -2.414808e-01 2.289583e-01
 1.091623e+00 -5.400336e-01 4.043097e-01
 1.095310e+00 -8.260968e-01 4.655696e-01
 1.040738e+00 -1.160033e+00 4.391061e-01
 9.397803e-01 -1.461836e+00 3.136733e-01
 4.005322e-01 -2.384870e+00 -5.154163e-01
 9.917190e-02 -2.532397e+00 -8.491117e-01
 -2.498613e-01 -2.474120e+00 -1.153082e+00
