 -2.144213e-01 3.309588e-02 -7.293435e-01
 2.556603e-01 5.481701e-01 -1.878489e-02
 5.061840e-01 7.740387e-01 2.947460e-01
 7.274683e-01 1.149391e+00 6.085344e-01
 7.900687e-01 1.362890e+00 1.256653e+00
 6.125075e-01 1.142991e+00 1.973300e+00
 1.875796e-01 5.225935e-01 2.306887e+00
 -1.739940e-01 -1.350395e-01 2.024413e+00
 -3.002097e-01 -4.522663e-01 1.357932e+00
 -1.217169e-01 -3.575845e-01 6.013858e-01
 -6.509755e-02 -4.514072e-01 3.113283e-01
 -1.122817e-01 -8.426772e-01 -2.376575e-01
 -9.153687e-02 -9.535668e-01 -4.824141e-01
 3.572855e-02 -1.056983e+00 -7.501020e-01
 2.339523e-01 -1.149371e+00 -9.673361e-01
 5.367641e-01 -1.206735e+00 -1.145328e+00
 9.656069e-01 -1.195333e+00 -1.236897e+00
 2.180819e+00 -8.077921e-01 -9.772375e-01
 2.477812e+00 -6.702946e-01 -8.414719e-01
 2.714784e+00 -4.764577e-01 -5.980262e-01
 2.818409e+00 -2.330539e-01 -2.423849e-01
 2.718049e+00 8.033611e-03 1.519618e-01
 2.400298e+00 1.936737e-01 4.907976e-01
 1.916524e+00 2.541556e-01 6.811535e-01
 1.439204e+00 1.468012e-01 6.672691e-01
 1.108549e+00 -1.575983e-01 5.802524e-01
 6.692293e-01 -9.982211e-01 8.200018e-01
 3.306469e-01 -1.262661e+00 7.938038e-01
 6.138020e-02 -1.364238e+00 7.545215e-01
 -2.428890e-01 -1.392320e+00 7.149123e-01
 -6.213308e-01 -1.290453e+00 6.395809e-01
 -9.670282e-01 -9.648072e-01 4.967867e-01
 -1.110070e+00 -4.978474e-01 3.347059e-01
 -1.017106e+00 1.006037e-02 1.951256e-01
 -9.745660e-01 1.554474e-01 1.448830e-01
 -9.153428e-01 4.291046e-01 3.640846e-03
 -8.914314e-01 8.832777e-01 -3.505180e-01
 -1.019310e+00 1.316880e+00 -4.414234e-01
 -1.132739e+00 1.730105e+00 -3.035352e-01
 -1.175431e+00 2.037711e+00 -3.508123e-02
 -1.166411e+00 2.214513e+00 2.854960e-01
 -1.106616e+00 2.279768e+00 6.197841e-01
 -1.000350e+00 2.239241e+00 9.429939e-01
 -8.559557e-01 2.093432e+00 1.225600e+00
 -6.911285e-01 1.858597e+00 1.425572e+00
 -5.325261e-01 1.582638e+00 1.514510e+00
 -3.814480e-01 1.285819e+00 1.502891e+00
 -1.637868e-01 8.400331e-01 1.306547e+00
 -2.809113e-02 6.657159e-01 1.242764e+00
 1.517363e-01 5.064875e-01 1.220998e+00
 2.717782e-01 4.347684e-01 1.231257e+00
 3.310383e-01 3.986374e-01 1.239671e+00
 4.630163e-01 3.180105e-01 1.279577e+00
 5.847168e-01 2.465534e-01 1.348669e+00
 7.830075e-01 1.241995e-01 1.501082e+00
 9.820438e-01 -2.342824e-02 1.589801e+00
 1.203446e+00 -1.926248e-01 1.614681e+00
 1.426127e+00 -3.668678e-01 1.555863e+00
 1.614326e+00 -5.167688e-01 1.426300e+00
 1.756505e+00 -6.300493e-01 1.251759e+00
 1.849094e+00 -7.163785e-01 1.051288e+00
 1.901599e+00 -7.686949e-01 8.338298e-01
 1.929249e+00 -7.725726e-01 5.757450e-01
 1.920491e+00 -7.178362e-01 3.133613e-01
 1.880043e+00 -6.013711e-01 7.652104e-02
 1.822782e+00 -4.607667e-01 -8.377320e-02
 1.770226e+00 -1.693840e-01 -2.655718e-01
 1.658594e+00 1.788829e-01 -3.477305e-01
 9.890766e-01 1.199724e+00 -4.962251e-01
 6.801375e-01 1.448357e+00 -4.578821e-01
 3.527504e-01 1.587737e+00 -3.131168e-01
 1.088368e-01 1.614702e+00 -1.316209e-01
 -2.506969e-02 1.592463e+00 1.773678e-03
 -5.176775e-01 1.398530e+00 4.748006e-01
 -9.321965e-01 1.273621e+00 6.232210e-01
 -1.233147e+00 1.235380e+00 5.932109e-01
 -1.481359e+00 1.164841e+00 4.742407e-01
 -1.631254e+00 1.104763e+00 3.535630e-01
 -1.767216e+00 1.027313e+00 1.925317e-01
 -1.840741e+00 9.671320e-01 5.631508e-02
 -2.221445e+00 4.703794e-01 -9.762527e-01
 -2.205139e+00 1.718282e-01 -1.312004e+00
 -2.039307e+00 -1.429981e-01 -1.540580e+00
 -1.759546e+00 -4.200044e-01 -1.646804e+00
 -1.444736e+00 -6.390898e-01 -1.604794e+00
 -1.214121e+00 -7.685770e-01 -1.461115e+00
 -1.052118e+00 -9.374157e-01 -1.218385e+00
 -8.159534e-01 -1.627208e+00 -8.016169e-01
 -5.712050e-01 -1.870385e+00 -5.893537e-01
 -2.252210e-01 -1.981219e+00 -3.792564e-01
 1.671700e-01 -1.924799e+00 -2.104859e-01
 5.313613e-01 -1.704039e+00 -1.183024e-01
 8.055384e-01 -1.345982e+00 -1.223638e-01
 9.309429e-01 -9.288273e-01 -2.371883e-01
 8.635100e-01 -6.303381e-01 -3.523385e-01
 7.927678e-01 6.117722e-02 -1.050990e+00
 6.033860e-01 4.410437e-01 -1.252692e+00
 2.924762e-01 6.987084e-01 -1.364738e+00
 -8.811638e-02 8.190209e-01 -1.416757e+00
 -4.886611e-01 7.972375e-01 -1.406074e+00
 -8.587971e-01 6.297625e-01 -1.331693e+00
 -1.092327e+00 3.780058e-01 -1.213373e+00
 -1.340948e+00 -3.528315e-02 -7.844216e-01
 -1.511136e+00 -2.121985e-01 -6.495864e-01
 -1.773407e+00 -5.154967e-01 -6.115392e-01
 -1.974605e+00 -9.106001e-01 -7.504220e-01
 -2.014142e+00 -1.295294e+00 -1.041985e+00
 -1.859171e+00 -1.580649e+00 -1.415648e+00
 -1.524932e+00 -1.711021e+00 -1.759988e+00
 -1.079191e+00 -1.656040e+00 -1.985648e+00
 -6.518536e-01 -1.408861e+00 -2.061017e+00
 -3.416770e-01 -1.039458e+00 -1.971040e+00
 -2.134461e-01 -6.501246e-01 -1.746551e+00
 -2.423171e-01 -2.580861e-01 -1.312329e+00
