 -2.490251e+00 -1.673325e+00 -9.415346e-01
 -2.672847e+00 -1.408062e+00 -1.130671e+00
 -2.753035e+00 -1.066406e+00 -1.266612e+00
 -2.717155e+00 -6.966531e-01 -1.330892e+00
 -2.568525e+00 -3.498110e-01 -1.315918e+00
 -1.666151e+00 6.804945e-01 -9.720506e-01
 -1.305073e+00 8.540730e-01 -7.613360e-01
 -9.306793e-01 8.376088e-01 -4.757535e-01
 -6.413657e-01 6.405452e-01 -2.090089e-01
 -5.541606e-01 4.377980e-01 -5.746029e-02
 -4.710798e-01 1.664476e-01 4.913419e-02
 -4.266524e-01 -1.045677e-01 6.618433e-02
 -3.458493e-01 -4.903715e-01 -2.509513e-02
 -2.436445e-01 -7.553854e-01 1.544161e-02
 -2.132623e-01 -1.150199e+00 2.355702e-01
 -4.186049e-01 -1.503944e+00 5.103154e-01
 -8.075990e-01 -1.721291e+00 7.133802e-01
 -1.331464e+00 -1.770603e+00 7.843271e-01
 -1.821362e+00 -1.630511e+00 6.631943e-01
 -2.171503e+00 -1.342717e+00 3.442039e-01
 -2.251302e+00 -1.013588e+00 -9.917707e-02
 -2.044520e+00 -8.255284e-01 -5.330322e-01
 -1.760606e+00 -9.067794e-01 -9.569454e-01
 -1.537849e+00 -1.439022e+00 -1.582346e+00
 -1.300081e+00 -1.641302e+00 -1.815298e+00
 -9.527640e-01 -1.738077e+00 -2.004012e+00
 -5.534308e-01 -1.701784e+00 -2.109578e+00
 -1.662614e-01 -1.529893e+00 -2.109917e+00
 1.389201e-01 -1.243525e+00 -1.998834e+00
 2.991329e-01 -8.894586e-01 -1.791434e+00
 2.804985e-01 -5.291678e-01 -1.498222e+00
 9.529667e-02 -2.918222e-01 -1.192683e+00
 -2.056338e-01 -1.603093e-01 -9.780945e-01
 -5.353885e-01 -5.470140e-02 -9.467810e-01
 -8.696282e-01 -1.178544e-01 -8.680074e-01
 -1.157948e+00 -1.758296e-01 -6.324455e-01
 -1.396182e+00 -8.805228e-02 -3.294848e-01
 -1.539535e+00 1.548081e-01 3.119575e-02
 -1.495500e+00 4.860990e-01 3.626947e-01
 -1.268886e+00 8.302660e-01 5.881256e-01
 -4.115088e-01 1.502916e+00 7.648265e-01
 -1.956260e-01 1.600441e+00 7.983375e-01
 5.970723e-02 1.648701e+00 8.531847e-01
 3.549186e-01 1.624343e+00 9.216999e-01
 6.018944e-01 1.523319e+00 9.834993e-01
 7.559468e-01 1.392817e+00 1.035490e+00
 8.857593e-01 1.200434e+00 1.134415e+00
 1.017015e+00 9.933740e-01 1.361313e+00
 1.268199e+00 9.035044e-01 1.685471e+00
 1.643378e+00 9.595110e-01 1.935247e+00
 2.075118e+00 1.106839e+00 2.004741e+00
 2.474103e+00 1.306542e+00 1.873963e+00
 2.760819e+00 1.517227e+00 1.558983e+00
 2.871585e+00 1.678691e+00 1.121435e+00
 2.786219e+00 1.735880e+00 6.530005e-01
 2.521068e+00 1.669205e+00 2.523811e-01
 2.122705e+00 1.492405e+00 1.082038e-02
 1.701851e+00 1.226075e+00 -7.252136e-03
 1.400753e+00 9.208081e-01 1.743117e-01
 1.315023e+00 6.554109e-01 4.126678e-01
 1.333686e+00 4.219305e-01 6.006839e-01
 1.430388e+00 1.379243e-01 7.142365e-01
 1.506318e+00 -1.498680e-01 7.117815e-01
 1.513440e+00 -5.008344e-01 5.951129e-01
 1.392725e+00 -8.254501e-01 3.985678e-01
 1.157948e+00 -1.052746e+00 1.496676e-01
 4.388553e-01 -1.247208e+00 -5.619119e-01
 3.381737e-01 -1.261108e+00 -6.445362e-01
 2.283251e-01 -1.268755e+00 -7.143246e-01
 -2.297667e-01 -1.246276e+00 -9.584021e-01
 -4.614503e-01 -1.160531e+00 -1.143686e+00
 -6.361734e-01 -1.003415e+00 -1.350587e+00
 -7.231762e-01 -7.953007e-01 -1.628800e+00
 -6.818598e-01 -4.744111e-01 -1.869310e+00
 -5.619162e-01 -9.631426e-02 -1.968513e+00
 -3.916841e-01 2.704990e-01 -1.911853e+00
 -1.980780e-01 5.795516e-01 -1.699312e+00
 -1.969580e-03 7.694673e-01 -1.357259e+00
 3.425337e-01 8.457644e-01 -3.676764e-01
 3.768710e-01 8.250290e-01 4.671354e-02
 3.120808e-01 7.511088e-01 3.691964e-01
 1.394284e-01 6.389050e-01 7.264288e-01
 3.374826e-02 6.397609e-01 1.085236e+00
 -1.349608e-02 8.382316e-01 1.482130e+00
 8.724136e-02 1.157215e+00 1.800478e+00
 3.578858e-01 1.505648e+00 1.981842e+00
 7.551787e-01 1.782671e+00 1.989891e+00
 1.171176e+00 1.930657e+00 1.813690e+00
 1.541468e+00 1.902072e+00 1.505085e+00
 1.791154e+00 1.685447e+00 1.191772e+00
 1.881881e+00 1.403735e+00 1.020275e+00
 1.968962e+00 1.182089e+00 9.864029e-01
 2.160463e+00 9.485761e-01 9.132114e-01
 2.335862e+00 6.838463e-01 6.316242e-01
 2.306348e+00 3.831088e-01 2.163281e-01
 2.032425e+00 1.385240e-01 -1.361423e-01
 1.574297e+00 -2.838186e-02 -3.197795e-01
 1.108848e+00 -8.697225e-02 -2.741398e-01
 7.100338e-01 -1.240250e-01 -5.382262e-03
 4.205208e-01 -3.253915e-01 6.801692e-01
 -2.409648e-02 -4.102241e-01 9.782312e-01
 -5.020049e-01 -5.238589e-01 1.019634e+00
 -9.546121e-01 -6.575892e-01 8.071084e-01
 -1.217139e+00 -8.049505e-01 4.055379e-01
 -1.231762e+00 -9.690671e-01 1.158334e-01
 -1.204513e+00 -1.183538e+00 -7.575909e-02
 -1.294646e+00 -1.491814e+00 -2.233405e-01
 -1.544289e+00 -1.754101e+00 -3.843840e-01
 -1.906982e+00 -1.873937e+00 -5.726786e-01
 -2.205648e+00 -1.841736e+00 -7.287677e-01
