 -2.046972e+00 -1.019504e+00 -1.661089e+00
 -2.258002e+00 -9.302892e-01 -1.445640e+00
 -2.394342e+00 -7.909294e-01 -1.175970e+00
 -2.425567e+00 -6.115344e-01 -8.784828e-01
 -2.328205e+00 -4.011596e-01 -5.738160e-01
 -2.108960e+00 -2.234257e-01 -3.264658e-01
 -1.767381e+00 -9.665390e-02 -1.744794e-01
 -1.426361e+00 7.217910e-03 -1.725607e-01
 -1.204275e+00 9.897584e-02 -2.754440e-01
 -1.009689e+00 2.749778e-01 -4.438576e-01
 -8.441337e-01 5.852901e-01 -5.358981e-01
 -6.580715e-01 8.944008e-01 -4.697471e-01
 -3.741487e-01 1.189043e+00 -2.135911e-01
 -1.938963e-01 1.305710e+00 1.001933e-01
 4.006630e-02 1.252100e+00 4.028632e-01
 2.844373e-01 1.004130e+00 7.862425e-01
 5.291383e-01 9.249952e-01 1.185554e+00
 7.507368e-01 6.989512e-01 1.467718e+00
 9.903056e-01 3.866040e-01 1.597360e+00
 1.232588e+00 3.537122e-02 1.544396e+00
 1.405131e+00 -3.194908e-01 1.302508e+00
 1.417787e+00 -5.911189e-01 9.797749e-01
 1.276533e+00 -7.775335e-01 6.623496e-01
 1.022400e+00 -8.562095e-01 3.622529e-01
 6.598755e-01 -7.757468e-01 4.700036e-02
 3.078646e-01 -9.340853e-01 -3.652361e-01
 1.080052e-01 -9.363154e-01 -6.237832e-01
 -1.890941e-02 -8.895595e-01 -7.327693e-01
 -2.267953e-01 -7.500523e-01 -8.387409e-01
 -4.106552e-01 -4.900310e-01 -9.729499e-01
 -4.630753e-01 -2.444943e-01 -1.104593e+00
 -4.167470e-01 5.062092e-02 -1.271724e+00
 -2.639976e-01 3.462288e-01 -1.386405e+00
 -2.091252e-02 5.944766e-01 -1.440230e+00
 7.129666e-01 9.890103e-01 -1.438640e+00
 1.027001e+00 1.147521e+00 -1.387456e+00
 1.280953e+00 1.288813e+00 -1.244798e+00
 1.492381e+00 1.438097e+00 -9.955409e-01
 1.610854e+00 1.543201e+00 -6.799147e-01
 1.627266e+00 1.584857e+00 -3.300705e-01
 1.534934e+00 1.561756e+00 -1.296005e-02
 1.386492e+00 1.533933e+00 1.805790e-01
 1.159733e+00 1.570307e+00 3.830578e-01
 8.085237e-01 1.884665e+00 8.131629e-01
 5.552753e-01 1.968398e+00 1.016183e+00
 2.889255e-01 1.949511e+00 1.194340e+00
 4.069017e-02 1.838035e+00 1.342283e+00
 -1.650390e-01 1.656667e+00 1.449327e+00
 -3.157665e-01 1.431755e+00 1.512994e+00
 -4.084873e-01 1.186161e+00 1.536094e+00
 -5.553730e-01 2.837250e-01 1.468295e+00
 -6.185842e-01 -3.089822e-02 1.351707e+00
 -6.773798e-01 -2.924184e-01 1.157959e+00
 -7.190990e-01 -4.744626e-01 9.058360e-01
 -7.226981e-01 -6.449033e-01 4.481398e-01
 -6.988847e-01 -8.260819e-01 1.980240e-01
 -6.620432e-01 -1.057342e+00 2.744767e-02
 -6.405438e-01 -1.396554e+00 -8.815569e-02
 -6.081485e-01 -1.796234e+00 -4.366188e-02
 -5.115679e-01 -2.177492e+00 1.785377e-01
 -3.656892e-01 -2.397555e+00 4.739290e-01
 -1.689605e-01 -2.467123e+00 7.999114e-01
 6.695578e-02 -2.382322e+00 1.128605e+00
 2.661393e-01 -2.190078e+00 1.358826e+00
 4.148856e-01 -1.919809e+00 1.508242e+00
 5.038502e-01 -1.615177e+00 1.570656e+00
 5.343104e-01 -1.311865e+00 1.553200e+00
 5.132393e-01 -1.038387e+00 1.469869e+00
 3.974525e-01 -4.798422e-01 1.118169e+00
 4.584065e-01 -1.849156e-01 8.971878e-01
 5.815003e-01 -1.020558e-02 7.494366e-01
 7.961621e-01 1.232113e-01 5.951870e-01
 1.030276e+00 2.843385e-01 5.579755e-01
 1.308115e+00 4.990943e-01 6.198250e-01
 1.718046e+00 8.932718e-01 9.111996e-01
 1.873264e+00 1.180956e+00 1.011426e+00
 1.962603e+00 1.522395e+00 1.027571e+00
 1.969552e+00 1.877660e+00 9.484022e-01
 1.887027e+00 2.199605e+00 7.744678e-01
 1.722280e+00 2.435904e+00 5.235686e-01
 1.469079e+00 2.555025e+00 2.384844e-01
 1.172921e+00 2.520767e+00 -3.002372e-02
 8.910511e-01 2.320122e+00 -2.732711e-01
 6.856232e-01 1.991499e+00 -4.290965e-01
 6.012376e-01 1.571168e+00 -4.918945e-01
 6.559863e-01 1.203748e+00 -4.415788e-01
 8.051684e-01 9.488869e-01 -3.998813e-01
 1.092079e+00 7.107332e-01 -3.810233e-01
 1.263537e+00 5.025609e-01 -4.023620e-01
 1.378008e+00 2.382524e-01 -4.214840e-01
 1.435972e+00 -3.548058e-02 -4.608768e-01
 1.456995e+00 -8.165238e-01 -6.030865e-01
 1.392474e+00 -1.140988e+00 -5.825645e-01
 1.266557e+00 -1.428600e+00 -4.819207e-01
 1.095035e+00 -1.649840e+00 -3.118618e-01
 8.902891e-01 -1.781431e+00 -9.783254e-02
 6.628553e-01 -1.810614e+00 1.307506e-01
 4.532814e-01 -1.739367e+00 3.462102e-01
 8.871674e-02 -1.464290e+00 6.394307e-01
 -1.851991e-01 -1.434088e+00 8.371737e-01
 -5.168829e-01 -1.506546e+00 9.592273e-01
 -8.163773e-01 -1.543016e+00 9.370268e-01
 -1.218308e+00 -1.512503e+00 7.651422e-01
 -1.489037e+00 -1.432739e+00 5.112048e-01
 -1.644707e+00 -1.318791e+00 1.784375e-01
 -1.658456e+00 -1.185912e+00 -1.837577e-01
 -1.490718e+00 -9.887083e-01 -6.147094e-01
 -1.421629e+00 -8.174312e-01 -8.148816e-01
 -1.406247e+00 -6.130538e-01 -9.785288e-01
 -1.459726e+00 -3.655176e-01 -1.134877e+00
 -1.604333e+00 -6.002914e-02 -1.212805e+00
 -1.750166e+00 2.802829e-01 -1.144490e+00
 -1.842233e+00 5.736342e-01 -9.507506e-01
 -1.859861e+00 8.125586e-01 -6.489618e-01
 -1.773483e+00 9.605883e-01 -2.917703e-01
 -1.587237e+00 9.979674e-01 3.832114e-02
 -1.316881e+00 9.211271e-01 3.175382e-01
 -1.032772e+00 7.589514e-01 4.808622e-01
 -7.710960e-01 5.641910e-01 5.174373e-01
 -5.242659e-01 4.021726e-01 4.381473e-01
 -2.872676e-01 2.696623e-01 2.830587e-01
 8.950492e-02 1.517069e-01 -1.917127e-01
 4.320739e-01 2.060425e-02 -7.085683e-01
 5.611343e-01 -8.940266e-02 -9.566386e-01
 5.699912e-01 -2.271315e-01 -1.225076e+00
 4.686950e-01 -4.097555e-01 -1.507125e+00
 2.807957e-01 -5.712583e-01 -1.722055e+00
 5.134313e-02 -6.948032e-01 -1.860052e+00
 -2.033493e-01 -7.857312e-01 -1.927108e+00
 -8.903438e-01 -9.351016e-01 -1.928974e+00
 -1.522080e+00 -1.049846e+00 -1.891763e+00
 -1.793316e+00 -1.057853e+00 -1.810252e+00
