 5.090152e-01 -1.301869e-01 -1.463229e+00
 7.606348e-01 1.624912e-01 -1.880520e+00
 1.100757e+00 6.834496e-01 -2.024400e+00
 1.303365e+00 1.317810e+00 -1.769519e+00
 1.185179e+00 1.750197e+00 -1.158939e+00
 8.435761e-01 1.695286e+00 -4.966337e-01
 4.840116e-01 1.249534e+00 -1.321827e-01
 2.099258e-02 5.210678e-01 -1.820156e-01
 -1.354360e+00 -1.959264e-01 -1.168727e-01
 -1.616280e+00 -3.840529e-01 -4.062589e-02
 -1.827605e+00 -6.022750e-01 1.192370e-01
 -1.964834e+00 -8.521829e-01 4.022736e-01
 -1.951276e+00 -1.086226e+00 7.958938e-01
 -1.757604e+00 -1.231069e+00 1.187515e+00
 -1.432782e+00 -1.250778e+00 1.483372e+00
 -1.055519e+00 -1.141989e+00 1.640365e+00
 -7.167025e-01 -9.162513e-01 1.671708e+00
 -5.558912e-01 -7.238338e-01 1.637990e+00
 -4.529634e-01 -4.307174e-01 1.615705e+00
 -2.650501e-01 1.305291e-01 1.832783e+00
 -1.909294e-01 4.730371e-01 1.836044e+00
 -1.340503e-01 7.812078e-01 1.732201e+00
 -1.016337e-01 1.034913e+00 1.544013e+00
 -1.056996e-01 1.218805e+00 1.294278e+00
 -1.595767e-01 1.328923e+00 1.000246e+00
 -2.708220e-01 1.355578e+00 6.972109e-01
 -4.554638e-01 1.301412e+00 4.142295e-01
 -6.317574e-01 1.199359e+00 2.603156e-01
 -9.458121e-01 1.115816e+00 1.088470e-01
 -1.288699e+00 1.221898e+00 -1.719867e-01
 -1.446524e+00 1.382137e+00 -5.530078e-01
 -1.427845e+00 1.520066e+00 -9.123487e-01
 -1.295867e+00 1.605166e+00 -1.218541e+00
 -1.083742e+00 1.647172e+00 -1.464349e+00
 -8.026673e-01 1.633449e+00 -1.648770e+00
 -4.682437e-01 1.555273e+00 -1.746446e+00
 -1.191367e-01 1.413993e+00 -1.725287e+00
 1.861796e-01 1.222999e+00 -1.573725e+00
 4.746236e-01 9.408537e-01 -1.203576e+00
 6.161869e-01 8.415629e-01 -1.097290e+00
 7.127359e-01 7.947323e-01 -1.048743e+00
 7.735303e-01 7.706438e-01 -1.020809e+00
 8.542961e-01 7.343116e-01 -9.964293e-01
 9.735202e-01 6.669361e-01 -9.778375e-01
 1.145295e+00 5.355549e-01 -9.760270e-01
 1.320521e+00 3.696598e-01 -1.022330e+00
 1.613887e+00 6.553519e-03 -1.234215e+00
 1.814816e+00 -2.901651e-01 -1.411750e+00
 1.893706e+00 -4.690505e-01 -1.479523e+00
 1.947094e+00 -6.790047e-01 -1.524200e+00
 1.965034e+00 -9.319775e-01 -1.536925e+00
 1.928264e+00 -1.215946e+00 -1.500871e+00
 1.830686e+00 -1.496694e+00 -1.395090e+00
 1.671632e+00 -1.738037e+00 -1.204155e+00
 1.431286e+00 -1.903696e+00 -9.056799e-01
 1.148965e+00 -1.898375e+00 -5.996562e-01
 8.649192e-01 -1.675228e+00 -2.806221e-01
 7.630033e-01 -1.357892e+00 -7.032922e-02
 8.394655e-01 -1.132032e+00 1.003142e-01
 9.534517e-01 -8.911570e-01 2.167693e-01
 1.002540e+00 -6.395549e-01 2.611846e-01
 9.500307e-01 -2.984652e-01 3.611238e-01
 7.784550e-01 7.021989e-04 4.958649e-01
 4.980568e-01 2.140224e-01 6.599080e-01
 1.751832e-01 2.884338e-01 7.954891e-01
 -5.231019e-01 3.563249e-01 8.571522e-01
 -8.918724e-01 5.995660e-01 1.049553e+00
 -1.119455e+00 9.594710e-01 1.131790e+00
 -1.231283e+00 1.320612e+00 1.084204e+00
 -1.256204e+00 1.621245e+00 9.530978e-01
 -1.229639e+00 1.849486e+00 7.733211e-01
 -1.162806e+00 2.012249e+00 5.692353e-01
 -1.064915e+00 2.115630e+00 3.461841e-01
 -9.371675e-01 2.155910e+00 1.031023e-01
 -7.798424e-01 2.114525e+00 -1.599939e-01
 -6.012628e-01 1.963305e+00 -4.135512e-01
 -4.602752e-01 1.693404e+00 -6.186452e-01
 -4.199324e-01 1.348706e+00 -7.407915e-01
 -5.000432e-01 1.110370e+00 -8.253001e-01
 -5.521643e-01 9.871384e-01 -9.064075e-01
 -5.702397e-01 8.580422e-01 -9.931508e-01
 -5.780652e-01 6.722076e-01 -1.079299e+00
 -5.765036e-01 4.236380e-01 -1.151433e+00
 -5.724055e-01 2.484704e-01 -1.193328e+00
 -5.557459e-01 -3.173474e-01 -1.329013e+00
 -3.909739e-01 -7.308553e-01 -1.396128e+00
 -1.692231e-02 -1.057616e+00 -1.379765e+00
 3.964650e-01 -1.174372e+00 -1.284356e+00
 7.437367e-01 -1.129190e+00 -1.172033e+00
 9.243855e-01 -1.036962e+00 -1.102080e+00
 1.092951e+00 -9.249622e-01 -9.667598e-01
 1.341745e+00 -8.716141e-01 -7.417795e-01
 1.599808e+00 -9.423233e-01 -5.652013e-01
 1.770144e+00 -1.113690e+00 -3.514449e-01
 1.832896e+00 -1.327497e+00 -7.513278e-02
 1.758278e+00 -1.556818e+00 2.159558e-01
 1.548989e+00 -1.758446e+00 4.867348e-01
 1.221123e+00 -1.882553e+00 6.917055e-01
 8.303224e-01 -1.904573e+00 7.932344e-01
 9.433597e-02 -1.767650e+00 7.544686e-01
 -2.860776e-01 -1.656294e+00 7.163682e-01
 -5.695599e-01 -1.500623e+00 6.866899e-01
 -7.773014e-01 -1.288730e+00 6.558436e-01
 -9.105598e-01 -1.044213e+00 6.294231e-01
 -9.550117e-01 -8.718566e-01 6.536340e-01
 -1.029961e+00 -5.914630e-01 7.596994e-01
 -1.166997e+00 -4.223307e-01 8.847726e-01
 -1.349774e+00 -2.892068e-01 1.128124e+00
 -1.439089e+00 -1.828157e-01 1.512612e+00
 -1.406391e+00 -1.911598e-01 1.917437e+00
 -1.215456e+00 -2.720091e-01 2.296807e+00
 -8.972640e-01 -4.172489e-01 2.558979e+00
 -5.063328e-01 -5.681126e-01 2.651230e+00
 -1.071220e-01 -6.890749e-01 2.563180e+00
 2.167501e-01 -7.899895e-01 2.317315e+00
 4.127778e-01 -8.547073e-01 1.973482e+00
 4.688670e-01 -8.744333e-01 1.595984e+00
 3.975298e-01 -8.499018e-01 1.243325e+00
 4.467480e-02 -7.003807e-01 6.235575e-01
 -4.551329e-02 -6.161969e-01 2.383468e-01
 6.042659e-04 -6.157169e-01 -9.761447e-02
 1.082172e-01 -5.665506e-01 -3.088869e-01
 3.930736e-01 -1.835894e-01 -9.638784e-01
