 2.369541e-01 -6.216568e-01 -1.497031e+00
 -1.422499e-01 -4.669001e-01 -1.706311e+00
 -6.804068e-01 -2.881136e-01 -1.658675e+00
 -1.102804e+00 -1.407916e-01 -1.319990e+00
 -1.326700e+00 -5.307236e-02 -6.798172e-01
 -1.479026e+00 -2.894473e-02 -5.159742e-01
 -1.728176e+00 -4.625986e-02 -3.268894e-01
 -1.994200e+00 -2.072289e-01 -1.472962e-01
 -2.190310e+00 -4.839857e-01 9.071908e-03
 -2.272324e+00 -7.946796e-01 1.193336e-01
 -2.242461e+00 -1.116607e+00 1.999590e-01
 -2.103800e+00 -1.412442e+00 2.703568e-01
 -1.880313e+00 -1.643301e+00 3.142449e-01
 -1.597505e+00 -1.795987e+00 3.225278e-01
 -1.283295e+00 -1.857890e+00 3.024845e-01
 -9.713922e-01 -1.825504e+00 2.636161e-01
 -2.173178e-01 -1.507940e+00 1.116155e-01
 7.436234e-01 -1.072715e+00 -1.025222e-01
 9.364029e-01 -1.011793e+00 -1.840459e-01
 1.184041e+00 -9.905753e-01 -3.199393e-01
 1.501708e+00 -9.992449e-01 -3.793033e-01
 1.865370e+00 -9.438632e-01 -3.238948e-01
 2.177110e+00 -8.263281e-01 -1.583738e-01
 2.396361e+00 -6.469784e-01 8.726083e-02
 2.490587e+00 -4.259249e-01 3.733438e-01
 2.448083e+00 -1.816896e-01 6.552760e-01
 1.799951e+00 7.371397e-01 1.525979e+00
 1.440981e+00 1.016800e+00 1.653969e+00
 1.024916e+00 1.224525e+00 1.583769e+00
 6.664427e-01 1.361626e+00 1.318638e+00
 4.851697e-01 1.419646e+00 9.701341e-01
 4.492113e-01 1.533646e+00 5.831364e-01
 3.427572e-01 1.833303e+00 2.525007e-01
 -2.013931e-02 2.162015e+00 3.351546e-02
 -5.499188e-01 2.298687e+00 -3.656658e-02
 -1.094429e+00 2.157948e+00 1.542732e-02
 -1.477818e+00 1.778206e+00 1.695383e-01
 -1.590916e+00 1.265709e+00 3.299395e-01
 -1.416416e+00 7.487776e-01 4.011298e-01
 -7.528026e-01 5.946273e-02 2.336593e-01
 -5.934105e-01 -9.722463e-02 2.455522e-01
 -4.301751e-01 -2.609355e-01 3.173029e-01
 -2.191979e-01 -3.894883e-01 4.619442e-01
 -2.871514e-03 -4.372814e-01 6.179861e-01
 2.214880e-01 -4.101881e-01 7.530405e-01
 4.828053e-01 -2.886344e-01 8.918125e-01
 6.737981e-01 -1.152361e-01 9.914592e-01
 8.075812e-01 7.166924e-02 1.029941e+00
 9.591761e-01 3.095933e-01 9.753063e-01
 1.172953e+00 7.115290e-01 6.959819e-01
 1.336286e+00 9.630726e-01 6.242130e-01
 1.453942e+00 1.294265e+00 6.397060e-01
 1.470984e+00 1.619630e+00 7.227811e-01
 1.369310e+00 1.939769e+00 8.291600e-01
 1.159251e+00 2.202417e+00 9.360160e-01
 8.662829e-01 2.376899e+00 1.024593e+00
 5.268731e-01 2.442367e+00 1.085345e+00
 1.837985e-01 2.392184e+00 1.112298e+00
 -1.240738e-01 2.240797e+00 1.087576e+00
 -3.593560e-01 2.013659e+00 1.010643e+00
 -5.095522e-01 1.762753e+00 8.668871e-01
 -5.696655e-01 1.542029e+00 6.826940e-01
 -5.632019e-01 1.375599e+00 4.667819e-01
 -5.506485e-01 1.287258e+00 2.206765e-01
 -6.023004e-01 1.239667e+00 -4.759560e-02
 -8.025253e-01 1.157938e+00 -3.550082e-01
 -1.683251e+00 8.576892e-01 -9.912596e-01
 -1.965595e+00 6.094033e-01 -1.148856e+00
 -2.159003e+00 2.401414e-01 -1.234168e+00
 -2.212155e+00 -1.697177e-01 -1.229666e+00
 -2.123135e+00 -5.584886e-01 -1.130197e+00
 -1.905474e+00 -8.735820e-01 -9.309329e-01
 -1.607481e+00 -1.041263e+00 -6.404361e-01
 -1.363899e+00 -1.022369e+00 -3.081937e-01
 -1.240857e+00 -8.852116e-01 -2.303050e-03
 -1.293163e+00 -7.974352e-01 4.777697e-01
 -1.255035e+00 -6.520584e-01 7.855864e-01
 -1.134175e+00 -4.496848e-01 1.035623e+00
 -9.442470e-01 -2.167239e-01 1.198130e+00
 -7.080718e-01 3.753149e-02 1.254888e+00
 -4.794420e-01 2.711922e-01 1.194841e+00
 -2.491123e-01 4.689569e-01 1.020387e+00
 -2.377662e-02 5.803691e-01 7.519355e-01
 1.161415e-01 5.828020e-01 4.819517e-01
 2.552613e-01 4.860533e-01 2.260690e-01
 5.428455e-01 1.378124e-01 -8.068821e-02
 6.144212e-01 3.474630e-02 -2.036490e-01
 6.887041e-01 -5.568680e-02 -3.660681e-01
 7.548429e-01 -9.279931e-02 -5.502012e-01
 1.161014e+00 -1.992281e-01 -1.103771e+00
 1.300705e+00 -4.447450e-01 -1.488646e+00
 1.237373e+00 -7.776758e-01 -1.833824e+00
 9.796868e-01 -1.115899e+00 -2.064080e+00
 5.822513e-01 -1.378709e+00 -2.134546e+00
 1.406247e-01 -1.521611e+00 -2.020635e+00
 -2.459807e-01 -1.525933e+00 -1.735730e+00
 -5.035484e-01 -1.372880e+00 -1.353398e+00
 -5.728763e-01 -1.094753e+00 -9.738213e-01
 -4.884356e-01 -7.638867e-01 -7.403103e-01
 -3.666193e-01 -5.235187e-01 -6.655932e-01
 -2.761070e-01 -2.950628e-01 -6.855098e-01
 -1.829939e-01 3.080766e-01 -8.350277e-01
 2.673563e-01 7.849151e-01 -8.641703e-01
 8.664363e-01 9.457538e-01 -6.746822e-01
 1.402316e+00 7.231205e-01 -3.867105e-01
 1.648439e+00 2.361224e-01 -8.493686e-02
 1.474165e+00 -2.863639e-01 3.504182e-01
 1.477994e+00 -4.940858e-01 5.239311e-01
 1.518588e+00 -8.445238e-01 6.430141e-01
 1.528792e+00 -1.222656e+00 6.245751e-01
 1.479674e+00 -1.572590e+00 4.794440e-01
 1.367355e+00 -1.843705e+00 2.313195e-01
 1.207147e+00 -1.995588e+00 -8.558954e-02
 1.021712e+00 -2.004468e+00 -4.262800e-01
 8.383257e-01 -1.867438e+00 -7.405850e-01
 6.726759e-01 -1.606376e+00 -9.746987e-01
 4.070868e-01 -8.891518e-01 -1.221608e+00
