 -2.435066e+00 -3.017519e-01 -4.759953e-01
 -2.229878e+00 -3.957391e-01 -2.040858e-01
 -1.935212e+00 -4.592514e-01 -1.263674e-02
 -1.587359e+00 -4.828222e-01 7.237944e-02
 -1.231447e+00 -4.601360e-01 4.011577e-02
 -8.650110e-01 -3.587819e-01 -1.136226e-01
 -3.031133e-01 -9.901396e-02 -2.841138e-01
 7.303972e-02 -1.440123e-01 -3.767507e-01
 3.596083e-01 -1.387257e-01 -3.314037e-01
 6.023474e-01 -5.461127e-02 -3.433247e-01
 9.213173e-01 1.216432e-01 -4.878008e-01
 1.208738e+00 1.799593e-01 -7.818254e-01
 1.366588e+00 1.784857e-01 -1.157104e+00
 1.370186e+00 1.322305e-01 -1.564158e+00
 1.223408e+00 2.838987e-02 -1.932664e+00
 9.501770e-01 -1.198192e-01 -2.205371e+00
 5.881676e-01 -2.796623e-01 -2.337359e+00
 -2.285667e-01 -6.005128e-01 -2.265166e+00
 -7.993857e-01 -7.936855e-01 -2.131199e+00
 -1.130560e+00 -8.234339e-01 -1.941015e+00
 -1.388902e+00 -7.685939e-01 -1.659921e+00
 -1.531859e+00 -6.340180e-01 -1.345689e+00
 -1.562795e+00 -4.322485e-01 -1.067441e+00
 -1.522297e+00 -2.322587e-01 -9.187774e-01
 -1.509552e+00 3.349438e-02 -8.128499e-01
 -1.833880e+00 7.362911e-01 -4.096722e-01
 -1.813131e+00 1.099223e+00 -1.545361e-01
 -1.598502e+00 1.419379e+00 1.050502e-01
 -1.258254e+00 1.613838e+00 2.908319e-01
 -8.799642e-01 1.661247e+00 3.671476e-01
 -5.605557e-01 1.630666e+00 2.998215e-01
 -3.465456e-01 1.670053e+00 1.928218e-01
 -9.101776e-02 1.767281e+00 1.555574e-01
 1.623658e-01 1.799584e+00 1.859407e-01
 4.597729e-01 1.732529e+00 2.495936e-01
 7.197720e-01 1.580778e+00 3.071479e-01
 9.320718e-01 1.347510e+00 3.571371e-01
 1.063880e+00 1.059827e+00 4.143951e-01
 1.125762e+00 5.452932e-01 5.120823e-01
 1.138983e+00 2.870032e-01 5.600384e-01
 1.161405e+00 -3.876802e-01 6.854778e-01
 1.219405e+00 -6.048914e-01 7.124776e-01
 1.334837e+00 -8.121936e-01 7.439769e-01
 1.571387e+00 -1.060137e+00 6.962121e-01
 1.761737e+00 -1.292812e+00 5.047177e-01
 1.851523e+00 -1.486620e+00 2.423371e-01
 1.856337e+00 -1.633969e+00 -1.175314e-01
 1.773684e+00 -1.674172e+00 -4.747175e-01
 1.616795e+00 -1.608257e+00 -8.042243e-01
 1.410464e+00 -1.443628e+00 -1.062567e+00
 1.176629e+00 -1.207876e+00 -1.215820e+00
 4.540594e-01 -2.988245e-01 -1.322662e+00
 3.604235e-01 5.712720e-02 -1.353834e+00
 2.506179e-01 4.098031e-01 -1.213152e+00
 1.979519e-01 6.821534e-01 -9.597044e-01
 1.772859e-01 8.437087e-01 -6.150534e-01
 1.905521e-01 8.651723e-01 -2.806799e-01
 1.004014e-01 7.358054e-01 3.095907e-01
 5.825948e-02 9.279267e-01 7.690966e-01
 3.383755e-02 1.275815e+00 1.069160e+00
 -4.924183e-02 1.714207e+00 1.187026e+00
 -1.842594e-01 2.131183e+00 1.111857e+00
 -3.527465e-01 2.452804e+00 8.746229e-01
 -5.138472e-01 2.631644e+00 5.247373e-01
 -6.568281e-01 2.644486e+00 1.364881e-01
 -7.707955e-01 2.503209e+00 -2.151490e-01
 -8.568510e-01 2.240267e+00 -4.814834e-01
 -8.956593e-01 1.894137e+00 -6.384567e-01
 -8.825916e-01 1.519784e+00 -6.661499e-01
 -8.495393e-01 1.147824e+00 -5.513251e-01
 -8.124097e-01 8.998666e-01 -3.489945e-01
 -8.427039e-01 7.600545e-01 -1.341450e-01
 -8.871631e-01 6.692379e-01 1.314952e-01
 -8.922136e-01 5.823956e-01 3.126322e-01
 -8.842536e-01 4.649450e-01 4.821497e-01
 -8.670206e-01 2.581711e-01 6.932057e-01
 -7.975667e-01 -3.128280e-01 1.097148e+00
 -6.490360e-01 -5.805892e-01 1.266678e+00
 -3.814324e-01 -8.109967e-01 1.405641e+00
 -1.053216e-01 -9.435382e-01 1.461502e+00
 1.468137e-01 -9.831324e-01 1.456526e+00
 4.187475e-01 -9.174034e-01 1.447486e+00
 6.270710e-01 -8.508916e-01 1.509810e+00
 9.483339e-01 -6.962244e-01 1.691013e+00
 1.273408e+00 -5.219496e-01 1.728952e+00
 1.602111e+00 -3.666737e-01 1.630190e+00
 1.886514e+00 -2.552419e-01 1.405991e+00
 2.086937e+00 -2.053397e-01 1.085346e+00
 2.172148e+00 -2.186419e-01 6.988411e-01
 2.122514e+00 -2.694285e-01 3.461191e-01
 1.954272e+00 -3.694175e-01 3.945363e-02
 1.690802e+00 -5.415453e-01 -1.903052e-01
 1.381179e+00 -7.479380e-01 -2.842778e-01
 1.134761e+00 -8.974941e-01 -2.493447e-01
 9.396102e-01 -1.171702e+00 -1.289057e-01
 8.392133e-01 -1.440395e+00 9.130588e-02
 7.718432e-01 -1.575317e+00 3.337294e-01
 7.047085e-01 -1.885474e+00 1.348228e+00
 6.560282e-01 -1.874605e+00 1.686500e+00
 5.792218e-01 -1.750673e+00 2.008162e+00
 4.823928e-01 -1.520545e+00 2.270087e+00
 3.718376e-01 -1.203616e+00 2.433683e+00
 2.508761e-01 -8.410211e-01 2.464755e+00
 1.575593e-01 -4.823202e-01 2.349328e+00
 1.217544e-01 -1.672833e-01 2.089385e+00
 1.261331e-01 3.532483e-02 1.696372e+00
 1.664086e-01 5.499624e-02 1.255871e+00
 1.842715e-01 -9.099567e-02 9.105246e-01
 1.438977e-01 -3.270604e-01 6.624133e-01
 4.713441e-02 -7.742399e-01 4.385661e-01
 -7.759150e-02 -1.038560e+00 1.266149e-01
 -1.160909e-01 -1.133386e+00 -1.777386e-01
 -2.109492e-01 -1.112262e+00 -5.455636e-01
 -3.322669e-01 -9.590238e-01 -8.685598e-01
 -4.584521e-01 -7.000226e-01 -1.105120e+00
 -5.724894e-01 -3.120890e-01 -1.254913e+00
 -6.360107e-01 -1.052809e-01 -1.388222e+00
 -8.153383e-01 8.329679e-02 -1.576296e+00
 -1.088801e+00 2.101284e-01 -1.734047e+00
 -1.436161e+00 2.766693e-01 -1.806775e+00
 -1.793033e+00 2.816508e-01 -1.765521e+00
 -2.111932e+00 2.284885e-01 -1.619941e+00
 -2.358010e+00 1.280233e-01 -1.386032e+00
 -2.502597e+00 -1.649708e-02 -1.096886e+00
 -2.528224e+00 -1.732283e-01 -7.849618e-01
