 1.165525e+00 1.425234e+00 1.005757e+00
 1.002267e+00 1.654736e+00 9.873777e-01
 7.509554e-01 1.909550e+00 8.164660e-01
 5.154230e-01 2.056971e+00 5.360075e-01
 -1.467921e-01 2.112855e+00 -5.868414e-01
 -4.147859e-01 1.943544e+00 -9.420877e-01
 -6.123700e-01 1.645525e+00 -1.168603e+00
 -7.258393e-01 1.259844e+00 -1.273273e+00
 -7.434379e-01 8.537840e-01 -1.244278e+00
 -6.239198e-01 1.398581e-01 -9.247317e-01
 -5.878547e-01 -3.689527e-01 -4.491874e-01
 -7.838335e-01 -8.531767e-01 -2.844538e-01
 -1.136875e+00 -1.211456e+00 -3.028557e-01
 -1.627202e+00 -1.360865e+00 -4.091151e-01
 -2.099528e+00 -1.255843e+00 -5.785346e-01
 -2.445691e+00 -9.414723e-01 -7.331450e-01
 -2.604941e+00 -5.140102e-01 -8.316203e-01
 -2.573674e+00 -7.196230e-02 -8.569464e-01
 -2.380317e+00 3.038031e-01 -8.209246e-01
 -2.077931e+00 5.635836e-01 -7.264144e-01
 -1.733344e+00 6.801897e-01 -5.792527e-01
 -1.405406e+00 6.533784e-01 -3.877220e-01
 -1.224676e+00 5.425202e-01 -2.140004e-01
 -1.077347e+00 4.021453e-01 4.243094e-02
 -9.922436e-01 2.006594e-01 7.589040e-01
 -8.728979e-01 1.149152e-01 1.021840e+00
 -6.782224e-01 2.340710e-02 1.236649e+00
 -4.153700e-01 -7.129917e-02 1.386648e+00
 -7.191262e-02 -2.024212e-01 1.457058e+00
 2.505124e-01 -3.659228e-01 1.400461e+00
 5.174239e-01 -5.402443e-01 1.225310e+00
 6.534915e-01 -6.405451e-01 1.025213e+00
 7.645948e-01 -8.108817e-01 8.520821e-01
 1.003146e+00 -1.352711e+00 5.206714e-01
 1.064261e+00 -1.601080e+00 2.484912e-01
 1.055578e+00 -1.763044e+00 -8.680872e-02
 9.686699e-01 -1.820722e+00 -4.372585e-01
 8.310432e-01 -1.760277e+00 -7.656926e-01
 6.548536e-01 -1.597202e+00 -1.023634e+00
 4.658516e-01 -1.379265e+00 -1.164921e+00
 2.408048e-01 -1.154354e+00 -1.192129e+00
 1.238763e-02 -1.052987e+00 -1.164595e+00
 -1.742751e-01 -9.973963e-01 -1.192464e+00
 -6.869099e-01 -9.065951e-01 -1.355482e+00
 -1.159441e+00 -7.563103e-01 -1.270385e+00
 -1.475625e+00 -5.338047e-01 -1.027575e+00
 -1.592430e+00 -3.548080e-01 -7.215461e-01
 -1.646454e+00 -3.306978e-01 -4.896952e-01
 -1.774584e+00 -3.137987e-01 -2.459206e-01
 -1.971884e+00 -1.280237e-01 3.285161e-02
 -2.074021e+00 2.227647e-01 2.834190e-01
 -2.011511e+00 6.348095e-01 4.477202e-01
 -1.792745e+00 1.004954e+00 5.079277e-01
 -1.470006e+00 1.276847e+00 4.613905e-01
 -1.097818e+00 1.414238e+00 3.133667e-01
 -7.389631e-01 1.394753e+00 8.765427e-02
 -2.454900e-01 1.091730e+00 -3.790044e-01
 5.227314e-01 1.056003e+00 -9.344806e-01
 1.058118e+00 7.995544e-01 -1.026235e+00
 1.389746e+00 2.613421e-01 -1.003469e+00
 1.371538e+00 -3.267292e-01 -8.547093e-01
 1.094832e+00 -7.296163e-01 -5.397334e-01
 4.527441e-01 -9.172946e-01 -2.146006e-01
 1.297498e-01 -1.285637e+00 -1.677426e-01
 -1.175619e-01 -1.649166e+00 -3.371592e-01
 -2.821624e-01 -1.920298e+00 -6.951476e-01
 -3.479942e-01 -2.019252e+00 -1.167412e+00
 -2.955495e-01 -1.919138e+00 -1.640856e+00
 -1.685876e-01 -1.643504e+00 -2.000367e+00
 -2.808420e-02 -1.249879e+00 -2.181617e+00
 1.140146e-01 -8.242035e-01 -2.163679e+00
 2.460550e-01 -4.579530e-01 -1.964872e+00
 3.327207e-01 -2.051222e-01 -1.635150e+00
 4.014542e-01 8.304061e-02 -5.915821e-01
 5.098944e-01 1.519140e-01 -4.056478e-01
 7.296563e-01 1.787071e-01 -1.985339e-01
 9.421840e-01 1.160261e-01 8.177176e-02
 1.065126e+00 1.989154e-01 5.780195e-01
 8.999264e-01 4.092220e-01 1.258150e+00
 1.014155e+00 5.788303e-01 1.638604e+00
 1.273777e+00 9.172944e-01 1.910959e+00
 1.566006e+00 1.308037e+00 1.953696e+00
 1.800433e+00 1.683741e+00 1.776410e+00
 1.939361e+00 1.960381e+00 1.429156e+00
 1.953848e+00 2.095433e+00 9.937014e-01
 1.839556e+00 2.082549e+00 5.672189e-01
 1.634307e+00 1.935844e+00 2.262689e-01
 1.371228e+00 1.699068e+00 1.760410e-02
 1.091334e+00 1.424842e+00 -3.210167e-02
 8.484296e-01 1.198329e+00 5.909783e-02
 4.281451e-01 9.861695e-01 3.731941e-01
 2.034164e-01 7.741543e-01 4.722872e-01
 1.465520e-02 3.792631e-01 4.988380e-01
 -8.942702e-02 -2.478882e-01 4.096937e-01
 -2.636370e-01 -7.110872e-01 5.596812e-01
 -2.449043e-01 -1.107119e+00 8.104542e-01
 -4.561561e-02 -1.399058e+00 1.112055e+00
 2.680723e-01 -1.522417e+00 1.405734e+00
 6.314878e-01 -1.482127e+00 1.620450e+00
 9.852594e-01 -1.310197e+00 1.727493e+00
 1.277290e+00 -1.039057e+00 1.727973e+00
 1.721973e+00 -2.926725e-01 1.498581e+00
 1.955463e+00 3.212816e-01 1.271901e+00
 1.889495e+00 7.749785e-01 1.080027e+00
 1.619448e+00 1.106391e+00 9.308745e-01
 1.347670e+00 1.263631e+00 9.405994e-01
