 -7.800064e-01 1.365999e+00 -2.435541e+00
 -1.004864e+00 1.518256e+00 -2.141213e+00
 -1.145009e+00 1.564622e+00 -1.771717e+00
 -1.185185e+00 1.495974e+00 -1.382598e+00
 -1.109371e+00 1.327151e+00 -1.023583e+00
 -9.312587e-01 1.088104e+00 -7.681838e-01
 -6.510858e-01 8.586556e-01 -6.338147e-01
 -1.931423e-01 6.033439e-01 -6.347961e-01
 2.618047e-02 3.976618e-01 -5.273747e-01
 1.813245e-01 6.351250e-02 -3.747759e-01
 2.447599e-01 -3.056515e-01 -1.682200e-01
 3.617197e-01 -5.442463e-01 -5.907464e-02
 5.510782e-01 -8.369896e-01 -7.754465e-03
 7.529806e-01 -1.158454e+00 -1.003281e-01
 8.885339e-01 -1.448728e+00 -3.249664e-01
 9.140663e-01 -1.678162e+00 -6.290809e-01
 8.300168e-01 -1.816784e+00 -9.788117e-01
 6.663949e-01 -1.835419e+00 -1.317221e+00
 4.529898e-01 -1.749110e+00 -1.591776e+00
 2.311340e-01 -1.580328e+00 -1.781824e+00
 -1.566604e-01 -1.177875e+00 -1.962987e+00
 -5.047830e-01 -7.982287e-01 -2.101044e+00
 -7.276277e-01 -4.882202e-01 -2.165689e+00
 -8.682814e-01 -1.316367e-01 -2.129560e+00
 -8.935944e-01 2.594400e-01 -1.983929e+00
 -7.665764e-01 5.746104e-01 -1.770969e+00
 -5.371715e-01 7.528267e-01 -1.644385e+00
 -3.679846e-01 9.043382e-01 -1.620597e+00
 -2.517049e-01 1.112513e+00 -1.560812e+00
 -1.404454e-01 1.374903e+00 -1.367453e+00
 -1.002622e-01 1.571538e+00 -1.130626e+00
 -1.523061e-01 1.970019e+00 -3.811496e-01
 -1.482320e-01 2.075583e+00 -6.419103e-02
 -8.806570e-02 2.092598e+00 3.349974e-01
 -7.696071e-03 1.992004e+00 6.870873e-01
 7.104097e-02 1.773067e+00 9.744651e-01
 1.332338e-01 1.471205e+00 1.161218e+00
 1.677615e-01 1.141975e+00 1.232030e+00
 2.330174e-01 4.140747e-01 1.146387e+00
 3.737847e-01 -1.170214e-02 9.505146e-01
 5.616959e-01 -2.547655e-01 8.769039e-01
 7.661021e-01 -5.554202e-01 9.274791e-01
 1.015256e+00 -7.881769e-01 1.116183e+00
 1.317195e+00 -8.831559e-01 1.394483e+00
 1.615281e+00 -8.031481e-01 1.679415e+00
 1.864590e+00 -5.761189e-01 1.903463e+00
 2.035045e+00 -2.507931e-01 2.034816e+00
 2.106857e+00 1.165838e-01 2.067852e+00
 2.083909e+00 4.767512e-01 2.004038e+00
 1.977066e+00 7.895986e-01 1.853165e+00
 1.799257e+00 1.021070e+00 1.629382e+00
 1.566614e+00 1.137794e+00 1.358797e+00
 1.319126e+00 1.113589e+00 1.059304e+00
 1.107452e+00 9.361486e-01 7.754094e-01
 1.033218e+00 7.274215e-01 6.043199e-01
 1.031788e+00 5.301511e-01 4.184608e-01
 1.175397e+00 1.629126e-01 -1.039759e-01
 1.217121e+00 -4.196026e-02 -4.027965e-01
 1.136143e+00 -2.529193e-01 -6.769892e-01
 9.369664e-01 -4.730319e-01 -9.048046e-01
 6.736236e-01 -6.840883e-01 -1.024734e+00
 4.026111e-01 -8.907670e-01 -1.026331e+00
 1.801014e-01 -1.010674e+00 -9.447638e-01
 -1.942547e-02 -1.265558e+00 -7.832879e-01
 -1.782813e-01 -1.766569e+00 -4.344691e-01
 -3.134635e-01 -1.961164e+00 -1.669980e-01
 -5.169066e-01 -2.045408e+00 1.488003e-01
 -7.688408e-01 -1.981367e+00 4.646220e-01
 -1.027304e+00 -1.748668e+00 7.289802e-01
 -1.227420e+00 -1.358301e+00 8.866936e-01
 -1.312543e+00 -9.362883e-01 8.668962e-01
 -1.363823e+00 -6.808513e-01 7.162618e-01
 -1.470376e+00 -5.079487e-01 5.880759e-01
 -1.619990e+00 -2.136054e-01 5.272794e-01
 -1.626502e+00 1.822693e-01 5.044384e-01
 -1.465988e+00 5.566221e-01 4.678960e-01
 -1.197855e+00 8.179984e-01 4.170969e-01
 -8.929021e-01 9.570048e-01 3.889205e-01
 -3.404918e-01 1.034830e+00 3.267152e-01
 1.218629e-01 1.101631e+00 1.943286e-01
 5.311269e-01 1.271199e+00 -8.946292e-02
 8.215040e-01 1.342111e+00 -1.777017e-01
 1.150684e+00 1.346112e+00 -1.964087e-01
 1.478933e+00 1.272936e+00 -1.342608e-01
 1.767177e+00 1.121285e+00 1.025885e-02
 1.966789e+00 9.055488e-01 2.164767e-01
 2.048843e+00 6.453635e-01 4.764536e-01
 1.994073e+00 3.962282e-01 7.489163e-01
 1.800974e+00 1.941136e-01 1.024310e+00
 1.548573e+00 1.109225e-01 1.211357e+00
 1.381403e+00 1.370425e-01 1.346884e+00
 1.200972e+00 1.464363e-01 1.573977e+00
 8.982087e-01 -4.647590e-02 1.838876e+00
 5.630096e-01 -3.125815e-01 1.916978e+00
 2.405511e-01 -5.459083e-01 1.817491e+00
 -4.599789e-03 -7.104135e-01 1.602293e+00
 -1.528371e-01 -8.229661e-01 1.332289e+00
 -3.489281e-01 -9.851293e-01 5.035445e-01
 -4.818119e-01 -1.009051e+00 2.548988e-01
 -6.738717e-01 -1.036999e+00 6.969535e-02
 -9.067565e-01 -1.111575e+00 -8.253149e-02
 -1.253278e+00 -1.218866e+00 -1.424860e-01
 -1.634348e+00 -1.285866e+00 -6.286433e-02
 -1.957574e+00 -1.286997e+00 1.383577e-01
 -2.197637e+00 -1.204848e+00 4.182496e-01
 -2.326840e+00 -1.044403e+00 7.349444e-01
 -2.321653e+00 -8.332617e-01 1.055369e+00
 -2.178798e+00 -5.905930e-01 1.329847e+00
 -1.918241e+00 -3.483465e-01 1.507042e+00
 -1.582962e+00 -1.367670e-01 1.551647e+00
 -1.225491e+00 7.270144e-03 1.456225e+00
 -9.041791e-01 7.288834e-02 1.230832e+00
 -6.848387e-01 5.436244e-02 9.227337e-01
 -5.683853e-01 -5.371475e-03 4.658812e-01
 -7.902645e-01 -4.854641e-02 -9.796417e-02
 -8.438487e-01 -1.255840e-01 -3.232776e-01
 -7.926748e-01 -2.255893e-01 -5.813933e-01
 -6.649854e-01 -2.721148e-01 -8.784243e-01
 -4.846693e-01 -2.534531e-01 -1.122879e+00
 -1.749305e-02 -1.036452e-01 -1.511782e+00
 1.161693e-01 -1.398901e-02 -1.826178e+00
 1.197983e-01 1.999495e-01 -2.203839e+00
 -2.111841e-02 4.872073e-01 -2.494098e+00
 -2.487948e-01 8.123398e-01 -2.633619e+00
 -5.127795e-01 1.121958e+00 -2.608636e+00
