 -1.604388e+00 2.694462e+00 -4.327233e-01
 -1.816943e+00 2.537696e+00 -2.031302e-01
 -1.950234e+00 2.286314e+00 1.349619e-02
 -2.000658e+00 1.947414e+00 1.734209e-01
 -1.945943e+00 1.555816e+00 2.431611e-01
 -1.766427e+00 1.165730e+00 1.980422e-01
 -1.179980e+00 5.919928e-01 -1.071147e-01
 -9.658157e-01 4.504523e-01 -1.461230e-01
 -6.018184e-01 3.236637e-01 -1.733842e-01
 -3.631927e-01 2.695355e-01 -1.293553e-01
 8.271745e-03 2.760479e-01 -1.829539e-02
 5.266206e-01 5.540679e-01 -1.063858e-01
 8.322860e-01 8.830113e-01 -4.011524e-01
 8.800502e-01 1.247453e+00 -8.195215e-01
 5.408603e-01 1.642011e+00 -1.438507e+00
 8.670501e-02 1.962800e+00 -1.982753e+00
 -2.263484e-01 2.094859e+00 -2.152430e+00
 -6.103936e-01 2.183493e+00 -2.203220e+00
 -1.006720e+00 2.220042e+00 -2.105443e+00
 -1.355847e+00 2.179498e+00 -1.860678e+00
 -1.587443e+00 2.044270e+00 -1.503107e+00
 -1.630474e+00 1.853665e+00 -1.076144e+00
 -1.440631e+00 1.707754e+00 -6.786044e-01
 -1.150987e+00 1.750335e+00 -3.800448e-01
 -8.791693e-01 2.078673e+00 7.042087e-02
 -6.472829e-01 2.191402e+00 2.897954e-01
 -3.450603e-01 2.190019e+00 5.229360e-01
 -2.913992e-02 2.041891e+00 7.250712e-01
 2.315144e-01 1.760938e+00 8.585940e-01
 3.702027e-01 1.442675e+00 9.037821e-01
 5.795581e-01 4.467227e-01 9.008406e-01
 6.115424e-01 2.711842e-01 8.755483e-01
 6.693100e-01 -3.267911e-01 6.787968e-01
 6.289560e-01 -5.920071e-01 6.020148e-01
 4.405756e-01 -1.058928e+00 4.437811e-01
 3.938914e-01 -1.426391e+00 3.348567e-01
 3.534499e-01 -1.797179e+00 3.774446e-01
 4.285877e-01 -2.182782e+00 5.750418e-01
 6.718180e-01 -2.464527e+00 8.416435e-01
 1.017138e+00 -2.574306e+00 1.099592e+00
 1.403982e+00 -2.513601e+00 1.289234e+00
 1.767274e+00 -2.308142e+00 1.375002e+00
 2.054392e+00 -1.995967e+00 1.341603e+00
 2.217709e+00 -1.622647e+00 1.190062e+00
 2.217524e+00 -1.248570e+00 9.368745e-01
 2.037098e+00 -9.534226e-01 6.253822e-01
 1.729807e+00 -8.302573e-01 2.908370e-01
 1.421770e+00 -9.040608e-01 4.910549e-02
 1.251709e+00 -1.094708e+00 -1.489743e-01
 1.171494e+00 -1.243516e+00 -3.807599e-01
 1.066988e+00 -1.289441e+00 -7.545184e-01
 9.203242e-01 -1.175143e+00 -1.113297e+00
 7.296966e-01 -9.390815e-01 -1.379307e+00
 5.288168e-01 -6.241616e-01 -1.510979e+00
 3.483741e-01 -2.748160e-01 -1.495823e+00
 7.329868e-02 4.254204e-01 -1.166464e+00
 -1.130547e-01 9.440465e-01 -8.349335e-01
 -1.700327e-01 1.151503e+00 -6.071223e-01
 -2.326890e-01 1.273648e+00 -2.781492e-01
 -2.620737e-01 1.270245e+00 4.437440e-02
 -4.448449e-01 1.171885e+00 3.706882e-01
 -5.461570e-01 1.038630e+00 5.771884e-01
 -7.203350e-01 7.949509e-01 7.833913e-01
 -1.261008e+00 3.995774e-03 1.049625e+00
 -1.312617e+00 -4.869107e-01 1.127497e+00
 -1.118181e+00 -9.975360e-01 1.142120e+00
 -8.300598e-01 -1.262186e+00 1.073656e+00
 -4.332639e-01 -1.365208e+00 1.059514e+00
 1.095044e-01 -1.489654e+00 1.326690e+00
 4.657000e-01 -1.513369e+00 1.366406e+00
 7.933073e-01 -1.527854e+00 1.286625e+00
 1.065938e+00 -1.546923e+00 1.105301e+00
 1.241856e+00 -1.588622e+00 8.645714e-01
 1.323246e+00 -1.689657e+00 6.815911e-01
 1.459664e+00 -1.825167e+00 5.191161e-01
 1.707437e+00 -1.887475e+00 3.078647e-01
 1.978189e+00 -1.800356e+00 1.919744e-03
 2.163610e+00 -1.548941e+00 -3.092858e-01
 2.180919e+00 -1.195294e+00 -5.998902e-01
 2.011349e+00 -8.074703e-01 -8.011734e-01
 1.689625e+00 -4.626686e-01 -8.522090e-01
 1.249379e+00 -2.582987e-01 -7.635857e-01
 8.348752e-01 -2.728379e-01 -5.796142e-01
 4.586402e-01 -4.976364e-01 -4.748402e-01
 -7.646009e-02 -1.077678e+00 -5.002797e-01
 -2.937691e-01 -1.365253e+00 -4.084801e-01
 -5.525120e-01 -1.724234e+00 -8.469667e-02
 -7.684271e-01 -2.264818e+00 6.620326e-01
 -8.136759e-01 -2.327010e+00 1.193262e+00
 -7.928623e-01 -2.127659e+00 1.683862e+00
 -7.246806e-01 -1.723549e+00 2.010530e+00
 -6.247143e-01 -1.228998e+00 2.095331e+00
 -4.748220e-01 -7.736078e-01 1.931735e+00
 -3.205638e-01 -4.603268e-01 1.558773e+00
 -2.668051e-01 -3.491170e-01 1.094682e+00
 -3.715296e-01 -4.105050e-01 6.604330e-01
 -6.043846e-01 -6.073360e-01 3.176952e-01
 -8.976377e-01 -6.395260e-01 -4.979715e-02
 -1.005662e+00 -5.844433e-01 -3.972278e-01
 -1.055053e+00 -4.076014e-01 -7.392468e-01
 -1.059859e+00 -9.910154e-02 -1.015526e+00
 -9.675847e-01 9.002935e-01 -1.369638e+00
 -9.065118e-01 1.148885e+00 -1.421913e+00
 -8.034158e-01 1.363903e+00 -1.434648e+00
 -6.958235e-01 1.542692e+00 -1.396048e+00
 -5.978448e-01 1.796980e+00 -1.250144e+00
 -5.935760e-01 2.103123e+00 -1.170343e+00
 -7.556702e-01 2.441748e+00 -1.028523e+00
 -1.042614e+00 2.671306e+00 -8.374590e-01
 -1.329163e+00 2.746131e+00 -6.498431e-01
