 1.478319e+00 -9.989284e-01 4.929254e-01
 1.643524e+00 -7.599112e-01 2.628115e-01
 1.853354e+00 1.513905e-01 -2.274796e-01
 1.976150e+00 3.701817e-01 -2.746087e-01
 2.127344e+00 5.424408e-01 -3.449296e-01
 2.303110e+00 7.613988e-01 -5.818438e-01
 2.369751e+00 9.502347e-01 -9.205486e-01
 2.294237e+00 1.085896e+00 -1.288513e+00
 2.089260e+00 1.139488e+00 -1.628617e+00
 1.787731e+00 1.101079e+00 -1.890752e+00
 1.436649e+00 9.770886e-01 -2.035084e+00
 2.260936e-01 3.225956e-01 -2.049081e+00
 -1.614012e-01 9.904967e-02 -1.835324e+00
 -3.920705e-01 -7.868339e-02 -1.475940e+00
 -4.296331e-01 -2.073278e-01 -1.073199e+00
 -3.602004e-01 -2.495880e-01 -8.205576e-01
 -2.584361e-01 -3.333481e-01 -6.240056e-01
 -4.934468e-02 -3.982889e-01 -3.956056e-01
 1.731115e-01 -4.167245e-01 -1.594134e-01
 3.530139e-01 -4.063064e-01 3.630719e-02
 5.272499e-01 -3.643873e-01 2.246246e-01
 7.266849e-01 -2.781469e-01 4.310476e-01
 8.776665e-01 -1.856349e-01 6.057364e-01
 9.908030e-01 -1.288160e-01 7.629143e-01
 1.084593e+00 -3.706028e-02 1.067056e+00
 1.067915e+00 1.206733e-01 1.405129e+00
 9.296916e-01 3.124626e-01 1.696457e+00
 6.899274e-01 5.197601e-01 1.899321e+00
 3.832841e-01 7.214945e-01 1.983728e+00
 -8.591204e-01 1.348837e+00 1.815119e+00
 -1.312797e+00 1.407518e+00 1.555305e+00
 -1.638150e+00 1.278320e+00 1.161276e+00
 -1.747433e+00 1.000535e+00 7.299251e-01
 -1.616025e+00 6.522439e-01 3.736151e-01
 -1.315441e+00 3.197583e-01 2.060589e-01
 -9.550017e-01 -1.677400e-02 2.821659e-01
 -7.506790e-01 -2.975271e-01 5.253533e-01
 -7.391669e-01 -6.246216e-01 8.593527e-01
 -9.166831e-01 -8.899739e-01 1.161692e+00
 -1.249910e+00 -1.113033e+00 1.354284e+00
 -1.661583e+00 -1.233823e+00 1.408223e+00
 -2.080231e+00 -1.233986e+00 1.326929e+00
 -2.428768e+00 -1.137681e+00 1.119671e+00
 -2.652399e+00 -9.825437e-01 8.191707e-01
 -2.726386e+00 -7.876828e-01 4.800112e-01
 -2.646290e+00 -5.833600e-01 1.491790e-01
 -2.425045e+00 -4.073687e-01 -1.237712e-01
 -2.101108e+00 -3.115987e-01 -3.217504e-01
 -1.786269e+00 -3.253174e-01 -4.047105e-01
 -1.513602e+00 -4.544437e-01 -4.567573e-01
 -1.319575e+00 -6.121959e-01 -5.451275e-01
 -1.030367e+00 -1.012908e+00 -7.697222e-01
 -7.485710e-01 -1.184249e+00 -9.383044e-01
 -4.129934e-01 -1.235735e+00 -1.084639e+00
 -7.206388e-02 -1.160145e+00 -1.193839e+00
 2.297946e-01 -9.677395e-01 -1.256909e+00
 4.570960e-01 -6.844032e-01 -1.262195e+00
 5.838532e-01 -3.379841e-01 -1.208533e+00
 5.811099e-01 7.378647e-03 -1.106476e+00
 4.700913e-01 2.859263e-01 -1.039914e+00
 2.834679e-01 8.312070e-01 -1.062821e+00
 1.064051e-01 1.375703e+00 -7.713240e-01
 -1.422633e-01 1.615419e+00 -2.918894e-01
 -4.277198e-01 1.511093e+00 2.468673e-01
 -8.225798e-01 6.377287e-01 1.066218e+00
 -9.811443e-01 4.731588e-01 1.193376e+00
 -1.224826e+00 2.497964e-01 1.250173e+00
 -1.478688e+00 2.452884e-02 1.190390e+00
 -1.667836e+00 -2.003303e-01 1.031411e+00
 -1.755813e+00 -3.915449e-01 8.245759e-01
 -1.741306e+00 -5.618933e-01 6.273070e-01
 -1.699688e+00 -7.312685e-01 5.165896e-01
 -1.719338e+00 -9.825512e-01 3.868087e-01
 -1.828984e+00 -1.203946e+00 1.582784e-01
 -1.967463e+00 -1.330106e+00 -1.829729e-01
 -2.074639e+00 -1.308632e+00 -5.576187e-01
 -2.104726e+00 -1.156885e+00 -9.249655e-01
 -2.032916e+00 -9.029153e-01 -1.224833e+00
 -1.886340e+00 -5.724381e-01 -1.407040e+00
 -1.696305e+00 -2.120496e-01 -1.436237e+00
 -1.492219e+00 1.144774e-01 -1.306567e+00
 -1.089231e+00 5.364746e-01 -8.278524e-01
 -6.473259e-01 6.682542e-01 -4.775552e-01
 -3.205943e-01 5.834215e-01 -2.250082e-01
 -1.198520e-01 5.670313e-01 -1.275898e-01
 7.974295e-02 5.799304e-01 -6.553757e-02
 7.011754e-01 6.140630e-01 -3.444144e-02
 1.025314e+00 6.651266e-01 9.569812e-02
 1.296154e+00 7.516076e-01 3.780519e-01
 1.532121e+00 7.190472e-01 5.694948e-01
 1.820227e+00 5.935691e-01 7.064253e-01
 2.139716e+00 4.261553e-01 7.285625e-01
 2.436326e+00 2.444481e-01 6.244146e-01
 2.668771e+00 6.646233e-02 4.067790e-01
 2.799503e+00 -9.487864e-02 1.053993e-01
 2.814921e+00 -2.121793e-01 -2.414934e-01
 2.722557e+00 -2.527130e-01 -5.939452e-01
 2.531291e+00 -2.136519e-01 -9.059989e-01
 2.260166e+00 -1.106469e-01 -1.132183e+00
 1.956640e+00 5.423972e-02 -1.245356e+00
 1.670816e+00 2.629595e-01 -1.238195e+00
 1.459717e+00 4.996153e-01 -1.134802e+00
 1.126884e+00 1.395453e+00 -6.220517e-01
 9.523686e-01 1.629605e+00 -2.551103e-01
 7.438379e-01 1.654995e+00 1.713664e-01
 5.368753e-01 1.456107e+00 5.654258e-01
 4.130751e-01 1.062280e+00 8.606155e-01
 6.923546e-02 1.521193e-01 1.098210e+00
 6.400616e-02 -1.075820e-01 1.212232e+00
 1.689118e-01 -4.591634e-01 1.284874e+00
 3.710752e-01 -7.749722e-01 1.265405e+00
 6.405475e-01 -1.010136e+00 1.156103e+00
 9.418204e-01 -1.133434e+00 9.736409e-01
 1.233464e+00 -1.129664e+00 7.414570e-01
