 -1.268708e+00 1.545337e-01 1.056391e-01
 -1.900100e+00 -1.484848e-02 -8.178892e-01
 -1.994635e+00 -1.941002e-02 -1.182962e+00
 -1.963545e+00 3.424401e-02 -1.553628e+00
 -1.814059e+00 1.414483e-01 -1.879156e+00
 -1.545526e+00 2.892518e-01 -2.134933e+00
 -1.218095e+00 4.184876e-01 -2.261443e+00
 -8.689652e-01 5.331855e-01 -2.254296e+00
 -5.527567e-01 6.298424e-01 -2.111144e+00
 -3.225975e-01 7.105149e-01 -1.865669e+00
 -2.119746e-01 7.965265e-01 -1.575945e+00
 -2.025463e-01 9.388201e-01 -1.309424e+00
 -2.447712e-01 1.159793e+00 -1.116164e+00
 -3.285076e-01 1.270980e+00 -9.722475e-01
 -4.351588e-01 1.374499e+00 -7.019902e-01
 -4.849015e-01 1.411778e+00 -4.128740e-01
 -4.759425e-01 1.386115e+00 -1.194484e-01
 -2.299253e-01 1.061343e+00 9.045393e-01
 -1.775045e-01 9.480476e-01 1.101039e+00
 -1.275276e-01 7.959447e-01 1.268668e+00
 -4.572060e-02 4.804656e-01 1.494474e+00
 -1.374222e-02 3.384995e-01 1.647035e+00
 5.558879e-03 2.513421e-01 1.798544e+00
 -3.741525e-02 9.103763e-02 2.010532e+00
 -1.261751e-01 -1.618791e-01 2.186240e+00
 -2.202280e-01 -4.199829e-01 2.265164e+00
 -2.927915e-01 -6.995133e-01 2.254725e+00
 -3.357263e-01 -1.018944e+00 2.143252e+00
 -3.451702e-01 -1.261992e+00 1.967264e+00
 -3.283301e-01 -1.446429e+00 1.726774e+00
 -2.832456e-01 -1.556069e+00 1.442382e+00
 -2.242995e-01 -1.577742e+00 1.139563e+00
 -1.533942e-01 -1.510657e+00 8.485120e-01
 -7.501510e-02 -1.365874e+00 6.008553e-01
 1.865751e-01 -7.575593e-01 4.846500e-02
 2.908969e-01 -6.463920e-01 -7.618066e-02
 4.234546e-01 -5.195426e-01 -2.768842e-01
 6.265301e-01 -1.956841e-01 -7.568255e-01
 7.049322e-01 3.022364e-02 -9.575146e-01
 8.044093e-01 9.221016e-01 -1.498670e+00
 7.207468e-01 1.213793e+00 -1.664322e+00
 5.272682e-01 1.467261e+00 -1.805790e+00
 2.437301e-01 1.650750e+00 -1.906805e+00
 -9.702919e-02 1.738705e+00 -1.954810e+00
 -4.834828e-01 1.721895e+00 -1.931792e+00
 -8.065626e-01 1.609384e+00 -1.834426e+00
 -1.058268e+00 1.407082e+00 -1.677248e+00
 -1.193719e+00 1.140663e+00 -1.492094e+00
 -1.212826e+00 8.020653e-01 -1.314685e+00
 -1.135313e+00 5.433032e-01 -1.230055e+00
 -1.030689e+00 3.171536e-01 -1.235893e+00
 -9.088524e-01 2.355573e-02 -1.372489e+00
 -6.895143e-01 -1.682046e-01 -1.475793e+00
 -2.814611e-01 -4.860355e-01 -1.474024e+00
 5.177767e-02 -8.188260e-01 -1.331862e+00
 2.399017e-01 -1.094327e+00 -1.137290e+00
 3.239111e-01 -1.303670e+00 -8.976150e-01
 4.679813e-01 -1.438327e+00 -7.060543e-01
 6.934757e-01 -1.500053e+00 -4.589257e-01
 9.143556e-01 -1.442951e+00 -1.744046e-01
 1.059479e+00 -1.289086e+00 1.039503e-01
 1.239111e+00 -5.502397e-01 9.444609e-01
 1.241105e+00 -2.277599e-01 1.141201e+00
 1.013030e+00 1.664713e-01 1.370785e+00
 9.562320e-01 6.415526e-01 1.735382e+00
 7.682903e-01 9.205540e-01 1.952962e+00
 4.590377e-01 1.106201e+00 2.132426e+00
 7.816934e-02 1.167004e+00 2.245665e+00
 -3.201881e-01 1.101611e+00 2.263038e+00
 -6.762752e-01 9.143781e-01 2.178056e+00
 -9.253323e-01 6.268294e-01 2.013001e+00
 -1.023876e+00 2.853864e-01 1.795667e+00
 -9.536920e-01 -5.175395e-02 1.562954e+00
 -7.243622e-01 -3.410644e-01 1.367600e+00
 -3.532797e-01 -5.442748e-01 1.246984e+00
 -2.908258e-02 -5.895794e-01 1.246676e+00
 3.261142e-01 -6.967246e-01 1.429606e+00
 6.817642e-01 -7.554462e-01 1.830648e+00
 1.022891e+00 -6.509192e-01 2.066242e+00
 1.396008e+00 -4.410960e-01 2.154732e+00
 1.723160e+00 -1.612296e-01 2.077600e+00
 1.941808e+00 1.425927e-01 1.851770e+00
 2.009107e+00 4.354651e-01 1.512621e+00
 1.905577e+00 6.663833e-01 1.181902e+00
 1.191108e+00 1.134053e+00 3.848105e-01
 9.409405e-01 1.171188e+00 1.389781e-01
 6.830523e-01 1.101618e+00 -8.757857e-02
 4.516445e-01 9.433571e-01 -2.557486e-01
 2.787844e-01 7.449010e-01 -3.440863e-01
 1.246420e-01 6.002751e-01 -3.567385e-01
 -1.824707e-01 3.720527e-01 -4.548402e-01
 -3.282557e-01 1.853569e-01 -4.976696e-01
 -5.458837e-01 -2.532688e-01 -4.657991e-01
 -6.334687e-01 -5.267804e-01 -4.973046e-01
 -7.256599e-01 -9.608196e-01 -6.561873e-01
 -7.285171e-01 -1.362326e+00 -9.153571e-01
 -6.118617e-01 -1.659842e+00 -1.175984e+00
 -3.933231e-01 -1.859206e+00 -1.395011e+00
 -8.857762e-02 -1.969890e+00 -1.566879e+00
 2.628313e-01 -1.980300e+00 -1.667614e+00
 6.160433e-01 -1.892012e+00 -1.682837e+00
 9.267589e-01 -1.719206e+00 -1.609371e+00
 1.177671e+00 -1.466975e+00 -1.440586e+00
 1.344969e+00 -1.172212e+00 -1.174369e+00
 1.538373e+00 -5.312965e-01 -4.299702e-01
 1.480636e+00 -2.652218e-01 -1.693684e-01
 1.302865e+00 -1.695317e-02 3.928989e-02
 1.032472e+00 1.439990e-01 2.144108e-01
 7.559950e-01 1.913057e-01 3.513463e-01
 3.619287e-01 1.628152e-01 5.333395e-01
 -4.791227e-02 1.134572e-01 5.265159e-01
 -5.720155e-01 1.624855e-01 4.992989e-01
 -8.347656e-01 1.777490e-01 4.212899e-01
 -1.071584e+00 1.767193e-01 2.860878e-01
