 -6.438850e-01 -5.409703e-01 -2.129349e+00
 -6.262641e-01 -2.198391e-01 -2.184164e+00
 -5.218640e-01 1.031849e+00 -1.994890e+00
 -4.586401e-01 1.303711e+00 -1.873672e+00
 -3.605186e-01 1.522494e+00 -1.688943e+00
 -2.425995e-01 1.667937e+00 -1.457667e+00
 -9.993721e-02 1.730696e+00 -1.195798e+00
 4.636703e-02 1.701886e+00 -9.681628e-01
 1.905977e-01 1.626192e+00 -8.279857e-01
 3.179386e-01 1.586206e+00 -7.493716e-01
 4.427664e-01 1.575315e+00 -6.563199e-01
 6.094752e-01 1.589943e+00 -4.774900e-01
 1.138205e+00 1.796780e+00 3.521677e-01
 1.280745e+00 1.734564e+00 7.537786e-01
 1.316516e+00 1.538839e+00 1.124191e+00
 1.252442e+00 1.239023e+00 1.401741e+00
 1.101428e+00 8.771877e-01 1.543392e+00
 8.675272e-01 5.261436e-01 1.534024e+00
 5.910438e-01 2.591113e-01 1.380980e+00
 3.177417e-01 5.765278e-02 1.049300e+00
 1.432070e-01 -2.702196e-01 7.383373e-01
 1.412832e-01 -6.016875e-01 6.117175e-01
 1.383495e-01 -1.069835e+00 6.698264e-01
 1.129523e-01 -1.552686e+00 9.279256e-01
 -6.512876e-02 -1.936484e+00 1.034548e+00
 -3.431763e-01 -2.274526e+00 9.886454e-01
 -6.755050e-01 -2.491454e+00 8.094968e-01
 -1.018061e+00 -2.537504e+00 5.453236e-01
 -1.315525e+00 -2.405482e+00 2.321027e-01
 -1.492812e+00 -2.124507e+00 -6.036526e-02
 -1.572276e+00 -9.881891e-01 -7.523912e-01
 -1.453889e+00 -6.748589e-01 -9.328552e-01
 -1.201003e+00 -4.071026e-01 -1.079300e+00
 -8.723320e-01 -2.424620e-01 -1.158647e+00
 -5.876138e-01 -2.098381e-01 -1.171563e+00
 -4.083773e-01 -2.412644e-01 -1.182992e+00
 -2.138031e-01 -2.845363e-01 -1.159681e+00
 -2.542380e-02 -3.600366e-01 -1.103171e+00
 1.363316e-01 -4.523504e-01 -1.008175e+00
 2.665558e-01 -5.478687e-01 -8.781617e-01
 3.651381e-01 -6.558473e-01 -7.108679e-01
 4.526957e-01 -8.596093e-01 -4.204756e-01
 5.910397e-01 -1.005676e+00 -2.383389e-01
 7.667639e-01 -1.140216e+00 -1.212958e-01
 1.014979e+00 -1.226331e+00 -3.790538e-02
 1.314060e+00 -1.235238e+00 3.039130e-02
 1.587839e+00 -1.155667e+00 8.012681e-02
 1.828929e+00 -9.868884e-01 1.333592e-01
 2.009976e+00 -7.462086e-01 1.947842e-01
 2.108514e+00 -4.500098e-01 2.723639e-01
 2.106632e+00 -1.383431e-01 3.679721e-01
 1.999203e+00 1.641443e-01 4.547318e-01
 1.794508e+00 4.293179e-01 5.102012e-01
 1.512521e+00 6.226519e-01 5.303611e-01
 1.013511e+00 7.655970e-01 5.227040e-01
 7.998627e-01 8.466617e-01 5.639468e-01
 6.647887e-01 9.273572e-01 6.098609e-01
 5.576471e-01 1.012127e+00 6.887494e-01
 1.725501e-01 1.195502e+00 9.654766e-01
 -4.518010e-01 1.410046e+00 1.116716e+00
 -8.248910e-01 1.403539e+00 1.146117e+00
 -1.180259e+00 1.255773e+00 1.162387e+00
 -1.459310e+00 9.844834e-01 1.161708e+00
 -1.631266e+00 6.052903e-01 1.131685e+00
 -1.639896e+00 2.204619e-01 1.048318e+00
 -1.473080e+00 -1.611413e-01 9.586499e-01
 -1.154755e+00 -4.545636e-01 9.473811e-01
 -8.334696e-01 -5.821134e-01 1.046303e+00
 -4.098470e-01 -7.588310e-01 1.506232e+00
 9.166953e-02 -7.637665e-01 1.680986e+00
 6.028654e-01 -8.013931e-01 1.565050e+00
 9.953133e-01 -7.325807e-01 1.214460e+00
 1.174927e+00 -4.952108e-01 8.126796e-01
 1.087098e+00 -2.584192e-01 2.625561e-01
 1.173230e+00 -2.006059e-01 -3.926646e-02
 1.291297e+00 -2.732633e-01 -3.598730e-01
 1.376492e+00 -4.801807e-01 -6.560737e-01
 1.381717e+00 -7.319754e-01 -8.543161e-01
 1.284194e+00 -1.031406e+00 -1.000315e+00
 1.082602e+00 -1.335098e+00 -1.072501e+00
 8.444987e-01 -1.576387e+00 -1.044923e+00
 5.852710e-01 -1.760808e+00 -9.206774e-01
 3.345478e-01 -1.864452e+00 -7.162452e-01
 -2.317589e-01 -1.869070e+00 -9.814981e-02
 -4.595750e-01 -1.790329e+00 7.696510e-02
 -6.745153e-01 -1.603726e+00 2.705461e-01
 -8.356392e-01 -1.514349e+00 4.910523e-01
 -1.169660e+00 -1.531305e+00 9.540580e-01
 -1.306328e+00 -1.460518e+00 1.227260e+00
 -1.405764e+00 -1.303789e+00 1.486292e+00
 -1.452644e+00 -1.080867e+00 1.701765e+00
 -1.442508e+00 -8.145365e-01 1.855808e+00
 -1.371638e+00 -5.308871e-01 1.942648e+00
 -1.242903e+00 -2.521228e-01 1.957786e+00
 -1.075070e+00 -9.717000e-03 1.893310e+00
 -8.959898e-01 1.817287e-01 1.751857e+00
 -7.363128e-01 3.139890e-01 1.529712e+00
 -6.221964e-01 3.919666e-01 1.234945e+00
 -6.244098e-01 4.195580e-01 9.531778e-01
 -7.076918e-01 4.720903e-01 6.839126e-01
 -9.861325e-01 5.594841e-01 2.731977e-01
 -1.062472e+00 6.018710e-01 -7.735187e-02
 -9.978477e-01 6.380503e-01 -4.483343e-01
 -7.991921e-01 7.117486e-01 -7.723722e-01
 -5.163113e-01 7.766085e-01 -9.782408e-01
 -2.115848e-01 7.331034e-01 -1.071491e+00
 1.289131e-02 6.966304e-01 -1.193773e+00
 2.935939e-01 7.900952e-01 -1.399673e+00
 5.502313e-01 1.029685e+00 -1.575370e+00
 7.403318e-01 1.363801e+00 -1.650590e+00
 8.450381e-01 1.732502e+00 -1.609177e+00
 8.627294e-01 2.081514e+00 -1.453301e+00
 7.881291e-01 2.364489e+00 -1.209447e+00
 6.297482e-01 2.544192e+00 -9.145537e-01
 4.147641e-01 2.594277e+00 -6.028316e-01
 1.828314e-01 2.507429e+00 -3.193853e-01
 -2.314400e-02 2.295258e+00 -9.168517e-02
 -1.740152e-01 1.986493e+00 5.186678e-02
 -2.612165e-01 1.633779e+00 8.628224e-02
 -2.556830e-01 1.289488e+00 3.138426e-02
 -1.059722e-01 9.496358e-01 -6.168681e-02
 -1.788201e-02 6.638674e-01 -8.313037e-02
 -5.868002e-02 3.202621e-01 -1.375409e-01
 -4.900827e-01 -4.450244e-01 -1.790720e-01
 -5.843167e-01 -8.127244e-01 -3.463021e-01
 -5.633478e-01 -1.048349e+00 -5.961405e-01
 -5.617954e-01 -1.171235e+00 -8.088180e-01
 -5.976733e-01 -1.235935e+00 -1.113104e+00
 -6.258454e-01 -1.195979e+00 -1.445360e+00
 -6.442253e-01 -1.055948e+00 -1.740179e+00
 -6.494093e-01 -8.297400e-01 -1.976334e+00
