 1.384424e+00 1.253510e+00 -1.796643e+00
 1.523113e+00 9.568855e-01 -1.685952e+00
 1.592592e+00 6.863223e-01 -1.484135e+00
 1.591793e+00 4.714668e-01 -1.195779e+00
 1.527680e+00 3.683669e-01 -8.873496e-01
 1.487901e+00 3.848377e-01 -5.940857e-01
 1.458661e+00 5.217619e-01 -5.255778e-02
 1.362085e+00 5.800875e-01 2.281321e-01
 1.168309e+00 6.053519e-01 5.020278e-01
 8.738475e-01 5.768044e-01 7.268991e-01
 5.087548e-01 4.871930e-01 8.418922e-01
 1.164284e-01 3.701119e-01 7.968498e-01
 -1.873327e-01 2.247318e-01 6.057616e-01
 -4.755975e-01 -8.891097e-02 2.434308e-01
 -5.063576e-01 -5.657037e-01 -2.533662e-01
 -6.109379e-01 -8.149950e-01 -5.792912e-01
 -6.108686e-01 -9.453189e-01 -9.198350e-01
 -4.536932e-01 -1.051902e+00 -1.285109e+00
 -1.544217e-01 -1.094604e+00 -1.579476e+00
 2.432520e-01 -1.069539e+00 -1.740994e+00
 6.668914e-01 -9.912925e-01 -1.730526e+00
 1.035773e+00 -8.739701e-01 -1.553198e+00
 1.287239e+00 -7.385946e-01 -1.248302e+00
 1.375338e+00 -6.218072e-01 -9.154465e-01
 1.367687e+00 -6.080861e-01 -5.787999e-01
 1.491784e+00 -6.758550e-01 9.161674e-02
 1.444137e+00 -6.679331e-01 4.502375e-01
 1.309749e+00 -6.384476e-01 7.474352e-01
 1.111793e+00 -6.022443e-01 9.806646e-01
 8.739345e-01 -5.683200e-01 1.137039e+00
 3.823139e-01 -5.163722e-01 1.291399e+00
 -1.916042e-01 -4.195333e-01 1.405117e+00
 -7.113772e-01 -2.168602e-01 1.403688e+00
 -8.895701e-01 -1.807869e-01 1.437316e+00
 -1.052449e+00 -1.593194e-01 1.502101e+00
 -1.237166e+00 -6.481487e-02 1.593434e+00
 -1.408393e+00 7.543990e-02 1.651897e+00
 -1.566819e+00 2.375986e-01 1.659837e+00
 -1.714179e+00 4.109250e-01 1.612093e+00
 -1.843217e+00 5.930828e-01 1.503489e+00
 -1.964191e+00 7.695529e-01 1.317345e+00
 -2.033756e+00 9.197718e-01 1.076627e+00
 -2.027440e+00 1.044938e+00 7.811362e-01
 -1.930946e+00 1.114806e+00 4.678281e-01
 -1.757705e+00 1.112487e+00 1.851532e-01
 -1.536061e+00 1.040707e+00 -3.632191e-02
 -9.933523e-01 7.480762e-01 -3.618081e-01
 -5.260417e-01 4.556417e-01 -6.443423e-01
 -3.409100e-01 2.773772e-01 -8.044599e-01
 -1.307806e-01 5.907591e-02 -9.589767e-01
 8.505750e-02 -1.748039e-01 -1.001259e+00
 2.971555e-01 -4.436944e-01 -9.146020e-01
 3.680652e-01 -6.726029e-01 -8.009018e-01
 4.151495e-01 -9.631718e-01 -7.173264e-01
 6.243506e-01 -1.314782e+00 -6.957095e-01
 9.865915e-01 -1.561268e+00 -6.754756e-01
 1.407767e+00 -1.633556e+00 -6.619014e-01
 1.809290e+00 -1.533296e+00 -6.566694e-01
 2.128656e+00 -1.292798e+00 -6.597886e-01
 2.326143e+00 -9.613211e-01 -6.662973e-01
 2.494865e+00 7.331747e-02 -6.480362e-01
 2.508384e+00 5.021022e-01 -6.421869e-01
 2.415725e+00 8.196293e-01 -6.501271e-01
 2.212195e+00 1.105791e+00 -6.687458e-01
 1.903241e+00 1.315005e+00 -7.010761e-01
 1.521332e+00 1.397713e+00 -7.424125e-01
 1.131735e+00 1.323221e+00 -8.075818e-01
 9.194100e-01 1.174877e+00 -8.850810e-01
 7.341474e-01 1.025685e+00 -1.039322e+00
 -7.710047e-02 9.068335e-01 -1.551434e+00
 -3.255966e-01 8.423531e-01 -1.642322e+00
 -6.024815e-01 7.219001e-01 -1.675510e+00
 -8.790671e-01 5.444002e-01 -1.622829e+00
 -1.117625e+00 3.291999e-01 -1.473208e+00
 -1.297013e+00 9.215489e-02 -1.208874e+00
 -1.541708e+00 -4.405463e-01 -3.606919e-01
 -1.513960e+00 -6.515927e-01 -7.270740e-02
 -1.374087e+00 -8.254020e-01 1.961868e-01
 -1.251556e+00 -8.432177e-01 4.099558e-01
 -1.182376e+00 -8.697030e-01 6.873817e-01
 -1.112914e+00 -1.131825e+00 1.152447e+00
 -1.030330e+00 -1.186277e+00 1.511983e+00
 -9.283239e-01 -1.107362e+00 1.860397e+00
 -8.298636e-01 -9.151362e-01 2.144903e+00
 -7.303577e-01 -6.451883e-01 2.333804e+00
 -6.370201e-01 -3.232023e-01 2.416240e+00
 -5.797736e-01 2.661663e-02 2.386661e+00
 -5.645520e-01 3.673118e-01 2.233734e+00
 -6.011747e-01 6.506376e-01 1.955299e+00
 -7.031939e-01 8.158396e-01 1.577683e+00
 -8.674843e-01 8.076373e-01 1.170587e+00
 -1.085526e+00 6.194184e-01 8.244751e-01
 -1.332248e+00 2.798877e-01 6.185681e-01
 -2.006471e+00 -2.021239e-01 7.342615e-01
 -2.211988e+00 -6.957858e-01 8.050795e-01
 -2.156630e+00 -1.251272e+00 7.420255e-01
 -1.851844e+00 -1.676967e+00 5.723176e-01
 -1.386062e+00 -1.868736e+00 4.075150e-01
 -8.780212e-01 -1.808510e+00 3.332766e-01
 1.079846e-01 -1.129258e+00 3.287350e-01
 3.449426e-01 -8.339441e-01 2.812307e-01
 4.404224e-01 -6.143113e-01 2.258104e-01
 5.562023e-01 -2.727589e-01 1.062791e-01
 5.759118e-01 -1.063792e-01 1.662763e-03
 4.944694e-01 2.507079e-01 -1.817610e-01
 1.902351e-01 1.092341e+00 -1.550256e-01
 8.397757e-02 1.518114e+00 -3.784943e-01
 1.586421e-01 1.851447e+00 -7.326913e-01
 3.616889e-01 2.004266e+00 -1.118578e+00
 6.297676e-01 1.972009e+00 -1.461150e+00
 9.162645e-01 1.802063e+00 -1.696107e+00
 1.176266e+00 1.546611e+00 -1.806305e+00
