 -2.574938e+00 -9.133802e-01 5.558259e-01
 -2.418477e+00 -6.888565e-01 8.677954e-01
 -2.160758e+00 -4.311108e-01 1.051590e+00
 -1.859676e+00 -1.643119e-01 1.080630e+00
 -1.578457e+00 7.919703e-02 9.546355e-01
 -1.406467e+00 2.367087e-01 7.474275e-01
 -1.255979e+00 7.206058e-01 4.808869e-02
 -9.331511e-01 8.090206e-01 -4.243289e-01
 -6.213111e-01 6.699639e-01 -6.777831e-01
 -2.460566e-01 6.090717e-01 -8.101843e-01
 -2.562100e-02 6.913437e-01 -9.869781e-01
 2.336005e-01 9.667793e-01 -1.201712e+00
 4.470544e-01 1.414292e+00 -1.263209e+00
 5.487546e-01 1.873127e+00 -1.101616e+00
 5.423526e-01 2.237741e+00 -7.250177e-01
 4.158765e-01 2.398700e+00 -2.704456e-01
 1.797105e-01 2.345714e+00 1.668244e-01
 -1.030498e-01 2.088342e+00 4.861256e-01
 -5.721531e-01 1.293575e+00 7.576593e-01
 -6.387658e-01 9.947525e-01 9.047701e-01
 -6.124309e-01 7.973977e-01 1.059107e+00
 -5.352618e-01 5.479934e-01 1.153392e+00
 -4.408309e-01 3.354087e-01 1.186412e+00
 -3.110147e-01 1.339139e-01 1.177343e+00
 -1.286449e-01 -7.415171e-02 1.114158e+00
 6.342784e-03 -2.042096e-01 1.032556e+00
 1.684597e-01 -3.532719e-01 8.780706e-01
 3.197241e-01 -5.171386e-01 7.783640e-01
 4.476443e-01 -6.608123e-01 7.442914e-01
 5.698476e-01 -8.521291e-01 7.488132e-01
 7.310349e-01 -1.202686e+00 8.128597e-01
 9.639274e-01 -1.520092e+00 7.470134e-01
 1.243027e+00 -1.738080e+00 5.754548e-01
 1.502300e+00 -1.834008e+00 3.210423e-01
 1.706376e+00 -1.811977e+00 9.542108e-03
 1.849483e+00 -1.663032e+00 -3.112643e-01
 1.918571e+00 -1.406637e+00 -5.795310e-01
 1.908940e+00 -1.083255e+00 -7.593297e-01
 1.840554e+00 -7.408505e-01 -8.191092e-01
 1.753269e+00 -4.512550e-01 -7.638318e-01
 1.709793e+00 -2.476029e-01 -6.391628e-01
 1.725849e+00 -8.013861e-02 -5.316921e-01
 1.744855e+00 1.718587e-01 -4.666823e-01
 1.689207e+00 4.160779e-01 -4.415675e-01
 1.539430e+00 6.661661e-01 -4.070495e-01
 1.315377e+00 8.663420e-01 -3.635726e-01
 4.054494e-01 1.325857e+00 -2.353182e-01
 8.972239e-02 1.404431e+00 -2.679334e-01
 -1.761715e-01 1.553362e+00 -4.211910e-01
 -3.355748e-01 1.649459e+00 -6.249266e-01
 -4.939224e-01 1.653826e+00 -9.041483e-01
 -6.216345e-01 1.537156e+00 -1.203202e+00
 -7.011721e-01 1.322087e+00 -1.456477e+00
 -7.446069e-01 1.014721e+00 -1.636438e+00
 -7.390268e-01 6.370134e-01 -1.717570e+00
 -6.574643e-01 2.775824e-01 -1.687736e+00
 -5.129037e-01 -2.951171e-02 -1.556667e+00
 -1.415688e-01 -5.689412e-01 -1.013009e+00
 -6.962152e-02 -8.811853e-01 -4.423465e-01
 -3.864322e-01 -1.265169e+00 5.838529e-01
 -3.065642e-01 -1.263043e+00 1.147932e+00
 1.474343e-02 -1.090553e+00 1.602059e+00
 4.649823e-01 -7.821585e-01 1.785488e+00
 8.885808e-01 -3.833959e-01 1.649716e+00
 1.147490e+00 -5.996929e-02 1.234233e+00
 1.169966e+00 8.873325e-02 6.682853e-01
 7.428264e-01 1.075889e-02 -2.649075e-01
 7.244479e-01 8.674000e-02 -6.796407e-01
 9.070943e-01 2.138630e-01 -1.086211e+00
 1.253357e+00 3.180695e-01 -1.365181e+00
 1.695628e+00 3.367005e-01 -1.482455e+00
 2.140191e+00 2.703881e-01 -1.414248e+00
 2.503107e+00 1.334923e-01 -1.173960e+00
 2.709930e+00 -7.035023e-02 -8.267258e-01
 2.723301e+00 -3.096794e-01 -4.461032e-01
 2.542166e+00 -5.281229e-01 -9.640178e-02
 2.206601e+00 -6.848296e-01 1.472413e-01
 1.789780e+00 -7.842524e-01 2.276081e-01
 1.444835e+00 -8.287329e-01 1.445726e-01
 1.208535e+00 -9.080659e-01 -4.117240e-02
 1.056817e+00 -1.040696e+00 -1.529002e-01
 9.213177e-01 -1.199886e+00 -2.311248e-01
 5.898548e-01 -1.675232e+00 -3.396015e-01
 2.187065e-01 -1.906475e+00 -4.013850e-01
 -2.164395e-01 -1.979152e+00 -4.235152e-01
 -6.465071e-01 -1.888149e+00 -3.828737e-01
 -1.003524e+00 -1.656709e+00 -2.672870e-01
 -1.499219e+00 -9.344103e-01 1.237703e-01
 -1.665697e+00 -6.331375e-01 1.666109e-01
 -1.782658e+00 -4.404869e-01 1.022884e-01
 -1.938778e+00 -2.854883e-01 5.036009e-02
 -2.128089e+00 -9.873688e-02 8.048350e-02
 -2.294670e+00 1.620024e-01 2.066609e-01
 -2.366945e+00 4.394809e-01 4.033284e-01
 -2.320939e+00 7.076946e-01 6.393988e-01
 -2.154194e+00 9.295675e-01 8.784409e-01
 -1.167982e+00 1.459499e+00 1.647250e+00
 -7.593775e-01 1.538112e+00 1.767664e+00
 -3.279742e-01 1.508147e+00 1.745574e+00
 4.710145e-02 1.381144e+00 1.582360e+00
 3.038439e-01 1.187179e+00 1.301098e+00
 3.947755e-01 9.649300e-01 9.402660e-01
 3.016934e-01 7.285106e-01 5.801707e-01
 -4.446006e-03 4.862976e-01 2.527073e-01
 -4.749598e-01 -2.362112e-02 6.023819e-02
 -6.989903e-01 -1.479609e-01 -8.106903e-02
 -8.116527e-01 -2.070607e-01 -2.105283e-01
 -1.001559e+00 -2.876520e-01 -5.232866e-01
 -1.210336e+00 -4.501749e-01 -7.483052e-01
 -1.567720e+00 -6.694375e-01 -8.721162e-01
 -1.936446e+00 -8.768655e-01 -8.093533e-01
 -2.253724e+00 -1.040750e+00 -5.814717e-01
 -2.486469e+00 -1.108888e+00 -2.342738e-01
 -2.599204e+00 -1.062983e+00 1.676782e-01
