 -5.636354e-01 1.604040e+00 -1.207488e+00
 -3.219644e-01 1.849364e+00 -1.081069e+00
 -1.824842e-02 1.982154e+00 -9.241656e-01
 3.102146e-01 1.985602e+00 -7.450267e-01
 6.029876e-01 1.859450e+00 -5.608580e-01
 8.249616e-01 1.620833e+00 -3.888046e-01
 9.470206e-01 1.300731e+00 -2.520396e-01
 9.526756e-01 9.328372e-01 -1.661761e-01
 8.393476e-01 5.901302e-01 -1.242467e-01
 5.009386e-01 1.064252e-01 2.555792e-02
 3.983356e-01 2.154022e-02 5.093282e-02
 1.231258e-02 -1.520598e-01 1.101173e-01
 -1.285324e-01 -2.723498e-01 1.192987e-01
 -3.167524e-01 -4.673058e-01 7.553172e-02
 -6.925724e-01 -6.855698e-01 -7.974778e-02
 -1.555171e+00 -8.892478e-01 -5.396281e-01
 -1.808668e+00 -9.128738e-01 -8.224727e-01
 -1.946766e+00 -8.951748e-01 -1.177587e+00
 -1.948864e+00 -8.415738e-01 -1.554968e+00
 -1.807200e+00 -7.482738e-01 -1.924691e+00
 -1.568828e+00 -6.290828e-01 -2.187715e+00
 -1.256703e+00 -4.856838e-01 -2.334587e+00
 -9.185904e-01 -3.567038e-01 -2.342497e+00
 -6.062274e-01 -2.832138e-01 -2.229335e+00
 -3.165044e-01 -2.924298e-01 -2.022293e+00
 -1.245154e-01 -4.095658e-01 -1.835057e+00
 6.034058e-02 -6.615818e-01 -1.689817e+00
 1.083966e-01 -8.048338e-01 -1.561865e+00
 1.596716e-01 -9.444398e-01 -1.347155e+00
 2.218616e-01 -1.023858e+00 -1.097607e+00
 5.026426e-01 -1.063671e+00 7.591015e-03
 5.243526e-01 -1.028929e+00 2.617962e-01
 5.187246e-01 -9.658638e-01 4.406292e-01
 5.793936e-01 -7.599818e-01 7.266912e-01
 7.136676e-01 -7.005318e-01 9.687172e-01
 9.751696e-01 -6.658808e-01 1.191758e+00
 1.339775e+00 -6.373278e-01 1.314901e+00
 1.707625e+00 -5.970188e-01 1.294404e+00
 2.040985e+00 -5.194608e-01 1.137253e+00
 2.285335e+00 -4.102808e-01 8.750662e-01
 2.419255e+00 -2.752418e-01 5.142632e-01
 2.403535e+00 -1.635858e-01 1.458798e-01
 2.248245e+00 -8.596778e-02 -1.980505e-01
 1.975555e+00 -5.273378e-02 -4.679721e-01
 9.126926e-01 -7.841578e-02 -9.366869e-01
 5.498036e-01 -4.815778e-02 -9.858292e-01
 -9.338742e-02 5.912158e-04 -8.842454e-01
 -3.467444e-01 9.021922e-02 -8.051033e-01
 -5.314774e-01 1.929562e-01 -6.749474e-01
 -7.726974e-01 2.544312e-01 -5.008535e-01
 -1.069291e+00 2.520402e-01 -2.728933e-01
 -1.540779e+00 1.466532e-01 1.882582e-01
 -1.700225e+00 1.209802e-01 5.291422e-01
 -1.731727e+00 1.348732e-01 9.025872e-01
 -1.634134e+00 1.918652e-01 1.257623e+00
 -1.412564e+00 2.815412e-01 1.557556e+00
 -1.132049e+00 3.739642e-01 1.738777e+00
 -8.621034e-01 4.527512e-01 1.796352e+00
 -5.909044e-01 5.678972e-01 1.759637e+00
 -4.361114e-01 7.065862e-01 1.701066e+00
 -3.044784e-01 8.622132e-01 1.684283e+00
 -8.289742e-02 1.024538e+00 1.721474e+00
 2.498356e-01 1.108396e+00 1.736318e+00
 6.318486e-01 1.083080e+00 1.657488e+00
 9.646126e-01 9.549042e-01 1.473964e+00
 1.190666e+00 7.353152e-01 1.220520e+00
 1.417655e+00 -1.584578e-02 5.079082e-01
 1.400375e+00 -2.567198e-01 3.594782e-01
 1.445045e+00 -4.891298e-01 2.909802e-01
 1.512155e+00 -7.604748e-01 2.979722e-01
 1.529085e+00 -1.042116e+00 3.921912e-01
 1.470325e+00 -1.299280e+00 5.460092e-01
 1.327615e+00 -1.503725e+00 7.274932e-01
 1.117135e+00 -1.640053e+00 9.099072e-01
 8.471886e-01 -1.701884e+00 1.067442e+00
 5.490226e-01 -1.682073e+00 1.178507e+00
 2.593526e-01 -1.577308e+00 1.244480e+00
 3.134583e-03 -1.391662e+00 1.271479e+00
 -1.950144e-01 -1.145619e+00 1.251653e+00
 -6.383794e-01 -1.576078e-01 9.948242e-01
 -7.128474e-01 2.050222e-01 8.132002e-01
 -7.620614e-01 4.357602e-01 7.763722e-01
 -8.762694e-01 7.019012e-01 7.834592e-01
 -1.036719e+00 1.007019e+00 9.335692e-01
 -1.150526e+00 1.260011e+00 1.225611e+00
 -1.168868e+00 1.414920e+00 1.611629e+00
 -1.088911e+00 1.435851e+00 2.008076e+00
 -9.141584e-01 1.334652e+00 2.358264e+00
 -6.534274e-01 1.145282e+00 2.604079e+00
 -3.598324e-01 8.855232e-01 2.708063e+00
 -8.508942e-02 5.949502e-01 2.655223e+00
 1.518326e-01 3.380572e-01 2.449107e+00
 3.108636e-01 1.601962e-01 2.129939e+00
 3.708276e-01 8.584822e-02 1.750193e+00
 3.422396e-01 1.282222e-01 1.394251e+00
 2.723216e-01 3.104882e-01 1.043829e+00
 1.995156e-01 7.393532e-01 7.597212e-01
 1.191786e-01 8.859902e-01 6.013742e-01
 8.080583e-03 9.886762e-01 3.681992e-01
 -6.251542e-02 1.041717e+00 7.908822e-02
 -6.368142e-02 1.048446e+00 -2.766603e-01
 1.415458e-02 1.024339e+00 -5.674513e-01
 1.039496e-01 9.855582e-01 -7.321447e-01
 2.614906e-01 9.793902e-01 -1.075667e+00
 3.441626e-01 8.627922e-01 -1.441953e+00
 5.739936e-01 1.411982e-01 -2.325609e+00
 5.681846e-01 -1.177478e-01 -2.521850e+00
 4.844286e-01 -4.028958e-01 -2.654642e+00
 3.296836e-01 -6.833708e-01 -2.711717e+00
 1.195926e-01 -9.276708e-01 -2.689134e+00
 -1.474854e-01 -1.147081e+00 -2.565544e+00
 -3.997124e-01 -1.274011e+00 -2.360489e+00
 -6.218344e-01 -1.300519e+00 -2.092353e+00
 -7.811154e-01 -1.221339e+00 -1.806826e+00
 -8.835624e-01 -1.040740e+00 -1.554489e+00
 -9.454134e-01 -7.667218e-01 -1.364852e+00
 -1.006388e+00 -5.019858e-01 -1.310631e+00
 -1.156304e+00 -1.847178e-01 -1.365068e+00
 -1.174429e+00 7.599222e-02 -1.454550e+00
 -1.099497e+00 4.351012e-01 -1.483908e+00
