 6.990307e-01 -2.646574e-01 -1.173641e+00
 5.514231e-01 -1.533195e-01 -1.217081e+00
 4.003302e-01 -4.367077e-02 -1.305903e+00
 1.389414e-01 1.816732e-02 -1.443014e+00
 -1.985859e-01 -1.651100e-02 -1.562359e+00
 -1.228622e+00 -4.668567e-01 -1.761336e+00
 -1.605964e+00 -6.122613e-01 -1.672042e+00
 -1.919053e+00 -6.994168e-01 -1.446970e+00
 -2.132821e+00 -7.264478e-01 -1.115658e+00
 -2.209905e+00 -7.073777e-01 -7.224820e-01
 -2.131049e+00 -6.591756e-01 -3.289033e-01
 -1.912880e+00 -6.018305e-01 -5.685342e-03
 -1.448683e+00 -4.778318e-01 2.989975e-01
 -1.262445e+00 -3.503374e-01 5.115005e-01
 -1.197894e+00 -2.012288e-01 7.636740e-01
 -1.145567e+00 3.574471e-02 9.819534e-01
 -7.732464e-01 8.005393e-01 1.518019e+00
 -5.708546e-01 1.156160e+00 1.584506e+00
 -3.657075e-01 1.504019e+00 1.483116e+00
 -1.964914e-01 1.788861e+00 1.228788e+00
 -9.123347e-02 1.962325e+00 8.623916e-01
 -6.950412e-02 1.994058e+00 4.493375e-01
 -1.078241e-01 1.867790e+00 6.018654e-02
 -2.052105e-01 1.604153e+00 -2.502066e-01
 -3.761142e-01 1.263816e+00 -4.266786e-01
 -5.949420e-01 9.247783e-01 -4.386300e-01
 -8.453733e-01 6.565803e-01 -3.065213e-01
 -1.116269e+00 5.213748e-01 -7.325482e-02
 -1.644028e+00 5.432376e-01 1.759517e-01
 -1.974486e+00 4.025337e-01 4.518872e-01
 -2.162670e+00 1.390281e-01 7.423455e-01
 -2.199595e+00 -2.082649e-01 9.665309e-01
 -2.085179e+00 -5.986188e-01 1.101068e+00
 -1.809775e+00 -9.430290e-01 1.155010e+00
 -1.436683e+00 -1.178244e+00 1.090123e+00
 -1.041227e+00 -1.264211e+00 9.148353e-01
 -3.115637e-01 -1.119384e+00 3.379506e-01
 -1.242169e-01 -1.189159e+00 1.138896e-01
 1.690082e-01 -1.350751e+00 -1.015029e-01
 7.690959e-01 -1.350827e+00 -2.656153e-01
 1.305859e+00 -1.081976e+00 -2.317556e-01
 1.584854e+00 -6.666280e-01 -7.409984e-02
 1.650383e+00 -1.540309e-01 -5.107997e-02
 1.720310e+00 1.108671e-01 -2.734057e-02
 1.798694e+00 4.438896e-01 1.186840e-01
 1.836560e+00 6.634831e-01 2.977943e-01
 1.823457e+00 8.756617e-01 5.693791e-01
 1.737699e+00 1.010405e+00 8.398113e-01
 1.581613e+00 1.076450e+00 1.107928e+00
 1.367301e+00 1.066384e+00 1.346128e+00
 1.109396e+00 9.838132e-01 1.525691e+00
 8.284198e-01 8.393654e-01 1.622619e+00
 5.549003e-01 6.464263e-01 1.622432e+00
 3.167518e-01 4.297031e-01 1.518991e+00
 8.937154e-02 1.857966e-01 1.271072e+00
 -9.511156e-02 7.683692e-03 8.978873e-01
 -2.970976e-01 -4.041563e-02 3.539795e-01
 -3.659113e-01 -1.377981e-01 1.209757e-01
 -3.637687e-01 -2.525217e-01 -2.104325e-01
 -2.536520e-01 -3.780827e-01 -4.662864e-01
 -2.051112e-01 -4.844667e-01 -6.005383e-01
 -1.670496e-01 -7.999279e-01 -8.889621e-01
 -4.245904e-02 -9.816276e-01 -1.222976e+00
 1.218939e-01 -1.003046e+00 -1.594629e+00
 3.436828e-01 -8.666349e-01 -1.926069e+00
 6.132904e-01 -6.100392e-01 -2.135917e+00
 8.793997e-01 -2.813296e-01 -2.182972e+00
 1.086607e+00 7.176019e-02 -2.063721e+00
 1.196768e+00 3.868857e-01 -1.800638e+00
 1.214323e+00 5.960834e-01 -1.428263e+00
 1.150363e+00 6.504569e-01 -1.013816e+00
 1.000783e+00 5.551742e-01 -6.291591e-01
 8.045576e-01 3.501436e-01 -3.676018e-01
 6.521721e-01 -1.170623e-02 -1.766938e-01
 6.256446e-01 -3.327724e-01 7.773608e-02
 6.337432e-01 -6.153694e-01 4.884086e-01
 6.508223e-01 -8.822817e-01 7.068317e-01
 5.907877e-01 -1.198711e+00 8.470707e-01
 4.563164e-01 -1.521902e+00 8.908832e-01
 2.622253e-01 -1.811659e+00 8.325550e-01
 2.455593e-02 -2.027251e+00 6.851225e-01
 -2.360216e-01 -2.140968e+00 4.692617e-01
 -4.863684e-01 -2.135785e+00 2.165860e-01
 -7.118228e-01 -2.009288e+00 -2.253463e-02
 -8.903651e-01 -1.773960e+00 -2.202363e-01
 -1.179823e+00 -7.886749e-01 -6.924708e-01
 -1.195004e+00 -5.932009e-01 -7.373528e-01
 -1.223940e+00 -4.181191e-01 -7.401864e-01
 -1.308017e+00 -2.254032e-01 -7.637870e-01
 -1.531096e+00 1.369686e-01 -9.226669e-01
 -1.653290e+00 4.854789e-01 -9.470625e-01
 -1.692771e+00 8.454714e-01 -8.688624e-01
 -1.644736e+00 1.165924e+00 -7.002195e-01
 -1.532688e+00 1.404654e+00 -4.493932e-01
 -1.370688e+00 1.533072e+00 -1.409432e-01
 -1.175712e+00 1.524413e+00 1.707600e-01
 -9.385455e-01 1.388342e+00 4.382672e-01
 -7.358713e-01 1.220916e+00 5.564141e-01
 -5.138110e-01 1.067981e+00 5.671122e-01
 -2.856427e-01 9.966593e-01 5.782775e-01
 -6.184138e-03 9.703433e-01 5.614221e-01
 2.529109e-01 9.050394e-01 5.463337e-01
 4.224812e-01 8.337710e-01 5.511766e-01
 6.625011e-01 6.914175e-01 5.882671e-01
 7.931963e-01 5.890819e-01 6.341318e-01
 9.027520e-01 4.549457e-01 6.853289e-01
 9.574181e-01 3.639143e-01 7.351531e-01
 1.151465e+00 1.611195e-01 8.872217e-01
 1.566530e+00 -8.102953e-02 9.795431e-01
 1.963763e+00 -2.220571e-01 9.195933e-01
 2.280589e+00 -3.115152e-01 7.358525e-01
 2.519158e+00 -3.741004e-01 4.374800e-01
 2.632727e+00 -4.110896e-01 8.487538e-02
 2.614351e+00 -4.300581e-01 -2.845209e-01
 2.467911e+00 -4.336638e-01 -6.223970e-01
 2.213696e+00 -4.264489e-01 -8.859825e-01
 1.885510e+00 -4.141980e-01 -1.042860e+00
 9.699231e-01 -3.599621e-01 -1.125192e+00
