 -2.243691e+00 1.243748e+00 -9.998005e-01
 -2.135538e+00 1.075059e+00 -6.582549e-01
 -1.892149e+00 9.099000e-01 -3.942416e-01
 -1.547988e+00 7.900949e-01 -2.394130e-01
 -1.190932e+00 7.691865e-01 -2.094117e-01
 -7.674029e-01 9.086139e-01 -2.339596e-01
 -3.954665e-01 8.990712e-01 -2.068094e-01
 -7.371623e-02 7.796452e-01 -2.576765e-01
 1.311241e-01 5.735003e-01 -3.011679e-01
 3.334814e-01 3.884967e-01 -2.199839e-01
 6.254959e-01 2.841076e-01 -1.634279e-01
 1.272763e+00 2.044491e-01 -2.502130e-01
 1.610368e+00 2.186249e-02 -2.736580e-01
 1.864074e+00 -2.838497e-01 -2.984814e-01
 1.991531e+00 -6.751236e-01 -3.156496e-01
 1.972848e+00 -1.031141e+00 -3.182723e-01
 1.829051e+00 -1.347170e+00 -2.955471e-01
 1.560303e+00 -1.604393e+00 -2.698788e-01
 1.208074e+00 -1.755317e+00 -2.822521e-01
 8.519983e-01 -1.769180e+00 -3.109498e-01
 4.077635e-01 -1.652909e+00 -2.308502e-01
 5.090616e-02 -1.742009e+00 -1.285685e-01
 -1.838430e-01 -1.857326e+00 7.413154e-02
 -3.533191e-01 -1.938365e+00 4.443362e-01
 -3.976077e-01 -1.911179e+00 8.635684e-01
 -3.225452e-01 -1.756854e+00 1.252404e+00
 -1.862976e-01 -1.516245e+00 1.508375e+00
 -8.661870e-03 -1.167430e+00 1.647093e+00
 2.075660e-01 -8.079124e-01 1.621024e+00
 4.278443e-01 -4.990471e-01 1.431626e+00
 6.711738e-01 -2.108472e-01 9.912809e-01
 8.204167e-01 -5.005929e-02 8.464288e-01
 9.860692e-01 6.424412e-02 7.844270e-01
 1.221634e+00 2.751256e-01 7.732568e-01
 1.388970e+00 5.842178e-01 8.342220e-01
 1.442935e+00 9.561350e-01 9.635367e-01
 1.345274e+00 1.299357e+00 1.085668e+00
 1.114113e+00 1.597703e+00 1.156342e+00
 7.654929e-01 1.806053e+00 1.170096e+00
 3.940971e-01 1.877665e+00 1.136944e+00
 2.814179e-02 1.813802e+00 1.066807e+00
 -2.840404e-01 1.622823e+00 9.685705e-01
 -6.455896e-01 1.129458e+00 7.943677e-01
 -7.886648e-01 9.951890e-01 7.645015e-01
 -1.034574e+00 8.075012e-01 7.843493e-01
 -1.220527e+00 5.116427e-01 8.207675e-01
 -1.293629e+00 1.891435e-01 8.656964e-01
 -1.257967e+00 -1.321460e-01 9.039796e-01
 -1.119122e+00 -4.290297e-01 9.235077e-01
 -8.931682e-01 -6.772444e-01 8.941116e-01
 -6.128048e-01 -8.415047e-01 8.114462e-01
 -1.492046e-01 -9.290220e-01 6.512246e-01
 1.716829e-01 -1.075440e+00 6.248906e-01
 3.692511e-01 -1.234005e+00 6.991421e-01
 5.202963e-01 -1.442964e+00 7.618157e-01
 6.148671e-01 -1.764602e+00 7.594488e-01
 6.350890e-01 -2.116344e+00 6.592058e-01
 5.914453e-01 -2.389927e+00 4.800269e-01
 5.109486e-01 -2.591228e+00 2.212248e-01
 4.262602e-01 -2.691580e+00 -1.031850e-01
 3.530453e-01 -2.672115e+00 -4.388466e-01
 2.759322e-01 -2.533395e+00 -7.538092e-01
 1.981419e-01 -2.294687e+00 -1.001568e+00
 1.298147e-01 -1.984468e+00 -1.153473e+00
 8.442818e-02 -1.638705e+00 -1.193647e+00
 7.865588e-02 -8.085399e-01 -1.022932e+00
 1.493287e-01 -5.077223e-01 -1.004698e+00
 2.268621e-01 -3.619316e-01 -1.022181e+00
 3.128783e-01 -2.431969e-01 -1.044455e+00
 5.524833e-01 1.128955e-01 -1.178055e+00
 6.707728e-01 4.450121e-01 -1.185979e+00
 7.912272e-01 8.134177e-01 -1.043645e+00
 8.677529e-01 1.080135e+00 -7.899776e-01
 8.865330e-01 1.242203e+00 -4.491504e-01
 8.258518e-01 1.288320e+00 -7.080662e-02
 6.791226e-01 1.224548e+00 2.683942e-01
 4.494066e-01 9.531732e-01 6.650098e-01
 4.074027e-01 8.668626e-01 9.747661e-01
 4.630429e-01 8.125679e-01 1.254092e+00
 6.346724e-01 6.705497e-01 1.538795e+00
 9.032966e-01 4.628254e-01 1.735030e+00
 1.177686e+00 1.982625e-01 1.793195e+00
 1.390375e+00 -7.589031e-02 1.720557e+00
 1.522142e+00 -3.605876e-01 1.541270e+00
 1.565808e+00 -6.240770e-01 1.262112e+00
 1.515696e+00 -7.952144e-01 9.366086e-01
 1.383047e+00 -8.635452e-01 6.013060e-01
 1.041060e+00 -7.900585e-01 6.562694e-02
 9.597699e-01 -7.646234e-01 -2.262254e-01
 9.675958e-01 -7.632837e-01 -4.101341e-01
 1.104611e+00 -8.632596e-01 -8.694840e-01
 1.076533e+00 -8.837623e-01 -1.260131e+00
 9.176438e-01 -8.313995e-01 -1.617857e+00
 6.382426e-01 -7.242011e-01 -1.886140e+00
 2.747714e-01 -5.696432e-01 -2.021625e+00
 -8.723291e-01 -2.157544e-02 -1.934786e+00
 -1.109581e+00 1.593262e-01 -1.848020e+00
 -1.278990e+00 3.635556e-01 -1.704873e+00
 -1.369211e+00 5.845807e-01 -1.516993e+00
 -1.362623e+00 7.852591e-01 -1.334093e+00
 -1.287718e+00 9.602313e-01 -1.213973e+00
 -1.233625e+00 1.124343e+00 -1.154834e+00
 -1.225543e+00 1.329517e+00 -1.068173e+00
 -1.255207e+00 1.540997e+00 -8.938186e-01
 -1.290825e+00 1.700295e+00 -6.496102e-01
 -1.320401e+00 1.780803e+00 -3.614912e-01
 -1.440195e+00 1.767327e+00 9.013641e-01
 -1.389004e+00 1.658958e+00 1.258387e+00
 -1.252291e+00 1.470605e+00 1.545716e+00
 -1.050977e+00 1.217736e+00 1.731482e+00
 -8.276330e-01 9.222622e-01 1.788233e+00
 -6.142484e-01 6.252480e-01 1.707400e+00
 -4.405941e-01 3.669659e-01 1.500607e+00
 -3.143531e-01 1.754025e-01 1.175652e+00
 -2.633162e-01 1.227060e-01 8.086394e-01
 -3.464159e-01 1.003079e-01 4.901732e-01
 -5.452647e-01 -4.219401e-02 1.486785e-01
 -6.097914e-01 -1.081208e-01 -1.723121e-01
 -6.294794e-01 -6.733230e-02 -5.205041e-01
 -6.497895e-01 4.944956e-02 -7.563371e-01
 -6.182842e-01 1.709911e-01 -9.070868e-01
 -3.709042e-01 5.263793e-01 -1.225323e+00
 -3.381478e-01 7.403506e-01 -1.505525e+00
 -4.538912e-01 9.619865e-01 -1.802208e+00
 -6.973764e-01 1.168125e+00 -2.023090e+00
 -1.025603e+00 1.334575e+00 -2.131450e+00
 -1.391101e+00 1.453652e+00 -2.107394e+00
 -1.737955e+00 1.509460e+00 -1.953336e+00
 -2.023852e+00 1.480688e+00 -1.697221e+00
 -2.204012e+00 1.384270e+00 -1.364012e+00
