 -2.566695e+00 -1.509756e+00 9.286491e-01
 -2.619988e+00 -1.261803e+00 7.041731e-01
 -2.559934e+00 -1.021781e+00 4.700388e-01
 -2.385946e+00 -8.133321e-01 2.448792e-01
 -2.102110e+00 -6.781119e-01 4.215073e-02
 -1.762450e+00 -6.642769e-01 -1.125927e-01
 -1.383474e+00 -8.476527e-01 -2.827979e-01
 -1.127118e+00 -8.832898e-01 -3.887552e-01
 -7.703978e-01 -8.278964e-01 -4.548335e-01
 -4.677355e-01 -7.108291e-01 -4.223304e-01
 -1.571441e-01 -4.934188e-01 -2.931741e-01
 9.456090e-02 -2.584855e-01 -1.567086e-01
 3.715330e-01 2.305578e-02 -4.166564e-02
 5.486433e-01 2.496103e-01 1.391434e-01
 6.723623e-01 5.207317e-01 4.609186e-01
 7.781223e-01 6.469778e-01 6.327763e-01
 1.035667e+00 8.100096e-01 9.985888e-01
 1.303816e+00 9.290707e-01 1.291680e+00
 1.603706e+00 1.005489e+00 1.452227e+00
 1.954121e+00 1.052961e+00 1.506203e+00
 2.308610e+00 1.066230e+00 1.438161e+00
 2.615742e+00 1.046587e+00 1.257363e+00
 2.839259e+00 1.000823e+00 9.900791e-01
 2.956025e+00 9.278151e-01 6.722476e-01
 2.956558e+00 8.241570e-01 3.400318e-01
 2.836556e+00 7.095473e-01 2.463981e-02
 2.603037e+00 6.060366e-01 -2.366810e-01
 2.273543e+00 5.476945e-01 -4.123748e-01
 1.886306e+00 5.553431e-01 -4.654739e-01
 1.542104e+00 6.458966e-01 -3.913879e-01
 1.322786e+00 8.173916e-01 -2.813766e-01
 1.080833e+00 1.151139e+00 -2.293085e-01
 7.977931e-01 1.465626e+00 -1.518695e-01
 4.935322e-01 1.744480e+00 -8.954649e-02
 1.745499e-01 1.890485e+00 -7.374966e-02
 -2.082477e-01 1.927383e+00 -1.021284e-01
 -5.401340e-01 1.848154e+00 -1.473662e-01
 -9.118139e-01 1.627609e+00 -2.007172e-01
 -1.227925e+00 1.410510e+00 -2.459102e-01
 -1.599962e+00 1.141846e+00 -3.104174e-01
 -1.790785e+00 9.200841e-01 -3.913368e-01
 -1.914259e+00 6.143877e-01 -5.316968e-01
 -1.909124e+00 2.725806e-01 -7.168403e-01
 -1.758372e+00 -3.849114e-02 -8.951082e-01
 -1.523309e+00 -2.194494e-01 -1.052974e+00
 -1.253506e+00 -3.117785e-01 -1.210138e+00
 -8.988822e-01 -3.128453e-01 -1.308540e+00
 -5.971945e-01 -2.422426e-01 -1.305350e+00
 -1.859247e-01 -6.125293e-02 -1.203485e+00
 1.903143e-01 1.078279e-01 -1.084116e+00
 4.865197e-01 3.022806e-01 -9.967422e-01
 6.650984e-01 4.663223e-01 -1.013963e+00
 9.465404e-01 7.895295e-01 -1.226021e+00
 1.183145e+00 1.040032e+00 -1.271892e+00
 1.458562e+00 1.273912e+00 -1.197094e+00
 1.722920e+00 1.455448e+00 -9.923700e-01
 1.918901e+00 1.560573e+00 -6.887175e-01
 2.033830e+00 1.563930e+00 -3.367517e-01
 2.062672e+00 1.458054e+00 1.904117e-02
 2.019209e+00 1.235458e+00 3.304256e-01
 1.959339e+00 1.018196e+00 4.717872e-01
 1.952316e+00 7.062634e-01 5.433059e-01
 2.149543e+00 2.217655e-01 7.315673e-01
 2.249450e+00 -8.013532e-02 8.391410e-01
 2.238243e+00 -4.085694e-01 9.319807e-01
 2.117058e+00 -7.209592e-01 9.998555e-01
 1.891459e+00 -9.869526e-01 1.037003e+00
 1.581867e+00 -1.168346e+00 1.038190e+00
 1.222732e+00 -1.235828e+00 1.003124e+00
 8.450482e-01 -1.168909e+00 9.335844e-01
 5.253675e-01 -9.662060e-01 8.557625e-01
 2.922850e-01 -6.471070e-01 8.120637e-01
 1.230033e-01 -3.348608e-01 8.719913e-01
 -1.059561e-01 5.205203e-02 9.357894e-01
 -2.540385e-01 3.508568e-01 8.491512e-01
 -3.366513e-01 6.116260e-01 6.094449e-01
 -3.135386e-01 8.063024e-01 2.852772e-01
 -2.204306e-01 8.931002e-01 2.914508e-02
 -6.418177e-02 9.380612e-01 -3.507932e-01
 -8.065175e-02 1.130099e+00 -8.266506e-01
 -1.043486e-01 1.126431e+00 -1.146560e+00
 -4.225780e-02 1.005150e+00 -1.541830e+00
 1.019875e-01 7.995171e-01 -1.834565e+00
 3.105680e-01 5.361635e-01 -2.005041e+00
 5.575141e-01 2.547040e-01 -2.032891e+00
 8.068019e-01 5.676048e-03 -1.924863e+00
 1.044708e+00 -1.910630e-01 -1.698442e+00
 1.198088e+00 -3.049661e-01 -1.412442e+00
 1.271138e+00 -3.436908e-01 -1.105716e+00
 1.310798e+00 -3.483670e-01 -6.855157e-01
 1.335195e+00 -3.552356e-01 -3.144397e-01
 1.350805e+00 -3.653161e-01 8.659696e-02
 1.322168e+00 -3.489803e-01 4.028280e-01
 1.235408e+00 -2.291912e-01 8.273364e-01
 1.174347e+00 -2.015484e-01 1.110953e+00
 1.009850e+00 -2.395871e-01 1.428733e+00
 7.221044e-01 -3.421036e-01 1.707084e+00
 4.049855e-01 -4.491440e-01 1.841583e+00
 9.638141e-02 -5.417918e-01 1.861198e+00
 -3.080127e-01 -6.434610e-01 1.764950e+00
 -6.609715e-01 -7.282357e-01 1.650685e+00
 -1.055688e+00 -8.242753e-01 1.518104e+00
 -1.325469e+00 -9.266769e-01 1.365992e+00
 -1.557184e+00 -1.075624e+00 1.070656e+00
 -1.606229e+00 -1.208811e+00 7.750336e-01
 -1.605163e+00 -1.382358e+00 5.896636e-01
 -1.713777e+00 -1.605412e+00 3.618371e-01
 -1.929480e+00 -1.699675e+00 -2.364509e-02
 -2.089722e+00 -1.611716e+00 -3.826326e-01
 -2.165363e+00 -1.437446e+00 -6.544303e-01
 -2.228446e+00 -1.153996e+00 -9.770279e-01
 -2.275445e+00 -9.087397e-01 -1.258672e+00
 -2.301001e+00 -6.140539e-01 -1.571479e+00
 -2.251116e+00 -3.610957e-01 -1.752306e+00
 -2.117472e+00 -6.013543e-02 -1.870608e+00
 -1.906586e+00 2.429074e-01 -1.883786e+00
 -1.651340e+00 4.950496e-01 -1.778094e+00
 -1.381919e+00 6.652689e-01 -1.559338e+00
 -1.128487e+00 7.198247e-01 -1.230014e+00
 -9.448850e-01 6.150162e-01 -8.796017e-01
 -9.052463e-01 4.644286e-01 -6.367762e-01
 -9.344164e-01 2.529558e-01 -2.970743e-01
 -9.636749e-01 9.621892e-03 1.086563e-01
 -9.261221e-01 -2.093556e-01 3.593406e-01
 -8.499398e-01 -4.896871e-01 5.180266e-01
 -6.642810e-01 -9.050079e-01 5.805236e-01
 -5.943692e-01 -1.157664e+00 6.692537e-01
 -6.236140e-01 -1.496103e+00 8.602209e-01
 -7.967054e-01 -1.776589e+00 1.079232e+00
 -1.098181e+00 -1.977857e+00 1.246280e+00
 -1.457641e+00 -2.065996e+00 1.331558e+00
 -1.821706e+00 -2.043980e+00 1.335338e+00
 -2.148889e+00 -1.930644e+00 1.258644e+00
 -2.405005e+00 -1.743969e+00 1.117648e+00
