 2.524406e-01 2.145355e+00 -8.219221e-01
 3.294220e-01 1.818357e+00 -6.593381e-01
 4.232336e-01 1.554854e+00 -6.496353e-01
 6.163714e-01 1.314879e+00 -6.452850e-01
 8.310634e-01 1.089177e+00 -4.826252e-01
 9.475160e-01 8.114060e-01 -1.644626e-01
 8.798049e-01 5.681666e-01 1.969897e-01
 6.115547e-01 2.281060e-01 5.104434e-01
 5.774774e-01 5.072753e-02 6.967774e-01
 5.620839e-01 -4.792544e-02 8.863760e-01
 5.414310e-01 -1.110288e-01 1.195081e+00
 4.700976e-01 -4.003746e-02 1.931401e+00
 3.102273e-01 -3.430387e-02 2.261420e+00
 4.949292e-02 -7.494346e-02 2.518428e+00
 -2.773951e-01 -1.585989e-01 2.667794e+00
 -6.273075e-01 -2.762714e-01 2.689619e+00
 -9.534907e-01 -4.143486e-01 2.580546e+00
 -1.210960e+00 -5.558662e-01 2.355398e+00
 -1.379339e+00 -6.754136e-01 2.024143e+00
 -1.419825e+00 -7.298881e-01 1.678176e+00
 -1.321636e+00 -7.427463e-01 1.287056e+00
 -1.085059e+00 -7.209138e-01 9.643287e-01
 -8.228661e-01 -7.040205e-01 8.116514e-01
 -4.763437e-01 -7.366760e-01 7.180130e-01
 -1.306438e-01 -8.161288e-01 7.796740e-01
 1.269946e-01 -9.594954e-01 8.268862e-01
 1.056698e+00 -1.352164e+00 6.768675e-01
 1.377004e+00 -1.414527e+00 5.263114e-01
 1.645592e+00 -1.394654e+00 3.060953e-01
 1.841195e+00 -1.290941e+00 5.025348e-02
 1.949091e+00 -1.111306e+00 -2.127773e-01
 1.955711e+00 -8.763441e-01 -4.595210e-01
 1.853907e+00 -6.063761e-01 -6.700261e-01
 1.161552e+00 2.977834e-01 -1.172587e+00
 9.453097e-01 4.556103e-01 -1.264027e+00
 6.883776e-01 5.526266e-01 -1.325139e+00
 4.199800e-01 5.862945e-01 -1.346944e+00
 1.727134e-01 5.479211e-01 -1.358122e+00
 -1.025635e-01 4.320451e-01 -1.370575e+00
 -3.685956e-01 2.056499e-01 -1.297252e+00
 -5.511551e-01 -6.443572e-02 -1.117659e+00
 -6.115025e-01 -3.882344e-01 -8.356408e-01
 -5.038938e-01 -6.591281e-01 -5.415366e-01
 -2.408796e-01 -8.905177e-01 -2.973518e-01
 -1.091265e-01 -1.093533e+00 -1.847206e-01
 -2.309700e-02 -1.405888e+00 -7.094026e-02
 -3.986841e-02 -1.766698e+00 -4.881157e-02
 -2.445067e-01 -2.164006e+00 -5.626472e-02
 -5.530296e-01 -2.416045e+00 -6.149255e-02
 -9.359346e-01 -2.522690e+00 -4.536587e-02
 -1.365490e+00 -2.462455e+00 -1.549396e-02
 -1.708140e+00 -2.259278e+00 2.833981e-02
 -1.946161e+00 -1.937703e+00 6.672756e-02
 -2.041536e+00 -1.547975e+00 9.462372e-02
 -1.979144e+00 -1.150995e+00 1.086944e-01
 -1.437645e+00 -2.716759e-01 1.199941e-01
 -1.232459e+00 -4.290577e-02 1.697824e-01
 -1.040631e+00 1.047375e-01 2.511177e-01
 -8.529768e-01 1.929577e-01 3.576449e-01
 -4.497267e-01 3.313855e-01 7.125637e-01
 -1.517303e-01 6.679399e-01 1.062437e+00
 1.956031e-01 8.610357e-01 1.207385e+00
 6.055419e-01 9.179575e-01 1.266036e+00
 1.020449e+00 8.016539e-01 1.261238e+00
 1.348577e+00 5.487969e-01 1.169531e+00
 1.550622e+00 2.281251e-01 9.654948e-01
 1.592660e+00 -8.606295e-02 6.693892e-01
 1.459902e+00 -3.420789e-01 3.445769e-01
 1.125430e+00 -5.510685e-01 3.703768e-02
 1.016735e+00 -6.839106e-01 -8.829198e-02
 9.184389e-01 -1.025709e+00 -3.596236e-01
 7.555042e-01 -1.286157e+00 -7.361022e-01
 4.478834e-01 -1.447464e+00 -9.909306e-01
 4.040082e-02 -1.569622e+00 -1.094315e+00
 -3.857755e-01 -1.632910e+00 -1.021754e+00
 -7.956681e-01 -1.636619e+00 -7.548795e-01
 -9.882378e-01 -1.579274e+00 -4.662260e-01
 -1.038775e+00 -1.496258e+00 -1.317843e-01
 -1.011595e+00 -1.506132e+00 1.733017e-01
 -9.265179e-01 -1.698019e+00 6.090147e-01
 -7.678525e-01 -1.714353e+00 9.900403e-01
 -6.112519e-01 -1.554159e+00 1.356890e+00
 -4.841648e-01 -1.225136e+00 1.646468e+00
 -4.105213e-01 -8.829069e-01 1.758779e+00
 -4.000933e-01 -5.665859e-01 1.730444e+00
 -4.751444e-01 -3.216014e-01 1.678672e+00
 -6.067063e-01 -1.008035e-01 1.665834e+00
 -8.933236e-01 1.644828e-01 1.636524e+00
 -1.079901e+00 3.825592e-01 1.528027e+00
 -1.200656e+00 6.111572e-01 1.352261e+00
 -1.249709e+00 8.582040e-01 1.087807e+00
 -1.241543e+00 1.003707e+00 8.767196e-01
 -1.201254e+00 1.106638e+00 6.463280e-01
 -9.532463e-01 1.308710e+00 -2.428661e-01
 -8.907716e-01 1.333096e+00 -3.919734e-01
 -3.861518e-01 1.428929e+00 -1.260355e+00
 -2.108363e-01 1.473318e+00 -1.448850e+00
 -4.462350e-02 1.507502e+00 -1.559942e+00
 1.220845e-01 1.515773e+00 -1.619678e+00
 4.367128e-01 1.547732e+00 -1.661975e+00
 7.914478e-01 1.713399e+00 -1.598127e+00
 1.114100e+00 1.897275e+00 -1.341325e+00
 1.293350e+00 2.031607e+00 -9.573578e-01
 1.319523e+00 2.060976e+00 -5.112432e-01
 1.176705e+00 1.994030e+00 -9.349534e-02
 8.868226e-01 1.836781e+00 2.252280e-01
 5.221312e-01 1.603130e+00 3.700933e-01
 1.866360e-01 1.331570e+00 3.197758e-01
 -1.679374e-02 1.110865e+00 1.464960e-01
 -9.293431e-02 7.680747e-01 -1.308763e-01
 -2.418106e-03 3.744295e-01 -3.361955e-01
 2.415886e-01 5.599841e-02 -4.732496e-01
 3.800103e-01 -1.458443e-01 -6.470072e-01
 4.086445e-01 -2.972728e-01 -8.439411e-01
 4.203175e-01 -4.051367e-01 -1.090536e+00
 4.500370e-01 -4.352680e-01 -1.419966e+00
 4.490642e-01 -3.478008e-01 -1.764768e+00
 4.212041e-01 -1.550316e-01 -2.055513e+00
 3.758904e-01 1.258072e-01 -2.264164e+00
 1.572971e-01 1.411456e+00 -2.643382e+00
 1.122862e-01 1.779780e+00 -2.613128e+00
 8.820578e-02 2.115666e+00 -2.451941e+00
 8.698259e-02 2.373446e+00 -2.180015e+00
 1.074343e-01 2.516774e+00 -1.833872e+00
 1.451442e-01 2.525718e+00 -1.461855e+00
 1.934171e-01 2.400125e+00 -1.114027e+00
