 1.482887e+00 -1.466572e+00 7.749839e-01
 1.877201e+00 -1.698591e+00 7.090379e-01
 2.267172e+00 -1.757473e+00 5.539513e-01
 2.593309e+00 -1.675293e+00 3.394820e-01
 2.827541e+00 -1.476866e+00 1.012443e-01
 2.941955e+00 -1.189916e+00 -1.458592e-01
 2.905260e+00 -8.422457e-01 -3.751698e-01
 2.691234e+00 -4.820294e-01 -5.432558e-01
 2.306719e+00 -1.894743e-01 -5.958341e-01
 1.806817e+00 -7.287418e-02 -5.239450e-01
 1.396295e+00 -1.865129e-01 -3.633253e-01
 8.821126e-01 -6.882067e-01 -2.571325e-01
 3.600211e-01 -9.809216e-01 -3.355312e-01
 1.337543e-02 -1.060356e+00 -3.254211e-01
 -3.362564e-01 -1.052637e+00 -1.960364e-01
 -6.239227e-01 -9.546710e-01 1.115499e-02
 -1.047260e+00 -5.583056e-01 6.153648e-01
 -1.388266e+00 -6.003835e-01 9.955199e-01
 -1.550943e+00 -9.136943e-01 1.482880e+00
 -1.439536e+00 -1.352846e+00 1.831773e+00
 -1.118397e+00 -1.759749e+00 1.971076e+00
 -7.102650e-01 -2.028002e+00 1.908257e+00
 -3.143488e-01 -2.121942e+00 1.709137e+00
 -5.488599e-05 -2.064586e+00 1.429948e+00
 2.081970e-01 -1.878063e+00 1.125416e+00
 2.955958e-01 -1.578996e+00 8.483535e-01
 2.504586e-01 -1.280519e+00 6.836061e-01
 1.713838e-01 -8.003161e-01 6.597130e-01
 1.289220e-01 -4.830465e-01 5.292307e-01
 8.429107e-02 -3.017087e-01 3.824466e-01
 -1.007237e-01 2.288503e-02 -1.353051e-01
 -2.822514e-01 3.357733e-01 -6.811786e-01
 -2.921561e-01 4.294845e-01 -9.165156e-01
 -2.558867e-01 4.940329e-01 -1.301582e+00
 -1.717890e-02 3.999297e-01 -1.756365e+00
 3.499786e-01 1.654954e-01 -2.028311e+00
 7.465361e-01 -1.273961e-01 -2.062288e+00
 1.081445e+00 -4.024489e-01 -1.880696e+00
 1.734268e+00 -1.050636e+00 -8.627961e-01
 1.864940e+00 -1.126815e+00 -5.197755e-01
 1.919724e+00 -1.072595e+00 -1.701899e-01
 1.968577e+00 -9.190572e-01 5.064835e-02
 2.084720e+00 -7.795279e-01 2.473090e-01
 2.200488e+00 -7.251805e-01 5.714988e-01
 2.162084e+00 -7.107512e-01 1.005535e+00
 1.969592e+00 -7.391172e-01 1.365139e+00
 1.674398e+00 -7.819013e-01 1.607507e+00
 1.328891e+00 -8.310773e-01 1.721270e+00
 -9.192802e-02 -1.038035e+00 1.658454e+00
 -4.786544e-01 -1.137977e+00 1.419379e+00
 -6.190363e-01 -1.282097e+00 1.195607e+00
 -7.422653e-01 -1.453828e+00 1.047925e+00
 -1.000104e+00 -1.587964e+00 8.975757e-01
 -1.328940e+00 -1.588636e+00 6.471900e-01
 -1.584343e+00 -1.450278e+00 3.915908e-01
 -1.946139e+00 -8.820045e-01 -2.045126e-01
 -2.125055e+00 -3.800921e-01 -6.552712e-01
 -2.051389e+00 1.111306e-02 -8.845893e-01
 -1.829645e+00 3.555480e-01 -9.978690e-01
 -1.155112e+00 9.508342e-01 -9.861870e-01
 -9.031718e-01 1.273655e+00 -8.304841e-01
 -8.522038e-01 1.580918e+00 -6.945916e-01
 -9.406509e-01 1.891199e+00 -5.388833e-01
 -1.065452e+00 2.064966e+00 -3.700226e-01
 -1.216992e+00 2.173100e+00 -1.566976e-01
 -1.361492e+00 2.208622e+00 3.629592e-02
 -1.480193e+00 2.199578e+00 1.824393e-01
 -1.594086e+00 2.158141e+00 3.217163e-01
 -1.718226e+00 2.071830e+00 4.717086e-01
 -1.855129e+00 1.911044e+00 6.320447e-01
 -1.986315e+00 1.644457e+00 7.738897e-01
 -2.070995e+00 1.261017e+00 8.402226e-01
 -2.052962e+00 8.022811e-01 7.595058e-01
 -1.888982e+00 3.894554e-01 4.883984e-01
 -1.204533e+00 -4.855590e-02 -2.963688e-01
 -1.033234e+00 -3.762490e-01 -6.994306e-01
 -6.830555e-01 -5.618512e-01 -9.973211e-01
 -2.064677e-01 -5.700503e-01 -1.172299e+00
 2.403168e-01 -4.226215e-01 -1.160082e+00
 5.007551e-01 -1.902789e-01 -1.060644e+00
 6.492416e-01 5.526964e-02 -1.037796e+00
 8.366157e-01 3.671643e-01 -9.909288e-01
 1.224293e+00 1.107769e+00 -7.167863e-01
 1.166794e+00 1.595949e+00 -3.906459e-01
 8.645712e-01 1.896090e+00 -7.116216e-02
 4.573381e-01 1.983086e+00 1.645322e-01
 4.295682e-02 1.891442e+00 2.955169e-01
 -7.699162e-01 1.383232e+00 3.283422e-01
 -1.069820e+00 1.251411e+00 2.554023e-01
 -1.327625e+00 1.191194e+00 1.164812e-01
 -1.651504e+00 1.233641e+00 -1.173370e-01
 -1.889280e+00 1.447749e+00 -4.308988e-01
 -1.890022e+00 1.686428e+00 -9.034458e-01
 -1.627695e+00 1.837161e+00 -1.341521e+00
 -1.219874e+00 1.883647e+00 -1.618392e+00
 -7.469353e-01 1.840972e+00 -1.695474e+00
 -2.981316e-01 1.717743e+00 -1.562278e+00
 2.277663e-02 1.540852e+00 -1.247955e+00
 1.674316e-01 1.320260e+00 -7.583198e-01
 2.212445e-01 1.152117e+00 -3.977105e-01
 3.121803e-01 1.019801e+00 -1.921697e-01
 4.972016e-01 8.207559e-01 2.133779e-02
 8.212054e-01 4.139952e-01 3.440673e-01
 9.764228e-01 1.432292e-01 5.299519e-01
 1.085762e+00 -2.215074e-01 6.768327e-01
 1.129972e+00 -4.729325e-01 7.068992e-01
 1.241531e+00 -1.148059e+00 7.197956e-01
