 2.254652e+00 6.661382e-01 -8.980801e-01
 1.916220e+00 7.624840e-01 -1.069717e+00
 1.551322e+00 7.183639e-01 -1.193557e+00
 1.229638e+00 5.385605e-01 -1.283211e+00
 1.072930e+00 3.361167e-01 -1.326338e+00
 9.962997e-01 4.736918e-02 -1.458479e+00
 9.651354e-01 -2.253269e-01 -1.520461e+00
 5.484627e-01 -1.360372e+00 -1.456559e+00
 3.572396e-01 -1.690816e+00 -1.281873e+00
 1.557897e-01 -1.906825e+00 -9.756941e-01
 -2.289631e-02 -1.964755e+00 -5.885083e-01
 -1.742623e-01 -1.835164e+00 -1.704618e-01
 -2.796066e-01 -1.530013e+00 1.551459e-01
 -3.285435e-01 -1.102017e+00 3.253363e-01
 -2.767012e-01 -2.566537e-02 2.709384e-01
 -2.658736e-01 2.471142e-01 9.055725e-02
 -3.003690e-01 5.015939e-01 -6.743140e-02
 -5.039104e-01 1.026214e+00 -1.317073e-01
 -6.999851e-01 1.277044e+00 -2.460560e-01
 -9.085597e-01 1.476875e+00 -4.839642e-01
 -1.076675e+00 1.576904e+00 -8.102517e-01
 -1.176891e+00 1.558679e+00 -1.183109e+00
 -1.198163e+00 1.413734e+00 -1.548516e+00
 -1.137089e+00 1.153434e+00 -1.846536e+00
 -9.964396e-01 8.186429e-01 -2.028155e+00
 -7.936857e-01 4.622720e-01 -2.060439e+00
 -5.572342e-01 1.511964e-01 -1.938063e+00
 -3.010341e-01 -5.310116e-02 -1.688304e+00
 -5.783727e-02 -1.078337e-01 -1.343968e+00
 1.767938e-01 3.532126e-02 -8.534897e-01
 4.450282e-01 2.347843e-02 -5.868068e-01
 5.870316e-01 -3.858818e-02 -3.704302e-01
 6.597242e-01 -1.449127e-01 -8.756869e-02
 7.055761e-01 -2.090219e-01 1.165155e-01
 8.710795e-01 -2.972706e-01 6.135323e-01
 1.009858e+00 -3.830931e-01 1.164853e+00
 9.764261e-01 -4.320647e-01 1.510710e+00
 8.348131e-01 -4.782373e-01 1.818319e+00
 6.097094e-01 -5.232420e-01 2.056661e+00
 3.335221e-01 -5.682649e-01 2.207285e+00
 4.256586e-02 -6.011294e-01 2.265276e+00
 -2.408861e-01 -5.953179e-01 2.246285e+00
 -4.944599e-01 -5.609062e-01 2.158132e+00
 -7.049942e-01 -5.138806e-01 2.004882e+00
 -8.589060e-01 -4.633832e-01 1.803440e+00
 -9.484757e-01 -4.387500e-01 1.582077e+00
 -1.008879e+00 -4.830547e-01 1.383576e+00
 -1.120895e+00 -5.167103e-01 1.216666e+00
 -1.251632e+00 -5.188945e-01 1.065234e+00
 -2.032750e+00 -3.762890e-01 3.905379e-01
 -2.218819e+00 -2.226433e-01 1.134265e-03
 -2.208135e+00 -1.216410e-02 -4.086246e-01
 -2.000074e+00 2.130876e-01 -7.550591e-01
 -1.636156e+00 4.068524e-01 -9.659376e-01
 -8.289729e-01 6.066274e-01 -1.034659e+00
 -6.362420e-01 6.946828e-01 -1.078130e+00
 -5.013227e-01 7.951725e-01 -1.130590e+00
 -3.552243e-01 8.748433e-01 -1.232122e+00
 -1.235279e-01 9.219864e-01 -1.408975e+00
 6.713414e-01 8.107386e-01 -2.134115e+00
 1.027162e+00 6.869765e-01 -2.286796e+00
 1.392898e+00 5.082965e-01 -2.293386e+00
 1.709276e+00 2.905031e-01 -2.154057e+00
 1.923731e+00 5.697107e-02 -1.889085e+00
 1.997327e+00 -1.512311e-01 -1.529976e+00
 1.934473e+00 -2.607092e-01 -1.192218e+00
 1.778636e+00 -2.571902e-01 -8.810084e-01
 1.651294e+00 -1.443373e-01 -6.590122e-01
 1.602232e+00 1.299037e-03 -4.559973e-01
 1.590839e+00 1.871900e-01 -2.841723e-01
 1.522293e+00 3.770814e-01 -1.471885e-01
 1.377502e+00 5.581800e-01 1.418751e-02
 1.186950e+00 6.830890e-01 1.659610e-01
 9.305608e-01 7.582691e-01 3.291982e-01
 6.433967e-02 8.819584e-01 8.147941e-01
 -2.203783e-01 8.721785e-01 8.897538e-01
 -4.213012e-01 8.165725e-01 9.034000e-01
 -6.355772e-01 6.664280e-01 9.387954e-01
 -8.191236e-01 5.501960e-01 1.055299e+00
 -9.816487e-01 5.038070e-01 1.155289e+00
 -1.303095e+00 4.919571e-01 1.321681e+00
 -1.612456e+00 3.365119e-01 1.504258e+00
 -1.834315e+00 5.997725e-02 1.676536e+00
 -1.938757e+00 -3.058884e-01 1.794865e+00
 -1.899084e+00 -7.098599e-01 1.850090e+00
 -1.703745e+00 -1.082633e+00 1.847284e+00
 -1.376990e+00 -1.355732e+00 1.780366e+00
 -9.695786e-01 -1.472149e+00 1.654526e+00
 -5.572513e-01 -1.397690e+00 1.492129e+00
 -2.233210e-01 -1.140728e+00 1.341788e+00
 -1.064518e-02 -7.301716e-01 1.261076e+00
 5.263260e-04 -2.623498e-01 1.240931e+00
 -8.830970e-02 4.253122e-01 1.803571e+00
 -3.901602e-01 8.739161e-01 1.947736e+00
 -7.352561e-01 1.312871e+00 1.767624e+00
 -1.073090e+00 1.534502e+00 1.329116e+00
 -1.338012e+00 1.432446e+00 8.172242e-01
 -1.468462e+00 1.044994e+00 4.115906e-01
 -1.211928e+00 -4.361644e-02 -1.389065e-01
 -1.024104e+00 -3.326654e-01 -4.095227e-01
 -7.889316e-01 -5.609528e-01 -5.918301e-01
 -5.155684e-01 -7.791165e-01 -6.799952e-01
 -2.095308e-01 -9.162482e-01 -6.957645e-01
 1.691964e-01 -9.512789e-01 -5.826692e-01
 6.625369e-01 -1.117573e+00 -4.026070e-01
 1.802159e+00 -9.746624e-01 -8.800278e-02
 2.150452e+00 -7.962199e-01 -5.506354e-02
 2.429228e+00 -5.192562e-01 -1.133359e-01
 2.590746e+00 -1.870923e-01 -2.491777e-01
 2.615636e+00 1.478813e-01 -4.464529e-01
 2.495575e+00 4.541682e-01 -6.839899e-01
