 1.672524e-01 -1.535116e+00 -1.617038e-01
 9.608032e-02 -1.438363e+00 1.306992e-01
 7.871477e-02 -1.329516e+00 5.894744e-01
 6.429939e-02 -1.060484e+00 9.658941e-01
 -1.154047e-01 -2.329043e-01 1.505819e+00
 -1.411391e-01 3.538454e-02 1.602932e+00
 -1.323463e-01 3.241842e-01 1.641901e+00
 -9.546307e-02 6.132872e-01 1.614980e+00
 -6.141957e-03 1.007028e+00 1.480629e+00
 4.340326e-02 1.223070e+00 1.456828e+00
 7.931968e-02 1.376092e+00 1.478987e+00
 8.493910e-02 1.515735e+00 1.501073e+00
 5.744093e-02 1.728510e+00 1.492509e+00
 2.913943e-03 1.982841e+00 1.418457e+00
 -5.946076e-02 2.175959e+00 1.303404e+00
 -1.212736e-01 2.344402e+00 1.129448e+00
 -1.605664e-01 2.468873e+00 9.129164e-01
 -1.842167e-01 2.534284e+00 6.670640e-01
 -1.785823e-01 2.539365e+00 3.993051e-01
 -1.325514e-01 2.482579e+00 1.299756e-01
 -6.438496e-02 2.364505e+00 -1.047575e-01
 1.584159e-02 2.186907e+00 -2.982403e-01
 1.042011e-01 1.962175e+00 -4.342314e-01
 1.960532e-01 1.706831e+00 -5.006780e-01
 2.861597e-01 1.440986e+00 -4.907892e-01
 5.277744e-01 7.256604e-01 -2.468684e-01
 6.042546e-01 5.786497e-01 -2.037702e-01
 7.279746e-01 4.155482e-01 -1.679485e-01
 1.067679e+00 1.488310e-01 -5.010697e-02
 1.263105e+00 -1.888812e-01 5.553948e-02
 1.298231e+00 -5.204809e-01 1.647671e-01
 1.031163e+00 -1.779136e+00 3.698711e-01
 8.288932e-01 -2.096441e+00 4.045627e-01
 5.444401e-01 -2.318388e+00 3.992811e-01
 2.047005e-01 -2.434441e+00 3.454002e-01
 -1.460408e-01 -2.428404e+00 2.483618e-01
 -4.623521e-01 -2.300549e+00 1.193120e-01
 -7.027358e-01 -2.067200e+00 -2.623697e-02
 -8.352305e-01 -1.759389e+00 -1.702024e-01
 -8.411486e-01 -1.402976e+00 -3.118594e-01
 -6.491515e-01 -8.937973e-01 -5.867824e-01
 -4.182570e-01 -5.008638e-01 -9.109443e-01
 -3.110821e-01 -3.533620e-01 -1.002493e+00
 -1.773638e-01 -2.122725e-01 -1.070752e+00
 -2.320047e-02 -8.651191e-02 -1.114064e+00
 7.965464e-01 4.443630e-01 -1.190614e+00
 1.052903e+00 6.284362e-01 -1.113397e+00
 1.263125e+00 8.055483e-01 -9.439005e-01
 1.406305e+00 9.588264e-01 -7.003656e-01
 1.468272e+00 1.073852e+00 -4.084157e-01
 1.446694e+00 1.137009e+00 -8.929193e-02
 1.360433e+00 1.125885e+00 2.116161e-01
 1.104025e+00 9.914565e-01 6.706529e-01
 1.018992e+00 1.026546e+00 9.282936e-01
 1.001180e+00 1.037775e+00 1.127252e+00
 1.035630e+00 1.011668e+00 1.581681e+00
 9.009658e-01 1.019174e+00 1.977856e+00
 6.248160e-01 1.070420e+00 2.288994e+00
 2.561023e-01 1.160412e+00 2.461797e+00
 -1.460460e-01 1.254794e+00 2.467843e+00
 -5.228985e-01 1.335175e+00 2.305786e+00
 -8.022032e-01 1.414889e+00 2.001429e+00
 -9.344837e-01 1.480830e+00 1.609507e+00
 -8.990762e-01 1.518948e+00 1.193735e+00
 -7.049147e-01 1.523527e+00 8.311618e-01
 -3.779788e-01 1.532453e+00 5.750490e-01
 -3.584834e-02 1.539324e+00 4.900041e-01
 2.421922e-01 1.605548e+00 5.057770e-01
 7.524517e-01 1.985249e+00 5.843496e-01
 1.327667e+00 2.026928e+00 8.365114e-01
 1.828609e+00 1.688499e+00 1.036051e+00
 2.053321e+00 1.098100e+00 1.130801e+00
 1.896862e+00 4.808461e-01 1.153034e+00
 1.411842e+00 6.794323e-02 1.109200e+00
 8.044359e-01 -5.127701e-04 9.475626e-01
 3.850812e-02 4.418792e-01 6.167001e-01
 -1.451242e-01 5.300576e-01 4.719463e-01
 -3.074205e-01 5.632261e-01 2.997382e-01
 -4.483584e-01 5.500102e-01 1.382389e-01
 -6.756042e-01 4.574205e-01 -1.184417e-01
 -1.254752e+00 5.010131e-02 -7.518228e-01
 -1.371993e+00 -1.508957e-01 -9.793048e-01
 -1.406010e+00 -4.052638e-01 -1.183908e+00
 -1.363580e+00 -6.883279e-01 -1.324207e+00
 -1.302309e+00 -9.383871e-01 -1.361715e+00
 -1.212472e+00 -1.466040e+00 -1.293069e+00
 -9.568265e-01 -1.922869e+00 -1.353811e+00
 -6.294980e-01 -2.213705e+00 -1.479158e+00
 -3.445307e-01 -2.334454e+00 -1.561909e+00
 -2.763501e-02 -2.365870e+00 -1.611030e+00
 2.868697e-01 -2.306567e+00 -1.617623e+00
 5.699121e-01 -2.165268e+00 -1.578151e+00
 7.944093e-01 -1.959399e+00 -1.493976e+00
 9.417405e-01 -1.710982e+00 -1.370426e+00
 1.000199e+00 -1.447005e+00 -1.217279e+00
 9.678795e-01 -1.193170e+00 -1.045916e+00
 8.219408e-01 -9.187873e-01 -8.169513e-01
 5.351749e-01 -6.521477e-01 -4.960117e-01
 2.250451e-01 -4.698321e-01 -1.099108e-01
 8.543836e-03 -4.230954e-01 7.129631e-02
 -4.385013e-01 -4.479690e-01 3.096362e-01
 -9.063129e-01 -4.576008e-01 3.133750e-01
 -1.335675e+00 -5.394203e-01 1.312833e-01
 -2.009091e+00 -9.417052e-01 -5.606204e-01
 -2.214778e+00 -1.087511e+00 -9.246880e-01
 -2.288728e+00 -1.188894e+00 -1.294646e+00
 -2.231826e+00 -1.261652e+00 -1.643223e+00
 -2.057495e+00 -1.309035e+00 -1.953405e+00
 -1.787795e+00 -1.329855e+00 -2.187161e+00
 -1.455224e+00 -1.326081e+00 -2.316489e+00
 -1.099820e+00 -1.302503e+00 -2.325613e+00
 -7.660630e-01 -1.266456e+00 -2.214014e+00
 -3.999609e-01 -1.237191e+00 -1.924384e+00
 -1.071662e-01 -1.310458e+00 -1.478094e+00
 5.104381e-02 -1.597371e+00 -8.634930e-01
 1.049902e-01 -1.626982e+00 -6.932621e-01
 1.516319e-01 -1.616070e+00 -4.654230e-01
