 -5.868189e-01 -1.546824e+00 -3.178599e-03
 -7.833658e-01 -1.104786e+00 1.650489e-01
 -7.599058e-01 -7.285166e-01 4.220345e-01
 -6.472344e-01 -5.531025e-01 7.161321e-01
 -6.295915e-01 -4.669679e-01 1.030072e+00
 -7.921920e-01 -2.817669e-01 1.391008e+00
 -1.028670e+00 4.483508e-02 1.599236e+00
 -1.221587e+00 4.911786e-01 1.624483e+00
 -1.277271e+00 9.654360e-01 1.447103e+00
 -1.145506e+00 1.331297e+00 1.150300e+00
 -8.504570e-01 1.518498e+00 8.754677e-01
 -5.191688e-01 1.589846e+00 7.812103e-01
 -1.794660e-01 1.751149e+00 8.089967e-01
 6.827204e-02 2.082952e+00 7.771731e-01
 2.027133e-01 2.517060e+00 5.615533e-01
 1.644665e-01 2.862591e+00 1.785439e-01
 -5.293334e-03 2.998364e+00 -2.983758e-01
 -2.722609e-01 2.890858e+00 -7.317304e-01
 -5.632189e-01 2.555351e+00 -1.026679e+00
 -7.712477e-01 2.068919e+00 -1.106185e+00
 -8.466669e-01 1.564256e+00 -9.428137e-01
 -7.458027e-01 1.171105e+00 -5.901517e-01
 -4.752888e-01 9.939365e-01 -1.850007e-01
 -1.002090e-01 1.010918e+00 7.710637e-02
 2.909030e-01 1.113876e+00 1.841051e-01
 7.067802e-01 1.241533e+00 8.921576e-02
 1.075969e+00 1.273235e+00 -1.989861e-01
 1.323338e+00 1.148439e+00 -5.986251e-01
 1.391915e+00 8.799364e-01 -9.911747e-01
 1.289311e+00 5.062153e-01 -1.276184e+00
 1.042507e+00 1.103661e-01 -1.390576e+00
 7.115479e-01 -2.386273e-01 -1.299816e+00
 4.337715e-01 -4.429495e-01 -1.036748e+00
 3.315989e-01 -5.642657e-01 -7.172556e-01
 3.266567e-01 -8.656416e-01 -2.018707e-01
 2.139397e-01 -1.048628e+00 4.413564e-01
 1.126769e-01 -1.232606e+00 7.170842e-01
 -1.542874e-01 -1.427465e+00 9.406356e-01
 -5.730366e-01 -1.509589e+00 1.102216e+00
 -1.021375e+00 -1.416724e+00 1.159746e+00
 -1.392907e+00 -1.158897e+00 1.123536e+00
 -1.620872e+00 -7.917034e-01 1.000344e+00
 -1.661299e+00 -3.890945e-01 8.268712e-01
 -1.493318e+00 3.246136e-02 6.739155e-01
 -1.168486e+00 3.208298e-01 5.975336e-01
 -7.720679e-01 4.834094e-01 6.673474e-01
 -4.533149e-01 5.732826e-01 9.148194e-01
 -2.906714e-01 6.926001e-01 1.214046e+00
 -2.424512e-01 9.391384e-01 1.519267e+00
 -2.916053e-01 1.285853e+00 1.735458e+00
 -4.069431e-01 1.638838e+00 1.811249e+00
 -5.554617e-01 1.990704e+00 1.740588e+00
 -6.804745e-01 2.293350e+00 1.529893e+00
 -7.839087e-01 2.490943e+00 1.214824e+00
 -8.447067e-01 2.562443e+00 8.314319e-01
 -8.313265e-01 2.503547e+00 4.481714e-01
 -7.344911e-01 2.348430e+00 1.376071e-01
 -5.890706e-01 2.177349e+00 -4.292464e-02
 -3.884668e-01 2.039237e+00 -1.432794e-01
 -2.193991e-01 1.988950e+00 -2.232148e-01
 -6.199533e-02 1.937468e+00 -3.587663e-01
 1.004323e-01 1.787382e+00 -5.717194e-01
 2.061641e-01 1.544963e+00 -7.578207e-01
 2.813775e-01 1.236964e+00 -8.560856e-01
 3.359703e-01 9.542333e-01 -8.476671e-01
 4.009163e-01 7.044478e-01 -7.599027e-01
 4.996788e-01 5.105395e-01 -6.124269e-01
 6.070109e-01 4.085638e-01 -5.018834e-01
 8.495465e-01 2.422694e-01 -3.647107e-01
 1.156374e+00 -4.842278e-02 -3.669651e-01
 1.339879e+00 -4.703419e-01 -5.024340e-01
 1.318738e+00 -8.932048e-01 -7.105958e-01
 1.088738e+00 -1.249202e+00 -9.186574e-01
 7.837677e-01 -1.413837e+00 -1.049944e+00
 4.466672e-01 -1.561195e+00 -1.028401e+00
 2.422766e-01 -1.776157e+00 -1.030917e+00
 1.105498e-01 -2.133278e+00 -1.010839e+00
 8.992206e-02 -2.498135e+00 -8.660767e-01
 1.498791e-01 -2.776285e+00 -6.147109e-01
 2.708245e-01 -2.940490e+00 -2.871677e-01
 4.311780e-01 -2.960731e+00 9.384155e-02
 5.828923e-01 -2.843445e+00 4.211681e-01
 7.388975e-01 -2.610611e+00 6.714448e-01
 8.755811e-01 -2.293072e+00 8.152153e-01
 1.127701e+00 -1.239556e+00 8.862610e-01
 1.107001e+00 -8.166806e-01 8.646913e-01
 9.856503e-01 -4.961388e-01 8.009637e-01
 7.637052e-01 -2.284730e-01 6.897698e-01
 4.682743e-01 -4.487260e-02 5.354299e-01
 1.631859e-01 2.358242e-02 3.490817e-01
 -2.821706e-01 1.519880e-03 -8.533509e-02
 -5.053878e-01 -1.112241e-01 -3.582116e-01
 -6.363835e-01 -2.742956e-01 -6.397955e-01
 -6.573425e-01 -4.587346e-01 -9.130426e-01
 -5.585411e-01 -6.872654e-01 -1.210356e+00
 -1.278030e-03 -1.299770e+00 -1.912683e+00
 2.467809e-01 -1.553390e+00 -2.035967e+00
 5.104708e-01 -1.823566e+00 -2.021771e+00
 7.515381e-01 -2.073852e+00 -1.870134e+00
 9.705071e-01 -2.288065e+00 -1.563124e+00
 1.090763e+00 -2.378697e+00 -1.195666e+00
 1.104523e+00 -2.354865e+00 -8.021900e-01
 9.944124e-01 -2.218707e+00 -4.387899e-01
 7.560471e-01 -2.028215e+00 -1.814933e-01
 4.895267e-01 -1.939911e+00 -6.250524e-02
 1.524358e-01 -1.965561e+00 1.939817e-03
 -2.018889e-01 -1.877050e+00 -4.301322e-02
