 8.434919e-01 -8.498986e-01 2.339441e-01
 4.218506e-01 -6.421125e-01 3.595069e-03
 1.875664e-01 -4.917312e-01 -5.563529e-02
 7.853957e-03 -3.607709e-01 -5.624177e-02
 -1.957593e-01 -2.842772e-01 -3.800716e-02
 -9.619141e-01 -2.137180e-01 6.078043e-02
 -1.444957e+00 -4.046925e-01 2.929859e-01
 -1.758190e+00 -8.655015e-01 5.025021e-01
 -1.797425e+00 -1.457071e+00 5.827342e-01
 -1.253035e+00 -2.704954e+00 3.610220e-01
 -9.288517e-01 -2.999067e+00 3.002855e-01
 -5.085878e-01 -3.142448e+00 2.860075e-01
 -6.775013e-02 -3.102463e+00 3.110730e-01
 3.175806e-01 -2.879981e+00 3.521189e-01
 5.680036e-01 -2.512579e+00 4.152157e-01
 6.243930e-01 -2.123585e+00 5.142679e-01
 5.251149e-01 -1.809857e+00 6.618364e-01
 3.989695e-01 -1.602952e+00 8.899153e-01
 2.486101e-01 -1.421387e+00 1.474823e+00
 2.913897e-02 -1.165002e+00 1.779181e+00
 -2.145242e-01 -7.878995e-01 1.914269e+00
 -4.243613e-01 -3.706974e-01 1.839107e+00
 -5.518667e-01 -3.610600e-03 1.568608e+00
 -5.762457e-01 6.666724e-01 4.521209e-01
 -5.298564e-01 7.438220e-01 2.003123e-01
 -4.556659e-01 7.468194e-01 -4.028584e-02
 -3.343202e-01 7.114133e-01 -2.328194e-01
 -1.017378e-01 5.749637e-01 -6.247279e-01
 -1.326937e-03 5.726674e-01 -1.026552e+00
 -6.292003e-02 7.438220e-01 -1.488072e+00
 -1.956232e-01 1.122304e+00 -1.813117e+00
 -3.199877e-01 1.612742e+00 -1.903926e+00
 -4.094778e-01 2.092359e+00 -1.738304e+00
 -4.302727e-01 2.440056e+00 -1.364597e+00
 -3.222193e-01 2.592055e+00 -9.046558e-01
 -1.350263e-01 2.537594e+00 -5.405478e-01
 1.013809e-01 2.461327e+00 -3.737335e-01
 3.267588e-01 2.476331e+00 -2.387477e-01
 5.349054e-01 2.503617e+00 7.068348e-02
 6.672321e-01 2.344725e+00 4.917222e-01
 6.895237e-01 2.000115e+00 8.434080e-01
 6.141224e-01 1.579135e+00 1.005282e+00
 5.021522e-01 1.111213e+00 9.553541e-01
 4.115018e-01 7.838042e-01 7.326772e-01
 4.377662e-01 5.420982e-01 3.853205e-01
 7.742058e-01 3.258159e-01 -1.885749e-01
 8.209256e-01 1.843367e-01 -4.635837e-01
 7.869300e-01 2.946649e-02 -6.843217e-01
 2.813674e-01 -8.283421e-01 -1.570151e+00
 1.842690e-02 -1.101755e+00 -1.719112e+00
 -3.046316e-01 -1.350062e+00 -1.719576e+00
 -6.324209e-01 -1.540485e+00 -1.568216e+00
 -9.115713e-01 -1.644680e+00 -1.285680e+00
 -1.095991e+00 -1.644168e+00 -9.157118e-01
 -1.153377e+00 -1.536003e+00 -5.165616e-01
 -1.080065e+00 -1.372387e+00 -2.114086e-01
 -6.005061e-01 -1.115473e+00 5.544811e-01
 -3.596748e-01 -8.780158e-01 7.927633e-01
 -1.836372e-01 -6.952309e-01 8.786566e-01
 3.497678e-01 -3.847786e-01 1.021286e+00
 1.004378e+00 -5.684771e-02 9.986879e-01
 1.285464e+00 2.183673e-01 8.841413e-01
 1.432202e+00 5.724708e-01 7.066906e-01
 1.406446e+00 9.545902e-01 4.762424e-01
 1.222973e+00 1.240270e+00 2.191791e-01
 9.188117e-01 1.403361e+00 2.479739e-02
 5.070981e-01 1.470069e+00 -4.533512e-02
 1.779478e-01 1.522821e+00 6.840876e-02
 -1.139863e-01 1.677848e+00 2.564541e-01
 -3.288218e-01 2.041011e+00 4.630212e-01
 -4.039211e-01 2.513326e+00 5.196939e-01
 -3.280846e-01 2.971977e+00 4.115997e-01
 -1.326620e-01 3.325696e+00 1.452166e-01
 1.283107e-01 3.490350e+00 -2.241193e-01
 3.810016e-01 3.432523e+00 -6.251701e-01
 5.754108e-01 3.164406e+00 -9.718795e-01
 6.665461e-01 2.737893e+00 -1.192703e+00
 6.092638e-01 2.256832e+00 -1.244767e+00
 4.067573e-01 1.847993e+00 -1.137796e+00
 1.318817e-01 1.634768e+00 -9.641161e-01
 -1.918405e-01 1.567213e+00 -8.618886e-01
 -4.905272e-01 1.497321e+00 -8.857099e-01
 -7.279405e-01 1.346120e+00 -9.556935e-01
 -9.288539e-01 1.065988e+00 -1.016558e+00
 -1.036515e+00 6.848777e-01 -1.049607e+00
 -1.009632e+00 3.260237e-01 -1.056196e+00
 -5.889569e-01 -6.369005e-01 -9.436532e-01
 -3.484056e-01 -9.605999e-01 -7.758424e-01
 -2.310593e-01 -1.115965e+00 -7.178862e-01
 -1.193484e-01 -1.411423e+00 -5.735232e-01
 -9.771220e-02 -1.669905e+00 -4.057298e-01
 -1.508837e-01 -1.896105e+00 -2.003873e-01
 -2.625647e-01 -2.058018e+00 1.573875e-02
 -3.553934e-01 -2.120729e+00 1.957785e-01
 -4.202341e-01 -2.137175e+00 5.317856e-01
 -3.844818e-01 -2.269058e+00 8.236519e-01
 -1.832558e-01 -2.415726e+00 1.126650e+00
 1.414985e-01 -2.502416e+00 1.353531e+00
 5.116276e-01 -2.472502e+00 1.473102e+00
 8.780507e-01 -2.311186e+00 1.498660e+00
 1.206354e+00 -2.014556e+00 1.405153e+00
 1.384391e+00 -1.684146e+00 1.217232e+00
 1.407429e+00 -1.355084e+00 9.469826e-01
 1.265472e+00 -1.087412e+00 6.406920e-01
