 1.755820e+00 1.785890e+00 -5.031157e-01
 1.596380e+00 1.475101e+00 -4.543958e-01
 1.530657e+00 1.057530e+00 -4.979063e-01
 1.522973e+00 6.110070e-01 -4.270598e-01
 1.489785e+00 2.214277e-01 -3.622838e-01
 1.374158e+00 -1.770992e-01 -2.989434e-01
 1.185675e+00 -5.229375e-01 -2.347328e-01
 9.384099e-01 -8.404178e-01 -1.563167e-01
 6.408696e-01 -1.149777e+00 -5.399997e-02
 3.461928e-01 -1.320976e+00 6.815365e-02
 -4.292108e-02 -1.433313e+00 2.471132e-01
 -4.373478e-01 -1.449975e+00 4.819690e-01
 -6.668645e-01 -1.512239e+00 7.725679e-01
 -8.279544e-01 -1.708373e+00 1.071886e+00
 -9.960506e-01 -2.058391e+00 1.252938e+00
 -1.138555e+00 -2.438183e+00 1.262207e+00
 -1.286217e+00 -2.778149e+00 1.117074e+00
 -1.416334e+00 -3.028650e+00 8.517426e-01
 -1.512818e+00 -3.162640e+00 5.065103e-01
 -1.562317e+00 -3.165506e+00 1.276359e-01
 -1.554954e+00 -3.037151e+00 -2.341928e-01
 -1.497711e+00 -2.786591e+00 -5.305120e-01
 -1.388452e+00 -2.435371e+00 -7.157816e-01
 -1.261489e+00 -2.020826e+00 -7.350969e-01
 -1.195984e+00 -1.606898e+00 -5.614993e-01
 -1.312215e+00 -1.303987e+00 -2.806395e-01
 -1.570367e+00 -1.026086e+00 -1.283137e-01
 -1.794638e+00 -6.824258e-01 -1.587337e-01
 -1.888279e+00 -3.175345e-01 -2.897165e-01
 -1.833682e+00 1.427875e-02 -4.403164e-01
 -1.663887e+00 3.644949e-01 -6.288372e-01
 -1.493048e+00 6.984498e-01 -7.999917e-01
 -1.300522e+00 1.062526e+00 -9.834723e-01
 -1.046868e+00 1.301147e+00 -1.105858e+00
 -6.717408e-01 1.440478e+00 -1.182314e+00
 -2.383020e-01 1.440283e+00 -1.191774e+00
 1.054636e-01 1.311747e+00 -1.139242e+00
 3.784704e-01 1.022373e+00 -1.066612e+00
 5.371642e-01 6.844660e-01 -8.878628e-01
 5.331121e-01 3.757187e-01 -6.351619e-01
 4.081699e-01 1.357844e-01 -3.333348e-01
 2.502175e-01 -1.158765e-01 -2.445154e-02
 1.092051e-01 -3.535750e-01 2.806733e-01
 -4.519374e-02 -4.913289e-01 6.194622e-01
 -4.128437e-01 -5.478428e-01 9.597069e-01
 -5.768610e-01 -6.218179e-01 1.249767e+00
 -6.029927e-01 -7.094527e-01 1.657346e+00
 -4.849803e-01 -6.855837e-01 2.067478e+00
 -2.589867e-01 -5.604564e-01 2.392444e+00
 3.486708e-02 -3.439027e-01 2.591370e+00
 3.476793e-01 -7.842235e-02 2.630843e+00
 6.300092e-01 1.910439e-01 2.507537e+00
 8.364811e-01 4.214975e-01 2.245600e+00
 9.378694e-01 5.820722e-01 1.884820e+00
 9.136993e-01 6.446446e-01 1.488897e+00
 7.414409e-01 6.313211e-01 1.095865e+00
 3.926372e-01 5.527127e-01 8.121000e-01
 3.149441e-02 5.536565e-01 7.318433e-01
 -3.269790e-01 5.090112e-01 6.627002e-01
 -6.683284e-01 3.288690e-01 4.531011e-01
 -8.262542e-01 4.827629e-02 1.594865e-01
 -8.543823e-01 -1.957976e-01 -1.344113e-01
 -8.863965e-01 -3.851621e-01 -5.570639e-01
 -1.067784e+00 -5.120117e-01 -8.955620e-01
 -1.375741e+00 -6.912737e-01 -1.109757e+00
 -1.717886e+00 -9.287535e-01 -1.158394e+00
 -1.998027e+00 -1.173838e+00 -1.057659e+00
 -2.174923e+00 -1.442630e+00 -8.536445e-01
 -2.234207e+00 -1.676919e+00 -5.790954e-01
 -2.172172e+00 -1.870443e+00 -2.744096e-01
 -1.988614e+00 -2.016114e+00 1.147386e-02
 -1.667709e+00 -2.124657e+00 2.397772e-01
 -1.322842e+00 -2.170584e+00 2.839249e-01
 -9.562868e-01 -2.326419e+00 2.327513e-01
 -6.092995e-01 -2.478449e+00 3.847341e-01
 -2.548435e-01 -2.455146e+00 6.296323e-01
 4.586222e-03 -2.296412e+00 8.877674e-01
 1.681453e-01 -2.025603e+00 1.088730e+00
 2.623055e-01 -1.634378e+00 1.246036e+00
 3.377678e-01 -1.249360e+00 1.378447e+00
 4.110778e-01 -8.512249e-01 1.510907e+00
 4.024137e-01 -4.450743e-01 1.596469e+00
 2.586948e-01 -1.389423e-01 1.596619e+00
 -4.430378e-03 1.591721e-01 1.679477e+00
 -8.013199e-02 5.551164e-01 1.762311e+00
 -6.373328e-02 9.903911e-01 1.654736e+00
 2.649301e-02 1.305173e+00 1.434114e+00
 1.534384e-01 1.587714e+00 1.122661e+00
 2.641324e-01 1.849948e+00 8.239185e-01
 3.780117e-01 2.094006e+00 4.950068e-01
 4.979573e-01 2.201861e+00 1.639675e-01
 6.239336e-01 2.179191e+00 -2.015873e-01
 7.466944e-01 2.088090e+00 -5.941726e-01
 8.781539e-01 1.969575e+00 -9.982883e-01
 1.013790e+00 1.794712e+00 -1.230495e+00
 1.242957e+00 1.521508e+00 -1.413588e+00
 1.664414e+00 1.389749e+00 -1.496081e+00
 2.077627e+00 1.282540e+00 -1.355401e+00
 2.372169e+00 1.211231e+00 -1.096439e+00
 2.544898e+00 1.162437e+00 -7.359881e-01
 2.569352e+00 1.159096e+00 -3.330511e-01
 2.439764e+00 1.173662e+00 4.697802e-02
 2.170986e+00 1.194926e+00 3.474768e-01
 1.804661e+00 1.222169e+00 5.189454e-01
 1.381959e+00 1.253994e+00 5.333826e-01
 1.044423e+00 1.279500e+00 3.909212e-01
 6.828960e-01 1.198861e+00 9.766746e-02
 2.985992e-01 1.181163e+00 -2.575007e-02
 -6.636689e-02 1.083612e+00 -1.328405e-01
 -3.446668e-01 8.810620e-01 -3.227482e-01
 -4.606868e-01 6.189347e-01 -6.006952e-01
 -4.703071e-01 4.348294e-01 -9.501433e-01
 -4.101204e-01 4.435416e-01 -1.421691e+00
 -2.430638e-01 5.923507e-01 -1.794958e+00
 -2.377241e-02 8.401840e-01 -2.037804e+00
 2.356068e-01 1.165153e+00 -2.145577e+00
 4.910375e-01 1.496489e+00 -2.197892e+00
 7.612817e-01 1.842122e+00 -2.254227e+00
 1.019378e+00 2.108427e+00 -2.231115e+00
 1.319047e+00 2.320554e+00 -2.073404e+00
 1.590333e+00 2.430368e+00 -1.802415e+00
 1.789160e+00 2.427656e+00 -1.456715e+00
 1.878307e+00 2.318749e+00 -1.099423e+00
 1.875977e+00 2.085326e+00 -7.447129e-01
