 -2.079424e+00 7.362049e-01 7.547976e-01
 -2.186086e+00 6.872246e-01 4.324322e-01
 -2.205509e+00 6.011896e-01 1.680126e-01
 -2.145794e+00 2.504783e-01 -6.825311e-01
 -2.063474e+00 1.829352e-01 -9.601848e-01
 -1.859389e+00 1.724366e-01 -1.294429e+00
 -1.550443e+00 2.391238e-01 -1.545341e+00
 -1.194764e+00 3.908465e-01 -1.652987e+00
 -9.478819e-01 5.936858e-01 -1.624195e+00
 -8.040639e-01 9.049751e-01 -1.604213e+00
 -6.982867e-01 1.100502e+00 -1.489248e+00
 -4.836250e-01 1.288490e+00 -1.286475e+00
 -1.984360e-01 1.376567e+00 -1.083137e+00
 1.265437e-01 1.348813e+00 -9.161959e-01
 4.388151e-01 1.221692e+00 -8.303563e-01
 7.289061e-01 9.520877e-01 -7.698954e-01
 8.972186e-01 5.800407e-01 -7.818966e-01
 9.177020e-01 1.474003e-01 -9.098457e-01
 8.751882e-01 -9.598867e-02 -1.135773e+00
 8.273869e-01 -2.584217e-01 -1.471786e+00
 5.684690e-01 -3.499952e-01 -1.839267e+00
 2.742244e-01 -2.883979e-01 -2.117355e+00
 -1.402962e-02 -1.082850e-01 -2.295516e+00
 -5.704162e-01 3.657332e-01 -2.548542e+00
 -8.576717e-01 6.079927e-01 -2.633445e+00
 -1.126019e+00 8.228212e-01 -2.600271e+00
 -1.393034e+00 1.018906e+00 -2.446736e+00
 -1.615537e+00 1.160385e+00 -2.180887e+00
 -1.747070e+00 1.239294e+00 -1.824254e+00
 -1.753570e+00 1.242325e+00 -1.427902e+00
 -1.633714e+00 1.141457e+00 -1.046590e+00
 -1.423813e+00 9.692227e-01 -7.918825e-01
 -1.221499e+00 6.952002e-01 -6.506754e-01
 -1.114228e+00 4.047525e-01 -6.359215e-01
 -1.082219e+00 1.449405e-01 -6.125391e-01
 -9.193638e-01 -3.666387e-01 -4.891890e-01
 -6.644456e-01 -1.055596e+00 -3.075988e-01
 -4.838628e-01 -1.301694e+00 -2.530759e-01
 -1.976224e-01 -1.501921e+00 -2.051638e-01
 1.586282e-01 -1.590326e+00 -1.567191e-01
 4.897344e-01 -1.556178e+00 -1.597996e-01
 7.663559e-01 -1.428275e+00 -1.839957e-01
 9.939336e-01 -1.219798e+00 -2.294272e-01
 1.189006e+00 -9.172789e-01 -3.601846e-01
 1.312892e+00 -7.843620e-01 -4.603165e-01
 1.723532e+00 -5.246395e-01 -7.529381e-01
 1.883724e+00 -2.513966e-01 -1.040248e+00
 1.872944e+00 4.585507e-02 -1.322477e+00
 1.717034e+00 3.164449e-01 -1.550675e+00
 1.458057e+00 5.323954e-01 -1.702054e+00
 1.158940e+00 6.616865e-01 -1.780812e+00
 8.509649e-01 7.078843e-01 -1.796415e+00
 4.905143e-01 6.813110e-01 -1.731470e+00
 2.294650e-01 5.926970e-01 -1.600754e+00
 3.686713e-02 4.133259e-01 -1.363495e+00
 -9.651167e-02 3.493905e-01 -1.030691e+00
 -1.016488e-01 3.626399e-01 -5.966038e-01
 -1.095989e-01 3.752613e-01 -4.415872e-01
 -1.209371e-01 3.587538e-01 3.039451e-01
 -1.098865e-01 4.193278e-01 5.522337e-01
 -9.424792e-02 6.111367e-01 8.093743e-01
 -6.817329e-02 1.025662e+00 1.150853e+00
 4.538767e-02 1.225513e+00 1.534209e+00
 2.012270e-01 1.240464e+00 1.940460e+00
 3.674849e-01 1.084568e+00 2.292537e+00
 5.163368e-01 8.020774e-01 2.538280e+00
 6.280006e-01 4.491157e-01 2.652354e+00
 6.916075e-01 8.193924e-02 2.633022e+00
 7.039659e-01 -2.517156e-01 2.495710e+00
 6.542921e-01 -5.189359e-01 2.273602e+00
 5.601936e-01 -6.888900e-01 1.999955e+00
 4.479443e-01 -7.541625e-01 1.678284e+00
 3.391867e-01 -7.103797e-01 1.401021e+00
 2.573823e-01 -5.091230e-01 9.705927e-01
 1.913217e-01 -5.248307e-01 7.021235e-01
 1.941835e-01 -5.921083e-01 4.026248e-01
 2.274512e-01 -5.670818e-01 -4.035494e-01
 2.193887e-01 -6.992071e-01 -6.752187e-01
 2.934635e-01 -9.439335e-01 -9.542042e-01
 5.189167e-01 -1.184793e+00 -1.145278e+00
 8.964562e-01 -1.404270e+00 -1.240296e+00
 1.265880e+00 -1.561475e+00 -1.169986e+00
 1.591565e+00 -1.638564e+00 -9.741192e-01
 1.835735e+00 -1.632150e+00 -7.010307e-01
 1.997435e+00 -1.538459e+00 -3.845005e-01
 2.091577e+00 -1.305303e+00 -2.875169e-03
 2.163187e+00 -9.969020e-01 4.195436e-01
 2.190112e+00 -7.468741e-01 7.559832e-01
 2.126128e+00 -5.678146e-01 9.830278e-01
 1.982686e+00 -3.931768e-01 1.184646e+00
 1.776058e+00 -2.374007e-01 1.334481e+00
 1.537267e+00 -1.118840e-01 1.417212e+00
 6.982049e-01 2.363729e-01 1.585797e+00
 4.207525e-01 2.712487e-01 1.663718e+00
 2.071397e-01 2.320551e-01 1.745205e+00
 4.324965e-02 1.778884e-01 1.849615e+00
 -3.610065e-01 -8.221823e-02 2.149303e+00
 -7.707458e-01 -2.760323e-01 2.207097e+00
 -1.190738e+00 -4.011942e-01 2.073115e+00
 -1.542571e+00 -4.334844e-01 1.767809e+00
 -1.721235e+00 -4.091260e-01 1.391863e+00
 -1.736236e+00 -3.312789e-01 1.009008e+00
 -1.610885e+00 -1.722663e-01 6.522358e-01
 -1.437571e+00 1.227851e-03 4.488528e-01
 -1.300978e+00 1.820361e-01 3.699994e-01
 -1.031525e+00 8.051850e-01 3.504984e-01
 -8.553694e-01 1.070536e+00 2.647103e-01
 -5.165778e-01 1.299262e+00 1.786624e-01
 -1.609165e-01 1.376317e+00 1.289786e-01
 1.651602e-01 1.334828e+00 1.353727e-01
 4.768737e-01 1.186157e+00 1.900432e-01
 7.322267e-01 9.153879e-01 2.449226e-01
 9.187281e-01 4.943634e-01 3.317994e-01
 1.078733e+00 1.605911e-02 4.330271e-01
 1.196841e+00 -4.565264e-01 5.328406e-01
 1.186770e+00 -7.243198e-01 6.412854e-01
 1.125093e+00 -1.001454e+00 7.426999e-01
 9.216289e-01 -1.321056e+00 8.026572e-01
 6.084012e-01 -1.519303e+00 8.375143e-01
 2.549631e-01 -1.570819e+00 8.454083e-01
 -1.034073e-01 -1.494219e+00 8.851625e-01
 -4.036173e-01 -1.309950e+00 9.658656e-01
 -6.237562e-01 -1.030104e+00 1.057387e+00
 -7.330286e-01 -6.993539e-01 1.122219e+00
 -7.274868e-01 -1.125545e-01 1.172603e+00
 -8.758763e-01 1.952469e-01 1.290285e+00
 -1.045806e+00 3.622984e-01 1.364289e+00
 -1.328620e+00 5.475964e-01 1.359556e+00
 -1.626034e+00 6.661451e-01 1.250524e+00
 -1.893349e+00 7.285033e-01 1.033776e+00
