 6.490511e-01 -2.517941e-01 -2.041011e-01
 7.350743e-01 -4.445952e-01 -3.247828e-01
 8.136230e-01 -7.700502e-01 -5.751761e-01
 9.100696e-01 -1.145470e+00 -8.968737e-01
 1.027749e+00 -1.358215e+00 -1.266673e+00
 1.112719e+00 -1.406846e+00 -1.662217e+00
 1.145673e+00 -1.300683e+00 -2.055870e+00
 1.117742e+00 -1.068569e+00 -2.374382e+00
 1.037306e+00 -7.661026e-01 -2.576699e+00
 9.220806e-01 -4.501831e-01 -2.655135e+00
 7.943219e-01 -1.692912e-01 -2.628123e+00
 6.765426e-01 4.470239e-02 -2.535073e+00
 4.986735e-01 3.161341e-01 -2.319888e+00
 2.071613e-01 7.532816e-01 -1.943170e+00
 5.820512e-02 1.053467e+00 -1.605190e+00
 6.940783e-02 1.198709e+00 -1.295876e+00
 1.416377e-01 1.285165e+00 -1.138341e+00
 2.023442e-01 1.412968e+00 -9.841164e-01
 1.903949e-01 1.574865e+00 -7.296726e-01
 1.957683e-02 1.825777e+00 -1.761346e-01
 -1.852974e-01 2.066781e+00 3.958526e-01
 -3.126856e-01 2.108548e+00 6.595954e-01
 -5.060469e-01 2.052379e+00 9.548540e-01
 -7.422295e-01 1.857902e+00 1.212350e+00
 -9.616748e-01 1.534897e+00 1.363849e+00
 -1.142308e+00 1.141144e+00 1.354255e+00
 -1.229054e+00 8.558838e-01 1.210778e+00
 -1.386136e+00 6.593084e-01 9.766701e-01
 -1.542629e+00 4.499756e-01 8.650264e-01
 -1.622893e+00 7.250746e-02 7.663094e-01
 -1.553303e+00 -3.162287e-01 7.084910e-01
 -1.361283e+00 -6.100450e-01 6.657250e-01
 -1.080569e+00 -8.115596e-01 6.028215e-01
 -7.583625e-01 -9.026560e-01 5.170643e-01
 -2.071564e-01 -8.802174e-01 3.895214e-01
 1.416441e-01 -1.025320e+00 2.493048e-01
 3.905459e-01 -1.318051e+00 1.564718e-01
 5.609039e-01 -1.604248e+00 1.882755e-01
 6.635806e-01 -1.899200e+00 3.158312e-01
 7.225652e-01 -2.158945e+00 5.519572e-01
 7.302721e-01 -2.333550e+00 8.617752e-01
 6.960290e-01 -2.397574e+00 1.209861e+00
 6.196954e-01 -2.343706e+00 1.554337e+00
 5.117834e-01 -2.173355e+00 1.855939e+00
 3.797761e-01 -1.899701e+00 2.075176e+00
 2.443601e-01 -1.545083e+00 2.174641e+00
 1.372468e-01 -1.149185e+00 2.122952e+00
 7.819853e-02 -7.832639e-01 1.904973e+00
 1.160001e-01 -5.178789e-01 1.558492e+00
 2.505237e-01 -4.243231e-01 1.235980e+00
 3.634743e-01 -4.033622e-01 1.063778e+00
 6.096298e-01 -3.732750e-01 8.790835e-01
 1.099217e+00 -3.279874e-01 7.034582e-01
 1.372017e+00 -2.815659e-01 5.047565e-01
 1.570745e+00 -2.313390e-01 2.253473e-01
 1.685970e+00 -1.899315e-01 -9.706579e-02
 1.706706e+00 -1.729620e-01 -3.886223e-01
 1.640083e+00 -1.816414e-01 -7.583673e-01
 1.476712e+00 -2.372903e-01 -1.131514e+00
 1.284306e+00 -3.174027e-01 -1.387411e+00
 1.041600e+00 -3.699525e-01 -1.551180e+00
 9.139730e-01 -3.958905e-01 -1.602325e+00
 4.611938e-01 -5.516186e-01 -1.734831e+00
 4.201330e-02 -5.354444e-01 -1.890366e+00
 -4.164603e-01 -4.333299e-01 -1.855670e+00
 -7.889061e-01 -3.009200e-01 -1.635363e+00
 -1.017503e+00 -1.761618e-01 -1.292839e+00
 -1.086584e+00 -8.631520e-02 -8.995921e-01
 -9.737788e-01 -2.852246e-02 -3.434734e-01
 -8.704902e-01 5.375225e-03 -3.548957e-02
 -6.571804e-01 1.178642e-01 4.197962e-01
 -5.954039e-01 8.204950e-02 7.207988e-01
 -6.104088e-01 1.224452e-02 9.735619e-01
 -7.418415e-01 -7.222765e-02 1.301290e+00
 -1.044741e+00 -8.450311e-02 1.610729e+00
 -1.401026e+00 2.046317e-02 1.792187e+00
 -1.740027e+00 2.170290e-01 1.841292e+00
 -2.008738e+00 4.851215e-01 1.779291e+00
 -2.177000e+00 7.829336e-01 1.621898e+00
 -2.227754e+00 1.075431e+00 1.391949e+00
 -2.153572e+00 1.326057e+00 1.114764e+00
 -1.956924e+00 1.497776e+00 8.228471e-01
 -1.657455e+00 1.556025e+00 5.583686e-01
 -1.276611e+00 1.491134e+00 3.775087e-01
 -8.933096e-01 1.312124e+00 3.449167e-01
 -6.451850e-01 1.168600e+00 4.531391e-01
 -3.681016e-01 1.065583e+00 6.442792e-01
 -2.046569e-01 1.004389e+00 7.716146e-01
 1.906729e-01 7.720989e-01 1.094546e+00
 5.037295e-01 5.853319e-01 1.348731e+00
 8.036469e-01 3.550558e-01 1.587083e+00
 9.871020e-01 8.939668e-02 1.712940e+00
 1.104302e+00 -2.610263e-01 1.774696e+00
 1.129109e+00 -6.151188e-01 1.737593e+00
 1.058201e+00 -9.587466e-01 1.593026e+00
 8.562923e-01 -1.242759e+00 1.390749e+00
 5.857851e-01 -1.381760e+00 1.212570e+00
 3.671158e-01 -1.430686e+00 1.166991e+00
 1.193143e-01 -1.549281e+00 1.137662e+00
 -1.788670e-01 -1.780959e+00 9.050724e-01
 -3.864393e-01 -1.909810e+00 4.935530e-01
 -4.926467e-01 -1.845311e+00 8.282342e-02
 -5.251133e-01 -1.605577e+00 -2.864549e-01
 -4.676039e-01 -1.335586e+00 -5.145101e-01
 -3.230290e-01 -9.354079e-01 -6.838223e-01
 -1.392839e-01 -4.676625e-01 -8.395539e-01
 -1.013097e-02 -6.901560e-02 -9.644623e-01
 2.144075e-01 1.667285e-01 -1.058483e+00
 6.286380e-01 3.935703e-01 -1.034725e+00
 8.837620e-01 5.902998e-01 -1.161327e+00
 1.043633e+00 8.604120e-01 -1.332662e+00
 1.079796e+00 1.163505e+00 -1.505663e+00
 9.960915e-01 1.472368e+00 -1.655737e+00
 7.991537e-01 1.761203e+00 -1.751226e+00
 5.132886e-01 1.986632e+00 -1.776849e+00
 1.756269e-01 2.121566e+00 -1.722489e+00
 -1.725202e-01 2.146279e+00 -1.591566e+00
 -4.847164e-01 2.052984e+00 -1.393545e+00
 -7.143169e-01 1.844714e+00 -1.154098e+00
 -8.201597e-01 1.544981e+00 -9.123328e-01
 -7.694114e-01 1.199651e+00 -6.815091e-01
 -5.661153e-01 8.989247e-01 -5.186287e-01
 -3.433092e-01 7.713471e-01 -4.219101e-01
 -2.750958e-02 6.444063e-01 -1.988987e-01
 1.964782e-01 3.922547e-01 -5.176788e-02
 4.501942e-01 6.793826e-02 -4.999985e-02
