 5.381877e-01 1.840181e+00 1.094999e-01
 3.709785e-01 2.308860e+00 2.086133e-01
 1.281610e-03 2.633362e+00 3.917814e-01
 -4.776737e-01 2.717754e+00 5.734536e-01
 -9.460321e-01 2.541717e+00 7.079596e-01
 -1.259773e+00 2.149192e+00 8.354659e-01
 -1.342473e+00 1.641858e+00 9.250020e-01
 -1.178807e+00 1.143930e+00 9.201190e-01
 -4.260200e-01 3.958212e-01 6.859273e-01
 -2.122653e-02 -9.663307e-02 8.298386e-01
 1.601444e-01 -3.416445e-01 7.699848e-01
 3.064852e-01 -6.077568e-01 6.224514e-01
 3.614808e-01 -9.264993e-01 4.352089e-01
 2.918860e-01 -1.322389e+00 2.142282e-01
 2.129946e-01 -1.498680e+00 1.182018e-01
 7.282459e-02 -1.647110e+00 1.285410e-02
 -2.114108e-01 -1.948764e+00 -1.295584e-01
 -3.636472e-01 -2.311252e+00 -3.875606e-01
 -3.707588e-01 -2.600767e+00 -7.051118e-01
 -2.985619e-01 -2.754803e+00 -1.033893e+00
 -1.737193e-01 -2.786384e+00 -1.379850e+00
 -1.459443e-02 -2.687569e+00 -1.709896e+00
 1.369583e-01 -2.474865e+00 -1.968068e+00
 2.581181e-01 -2.173369e+00 -2.134527e+00
 3.309451e-01 -1.822571e+00 -2.191303e+00
 3.442096e-01 -1.466983e+00 -2.134843e+00
 2.031029e-01 -3.670255e-01 -1.562727e+00
 2.250820e-01 -9.742777e-02 -1.281154e+00
 2.919362e-01 1.094214e-02 -1.024029e+00
 3.939156e-01 4.919560e-02 -8.101934e-01
 5.152041e-01 8.737020e-02 -6.763200e-01
 7.972618e-01 2.090558e-01 -5.089148e-01
 1.085471e+00 3.585613e-01 -4.346520e-01
 1.262123e+00 5.046679e-01 -3.453562e-01
 1.402574e+00 6.670157e-01 -2.080462e-01
 1.490372e+00 8.304568e-01 -3.826043e-02
 1.526071e+00 9.932546e-01 1.689432e-01
 1.510587e+00 1.118844e+00 3.828241e-01
 1.453018e+00 1.203612e+00 5.871980e-01
 1.346282e+00 1.270210e+00 7.789888e-01
 1.202387e+00 1.316125e+00 9.386525e-01
 1.035193e+00 1.331848e+00 1.061911e+00
 8.512167e-01 1.315975e+00 1.150745e+00
 6.566426e-01 1.266972e+00 1.205518e+00
 4.694087e-01 1.179901e+00 1.238612e+00
 3.425548e-01 1.071830e+00 1.270690e+00
 2.077331e-01 9.610884e-01 1.342563e+00
 -1.353670e-01 6.635360e-01 1.637415e+00
 -3.678437e-01 4.520037e-01 1.719567e+00
 -6.066238e-01 2.349304e-01 1.696664e+00
 -8.337510e-01 3.780083e-02 1.571276e+00
 -1.583364e+00 -5.413050e-01 7.445796e-01
 -1.682266e+00 -7.440041e-01 4.264258e-01
 -1.632404e+00 -9.448584e-01 9.472327e-02
 -1.440401e+00 -1.111943e+00 -2.029061e-01
 -1.132739e+00 -1.213343e+00 -4.289529e-01
 -7.810406e-01 -1.210633e+00 -5.575595e-01
 -2.453287e-01 -9.806385e-01 -6.760604e-01
 2.107121e-02 -9.298278e-01 -6.948130e-01
 4.749206e-01 -9.650911e-01 -7.528244e-01
 8.230274e-01 -8.742925e-01 -9.063024e-01
 1.091220e+00 -6.382737e-01 -1.103657e+00
 1.231968e+00 -3.018461e-01 -1.301904e+00
 1.233712e+00 6.154825e-02 -1.426708e+00
 1.108783e+00 4.353358e-01 -1.463324e+00
 8.943166e-01 7.541576e-01 -1.377750e+00
 6.154123e-01 9.751591e-01 -1.188735e+00
 2.978813e-01 1.060235e+00 -9.284479e-01
 -3.224860e-01 8.929378e-01 -3.432230e-01
 -5.575457e-01 8.514033e-01 -2.316025e-01
 -8.474669e-01 8.539600e-01 -2.016903e-01
 -1.161297e+00 7.722953e-01 -2.518389e-01
 -1.435354e+00 6.058716e-01 -3.867051e-01
 -1.644534e+00 3.202558e-01 -5.836067e-01
 -1.707798e+00 1.295922e-02 -8.022600e-01
 -1.629376e+00 -2.826026e-01 -1.026159e+00
 -1.003307e+00 -1.082124e+00 -1.557419e+00
 -6.384846e-01 -1.472138e+00 -1.570935e+00
 -3.225957e-01 -1.727196e+00 -1.390919e+00
 1.201404e-02 -1.797219e+00 -1.210963e+00
 2.963566e-01 -1.901277e+00 -1.084253e+00
 5.739591e-01 -2.112589e+00 -7.982714e-01
 7.008544e-01 -2.319468e+00 -4.627239e-01
 7.094488e-01 -2.443563e+00 -1.440574e-01
 6.307955e-01 -2.491967e+00 1.897111e-01
 4.730012e-01 -2.454355e+00 5.006785e-01
 2.544245e-01 -2.330174e+00 7.510064e-01
 9.821866e-04 -2.128761e+00 9.090307e-01
 -2.593187e-01 -1.862392e+00 9.529038e-01
 -4.674660e-01 -1.573919e+00 8.783692e-01
 -6.342697e-01 -1.174246e+00 6.435452e-01
 -6.748380e-01 -6.254638e-01 2.698329e-01
 -7.418164e-01 -3.867080e-01 7.986579e-02
 -7.644481e-01 -1.816909e-01 -2.475287e-01
 -6.784572e-01 -4.242810e-02 -7.151456e-01
 -7.106135e-01 2.200934e-01 -1.019072e+00
 -8.048912e-01 5.792414e-01 -1.200684e+00
 -8.739483e-01 9.637466e-01 -1.223824e+00
 -8.780407e-01 1.345216e+00 -1.096503e+00
 -8.018769e-01 1.657769e+00 -8.393302e-01
 -7.008619e-01 1.842779e+00 -4.703742e-01
 -5.903941e-01 1.859782e+00 -5.860381e-02
 -4.831021e-01 1.722753e+00 2.802240e-01
 -4.160509e-01 1.682265e+00 4.630557e-01
 -3.546777e-01 1.687911e+00 6.113757e-01
 -3.089217e-01 1.728439e+00 8.309475e-01
 -2.948036e-01 1.864269e+00 1.218162e+00
 -1.926222e-01 1.881464e+00 1.582282e+00
 -9.867241e-03 1.791260e+00 1.903203e+00
 2.304498e-01 1.605225e+00 2.135679e+00
 4.937878e-01 1.348349e+00 2.244531e+00
 7.331026e-01 1.049304e+00 2.215990e+00
 9.149759e-01 7.482918e-01 2.052471e+00
 1.022070e+00 4.974854e-01 1.769913e+00
 1.040302e+00 3.417864e-01 1.410052e+00
 9.711546e-01 3.073490e-01 1.028514e+00
 8.215663e-01 4.209051e-01 6.292100e-01
 5.992007e-01 6.109185e-01 4.108292e-01
 5.119710e-01 9.182378e-01 2.526349e-01
