 -6.567260e-01 -1.340795e+00 3.427627e-01
 -5.458916e-01 -1.452484e+00 6.855395e-01
 -4.427818e-01 -1.425010e+00 1.070894e+00
 -3.658748e-01 -1.271484e+00 1.388063e+00
 -3.151793e-01 -1.038265e+00 1.617933e+00
 -2.541348e-01 -6.340812e-01 1.903046e+00
 -1.920893e-01 -2.647088e-01 2.162640e+00
 -1.450086e-01 8.811279e-02 2.336219e+00
 -1.284114e-01 4.834902e-01 2.372358e+00
 -1.487610e-01 9.014255e-01 2.238186e+00
 -2.495303e-01 1.250566e+00 1.917588e+00
 -3.880032e-01 1.376557e+00 1.542075e+00
 -6.103350e-01 1.371839e+00 1.305973e+00
 -7.998007e-01 1.434628e+00 1.122963e+00
 -9.351542e-01 1.557263e+00 7.277870e-01
 -9.061557e-01 1.616368e+00 3.309943e-01
 -7.591471e-01 1.590068e+00 -2.294614e-02
 -5.791728e-01 1.489575e+00 -2.680160e-01
 -2.285094e-01 1.229369e+00 -5.633950e-01
 6.857338e-02 9.970191e-01 -7.927917e-01
 3.076392e-01 8.080859e-01 -9.766460e-01
 6.370235e-01 5.661083e-01 -1.166423e+00
 8.370302e-01 4.396583e-01 -1.307517e+00
 1.156965e+00 4.281278e-01 -1.528761e+00
 1.522445e+00 5.571130e-01 -1.670996e+00
 1.837871e+00 7.816985e-01 -1.696939e+00
 2.084799e+00 1.048486e+00 -1.603900e+00
 2.233812e+00 1.325236e+00 -1.417676e+00
 2.273774e+00 1.580251e+00 -1.162871e+00
 2.206721e+00 1.777326e+00 -8.640443e-01
 2.041046e+00 1.888158e+00 -5.545707e-01
 1.793705e+00 1.894935e+00 -2.740358e-01
 1.494367e+00 1.791406e+00 -6.279233e-02
 1.184333e+00 1.587388e+00 4.447311e-02
 9.225269e-01 1.303221e+00 3.584453e-02
 7.809346e-01 9.575012e-01 -5.582527e-02
 7.819105e-01 5.667522e-01 -1.213575e-01
 9.342330e-01 1.525406e-01 -1.077889e-01
 1.061821e+00 -1.599246e-01 -9.699403e-02
 1.181314e+00 -6.198493e-01 -1.396199e-01
 1.239836e+00 -1.074753e+00 -1.746129e-01
 1.179554e+00 -1.401280e+00 -1.857263e-01
 9.825044e-01 -1.752849e+00 -1.857005e-01
 6.806551e-01 -2.037257e+00 -1.871112e-01
 3.390520e-01 -2.181572e+00 -2.045396e-01
 -1.343227e-01 -2.202066e+00 -2.537352e-01
 -5.086064e-01 -2.086151e+00 -3.296154e-01
 -8.753954e-01 -1.842044e+00 -5.635795e-01
 -1.095388e+00 -1.697595e+00 -6.546123e-01
 -1.320822e+00 -1.482692e+00 -6.855697e-01
 -1.556954e+00 -1.127007e+00 -6.332675e-01
 -1.681632e+00 -7.755880e-01 -5.248397e-01
 -1.683131e+00 -4.654011e-01 -3.869120e-01
 -1.563054e+00 -1.210863e-01 -1.931596e-01
 -1.365964e+00 1.445763e-01 -2.484708e-02
 -1.076441e+00 3.440220e-01 1.152107e-01
 -7.202855e-01 5.382929e-01 2.557219e-01
 -2.759026e-01 8.035045e-01 4.238758e-01
 -5.131522e-02 1.048521e+00 4.991258e-01
 7.998106e-02 1.414878e+00 5.693118e-01
 8.322408e-02 1.724160e+00 6.521220e-01
 -1.336122e-02 2.041667e+00 8.193016e-01
 -2.133116e-01 2.282454e+00 1.056195e+00
 -4.730716e-01 2.388349e+00 1.326843e+00
 -7.445605e-01 2.347996e+00 1.590669e+00
 -9.877821e-01 2.176841e+00 1.814547e+00
 -1.171898e+00 1.902066e+00 1.976344e+00
 -1.275819e+00 1.557423e+00 2.058164e+00
 -1.284444e+00 1.182141e+00 2.048465e+00
 -1.189874e+00 8.236252e-01 1.942448e+00
 -1.002905e+00 5.446124e-01 1.752768e+00
 -7.284346e-01 3.871630e-01 1.545706e+00
 -5.129976e-01 3.724744e-01 1.422876e+00
 5.639949e-02 3.812864e-01 1.275034e+00
 2.376816e-01 4.026546e-01 1.221302e+00
 6.809156e-01 4.848865e-01 1.041739e+00
 1.071875e+00 5.564945e-01 8.823409e-01
 1.449449e+00 6.353533e-01 6.664327e-01
 1.679660e+00 6.902784e-01 3.840411e-01
 1.796186e+00 7.439420e-01 1.514583e-02
 1.754762e+00 8.444997e-01 -4.026836e-01
 1.563223e+00 9.729737e-01 -7.150669e-01
 1.383259e+00 1.175054e+00 -8.678598e-01
 1.265074e+00 1.370142e+00 -1.065997e+00
 1.048976e+00 1.461390e+00 -1.456209e+00
 7.841328e-01 1.356275e+00 -1.802980e+00
 5.208066e-01 1.125574e+00 -2.014612e+00
 3.073381e-01 8.448183e-01 -2.089848e+00
 1.579555e-01 5.706523e-01 -2.062922e+00
 -1.860328e-02 1.033381e-01 -1.883843e+00
 -1.490047e-01 -2.573552e-01 -1.723753e+00
 -2.846769e-01 -6.736797e-01 -1.506383e+00
 -3.064288e-01 -9.433926e-01 -1.264751e+00
 -2.158885e-01 -1.167690e+00 -9.136209e-01
 -2.693811e-03 -1.247922e+00 -6.009152e-01
 1.348461e-01 -1.194552e+00 -3.454801e-01
 2.299442e-01 -1.058404e+00 -9.170153e-02
 2.427702e-01 -8.457572e-01 2.152000e-01
 3.042777e-02 -5.922761e-01 5.584944e-01
 -3.494028e-01 -4.326803e-01 7.742622e-01
 -7.379874e-01 -4.492524e-01 8.904497e-01
 -1.068159e+00 -6.051604e-01 9.573341e-01
 -1.357038e+00 -8.537174e-01 9.225567e-01
 -1.539691e+00 -1.140053e+00 8.122787e-01
 -1.612648e+00 -1.417261e+00 6.654763e-01
 -1.592232e+00 -1.853999e+00 3.715760e-01
 -1.555632e+00 -2.208439e+00 1.227499e-01
 -1.493185e+00 -2.534392e+00 -1.497845e-01
 -1.374905e+00 -2.723472e+00 -4.108872e-01
 -1.176264e+00 -2.822902e+00 -7.003430e-01
 -9.197914e-01 -2.808502e+00 -9.639751e-01
 -6.432703e-01 -2.689776e+00 -1.156579e+00
 -3.849597e-01 -2.500173e+00 -1.256189e+00
 -1.850548e-02 -2.173266e+00 -1.334454e+00
 3.577883e-01 -1.835698e+00 -1.413499e+00
 5.703247e-01 -1.570181e+00 -1.428058e+00
 7.157817e-01 -1.206351e+00 -1.359878e+00
 7.238617e-01 -8.000122e-01 -1.195393e+00
 5.595093e-01 -4.508217e-01 -9.463559e-01
 2.639856e-01 -2.630893e-01 -7.357726e-01
 -2.276809e-02 -2.048050e-01 -5.959189e-01
 -3.710398e-01 -2.837461e-01 -4.064646e-01
 -6.119039e-01 -4.919081e-01 -2.510348e-01
 -7.585339e-01 -7.693161e-01 -1.032184e-01
 -7.910286e-01 -1.060707e+00 6.871979e-02
