 5.252191e-01 -2.072924e-01 4.271485e-01
 9.540750e-01 -4.074923e-01 -3.485133e-02
 1.099725e+00 -5.122691e-01 -3.032933e-01
 1.362692e+00 -8.307203e-01 -1.348684e+00
 1.336862e+00 -9.607043e-01 -1.655776e+00
 1.210609e+00 -1.117691e+00 -1.925034e+00
 9.960490e-01 -1.286782e+00 -2.126125e+00
 7.156979e-01 -1.450669e+00 -2.233919e+00
 3.584294e-01 -1.598555e+00 -2.236429e+00
 3.140042e-02 -1.677300e+00 -2.130534e+00
 -2.589477e-01 -1.686205e+00 -1.927184e+00
 -4.621768e-01 -1.627312e+00 -1.655430e+00
 -5.479961e-01 -1.539426e+00 -1.348438e+00
 -5.141403e-01 -1.451225e+00 -1.016152e+00
 -4.068290e-01 -1.451503e+00 -7.674038e-01
 -2.367547e-01 -1.582780e+00 -4.921685e-01
 -8.363102e-02 -1.624000e+00 -3.708804e-01
 1.829615e-01 -1.599848e+00 -1.663550e-01
 9.648554e-01 -1.201532e+00 6.290248e-01
 1.155773e+00 -1.011153e+00 7.962473e-01
 1.310682e+00 -7.554101e-01 9.017012e-01
 1.411661e+00 -4.577253e-01 9.388313e-01
 1.446243e+00 -1.451308e-01 9.077780e-01
 1.386319e+00 2.976316e-01 7.758246e-01
 1.386216e+00 5.425724e-01 7.608263e-01
 1.447433e+00 7.963055e-01 7.866181e-01
 1.462329e+00 1.061225e+00 9.158402e-01
 1.356536e+00 1.344890e+00 1.123168e+00
 1.148933e+00 1.556615e+00 1.306620e+00
 8.449526e-01 1.693419e+00 1.453357e+00
 -4.133225e-01 1.805799e+00 1.813854e+00
 -7.888674e-01 1.755920e+00 1.806858e+00
 -1.127142e+00 1.633495e+00 1.687577e+00
 -1.380532e+00 1.450463e+00 1.475215e+00
 -1.513740e+00 1.239413e+00 1.198700e+00
 -1.512598e+00 1.041627e+00 8.834013e-01
 -1.415360e+00 9.370427e-01 6.566065e-01
 -1.305616e+00 9.318039e-01 4.377962e-01
 -1.251178e+00 9.436759e-01 1.649954e-01
 -1.320160e+00 9.899962e-01 -4.995008e-01
 -1.293602e+00 9.346487e-01 -8.109079e-01
 -1.204648e+00 8.114717e-01 -1.090982e+00
 -1.065508e+00 6.288946e-01 -1.312121e+00
 -8.934793e-01 4.013172e-01 -1.453222e+00
 -1.768245e-01 -5.471673e-01 -1.634541e+00
 3.809648e-02 -7.460357e-01 -1.611604e+00
 2.013108e-01 -8.651049e-01 -1.539519e+00
 3.763042e-01 -1.089124e+00 -1.332334e+00
 4.771003e-01 -1.344670e+00 -1.246611e+00
 4.846342e-01 -1.697657e+00 -1.217158e+00
 3.579536e-01 -2.034020e+00 -1.187831e+00
 1.019909e-01 -2.304233e+00 -1.129677e+00
 -2.420369e-01 -2.456615e+00 -1.024632e+00
 -5.965348e-01 -2.466260e+00 -8.731383e-01
 -9.490131e-01 -2.325567e+00 -7.009234e-01
 -1.208966e+00 -2.061979e+00 -5.679564e-01
 -1.356117e+00 -1.713592e+00 -4.838982e-01
 -1.373447e+00 -1.331370e+00 -4.559971e-01
 -1.034958e+00 -2.636187e-01 -5.252331e-01
 -8.699590e-01 1.164997e-02 -5.062288e-01
 -4.138801e-01 4.642310e-01 -4.384354e-01
 -2.059197e-01 5.834891e-01 -3.669880e-01
 1.276550e-01 6.509562e-01 -2.235680e-01
 3.707389e-01 6.127388e-01 -1.749729e-01
 1.501965e+00 6.113025e-01 -2.460044e-01
 1.856063e+00 5.480390e-01 -1.434169e-01
 2.157977e+00 4.848793e-01 9.570844e-02
 2.349622e+00 4.383459e-01 4.331480e-01
 2.403017e+00 4.171733e-01 8.207459e-01
 2.310176e+00 4.289349e-01 1.200569e+00
 2.083597e+00 4.585782e-01 1.514806e+00
 1.750907e+00 4.862395e-01 1.718842e+00
 1.360481e+00 5.198656e-01 1.782436e+00
 9.698780e-01 5.809842e-01 1.692462e+00
 6.574940e-01 6.658701e-01 1.461753e+00
 4.741821e-01 7.858588e-01 1.146007e+00
 4.516876e-01 9.538892e-01 8.530870e-01
 4.561915e-01 1.441007e+00 4.243668e-01
 4.636322e-01 1.619551e+00 1.094159e-02
 4.685654e-01 1.604463e+00 -4.398873e-01
 4.763762e-01 1.399319e+00 -8.392005e-01
 4.669631e-01 1.046053e+00 -1.111121e+00
 4.391504e-01 6.099274e-01 -1.206045e+00
 4.012521e-01 1.702066e-01 -1.103780e+00
 3.544736e-01 -8.049241e-02 -9.032698e-01
 2.389885e-02 -5.332974e-01 -4.839167e-01
 -2.517545e-01 -6.843370e-01 -2.446141e-02
 -3.340376e-01 -8.099244e-01 2.257332e-01
 -3.707683e-01 -8.650368e-01 5.357450e-01
 -4.143569e-01 -8.104902e-01 8.682833e-01
 -4.557803e-01 -6.487155e-01 1.161958e+00
 -4.917165e-01 -3.979635e-01 1.384709e+00
 -5.172559e-01 -8.475234e-02 1.512573e+00
 -5.303067e-01 2.580133e-01 1.530215e+00
 -5.390110e-01 5.883551e-01 1.433412e+00
 -5.042281e-01 1.311745e+00 9.225986e-01
 -6.225256e-01 1.603413e+00 7.962402e-01
 -9.156786e-01 1.857595e+00 6.257987e-01
 -1.294497e+00 1.954608e+00 4.611031e-01
 -1.693289e+00 1.874521e+00 3.156259e-01
 -2.027844e+00 1.626108e+00 1.971726e-01
 -2.235546e+00 1.257645e+00 1.280996e-01
 -2.278513e+00 8.371455e-01 1.086597e-01
 -2.152946e+00 4.323138e-01 1.403031e-01
 -1.883160e+00 1.120356e-01 2.306171e-01
 -1.512993e+00 -6.582547e-02 3.556431e-01
 -1.126553e+00 -6.997191e-02 4.780165e-01
 -6.448406e-01 1.178832e-01 5.220485e-01
 -4.013800e-01 1.574973e-01 5.233474e-01
 -1.139339e-01 1.278879e-01 5.943587e-01
 2.278113e-01 -2.799982e-02 5.926174e-01
