 -1.438669e+00 -1.859164e+00 -2.802877e-01
 -1.783259e+00 -1.973539e+00 -1.763672e-01
 -2.140902e+00 -1.953680e+00 -1.772853e-04
 -2.437141e+00 -1.798785e+00 2.376923e-01
 -2.618522e+00 -1.525589e+00 4.938715e-01
 -2.651004e+00 -1.176347e+00 7.245638e-01
 -2.529683e+00 -8.060731e-01 8.835681e-01
 -1.748879e+00 1.969185e-01 1.068160e+00
 -1.464435e+00 3.861307e-01 1.129051e+00
 -1.231348e+00 4.447067e-01 1.165461e+00
 -9.958027e-01 4.459965e-01 1.262449e+00
 -7.465468e-01 5.321245e-01 1.375027e+00
 -4.282458e-01 7.091781e-01 1.395963e+00
 6.864978e-01 1.371718e+00 9.995118e-01
 9.395281e-01 1.562334e+00 7.388321e-01
 1.073779e+00 1.701363e+00 3.759653e-01
 1.075246e+00 1.745539e+00 1.723090e-02
 9.462628e-01 1.795131e+00 -2.842365e-01
 7.993227e-01 1.774623e+00 -5.010839e-01
 5.935885e-01 1.617237e+00 -7.445489e-01
 3.341993e-01 1.391266e+00 -8.880118e-01
 4.953143e-02 1.115049e+00 -9.021764e-01
 -7.391983e-01 1.864437e-01 -5.145239e-01
 -9.029163e-01 -5.837450e-03 -3.408422e-01
 -1.020976e+00 -1.614683e-01 -9.833590e-02
 -1.063092e+00 -2.708949e-01 1.541896e-01
 -1.007798e+00 -4.221803e-01 6.590482e-01
 -1.052287e+00 -5.748210e-01 1.121509e+00
 -1.186797e+00 -5.191063e-01 1.565338e+00
 -1.342486e+00 -2.599356e-01 1.927644e+00
 -1.451799e+00 1.495256e-01 2.138851e+00
 -1.482265e+00 6.208092e-01 2.156901e+00
 -1.431780e+00 1.053326e+00 1.978255e+00
 -1.315407e+00 1.357365e+00 1.640942e+00
 -1.150952e+00 1.471688e+00 1.220192e+00
 -9.579709e-01 1.374261e+00 8.024648e-01
 -7.773870e-01 1.080932e+00 4.803660e-01
 -6.521460e-01 7.456938e-01 3.614313e-01
 -3.858020e-01 4.388710e-01 4.117962e-01
 -2.430363e-01 2.783945e-01 3.943123e-01
 1.417760e-01 -3.035768e-01 9.202645e-02
 3.533957e-01 -5.550216e-01 5.132960e-02
 4.925636e-01 -6.954967e-01 8.458121e-02
 7.244305e-01 -9.878692e-01 2.639524e-01
 7.648318e-01 -1.375766e+00 5.696257e-01
 5.521612e-01 -1.732669e+00 8.540307e-01
 1.120993e-01 -1.984291e+00 1.044733e+00
 -3.736110e-01 -2.044139e+00 1.079888e+00
 -8.365296e-01 -1.912142e+00 9.841948e-01
 -1.602092e+00 -1.238346e+00 5.226545e-01
 -1.752265e+00 -1.028286e+00 2.591079e-01
 -1.885410e+00 -9.589550e-01 -1.483459e-03
 -1.963659e+00 -9.758446e-01 -3.801790e-01
 -1.918880e+00 -1.083420e+00 -7.574989e-01
 -1.740855e+00 -1.245544e+00 -1.073822e+00
 -1.456565e+00 -1.428465e+00 -1.280332e+00
 -1.106995e+00 -1.608464e+00 -1.345894e+00
 -7.465176e-01 -1.766453e+00 -1.255325e+00
 -4.255628e-01 -1.860906e+00 -1.022973e+00
 -1.925417e-01 -1.864227e+00 -6.867388e-01
 -8.454491e-02 -1.764609e+00 -3.066615e-01
 -1.177048e-01 -1.598983e+00 4.155996e-02
 -2.807345e-01 -1.280622e+00 3.792212e-01
 -2.648558e-01 -1.121341e+00 6.158541e-01
 -1.162942e-01 -9.303378e-01 8.858476e-01
 1.215252e-01 -6.689980e-01 1.052329e+00
 4.216503e-01 -4.078054e-01 1.079248e+00
 1.310897e+00 5.035312e-01 6.892957e-01
 1.508829e+00 7.081393e-01 4.742697e-01
 1.638858e+00 8.525625e-01 1.722566e-01
 1.671220e+00 9.072348e-01 -1.008600e-01
 1.505860e+00 1.141171e+00 -8.313780e-01
 1.551019e+00 1.195311e+00 -1.131329e+00
 1.655526e+00 1.094763e+00 -1.537181e+00
 1.783767e+00 8.249597e-01 -1.862097e+00
 1.879054e+00 4.268673e-01 -2.045417e+00
 1.924016e+00 -2.216005e-02 -2.044962e+00
 1.911832e+00 -4.358819e-01 -1.856072e+00
 1.846819e+00 -7.299912e-01 -1.512223e+00
 1.726644e+00 -8.453011e-01 -1.084192e+00
 1.569183e+00 -7.551901e-01 -6.561346e-01
 1.420960e+00 -4.750737e-01 -3.187953e-01
 1.288921e+00 -1.382897e-01 -1.791790e-01
 9.255099e-01 2.442431e-01 -2.281296e-01
 8.436459e-01 3.438720e-01 -2.115658e-01
 3.225144e-01 1.066716e+00 8.298002e-02
 1.718058e-01 1.270413e+00 1.180627e-01
 6.384148e-02 1.563433e+00 1.837497e-01
 8.359675e-02 1.953955e+00 2.524859e-01
 2.483557e-01 2.325035e+00 2.576110e-01
 5.336806e-01 2.609930e+00 1.970707e-01
 8.958726e-01 2.761533e+00 8.167516e-02
 1.277714e+00 2.753659e+00 -6.854594e-02
 1.617851e+00 2.586220e+00 -2.274809e-01
 2.439982e+00 1.569137e+00 -7.092103e-01
 2.539617e+00 1.217650e+00 -8.334105e-01
 2.496695e+00 8.469437e-01 -9.318742e-01
 2.319988e+00 5.143626e-01 -9.883021e-01
 2.038130e+00 2.767289e-01 -1.026449e+00
 1.779206e+00 1.863366e-01 -1.039935e+00
 1.541308e+00 1.711212e-01 -1.108741e+00
 1.327033e+00 1.011995e-01 -1.189027e+00
 1.043392e+00 -5.494858e-02 -1.211612e+00
 3.516409e-01 -4.161945e-01 -1.010169e+00
 -1.930391e-02 -6.064716e-01 -8.799837e-01
 -7.807889e-01 -1.033325e+00 -5.291700e-01
 -9.713099e-01 -1.236964e+00 -3.990701e-01
 -1.051451e+00 -1.437723e+00 -3.359898e-01
 -1.170171e+00 -1.646137e+00 -3.202445e-01
