 1.411164e+00 5.890162e-01 -2.323896e+00
 1.691777e+00 3.187391e-01 -2.257819e+00
 1.866313e+00 1.172558e-02 -2.088614e+00
 1.911503e+00 -2.862666e-01 -1.846365e+00
 1.838350e+00 -5.189617e-01 -1.552913e+00
 1.662946e+00 -6.498035e-01 -1.241177e+00
 1.401099e+00 -6.742619e-01 -9.674176e-01
 1.108591e+00 -5.929200e-01 -7.776908e-01
 9.095233e-01 -4.283382e-01 -6.627131e-01
 6.467681e-01 -5.884169e-02 -4.217159e-01
 3.406363e-01 4.786584e-01 -2.405211e-01
 2.189634e-01 6.264197e-01 -1.865901e-01
 7.537676e-02 7.522532e-01 -1.276302e-01
 -6.642523e-02 8.382159e-01 -7.543477e-02
 -2.147547e-01 8.970686e-01 -2.702120e-02
 -3.585754e-01 9.291574e-01 1.399202e-02
 -8.656549e-01 9.631767e-01 1.732980e-01
 -1.114024e+00 1.088576e+00 3.256171e-01
 -1.356705e+00 1.210843e+00 3.608204e-01
 -1.739870e+00 1.283172e+00 3.163588e-01
 -2.068220e+00 1.234401e+00 2.098556e-01
 -2.357847e+00 1.056942e+00 8.355449e-02
 -2.553386e+00 7.829885e-01 -4.579124e-02
 -2.640426e+00 4.130129e-01 -1.906198e-01
 -2.589905e+00 7.541380e-02 -3.078094e-01
 -2.420511e+00 -2.308649e-01 -3.906319e-01
 -2.154561e+00 -4.673230e-01 -4.308403e-01
 -1.089017e+00 -9.097601e-01 -4.232575e-01
 -9.172756e-01 -9.475167e-01 -3.916445e-01
 -5.265792e-01 -1.084000e+00 -2.717978e-01
 1.132921e-01 -1.200994e+00 -2.134176e-01
 6.343830e-01 -1.036888e+00 1.016868e-01
 9.225556e-01 -5.345550e-01 5.140383e-01
 1.088879e+00 -3.824282e-01 6.845286e-01
 1.251984e+00 -3.251256e-01 8.205715e-01
 1.461861e+00 -2.773911e-01 9.136495e-01
 1.791529e+00 -1.240752e-01 9.345479e-01
 2.129927e+00 9.330455e-02 8.124493e-01
 2.361323e+00 2.938206e-01 5.771466e-01
 2.481278e+00 4.634533e-01 2.527349e-01
 2.472861e+00 5.794604e-01 -1.136322e-01
 2.337370e+00 6.269352e-01 -4.695621e-01
 2.095411e+00 6.007950e-01 -7.624864e-01
 1.128641e+00 2.370131e-01 -1.393678e+00
 9.915492e-01 4.697962e-02 -1.560431e+00
 8.970731e-01 -9.211625e-02 -1.749191e+00
 6.527898e-01 -1.766708e-01 -2.020475e+00
 2.764460e-01 -1.997464e-01 -2.202416e+00
 -1.457985e-01 -1.775396e-01 -2.218044e+00
 -5.361895e-01 -1.232314e-01 -2.064664e+00
 -8.315286e-01 -6.177660e-02 -1.762320e+00
 -9.767665e-01 -1.648441e-02 -1.364961e+00
 -9.484314e-01 1.135706e-02 -9.428569e-01
 -6.543614e-01 3.281696e-02 -3.840978e-01
 -4.964242e-01 -7.157997e-02 -7.332361e-02
 -2.149298e-01 -2.631962e-01 2.627774e-01
 -1.501407e-01 -3.996890e-01 4.296701e-01
 -1.599716e-01 -5.471364e-01 5.683986e-01
 -2.380423e-01 -8.666973e-01 7.712875e-01
 -3.264173e-01 -1.050924e+00 1.041096e+00
 -3.599325e-01 -1.152109e+00 1.401932e+00
 -2.952366e-01 -1.157039e+00 1.787457e+00
 -1.409267e-01 -1.064818e+00 2.114655e+00
 7.404171e-02 -8.673023e-01 2.354007e+00
 3.260286e-01 -5.834825e-01 2.474494e+00
 5.559103e-01 -2.956269e-01 2.455974e+00
 7.555679e-01 -1.886567e-02 2.308753e+00
 8.927614e-01 2.125148e-01 2.053744e+00
 1.087674e+00 6.571219e-01 1.062521e+00
 1.170987e+00 6.868996e-01 7.348511e-01
 1.279331e+00 6.093134e-01 4.236700e-01
 1.409497e+00 4.240742e-01 1.503961e-01
 1.523766e+00 2.037391e-01 -1.277836e-02
 1.672977e+00 -8.551032e-02 -9.882637e-02
 1.827113e+00 -5.173407e-01 -2.785702e-02
 1.824342e+00 -9.601287e-01 2.264576e-01
 1.673593e+00 -1.245122e+00 6.040290e-01
 1.379363e+00 -1.331722e+00 9.965444e-01
 1.016620e+00 -1.213041e+00 1.298650e+00
 6.840274e-01 -9.005847e-01 1.477704e+00
 4.512401e-01 -5.293916e-01 1.464366e+00
 3.010964e-01 -3.733606e-01 1.470372e+00
 8.553690e-02 -2.375612e-01 1.540809e+00
 -1.227159e-01 -1.579385e-01 1.645838e+00
 -6.233843e-01 -8.603096e-02 1.902055e+00
 -1.183649e+00 7.879428e-02 1.902018e+00
 -1.619362e+00 2.294139e-01 1.650068e+00
 -1.889131e+00 3.140333e-01 1.207230e+00
 -1.931494e+00 2.946386e-01 7.074288e-01
 -1.676423e+00 2.569741e-01 1.411130e-01
 -1.616894e+00 3.547315e-01 -1.544315e-01
 -1.623053e+00 5.164375e-01 -3.620429e-01
 -1.538541e+00 7.992828e-01 -5.758897e-01
 -1.428963e+00 1.138657e+00 -6.638421e-01
 -1.256462e+00 1.482272e+00 -6.216829e-01
 -1.042089e+00 1.758552e+00 -4.560466e-01
 -8.197740e-01 1.928545e+00 -1.903652e-01
 -6.236655e-01 1.969980e+00 1.379708e-01
 -4.843372e-01 1.879859e+00 4.813221e-01
 -4.057195e-01 1.668026e+00 7.827691e-01
 -3.889094e-01 1.358835e+00 1.000812e+00
 -4.503212e-01 9.987396e-01 1.112368e+00
 -5.847191e-01 6.414143e-01 1.102461e+00
 -8.435904e-01 2.097419e-01 9.161579e-01
 -1.098874e+00 -3.046539e-01 8.725433e-01
 -1.234454e+00 -6.486930e-01 7.437004e-01
 -1.285466e+00 -1.456536e+00 4.179391e-01
 -1.248676e+00 -1.762297e+00 1.340446e-01
 -1.155348e+00 -1.933499e+00 -2.135184e-01
 -1.006200e+00 -1.962675e+00 -5.815201e-01
 -8.184042e-01 -1.848102e+00 -9.122314e-01
 -6.147163e-01 -1.610112e+00 -1.154597e+00
 -4.201305e-01 -1.287459e+00 -1.271419e+00
 2.145143e-02 -2.586168e-01 -1.204150e+00
 4.020364e-02 4.345425e-02 -1.223892e+00
 3.475553e-02 3.163909e-01 -1.329297e+00
 1.439905e-01 6.154782e-01 -1.578969e+00
 3.758639e-01 8.048862e-01 -1.862403e+00
 7.017697e-01 8.591308e-01 -2.111365e+00
 1.062628e+00 7.790757e-01 -2.274716e+00
