 -2.258337e+00 1.521523e+00 2.388801e-01
 -2.175204e+00 1.450541e+00 4.637830e-01
 -2.062528e+00 1.357236e+00 6.439387e-01
 -1.635809e+00 9.778904e-01 1.203177e+00
 -1.488525e+00 6.984733e-01 1.415974e+00
 -1.428225e+00 2.673529e-01 1.559691e+00
 -1.529567e+00 -1.389605e-01 1.567179e+00
 -1.703222e+00 -4.308776e-01 1.502293e+00
 -1.932093e+00 -6.710542e-01 1.315071e+00
 -2.150895e+00 -7.983718e-01 1.045470e+00
 -2.330697e+00 -8.053860e-01 7.439921e-01
 -2.458960e+00 -7.103188e-01 4.605999e-01
 -2.514023e+00 -5.571337e-01 2.101189e-01
 -2.503279e+00 -3.608875e-01 -4.605693e-03
 -2.423982e+00 -1.174270e-01 -1.811045e-01
 -2.255746e+00 1.795389e-01 -2.967342e-01
 -1.991354e+00 5.075253e-01 -2.878218e-01
 -1.615956e+00 8.022125e-01 -8.739829e-02
 -1.413076e+00 1.032461e+00 -6.670646e-02
 -1.248183e+00 1.463931e+00 -1.317684e-01
 -1.097875e+00 1.669581e+00 -1.793355e-01
 -8.813725e-01 1.846327e+00 -2.148742e-01
 -5.939467e-01 1.972550e+00 -2.281092e-01
 -2.231615e-01 2.013749e+00 -1.939759e-01
 2.160531e-01 1.886392e+00 -8.186626e-02
 6.021131e-01 1.494724e+00 8.812521e-02
 6.435363e-01 9.657357e-01 2.294063e-01
 4.758817e-01 6.235367e-01 5.604843e-01
 1.419515e-01 4.858818e-01 8.987286e-01
 -2.113418e-01 3.890131e-01 1.008001e+00
 -6.190990e-01 3.167003e-02 1.019730e+00
 -7.734212e-01 -4.254988e-01 9.720758e-01
 -7.208213e-01 -9.023756e-01 8.182200e-01
 -4.731361e-01 -1.266067e+00 5.620872e-01
 -5.333349e-02 -1.435138e+00 2.884772e-01
 5.389373e-01 -1.319655e+00 2.979757e-02
 1.133138e+00 -1.069863e+00 -2.014383e-01
 1.391848e+00 -9.690455e-01 -2.363587e-01
 1.613450e+00 -8.945322e-01 -1.839978e-01
 1.865225e+00 -8.905508e-01 -1.065547e-01
 2.243478e+00 -9.688294e-01 -1.312427e-01
 2.596278e+00 -1.056299e+00 -3.243721e-01
 2.835982e+00 -1.115416e+00 -6.337321e-01
 2.943071e+00 -1.121205e+00 -9.683896e-01
 2.945548e+00 -1.093080e+00 -1.270482e+00
 2.875689e+00 -1.045153e+00 -1.531513e+00
 2.747406e+00 -9.832287e-01 -1.753644e+00
 2.569963e+00 -9.119358e-01 -1.930076e+00
 2.338046e+00 -8.306438e-01 -2.061505e+00
 1.874221e+00 -6.900495e-01 -2.159228e+00
 1.098813e+00 -4.626742e-01 -2.249076e+00
 8.147144e-01 -3.687758e-01 -2.222647e+00
 4.717212e-01 -2.326105e-01 -2.046940e+00
 2.060211e-01 -9.611701e-02 -1.685126e+00
 1.321320e-01 5.409435e-03 -1.193720e+00
 2.421042e-01 1.432588e-02 -7.893474e-01
 8.536917e-01 -3.311658e-04 -1.734886e-01
 1.161315e+00 -2.103716e-01 4.140344e-01
 1.232301e+00 -4.684517e-01 6.627029e-01
 1.317840e+00 -8.651052e-01 7.972729e-01
 1.451178e+00 -1.294927e+00 7.496330e-01
 1.570407e+00 -1.635746e+00 5.341448e-01
 1.675341e+00 -1.843696e+00 2.135332e-01
 1.774148e+00 -1.909475e+00 -1.468964e-01
 1.842648e+00 -1.846115e+00 -4.998713e-01
 1.884417e+00 -1.652113e+00 -8.194204e-01
 1.921947e+00 -1.316638e+00 -1.064977e+00
 1.934032e+00 -9.722785e-01 -1.137410e+00
 2.034216e+00 -6.774937e-01 -1.090326e+00
 2.080687e+00 -5.180685e-01 -1.034790e+00
 2.074264e+00 -2.940770e-01 -9.082013e-01
 1.985054e+00 3.343309e-02 -5.724888e-01
 1.871619e+00 3.529209e-01 -1.577290e-01
 1.791061e+00 5.405901e-01 9.796420e-02
 1.656582e+00 7.916881e-01 4.665029e-01
 1.433176e+00 1.091013e+00 8.666406e-01
 1.160823e+00 1.282422e+00 1.058094e+00
 8.442210e-01 1.417165e+00 1.144900e+00
 4.950757e-01 1.488955e+00 1.134002e+00
 1.577741e-01 1.512795e+00 1.017788e+00
 -8.866274e-02 1.478072e+00 8.622657e-01
 -2.839392e-01 1.382497e+00 6.653707e-01
 -3.904578e-01 1.228154e+00 4.433005e-01
 -3.822764e-01 1.042854e+00 1.676337e-01
 -3.158392e-01 9.954522e-01 -1.350321e-01
 -1.555188e-01 9.777282e-01 -4.617187e-01
 2.737223e-01 1.026238e+00 -8.112296e-01
 6.292999e-01 9.462154e-01 -1.013708e+00
 9.440957e-01 6.631740e-01 -1.198058e+00
 1.114503e+00 3.132209e-01 -1.288746e+00
 1.170477e+00 -4.555520e-02 -1.292837e+00
 1.126618e+00 -2.875720e-01 -1.257851e+00
 1.049521e+00 -4.855148e-01 -1.224671e+00
 8.807473e-01 -7.079486e-01 -1.152948e+00
 6.655268e-01 -8.763729e-01 -1.065038e+00
 4.432492e-01 -9.656022e-01 -9.776631e-01
 2.465712e-01 -9.921616e-01 -8.863904e-01
 -2.580257e-01 -9.922934e-01 -6.371812e-01
 -7.126552e-01 -9.767318e-01 -4.043652e-01
 -1.022645e+00 -8.874095e-01 -2.067533e-01
 -1.231450e+00 -7.255666e-01 -4.053783e-02
 -1.471076e+00 -3.421484e-01 2.524426e-01
 -1.738112e+00 1.467971e-02 5.819956e-01
 -1.973898e+00 1.536235e-01 6.895339e-01
 -2.238932e+00 2.122538e-01 8.806516e-01
 -2.452584e+00 2.674543e-01 1.310905e+00
 -2.465371e+00 2.637024e-01 1.773373e+00
 -2.274917e+00 2.086636e-01 2.200018e+00
 -1.925023e+00 1.119038e-01 2.488914e+00
 -1.514559e+00 -3.081139e-03 2.586446e+00
 -1.138589e+00 -1.128656e-01 2.512040e+00
 -5.065103e-01 -3.120097e-01 2.096043e+00
 2.287914e-03 -4.780075e-01 1.676679e+00
 1.906133e-01 -5.347864e-01 1.365769e+00
 2.638615e-01 -5.467910e-01 9.667105e-01
 2.108111e-01 -4.852824e-01 6.273312e-01
 6.566335e-02 -3.865150e-01 3.498029e-01
 -1.253549e-01 -3.304366e-01 1.820969e-01
 -4.622204e-01 -4.459083e-02 -5.300133e-02
 -7.352832e-01 1.204656e-01 -4.402213e-01
 -9.428625e-01 3.690471e-01 -7.687633e-01
 -1.246904e+00 7.626821e-01 -1.062188e+00
 -1.600024e+00 1.116163e+00 -1.083560e+00
 -1.919612e+00 1.351089e+00 -9.230985e-01
 -2.139666e+00 1.485523e+00 -6.645801e-01
 -2.262169e+00 1.547837e+00 -3.597357e-01
 -2.296399e+00 1.556039e+00 -3.267178e-02
