 -8.001272e-01 -2.623584e-01 -1.539249e+00
 -5.692726e-01 -8.337350e-02 -1.177740e+00
 -2.565703e-01 1.438377e-01 -1.054752e+00
 -1.062533e-01 4.170420e-01 -1.012291e+00
 -3.748656e-02 7.513135e-01 -8.686930e-01
 -4.418345e-02 1.039032e+00 -5.902009e-01
 -5.890989e-02 1.196350e+00 -1.580444e-01
 -1.402340e-01 1.174368e+00 2.774073e-01
 -1.623941e-01 1.193652e+00 4.221523e-01
 -1.808516e-01 1.260277e+00 5.720004e-01
 -2.552413e-01 1.398684e+00 7.979569e-01
 -4.753748e-01 1.561497e+00 1.027452e+00
 -8.109228e-01 1.654910e+00 1.199194e+00
 -1.149802e+00 1.652844e+00 1.273406e+00
 -1.458799e+00 1.557568e+00 1.281495e+00
 -1.714512e+00 1.392584e+00 1.234182e+00
 -1.902437e+00 1.170894e+00 1.158148e+00
 -2.009574e+00 9.236460e-01 1.064219e+00
 -2.042081e+00 6.691847e-01 9.434811e-01
 -2.004347e+00 4.380437e-01 8.081790e-01
 -1.908967e+00 2.436488e-01 6.728675e-01
 -1.607406e+00 -8.750393e-02 4.010233e-01
 -1.341728e+00 -3.564242e-01 1.725201e-01
 -1.018485e+00 -6.078148e-01 -8.775082e-02
 -5.430813e-01 -7.494180e-01 -3.162812e-01
 -1.881447e-01 -1.016632e+00 -3.974448e-01
 1.810354e-02 -1.405794e+00 -4.052711e-01
 8.188603e-02 -1.851460e+00 -2.332804e-01
 1.164150e-02 -2.204820e+00 1.201480e-01
 -1.298854e-01 -2.342561e+00 5.015714e-01
 -2.660270e-01 -2.298007e+00 8.861284e-01
 -3.758092e-01 -2.099764e+00 1.224677e+00
 -4.588700e-01 -1.820834e+00 1.440878e+00
 -5.186129e-01 -1.500600e+00 1.543964e+00
 -5.521797e-01 -1.168533e+00 1.539233e+00
 -5.564472e-01 -8.511734e-01 1.429517e+00
 -4.957048e-01 -4.708740e-01 1.145695e+00
 -3.897550e-01 -2.111196e-01 1.007633e+00
 -2.553009e-01 3.703181e-02 9.560739e-01
 -6.416117e-02 2.980693e-01 9.981049e-01
 4.543472e-01 9.093890e-01 1.481079e+00
 6.178806e-01 1.117221e+00 1.574216e+00
 8.875367e-01 1.368495e+00 1.586229e+00
 1.210654e+00 1.581201e+00 1.459032e+00
 1.519615e+00 1.696348e+00 1.190201e+00
 1.739732e+00 1.684650e+00 8.362232e-01
 1.823618e+00 1.583218e+00 4.703094e-01
 1.780750e+00 1.456272e+00 1.562761e-01
 1.467863e+00 1.131382e+00 -4.640344e-01
 1.245590e+00 8.812063e-01 -8.306066e-01
 1.079983e+00 6.011134e-01 -1.017238e+00
 9.111874e-01 2.427490e-01 -1.081065e+00
 7.676578e-01 -7.828754e-02 -9.953653e-01
 7.144433e-01 -2.936356e-01 -8.640759e-01
 7.149094e-01 -4.886044e-01 -6.924492e-01
 7.560382e-01 -6.476103e-01 -4.502715e-01
 7.731669e-01 -7.235636e-01 -1.917461e-01
 7.338921e-01 -7.102584e-01 1.341672e-01
 6.622173e-01 -5.155010e-01 5.640119e-01
 6.071075e-01 -4.775587e-01 7.866114e-01
 5.972116e-01 -4.916438e-01 1.150845e+00
 4.932797e-01 -4.174272e-01 1.489368e+00
 2.836665e-01 -2.829904e-01 1.778874e+00
 7.299504e-02 -1.542411e-01 1.927197e+00
 -1.589247e-01 -1.299836e-02 1.987487e+00
 -4.127508e-01 1.546216e-01 1.961610e+00
 -6.767357e-01 3.438604e-01 1.833049e+00
 -8.915658e-01 5.001633e-01 1.604122e+00
 -1.024583e+00 6.080939e-01 1.293962e+00
 -1.036010e+00 7.386734e-01 7.847066e-01
 -1.126617e+00 9.079630e-01 5.654158e-01
 -1.179955e+00 1.164059e+00 3.730224e-01
 -1.111732e+00 1.498501e+00 2.157500e-01
 -9.079636e-01 1.831063e+00 1.257239e-01
 -5.946321e-01 2.079579e+00 1.057792e-01
 -2.167631e-01 2.196262e+00 1.484790e-01
 1.722631e-01 2.155742e+00 2.290032e-01
 5.112456e-01 1.965256e+00 3.254128e-01
 7.397294e-01 1.673969e+00 4.245267e-01
 8.968588e-01 1.132896e+00 5.603596e-01
 1.186703e+00 7.869330e-01 7.703799e-01
 1.327776e+00 4.841291e-01 8.883695e-01
 1.544415e+00 -9.865334e-02 9.298497e-01
 1.615486e+00 -4.337135e-01 9.358044e-01
 1.577017e+00 -7.697377e-01 9.386608e-01
 1.417651e+00 -1.092083e+00 9.326559e-01
 1.145019e+00 -1.343995e+00 9.170763e-01
 7.969447e-01 -1.481030e+00 8.810568e-01
 4.341347e-01 -1.480529e+00 8.226691e-01
 -9.616429e-02 -1.297676e+00 6.242188e-01
 -3.856427e-01 -1.336452e+00 5.464667e-01
 -5.783747e-01 -1.421827e+00 4.634123e-01
 -7.586407e-01 -1.546404e+00 3.048109e-01
 -8.622609e-01 -1.631688e+00 1.202980e-01
 -9.574407e-01 -1.689239e+00 -2.010177e-01
 -9.753127e-01 -1.675634e+00 -5.326786e-01
 -9.096074e-01 -1.602692e+00 -8.426724e-01
 -7.572358e-01 -1.485523e+00 -1.111016e+00
 -5.298905e-01 -1.330745e+00 -1.309862e+00
 -6.975071e-02 -1.001446e+00 -1.473786e+00
 8.705632e-02 -7.980602e-01 -1.553659e+00
 1.730232e-01 -6.067668e-01 -1.644694e+00
 2.213568e-01 -3.849847e-01 -1.775290e+00
 1.914636e-01 -1.915569e-01 -1.903293e+00
 8.459562e-02 5.110547e-02 -2.002127e+00
 -6.696647e-02 2.623807e-01 -2.042367e+00
 -2.727600e-01 4.735527e-01 -2.019723e+00
 -4.910521e-01 6.395853e-01 -1.927637e+00
 -7.260531e-01 7.669790e-01 -1.741805e+00
 -9.269873e-01 8.467416e-01 -1.442716e+00
 -1.055020e+00 8.217962e-01 -1.078676e+00
 -1.053712e+00 6.973811e-01 -6.767149e-01
 -8.852174e-01 4.859460e-01 -3.223751e-01
 -5.434761e-01 2.880756e-01 -6.137684e-02
 -1.048265e-01 1.340497e-01 -2.901506e-02
 5.864496e-01 3.031225e-01 -5.766663e-02
 8.203552e-01 3.000181e-01 -5.397044e-02
 1.198928e+00 1.988939e-01 -7.441798e-02
 1.491204e+00 2.975279e-02 -2.535093e-01
 1.675588e+00 -1.707895e-01 -5.214429e-01
 1.735397e+00 -3.677337e-01 -8.357389e-01
 1.676201e+00 -5.201690e-01 -1.130415e+00
 1.486986e+00 -6.586481e-01 -1.457666e+00
 1.228896e+00 -8.007423e-01 -1.819660e+00
 9.425689e-01 -9.520251e-01 -2.204703e+00
 8.053631e-01 -9.955661e-01 -2.335273e+00
 6.186112e-01 -1.024498e+00 -2.456889e+00
 3.708919e-01 -1.026584e+00 -2.551834e+00
 6.648374e-02 -9.848729e-01 -2.588281e+00
 -2.706016e-01 -8.825498e-01 -2.527472e+00
 -5.859046e-01 -7.104410e-01 -2.332949e+00
 -8.025661e-01 -4.704288e-01 -1.975849e+00
