 3.136886e-01 7.717832e-01 6.539612e-02
 5.948631e-02 5.362799e-01 1.080409e-01
 -3.041856e-01 4.041412e-01 2.088763e-01
 -6.429215e-01 4.155845e-01 3.170311e-01
 -9.573025e-01 5.284719e-01 3.502166e-01
 -1.337359e+00 6.604064e-01 2.664953e-01
 -1.699024e+00 8.075068e-01 -6.623383e-02
 -1.883281e+00 8.341650e-01 -5.403544e-01
 -1.841624e+00 7.340059e-01 -1.050161e+00
 -1.569866e+00 5.391619e-01 -1.464946e+00
 -5.308718e-01 -8.385861e-02 -1.960939e+00
 -2.231740e-01 -1.975763e-01 -2.005755e+00
 1.030946e-01 -2.453004e-01 -1.973420e+00
 4.140784e-01 -2.165090e-01 -1.870404e+00
 6.791092e-01 -1.235324e-01 -1.696224e+00
 8.702242e-01 2.758092e-02 -1.465707e+00
 9.629004e-01 2.399624e-01 -1.205093e+00
 9.308055e-01 4.760486e-01 -9.737040e-01
 8.218054e-01 7.328544e-01 -8.371513e-01
 6.403999e-01 1.306232e+00 -8.213383e-01
 1.494186e-03 2.199795e+00 -2.846492e-01
 -2.540359e-01 2.373975e+00 -5.614494e-02
 -5.472229e-01 2.422106e+00 1.961030e-01
 -8.282595e-01 2.336877e+00 4.493879e-01
 -1.052996e+00 2.133940e+00 6.835782e-01
 -1.182603e+00 1.858057e+00 8.707398e-01
 -1.292552e+00 8.184458e-01 1.288855e+00
 -1.300911e+00 4.400231e-01 1.306945e+00
 -1.277768e+00 8.342986e-02 1.204534e+00
 -1.220606e+00 -1.979902e-01 1.008101e+00
 -1.123135e+00 -4.137523e-01 7.095914e-01
 -8.753734e-01 -6.107833e-01 2.000141e-01
 -7.994933e-01 -8.145336e-01 -1.282638e-01
 -9.268350e-01 -1.052081e+00 -4.724002e-01
 -1.210198e+00 -1.358103e+00 -6.900176e-01
 -1.559775e+00 -1.681519e+00 -6.949716e-01
 -1.880439e+00 -1.963662e+00 -4.841822e-01
 -2.103827e+00 -2.142759e+00 -1.028850e-01
 -2.178692e+00 -2.185726e+00 3.629056e-01
 -2.079794e+00 -2.102745e+00 8.110856e-01
 -1.823251e+00 -1.922537e+00 1.153775e+00
 -1.474337e+00 -1.670969e+00 1.321242e+00
 -1.062729e+00 -1.419271e+00 1.283019e+00
 -7.159367e-01 -1.278415e+00 1.055867e+00
 -4.803554e-01 -1.313022e+00 8.054676e-01
 -2.686901e-01 -1.411996e+00 6.617646e-01
 1.310276e-02 -1.478588e+00 5.999291e-01
 3.021282e-01 -1.464136e+00 5.899042e-01
 6.385192e-01 -1.334556e+00 6.122864e-01
 1.525931e+00 -6.658641e-01 8.620030e-01
 1.726724e+00 -4.238835e-01 8.679784e-01
 1.857891e+00 -1.470679e-01 8.194241e-01
 1.909750e+00 1.353706e-01 7.191967e-01
 1.886614e+00 3.914835e-01 5.699281e-01
 1.804610e+00 5.819647e-01 3.883153e-01
 1.709915e+00 6.845571e-01 1.878873e-01
 1.664344e+00 7.278952e-01 -2.016674e-02
 1.674712e+00 8.070878e-01 -2.483126e-01
 1.797156e+00 1.004919e+00 -6.888155e-01
 1.738907e+00 1.119978e+00 -1.095260e+00
 1.533608e+00 1.152669e+00 -1.463012e+00
 1.203955e+00 1.112682e+00 -1.733690e+00
 8.067802e-01 1.022565e+00 -1.849723e+00
 4.050493e-01 8.840139e-01 -1.791272e+00
 8.709591e-02 7.065436e-01 -1.567281e+00
 -6.266301e-02 4.864425e-01 -1.266626e+00
 -4.883513e-02 2.624041e-01 -1.106081e+00
 -4.486234e-02 2.276897e-01 -1.076497e+00
 -3.934081e-02 1.957392e-01 -1.044175e+00
 9.366574e-02 -3.086959e-01 -4.459527e-01
 1.238614e-01 -4.093288e-01 -2.633241e-01
 1.441322e-01 -4.693994e-01 -7.461201e-02
 1.362440e-01 -5.064141e-01 1.430587e-01
 1.132269e-01 -5.008610e-01 3.169145e-01
 7.158662e-02 -4.585886e-01 6.453586e-01
 1.391307e-01 -5.205121e-01 1.014636e+00
 1.910423e-01 -7.799777e-01 1.364324e+00
 1.957492e-01 -1.184673e+00 1.572748e+00
 9.062952e-02 -1.625078e+00 1.614916e+00
 -1.157633e-01 -2.006213e+00 1.490240e+00
 -4.000331e-01 -2.252376e+00 1.241442e+00
 -6.927436e-01 -2.318055e+00 9.170081e-01
 -9.730131e-01 -2.186113e+00 5.674762e-01
 -1.182096e+00 -1.889675e+00 3.375249e-01
 -1.318056e+00 -1.609357e+00 3.025654e-01
 -1.464718e+00 -1.445127e+00 3.157924e-01
 -1.676078e+00 -1.255450e+00 2.427298e-01
 -1.835790e+00 -9.527831e-01 3.437220e-02
 -1.821371e+00 -5.843916e-01 -2.253405e-01
 -1.615064e+00 -2.469805e-01 -4.412228e-01
 -1.167958e+00 7.934004e-02 -5.866862e-01
 -9.600390e-01 3.367598e-01 -6.517064e-01
 -8.521424e-01 7.108448e-01 -6.728283e-01
 -6.753596e-01 1.151604e+00 -4.363065e-01
 -5.717051e-01 1.395274e+00 -4.447874e-02
 -3.664378e-01 1.421097e+00 4.532248e-01
 -2.298323e-01 1.248506e+00 8.280675e-01
 7.329865e-02 8.923028e-01 1.087875e+00
 4.475119e-01 5.088020e-01 1.079273e+00
 7.911538e-01 2.474673e-01 8.295020e-01
 1.040045e+00 -7.205725e-02 1.789143e-01
 1.278854e+00 -2.177766e-01 -2.691904e-02
 1.627101e+00 -2.804047e-01 -1.730983e-01
 2.005757e+00 -2.035700e-01 -2.557655e-01
 2.340955e+00 5.403068e-03 -2.687357e-01
 2.581044e+00 3.222489e-01 -2.238743e-01
 2.683150e+00 6.775858e-01 -1.316651e-01
 2.643449e+00 1.043147e+00 -1.053824e-02
 2.467859e+00 1.359806e+00 8.859677e-02
 2.182934e+00 1.590290e+00 1.717919e-01
 1.833544e+00 1.700954e+00 2.363401e-01
 1.468831e+00 1.683086e+00 2.700887e-01
 1.135884e+00 1.544370e+00 2.725533e-01
 6.388044e-01 1.100866e+00 2.056932e-01
