 -7.318584e-01 9.321823e-03 -2.088272e+00
 -5.974236e-01 1.016673e-01 -2.132597e+00
 -4.497706e-01 1.828863e-01 -2.154863e+00
 -2.898507e-01 2.575483e-01 -2.150144e+00
 -1.248399e-01 3.221705e-01 -2.116235e+00
 3.749963e-02 3.693380e-01 -2.054636e+00
 1.906542e-01 3.944726e-01 -1.970672e+00
 3.464972e-01 3.900377e-01 -1.860477e+00
 4.610280e-01 3.514073e-01 -1.757697e+00
 6.022653e-01 2.521170e-01 -1.635118e+00
 7.819527e-01 1.366004e-01 -1.559671e+00
 1.096380e+00 -1.288223e-01 -1.501783e+00
 1.312344e+00 -3.507518e-01 -1.344291e+00
 1.465590e+00 -5.350745e-01 -1.093615e+00
 1.537080e+00 -6.617362e-01 -7.813945e-01
 1.515928e+00 -7.218534e-01 -4.432036e-01
 1.402490e+00 -7.109769e-01 -1.218075e-01
 1.213643e+00 -6.309283e-01 1.494577e-01
 9.717995e-01 -4.857854e-01 3.432807e-01
 6.145042e-01 -2.067300e-01 4.745903e-01
 3.250655e-01 -2.125473e-02 7.056927e-01
 2.638218e-01 1.740116e-01 9.891909e-01
 2.668645e-01 2.764666e-01 1.318646e+00
 3.167477e-01 2.732203e-01 1.648036e+00
 4.051101e-01 1.667008e-01 1.951787e+00
 5.225899e-01 -3.881355e-02 2.201309e+00
 6.391488e-01 -3.241082e-01 2.364511e+00
 7.266656e-01 -6.613493e-01 2.421921e+00
 7.539493e-01 -1.008837e+00 2.369935e+00
 7.346124e-01 -1.327792e+00 2.204026e+00
 6.752116e-01 -1.571828e+00 1.941005e+00
 5.798774e-01 -1.708017e+00 1.613217e+00
 4.636306e-01 -1.714782e+00 1.260543e+00
 3.377416e-01 -1.588051e+00 9.314485e-01
 4.678154e-02 -1.028311e+00 3.420090e-01
 -6.954726e-02 -8.950921e-01 2.116166e-01
 -1.935653e-01 -8.166818e-01 1.118181e-01
 -3.337592e-01 -7.735351e-01 -2.192198e-02
 -5.629711e-01 -7.530925e-01 -3.238248e-01
 -7.676633e-01 -6.693738e-01 -5.455895e-01
 -9.438908e-01 -5.707857e-01 -6.660377e-01
 -1.066930e+00 -4.332870e-01 -7.291723e-01
 -1.222608e+00 -2.470001e-01 -7.650906e-01
 -1.487889e+00 -7.103672e-02 -7.300359e-01
 -1.776923e+00 8.569895e-02 -5.550117e-01
 -2.002632e+00 1.797282e-01 -2.794910e-01
 -2.132712e+00 2.141376e-01 6.827042e-02
 -2.154554e+00 1.705804e-01 4.404907e-01
 -2.066443e+00 5.249445e-02 7.871990e-01
 -1.449339e+00 -5.007847e-01 1.679158e+00
 -1.124901e+00 -6.475374e-01 1.898753e+00
 -7.991823e-01 -7.312554e-01 1.988052e+00
 -4.521699e-01 -7.844847e-01 1.964143e+00
 -1.272185e-01 -8.032923e-01 1.826511e+00
 1.653165e-01 -7.643808e-01 1.573493e+00
 3.539641e-01 -7.241596e-01 1.468747e+00
 5.988531e-01 -6.964837e-01 1.409834e+00
 8.406644e-01 -5.832091e-01 1.399001e+00
 1.062390e+00 -3.698047e-01 1.382560e+00
 1.201239e+00 -1.308595e-01 1.311379e+00
 1.274732e+00 1.457140e-01 1.165039e+00
 1.247524e+00 4.284989e-01 9.633831e-01
 1.138351e+00 6.343131e-01 7.304601e-01
 8.357497e-01 8.572710e-01 4.095029e-01
 7.557370e-01 1.076321e+00 2.443429e-01
 6.586984e-01 1.364625e+00 1.492143e-01
 4.830869e-01 1.681952e+00 1.713622e-01
 2.326913e-01 1.945061e+00 2.980979e-01
 -5.440448e-02 2.095822e+00 5.113379e-01
 -3.339701e-01 2.104236e+00 7.445311e-01
 -6.052341e-01 1.972898e+00 9.638932e-01
 -8.308237e-01 1.708669e+00 1.147590e+00
 -9.588909e-01 1.367123e+00 1.256526e+00
 -9.764201e-01 9.844270e-01 1.285725e+00
 -6.810925e-01 -1.289902e-01 1.126328e+00
 -6.356334e-01 -2.798888e-01 1.083029e+00
 -6.446226e-01 -5.024521e-01 1.006641e+00
 -7.835641e-01 -9.410147e-01 9.293459e-01
 -8.656058e-01 -1.215869e+00 7.659564e-01
 -8.527383e-01 -1.480960e+00 5.134654e-01
 -7.333340e-01 -1.675884e+00 2.290714e-01
 -5.281403e-01 -1.773352e+00 -4.921910e-02
 -2.754153e-01 -1.757939e+00 -2.948676e-01
 -1.472285e-02 -1.626314e+00 -4.919770e-01
 2.085857e-01 -1.389705e+00 -6.325884e-01
 3.768893e-01 -1.073688e+00 -6.917087e-01
 5.966097e-01 -3.065362e-01 -6.024514e-01
 7.157714e-01 -9.393499e-02 -5.592810e-01
 8.274053e-01 1.902009e-02 -5.297773e-01
 1.501608e+00 6.251827e-01 -3.194387e-01
 1.666182e+00 8.701925e-01 -1.822260e-01
 1.745800e+00 1.120406e+00 9.831082e-03
 1.734153e+00 1.344423e+00 2.388562e-01
 1.634628e+00 1.519963e+00 4.870568e-01
 1.466327e+00 1.622031e+00 7.326590e-01
 1.237463e+00 1.653224e+00 9.422604e-01
 9.655410e-01 1.613660e+00 1.093331e+00
 6.468402e-01 1.509209e+00 1.170122e+00
 3.552819e-01 1.374021e+00 1.143612e+00
 1.073932e-01 1.223881e+00 1.022477e+00
 -6.290880e-02 1.117652e+00 8.333374e-01
 -1.718223e-01 1.080986e+00 6.669970e-01
 -3.229943e-01 1.109297e+00 4.959590e-01
 -5.874912e-01 1.237323e+00 1.921676e-01
 -7.897662e-01 1.201167e+00 -2.106004e-01
 -8.718390e-01 9.935079e-01 -6.123256e-01
 -7.775371e-01 6.874398e-01 -9.535394e-01
 -5.503076e-01 4.078179e-01 -1.137789e+00
 -2.887346e-01 2.910619e-02 -1.163012e+00
 -1.825892e-01 -3.064329e-01 -1.293011e+00
 -2.521026e-02 -5.518256e-01 -1.583981e+00
 1.928413e-01 -6.350485e-01 -1.946494e+00
 4.816654e-01 -5.406857e-01 -2.278077e+00
 7.702297e-01 -2.877079e-01 -2.498251e+00
 1.025991e+00 4.593589e-02 -2.554039e+00
 1.216467e+00 4.038368e-01 -2.448485e+00
 1.290894e+00 7.442250e-01 -2.216681e+00
 1.242342e+00 1.005529e+00 -1.901339e+00
 1.083967e+00 1.149382e+00 -1.555207e+00
 8.475392e-01 1.155843e+00 -1.231075e+00
 1.734394e-01 8.032055e-01 -5.419699e-01
 5.647330e-02 6.329461e-01 -3.385714e-01
 -1.549373e-01 3.326071e-01 -1.773162e-01
 -7.804673e-01 1.544266e-01 1.056841e-01
 -1.161054e+00 -1.077301e-01 2.389354e-01
 -1.337942e+00 -4.110479e-01 2.495961e-01
 -1.520003e+00 -6.009417e-01 1.680956e-01
 -1.700483e+00 -7.827095e-01 -1.648662e-02
 -1.831252e+00 -9.210025e-01 -2.789662e-01
 -1.897739e+00 -9.915441e-01 -5.647082e-01
 -1.895699e+00 -1.006812e+00 -8.655254e-01
 -1.828403e+00 -9.645019e-01 -1.153413e+00
 -1.704176e+00 -8.679303e-01 -1.404930e+00
 -1.535719e+00 -7.237983e-01 -1.600459e+00
 -9.424714e-01 -1.767947e-01 -1.975011e+00
