 7.513652e-01 -9.973339e-01 -6.410828e-01
 9.728282e-01 -9.004900e-01 -4.982547e-01
 1.149495e+00 -7.412742e-01 -3.559270e-01
 1.279830e+00 -5.236186e-01 -2.310953e-01
 1.549326e+00 4.644642e-01 1.465319e-01
 1.548699e+00 7.214869e-01 2.754195e-01
 1.476540e+00 9.566438e-01 4.227434e-01
 1.337204e+00 1.155338e+00 5.734260e-01
 1.148390e+00 1.299800e+00 7.066392e-01
 7.292326e-01 1.500887e+00 8.643324e-01
 5.321026e-01 1.767167e+00 1.025615e+00
 4.252452e-01 2.039885e+00 1.072302e+00
 2.979866e-01 2.344308e+00 9.868876e-01
 1.408699e-01 2.614818e+00 7.747046e-01
 -1.857616e-02 2.776175e+00 4.709492e-01
 -1.704419e-01 2.804848e+00 1.232047e-01
 -2.869126e-01 2.698136e+00 -2.230139e-01
 -3.470508e-01 2.473427e+00 -5.243023e-01
 -3.419380e-01 1.518879e+00 -1.180254e+00
 -3.519636e-01 1.255503e+00 -1.276631e+00
 -3.741352e-01 9.769240e-01 -1.304883e+00
 -4.011998e-01 7.016098e-01 -1.262851e+00
 -4.904525e-01 -1.906241e-01 -8.815260e-01
 -5.228486e-01 -3.411768e-01 -8.019042e-01
 -6.145581e-01 -5.238453e-01 -7.284146e-01
 -7.095327e-01 -7.700010e-01 -7.203154e-01
 -7.842773e-01 -1.045169e+00 -7.826006e-01
 -8.771774e-01 -1.854892e+00 -1.187492e+00
 -7.729679e-01 -2.257145e+00 -1.282255e+00
 -5.462099e-01 -2.619252e+00 -1.254269e+00
 -2.370391e-01 -2.878616e+00 -1.103937e+00
 9.982681e-02 -2.988856e+00 -8.524073e-01
 4.119577e-01 -2.923604e+00 -5.797373e-01
 6.499850e-01 -2.700719e+00 -3.270541e-01
 7.637620e-01 -2.338538e+00 -8.270164e-02
 7.096115e-01 -1.938652e+00 7.770442e-02
 5.023815e-01 -1.580853e+00 1.443708e-01
 1.674731e-01 -1.333055e+00 1.513588e-01
 -3.193561e-01 -1.282009e+00 1.995585e-01
 -5.971808e-01 -1.189014e+00 2.533549e-01
 -8.613746e-01 -1.029315e+00 3.333965e-01
 -1.538883e+00 -4.286265e-01 6.001714e-01
 -1.739422e+00 -7.126228e-02 6.323792e-01
 -1.825236e+00 3.236443e-01 5.614715e-01
 -1.780981e+00 6.896236e-01 4.058604e-01
 -1.605594e+00 9.779742e-01 2.083047e-01
 -1.325677e+00 1.150013e+00 -9.080703e-03
 -9.706615e-01 1.183554e+00 -2.064807e-01
 -6.331826e-01 1.088702e+00 -3.148938e-01
 -1.641604e-01 8.883542e-01 -2.753048e-01
 3.215455e-01 7.944052e-01 7.684249e-02
 4.593089e-01 6.977160e-01 2.347134e-01
 6.613914e-01 3.568960e-01 6.206779e-01
 7.551274e-01 1.386853e-01 7.659982e-01
 8.004988e-01 -1.284884e-01 8.919682e-01
 7.827786e-01 -4.094432e-01 9.890622e-01
 7.012485e-01 -6.827615e-01 1.058520e+00
 2.588498e-01 -1.497857e+00 1.164792e+00
 7.045264e-02 -1.830067e+00 1.058676e+00
 -7.763604e-02 -2.102994e+00 8.195222e-01
 -1.950822e-01 -2.281812e+00 4.557313e-01
 -2.568354e-01 -2.305878e+00 7.063781e-02
 -2.485499e-01 -2.203022e+00 -2.666950e-01
 -1.526941e-01 -2.066537e+00 -4.808043e-01
 8.320950e-03 -1.964797e+00 -6.750144e-01
 3.898281e-01 -1.975206e+00 -1.098314e+00
 6.820077e-01 -1.841336e+00 -1.338028e+00
 9.231515e-01 -1.572820e+00 -1.511996e+00
 1.071812e+00 -1.212338e+00 -1.595317e+00
 1.098994e+00 -8.195660e-01 -1.585174e+00
 1.020991e+00 -4.534915e-01 -1.462545e+00
 8.702077e-01 -1.613109e-01 -1.219208e+00
 6.751160e-01 -1.181397e-02 -9.296263e-01
 4.664819e-01 -2.146327e-03 -5.490865e-01
 2.505732e-01 -2.199602e-01 -1.679000e-01
 1.009414e-01 -2.701431e-01 8.284735e-03
 -2.181590e-01 -3.801438e-01 7.715052e-01
 -4.552417e-01 -3.559161e-01 1.045265e+00
 -7.228908e-01 -2.111784e-01 1.261070e+00
 -9.586216e-01 4.585090e-02 1.402546e+00
 -1.121123e+00 3.736131e-01 1.452704e+00
 -1.187100e+00 7.276677e-01 1.415407e+00
 -1.156418e+00 1.061585e+00 1.296447e+00
 -1.033963e+00 1.338960e+00 1.117112e+00
 -8.328780e-01 1.530705e+00 9.084197e-01
 -9.026626e-02 1.786943e+00 2.283594e-01
 1.698718e-01 1.831818e+00 7.417434e-02
 4.215810e-01 1.977861e+00 7.781692e-03
 7.624874e-01 2.168381e+00 8.347619e-02
 1.077958e+00 2.305423e+00 3.168259e-01
 1.317516e+00 2.340883e+00 6.696112e-01
 1.440108e+00 2.250065e+00 1.047639e+00
 1.455244e+00 2.034558e+00 1.396558e+00
 1.343864e+00 1.743239e+00 1.667683e+00
 1.114376e+00 1.435042e+00 1.822069e+00
 8.081940e-01 1.157723e+00 1.831852e+00
 4.784378e-01 9.524198e-01 1.694126e+00
 -2.108263e-01 6.916065e-01 1.063090e+00
 -4.019719e-01 6.209727e-01 7.628833e-01
 -5.973086e-01 5.675603e-01 5.953222e-01
 -8.062765e-01 3.812932e-01 4.251013e-01
 -8.950653e-01 1.855541e-01 9.471143e-02
 -1.339775e+00 1.404971e-01 -4.160812e-01
 -1.486352e+00 1.593536e-02 -7.763008e-01
 -1.476664e+00 -1.649783e-01 -1.148676e+00
 -1.308088e+00 -3.702786e-01 -1.467957e+00
 -1.006484e+00 -5.662916e-01 -1.681421e+00
 -6.332118e-01 -7.162234e-01 -1.747080e+00
 -2.557493e-01 -8.500018e-01 -1.645925e+00
 5.691490e-02 -9.588071e-01 -1.381174e+00
 3.243586e-01 -9.702044e-01 -9.063174e-01
 5.495716e-01 -1.020269e+00 -7.385434e-01
