 5.758799e-01 -1.206401e+00 -1.095832e+00
 1.178510e+00 -1.381998e+00 -5.360805e-01
 1.481532e+00 -1.507446e+00 -3.964434e-01
 1.844505e+00 -1.567471e+00 -3.777409e-01
 2.241450e+00 -1.480520e+00 -4.288957e-01
 2.561015e+00 -1.262311e+00 -5.206437e-01
 2.765627e+00 -9.391213e-01 -6.171082e-01
 2.826447e+00 -5.682549e-01 -7.197750e-01
 2.741455e+00 -2.087527e-01 -8.187711e-01
 2.529258e+00 9.101664e-02 -9.017883e-01
 2.222584e+00 2.944578e-01 -9.576200e-01
 1.863615e+00 3.782549e-01 -9.788816e-01
 1.499889e+00 3.343529e-01 -9.626542e-01
 1.179136e+00 1.715747e-01 -9.110000e-01
 8.756794e-01 -1.503153e-01 -7.902999e-01
 7.005882e-01 -2.638651e-01 -7.110781e-01
 4.081880e-01 -3.737812e-01 -5.319642e-01
 1.667141e-01 -4.135086e-01 -3.989260e-01
 -1.335972e-01 -4.010426e-01 -2.425973e-01
 -5.771223e-01 -3.573851e-01 6.562493e-02
 -8.009399e-01 -4.385978e-01 3.565013e-01
 -1.057524e+00 -7.600080e-01 5.881079e-01
 -1.162301e+00 -9.568398e-01 8.637341e-01
 -1.257239e+00 -1.039032e+00 1.244621e+00
 -1.328789e+00 -9.670363e-01 1.626324e+00
 -1.366500e+00 -7.548277e-01 1.955571e+00
 -1.347317e+00 -4.404539e-01 2.188575e+00
 -1.276738e+00 -7.229455e-02 2.292030e+00
 -1.166491e+00 2.962694e-01 2.253427e+00
 -1.026503e+00 6.106252e-01 2.082271e+00
 -8.774688e-01 8.287635e-01 1.803291e+00
 -7.466491e-01 9.217607e-01 1.452061e+00
 -6.533116e-01 8.745152e-01 1.082357e+00
 -5.752271e-01 6.736913e-01 7.281994e-01
 -4.999194e-01 6.001608e-01 4.519528e-01
 -2.189257e-01 6.128107e-01 -1.028431e-02
 -1.748137e-02 5.916647e-01 -3.813503e-01
 5.168318e-02 5.782726e-01 -5.132995e-01
 1.112627e-01 5.824023e-01 -6.068419e-01
 2.295344e-01 6.219642e-01 -7.768351e-01
 3.709652e-01 7.726204e-01 -1.063612e+00
 4.323925e-01 1.102257e+00 -1.361748e+00
 3.438188e-01 1.502182e+00 -1.552220e+00
 1.193363e-01 1.897009e+00 -1.594908e+00
 -2.009043e-01 2.209292e+00 -1.475510e+00
 -5.584166e-01 2.372679e+00 -1.207081e+00
 -1.479822e+00 2.269011e+00 -1.263997e-01
 -1.666527e+00 2.119162e+00 1.598926e-01
 -1.774136e+00 1.851563e+00 4.188730e-01
 -1.783685e+00 1.496132e+00 6.025283e-01
 -1.709078e+00 1.090290e+00 6.559039e-01
 -1.578918e+00 7.810856e-01 5.739237e-01
 -1.519662e+00 5.668104e-01 4.050285e-01
 -1.514052e+00 4.380363e-01 3.016575e-01
 -1.613943e+00 -1.051341e-01 -1.566823e-01
 -1.555396e+00 -4.497074e-01 -3.317535e-01
 -1.384748e+00 -7.915775e-01 -4.189966e-01
 -1.135228e+00 -1.080028e+00 -4.003915e-01
 -8.428595e-01 -1.281797e+00 -2.786356e-01
 -5.580977e-01 -1.379606e+00 -6.670438e-02
 -3.040780e-01 -1.354095e+00 1.978153e-01
 -9.454579e-02 -1.186048e+00 4.835606e-01
 4.959651e-03 -9.357473e-01 7.160056e-01
 8.461941e-02 -6.844748e-01 7.963474e-01
 1.796239e-01 -2.053751e-01 7.781181e-01
 4.187518e-01 4.524460e-01 9.028810e-01
 4.219591e-01 8.958013e-01 8.502933e-01
 2.410051e-01 1.303977e+00 7.052143e-01
 -6.202630e-02 1.551703e+00 5.368748e-01
 -4.809691e-01 1.623047e+00 3.187026e-01
 -7.584987e-01 1.542082e+00 1.838578e-01
 -1.080640e+00 1.320931e+00 -1.181642e-01
 -1.315276e+00 1.271363e+00 -3.084286e-01
 -1.721400e+00 1.186675e+00 -3.839706e-01
 -2.095220e+00 1.033417e+00 -2.975745e-01
 -2.370246e+00 8.312367e-01 -9.650502e-02
 -2.516566e+00 5.954570e-01 1.773345e-01
 -2.518007e+00 3.592892e-01 4.778192e-01
 -2.382391e+00 1.559267e-01 7.647023e-01
 -2.132958e+00 1.771379e-02 1.007003e+00
 -1.806493e+00 -3.907433e-02 1.171748e+00
 -1.136431e+00 -1.435276e-02 1.275502e+00
 -8.962617e-01 -8.548455e-02 1.339519e+00
 -1.869144e-01 -2.181758e-01 1.724891e+00
 5.819063e-02 -2.631691e-01 1.784028e+00
 3.126024e-01 -3.122259e-01 1.779065e+00
 5.525003e-01 -3.528507e-01 1.714943e+00
 1.183804e+00 -4.190446e-01 1.375083e+00
 1.744792e+00 -4.830548e-01 9.837174e-01
 1.972531e+00 -5.240660e-01 6.119950e-01
 2.028679e+00 -5.402146e-01 1.840409e-01
 1.850442e+00 -5.323444e-01 -4.106749e-01
 1.808277e+00 -5.713962e-01 -6.110641e-01
 1.809166e+00 -6.510354e-01 -8.766405e-01
 1.827353e+00 -8.836889e-01 -1.159932e+00
 1.786491e+00 -1.229324e+00 -1.351823e+00
 1.684351e+00 -1.606218e+00 -1.408740e+00
 1.509516e+00 -1.959824e+00 -1.328609e+00
 1.293468e+00 -2.236063e+00 -1.111494e+00
 1.075137e+00 -2.385830e+00 -7.769676e-01
 8.939718e-01 -2.367969e+00 -3.725033e-01
 7.906250e-01 -2.164552e+00 3.096318e-02
 7.988287e-01 -1.793961e+00 3.447510e-01
 9.130036e-01 -1.391335e+00 4.599004e-01
 1.005964e+00 -4.662212e-01 2.731953e-01
 1.052833e+00 -2.016544e-01 2.474090e-01
 1.053890e+00 1.688310e-01 1.460757e-01
 8.214055e-01 1.141500e+00 -1.127948e-01
 5.451830e-01 1.460225e+00 -2.728152e-01
 1.774523e-01 1.604925e+00 -4.667301e-01
 -2.041863e-01 1.552069e+00 -6.620048e-01
 -4.402606e-01 1.388347e+00 -8.835039e-01
 -5.867501e-01 1.167006e+00 -1.055412e+00
 -6.530492e-01 9.060245e-01 -1.193040e+00
 -6.426036e-01 6.345301e-01 -1.290652e+00
 -5.678205e-01 3.772111e-01 -1.345245e+00
 -4.987415e-02 -5.628668e-01 -1.410636e+00
 9.030318e-02 -7.799923e-01 -1.398801e+00
 2.452773e-01 -9.632627e-01 -1.337342e+00
 4.109603e-01 -1.108319e+00 -1.232390e+00
