 7.557174e-01 1.221063e+00 -3.483974e-01
 1.061368e+00 9.644885e-01 -4.589233e-01
 1.353781e+00 8.676927e-01 -4.854595e-01
 1.722320e+00 8.710837e-01 -4.223607e-01
 2.027110e+00 8.979083e-01 -2.252012e-01
 2.239543e+00 9.175202e-01 8.961846e-02
 2.318465e+00 8.989842e-01 4.827810e-01
 2.234804e+00 8.436040e-01 9.083413e-01
 2.022219e+00 7.962065e-01 1.230946e+00
 1.704043e+00 7.462574e-01 1.449002e+00
 1.327484e+00 7.028375e-01 1.531274e+00
 9.469167e-01 6.738592e-01 1.467079e+00
 -2.924118e-02 6.393761e-01 8.730453e-01
 -2.365194e-01 6.263122e-01 6.782504e-01
 -4.476533e-01 6.388888e-01 5.599781e-01
 -7.233852e-01 5.915766e-01 4.864644e-01
 -9.629002e-01 4.824177e-01 4.646388e-01
 -1.122066e+00 3.469033e-01 4.443508e-01
 -1.333778e+00 1.140931e-01 2.909212e-01
 -1.589195e+00 2.051497e-02 1.141865e-01
 -1.891987e+00 7.778396e-02 -1.524222e-01
 -2.049848e+00 2.111371e-01 -4.802854e-01
 -2.055774e+00 3.637841e-01 -8.256281e-01
 -1.918493e+00 5.059062e-01 -1.146358e+00
 -1.616333e+00 6.417250e-01 -1.434604e+00
 -1.259683e+00 7.238784e-01 -1.575319e+00
 -8.671710e-01 7.580047e-01 -1.576773e+00
 -4.977403e-01 7.381238e-01 -1.437088e+00
 -2.077399e-01 6.665050e-01 -1.176168e+00
 2.137838e-01 3.728839e-01 -3.067336e-01
 3.498497e-01 2.990454e-01 -7.545631e-02
 4.657974e-01 1.782211e-01 1.130613e-01
 5.720864e-01 -1.693870e-01 4.989670e-01
 8.852012e-01 -5.546962e-01 7.252349e-01
 1.071388e+00 -9.396914e-01 7.493243e-01
 1.111953e+00 -1.379176e+00 6.569458e-01
 9.876734e-01 -1.768704e+00 4.653986e-01
 7.119385e-01 -2.036806e+00 2.326547e-01
 3.393751e-01 -2.132371e+00 8.973592e-04
 -6.323538e-02 -2.040616e+00 -1.775944e-01
 -4.269655e-01 -1.792733e+00 -2.410957e-01
 -6.953469e-01 -1.465630e+00 -1.488204e-01
 -8.272688e-01 -1.294404e+00 2.470323e-02
 -1.653433e+00 -6.784042e-01 8.705639e-01
 -1.871730e+00 -3.823743e-01 1.020491e+00
 -2.029248e+00 -1.650892e-02 1.045575e+00
 -2.101427e+00 3.640100e-01 9.395393e-01
 -2.076035e+00 6.995529e-01 7.162999e-01
 -1.937836e+00 9.635119e-01 3.797638e-01
 -1.737382e+00 1.067114e+00 6.910628e-02
 -1.483357e+00 1.028077e+00 -2.273933e-01
 -1.235881e+00 8.462979e-01 -4.469712e-01
 -1.042173e+00 5.281266e-01 -5.894161e-01
 -1.015320e+00 2.285208e-01 -6.996951e-01
 -1.134332e+00 -7.108361e-02 -8.308622e-01
 -1.207268e+00 -2.309978e-01 -8.466776e-01
 -1.664687e+00 -1.317515e+00 -5.733762e-01
 -1.701474e+00 -1.672961e+00 -3.627989e-01
 -1.606254e+00 -1.957107e+00 -7.518489e-02
 -1.393474e+00 -2.123135e+00 2.412788e-01
 -1.092098e+00 -2.147989e+00 5.269419e-01
 -7.416624e-01 -2.034728e+00 7.259041e-01
 -3.977919e-01 -1.808410e+00 7.968602e-01
 -1.136334e-01 -1.520139e+00 7.198121e-01
 8.349057e-02 -1.247188e+00 4.930089e-01
 2.024130e-01 -1.141161e+00 2.421858e-01
 2.824620e-01 -1.113027e+00 1.093970e-01
 4.319257e-01 -1.059320e+00 -5.280577e-02
 5.583305e-01 -9.416370e-01 -1.902413e-01
 6.725533e-01 -7.191926e-01 -3.678864e-01
 6.972514e-01 -5.325356e-01 -5.531457e-01
 7.969664e-01 -2.481504e-01 -8.440170e-01
 1.015944e+00 5.350921e-01 -1.392109e+00
 1.109396e+00 8.434402e-01 -1.478744e+00
 1.215011e+00 1.158732e+00 -1.456574e+00
 1.321185e+00 1.446720e+00 -1.328533e+00
 1.416404e+00 1.676581e+00 -1.109118e+00
 1.490490e+00 1.824201e+00 -8.225302e-01
 1.542077e+00 1.882983e+00 -4.481337e-01
 1.547354e+00 1.828263e+00 -1.175617e-01
 1.503708e+00 1.678797e+00 1.762306e-01
 1.423274e+00 1.450516e+00 3.929921e-01
 1.342098e+00 1.200877e+00 4.987939e-01
 1.279819e+00 9.152751e-01 5.296452e-01
 1.317130e+00 6.176298e-01 4.993038e-01
 1.475924e+00 3.101979e-01 4.004782e-01
 1.704265e+00 -6.426185e-01 -4.337341e-01
 1.636800e+00 -9.044228e-01 -6.886567e-01
 1.449631e+00 -1.115102e+00 -9.202434e-01
 1.163859e+00 -1.258626e+00 -1.097279e+00
 8.162387e-01 -1.316346e+00 -1.196071e+00
 4.512699e-01 -1.280747e+00 -1.203106e+00
 1.164978e-01 -1.156278e+00 -1.116520e+00
 -1.439264e-01 -9.591986e-01 -9.468138e-01
 -2.959731e-01 -7.219138e-01 -7.107704e-01
 -3.741295e-01 -4.446843e-01 -2.756764e-01
 -4.109051e-01 -3.430787e-01 1.399007e-01
 -4.229289e-01 -3.829428e-01 6.173916e-01
 -5.520535e-01 -2.943082e-01 9.998953e-01
 -6.974094e-01 -3.752214e-02 1.307083e+00
 -8.121641e-01 3.323894e-01 1.477587e+00
 -8.389763e-01 7.459373e-01 1.504367e+00
 -7.658731e-01 1.134079e+00 1.399647e+00
 -6.046967e-01 1.436945e+00 1.188962e+00
 -3.810654e-01 1.612354e+00 9.135830e-01
 -1.276600e-01 1.640761e+00 6.166823e-01
