 2.687561e-01 1.337723e+00 1.842009e+00
 5.133126e-01 1.643398e+00 1.774870e+00
 7.284586e-01 1.832414e+00 1.645783e+00
 9.420116e-01 1.954912e+00 1.447752e+00
 1.130758e+00 2.000604e+00 1.195874e+00
 1.273122e+00 1.966104e+00 9.106325e-01
 1.350693e+00 1.856260e+00 6.181627e-01
 1.352043e+00 1.683939e+00 3.448741e-01
 1.273620e+00 1.469401e+00 1.164651e-01
 1.081284e+00 1.190968e+00 -8.793891e-02
 7.378535e-01 8.950994e-01 -2.365434e-01
 3.623945e-01 7.212979e-01 -3.001676e-01
 1.197862e-01 6.362112e-01 -3.030253e-01
 -2.286455e-01 5.477360e-01 -2.405280e-01
 -5.454192e-01 5.624493e-01 -1.620447e-01
 -8.816334e-01 6.252859e-01 -2.302772e-01
 -1.194177e+00 6.311678e-01 -4.316523e-01
 -1.437247e+00 5.242497e-01 -7.082225e-01
 -1.569690e+00 3.282963e-01 -9.978314e-01
 -1.593302e+00 6.218811e-02 -1.252654e+00
 -1.500258e+00 -2.519125e-01 -1.446037e+00
 -1.333305e+00 -5.538582e-01 -1.525265e+00
 -1.133749e+00 -8.107444e-01 -1.495870e+00
 -9.541482e-01 -1.006946e+00 -1.374035e+00
 -8.295176e-01 -1.163706e+00 -1.176128e+00
 -8.015163e-01 -1.313731e+00 -9.508522e-01
 -8.292850e-01 -1.540632e+00 -7.684234e-01
 -7.815669e-01 -1.830998e+00 -6.568101e-01
 -6.279522e-01 -2.093231e+00 -5.873861e-01
 -3.817981e-01 -2.294355e+00 -5.170143e-01
 -8.556037e-02 -2.399726e+00 -4.473905e-01
 2.478115e-01 -2.403707e+00 -3.718202e-01
 5.488626e-01 -2.297235e+00 -2.855942e-01
 8.018563e-01 -2.094338e+00 -1.890016e-01
 9.626208e-01 -1.825582e+00 -9.239254e-02
 1.017717e+00 -1.534590e+00 1.035736e-02
 9.656069e-01 -1.242932e+00 1.347494e-01
 8.374489e-01 -1.021256e+00 2.738143e-01
 6.768963e-01 -8.940829e-01 4.518461e-01
 5.546055e-01 -8.209829e-01 6.972617e-01
 5.275574e-01 -7.181688e-01 9.929654e-01
 5.844070e-01 -5.191358e-01 1.262250e+00
 6.851557e-01 -2.194387e-01 1.449540e+00
 7.872558e-01 1.386327e-01 1.509387e+00
 8.694408e-01 4.973098e-01 1.431502e+00
 8.914122e-01 7.914271e-01 1.250916e+00
 8.098420e-01 1.015604e+00 1.026625e+00
 4.429337e-01 1.360576e+00 6.993449e-01
 2.892198e-01 1.488703e+00 4.871887e-01
 1.254276e-01 1.545946e+00 2.598239e-01
 -2.813884e-01 1.564736e+00 -1.423438e-01
 -4.150491e-01 1.534363e+00 -4.588297e-01
 -4.681543e-01 1.391033e+00 -7.768186e-01
 -4.953901e-01 1.121240e+00 -1.042435e+00
 -5.205452e-01 7.787011e-01 -1.189472e+00
 -5.450937e-01 3.996286e-01 -1.199807e+00
 -5.815449e-01 6.414508e-02 -1.067402e+00
 -6.738620e-01 -1.738844e-01 -8.460644e-01
 -8.958648e-01 -3.407662e-01 -5.960883e-01
 -1.189866e+00 -4.872763e-01 -4.896962e-01
 -1.506439e+00 -7.105037e-01 -5.240581e-01
 -1.741428e+00 -1.005391e+00 -6.891471e-01
 -1.830370e+00 -1.348763e+00 -9.512099e-01
 -1.737083e+00 -1.657531e+00 -1.243833e+00
 -1.466230e+00 -1.910699e+00 -1.486741e+00
 -1.063623e+00 -2.054911e+00 -1.633383e+00
 -6.146937e-01 -2.055261e+00 -1.649310e+00
 -1.862180e-01 -1.928309e+00 -1.501041e+00
 1.036840e-01 -1.718951e+00 -1.217345e+00
 2.046347e-01 -1.499068e+00 -8.514131e-01
 1.289666e-01 -1.377509e+00 -4.825931e-01
 -8.752039e-03 -1.439322e+00 -9.985525e-02
 -1.078185e-02 -1.608071e+00 2.206068e-01
 1.483591e-01 -1.765511e+00 5.283178e-01
 4.360349e-01 -1.833979e+00 8.017082e-01
 7.737026e-01 -1.776750e+00 9.887783e-01
 1.109977e+00 -1.587596e+00 1.089903e+00
 1.391081e+00 -1.273274e+00 1.097749e+00
 1.536327e+00 -9.096862e-01 1.018593e+00
 1.533823e+00 -5.116390e-01 8.649534e-01
 1.368163e+00 -1.739936e-01 6.855784e-01
 1.085695e+00 4.190445e-02 5.302336e-01
 7.417323e-01 1.490487e-01 4.678679e-01
 4.440534e-01 1.924974e-01 5.493776e-01
 1.378611e-01 3.225817e-01 6.807176e-01
 -9.603968e-02 4.884865e-01 7.556310e-01
 -3.980752e-01 7.936208e-01 8.369820e-01
 -6.068435e-01 1.220260e+00 9.028576e-01
 -6.719365e-01 1.613867e+00 8.938284e-01
 -6.465450e-01 1.934346e+00 8.156057e-01
 -5.549780e-01 2.210941e+00 6.694134e-01
 -4.130717e-01 2.417595e+00 4.702392e-01
 -2.405640e-01 2.538072e+00 2.373977e-01
 -5.798816e-02 2.566365e+00 -8.674954e-03
 1.152522e-01 2.505252e+00 -2.483018e-01
 2.628592e-01 2.364146e+00 -4.648728e-01
 4.046568e-01 2.087310e+00 -7.091601e-01
 4.855038e-01 1.687317e+00 -9.563698e-01
 4.996679e-01 1.077309e+00 -1.245988e+00
 4.925427e-01 7.421237e-01 -1.302814e+00
 4.767305e-01 4.420979e-01 -1.265600e+00
 4.457802e-01 1.381229e-01 -1.132303e+00
 3.939774e-01 -1.179520e-01 -9.194359e-01
 3.213537e-01 -2.825041e-01 -6.739316e-01
 2.013844e-01 -3.770402e-01 -3.819074e-01
 -2.840911e-01 -4.901615e-01 2.394911e-01
 -3.996446e-01 -5.189748e-01 5.346937e-01
 -4.402416e-01 -4.958511e-01 8.214294e-01
 -4.309957e-01 -3.979270e-01 1.134644e+00
 -3.773253e-01 -2.283579e-01 1.411914e+00
 -3.001704e-01 -9.434547e-03 1.612130e+00
 -1.948152e-01 2.852584e-01 1.748627e+00
 5.049782e-02 9.378651e-01 1.839884e+00
