 -2.504459e+00 -3.313415e-01 -3.469964e-01
 -2.427848e+00 -7.413106e-01 -3.255194e-01
 -2.196506e+00 -1.094009e+00 -2.561588e-01
 -1.864193e+00 -1.323345e+00 -1.415228e-01
 -1.503711e+00 -1.391845e+00 -1.669408e-03
 -1.150561e+00 -1.299083e+00 1.101106e-01
 -8.008570e-01 -1.022560e+00 1.842994e-01
 -6.169110e-01 -7.013418e-01 1.998524e-01
 -5.002706e-01 -3.629793e-01 6.650412e-02
 -2.123946e-01 -8.213315e-02 -1.443220e-02
 3.445136e-01 2.815788e-01 6.374833e-02
 5.035079e-01 7.191657e-01 3.453640e-04
 5.103538e-01 1.060278e+00 -9.644028e-03
 4.080165e-01 1.387417e+00 1.738863e-02
 2.163740e-01 1.656141e+00 8.315375e-02
 -3.486189e-01 2.052172e+00 2.571044e-01
 -1.002250e+00 2.402242e+00 4.595734e-01
 -1.368890e+00 2.437526e+00 5.837689e-01
 -1.721115e+00 2.324377e+00 7.116325e-01
 -2.007255e+00 2.075487e+00 8.234353e-01
 -2.182141e+00 1.724553e+00 9.005662e-01
 -2.215235e+00 1.323403e+00 9.286593e-01
 -2.098068e+00 9.348055e-01 9.007705e-01
 -1.832540e+00 6.071916e-01 8.203637e-01
 -1.576900e+00 4.832234e-01 7.358919e-01
 -1.364115e+00 4.319317e-01 7.246131e-01
 -1.138432e+00 3.220674e-01 7.681096e-01
 -9.372948e-01 1.947729e-01 8.614365e-01
 -4.567613e-01 -5.220118e-02 1.037281e+00
 -1.249871e-01 -2.731048e-01 1.019159e+00
 1.248288e-01 -5.005403e-01 8.810339e-01
 3.238991e-01 -6.763314e-01 6.262581e-01
 5.202825e-01 -6.989211e-01 4.401709e-01
 7.850541e-01 -7.899156e-01 2.829189e-01
 1.340273e+00 -1.366003e+00 -8.799115e-02
 1.499620e+00 -1.531735e+00 -3.008423e-01
 1.626711e+00 -1.628866e+00 -5.789414e-01
 1.706509e+00 -1.642320e+00 -8.937795e-01
 1.726437e+00 -1.565106e+00 -1.234307e+00
 1.685030e+00 -1.399554e+00 -1.536851e+00
 1.592447e+00 -1.169355e+00 -1.756833e+00
 1.438825e+00 -9.000501e-01 -1.883093e+00
 1.226905e+00 -5.971258e-01 -1.896583e+00
 1.010678e+00 -3.272442e-01 -1.792086e+00
 8.115706e-01 -1.214994e-01 -1.582615e+00
 5.729863e-01 4.865312e-02 -1.163715e+00
 3.953974e-01 2.195682e-01 -9.935148e-01
 4.646997e-03 5.436576e-01 -8.885382e-01
 -2.150406e-01 7.168225e-01 -7.279900e-01
 -3.849203e-01 8.480706e-01 -4.875264e-01
 -4.868055e-01 9.228347e-01 -1.892506e-01
 -5.019709e-01 9.289466e-01 1.077657e-01
 -4.296956e-01 9.127908e-01 3.592633e-01
 -3.171659e-01 9.379885e-01 5.818316e-01
 1.953509e-01 9.461861e-01 1.103367e+00
 7.217301e-01 9.256081e-01 1.537142e+00
 1.074562e+00 8.339552e-01 1.676128e+00
 1.439241e+00 6.789873e-01 1.681547e+00
 1.759503e+00 4.709902e-01 1.548468e+00
 1.982150e+00 2.456114e-01 1.283552e+00
 2.054552e+00 2.286199e-02 9.413832e-01
 1.942180e+00 -1.687695e-01 5.645834e-01
 1.709438e+00 -2.239888e-01 2.177048e-01
 1.501921e+00 -1.372089e-01 -1.650375e-03
 1.322855e+00 5.453588e-02 -1.889648e-01
 1.289830e+00 2.476299e-01 -4.156099e-01
 1.303235e+00 6.311252e-01 -7.380938e-01
 1.213173e+00 8.408879e-01 -1.026395e+00
 1.028473e+00 9.579477e-01 -1.320463e+00
 7.747153e-01 9.689363e-01 -1.580231e+00
 4.623921e-01 8.566858e-01 -1.803715e+00
 1.841649e-01 6.535511e-01 -1.919414e+00
 -4.850002e-02 3.848330e-01 -1.926076e+00
 -2.195410e-01 8.092318e-02 -1.818433e+00
 -3.209924e-01 -2.284167e-01 -1.585121e+00
 -3.082473e-01 -4.683570e-01 -1.290749e+00
 -1.325011e-01 -6.904696e-01 -8.474695e-01
 2.778770e-02 -1.186914e+00 -4.139882e-01
 1.384586e-01 -1.558927e+00 4.348396e-02
 2.472892e-01 -1.675018e+00 3.360879e-01
 4.193646e-01 -1.696812e+00 6.299916e-01
 6.377336e-01 -1.615679e+00 8.855905e-01
 8.545960e-01 -1.414351e+00 1.098476e+00
 1.023655e+00 -1.110229e+00 1.236975e+00
 1.116518e+00 -7.419783e-01 1.276133e+00
 1.110465e+00 -3.643497e-01 1.209877e+00
 1.016619e+00 2.812428e-02 9.899502e-01
 1.062131e+00 3.257323e-01 7.867131e-01
 1.240969e+00 6.032399e-01 6.684621e-01
 1.496587e+00 7.721082e-01 5.122342e-01
 1.782130e+00 8.182070e-01 3.067848e-01
 2.055279e+00 7.358425e-01 5.641854e-02
 2.248911e+00 5.377095e-01 -2.078506e-01
 2.308088e+00 2.839390e-01 -4.671533e-01
 2.232341e+00 -1.333404e-02 -7.041253e-01
 2.027500e+00 -2.981761e-01 -8.668642e-01
 1.718808e+00 -5.360734e-01 -9.319967e-01
 1.268813e+00 -7.188581e-01 -8.804294e-01
 1.075782e+00 -8.435109e-01 -9.155084e-01
 8.987070e-01 -1.007795e+00 -1.019411e+00
 6.645109e-01 -1.271228e+00 -1.271828e+00
 3.576407e-01 -1.441405e+00 -1.415646e+00
 -4.380939e-03 -1.538225e+00 -1.454566e+00
 -3.689558e-01 -1.546552e+00 -1.390080e+00
 -7.465396e-01 -1.438456e+00 -1.228417e+00
 -1.010513e+00 -1.221976e+00 -1.046655e+00
 -1.276712e+00 -6.693746e-01 -6.932341e-01
 -1.386316e+00 -4.736890e-01 -4.656629e-01
 -1.487675e+00 -3.569039e-01 -2.039238e-01
 -1.524805e+00 -3.372411e-01 -5.498752e-02
 -1.589411e+00 -3.627965e-01 1.300729e-01
 -1.691955e+00 -4.850702e-01 4.395021e-01
 -1.712595e+00 -5.270829e-01 7.540187e-01
 -1.705145e+00 -4.630026e-01 1.085944e+00
 -1.671382e+00 -3.010285e-01 1.373127e+00
 -1.607153e+00 -6.935818e-02 1.585467e+00
 -1.505947e+00 2.076487e-01 1.711664e+00
 -1.394821e+00 4.942333e-01 1.740338e+00
 -1.299548e+00 7.829958e-01 1.674368e+00
 -1.230944e+00 1.047100e+00 1.519160e+00
 -1.184567e+00 1.252168e+00 1.291030e+00
 -1.177258e+00 1.387224e+00 1.009034e+00
 -1.210459e+00 1.432719e+00 7.201358e-01
 -1.332653e+00 1.412105e+00 3.856761e-01
 -1.536185e+00 1.269819e+00 8.099697e-02
 -1.773149e+00 1.027106e+00 -1.170087e-01
 -2.418251e+00 7.548492e-02 -3.264783e-01
