 2.521722e+00 9.219376e-01 5.064959e-01
 2.493258e+00 5.556003e-01 3.310723e-01
 2.309481e+00 2.279414e-01 1.755373e-01
 2.001609e+00 -1.928457e-02 8.307049e-02
 1.620167e+00 -1.441227e-01 6.878309e-02
 1.254348e+00 -1.420148e-01 1.501509e-01
 7.442081e-01 -2.552176e-02 5.305294e-01
 2.719328e-01 9.883704e-02 6.096511e-01
 7.478740e-02 1.655612e-01 5.685545e-01
 -2.714762e-01 2.664373e-01 3.501563e-01
 -6.189401e-01 2.049317e-01 8.943329e-02
 -7.655621e-01 1.555566e-01 1.034938e-02
 -9.790806e-01 1.205056e-02 -1.240318e-01
 -1.626492e+00 -7.184416e-01 -6.610354e-01
 -1.724313e+00 -9.842039e-01 -9.041550e-01
 -1.691109e+00 -1.231707e+00 -1.182441e+00
 -1.531649e+00 -1.425534e+00 -1.459832e+00
 -1.269763e+00 -1.537057e+00 -1.698996e+00
 -8.880253e-01 -1.569971e+00 -1.880091e+00
 -5.150934e-01 -1.509872e+00 -1.929661e+00
 -1.769797e-01 -1.360511e+00 -1.869155e+00
 7.976687e-02 -1.129980e+00 -1.706532e+00
 2.031855e-01 -8.264722e-01 -1.493214e+00
 1.909213e-01 -5.289103e-01 -1.382737e+00
 1.132434e-01 -1.884216e-01 -1.390954e+00
 -7.803798e-02 1.032745e-01 -1.335780e+00
 -2.604887e-01 4.131649e-01 -1.161005e+00
 -3.784036e-01 7.599542e-01 -8.219708e-01
 -4.256773e-01 1.119309e+00 -3.107637e-01
 -4.344028e-01 1.323871e+00 3.555693e-01
 -4.940084e-01 1.487212e+00 6.167611e-01
 -7.176707e-01 1.630898e+00 9.203232e-01
 -1.030854e+00 1.646087e+00 1.181117e+00
 -1.360269e+00 1.505743e+00 1.386444e+00
 -1.647097e+00 1.231823e+00 1.501288e+00
 -1.844379e+00 8.682082e-01 1.507021e+00
 -1.918870e+00 4.739109e-01 1.402345e+00
 -1.855944e+00 1.207972e-01 1.211731e+00
 -1.640759e+00 -1.647839e-01 1.001410e+00
 -1.323058e+00 -3.351566e-01 8.528694e-01
 -9.587425e-01 -4.042267e-01 8.174068e-01
 -6.925559e-01 -4.641127e-01 8.995758e-01
 -5.311310e-01 -5.430187e-01 9.573736e-01
 -2.736871e-01 -6.921561e-01 9.769676e-01
 8.216670e-03 -8.289259e-01 8.868447e-01
 2.788398e-01 -9.346345e-01 6.864663e-01
 4.992601e-01 -9.982446e-01 4.141554e-01
 7.765161e-01 -1.010645e+00 -3.794368e-02
 8.757904e-01 -9.798192e-01 -2.575721e-01
 1.205852e+00 -6.417309e-01 -1.309376e+00
 1.178554e+00 -5.307219e-01 -1.661197e+00
 1.020419e+00 -4.360431e-01 -1.984154e+00
 7.505443e-01 -3.728540e-01 -2.235390e+00
 4.064007e-01 -3.527065e-01 -2.379282e+00
 -1.909899e-02 -3.625226e-01 -2.393012e+00
 -3.793587e-01 -3.974059e-01 -2.259397e+00
 -6.569850e-01 -4.648719e-01 -2.003841e+00
 -8.067618e-01 -5.641606e-01 -1.658350e+00
 -8.029276e-01 -7.188654e-01 -1.293198e+00
 -7.121408e-01 -9.362762e-01 -1.067298e+00
 -6.038449e-01 -1.250751e+00 -9.477128e-01
 -3.737216e-01 -1.481247e+00 -8.455462e-01
 5.006922e-01 -1.987165e+00 -8.733458e-02
 7.450380e-01 -2.018448e+00 1.288214e-01
 9.869924e-01 -1.946040e+00 3.412604e-01
 1.197721e+00 -1.775918e+00 5.323173e-01
 1.351744e+00 -1.524300e+00 6.868616e-01
 1.657457e+00 -3.445014e-01 1.077849e+00
 1.692519e+00 -1.098654e-02 1.082878e+00
 1.666501e+00 3.090874e-01 9.976626e-01
 1.596397e+00 5.836324e-01 8.214306e-01
 1.522719e+00 7.266205e-01 6.308560e-01
 1.504456e+00 8.055203e-01 4.210408e-01
 1.540824e+00 9.417313e-01 1.898556e-01
 1.505970e+00 1.205987e+00 -2.284518e-02
 1.312802e+00 1.520129e+00 -2.017044e-01
 9.854780e-01 1.768498e+00 -2.951393e-01
 -3.338623e-01 2.196941e+00 -2.616467e-01
 -7.389377e-01 2.171866e+00 -1.972543e-01
 -1.096190e+00 1.998498e+00 -8.631768e-02
 -1.347617e+00 1.706554e+00 6.268435e-02
 -1.455382e+00 1.337862e+00 2.486119e-01
 -1.400259e+00 9.966502e-01 4.617600e-01
 -1.215304e+00 7.511111e-01 6.860365e-01
 -9.712861e-01 6.204341e-01 9.931759e-01
 -8.876457e-01 4.776389e-01 1.344084e+00
 -9.179505e-01 2.035677e-01 1.653178e+00
 -1.015100e+00 -1.831468e-01 1.834171e+00
 -1.105075e+00 -6.138253e-01 1.828729e+00
 -1.148995e+00 -1.011089e+00 1.641546e+00
 -1.125024e+00 -1.302525e+00 1.312122e+00
 -1.033991e+00 -1.435998e+00 9.032819e-01
 -8.833337e-01 -1.389746e+00 4.932395e-01
 -6.988937e-01 -1.178564e+00 1.659276e-01
 -3.741452e-01 -7.983056e-01 -7.426466e-02
 -5.341372e-02 -5.155949e-01 -3.659087e-01
 2.849887e-01 -1.473876e-01 -4.003647e-01
 4.032994e-01 1.726219e-01 -4.318881e-01
 4.740699e-01 5.000644e-01 -3.311051e-01
 5.108000e-01 7.891164e-01 -1.185278e-01
 5.463955e-01 1.126756e+00 3.988891e-01
 6.699325e-01 1.362012e+00 5.979365e-01
 9.507591e-01 1.592446e+00 7.640053e-01
 1.336642e+00 1.718369e+00 8.523112e-01
 1.749465e+00 1.702125e+00 8.570143e-01
 2.119034e+00 1.543642e+00 7.916229e-01
 2.390043e+00 1.268860e+00 6.693100e-01
