 1.303161e-01 1.678512e-01 2.005451e+00
 8.290509e-02 -2.901735e-02 1.888018e+00
 4.334366e-02 -2.642490e-01 1.809328e+00
 -2.497776e-01 -1.031503e+00 1.825293e+00
 -4.370905e-01 -1.383831e+00 1.667092e+00
 -6.218833e-01 -1.631237e+00 1.365629e+00
 -7.658521e-01 -1.729318e+00 9.753186e-01
 -8.310996e-01 -1.666791e+00 5.523780e-01
 -7.946360e-01 -1.441516e+00 1.686603e-01
 -7.154197e-01 -1.144627e+00 -4.205462e-02
 -4.696462e-01 -7.827592e-01 -1.967454e-01
 -3.495442e-01 -6.173478e-01 -4.073450e-01
 -2.518134e-01 -5.394786e-01 -7.133617e-01
 -1.778688e-02 -5.511326e-01 -9.921969e-01
 3.473923e-01 -5.862698e-01 -1.174991e+00
 5.727618e-01 -5.510652e-01 -1.347485e+00
 7.399485e-01 -4.970953e-01 -1.641937e+00
 8.023932e-01 -3.543721e-01 -1.985282e+00
 7.551104e-01 -1.076805e-01 -2.292912e+00
 6.144919e-01 2.103369e-01 -2.498114e+00
 4.156836e-01 5.332358e-01 -2.557749e+00
 1.934301e-01 8.380911e-01 -2.470637e+00
 6.344373e-03 1.101585e+00 -2.242335e+00
 -1.250493e-01 1.265368e+00 -1.914409e+00
 -1.729619e-01 1.319813e+00 -1.509496e+00
 -9.411732e-02 1.266513e+00 -1.128636e+00
 6.755375e-02 1.190323e+00 -9.048887e-01
 6.198579e-01 1.175596e+00 -3.439832e-01
 8.428429e-01 1.029765e+00 -6.393695e-02
 9.976892e-01 7.561028e-01 1.698720e-01
 1.046695e+00 5.143262e-01 2.721131e-01
 1.105569e+00 2.702400e-01 3.002887e-01
 1.070919e+00 -5.401124e-02 2.988976e-01
 9.770185e-01 -3.666876e-01 2.009285e-01
 4.192822e-01 -1.301554e+00 -4.440920e-01
 1.510178e-01 -1.480641e+00 -5.958142e-01
 -1.090559e-01 -1.557579e+00 -7.773119e-01
 -4.015801e-01 -1.519515e+00 -9.543781e-01
 -7.419078e-01 -1.368089e+00 -1.044020e+00
 -1.021538e+00 -1.127871e+00 -1.028185e+00
 -1.224246e+00 -8.291455e-01 -9.059746e-01
 -1.326464e+00 -5.095226e-01 -6.984081e-01
 -1.301207e+00 -2.379609e-01 -4.569455e-01
 -1.114082e+00 5.090515e-02 -6.870975e-02
 -1.094930e+00 2.256261e-01 1.833612e-01
 -1.177381e+00 4.010039e-01 3.744972e-01
 -1.258466e+00 7.027684e-01 5.322035e-01
 -1.285201e+00 1.089729e+00 5.758461e-01
 -1.210249e+00 1.469228e+00 5.060007e-01
 -1.053809e+00 1.775370e+00 3.378010e-01
 -8.317440e-01 1.973222e+00 1.091171e-01
 -4.399357e-02 2.182323e+00 -6.024044e-01
 3.061552e-01 2.191131e+00 -9.150371e-01
 5.737509e-01 2.047692e+00 -1.171723e+00
 7.692184e-01 1.768300e+00 -1.388161e+00
 8.588901e-01 1.395927e+00 -1.525120e+00
 8.075713e-01 9.759319e-01 -1.580048e+00
 6.148467e-01 6.296655e-01 -1.553995e+00
 3.574173e-01 4.438222e-01 -1.530177e+00
 1.274755e-01 3.257661e-01 -1.585024e+00
 -9.525239e-02 1.319387e-01 -1.760164e+00
 -1.962421e-01 -1.139954e-01 -1.917858e+00
 -2.189732e-01 -4.574794e-01 -2.018775e+00
 -1.472114e-01 -8.351673e-01 -2.031587e+00
 -3.118960e-03 -1.136461e+00 -1.961049e+00
 5.341534e-01 -1.831220e+00 -1.523538e+00
 7.085622e-01 -2.120491e+00 -1.162501e+00
 7.621011e-01 -2.266647e+00 -8.045438e-01
 7.316793e-01 -2.302256e+00 -4.176084e-01
 6.358116e-01 -2.225255e+00 -5.692377e-02
 5.053871e-01 -2.050471e+00 2.345805e-01
 3.687974e-01 -1.806434e+00 4.349550e-01
 4.215779e-03 -1.076651e+00 7.356028e-01
 -2.957364e-01 -8.025565e-01 8.282737e-01
 -6.209212e-01 -7.164579e-01 8.845544e-01
 -1.232521e+00 -5.991192e-01 7.827503e-01
 -1.628613e+00 -4.984062e-01 6.591681e-01
 -1.902588e+00 -3.239768e-01 4.866341e-01
 -2.081199e+00 -6.555230e-02 2.667214e-01
 -2.125050e+00 2.319986e-01 4.333611e-02
 -2.025799e+00 5.138311e-01 -1.796889e-01
 -1.782485e+00 7.663311e-01 -3.695998e-01
 -1.447202e+00 9.511083e-01 -4.550914e-01
 -1.052002e+00 1.046770e+00 -4.263486e-01
 -7.179850e-01 1.038159e+00 -2.944315e-01
 -5.189846e-01 1.014289e+00 -9.676381e-02
 -4.538739e-02 1.177067e+00 4.267575e-01
 2.285440e-01 1.111944e+00 7.472201e-01
 4.464063e-01 9.037383e-01 1.008854e+00
 5.847379e-01 6.023804e-01 1.164421e+00
 8.389595e-01 2.151457e-01 1.270313e+00
 9.995299e-01 2.918327e-02 1.445731e+00
 1.081955e+00 -1.841909e-01 1.763504e+00
 1.028297e+00 -3.425900e-01 2.111342e+00
 8.435682e-01 -4.429529e-01 2.432600e+00
 5.497613e-01 -4.873526e-01 2.675663e+00
 1.880816e-01 -4.662159e-01 2.808913e+00
 -1.795719e-01 -3.749239e-01 2.815954e+00
 -5.096031e-01 -2.557555e-01 2.688096e+00
 -7.763127e-01 -1.235722e-01 2.430019e+00
 -9.154889e-01 1.387337e-02 2.093035e+00
 -9.099735e-01 1.377774e-01 1.723943e+00
 -7.614723e-01 2.296422e-01 1.378524e+00
 -3.698915e-01 2.648589e-01 9.600642e-01
 -5.451433e-02 1.243880e-01 3.628653e-01
 2.336088e-01 1.977087e-01 -2.235030e-01
 3.032710e-01 1.960808e-01 -3.235396e-01
 4.461889e-01 1.785274e-01 -4.755800e-01
 6.728637e-01 1.778716e-01 -6.171411e-01
 1.006102e+00 2.281103e-01 -7.172570e-01
 1.381261e+00 3.354746e-01 -6.846739e-01
 1.708488e+00 4.557474e-01 -5.095875e-01
 1.935154e+00 5.794784e-01 -2.274464e-01
 2.037462e+00 6.874178e-01 1.160922e-01
 2.010433e+00 7.656913e-01 4.750108e-01
 1.465154e+00 9.173422e-01 1.680866e+00
 1.225702e+00 8.844212e-01 1.956479e+00
 9.212474e-01 7.797758e-01 2.140940e+00
 5.977631e-01 6.099756e-01 2.207819e+00
 3.034934e-01 3.824145e-01 2.149529e+00
