 7.406247e-02 2.578100e+00 -1.600087e+00
 2.995659e-01 2.829603e+00 -1.182775e+00
 4.955080e-01 2.954479e+00 -8.076206e-01
 7.128604e-01 2.889717e+00 -4.070754e-01
 9.428318e-01 2.602224e+00 -5.866219e-02
 1.049850e+00 2.268630e+00 5.678283e-02
 1.375936e+00 1.801276e+00 -1.740093e-02
 1.574066e+00 1.500081e+00 8.920160e-02
 1.623508e+00 1.024179e+00 2.986145e-01
 1.595301e+00 5.680434e-01 5.204675e-01
 1.558437e+00 7.381712e-02 7.599968e-01
 1.442376e+00 -2.425025e-01 9.345019e-01
 1.170329e+00 -5.999217e-01 1.191863e+00
 8.429814e-01 -8.491930e-01 1.469686e+00
 6.433386e-01 -9.180414e-01 1.573495e+00
 9.311313e-02 -9.513995e-01 1.802570e+00
 -3.481733e-01 -1.268161e+00 2.019333e+00
 -6.306062e-01 -1.666536e+00 2.020043e+00
 -7.975978e-01 -2.034185e+00 1.834299e+00
 -8.741879e-01 -2.392604e+00 1.460362e+00
 -9.226430e-01 -2.701240e+00 1.068914e+00
 -9.900026e-01 -3.038855e+00 5.994688e-01
 -1.032272e+00 -3.150935e+00 2.468803e-01
 -1.068793e+00 -3.098697e+00 -2.052923e-01
 -1.076672e+00 -2.827735e+00 -6.120574e-01
 -1.047333e+00 -2.401512e+00 -8.484543e-01
 -1.035797e+00 -1.902109e+00 -8.595826e-01
 -1.103121e+00 -1.528037e+00 -6.924847e-01
 -1.382159e+00 -1.142229e+00 -4.333502e-01
 -1.593064e+00 -7.148266e-01 -3.710389e-01
 -1.680922e+00 -1.953899e-01 -4.470041e-01
 -1.600717e+00 1.540787e-01 -5.481211e-01
 -1.346984e+00 6.363117e-01 -7.314180e-01
 -1.103379e+00 1.084002e+00 -9.043670e-01
 -8.205403e-01 1.404592e+00 -1.069078e+00
 -4.149806e-01 1.562076e+00 -1.254437e+00
 -8.870222e-02 1.509337e+00 -1.406102e+00
 2.673564e-01 1.342313e+00 -1.573641e+00
 5.971048e-01 8.690158e-01 -1.619985e+00
 6.970564e-01 3.877851e-01 -1.483925e+00
 5.927550e-01 -1.817071e-02 -1.270229e+00
 3.727285e-01 -4.441056e-01 -9.896878e-01
 1.391299e-01 -8.564948e-01 -6.850661e-01
 -1.251496e-01 -1.069172e+00 -4.018681e-01
 -3.439215e-01 -1.094061e+00 -1.537921e-01
 -6.787704e-01 -1.172715e+00 3.572944e-01
 -6.729796e-01 -1.307606e+00 6.616855e-01
 -3.991816e-01 -1.549050e+00 9.651637e-01
 3.914953e-02 -1.842805e+00 1.223864e+00
 2.841132e-01 -1.954262e+00 1.512972e+00
 5.352919e-01 -1.913831e+00 1.936891e+00
 7.227579e-01 -1.691277e+00 2.287258e+00
 8.549215e-01 -1.299038e+00 2.524981e+00
 9.032276e-01 -8.160538e-01 2.573676e+00
 8.645017e-01 -3.629241e-01 2.413965e+00
 7.592043e-01 -2.227373e-02 2.073484e+00
 6.410445e-01 1.977342e-01 1.591958e+00
 5.812107e-01 3.186056e-01 1.006314e+00
 5.673539e-01 2.700711e-01 5.879237e-01
 4.072105e-01 1.154569e-01 1.775684e-01
 7.003624e-02 -5.273592e-03 -4.889981e-02
 -4.704577e-01 -9.965984e-02 -2.870293e-01
 -6.270563e-01 -1.815077e-01 -5.379470e-01
 -8.195379e-01 -4.173032e-01 -1.040792e+00
 -1.230549e+00 -6.757917e-01 -1.367248e+00
 -1.633382e+00 -9.863363e-01 -1.447615e+00
 -1.927531e+00 -1.331820e+00 -1.327250e+00
 -2.082561e+00 -1.663881e+00 -1.052060e+00
 -2.073378e+00 -1.924809e+00 -6.842714e-01
 -1.906039e+00 -2.071844e+00 -3.005604e-01
 -1.567420e+00 -2.123980e+00 2.698524e-02
 -1.143109e+00 -2.109745e+00 1.628501e-01
 -6.761060e-01 -2.173343e+00 1.121803e-01
 -1.826599e-01 -2.104184e+00 1.226943e-01
 2.584435e-01 -1.856345e+00 1.857944e-01
 4.691777e-01 -1.508704e+00 3.238480e-01
 4.266525e-01 -1.067371e+00 5.378525e-01
 2.548759e-01 -7.925972e-01 6.531006e-01
 -1.008473e-01 -4.786715e-01 8.903721e-01
 -4.058035e-01 -4.389031e-02 8.701722e-01
 -4.630235e-01 3.721947e-01 7.389997e-01
 -4.297440e-01 8.831016e-01 4.139643e-01
 -4.012601e-01 1.360087e+00 9.150605e-02
 -2.517777e-01 1.694889e+00 -1.659562e-01
 8.518584e-02 1.926616e+00 -4.489170e-01
 4.177434e-01 1.931981e+00 -6.530319e-01
 7.387931e-01 1.935615e+00 -8.937049e-01
 1.194731e+00 2.175049e+00 -1.006006e+00
 1.592972e+00 2.426479e+00 -8.488869e-01
 1.854814e+00 2.601571e+00 -5.392998e-01
 1.995798e+00 2.669949e+00 -1.504202e-01
 2.008942e+00 2.630597e+00 2.640284e-01
 1.888388e+00 2.482537e+00 6.484962e-01
 1.641705e+00 2.237361e+00 9.299686e-01
 1.300131e+00 1.925495e+00 1.039949e+00
 9.197262e-01 1.601035e+00 9.149457e-01
 6.168235e-01 1.316911e+00 5.198597e-01
 5.850840e-01 1.104092e+00 -2.426279e-02
 5.120302e-01 9.961641e-01 -2.907773e-01
 1.294263e-01 8.011288e-01 -6.532198e-01
 -1.470904e-01 6.183639e-01 -9.251256e-01
 -3.440142e-01 4.927470e-01 -1.280628e+00
 -5.434047e-01 6.610637e-01 -1.815350e+00
 -5.940722e-01 1.059394e+00 -2.190218e+00
 -5.191859e-01 1.548220e+00 -2.342288e+00
 -3.639088e-01 1.988334e+00 -2.268449e+00
 -1.990947e-01 2.272504e+00 -2.064230e+00
