 -6.414783e-01 4.340170e-01 -1.830645e+00
 -4.449742e-01 2.017835e-01 -1.941605e+00
 -3.499068e-01 -8.303049e-02 -2.010577e+00
 -2.911462e-01 -5.209247e-01 -1.945626e+00
 -4.094490e-01 -1.593596e+00 -1.369789e+00
 -3.862152e-01 -1.854983e+00 -1.071302e+00
 -2.946542e-01 -1.993371e+00 -7.058652e-01
 -1.505934e-01 -1.982325e+00 -3.267870e-01
 3.954751e-02 -1.812468e+00 1.999322e-02
 1.839838e-01 -1.569674e+00 2.224833e-01
 3.493279e-01 -1.307225e+00 2.942776e-01
 5.848017e-01 -8.463945e-01 2.202635e-01
 4.717826e-01 -3.497285e-01 1.693822e-03
 4.381655e-01 -4.587962e-02 -1.985891e-02
 5.881472e-01 3.090324e-01 -7.005285e-02
 8.969577e-01 6.937794e-01 -1.889626e-01
 1.012868e+00 9.706890e-01 -3.298199e-01
 1.024998e+00 1.253822e+00 -5.043166e-01
 9.329986e-01 1.509653e+00 -6.925473e-01
 7.485646e-01 1.711383e+00 -8.752590e-01
 4.531280e-01 1.864779e+00 -1.045340e+00
 1.384675e-01 1.902625e+00 -1.166644e+00
 -2.043493e-01 1.826590e+00 -1.249940e+00
 -4.968836e-01 1.639727e+00 -1.252932e+00
 -7.120063e-01 1.417823e+00 -1.163214e+00
 -8.801412e-01 1.244677e+00 -9.859642e-01
 -1.068518e+00 1.140934e+00 -7.167247e-01
 -1.300859e+00 1.094430e+00 -7.464161e-02
 -1.337332e+00 9.891058e-01 2.537462e-01
 -1.309957e+00 7.931019e-01 5.436369e-01
 -1.226921e+00 5.213451e-01 7.591115e-01
 -1.087413e+00 2.462947e-01 8.730708e-01
 -8.938233e-01 -4.022538e-03 8.924552e-01
 -7.045659e-01 -2.058720e-01 8.163160e-01
 -5.217394e-01 -3.825762e-01 6.439821e-01
 -4.406998e-01 -5.172041e-01 4.678766e-01
 -4.667189e-01 -7.039460e-01 2.088969e-01
 -4.649317e-01 -7.878710e-01 -6.830374e-02
 -3.073309e-01 -9.269689e-01 -3.948386e-01
 -6.289273e-02 -9.994789e-01 -6.000583e-01
 1.771772e-01 -1.074434e+00 -7.083522e-01
 4.485002e-01 -1.256102e+00 -7.464721e-01
 7.652543e-01 -1.479759e+00 -6.354624e-01
 1.035570e+00 -1.683455e+00 -3.700668e-01
 1.175072e+00 -1.831496e+00 -7.545028e-03
 1.183173e+00 -2.019830e+00 1.211524e+00
 1.150663e+00 -1.935721e+00 1.602256e+00
 1.099656e+00 -1.718644e+00 1.927345e+00
 1.017662e+00 -1.404240e+00 2.145343e+00
 9.173070e-01 -1.041075e+00 2.225310e+00
 8.482248e-01 -7.148571e-01 2.161596e+00
 8.704395e-01 -4.537441e-01 2.011712e+00
 9.585211e-01 -2.491050e-01 1.933180e+00
 1.006127e+00 5.586453e-02 1.911137e+00
 9.307661e-01 3.620248e-01 1.843742e+00
 7.523614e-01 6.540052e-01 1.663710e+00
 5.250383e-01 8.403193e-01 1.381664e+00
 2.887496e-01 8.785527e-01 1.067625e+00
 -2.661355e-01 6.207483e-01 3.622799e-01
 -5.066461e-01 4.244223e-01 2.613464e-02
 -7.233772e-01 2.593690e-01 -1.149429e-01
 -1.019685e+00 8.202251e-02 -1.403332e-01
 -1.281745e+00 -1.496538e-01 -4.641887e-02
 -1.448519e+00 -4.349924e-01 1.480182e-01
 -1.468722e+00 -7.419459e-01 4.032057e-01
 -1.331507e+00 -1.016702e+00 6.628765e-01
 -1.043167e+00 -1.222481e+00 9.148816e-01
 -6.820255e-01 -1.296777e+00 1.088890e+00
 2.408160e-01 -1.166277e+00 1.285464e+00
 4.991195e-01 -1.127121e+00 1.276888e+00
 9.891203e-01 -1.020004e+00 1.166592e+00
 1.357893e+00 -9.573294e-01 1.276156e+00
 1.646842e+00 -8.921807e-01 1.511355e+00
 1.831281e+00 -7.760702e-01 1.843151e+00
 1.871083e+00 -6.238396e-01 2.193844e+00
 1.772116e+00 -4.455262e-01 2.515966e+00
 1.546286e+00 -2.653832e-01 2.767645e+00
 1.219674e+00 -1.121002e-01 2.914773e+00
 8.415689e-01 1.452644e-03 2.926505e+00
 4.787938e-01 7.418111e-02 2.792169e+00
 1.859088e-01 1.006482e-01 2.527925e+00
 4.142174e-03 6.790902e-02 2.168896e+00
 -2.680473e-02 -1.408127e-02 1.770674e+00
 9.572516e-02 -1.081567e-01 1.415611e+00
 3.739164e-01 -1.447033e-01 1.084909e+00
 9.501435e-01 -3.875512e-02 8.628048e-01
 1.263453e+00 -8.570445e-02 6.126058e-01
 1.449620e+00 -1.529584e-01 2.502927e-01
 1.470013e+00 -2.175828e-01 -1.649639e-01
 1.328450e+00 -2.330869e-01 -5.430824e-01
 1.042312e+00 -2.166488e-01 -8.451024e-01
 6.656405e-01 -1.714093e-01 -1.011724e+00
 -6.945827e-02 -8.527427e-02 -1.025040e+00
 -3.765757e-01 -1.058885e-01 -9.809313e-01
 -6.801164e-01 -2.201005e-01 -1.034111e+00
 -9.868635e-01 -2.953115e-01 -1.207056e+00
 -1.213273e+00 -3.473172e-01 -1.496792e+00
 -1.340684e+00 -3.169576e-01 -1.868315e+00
 -1.343972e+00 -2.002819e-01 -2.245630e+00
 -1.225307e+00 -1.078228e-02 -2.569824e+00
 -1.020985e+00 2.353013e-01 -2.784625e+00
 -7.645046e-01 5.136472e-01 -2.863098e+00
 -4.737749e-01 7.687798e-01 -2.797842e+00
 -1.901251e-01 9.542733e-01 -2.599331e+00
 4.133623e-02 1.045421e+00 -2.295926e+00
 1.825312e-01 1.032306e+00 -1.935207e+00
 2.072440e-01 8.781056e-01 -1.256472e+00
 9.860012e-02 9.144256e-01 -8.128905e-01
 2.304887e-02 1.070055e+00 -5.505802e-01
 -7.370091e-02 1.325735e+00 -3.479378e-01
 -3.209415e-01 1.673425e+00 -2.339755e-01
 -6.150449e-01 1.969812e+00 -2.883595e-01
 -9.574588e-01 2.134513e+00 -4.626968e-01
 -1.275224e+00 2.164986e+00 -7.324549e-01
 -1.506411e+00 2.062589e+00 -1.048521e+00
 -1.623636e+00 1.851265e+00 -1.363124e+00
 -1.616223e+00 1.567950e+00 -1.630050e+00
 -1.491535e+00 1.255788e+00 -1.814107e+00
 -1.271034e+00 9.578963e-01 -1.893479e+00
