 5.069459e-01 8.676442e-02 -2.526514e+00
 7.088950e-01 -1.551602e-01 -2.365900e+00
 8.381248e-01 -3.976002e-01 -2.074069e+00
 8.312691e-01 -5.756522e-01 -1.771166e+00
 7.297530e-01 -6.772123e-01 -1.548884e+00
 5.648670e-01 -8.059077e-01 -1.412768e+00
 5.040829e-01 -8.380596e-01 -1.367592e+00
 4.148243e-01 -8.661159e-01 -1.298610e+00
 3.409822e-01 -8.713793e-01 -1.238828e+00
 2.643988e-01 -8.637434e-01 -1.172075e+00
 -5.242201e-01 -7.013117e-01 -3.364822e-01
 -6.312151e-01 -6.356663e-01 -1.180953e-01
 -6.627888e-01 -5.556012e-01 8.491602e-02
 -6.109545e-01 -3.972932e-01 5.036260e-01
 -6.913570e-01 -3.666788e-01 8.090584e-01
 -8.505979e-01 -4.160833e-01 1.127430e+00
 -1.045154e+00 -6.290338e-01 1.422407e+00
 -1.204284e+00 -9.501781e-01 1.600553e+00
 -1.295260e+00 -1.335587e+00 1.651831e+00
 -1.310181e+00 -1.726370e+00 1.564664e+00
 -1.233815e+00 -2.064712e+00 1.361209e+00
 -1.062692e+00 -2.300114e+00 1.081640e+00
 -8.257922e-01 -2.392715e+00 7.637154e-01
 -5.684636e-01 -2.323247e+00 4.542796e-01
 -3.141047e-01 -2.103137e+00 2.147576e-01
 -8.492736e-02 -1.763237e+00 1.001554e-01
 7.549107e-02 -1.378608e+00 1.404956e-01
 1.499754e-01 -1.107567e+00 3.039895e-01
 2.375120e-01 -9.393929e-01 4.925638e-01
 2.927159e-01 -7.825265e-01 8.042013e-01
 4.519546e-01 -1.192176e-01 1.655668e+00
 4.432641e-01 1.915335e-01 1.863416e+00
 3.695411e-01 5.468407e-01 1.962243e+00
 2.629043e-01 8.943808e-01 1.933666e+00
 1.333852e-01 1.200263e+00 1.783150e+00
 -8.800582e-03 1.390467e+00 1.556683e+00
 -1.803924e-01 1.461346e+00 1.323651e+00
 -3.467428e-01 1.483059e+00 1.205774e+00
 -5.545712e-01 1.564741e+00 1.085460e+00
 -7.409943e-01 1.756940e+00 8.447111e-01
 -8.140674e-01 1.905085e+00 5.388417e-01
 -7.946540e-01 1.971538e+00 1.456057e-01
 -6.707860e-01 1.945172e+00 -2.057430e-01
 -4.619585e-01 1.830419e+00 -4.938826e-01
 -1.927958e-01 1.646766e+00 -6.801827e-01
 9.335414e-02 1.417754e+00 -7.398686e-01
 4.700274e-01 1.012051e+00 -6.424185e-01
 8.022361e-01 5.560585e-01 -6.139992e-01
 9.570710e-01 1.346277e-01 -7.045936e-01
 9.998573e-01 -2.955392e-01 -6.528527e-01
 9.381809e-01 -7.391400e-01 -4.280560e-01
 1.126021e+00 -1.274267e+00 5.539109e-02
 1.084211e+00 -1.522525e+00 3.768657e-01
 8.946983e-01 -1.706781e+00 6.855115e-01
 5.908409e-01 -1.795220e+00 9.342844e-01
 1.990475e-01 -1.777693e+00 1.091707e+00
 -1.520242e-01 -1.651565e+00 1.128494e+00
 -4.613382e-01 -1.467324e+00 1.030122e+00
 -6.431669e-01 -1.386331e+00 8.685743e-01
 -8.080787e-01 -1.368855e+00 7.405860e-01
 -1.077811e+00 -1.312652e+00 6.489357e-01
 -1.331608e+00 -1.154464e+00 5.888598e-01
 -1.522375e+00 -9.074266e-01 5.283546e-01
 -1.622599e+00 -6.198718e-01 4.720876e-01
 -1.630219e+00 -3.171937e-01 4.086452e-01
 -1.546574e+00 -2.487654e-02 3.484814e-01
 -1.382817e+00 2.306925e-01 3.105206e-01
 -5.698780e-01 9.356732e-01 2.485753e-01
 -2.342798e-01 1.116474e+00 2.152141e-01
 -2.255017e-02 1.300249e+00 2.628810e-01
 1.503285e-01 1.589146e+00 3.153438e-01
 2.150916e-01 1.979386e+00 5.080909e-01
 1.374799e-01 2.300846e+00 8.145099e-01
 -5.790067e-02 2.471923e+00 1.177271e+00
 -3.093901e-01 2.457032e+00 1.544138e+00
 -5.596935e-01 2.256863e+00 1.853116e+00
 -7.712460e-01 1.910839e+00 2.039183e+00
 -9.009501e-01 1.484291e+00 2.068366e+00
 -9.003369e-01 1.057852e+00 1.955111e+00
 -7.729355e-01 7.094777e-01 1.723957e+00
 -5.298584e-01 4.933452e-01 1.417043e+00
 -2.560753e-01 4.665606e-01 1.151327e+00
 3.049190e-02 5.223237e-01 9.834713e-01
 4.529003e-01 7.126343e-01 9.286529e-01
 6.320510e-01 8.111638e-01 8.477723e-01
 7.995130e-01 8.996827e-01 7.033278e-01
 1.405965e+00 1.266003e+00 -1.514254e-01
 1.511411e+00 1.314296e+00 -5.565800e-01
 1.477391e+00 1.260457e+00 -9.713537e-01
 1.311825e+00 1.114600e+00 -1.325794e+00
 1.044259e+00 9.018078e-01 -1.562105e+00
 7.252285e-01 6.613296e-01 -1.641662e+00
 2.743862e-01 2.544100e-01 -1.517369e+00
 -5.512900e-03 1.219278e-02 -1.617865e+00
 -1.713979e-01 -2.232511e-01 -1.826071e+00
 -1.917655e-01 -5.342038e-01 -2.049033e+00
 -6.384392e-02 -8.700535e-01 -2.212289e+00
 1.711850e-01 -1.173381e+00 -2.277107e+00
 4.643780e-01 -1.411947e+00 -2.226368e+00
 7.802956e-01 -1.553082e+00 -2.078983e+00
 1.086332e+00 -1.576985e+00 -1.864751e+00
 1.339679e+00 -1.486782e+00 -1.614101e+00
 1.952888e+00 -8.109586e-01 -6.539396e-01
 1.955871e+00 -5.365505e-01 -2.500820e-01
 1.736323e+00 -3.049841e-01 1.108893e-01
 1.348041e+00 -1.326738e-01 3.345088e-01
 8.960964e-01 -4.830697e-02 3.672218e-01
 2.785512e-01 3.880032e-02 1.101128e-01
 8.646190e-03 1.680454e-01 -1.250937e-01
 -7.528006e-02 1.964548e-01 -2.305736e-01
 -1.932320e-01 2.581033e-01 -4.018642e-01
 -4.564764e-01 5.393876e-01 -8.258618e-01
 -5.591697e-01 7.764799e-01 -1.190030e+00
 -5.436102e-01 8.926473e-01 -1.555757e+00
 -4.349762e-01 9.004499e-01 -1.918422e+00
 -2.529743e-01 8.022538e-01 -2.229376e+00
 -2.646428e-02 6.148707e-01 -2.449144e+00
 2.569356e-01 3.491433e-01 -2.562289e+00
