 1.111704e+00 -7.356984e-01 3.775602e-01
 9.618559e-01 -7.180932e-01 5.374438e-01
 8.331302e-01 -6.921299e-01 7.581293e-01
 5.957401e-01 -5.709343e-01 1.506943e+00
 4.184204e-01 -4.527933e-01 1.773109e+00
 1.849483e-01 -2.812202e-01 1.954513e+00
 -7.865225e-02 -7.545545e-02 2.029772e+00
 -3.423932e-01 1.409425e-01 1.989456e+00
 -5.753880e-01 3.424405e-01 1.837873e+00
 -1.058464e+00 7.557139e-01 1.186148e+00
 -1.273759e+00 8.369456e-01 1.005755e+00
 -1.425931e+00 8.568579e-01 9.360434e-01
 -1.607222e+00 9.097013e-01 8.695482e-01
 -1.852264e+00 1.095200e+00 6.971391e-01
 -1.990801e+00 1.284695e+00 4.688500e-01
 -2.033220e+00 1.445090e+00 1.738753e-01
 -1.978243e+00 1.545778e+00 -1.475240e-01
 -1.838756e+00 1.564096e+00 -4.600900e-01
 -1.601242e+00 1.516965e+00 -7.332893e-01
 -1.295829e+00 1.413968e+00 -9.153500e-01
 -9.634889e-01 1.260218e+00 -9.821384e-01
 -2.696933e-01 8.655908e-01 -8.510278e-01
 -3.921939e-02 8.095101e-01 -8.333036e-01
 2.332274e-01 8.196857e-01 -7.898341e-01
 5.344030e-01 7.475704e-01 -6.091483e-01
 7.645858e-01 6.269531e-01 -3.081198e-01
 8.969186e-01 4.028421e-01 6.455309e-02
 1.071091e+00 2.804035e-01 2.501506e-01
 1.366461e+00 2.374157e-01 5.836698e-01
 1.592545e+00 1.645188e-02 8.922132e-01
 1.741596e+00 -3.590744e-01 1.107522e+00
 1.761920e+00 -7.605850e-01 1.186819e+00
 1.677852e+00 -1.166545e+00 1.122523e+00
 1.519685e+00 -1.515966e+00 9.016646e-01
 1.316823e+00 -1.715882e+00 5.941027e-01
 1.090836e+00 -1.751175e+00 2.437847e-01
 8.796511e-01 -1.616885e+00 -9.037093e-02
 6.745620e-01 -1.241987e+00 -4.483927e-01
 5.626301e-01 -1.151402e+00 -6.375473e-01
 4.647047e-01 -1.115430e+00 -8.464377e-01
 3.282657e-01 -1.135929e+00 -1.273026e+00
 2.087192e-01 -1.006112e+00 -1.621313e+00
 8.927982e-02 -7.473043e-01 -1.891985e+00
 -7.049181e-03 -3.860668e-01 -2.049526e+00
 -4.148090e-02 3.810300e-02 -2.079241e+00
 1.056132e-01 1.352155e+00 -1.713971e+00
 1.226469e-01 1.753172e+00 -1.263998e+00
 7.331060e-02 1.849390e+00 -6.852423e-01
 7.524172e-03 1.615548e+00 -1.481591e-01
 -3.478352e-02 1.131089e+00 1.709806e-01
 -1.728232e-01 6.512344e-01 1.632781e-01
 -1.307931e-01 2.616472e-01 2.859167e-02
 5.413398e-02 -2.368017e-01 7.388813e-03
 -2.483208e-01 -1.084750e+00 -2.476206e-02
 -2.992502e-01 -1.433774e+00 -1.635381e-01
 -2.123191e-01 -1.765478e+00 -3.755933e-01
 6.851505e-04 -2.006147e+00 -6.185726e-01
 3.054165e-01 -2.126026e+00 -8.478661e-01
 6.434182e-01 -2.112835e+00 -1.013758e+00
 9.654304e-01 -1.971168e+00 -1.114801e+00
 1.253521e+00 -1.689942e+00 -1.166907e+00
 1.424909e+00 -1.352615e+00 -1.145358e+00
 1.482221e+00 -9.934710e-01 -1.045756e+00
 1.375625e+00 -3.755560e-01 -7.205280e-01
 1.799806e+00 4.210529e-01 -4.779295e-01
 1.798635e+00 8.802108e-01 -1.912503e-01
 1.549935e+00 1.211042e+00 1.712505e-01
 1.158996e+00 1.287250e+00 5.447678e-01
 7.523604e-01 1.080531e+00 8.480781e-01
 2.503368e-01 4.125700e-01 1.055563e+00
 -1.104260e-01 -3.041280e-02 1.015058e+00
 -6.071762e-01 -8.621859e-01 9.101345e-01
 -1.095959e+00 -1.136694e+00 6.350411e-01
 -1.605054e+00 -1.048252e+00 3.145078e-01
 -1.982157e+00 -6.270243e-01 6.057017e-02
 -2.037049e+00 -3.886354e-02 -1.230898e-01
 -1.755491e+00 4.522828e-01 -2.335056e-01
 -1.124257e+00 9.130010e-01 -4.005402e-02
 -1.023350e+00 1.305422e+00 1.069826e-01
 -1.011473e+00 1.646048e+00 4.228046e-01
 -1.147803e+00 1.846455e+00 8.313345e-01
 -1.353655e+00 1.831012e+00 1.271383e+00
 -1.561088e+00 1.598068e+00 1.641270e+00
 -1.732104e+00 1.201946e+00 1.857626e+00
 -1.838772e+00 7.306273e-01 1.870174e+00
 -1.838360e+00 2.880487e-01 1.686247e+00
 -1.709829e+00 -3.412710e-02 1.362727e+00
 -1.488788e+00 -1.717800e-01 9.621401e-01
 -1.252358e+00 -9.674257e-02 5.923995e-01
 -1.154441e+00 -1.012562e-01 4.351921e-01
 -1.037308e+00 -1.702385e-01 2.278608e-01
 -1.010864e+00 -2.410189e-01 -3.611573e-02
 -9.880660e-01 -2.351678e-01 -2.383613e-01
 -8.733914e-01 -2.204297e-01 -5.022486e-01
 -6.819711e-01 -2.135771e-01 -7.282904e-01
 -4.236955e-01 -2.016147e-01 -8.976870e-01
 2.614981e-02 -1.705741e-01 -1.035633e+00
 2.467598e-01 -1.369346e-01 -1.089327e+00
 3.435658e-01 -1.232254e-01 -1.125948e+00
 5.198523e-01 -6.842542e-02 -1.228471e+00
 9.487421e-01 3.184157e-02 -1.570826e+00
 1.494442e+00 4.957252e-03 -1.685248e+00
 2.008907e+00 -1.404452e-01 -1.549104e+00
 2.348415e+00 -3.444727e-01 -1.206306e+00
 2.444221e+00 -5.518234e-01 -7.454952e-01
 2.272154e+00 -7.200066e-01 -2.734425e-01
 1.862826e+00 -7.988553e-01 9.182598e-02
 1.294161e+00 -7.403573e-01 2.604718e-01
