 -1.324896e+00 -5.304220e-01 -1.100011e+00
 -1.027229e+00 -4.886534e-01 -1.111924e+00
 -7.400290e-01 -4.078635e-01 -1.034419e+00
 -2.362510e-01 -1.218349e-01 -7.188216e-01
 3.023696e-02 1.580101e-01 -4.739338e-01
 1.164055e-01 2.751342e-01 -2.992469e-01
 1.416388e-01 3.477200e-01 -1.293066e-01
 1.385787e-01 5.074711e-01 2.333363e-01
 1.410752e-01 7.776841e-01 4.745698e-01
 2.793660e-01 1.117176e+00 6.499123e-01
 5.193649e-01 1.429499e+00 6.949892e-01
 8.542932e-01 1.649831e+00 6.450773e-01
 1.259714e+00 1.726970e+00 5.277571e-01
 1.632080e+00 1.637108e+00 3.750346e-01
 1.896776e+00 1.414420e+00 2.664873e-01
 2.053455e+00 1.205295e+00 2.797445e-01
 2.230597e+00 1.055958e+00 3.287519e-01
 2.548078e+00 8.732327e-01 2.732582e-01
 2.815697e+00 6.176693e-01 3.902105e-02
 2.911095e+00 3.192247e-01 -2.993973e-01
 2.796120e+00 3.478462e-02 -6.482348e-01
 2.506551e+00 -2.006679e-01 -9.041931e-01
 2.098022e+00 -3.533825e-01 -1.019940e+00
 1.646615e+00 -3.887245e-01 -9.762104e-01
 1.224993e+00 -3.314497e-01 -7.337756e-01
 9.983418e-01 -2.321061e-01 -3.819853e-01
 9.627763e-01 -2.119994e-01 -1.713107e-02
 9.789638e-01 -2.822877e-01 2.859558e-01
 9.667977e-01 -4.708119e-01 5.446356e-01
 8.451934e-01 -7.793567e-01 7.738147e-01
 6.115259e-01 -1.090593e+00 8.805670e-01
 2.755865e-01 -1.331501e+00 8.732353e-01
 -8.176429e-02 -1.441165e+00 7.759407e-01
 -4.247969e-01 -1.427234e+00 6.018923e-01
 -7.008765e-01 -1.302772e+00 3.594658e-01
 -8.675010e-01 -1.085740e+00 1.226998e-01
 -9.833586e-01 -7.039537e-01 -6.132388e-02
 -1.192112e+00 -3.292946e-01 -1.219049e-01
 -1.652262e+00 8.740285e-02 -1.517820e-01
 -1.826616e+00 5.066097e-01 -1.571319e-01
 -1.799920e+00 9.625473e-01 -1.831079e-01
 -1.573892e+00 1.362252e+00 -2.097020e-01
 -1.190539e+00 1.625224e+00 -2.470106e-01
 -7.295771e-01 1.693350e+00 -2.897115e-01
 4.879831e-01 1.309451e+00 -3.494589e-01
 8.570994e-01 1.097635e+00 -2.245447e-01
 1.058246e+00 8.672602e-01 -6.890817e-03
 1.146269e+00 7.316443e-01 2.680815e-01
 1.243990e+00 6.829450e-01 6.267725e-01
 1.442504e+00 8.373031e-01 1.027429e+00
 1.782598e+00 1.132497e+00 1.274344e+00
 2.161139e+00 1.482757e+00 1.274425e+00
 2.510180e+00 1.773049e+00 1.025538e+00
 2.752916e+00 1.916047e+00 5.850639e-01
 2.810751e+00 1.881874e+00 5.852688e-02
 2.681995e+00 1.651742e+00 -4.141743e-01
 2.410840e+00 1.273034e+00 -6.900989e-01
 2.093003e+00 8.462977e-01 -6.904919e-01
 1.875525e+00 4.801255e-01 -4.413142e-01
 1.889610e+00 2.212716e-01 -1.707503e-01
 1.981003e+00 -1.051325e-01 -1.411934e-02
 1.938356e+00 -5.612437e-01 8.927486e-03
 1.701419e+00 -9.448065e-01 -4.571228e-02
 1.298974e+00 -1.192374e+00 -1.104313e-01
 8.577290e-01 -1.237508e+00 -1.526452e-01
 4.510108e-01 -1.095296e+00 -1.356609e-01
 1.635332e-01 -8.413843e-01 -3.171645e-02
 2.002474e-02 -5.997404e-01 1.885567e-01
 -9.524867e-02 -4.489512e-01 4.753249e-01
 -3.205644e-01 -3.523692e-01 1.376156e+00
 -6.707964e-01 -3.002181e-01 1.752150e+00
 -1.162348e+00 -2.464732e-01 1.912651e+00
 -1.674101e+00 -2.179248e-01 1.815325e+00
 -2.078239e+00 -2.352835e-01 1.484346e+00
 -2.289214e+00 -3.305511e-01 9.781764e-01
 -2.237514e+00 -5.540488e-01 4.267799e-01
 -1.863221e+00 -1.169909e+00 -2.072842e-01
 -1.816010e+00 -1.404047e+00 -6.221835e-01
 -1.835360e+00 -1.473004e+00 -1.076492e+00
 -1.845189e+00 -1.388483e+00 -1.448821e+00
 -1.822965e+00 -1.173656e+00 -1.768871e+00
 -1.766248e+00 -8.578455e-01 -1.988877e+00
 -1.677534e+00 -4.859250e-01 -2.075203e+00
 -1.563999e+00 -1.124205e-01 -2.012755e+00
 -1.437004e+00 2.050007e-01 -1.808316e+00
 -1.287190e+00 4.444908e-01 -1.446761e+00
 -8.609776e-01 6.636382e-01 -4.860630e-01
 -8.039116e-01 6.713855e-01 -2.236096e-01
 -8.393301e-01 6.921099e-01 1.201038e-01
 -9.403188e-01 4.495437e-01 5.875366e-01
 -1.160597e+00 6.166276e-02 8.421126e-01
 -1.279796e+00 -5.867167e-01 9.136008e-01
 -1.415255e+00 -9.360142e-01 9.833132e-01
 -1.767977e+00 -1.322119e+00 9.954211e-01
 -2.122487e+00 -1.530893e+00 8.872963e-01
 -2.475109e+00 -1.614596e+00 6.577627e-01
 -2.759414e+00 -1.563454e+00 3.366693e-01
 -2.919352e+00 -1.391587e+00 -2.915642e-02
 -2.919405e+00 -1.135289e+00 -3.834482e-01
 -2.752378e+00 -8.478839e-01 -6.698721e-01
 -2.384799e+00 -5.601146e-01 -8.857395e-01
 -1.901159e+00 -4.282627e-01 -1.006870e+00
