 -1.028497e+00 -5.605008e-01 1.161201e+00
 -1.130042e+00 -3.108429e-01 1.070773e+00
 -1.137784e+00 -4.261748e-02 1.023275e+00
 -1.033460e+00 2.469116e-01 9.831885e-01
 -7.934598e-01 5.342386e-01 9.254138e-01
 -5.341923e-01 7.246214e-01 9.227575e-01
 -3.374684e-01 9.218304e-01 9.549140e-01
 -1.646479e-01 1.275040e+00 8.424047e-01
 2.410248e-02 1.571672e+00 4.937935e-01
 2.348664e-01 1.639449e+00 4.661968e-02
 4.321313e-01 1.479653e+00 -2.902583e-01
 7.117238e-01 1.262620e+00 -4.580093e-01
 1.441803e+00 1.133593e+00 -6.801355e-01
 1.763921e+00 9.383418e-01 -9.260224e-01
 1.924583e+00 6.458209e-01 -1.230251e+00
 1.891932e+00 3.082672e-01 -1.529620e+00
 1.668645e+00 5.775352e-04 -1.776243e+00
 1.297791e+00 -2.254543e-01 -1.912386e+00
 8.454382e-01 -3.014454e-01 -1.931458e+00
 5.249171e-01 -2.214170e-01 -1.871708e+00
 2.211124e-01 -1.194324e-02 -1.890121e+00
 -7.231762e-02 4.563156e-02 -1.921185e+00
 -4.228201e-01 4.654565e-02 -1.838660e+00
 -7.294501e-01 4.616283e-03 -1.618401e+00
 -9.297528e-01 -5.847067e-02 -1.309067e+00
 -1.001850e+00 -1.346521e-01 -9.369357e-01
 -9.322008e-01 -2.003592e-01 -5.624378e-01
 -1.969688e-01 -2.663967e-01 6.723440e-01
 -9.693359e-02 -3.421528e-01 8.528837e-01
 7.200334e-02 -6.404217e-01 1.324155e+00
 1.573298e-01 -7.038702e-01 1.714180e+00
 1.854318e-01 -6.179160e-01 2.108353e+00
 1.493036e-01 -3.963128e-01 2.445926e+00
 5.210364e-02 -7.512599e-02 2.673118e+00
 -9.373621e-02 2.951381e-01 2.754789e+00
 -2.730403e-01 6.545921e-01 2.678225e+00
 -4.703765e-01 9.355821e-01 2.460970e+00
 -1.086228e+00 1.459400e+00 1.398109e+00
 -1.173402e+00 1.520303e+00 1.024224e+00
 -1.157451e+00 1.480371e+00 6.390158e-01
 -1.037127e+00 1.354264e+00 3.015915e-01
 -8.417694e-01 1.162242e+00 5.925859e-02
 -5.812633e-01 9.459995e-01 -6.844451e-02
 -3.101472e-01 7.532348e-01 -6.415250e-02
 6.637898e-02 5.979334e-01 6.317066e-02
 4.222892e-01 6.139694e-01 3.026186e-01
 7.445626e-01 8.261771e-01 4.699201e-01
 9.829850e-01 1.101496e+00 5.171162e-01
 1.154989e+00 1.413704e+00 4.578281e-01
 1.242723e+00 1.726603e+00 3.004382e-01
 1.250447e+00 1.987852e+00 6.333232e-02
 1.198792e+00 2.159695e+00 -2.376491e-01
 1.084150e+00 2.227330e+00 -5.632176e-01
 9.158384e-01 2.189741e+00 -8.652133e-01
 7.118774e-01 2.059748e+00 -1.105795e+00
 5.009020e-01 1.857179e+00 -1.262279e+00
 3.071618e-01 1.606936e+00 -1.326536e+00
 1.507591e-01 1.336560e+00 -1.300582e+00
 -4.150815e-02 7.943094e-01 -1.102326e+00
 -6.641677e-02 5.669098e-01 -1.025251e+00
 -2.752493e-02 2.465849e-01 -9.124374e-01
 3.737840e-02 -2.199143e-01 -9.024276e-01
 -9.118484e-02 -6.255496e-01 -1.117185e+00
 -1.611903e-01 -8.923970e-01 -1.481000e+00
 -1.836909e-01 -9.769600e-01 -1.912702e+00
 -1.109739e-01 -8.907552e-01 -2.346872e+00
 5.483112e-02 -6.572383e-01 -2.691091e+00
 2.808784e-01 -3.228220e-01 -2.880115e+00
 5.215248e-01 4.915739e-02 -2.880743e+00
 7.300030e-01 3.906128e-01 -2.696139e+00
 8.662196e-01 6.400157e-01 -2.364216e+00
 9.209899e-01 7.451542e-01 -1.948982e+00
 9.195520e-01 6.715762e-01 -1.530651e+00
 9.049263e-01 4.980206e-01 -1.280838e+00
 9.469563e-01 3.339446e-01 -1.124155e+00
 9.816537e-01 2.075435e-01 -1.036178e+00
 1.316393e+00 -8.254152e-01 -5.421330e-01
 1.324245e+00 -1.085297e+00 -3.503133e-01
 1.249722e+00 -1.297771e+00 -1.190806e-01
 1.102172e+00 -1.439999e+00 1.266596e-01
 8.401436e-01 -1.524089e+00 4.009271e-01
 5.314501e-01 -1.529511e+00 5.808844e-01
 1.891062e-01 -1.471829e+00 6.617210e-01
 -1.883645e-01 -1.361277e+00 6.248640e-01
 -3.904393e-01 -1.256033e+00 5.293563e-01
 -6.597188e-01 -1.215877e+00 3.976684e-01
 -1.055566e+00 -1.217313e+00 3.666409e-01
 -1.424085e+00 -1.222779e+00 4.873569e-01
 -1.727879e+00 -1.176079e+00 7.359921e-01
 -1.920381e+00 -1.053016e+00 1.058958e+00
 -1.974255e+00 -8.690860e-01 1.402670e+00
 -1.883914e+00 -6.528153e-01 1.715543e+00
 -1.665489e+00 -4.365831e-01 1.952347e+00
 -1.348899e+00 -2.397290e-01 2.079192e+00
 -1.002670e+00 -8.685992e-02 2.068479e+00
 -3.761412e-01 1.829919e-01 1.773766e+00
 9.490194e-02 3.660356e-01 1.678280e+00
 6.152355e-01 2.828079e-01 1.398183e+00
 9.147735e-01 -2.671733e-02 9.979452e-01
 8.541432e-01 -3.455745e-01 4.217655e-01
 3.782347e-01 -7.298500e-01 -1.107361e-01
 1.392446e-01 -1.223300e+00 -3.425759e-01
 -6.452241e-03 -1.551005e+00 -3.671498e-01
 -1.731774e-01 -1.839280e+00 -2.799481e-01
 -3.539609e-01 -2.065940e+00 -9.503592e-02
 -5.264864e-01 -2.205190e+00 1.652002e-01
 -6.799025e-01 -2.238311e+00 4.648416e-01
 -8.034943e-01 -2.161539e+00 7.706133e-01
 -8.865261e-01 -1.983573e+00 1.046555e+00
 -9.304746e-01 -1.722204e+00 1.257378e+00
 -9.366753e-01 -1.411252e+00 1.374156e+00
 -9.317938e-01 -1.082274e+00 1.383362e+00
 -9.520503e-01 -7.782379e-01 1.289840e+00
