 7.026631e-01 -2.266279e+00 5.051567e-01
 4.253100e-01 -2.260289e+00 7.775273e-01
 9.100971e-02 -2.149209e+00 9.595443e-01
 -2.406058e-01 -1.951012e+00 1.016818e+00
 -5.364071e-01 -1.709988e+00 9.313702e-01
 -7.291653e-01 -1.515037e+00 7.415511e-01
 -8.491928e-01 -1.436439e+00 5.238030e-01
 -9.752338e-01 -1.413679e+00 3.674826e-01
 -1.142802e+00 -1.342234e+00 2.408255e-01
 -1.320852e+00 -1.176736e+00 9.750395e-02
 -1.431149e+00 -9.558006e-01 -3.629892e-02
 -1.474788e+00 -7.006135e-01 -1.605635e-01
 -1.445053e+00 -4.425289e-01 -2.575868e-01
 -1.346261e+00 -1.931313e-01 -3.244717e-01
 -1.185311e+00 3.008878e-02 -3.568201e-01
 -5.630268e-01 5.535144e-01 -3.502817e-01
 -4.205276e-01 6.637656e-01 -3.787183e-01
 -2.259979e-01 8.554380e-01 -4.578019e-01
 -1.542782e-02 1.048096e+00 -5.036581e-01
 3.188334e-01 1.429558e+00 -4.986549e-01
 5.696536e-01 1.720383e+00 -3.334452e-01
 8.511099e-01 1.880645e+00 -5.213393e-02
 1.119175e+00 1.870210e+00 2.794410e-01
 1.335637e+00 1.690040e+00 5.962510e-01
 1.476706e+00 1.370248e+00 8.363592e-01
 1.526073e+00 9.662246e-01 9.526273e-01
 1.475175e+00 5.523400e-01 9.271098e-01
 1.362464e+00 1.900002e-01 7.488997e-01
 1.271152e+00 -5.929789e-02 4.434838e-01
 1.281987e+00 -1.579612e-01 1.914233e-01
 1.483836e+00 -6.452437e-01 -9.304769e-01
 1.327458e+00 -9.120790e-01 -1.345725e+00
 9.888184e-01 -1.218785e+00 -1.580281e+00
 5.382092e-01 -1.473813e+00 -1.583027e+00
 8.301508e-02 -1.572919e+00 -1.382551e+00
 -2.978499e-01 -1.463164e+00 -1.056463e+00
 -5.005307e-01 -1.180588e+00 -7.340589e-01
 -4.430389e-01 -6.317834e-01 -6.712434e-02
 -5.999614e-01 -4.672993e-01 3.387060e-01
 -8.646227e-01 -4.148107e-01 6.243804e-01
 -1.187808e+00 -5.475330e-01 9.017084e-01
 -1.469814e+00 -8.320974e-01 1.069338e+00
 -1.654214e+00 -1.220310e+00 1.120186e+00
 -1.706888e+00 -1.637984e+00 1.051595e+00
 -1.618612e+00 -2.011626e+00 8.926001e-01
 -1.404565e+00 -2.288101e+00 6.804925e-01
 -1.107601e+00 -2.426258e+00 4.415390e-01
 -7.719100e-01 -2.409537e+00 2.170991e-01
 -4.437629e-01 -2.242235e+00 4.729292e-02
 -1.689463e-01 -1.969356e+00 -1.566256e-02
 -1.039425e-02 -1.700136e+00 2.944103e-02
 9.891758e-02 -1.512200e+00 1.606076e-01
 1.639494e-01 -1.437420e+00 2.326983e-01
 3.072040e-01 -1.341437e+00 3.329131e-01
 4.918946e-01 -1.258507e+00 4.159274e-01
 6.688878e-01 -1.210893e+00 4.662078e-01
 1.614303e+00 -1.050977e+00 5.707276e-01
 1.985515e+00 -8.208890e-01 5.346034e-01
 2.229539e+00 -4.741266e-01 4.250055e-01
 2.300899e+00 -7.043406e-02 2.694874e-01
 2.185692e+00 3.190902e-01 1.079361e-01
 1.908527e+00 6.223010e-01 -2.670850e-02
 1.515718e+00 8.048008e-01 -8.254889e-02
 1.109414e+00 8.675701e-01 7.492017e-04
 8.263531e-01 8.824348e-01 2.001334e-01
 6.802772e-01 9.469329e-01 3.383249e-01
 4.082786e-01 1.044630e+00 4.485262e-01
 2.571956e-01 1.070168e+00 4.824127e-01
 -3.870768e-01 1.081055e+00 5.389139e-01
 -1.034632e+00 1.389194e+00 4.489645e-01
 -1.368797e+00 1.734835e+00 2.978354e-01
 -1.515660e+00 2.006197e+00 9.906422e-02
 -1.558841e+00 2.244552e+00 -1.721326e-01
 -1.499165e+00 2.417428e+00 -4.793659e-01
 -1.351368e+00 2.504807e+00 -7.854970e-01
 -1.139314e+00 2.498923e+00 -1.057193e+00
 -8.917781e-01 2.403061e+00 -1.267960e+00
 -6.193678e-01 2.215764e+00 -1.410372e+00
 -3.554415e-01 1.945537e+00 -1.481965e+00
 2.695071e-01 1.070341e+00 -1.506026e+00
 4.969011e-01 7.178919e-01 -1.330378e+00
 6.347850e-01 4.471587e-01 -1.012764e+00
 6.210700e-01 2.617580e-01 -6.425010e-01
 3.299143e-01 2.955398e-02 -1.275309e-01
 2.578304e-01 2.964902e-02 4.992727e-01
 2.251616e-01 1.527251e-01 9.181885e-01
 2.048749e-01 3.468168e-01 1.197861e+00
 1.800788e-01 6.113947e-01 1.394512e+00
 1.487793e-01 9.165035e-01 1.495904e+00
 1.102664e-01 1.228611e+00 1.498991e+00
 6.470833e-02 1.518119e+00 1.411494e+00
 1.295935e-02 1.761654e+00 1.248505e+00
 -4.377347e-02 1.943165e+00 1.028973e+00
 -1.041089e-01 2.052959e+00 7.731750e-01
 -2.103973e-01 2.104942e+00 3.584327e-01
 -3.211262e-01 2.065269e+00 6.579540e-02
 -5.839454e-01 1.904181e+00 -3.553082e-01
 -8.594397e-01 1.619853e+00 -6.185729e-01
 -9.467137e-01 1.478574e+00 -7.902060e-01
 -9.627510e-01 1.276492e+00 -1.013129e+00
 -8.969753e-01 1.037107e+00 -1.203640e+00
 -7.734407e-01 7.820969e-01 -1.324745e+00
 -6.039802e-01 5.049634e-01 -1.364378e+00
 -2.627041e-02 -3.241325e-01 -1.187427e+00
 2.086105e-01 -5.454480e-01 -1.092370e+00
 3.258287e-01 -6.375817e-01 -1.010692e+00
 4.335717e-01 -7.512704e-01 -8.434761e-01
 5.043057e-01 -9.076863e-01 -7.116955e-01
 5.986077e-01 -1.088532e+00 -6.215289e-01
 8.142430e-01 -1.390025e+00 -5.524146e-01
 9.360631e-01 -1.710734e+00 -3.855203e-01
 9.609764e-01 -1.982752e+00 -1.322313e-01
 8.867906e-01 -2.170673e+00 1.823864e-01
