 -7.383780e-01 -2.295616e+00 -2.892028e-01
 -8.187775e-01 -2.303798e+00 -7.012347e-02
 -8.901396e-01 -2.265764e+00 1.277676e-01
 -9.489655e-01 -2.188295e+00 3.103374e-01
 -9.975929e-01 -2.081717e+00 4.610963e-01
 -1.039595e+00 -1.956353e+00 5.788750e-01
 -1.086404e+00 -1.801019e+00 6.709336e-01
 -1.126759e+00 -1.662074e+00 7.117758e-01
 -1.213076e+00 -1.459741e+00 7.274004e-01
 -1.362370e+00 -1.280469e+00 7.482334e-01
 -1.626866e+00 -1.070562e+00 7.238198e-01
 -1.789961e+00 -8.478184e-01 6.777969e-01
 -1.885700e+00 -5.803438e-01 6.297263e-01
 -1.900838e+00 -2.919521e-01 5.847558e-01
 -1.825547e+00 1.308560e-02 5.438718e-01
 -1.669581e+00 2.718855e-01 5.134395e-01
 -1.439358e+00 4.757246e-01 4.772461e-01
 -1.148787e+00 5.934806e-01 4.424040e-01
 -8.571284e-01 6.187630e-01 4.482800e-01
 -5.574314e-01 5.584025e-01 5.040982e-01
 -3.936416e-01 4.855365e-01 5.700498e-01
 -1.833727e-01 4.038212e-01 7.710565e-01
 7.083235e-02 2.585705e-01 1.242856e+00
 3.823021e-01 2.142667e-01 1.508119e+00
 7.645499e-01 2.477824e-01 1.650646e+00
 1.162684e+00 3.510405e-01 1.647203e+00
 1.491878e+00 4.602129e-01 1.496752e+00
 1.750843e+00 5.893340e-01 1.197123e+00
 1.856448e+00 7.519786e-01 8.071398e-01
 1.786989e+00 9.380752e-01 4.355714e-01
 1.587754e+00 1.113175e+00 1.972655e-01
 1.304784e+00 1.364010e+00 9.266688e-02
 1.123742e+00 1.780393e+00 9.016728e-02
 9.293255e-01 2.006659e+00 1.272113e-01
 6.490939e-01 2.188790e+00 1.253336e-01
 3.481883e-01 2.285561e+00 6.696091e-02
 5.670347e-02 2.286119e+00 -2.516408e-02
 -2.177065e-01 2.184578e+00 -1.257122e-01
 -4.554557e-01 1.978873e+00 -2.348479e-01
 -6.339546e-01 1.665858e+00 -3.499290e-01
 -6.887818e-01 1.316173e+00 -4.401832e-01
 -6.193847e-01 9.709554e-01 -5.027215e-01
 -3.481344e-01 4.584937e-01 -4.825927e-01
 -2.729501e-01 2.605428e-01 -5.079209e-01
 -2.124733e-01 5.871766e-02 -5.883922e-01
 -2.122390e-01 -1.141674e-01 -6.800560e-01
 -2.307973e-01 -2.960915e-01 -7.241035e-01
 -2.045288e-01 -5.389472e-01 -7.392340e-01
 -1.136609e-01 -7.594871e-01 -7.483162e-01
 5.024287e-02 -9.570061e-01 -7.514853e-01
 2.270074e-01 -1.107395e+00 -7.642237e-01
 5.045781e-01 -1.258588e+00 -9.032507e-01
 8.017194e-01 -1.296734e+00 -1.101010e+00
 1.081446e+00 -1.208473e+00 -1.315115e+00
 1.309482e+00 -1.004373e+00 -1.511046e+00
 1.451213e+00 -7.113632e-01 -1.674952e+00
 1.485253e+00 -3.666197e-01 -1.793226e+00
 1.225109e+00 8.917148e-01 -1.964311e+00
 1.080637e+00 1.252406e+00 -1.882463e+00
 9.030959e-01 1.528726e+00 -1.684756e+00
 7.266515e-01 1.693423e+00 -1.394195e+00
 5.639872e-01 1.724837e+00 -1.049191e+00
 4.197785e-01 1.613241e+00 -7.144516e-01
 3.334357e-01 1.350037e+00 -3.807161e-01
 3.018300e-01 1.277187e+00 -2.084134e-01
 2.091866e-01 1.265968e+00 9.957104e-02
 -4.039962e-02 1.434756e+00 6.324287e-01
 -2.249600e-01 1.427180e+00 9.191657e-01
 -4.309700e-01 1.318742e+00 1.164096e+00
 -6.328935e-01 1.118231e+00 1.346748e+00
 -8.172780e-01 8.380636e-01 1.453007e+00
 -9.423851e-01 5.395285e-01 1.459297e+00
 -9.952346e-01 2.278003e-01 1.381538e+00
 -9.798507e-01 -5.074544e-02 1.220729e+00
 -9.426564e-01 -2.635589e-01 9.819145e-01
 -9.034130e-01 -3.620256e-01 7.472444e-01
 -8.857275e-01 -3.993666e-01 5.324887e-01
 -9.464864e-01 -3.730805e-01 1.826926e-01
 -1.193522e+00 -1.639400e-01 -4.405280e-01
 -1.221618e+00 -4.538564e-02 -6.892771e-01
 -1.170306e+00 7.546390e-02 -9.413025e-01
 -1.046097e+00 1.837104e-01 -1.165941e+00
 -8.647038e-01 2.841039e-01 -1.339877e+00
 -6.376813e-01 3.838276e-01 -1.451953e+00
 -3.718480e-01 4.833473e-01 -1.495359e+00
 -1.121216e-01 5.655499e-01 -1.463142e+00
 4.821596e-01 7.028075e-01 -1.219536e+00
 7.921360e-01 7.220216e-01 -1.056441e+00
 9.493311e-01 7.798214e-01 -9.814719e-01
 1.172742e+00 9.015234e-01 -9.209952e-01
 1.682237e+00 1.335004e+00 -8.474804e-01
 1.886924e+00 1.549996e+00 -7.193373e-01
 2.039339e+00 1.740908e+00 -5.077418e-01
 2.127458e+00 1.885686e+00 -2.333416e-01
 2.146090e+00 1.967190e+00 7.610700e-02
 2.092548e+00 1.981262e+00 3.845423e-01
 1.964366e+00 1.939158e+00 6.640080e-01
 1.768747e+00 1.850375e+00 8.921256e-01
 1.531695e+00 1.722748e+00 1.039230e+00
 1.282584e+00 1.550575e+00 1.102347e+00
 1.023946e+00 1.307015e+00 1.068996e+00
 8.605329e-01 1.053086e+00 9.547735e-01
 8.181568e-01 8.403944e-01 8.192810e-01
 8.469520e-01 6.305414e-01 6.911823e-01
 8.920895e-01 4.416936e-01 6.500718e-01
 9.772734e-01 2.020882e-01 6.463194e-01
 1.119669e+00 -1.437498e-01 7.281401e-01
 1.155142e+00 -4.739617e-01 7.415124e-01
 1.112095e+00 -8.005251e-01 6.786373e-01
 9.767922e-01 -1.104282e+00 5.516992e-01
 7.512509e-01 -1.333352e+00 3.999427e-01
 4.703467e-01 -1.463677e+00 2.702719e-01
 1.598179e-01 -1.498832e+00 1.843966e-01
 -3.827237e-01 -1.375706e+00 6.092653e-02
 -7.206412e-01 -1.292190e+00 -1.409783e-01
 -9.995040e-01 -1.313524e+00 -2.534846e-01
 -1.342013e+00 -1.454110e+00 -2.847001e-01
 -1.683088e+00 -1.650923e+00 -1.609774e-01
 -1.937350e+00 -1.843259e+00 1.063283e-01
 -2.065675e+00 -1.969503e+00 4.503585e-01
 -2.078471e+00 -2.006834e+00 8.401030e-01
 -1.968293e+00 -1.963893e+00 1.207301e+00
 -1.745604e+00 -1.862106e+00 1.503218e+00
 -1.447071e+00 -1.714331e+00 1.687328e+00
 -1.114967e+00 -1.542203e+00 1.737536e+00
 -7.985933e-01 -1.366776e+00 1.651187e+00
 -3.244756e-02 -8.207046e-01 1.027745e+00
 1.556861e-01 -4.947452e-01 4.637423e-01
 2.768354e-01 -4.483573e-01 1.905844e-01
 6.633698e-01 -3.586947e-01 -2.007573e-01
 7.921395e-01 -2.567910e-01 -5.929604e-01
 7.742087e-01 -2.788163e-01 -9.965571e-01
 6.067836e-01 -2.943884e-01 -1.287959e+00
 4.874857e-01 -3.959016e-01 -1.479845e+00
 3.486687e-01 -5.541655e-01 -1.633448e+00
 1.934398e-01 -7.472635e-01 -1.728919e+00
 3.524412e-02 -9.652240e-01 -1.761203e+00
 -1.081670e-01 -1.184100e+00 -1.724491e+00
 -2.334756e-01 -1.391106e+00 -1.623590e+00
 -3.334996e-01 -1.572669e+00 -1.466632e+00
 -6.192044e-01 -2.178873e+00 -6.256682e-01
 -6.757712e-01 -2.254191e+00 -4.616399e-01
