 -1.181091e+00 -4.408152e-01 -1.778990e+00
 -1.108227e+00 -7.289511e-01 -1.867437e+00
 -9.151743e-01 -1.052487e+00 -1.873229e+00
 -6.296559e-01 -1.318985e+00 -1.739383e+00
 -3.311804e-01 -1.463025e+00 -1.479135e+00
 -2.922875e-02 -1.452761e+00 -1.084239e+00
 1.581522e-01 -1.264665e+00 -7.184370e-01
 2.254529e-01 -9.322031e-01 -4.190310e-01
 1.215581e-01 -3.459920e-01 -1.615393e-01
 9.626715e-02 -4.414685e-02 4.916576e-02
 1.360330e-01 1.468803e-01 1.443917e-01
 2.445688e-01 3.794839e-01 2.010061e-01
 3.972254e-01 7.438255e-01 2.744611e-01
 7.493322e-01 1.394362e+00 6.206534e-01
 9.795539e-01 1.591781e+00 8.463450e-01
 1.255059e+00 1.658651e+00 1.099418e+00
 1.539469e+00 1.583954e+00 1.342759e+00
 1.818999e+00 1.351749e+00 1.568427e+00
 1.987755e+00 1.023102e+00 1.713492e+00
 2.039323e+00 6.286927e-01 1.769307e+00
 1.964993e+00 2.447747e-01 1.711535e+00
 1.824751e+00 -6.247248e-02 1.529866e+00
 1.762489e+00 -2.222468e-01 1.278266e+00
 1.784235e+00 -3.738274e-01 1.069917e+00
 1.910827e+00 -5.640657e-01 7.549962e-01
 1.944149e+00 -6.669850e-01 4.897207e-01
 1.908331e+00 -7.360314e-01 2.091126e-01
 1.807212e+00 -7.600011e-01 -6.467386e-02
 1.649811e+00 -7.319085e-01 -3.129631e-01
 1.427309e+00 -6.381575e-01 -5.418760e-01
 1.166148e+00 -4.756066e-01 -7.274172e-01
 7.230700e-01 -8.744207e-02 -9.465360e-01
 4.598162e-01 1.596584e-01 -9.707057e-01
 2.150353e-01 3.313206e-01 -9.075714e-01
 -2.226141e-01 6.951544e-01 -6.564550e-01
 -4.547168e-01 8.822691e-01 -3.462159e-01
 -5.799052e-01 9.293158e-01 -4.220396e-02
 -6.758664e-01 8.066224e-01 2.523355e-01
 -7.728653e-01 2.576230e-01 7.718510e-01
 -8.336373e-01 1.146726e-01 1.066430e+00
 -7.984075e-01 6.649127e-02 1.455254e+00
 -6.290434e-01 1.085255e-01 1.819340e+00
 -3.458090e-01 2.229453e-01 2.092209e+00
 1.232626e-02 3.842052e-01 2.224274e+00
 3.790295e-01 5.526745e-01 2.192878e+00
 7.089109e-01 6.661812e-01 2.013810e+00
 9.690715e-01 7.010273e-01 1.711537e+00
 1.183454e+00 6.284925e-01 1.150958e+00
 1.389559e+00 6.556512e-01 9.409672e-01
 1.674269e+00 6.779500e-01 8.020476e-01
 2.049541e+00 5.912286e-01 7.376617e-01
 2.388847e+00 4.203078e-01 7.912529e-01
 2.646168e+00 1.696442e-01 9.377486e-01
 2.780650e+00 -1.344167e-01 1.152084e+00
 2.761876e+00 -4.572991e-01 1.368702e+00
 2.595077e+00 -7.497535e-01 1.571816e+00
 2.304546e+00 -9.577595e-01 1.743084e+00
 1.935324e+00 -1.048477e+00 1.855056e+00
 1.542058e+00 -1.008730e+00 1.890037e+00
 1.183186e+00 -8.465705e-01 1.838699e+00
 5.228791e-01 -2.229871e-01 1.508068e+00
 2.724498e-01 5.529984e-02 1.287327e+00
 1.669808e-01 2.981890e-01 1.201356e+00
 6.277294e-02 6.145486e-01 1.220561e+00
 -1.687247e-01 8.892535e-01 1.322328e+00
 -5.442027e-01 1.066013e+00 1.385488e+00
 -9.650843e-01 1.100137e+00 1.349439e+00
 -1.350546e+00 9.997521e-01 1.205095e+00
 -1.634491e+00 7.796421e-01 9.818416e-01
 -2.051134e+00 -1.263068e-01 1.583331e-01
 -2.073355e+00 -3.374156e-01 -1.929727e-01
 -1.996377e+00 -4.117356e-01 -5.302548e-01
 -1.937550e+00 -3.238853e-01 -8.788318e-01
 -2.159089e+00 -1.306822e-01 -1.591007e+00
 -2.124213e+00 -4.313507e-02 -1.968262e+00
 -1.947123e+00 1.645535e-02 -2.311309e+00
 -1.651634e+00 3.732164e-02 -2.569816e+00
 -1.278990e+00 1.386157e-02 -2.704004e+00
 -8.840975e-01 -5.328462e-02 -2.690290e+00
 -5.278860e-01 -1.567843e-01 -2.526465e+00
 -2.622192e-01 -2.825811e-01 -2.225706e+00
 -1.432709e-01 -3.636516e-01 -1.852064e+00
 -1.886255e-01 -4.405317e-01 -1.457242e+00
 -3.631041e-01 -4.786306e-01 -1.141851e+00
 -5.796089e-01 -5.768663e-01 -9.641957e-01
 -9.496109e-01 -8.908931e-01 -8.545619e-01
 -1.584736e+00 -1.283134e+00 -9.550612e-01
 -1.980854e+00 -1.343543e+00 -1.006875e+00
 -2.374330e+00 -1.248839e+00 -1.019080e+00
 -2.701673e+00 -1.016837e+00 -9.856868e-01
 -2.913946e+00 -6.873237e-01 -9.085375e-01
 -2.980420e+00 -3.143449e-01 -8.064818e-01
 -2.895342e+00 5.234087e-02 -7.162793e-01
 -2.672706e+00 3.646365e-01 -6.495576e-01
 -2.351465e+00 5.686435e-01 -5.869914e-01
 -1.983138e+00 6.375849e-01 -5.315647e-01
 -1.634056e+00 5.671910e-01 -4.838029e-01
 -1.355486e+00 3.877172e-01 -4.192716e-01
 -1.155604e+00 1.224696e-01 -3.314775e-01
 -1.021156e+00 -2.801958e-01 -5.078930e-02
 -8.776904e-01 -5.021932e-01 1.138279e-01
 -6.204237e-01 -7.181794e-01 4.236048e-01
 -3.695013e-01 -8.102477e-01 5.979464e-01
 -6.819992e-02 -8.489473e-01 7.019907e-01
 2.583113e-01 -8.326262e-01 7.227330e-01
 5.181588e-01 -7.747844e-01 6.669851e-01
 7.328570e-01 -6.371085e-01 6.000932e-01
 9.036511e-01 -4.565203e-01 5.094653e-01
 1.172002e+00 -1.894850e-02 2.224698e-01
 1.264306e+00 3.071688e-01 -7.314043e-02
 1.093082e+00 8.762534e-01 -6.288708e-01
 9.328914e-01 1.067329e+00 -9.266723e-01
 7.062477e-01 1.160794e+00 -1.223628e+00
 4.483373e-01 1.155271e+00 -1.459014e+00
 1.583139e-01 1.064793e+00 -1.628079e+00
 -1.399898e-01 9.040686e-01 -1.709270e+00
 -8.676617e-01 3.385806e-01 -1.665657e+00
 -1.033863e+00 1.157610e-01 -1.669656e+00
 -1.143459e+00 -1.513683e-01 -1.699511e+00
