 1.316726e+00 4.740995e-01 -5.531725e-01
 9.056599e-01 3.247040e-01 -7.697789e-01
 7.132688e-01 5.291926e-02 -1.086447e+00
 5.804118e-01 -5.384413e-01 -1.537096e+00
 4.329738e-01 -8.421879e-01 -1.661459e+00
 2.079577e-01 -1.117850e+00 -1.691918e+00
 -5.449731e-02 -1.338742e+00 -1.618193e+00
 -3.237038e-01 -1.480594e+00 -1.451632e+00
 -5.603672e-01 -1.534085e+00 -1.212519e+00
 -7.600108e-01 -1.481926e+00 -9.330679e-01
 -8.749374e-01 -1.363907e+00 -7.359302e-01
 -9.750936e-01 -1.225173e+00 -6.291690e-01
 -1.087625e+00 -1.134333e+00 -5.353506e-01
 -1.189106e+00 -1.077010e+00 -4.482096e-01
 -1.868021e+00 -8.383468e-01 1.855859e-01
 -2.013770e+00 -5.959120e-01 6.419784e-01
 -1.886867e+00 -3.069181e-01 1.079531e+00
 -1.521929e+00 -5.151265e-02 1.377774e+00
 -6.704533e-01 2.173808e-01 1.509849e+00
 -4.854727e-01 2.881113e-01 1.594602e+00
 -3.260798e-01 3.578724e-01 1.716429e+00
 -1.676662e-01 5.295274e-01 1.854608e+00
 3.833520e-03 8.039824e-01 1.926715e+00
 1.418215e-01 1.096894e+00 1.899065e+00
 2.540243e-01 1.375928e+00 1.770860e+00
 3.158528e-01 1.616356e+00 1.559749e+00
 3.145873e-01 1.800976e+00 1.287518e+00
 1.190559e-01 2.179436e+00 1.424400e-01
 1.013760e-01 2.166856e+00 -2.644363e-01
 1.158786e-01 2.012595e+00 -6.149417e-01
 1.671245e-01 1.768378e+00 -8.558508e-01
 2.685085e-01 1.535991e+00 -9.710549e-01
 4.248075e-01 1.371438e+00 -1.030798e+00
 6.102663e-01 1.241025e+00 -1.150634e+00
 9.365839e-01 1.103919e+00 -1.420211e+00
 1.205995e+00 8.961128e-01 -1.557739e+00
 1.439860e+00 6.214678e-01 -1.598250e+00
 1.605025e+00 3.174850e-01 -1.543736e+00
 1.691222e+00 2.240643e-02 -1.403364e+00
 1.690482e+00 -2.419437e-01 -1.195784e+00
 1.590918e+00 -4.604090e-01 -9.657828e-01
 1.433823e+00 -5.801471e-01 -7.177891e-01
 1.247956e+00 -5.992787e-01 -4.704923e-01
 1.046913e+00 -5.152780e-01 -2.205777e-01
 9.630698e-01 -4.143147e-01 -8.398398e-02
 9.272144e-01 -2.573919e-01 8.601050e-02
 9.479604e-01 -9.653125e-02 2.467328e-01
 9.464861e-01 3.712840e-02 3.274595e-01
 8.853924e-01 2.382912e-01 4.580356e-01
 7.704046e-01 4.139098e-01 5.876337e-01
 6.040589e-01 5.576229e-01 7.147981e-01
 3.862679e-01 6.674378e-01 8.305835e-01
 1.984470e-01 7.576353e-01 8.821659e-01
 -2.708133e-01 1.041663e+00 9.541430e-01
 -5.382601e-01 1.199134e+00 1.136145e+00
 -7.995276e-01 1.253589e+00 1.466510e+00
 -9.891252e-01 1.145206e+00 1.836074e+00
 -1.077275e+00 9.014391e-01 2.163633e+00
 -1.064220e+00 5.631740e-01 2.396781e+00
 -9.683900e-01 1.844679e-01 2.495086e+00
 -8.050839e-01 -1.813313e-01 2.447256e+00
 -5.851093e-01 -4.688681e-01 2.273536e+00
 -3.515397e-01 -6.378088e-01 1.999953e+00
 -1.447058e-01 -6.671474e-01 1.675258e+00
 -2.303579e-02 -5.795197e-01 1.335445e+00
 -5.186897e-03 -2.801964e-01 7.989255e-01
 -1.978760e-02 -2.058411e-01 5.033291e-01
 -5.476698e-02 -1.252990e-01 3.102898e-01
 -6.707429e-02 1.655521e-01 -2.852109e-01
 -3.087491e-01 7.945120e-01 -1.460507e+00
 -2.041762e-01 1.114068e+00 -1.804295e+00
 4.084876e-02 1.495153e+00 -1.982448e+00
 3.640135e-01 1.852762e+00 -1.948833e+00
 6.961268e-01 2.105378e+00 -1.716194e+00
 9.838221e-01 2.186222e+00 -1.340448e+00
 1.142004e+00 2.101622e+00 -9.071137e-01
 1.132393e+00 1.876411e+00 -4.820727e-01
 9.509199e-01 1.580856e+00 -1.762836e-01
 6.336809e-01 1.302149e+00 -2.876688e-02
 2.920685e-01 1.173420e+00 -3.127164e-02
 -2.958399e-01 1.173222e+00 -5.610033e-02
 -6.044815e-01 1.017340e+00 -7.136925e-04
 -9.601183e-01 4.641401e-01 2.511922e-01
 -1.070654e+00 -1.002494e-01 4.178514e-01
 -9.965486e-01 -4.212145e-01 5.572159e-01
 -8.387840e-01 -1.179659e+00 1.145094e+00
 -4.659219e-01 -1.671244e+00 1.252047e+00
 -6.590751e-02 -2.074923e+00 9.911205e-01
 2.068408e-01 -2.246549e+00 4.618469e-01
 3.515089e-01 -2.084010e+00 -9.858623e-02
 3.548300e-01 -1.628023e+00 -5.072994e-01
 1.004111e-01 -9.543486e-01 -6.782425e-01
 -1.215072e-01 -6.888667e-01 -8.129033e-01
 -3.764604e-01 -5.210949e-01 -1.075392e+00
 -7.452131e-01 -5.228439e-01 -1.339972e+00
 -1.135594e+00 -7.019610e-01 -1.497552e+00
 -1.488818e+00 -9.999310e-01 -1.489741e+00
 -1.733190e+00 -1.349254e+00 -1.313124e+00
 -1.817549e+00 -1.682261e+00 -1.007485e+00
 -1.725974e+00 -1.933218e+00 -6.382701e-01
 -1.490286e+00 -2.041900e+00 -2.650470e-01
 -1.153759e+00 -1.984041e+00 4.233078e-02
 -7.761729e-01 -1.782042e+00 2.098185e-01
 -4.010309e-01 -1.423922e+00 2.154950e-01
 -1.831687e-01 -1.273466e+00 3.213360e-01
 -8.932753e-03 -1.219299e+00 3.912202e-01
 1.192481e+00 -1.109820e+00 6.751559e-01
 1.744585e+00 -7.637439e-01 5.381011e-01
 1.994891e+00 -2.135994e-01 1.632818e-01
 1.804700e+00 2.703612e-01 -2.323531e-01
