 -1.314662e+00 -1.190195e+00 -1.088460e+00
 -1.208486e+00 -9.106930e-01 -1.340722e+00
 -9.897977e-01 -5.960935e-01 -1.487421e+00
 -6.833770e-01 -2.957880e-01 -1.485542e+00
 -1.807488e-01 5.138760e-02 -1.225905e+00
 -1.322160e-02 2.070059e-01 -1.144414e+00
 1.672214e-01 4.844303e-01 -1.029397e+00
 3.965954e-01 1.014952e+00 -7.811359e-01
 4.589184e-01 1.285403e+00 -3.619790e-01
 5.974493e-01 1.305459e+00 1.759704e-01
 7.861163e-01 1.042681e+00 6.289773e-01
 9.553763e-01 5.738452e-01 8.667401e-01
 1.050267e+00 2.219817e-01 8.318146e-01
 1.120282e+00 4.580832e-02 7.778639e-01
 1.216661e+00 -1.503441e-01 6.530474e-01
 1.311250e+00 -3.065306e-01 4.839300e-01
 1.411071e+00 -4.307737e-01 2.580857e-01
 1.673008e+00 -8.094899e-01 -6.444039e-01
 1.647352e+00 -9.012041e-01 -1.018497e+00
 1.527064e+00 -9.091850e-01 -1.353555e+00
 1.350300e+00 -8.446169e-01 -1.621554e+00
 1.152414e+00 -7.270968e-01 -1.810905e+00
 9.525786e-01 -5.725420e-01 -1.929330e+00
 6.551234e-01 -2.886274e-01 -2.034892e+00
 1.545076e-01 3.135193e-01 -2.146553e+00
 -4.807334e-02 5.623814e-01 -2.102572e+00
 -2.315296e-01 8.427627e-01 -1.908883e+00
 -2.740125e-01 1.161225e+00 -1.644464e+00
 -3.269559e-01 1.298372e+00 -1.485468e+00
 -4.141166e-01 1.412813e+00 -1.253912e+00
 -4.818276e-01 1.476588e+00 -9.645027e-01
 -5.460726e-01 1.455874e+00 -4.403371e-01
 -5.800400e-01 1.317158e+00 1.008129e-01
 -6.068575e-01 1.100364e+00 4.207070e-01
 -6.200032e-01 7.663363e-01 6.822827e-01
 -6.006862e-01 4.487635e-01 7.983755e-01
 -5.730302e-01 5.096262e-02 8.101653e-01
 -6.281775e-01 -2.919214e-01 8.854888e-01
 -8.230447e-01 -6.034177e-01 1.033370e+00
 -1.073978e+00 -8.018917e-01 1.309618e+00
 -1.282393e+00 -8.452348e-01 1.675136e+00
 -1.407341e+00 -7.392454e-01 2.053887e+00
 -1.417538e+00 -5.225454e-01 2.395399e+00
 -1.312955e+00 -2.474592e-01 2.650937e+00
 -1.118744e+00 4.459380e-02 2.792721e+00
 -8.651226e-01 3.139996e-01 2.811213e+00
 -5.891061e-01 5.303778e-01 2.709342e+00
 -3.155388e-01 6.661937e-01 2.504129e+00
 -7.500423e-02 6.958593e-01 2.225898e+00
 1.010790e-01 6.126611e-01 1.914170e+00
 2.028387e-01 4.149104e-01 1.619335e+00
 2.228151e-01 1.718283e-01 1.435298e+00
 2.659444e-01 -1.373421e-01 1.346842e+00
 4.288469e-01 -5.481465e-01 1.220486e+00
 6.477378e-01 -1.075410e+00 9.971955e-01
 6.984599e-01 -1.344959e+00 7.813802e-01
 6.683327e-01 -1.552701e+00 5.117497e-01
 5.623718e-01 -1.683025e+00 2.058587e-01
 3.833502e-01 -1.717218e+00 -1.164541e-01
 1.707972e-01 -1.644000e+00 -3.898181e-01
 -4.760190e-02 -1.467702e+00 -5.928846e-01
 -2.425455e-01 -1.203524e+00 -6.983998e-01
 -4.250702e-01 -8.895178e-01 -6.654129e-01
 -5.918993e-01 -7.035169e-01 -5.487149e-01
 -7.786138e-01 -5.956552e-01 -4.318041e-01
 -9.876535e-01 -5.261872e-01 -2.661030e-01
 -1.510048e+00 -1.365186e-01 3.853337e-01
 -1.601291e+00 1.837084e-02 7.280775e-01
 -1.560667e+00 1.173725e-01 1.090625e+00
 -1.382722e+00 1.740164e-01 1.433191e+00
 -1.098515e+00 1.706952e-01 1.684683e+00
 -8.097978e-01 7.264022e-02 1.818480e+00
 -6.473830e-01 -7.507064e-02 1.890177e+00
 -5.127007e-01 -2.197024e-01 2.012502e+00
 -2.865058e-01 -3.084971e-01 2.194028e+00
 4.569830e-02 -3.282032e-01 2.326427e+00
 3.942563e-01 -2.788291e-01 2.351392e+00
 7.191295e-01 -1.841784e-01 2.265234e+00
 1.774075e+00 3.124684e-01 1.548966e+00
 1.975370e+00 4.540122e-01 1.199514e+00
 2.018373e+00 5.498040e-01 7.939841e-01
 1.904355e+00 5.907314e-01 4.033162e-01
 1.659097e+00 5.851536e-01 9.021948e-02
 1.324500e+00 5.236690e-01 -1.118313e-01
 1.020715e+00 4.135366e-01 -1.739435e-01
 7.569863e-01 3.150316e-01 -1.262715e-01
 5.916016e-01 2.949752e-01 -6.440302e-02
 3.563230e-01 2.972069e-01 -2.660121e-03
 -1.004008e-02 2.735712e-01 -4.218240e-02
 -3.647664e-01 3.008855e-01 -1.839446e-01
 -5.533460e-01 3.827886e-01 -3.015241e-01
 -8.260429e-01 4.776424e-01 -5.728177e-01
 -1.210842e+00 7.700725e-01 -1.324876e+00
 -1.285861e+00 1.044154e+00 -1.773433e+00
 -1.179884e+00 1.288391e+00 -2.109205e+00
 -9.384447e-01 1.483059e+00 -2.359978e+00
 -6.167621e-01 1.606147e+00 -2.509010e+00
 -2.728911e-01 1.650028e+00 -2.556252e+00
 4.780068e-02 1.622241e+00 -2.518075e+00
 3.180625e-01 1.537996e+00 -2.417473e+00
 5.402445e-01 1.404670e+00 -2.266431e+00
 7.023932e-01 1.247034e+00 -2.104979e+00
 9.388524e-01 8.580894e-01 -1.773505e+00
 1.121432e+00 3.346708e-01 -1.371392e+00
 1.066551e+00 8.942885e-03 -1.104337e+00
 8.187307e-01 -3.184369e-01 -9.038230e-01
 7.189867e-01 -4.359137e-01 -7.919178e-01
 6.318671e-01 -5.480406e-01 -6.307355e-01
 5.512216e-01 -6.607791e-01 -3.784665e-01
 4.846650e-01 -6.932727e-01 -1.998452e-01
 2.806585e-01 -7.109271e-01 4.934717e-02
 3.756674e-02 -7.987052e-01 2.338156e-01
 -1.037645e-01 -9.221716e-01 3.099656e-01
 -3.197356e-01 -1.125217e+00 3.352403e-01
 -5.893544e-01 -1.317304e+00 2.625451e-01
 -8.319593e-01 -1.470471e+00 9.221816e-02
 -1.035947e+00 -1.541638e+00 -1.447172e-01
 -1.203922e+00 -1.522083e+00 -4.533177e-01
 -1.306623e+00 -1.400807e+00 -7.817644e-01
