 7.575201e-01 -1.150640e-01 -5.808942e-01
 1.209863e+00 -1.282694e-01 -5.826055e-01
 1.620111e+00 -2.629339e-01 -4.255456e-01
 1.890275e+00 -4.958256e-01 -1.717676e-01
 1.994378e+00 -8.236029e-01 9.784182e-02
 1.912257e+00 -1.154857e+00 3.481169e-01
 1.675919e+00 -1.454684e+00 5.275314e-01
 1.323315e+00 -1.699440e+00 5.885429e-01
 9.595030e-01 -1.820357e+00 5.122339e-01
 6.374405e-01 -1.906445e+00 2.587740e-01
 4.027513e-01 -1.883913e+00 -7.121057e-02
 2.302495e-01 -1.687969e+00 -4.394779e-01
 1.078539e-01 -1.462342e+00 -8.011675e-01
 -1.762154e-02 -1.244868e+00 -1.156563e+00
 -1.496096e-01 -1.036065e+00 -1.516299e+00
 -2.947164e-01 -7.829144e-01 -1.900838e+00
 -3.921253e-01 -4.545323e-01 -2.133135e+00
 -4.345415e-01 -2.644188e-02 -2.218918e+00
 -4.302108e-01 4.048675e-01 -2.121265e+00
 -3.513635e-01 7.894814e-01 -1.829050e+00
 -1.776159e-01 9.386761e-01 -1.520265e+00
 1.337262e-01 1.052420e+00 -1.298979e+00
 6.066984e-01 1.293908e+00 -1.212436e+00
 9.433183e-01 1.447954e+00 -1.079218e+00
 1.219152e+00 1.568648e+00 -8.023475e-01
 1.374735e+00 1.638619e+00 -4.251708e-01
 1.374157e+00 1.649054e+00 -1.965011e-03
 1.206585e+00 1.597780e+00 3.934038e-01
 9.028964e-01 1.497784e+00 6.750199e-01
 5.109771e-01 1.301712e+00 8.194401e-01
 1.651073e-01 1.028783e+00 7.737689e-01
 -2.085494e-01 7.680327e-01 6.507955e-01
 -5.712671e-01 7.049601e-01 6.469302e-01
 -1.043422e+00 6.384284e-01 6.693732e-01
 -1.400053e+00 5.131037e-01 6.307187e-01
 -1.701753e+00 3.127992e-01 4.641743e-01
 -1.910609e+00 1.201544e-01 1.632084e-01
 -1.989975e+00 -3.492382e-04 -2.007694e-01
 -1.922042e+00 -6.113967e-02 -6.070124e-01
 -1.707951e+00 -7.228648e-02 -9.517535e-01
 -1.352848e+00 -4.625040e-02 -1.193846e+00
 -9.789808e-01 -2.880172e-02 -1.263016e+00
 -4.759347e-01 -3.013046e-02 -1.181899e+00
 -1.020297e-01 -3.724199e-02 -1.229283e+00
 2.712099e-01 5.890142e-03 -1.446614e+00
 5.325172e-01 2.151888e-01 -1.764638e+00
 6.279604e-01 5.137208e-01 -2.033043e+00
 6.024668e-01 8.889570e-01 -2.211227e+00
 4.662661e-01 1.256972e+00 -2.266334e+00
 2.512189e-01 1.585531e+00 -2.196229e+00
 -6.358998e-04 1.823317e+00 -2.009035e+00
 -2.519506e-01 1.943244e+00 -1.721359e+00
 -4.667110e-01 1.917799e+00 -1.356219e+00
 -5.678901e-01 1.763051e+00 -1.046494e+00
 -5.997820e-01 1.504055e+00 -6.511513e-01
 -6.219818e-01 1.450187e+00 -2.353683e-01
 -6.398934e-01 1.532945e+00 4.888330e-02
 -6.547585e-01 1.729390e+00 4.868634e-01
 -6.370142e-01 1.678827e+00 9.692004e-01
 -5.886916e-01 1.461072e+00 1.349790e+00
 -5.001352e-01 1.108983e+00 1.594357e+00
 -4.079683e-01 7.196250e-01 1.667794e+00
 -3.159715e-01 2.762577e-01 1.677191e+00
 -2.246443e-01 -1.776587e-01 1.682794e+00
 -2.364263e-01 -5.965759e-01 1.599559e+00
 -4.031797e-01 -9.709346e-01 1.577271e+00
 -3.912479e-01 -1.354230e+00 1.615962e+00
 -2.148283e-01 -1.748035e+00 1.514360e+00
 6.249150e-02 -2.080749e+00 1.344439e+00
 3.283248e-01 -2.385229e+00 1.164167e+00
 6.035756e-01 -2.680707e+00 9.546104e-01
 8.557920e-01 -2.833839e+00 7.058771e-01
 1.117536e+00 -2.833875e+00 3.772833e-01
 1.321676e+00 -2.675797e+00 5.131705e-02
 1.437257e+00 -2.377609e+00 -2.247493e-01
 1.439465e+00 -1.991188e+00 -4.005180e-01
 1.326258e+00 -1.543398e+00 -4.407334e-01
 1.109362e+00 -1.168024e+00 -3.151216e-01
 9.567301e-01 -9.471458e-01 -1.008644e-02
 9.839923e-01 -7.016708e-01 2.820249e-01
 1.034955e+00 -2.830333e-01 4.396817e-01
 1.012896e+00 2.007973e-01 3.910119e-01
 9.094805e-01 5.373397e-01 2.050475e-01
 6.885259e-01 8.489038e-01 -1.150554e-01
 4.605843e-01 1.162709e+00 -2.098121e-01
 3.868662e-01 1.475000e+00 -2.114961e-01
 3.182020e-01 1.935147e+00 -2.412204e-01
 -6.144106e-02 2.324823e+00 -2.794935e-01
 -4.831179e-01 2.485999e+00 -2.983272e-01
 -9.251259e-01 2.448967e+00 -3.213619e-01
 -1.322996e+00 2.208308e+00 -3.436203e-01
 -1.572854e+00 1.831955e+00 -3.502218e-01
 -1.639023e+00 1.383016e+00 -3.655934e-01
 -1.499420e+00 9.326670e-01 -3.884017e-01
 -1.141100e+00 5.656723e-01 -3.751940e-01
 -9.709596e-01 2.346047e-01 -2.677563e-01
 -9.670919e-01 -1.870340e-01 -2.311317e-01
 -9.151259e-01 -5.758304e-01 -2.329042e-01
 -7.333815e-01 -9.463979e-01 -8.665350e-02
 -4.914283e-01 -1.186359e+00 1.507539e-01
 -2.124678e-01 -1.270266e+00 4.378125e-01
 1.283249e-01 -1.173546e+00 7.143540e-01
 4.451078e-01 -1.123065e+00 1.014074e+00
 6.165333e-01 -1.150212e+00 1.381089e+00
 6.075539e-01 -1.148224e+00 1.825403e+00
 4.293955e-01 -1.094411e+00 2.214966e+00
 1.176045e-01 -9.806042e-01 2.493055e+00
 -2.689775e-01 -8.302698e-01 2.609543e+00
 -6.640391e-01 -6.683551e-01 2.545007e+00
 -9.955009e-01 -5.225913e-01 2.310504e+00
 -1.205342e+00 -4.178894e-01 1.947559e+00
 -1.247170e+00 -3.566246e-01 1.519482e+00
 -1.115467e+00 -3.460750e-01 1.121755e+00
 -8.303448e-01 -3.414765e-01 8.055576e-01
 -3.886972e-01 -2.791723e-01 6.163387e-01
 -1.289328e-01 -2.122673e-01 3.593655e-01
 1.222579e-01 -1.834836e-01 -5.776807e-02
 3.857591e-01 -1.575066e-01 -3.643517e-01
