 -3.095129e-01 7.627278e-01 1.629144e+00
 -3.639355e-01 6.044661e-01 1.804433e+00
 -5.333994e-01 3.681357e-01 1.980044e+00
 -7.221176e-01 1.116117e-01 2.035835e+00
 -9.388795e-01 -1.861744e-01 1.962848e+00
 -1.118960e+00 -4.168750e-01 1.788728e+00
 -1.270777e+00 -5.828651e-01 1.522700e+00
 -1.384049e+00 -6.548482e-01 1.198731e+00
 -1.529944e+00 -5.857330e-01 1.527990e-01
 -1.472715e+00 -5.449103e-01 -2.278903e-01
 -1.340058e+00 -4.908686e-01 -5.159020e-01
 -1.236979e+00 -3.962231e-01 -6.902562e-01
 -1.120520e+00 -1.897761e-01 -1.029047e+00
 -9.207854e-01 -6.620813e-02 -1.259832e+00
 -3.171223e-01 1.161161e-01 -1.581586e+00
 2.408712e-01 1.299655e-01 -1.670525e+00
 8.248925e-01 1.238664e-01 -1.519096e+00
 1.082252e+00 1.043121e-01 -1.522348e+00
 1.362281e+00 -1.086671e-02 -1.555465e+00
 1.609572e+00 -2.258262e-01 -1.593112e+00
 1.783799e+00 -5.176966e-01 -1.588555e+00
 1.860847e+00 -8.489646e-01 -1.531766e+00
 1.836725e+00 -1.176022e+00 -1.414349e+00
 1.713175e+00 -1.458374e+00 -1.244008e+00
 1.503117e+00 -1.659394e+00 -1.039509e+00
 1.237526e+00 -1.747743e+00 -8.174733e-01
 9.518507e-01 -1.706705e+00 -5.874602e-01
 7.038777e-01 -1.546909e+00 -3.958378e-01
 5.258280e-01 -1.275957e+00 -2.193423e-01
 4.798994e-01 -9.827651e-01 -7.141669e-02
 5.255981e-01 -7.312073e-01 1.106983e-01
 5.126166e-01 -5.517591e-01 2.572277e-01
 4.462051e-01 -3.425350e-01 3.671297e-01
 3.896102e-01 -1.219667e-01 4.203316e-01
 3.865725e-01 5.992809e-02 4.684648e-01
 4.375999e-01 3.398525e-01 6.491956e-01
 6.755784e-01 9.320229e-01 1.349437e+00
 6.534450e-01 1.127313e+00 1.619708e+00
 5.252410e-01 1.301073e+00 1.875849e+00
 3.055839e-01 1.433011e+00 2.089360e+00
 1.996066e-02 1.503643e+00 2.242440e+00
 -2.963169e-01 1.511105e+00 2.314356e+00
 -6.183617e-01 1.469725e+00 2.291548e+00
 -9.122376e-01 1.377544e+00 2.178969e+00
 -1.146915e+00 1.226028e+00 1.998226e+00
 -1.292977e+00 1.035123e+00 1.771744e+00
 -1.336645e+00 8.137722e-01 1.531683e+00
 -1.270109e+00 5.848180e-01 1.303650e+00
 -1.092766e+00 3.513917e-01 1.110424e+00
 -8.025768e-01 1.536232e-01 9.797373e-01
 -4.574272e-01 -9.594352e-02 1.059911e+00
 -1.150144e-01 -2.821791e-01 1.282757e+00
 1.701907e-01 -3.342506e-01 1.388888e+00
 5.182342e-01 -3.558640e-01 1.400468e+00
 8.544480e-01 -3.334425e-01 1.302757e+00
 1.119866e+00 -2.587152e-01 1.124222e+00
 1.308393e+00 -1.506112e-01 8.733865e-01
 1.398928e+00 -4.222369e-02 5.667106e-01
 1.380204e+00 5.022154e-02 2.445916e-01
 1.250061e+00 1.240939e-01 -6.766918e-02
 1.028186e+00 1.680868e-01 -3.156946e-01
 7.326838e-01 1.334063e-01 -5.016311e-01
 3.576994e-01 -6.468260e-02 -6.231325e-01
 1.854049e-01 -2.640007e-01 -7.247066e-01
 -1.834962e-01 -7.404168e-01 -9.148409e-01
 -5.995683e-01 -1.062520e+00 -1.171078e+00
 -8.684692e-01 -1.152203e+00 -1.295615e+00
 -1.169295e+00 -1.160352e+00 -1.381242e+00
 -1.472017e+00 -1.085704e+00 -1.417034e+00
 -1.748034e+00 -9.355785e-01 -1.397613e+00
 -1.970897e+00 -7.247032e-01 -1.322851e+00
 -2.118858e+00 -4.740662e-01 -1.198062e+00
 -2.177324e+00 -2.088171e-01 -1.033548e+00
 -2.139866e+00 4.960996e-02 -8.382348e-01
 -2.023234e+00 2.510951e-01 -6.394194e-01
 -1.249480e+00 8.330630e-01 1.930022e-01
 -9.364600e-01 9.647449e-01 3.323239e-01
 -6.165759e-01 9.781599e-01 3.995684e-01
 -4.062000e-01 9.928709e-01 3.664453e-01
 -2.184547e-01 1.026857e+00 2.835883e-01
 1.375918e-02 1.067872e+00 9.938962e-02
 1.613018e-01 1.089367e+00 -8.221603e-02
 2.538417e-01 1.101456e+00 -2.582727e-01
 6.917778e-01 1.129016e+00 -1.728121e+00
 7.895588e-01 9.995378e-01 -2.066650e+00
 8.686840e-01 7.501403e-01 -2.337731e+00
 9.195925e-01 4.134149e-01 -2.503069e+00
 9.363090e-01 3.475473e-02 -2.537726e+00
 9.174754e-01 -3.331642e-01 -2.434328e+00
 8.703112e-01 -6.350933e-01 -2.206327e+00
 8.314335e-01 -8.319853e-01 -1.878157e+00
 8.294437e-01 -8.942851e-01 -1.521485e+00
 8.966025e-01 -8.384605e-01 -1.168666e+00
 1.034898e+00 -7.558482e-01 -9.409417e-01
 1.157324e+00 -7.269509e-01 -8.049043e-01
 1.318809e+00 -7.481579e-01 -6.077807e-01
 1.462367e+00 -8.527245e-01 -3.291326e-01
 1.503805e+00 -1.012534e+00 -2.569219e-02
 1.431806e+00 -1.189093e+00 2.568908e-01
 1.252428e+00 -1.331563e+00 5.114545e-01
 9.915263e-01 -1.417970e+00 7.089159e-01
 6.801579e-01 -1.440138e+00 8.302061e-01
 3.528140e-01 -1.396871e+00 8.650358e-01
 4.382181e-02 -1.293398e+00 8.120431e-01
 -2.149224e-01 -1.140674e+00 6.783707e-01
 -4.004472e-01 -9.463415e-01 4.773152e-01
 -5.120901e-01 -6.530843e-01 2.177119e-01
 -5.421998e-01 1.642649e-02 -9.122363e-02
 -5.618914e-01 1.769102e-01 -2.159466e-01
 -5.549670e-01 3.332804e-01 -3.810612e-01
 -5.901862e-01 5.915528e-01 -5.616245e-01
 -6.554781e-01 8.734918e-01 -6.469348e-01
 -6.905626e-01 1.171359e+00 -6.300173e-01
 -6.898523e-01 1.483191e+00 -5.085060e-01
 -6.724404e-01 1.743212e+00 -2.833008e-01
 -6.303631e-01 1.938108e+00 5.060017e-02
 -5.733165e-01 1.999606e+00 4.003013e-01
 -5.074011e-01 1.933468e+00 7.495740e-01
 -4.401178e-01 1.746206e+00 1.053654e+00
 -3.795524e-01 1.461309e+00 1.271757e+00
 -3.435507e-01 1.093294e+00 1.384207e+00
 -3.300057e-01 9.234263e-01 1.475471e+00
