 1.922966e+00 -8.969238e-01 6.900037e-02
 2.104704e+00 -6.102277e-01 -9.767159e-02
 2.152589e+00 -2.925933e-01 -2.955897e-01
 2.060279e+00 1.614084e-02 -4.935962e-01
 1.841255e+00 2.762542e-01 -6.569748e-01
 1.524696e+00 4.594225e-01 -7.556586e-01
 1.067750e+00 5.453833e-01 -7.957731e-01
 8.463624e-01 6.178332e-01 -8.657141e-01
 6.842439e-01 7.099538e-01 -9.581597e-01
 5.253374e-01 8.339808e-01 -1.122140e+00
 3.234821e-01 1.120783e+00 -1.495167e+00
 1.245947e-01 1.371186e+00 -1.656977e+00
 -1.161606e-01 1.634583e+00 -1.701866e+00
 -3.643485e-01 1.881914e+00 -1.623161e+00
 -5.847957e-01 2.086550e+00 -1.431162e+00
 -7.557063e-01 2.213917e+00 -1.157902e+00
 -8.862849e-01 2.248396e+00 -8.004847e-01
 -9.367412e-01 2.165284e+00 -4.676247e-01
 -8.908567e-01 1.988832e+00 -1.437021e-01
 -7.511250e-01 1.797148e+00 8.053737e-02
 -5.401120e-01 1.670849e+00 2.382130e-01
 -9.815298e-02 1.600876e+00 6.653017e-01
 1.323154e-01 1.489001e+00 8.291462e-01
 3.518597e-01 1.310803e+00 9.316768e-01
 5.468436e-01 1.085142e+00 9.613616e-01
 7.139506e-01 8.466852e-01 9.082942e-01
 8.559511e-01 6.216942e-01 7.720904e-01
 1.134736e+00 6.830652e-02 1.845422e-01
 1.163903e+00 -1.143743e-01 1.297289e-02
 1.140623e+00 -2.863545e-01 -1.676197e-01
 1.133382e+00 -3.705508e-01 -3.116076e-01
 1.171588e+00 -5.092964e-01 -5.176787e-01
 1.239731e+00 -7.990630e-01 -7.128007e-01
 1.270604e+00 -1.168569e+00 -7.994973e-01
 1.236493e+00 -1.541883e+00 -7.600158e-01
 1.128983e+00 -1.868264e+00 -6.117497e-01
 9.630499e-01 -2.104690e+00 -3.761799e-01
 7.643492e-01 -2.221124e+00 -8.233315e-02
 5.560782e-01 -2.202136e+00 2.277310e-01
 1.985667e-01 -1.945708e+00 6.914219e-01
 -1.141798e-02 -1.957310e+00 9.510664e-01
 -2.184716e-01 -1.990476e+00 1.072807e+00
 -5.206956e-01 -1.985529e+00 1.148187e+00
 -8.110209e-01 -1.919921e+00 1.151488e+00
 -1.072961e+00 -1.784964e+00 1.095627e+00
 -1.288096e+00 -1.585573e+00 9.856064e-01
 -1.415402e+00 -1.360277e+00 8.452456e-01
 -1.463280e+00 -1.063082e+00 6.736035e-01
 -1.400629e+00 -7.858516e-01 5.261331e-01
 -1.247769e+00 -5.406656e-01 4.234109e-01
 -1.083177e+00 -3.471532e-01 4.252429e-01
 -6.779513e-01 1.094506e-02 6.172682e-01
 -4.798070e-01 2.687438e-01 6.552587e-01
 -3.400533e-01 4.269576e-01 5.949920e-01
 -1.893290e-01 5.814688e-01 4.251445e-01
 5.338000e-02 7.474710e-01 1.277396e-01
 2.941741e-01 9.347942e-01 -1.990577e-02
 6.538195e-01 1.229202e+00 -7.773747e-02
 8.788364e-01 1.424723e+00 -2.468206e-01
 1.080982e+00 1.548921e+00 -5.223496e-01
 1.247087e+00 1.557087e+00 -8.509321e-01
 1.353341e+00 1.446900e+00 -1.186409e+00
 1.397829e+00 1.226236e+00 -1.484772e+00
 1.374447e+00 9.625068e-01 -1.678479e+00
 1.270127e+00 6.402782e-01 -1.794143e+00
 1.102142e+00 3.252786e-01 -1.807536e+00
 9.000533e-01 5.993838e-02 -1.716182e+00
 6.859081e-01 -1.344129e-01 -1.532958e+00
 4.833670e-01 -2.383050e-01 -1.279950e+00
 3.182406e-01 -2.416654e-01 -9.924138e-01
 1.862717e-01 -1.322759e-01 -5.481206e-01
 1.531743e-01 -1.433513e-01 -3.374754e-01
 1.341770e-01 -2.654355e-01 -3.492665e-02
 2.771246e-01 -4.004451e-01 4.848233e-01
 4.130318e-01 -5.251607e-01 7.410698e-01
 5.583167e-01 -8.241911e-01 1.015255e+00
 8.652201e-01 -1.556644e+00 1.350804e+00
 9.145507e-01 -1.861411e+00 1.409823e+00
 8.882803e-01 -2.178001e+00 1.407569e+00
 7.843222e-01 -2.476838e+00 1.343866e+00
 6.084349e-01 -2.725711e+00 1.224752e+00
 3.739522e-01 -2.896399e+00 1.062352e+00
 1.098741e-01 -2.966010e+00 8.695278e-01
 -1.465665e-01 -2.924748e+00 6.579194e-01
 -3.650995e-01 -2.775663e+00 4.443491e-01
 -5.298623e-01 -2.523687e+00 2.604477e-01
 -6.326464e-01 -2.203541e+00 1.555449e-01
 -6.562676e-01 -1.855943e+00 1.418404e-01
 -6.114691e-01 -1.523372e+00 2.289202e-01
 -5.074057e-01 -1.260931e+00 3.920944e-01
 -4.328615e-01 -1.106304e+00 6.188868e-01
 -4.709444e-01 -9.715341e-01 9.872861e-01
 -6.508764e-01 -8.250251e-01 1.264322e+00
 -9.319032e-01 -6.252540e-01 1.429561e+00
 -1.237853e+00 -3.887765e-01 1.452179e+00
 -1.523875e+00 -1.408193e-01 1.328607e+00
 -1.746209e+00 5.751255e-02 1.092021e+00
 -2.078599e+00 3.995626e-01 2.862972e-01
 -2.113976e+00 5.696784e-01 -2.818740e-02
 -2.052735e+00 7.724864e-01 -3.367414e-01
 -1.905922e+00 9.455063e-01 -5.705956e-01
 -1.677403e+00 1.091931e+00 -7.526250e-01
 -1.387907e+00 1.192003e+00 -8.689499e-01
 -1.085343e+00 1.227980e+00 -9.094641e-01
 -6.222945e-01 1.244908e+00 -8.291072e-01
 -2.516823e-01 1.416880e+00 -7.121198e-01
 -5.074655e-02 1.667973e+00 -6.677174e-01
 7.590522e-02 1.986625e+00 -5.091892e-01
 8.361771e-02 2.267107e+00 -3.065494e-01
 -2.930384e-03 2.493001e+00 -4.771447e-02
 -1.710495e-01 2.628525e+00 2.324658e-01
 -3.917471e-01 2.655549e+00 5.009561e-01
 -6.248234e-01 2.569087e+00 7.359301e-01
 -8.504731e-01 2.383094e+00 9.117396e-01
 -1.053149e+00 2.127195e+00 1.000482e+00
 -1.209165e+00 1.833313e+00 9.959194e-01
 -1.303696e+00 1.532152e+00 9.029378e-01
 -1.328122e+00 1.255295e+00 7.352576e-01
 -1.282025e+00 1.030670e+00 5.145763e-01
 -1.117271e+00 7.741206e-01 5.799218e-02
 -1.014338e+00 4.296827e-01 -2.790846e-01
 -9.478379e-01 1.845058e-01 -4.318432e-01
 -8.885187e-01 -6.755531e-02 -5.208975e-01
 -7.325660e-01 -5.903698e-01 -5.817299e-01
 -4.933212e-01 -8.961097e-01 -5.934188e-01
 -1.743683e-01 -1.085295e+00 -5.698125e-01
 9.814399e-02 -1.187936e+00 -4.414658e-01
 3.538484e-01 -1.237652e+00 -2.448702e-01
 7.034799e-01 -1.209476e+00 5.255847e-02
 9.394252e-01 -1.238843e+00 1.735299e-01
 1.273527e+00 -1.220916e+00 2.297888e-01
 1.630512e+00 -1.110147e+00 1.866371e-01
