 6.677491e-01 1.842164e+00 2.584009e-01
 9.622810e-01 1.929289e+00 8.339778e-02
 1.291152e+00 1.872219e+00 -7.786422e-02
 1.574211e+00 1.657379e+00 -2.495278e-01
 1.774440e+00 1.301192e+00 -3.724511e-01
 1.853411e+00 8.877300e-01 -3.892333e-01
 1.795022e+00 4.720320e-01 -3.050533e-01
 1.600512e+00 1.262801e-01 -1.472729e-01
 1.155791e+00 -2.181329e-01 2.270213e-01
 1.028210e+00 -4.280140e-01 4.665323e-01
 1.027470e+00 -6.655565e-01 7.418579e-01
 1.121895e+00 -1.000089e+00 9.111924e-01
 1.204615e+00 -1.428126e+00 9.152786e-01
 1.203884e+00 -1.840466e+00 7.395376e-01
 1.109520e+00 -2.150476e+00 4.245892e-01
 5.984184e-01 -2.578234e+00 -7.333970e-01
 3.798193e-01 -2.602225e+00 -1.018587e+00
 1.028394e-01 -2.539757e+00 -1.235302e+00
 -1.944343e-01 -2.389822e+00 -1.365419e+00
 -4.743944e-01 -2.166135e+00 -1.395301e+00
 -7.038968e-01 -1.902795e+00 -1.312979e+00
 -8.590354e-01 -1.650514e+00 -1.124238e+00
 -9.234535e-01 -1.512837e+00 -9.133805e-01
 -1.027339e+00 -1.437355e+00 -6.296131e-01
 -1.704313e+00 -1.260798e+00 1.404567e-03
 -1.874701e+00 -1.109856e+00 2.982311e-01
 -1.923581e+00 -8.990763e-01 6.049352e-01
 -1.845509e+00 -6.509583e-01 8.773751e-01
 -1.652072e+00 -3.933997e-01 1.075264e+00
 -1.371195e+00 -1.563704e-01 1.167662e+00
 -2.971706e-01 4.480022e-01 1.078604e+00
 -1.816613e-01 4.880782e-01 1.047220e+00
 6.839191e-02 5.143831e-01 9.478302e-01
 2.321877e-01 4.961501e-01 9.192079e-01
 4.944472e-01 4.302968e-01 9.548290e-01
 9.120449e-01 3.275972e-01 1.139767e+00
 1.330897e+00 2.588558e-01 1.170070e+00
 1.724530e+00 5.070838e-02 1.063937e+00
 1.978773e+00 -2.664999e-01 8.627450e-01
 2.051972e+00 -6.133931e-01 5.794160e-01
 1.913798e+00 -9.320498e-01 2.446827e-01
 1.571126e+00 -1.160944e+00 -1.990911e-02
 1.128093e+00 -1.270057e+00 -1.205397e-01
 7.854749e-01 -1.278519e+00 -4.342533e-02
 2.152487e-01 -1.414465e+00 3.789989e-01
 -2.351526e-01 -1.421933e+00 4.314919e-01
 -6.955845e-01 -1.159701e+00 4.515766e-01
 -9.016278e-01 -8.015255e-01 4.407873e-01
 -1.094938e+00 -3.670704e-01 1.954097e-01
 -1.200600e+00 -5.961957e-02 -6.707142e-02
 -1.238847e+00 2.090360e-01 -3.713796e-01
 -1.189380e+00 3.771883e-01 -5.510858e-01
 -1.082508e+00 5.923337e-01 -7.002382e-01
 -9.360591e-01 8.164276e-01 -7.828628e-01
 -7.387757e-01 1.078555e+00 -7.918907e-01
 -5.619691e-01 1.251116e+00 -7.279359e-01
 -3.974819e-01 1.395847e+00 -5.887265e-01
 -3.154204e-01 1.532889e+00 -4.142022e-01
 -2.680000e-01 1.730430e+00 -2.570718e-01
 -2.756919e-01 2.208883e+00 1.801709e-02
 -1.347843e-01 2.501078e+00 2.933039e-01
 1.263144e-01 2.665026e+00 5.844347e-01
 4.620805e-01 2.674479e+00 8.403684e-01
 8.152611e-01 2.530227e+00 1.017253e+00
 1.126275e+00 2.259409e+00 1.085311e+00
 1.341740e+00 1.893518e+00 1.044887e+00
 1.411457e+00 1.518743e+00 9.129556e-01
 1.347308e+00 1.176532e+00 6.822347e-01
 1.192903e+00 9.608980e-01 3.960080e-01
 9.908316e-01 8.738040e-01 1.867217e-01
 8.410785e-01 9.232935e-01 -1.580294e-01
 7.282896e-01 1.118093e+00 -5.024219e-01
 5.440147e-01 1.649321e+00 -9.508561e-01
 3.158641e-01 1.936203e+00 -1.108674e+00
 -1.364691e-02 2.157156e+00 -1.167359e+00
 -3.950923e-01 2.274214e+00 -1.120237e+00
 -7.678477e-01 2.268737e+00 -9.746594e-01
 -1.071311e+00 2.152066e+00 -7.409477e-01
 -1.254423e+00 1.949455e+00 -4.421217e-01
 -1.294486e+00 1.677649e+00 -1.544664e-01
 -1.190064e+00 1.361316e+00 8.304646e-02
 -9.586557e-01 1.050309e+00 2.170090e-01
 -6.548285e-01 7.996433e-01 2.081310e-01
 -3.122428e-01 5.623464e-01 1.120642e-02
 9.883635e-05 4.040932e-01 -4.505791e-01
 2.451590e-01 2.103920e-01 -7.325091e-01
 4.052810e-01 -5.127930e-02 -9.075987e-01
 4.824548e-01 -3.742151e-01 -1.016552e+00
 4.723416e-01 -7.122112e-01 -1.048463e+00
 3.842251e-01 -1.025770e+00 -1.005728e+00
 1.257514e-01 -1.512908e+00 -7.862484e-01
 2.259131e-02 -1.727531e+00 -6.245298e-01
 -8.286873e-02 -1.865603e+00 -4.864167e-01
 -2.554952e-01 -2.078826e+00 -3.906108e-01
 -5.222309e-01 -2.296216e+00 -3.809373e-01
 -8.481792e-01 -2.428890e+00 -4.454203e-01
 -1.179736e+00 -2.448401e+00 -5.664785e-01
 -1.482004e+00 -2.353962e+00 -7.233090e-01
 -1.722250e+00 -2.153014e+00 -8.976339e-01
 -1.864785e+00 -1.871114e+00 -1.068967e+00
 -1.904174e+00 -1.538603e+00 -1.185756e+00
 -1.835960e+00 -1.189036e+00 -1.235218e+00
 -1.654404e+00 -8.723812e-01 -1.230944e+00
 -1.382731e+00 -6.341385e-01 -1.172759e+00
 -1.057994e+00 -5.058295e-01 -1.065956e+00
 -7.835060e-01 -4.988933e-01 -9.321403e-01
 -1.605869e-01 -6.043524e-01 -2.495777e-01
 4.180671e-03 -4.662839e-01 7.498965e-02
 2.377683e-02 -3.905578e-01 4.039008e-01
 4.165763e-02 -5.020675e-01 8.741296e-01
 1.141285e-01 -4.737169e-01 1.242771e+00
 1.662395e-01 -2.990053e-01 1.593522e+00
 2.030877e-01 -2.107089e-02 1.838239e+00
 2.479006e-01 3.229468e-01 1.955073e+00
 2.990945e-01 7.027240e-01 1.929445e+00
 3.483401e-01 1.087108e+00 1.747569e+00
 3.740025e-01 1.357599e+00 1.448419e+00
 3.961967e-01 1.604475e+00 7.551350e-01
 4.909298e-01 1.704735e+00 4.867298e-01
