 9.516869e-01 -1.027270e-01 -1.334969e-01
 1.655058e+00 -1.093084e-01 1.337292e-01
 1.930657e+00 -2.217609e-01 3.493917e-01
 2.104530e+00 -3.735284e-01 6.526404e-01
 2.145534e+00 -5.140820e-01 1.009803e+00
 2.046098e+00 -6.165480e-01 1.367463e+00
 1.818058e+00 -6.764396e-01 1.670979e+00
 1.486090e+00 -6.960080e-01 1.873117e+00
 1.107251e+00 -6.561508e-01 1.948153e+00
 7.314570e-01 -5.521108e-01 1.888477e+00
 4.222462e-01 -3.949995e-01 1.703621e+00
 2.310113e-01 -2.092273e-01 1.428935e+00
 1.842351e-01 8.658345e-03 1.128490e+00
 2.760668e-01 2.382442e-01 9.211273e-01
 7.048997e-01 8.188434e-01 2.165999e-01
 8.864345e-01 9.100260e-01 -8.234171e-02
 1.076581e+00 8.732185e-01 -3.884042e-01
 1.257167e+00 7.118973e-01 -6.660343e-01
 1.402025e+00 4.492678e-01 -8.737184e-01
 1.488383e+00 1.278517e-01 -9.857828e-01
 1.470639e+00 -4.878061e-01 -1.070217e+00
 1.574792e+00 -8.077626e-01 -1.259402e+00
 1.641011e+00 -9.967248e-01 -1.519618e+00
 1.589239e+00 -1.129623e+00 -1.834507e+00
 1.400563e+00 -1.209577e+00 -2.164359e+00
 1.121029e+00 -1.236430e+00 -2.400795e+00
 7.827552e-01 -1.212557e+00 -2.532726e+00
 4.223571e-01 -1.137032e+00 -2.547196e+00
 8.564906e-02 -1.009470e+00 -2.441412e+00
 -1.796988e-01 -8.512311e-01 -2.226014e+00
 -6.329738e-01 -3.804333e-01 -1.367450e+00
 -7.627980e-01 -3.281884e-01 -1.049678e+00
 -8.462585e-01 -3.681206e-01 -8.233361e-01
 -1.034701e+00 -6.624841e-01 -3.001789e-01
 -1.068040e+00 -6.761546e-01 3.119438e-01
 -9.981130e-01 -4.538218e-01 6.870257e-01
 -8.229084e-01 1.026302e-01 9.483341e-01
 -6.383915e-01 6.555084e-01 8.543643e-01
 -2.532707e-01 1.231336e+00 5.318002e-01
 -1.994116e-01 1.566344e+00 3.215414e-01
 -3.017979e-01 1.893598e+00 1.173660e-01
 -5.427418e-01 2.161794e+00 -4.850851e-02
 -8.831884e-01 2.331470e+00 -1.515119e-01
 -1.270375e+00 2.379599e+00 -1.775597e-01
 -1.646771e+00 2.302006e+00 -1.245047e-01
 -1.958061e+00 2.113102e+00 -1.900460e-03
 -2.163361e+00 1.834776e+00 1.610267e-01
 -2.234418e+00 1.503672e+00 3.281671e-01
 -2.170656e+00 1.196596e+00 5.133044e-01
 -2.012846e+00 9.852225e-01 6.813239e-01
 -1.818962e+00 8.791584e-01 8.692185e-01
 -1.671847e+00 8.346856e-01 1.083985e+00
 -1.389324e+00 8.944911e-01 1.500554e+00
 -1.130582e+00 9.138829e-01 1.702512e+00
 -8.252163e-01 9.027226e-01 1.818416e+00
 -4.089837e-01 8.554653e-01 1.841790e+00
 4.768484e-01 7.208615e-01 1.797662e+00
 7.067103e-01 6.375399e-01 1.749499e+00
 9.080836e-01 5.193656e-01 1.660067e+00
 1.071168e+00 3.731243e-01 1.530238e+00
 1.182117e+00 2.021604e-01 1.366282e+00
 1.224776e+00 2.269718e-02 1.194878e+00
 1.201783e+00 -1.237457e-01 1.074466e+00
 1.140943e+00 -3.118636e-01 9.856423e-01
 1.122612e+00 -5.705456e-01 9.192479e-01
 1.194304e+00 -1.214125e+00 8.973965e-01
 1.180504e+00 -1.572979e+00 7.780669e-01
 1.138076e+00 -1.834996e+00 5.859979e-01
 1.077247e+00 -2.021413e+00 3.210240e-01
 1.005158e+00 -2.110888e+00 1.084091e-02
 9.302197e-01 -2.092884e+00 -3.118741e-01
 8.613188e-01 -1.968535e+00 -6.124314e-01
 6.932847e-01 -1.321575e+00 -1.341560e+00
 6.370776e-01 -1.149905e+00 -1.478316e+00
 6.165792e-01 -1.028550e+00 -1.539931e+00
 6.348498e-01 -7.331679e-01 -1.628848e+00
 7.334472e-01 -5.059318e-01 -1.795534e+00
 1.016116e+00 -2.758981e-01 -1.970032e+00
 1.420500e+00 -1.370370e-01 -2.049487e+00
 1.821471e+00 -1.070198e-01 -1.988426e+00
 2.164981e+00 -1.400239e-01 -1.782250e+00
 2.416654e+00 -2.425108e-01 -1.451085e+00
 2.512530e+00 -4.085967e-01 -1.082573e+00
 2.446776e+00 -6.169039e-01 -7.315597e-01
 2.231875e+00 -8.305480e-01 -4.537064e-01
 1.923527e+00 -1.002051e+00 -3.008275e-01
 1.280331e+00 -1.103930e+00 -1.745090e-01
 8.462006e-01 -1.103122e+00 -6.300744e-02
 6.315037e-01 -1.060215e+00 6.284756e-02
 4.131746e-01 -9.234594e-01 2.113856e-01
 1.615215e-01 -6.945390e-01 2.831772e-01
 -4.910345e-02 -4.431261e-01 2.445879e-01
 -2.139480e-01 -1.238815e-01 9.530170e-02
 -4.543087e-01 2.048205e-01 -5.587939e-02
 -5.510075e-01 2.846106e-01 -8.869228e-02
 -6.663619e-01 3.405372e-01 -1.076482e-01
 -7.924058e-01 3.706347e-01 -1.084905e-01
 -9.205294e-01 3.741523e-01 -8.936565e-02
 -1.419498e+00 2.782704e-01 6.507691e-02
 -1.880617e+00 3.793942e-02 2.997744e-01
 -2.125118e+00 -2.454355e-02 5.091005e-01
 -2.352498e+00 1.598348e-02 7.587395e-01
 -2.530504e+00 1.607646e-01 1.016245e+00
 -2.636497e+00 3.976418e-01 1.251328e+00
 -2.654663e+00 7.025213e-01 1.434000e+00
 -2.578951e+00 1.040290e+00 1.538139e+00
 -2.415414e+00 1.368650e+00 1.546069e+00
 -2.184030e+00 1.641872e+00 1.452607e+00
 -1.897375e+00 1.818885e+00 1.276717e+00
 -1.591343e+00 1.859549e+00 1.052062e+00
 -1.339001e+00 1.774600e+00 7.667446e-01
 -1.216017e+00 1.610437e+00 5.096209e-01
 -1.218745e+00 1.399025e+00 1.754029e-01
 -1.396059e+00 1.262255e+00 -3.034322e-01
 -1.490686e+00 1.154962e+00 -4.875772e-01
 -1.575851e+00 9.861599e-01 -6.607682e-01
 -1.639938e+00 7.774718e-01 -7.921265e-01
 -1.801008e+00 -3.383813e-01 -1.195846e+00
 -1.677465e+00 -7.656056e-01 -1.278071e+00
 -1.387749e+00 -1.118626e+00 -1.281626e+00
 -1.009243e+00 -1.327980e+00 -1.191657e+00
 -6.026301e-01 -1.360908e+00 -1.040461e+00
 -2.254106e-01 -1.197888e+00 -8.714008e-01
 -1.161240e-02 -9.352837e-01 -7.330620e-01
 1.664111e-01 -6.218784e-01 -7.336322e-01
 4.710062e-01 -3.485652e-01 -6.731730e-01
 7.160899e-01 -1.299157e-01 -3.659140e-01
