 -1.638027e+00 -1.997983e+00 7.030833e-01
 -1.375137e+00 -2.356001e+00 7.179808e-01
 -9.731038e-01 -2.570529e+00 6.654587e-01
 -5.340348e-01 -2.597158e+00 5.101068e-01
 -1.235239e-01 -2.412010e+00 2.940072e-01
 1.384169e-01 -2.051188e+00 1.035461e-01
 2.052243e-01 -1.591380e+00 -2.878287e-02
 -2.153385e-02 -8.530447e-01 -1.011053e-01
 -4.100323e-02 -6.024321e-01 -1.690432e-01
 -2.430608e-02 -4.417557e-01 -1.687694e-01
 -9.175143e-04 -1.928379e-01 -9.667872e-02
 -7.430245e-02 1.065998e-01 1.740610e-02
 -3.498292e-01 6.198980e-01 1.879445e-01
 -6.101823e-01 1.354190e+00 2.314112e-01
 -5.964913e-01 1.760320e+00 2.059508e-01
 -4.311292e-01 2.128298e+00 1.531783e-01
 -1.391277e-01 2.402038e+00 9.066977e-02
 2.316562e-01 2.539712e+00 2.100082e-02
 6.085086e-01 2.525450e+00 -7.791615e-02
 9.348643e-01 2.368685e+00 -1.792531e-01
 1.157761e+00 2.122058e+00 -2.472856e-01
 1.307192e+00 1.802245e+00 -2.392639e-01
 1.377167e+00 1.564486e+00 -1.261052e-01
 1.475891e+00 1.403730e+00 -6.253411e-03
 1.636780e+00 1.212526e+00 2.351260e-01
 1.708727e+00 1.011917e+00 4.131615e-01
 1.730013e+00 7.700326e-01 5.514585e-01
 1.679431e+00 4.545075e-01 6.706480e-01
 1.579062e+00 1.960778e-01 7.094220e-01
 1.432227e+00 -3.651058e-02 6.848481e-01
 1.256048e+00 -2.088979e-01 5.988900e-01
 1.033095e+00 -3.635535e-01 3.856381e-01
 9.489381e-01 -4.873809e-01 1.604947e-01
 9.700819e-01 -6.832275e-01 -2.652166e-01
 8.870363e-01 -7.646000e-01 -5.668677e-01
 6.861622e-01 -8.548805e-01 -8.424588e-01
 3.989621e-01 -9.437285e-01 -1.029285e+00
 5.894422e-02 -1.023476e+00 -1.103451e+00
 -2.928391e-01 -1.079873e+00 -1.054747e+00
 -6.959878e-01 -1.095772e+00 -8.497329e-01
 -1.139515e+00 -9.917865e-01 -5.670878e-01
 -1.327319e+00 -9.944957e-01 -4.753149e-01
 -2.195446e+00 -9.133232e-01 -4.095647e-02
 -2.458145e+00 -9.304814e-01 2.424075e-01
 -2.603203e+00 -9.980849e-01 5.994081e-01
 -2.607186e+00 -1.111310e+00 9.763682e-01
 -2.466748e+00 -1.254761e+00 1.318028e+00
 -2.200485e+00 -1.406972e+00 1.570799e+00
 -1.847720e+00 -1.541800e+00 1.695427e+00
 -1.457435e+00 -1.623411e+00 1.674678e+00
 -1.083773e+00 -1.650304e+00 1.505429e+00
 -8.036907e-01 -1.628116e+00 1.206986e+00
 -6.707327e-01 -1.606178e+00 8.301185e-01
 -6.909557e-01 -1.573123e+00 5.118710e-01
 -7.937832e-01 -1.613863e+00 2.354648e-01
 -1.024831e+00 -1.952635e+00 -2.211790e-01
 -1.260931e+00 -2.016532e+00 -5.934641e-01
 -1.465726e+00 -1.880030e+00 -9.817196e-01
 -1.602385e+00 -1.566762e+00 -1.287783e+00
 -1.649334e+00 -1.137244e+00 -1.448625e+00
 -1.480272e+00 2.323858e-01 -1.401972e+00
 -1.333986e+00 5.517335e-01 -1.321459e+00
 -1.110209e+00 7.896695e-01 -1.184042e+00
 -8.383601e-01 9.159347e-01 -1.022244e+00
 -5.579165e-01 9.283818e-01 -8.792120e-01
 -2.900071e-01 8.526233e-01 -7.934338e-01
 1.186275e-02 7.285696e-01 -8.096750e-01
 3.453133e-01 7.178068e-01 -9.122382e-01
 8.234544e-01 9.045054e-01 -1.042584e+00
 1.692178e+00 1.255649e+00 -1.040360e+00
 1.979257e+00 1.417018e+00 -9.314396e-01
 2.196789e+00 1.602848e+00 -7.286423e-01
 2.315602e+00 1.794062e+00 -4.540876e-01
 2.316360e+00 1.970148e+00 -1.391317e-01
 2.194031e+00 2.104371e+00 1.798730e-01
 1.958333e+00 2.177930e+00 4.579953e-01
 1.657866e+00 2.159300e+00 6.616413e-01
 1.293651e+00 2.050923e+00 7.704707e-01
 9.213687e-01 1.888000e+00 7.286127e-01
 6.276411e-01 1.704801e+00 5.483464e-01
 4.313819e-01 1.565493e+00 2.576373e-01
 3.499381e-01 1.490871e+00 -9.179520e-02
 2.255039e-01 1.747702e+00 -7.414392e-01
 1.306204e-01 1.704502e+00 -1.191343e+00
 2.816000e-02 1.454405e+00 -1.568868e+00
 -9.306563e-02 1.055940e+00 -1.793760e+00
 -2.359048e-01 6.015830e-01 -1.807378e+00
 -3.730923e-01 2.025654e-01 -1.610413e+00
 -5.008678e-01 -4.629323e-02 -1.264594e+00
 -6.178436e-01 -9.213410e-02 -9.327439e-01
 -9.949726e-01 4.897907e-03 -4.307790e-01
 -1.102703e+00 -7.959417e-02 -1.253630e-01
 -9.924751e-01 -3.118626e-01 2.871148e-01
 -5.559139e-01 -5.841231e-01 7.194139e-01
 -1.802259e-01 -7.123186e-01 9.113151e-01
 8.350733e-01 -1.243324e+00 8.732149e-01
 1.246444e+00 -1.311399e+00 7.230053e-01
 1.617784e+00 -1.206467e+00 4.920508e-01
 1.886082e+00 -9.328183e-01 2.122936e-01
 1.980608e+00 -5.846257e-01 -2.103328e-02
 1.899638e+00 -2.113912e-01 -2.054553e-01
 1.653122e+00 1.183879e-01 -3.112314e-01
 1.266470e+00 3.889988e-01 -2.750063e-01
 9.677563e-01 5.224643e-01 -9.895054e-02
 8.009710e-01 6.125680e-01 1.711213e-01
 6.373936e-01 6.221283e-01 6.147536e-01
 3.319377e-01 5.007643e-01 9.724828e-01
 -7.264603e-01 1.458522e-01 1.407754e+00
 -1.055609e+00 -6.309290e-02 1.440689e+00
 -1.325139e+00 -3.432102e-01 1.366737e+00
 -1.502308e+00 -6.442314e-01 1.187821e+00
 -1.584754e+00 -1.037048e+00 8.371822e-01
 -1.627251e+00 -1.264532e+00 7.278008e-01
 -1.714623e+00 -1.560657e+00 6.712780e-01
