 1.342332e+00 -9.273594e-02 9.885146e-01
 1.551364e+00 1.657115e-01 9.947897e-01
 1.689076e+00 4.534881e-01 9.266516e-01
 1.745139e+00 7.403444e-01 7.953533e-01
 1.713967e+00 1.023853e+00 6.020122e-01
 1.610521e+00 1.236681e+00 4.177447e-01
 1.214616e+00 1.617756e+00 2.414710e-02
 8.328474e-01 1.915294e+00 -3.274643e-01
 6.208724e-01 1.982460e+00 -5.261433e-01
 3.863132e-01 1.962358e+00 -7.329805e-01
 1.695382e-01 1.858851e+00 -8.957523e-01
 -1.400155e-02 1.673830e+00 -1.043437e+00
 -1.009522e-01 1.476817e+00 -1.139902e+00
 -1.146167e-01 1.174415e+00 -1.296213e+00
 -2.680599e-02 7.941538e-01 -1.769338e+00
 -1.627703e-03 4.932166e-01 -1.952474e+00
 -2.774898e-02 1.473659e-01 -2.031706e+00
 -1.024995e-01 -1.982923e-01 -1.996372e+00
 -2.171548e-01 -5.015686e-01 -1.851262e+00
 -3.600379e-01 -7.282729e-01 -1.611255e+00
 -5.155627e-01 -8.512801e-01 -1.302355e+00
 -6.175501e-01 -8.568059e-01 -9.942333e-01
 -6.866049e-01 -7.525993e-01 -7.145080e-01
 -8.380557e-01 -5.468536e-01 -4.719609e-01
 -1.267117e+00 -2.981537e-01 -1.896204e-01
 -1.448288e+00 -9.703519e-02 -6.688789e-02
 -1.596685e+00 2.240489e-01 7.809104e-02
 -1.720138e+00 1.066333e+00 3.775273e-01
 -1.674118e+00 1.394095e+00 5.560575e-01
 -1.529128e+00 1.653892e+00 7.635175e-01
 -1.291379e+00 1.833907e+00 9.769993e-01
 -9.809079e-01 1.915737e+00 1.162945e+00
 -6.289357e-01 1.892525e+00 1.288983e+00
 -2.732555e-01 1.771346e+00 1.329365e+00
 4.630803e-02 1.572745e+00 1.268609e+00
 4.001586e-01 1.228103e+00 1.032144e+00
 6.804361e-01 8.638727e-01 6.682786e-01
 8.289049e-01 5.562928e-01 3.842001e-01
 1.013192e+00 4.055409e-01 1.479143e-01
 1.209612e+00 1.915602e-01 7.672679e-03
 1.363305e+00 -1.186234e-01 -6.980660e-02
 1.436673e+00 -4.644835e-01 -6.056870e-02
 1.420219e+00 -8.116272e-01 3.454548e-02
 1.313056e+00 -1.106260e+00 1.899312e-01
 1.129431e+00 -1.316758e+00 3.728535e-01
 9.449490e-01 -1.413158e+00 4.802115e-01
 5.991985e-01 -1.548380e+00 5.339138e-01
 3.499222e-01 -1.730107e+00 6.263855e-01
 2.469800e-02 -1.876988e+00 9.067106e-01
 -2.279836e-01 -1.884434e+00 1.265709e+00
 -4.035702e-01 -1.738658e+00 1.605146e+00
 -5.019479e-01 -1.459565e+00 1.887981e+00
 -5.080368e-01 -1.092485e+00 2.067763e+00
 -4.247372e-01 -6.872962e-01 2.113864e+00
 -2.976956e-01 -3.250077e-01 2.011788e+00
 -1.619708e-01 -3.758184e-02 1.774021e+00
 -4.579688e-02 1.490952e-01 1.410163e+00
 -2.214794e-02 2.123302e-01 9.939908e-01
 -2.103894e-01 2.316703e-01 3.611093e-01
 -4.283196e-01 3.120817e-01 4.243390e-02
 -6.155358e-01 4.721904e-01 -1.520518e-01
 -8.550673e-01 7.751024e-01 -3.960504e-01
 -1.118603e+00 1.262285e+00 -1.115314e+00
 -1.094334e+00 1.449714e+00 -1.434701e+00
 -9.368795e-01 1.618845e+00 -1.729814e+00
 -6.653012e-01 1.748056e+00 -1.957347e+00
 -3.150305e-01 1.821332e+00 -2.083263e+00
 6.543155e-02 1.830068e+00 -2.086843e+00
 4.188141e-01 1.764444e+00 -1.972451e+00
 7.008550e-01 1.612534e+00 -1.768016e+00
 8.736488e-01 1.398473e+00 -1.484241e+00
 9.006687e-01 1.187680e+00 -1.153605e+00
 7.877179e-01 1.024126e+00 -8.414630e-01
 5.791527e-01 9.551840e-01 -5.707254e-01
 3.408325e-01 1.016515e+00 -3.592683e-01
 -1.345253e-01 1.340900e+00 1.686700e-01
 -4.533741e-01 1.311267e+00 4.133311e-01
 -8.666214e-01 8.785456e-01 8.994075e-01
 -1.047039e+00 4.876234e-01 1.026184e+00
 -1.051451e+00 1.579780e-02 1.066742e+00
 -8.346848e-01 -4.430905e-01 1.058088e+00
 -4.604291e-01 -7.510122e-01 1.070046e+00
 -7.325557e-02 -8.636566e-01 1.156944e+00
 2.322905e-01 -9.589358e-01 1.349017e+00
 5.354428e-01 -1.185914e+00 1.492896e+00
 7.649360e-01 -1.471539e+00 1.538050e+00
 9.338690e-01 -1.757086e+00 1.477292e+00
 1.055012e+00 -2.028601e+00 1.315216e+00
 1.122748e+00 -2.254303e+00 1.062789e+00
 1.141294e+00 -2.393447e+00 7.525064e-01
 1.115905e+00 -2.430716e+00 4.148304e-01
 1.050457e+00 -2.361146e+00 8.693186e-02
 9.534599e-01 -2.191665e+00 -1.937677e-01
 8.368293e-01 -1.940108e+00 -3.955811e-01
 4.696550e-01 -8.617879e-01 -7.518024e-01
 2.168558e-01 -2.754979e-01 -8.648507e-01
 -1.977152e-02 -1.700749e-02 -9.549352e-01
 -2.975920e-01 1.259102e-01 -1.042838e+00
 -5.452901e-01 1.650668e-01 -1.148030e+00
 -8.385873e-01 1.204863e-01 -1.250944e+00
 -1.150306e+00 -4.001715e-02 -1.308055e+00
 -1.412602e+00 -2.830983e-01 -1.282395e+00
 -1.586340e+00 -5.790881e-01 -1.182853e+00
 -1.659574e+00 -8.651901e-01 -1.017126e+00
 -1.642023e+00 -1.121485e+00 -7.805660e-01
 -1.519303e+00 -1.322662e+00 -5.191961e-01
 -1.303797e+00 -1.444618e+00 -2.671748e-01
 -1.021084e+00 -1.470885e+00 -5.442464e-02
 -7.055749e-01 -1.396352e+00 9.325870e-02
 -3.969022e-01 -1.228601e+00 1.575755e-01
 -1.026053e-01 -9.512755e-01 1.323727e-01
 3.796378e-02 -8.059757e-01 1.542268e-01
 2.039403e-01 -6.817737e-01 2.091863e-01
 4.520209e-01 -5.443586e-01 3.378024e-01
 6.650621e-01 -4.283230e-01 6.014934e-01
 8.159553e-01 -3.982414e-01 7.551623e-01
 1.081785e+00 -2.914477e-01 9.038768e-01
