 -2.451823e+00 4.397859e-01 1.335082e-01
 -2.373806e+00 2.188370e-02 5.508205e-02
 -2.140149e+00 -3.070904e-01 -5.566108e-02
 -1.802155e+00 -5.028969e-01 -2.307144e-01
 -1.551676e+00 -5.264585e-01 -4.419118e-01
 -1.354181e+00 -5.436661e-01 -7.401955e-01
 -1.241430e+00 -5.547951e-01 -8.762624e-01
 -6.320637e-01 -5.837843e-01 -1.461744e+00
 -3.367401e-01 -6.433793e-01 -1.611154e+00
 -2.116836e-02 -7.490870e-01 -1.662876e+00
 2.803673e-01 -8.871281e-01 -1.610128e+00
 5.337003e-01 -1.045757e+00 -1.460683e+00
 7.322208e-01 -1.202276e+00 -1.211267e+00
 8.269277e-01 -1.316683e+00 -9.130211e-01
 8.198747e-01 -1.383355e+00 -6.279662e-01
 7.325082e-01 -1.434002e+00 -4.036066e-01
 5.668812e-01 -1.556595e+00 -1.804548e-01
 3.267113e-01 -2.021973e+00 2.135808e-01
 1.366274e-02 -2.204174e+00 4.896036e-01
 -3.724342e-01 -2.195197e+00 7.481158e-01
 -7.236892e-01 -1.995433e+00 9.442419e-01
 -9.776054e-01 -1.647914e+00 1.048069e+00
 -1.123709e+00 -1.224303e+00 1.003891e+00
 -1.145575e+00 -8.158939e-01 8.013203e-01
 -1.013507e+00 -4.975642e-01 5.023008e-01
 -7.487124e-01 -3.250795e-01 1.229859e-01
 -6.468685e-01 -2.047483e-01 -9.321228e-02
 -5.807118e-01 4.558940e-02 -4.054193e-01
 -5.043320e-01 2.642998e-01 -5.976757e-01
 -4.321741e-01 5.109172e-01 -7.157748e-01
 -3.392634e-01 8.994400e-01 -7.967634e-01
 -1.799758e-01 1.641592e+00 -7.429378e-01
 -1.184903e-02 1.949502e+00 -6.338886e-01
 2.290196e-01 2.165648e+00 -4.633579e-01
 5.101012e-01 2.263390e+00 -2.539205e-01
 8.196479e-01 2.229425e+00 -1.868094e-02
 1.063674e+00 2.087034e+00 1.741814e-01
 1.226765e+00 1.862636e+00 3.200008e-01
 1.344228e+00 1.571530e+00 3.751319e-01
 1.472379e+00 1.365530e+00 3.308953e-01
 1.658276e+00 1.192180e+00 3.297521e-01
 1.814824e+00 9.972468e-01 4.137853e-01
 1.910609e+00 7.215595e-01 5.714376e-01
 1.894677e+00 4.288388e-01 7.481135e-01
 1.757193e+00 1.385162e-01 9.268191e-01
 1.007354e+00 -5.528066e-01 1.391572e+00
 6.440527e-01 -8.613381e-01 1.404893e+00
 3.099666e-01 -1.087320e+00 1.248057e+00
 1.594236e-02 -1.205814e+00 9.560236e-01
 -2.459665e-01 -1.196989e+00 4.658274e-01
 -3.776724e-01 -1.275542e+00 2.883000e-01
 -4.945336e-01 -1.336010e+00 1.957869e-01
 -6.440008e-01 -1.390400e+00 1.093108e-01
 -1.578321e+00 -1.550024e+00 -5.286960e-01
 -1.907430e+00 -1.435450e+00 -7.668849e-01
 -2.164911e+00 -1.166628e+00 -9.667676e-01
 -2.305353e+00 -7.895144e-01 -1.095640e+00
 -2.309011e+00 -3.661082e-01 -1.125204e+00
 -2.174200e+00 2.591419e-02 -1.049500e+00
 -1.940199e+00 3.334665e-01 -8.502275e-01
 -1.673900e+00 4.852097e-01 -5.550509e-01
 -1.470834e+00 4.737016e-01 -2.198184e-01
 -1.427179e+00 4.172995e-01 6.715905e-02
 -1.433796e+00 4.257532e-01 3.583555e-01
 -1.374260e+00 5.677555e-01 7.055765e-01
 -1.205554e+00 7.884989e-01 9.833031e-01
 -9.399153e-01 1.034595e+00 1.144091e+00
 -6.201777e-01 1.265193e+00 1.163197e+00
 -2.852835e-01 1.430488e+00 1.045525e+00
 1.927494e-02 1.504067e+00 8.108951e-01
 2.527338e-01 1.470080e+00 4.987710e-01
 4.473319e-01 1.263072e+00 -1.479030e-02
 6.694156e-01 1.241410e+00 -3.099152e-01
 9.612236e-01 1.366760e+00 -5.620372e-01
 1.332462e+00 1.559739e+00 -6.641474e-01
 1.695530e+00 1.752797e+00 -5.883995e-01
 2.001178e+00 1.908496e+00 -3.556674e-01
 2.199139e+00 2.006516e+00 -4.892029e-03
 2.269973e+00 2.013560e+00 4.011162e-01
 2.211763e+00 1.920411e+00 7.911287e-01
 2.041292e+00 1.739773e+00 1.105934e+00
 1.781663e+00 1.504208e+00 1.301330e+00
 1.477757e+00 1.258515e+00 1.347361e+00
 1.189657e+00 1.010773e+00 1.243305e+00
 9.800853e-01 8.180065e-01 1.027120e+00
 8.791073e-01 6.328898e-01 7.252868e-01
 9.662592e-01 4.056133e-01 1.957803e-01
 9.430689e-01 3.375040e-01 2.356954e-02
 8.440430e-01 2.472097e-01 -1.738343e-01
 7.049502e-01 1.032096e-01 -3.479297e-01
 5.541107e-01 -7.931778e-02 -4.659803e-01
 1.621495e-01 -6.113245e-01 -6.053897e-01
 -2.578673e-02 -8.093772e-01 -6.384047e-01
 -1.439864e-01 -1.026005e+00 -6.910598e-01
 -2.069050e-01 -1.277003e+00 -7.967889e-01
 -1.488722e-01 -1.641138e+00 -9.086864e-01
 4.933948e-02 -1.980274e+00 -9.599909e-01
 3.468708e-01 -2.246422e+00 -9.118474e-01
 6.985403e-01 -2.390241e+00 -7.794966e-01
 1.028308e+00 -2.400778e+00 -5.698573e-01
 1.290310e+00 -2.288921e+00 -2.969736e-01
 1.456258e+00 -2.057340e+00 -2.237430e-02
 1.502121e+00 -1.741545e+00 2.093530e-01
 1.420808e+00 -1.390366e+00 3.661528e-01
 1.224998e+00 -1.058703e+00 4.271831e-01
 7.476992e-01 -6.424517e-01 3.899840e-01
 4.836456e-01 -4.314206e-01 4.803248e-01
 1.731598e-01 -1.694132e-01 5.832409e-01
 -3.584531e-02 1.970342e-01 6.201693e-01
 -2.161714e-01 4.825955e-01 5.229284e-01
 -4.992392e-01 8.193497e-01 2.447652e-01
 -6.219620e-01 1.032891e+00 1.632133e-01
 -8.920593e-01 1.288074e+00 1.326446e-01
 -1.288351e+00 1.432885e+00 1.421892e-01
 -1.715650e+00 1.402335e+00 1.660274e-01
 -2.091666e+00 1.200604e+00 1.735886e-01
 -2.353198e+00 8.604215e-01 1.623712e-01
