 1.405891e-01 1.820420e+00 5.213460e-01
 -7.547640e-02 1.782265e+00 2.396653e-01
 -2.471582e-01 1.671187e+00 7.598230e-02
 -5.789400e-01 1.474192e+00 -1.095046e-01
 -7.582879e-01 1.352669e+00 -2.604806e-01
 -1.065983e+00 1.080443e+00 -5.659912e-01
 -1.209899e+00 7.990593e-01 -7.379865e-01
 -1.261871e+00 4.674005e-01 -8.377862e-01
 -1.235419e+00 1.758821e-01 -8.584444e-01
 -1.054895e+00 -4.829300e-01 -7.854876e-01
 -9.324263e-01 -8.303041e-01 -7.310412e-01
 -8.138775e-01 -1.086752e+00 -5.969814e-01
 -7.779455e-01 -1.346362e+00 -3.863567e-01
 -8.590241e-01 -1.577853e+00 -1.652575e-01
 -1.099765e+00 -1.744034e+00 1.184315e-01
 -1.308025e+00 -1.734917e+00 4.175267e-01
 -1.493453e+00 -1.555723e+00 7.758445e-01
 -1.615083e+00 -1.202495e+00 1.061880e+00
 -1.631285e+00 -8.054387e-01 1.193544e+00
 -1.562324e+00 -4.062709e-01 1.182064e+00
 -1.426522e+00 -6.645595e-02 1.042144e+00
 -1.248243e+00 1.735400e-01 8.037492e-01
 -1.053925e+00 2.867782e-01 5.045214e-01
 -7.378551e-01 2.509028e-01 6.117577e-02
 -3.703224e-01 3.701238e-01 -3.166346e-01
 -1.919302e-01 4.255679e-01 -4.222464e-01
 1.628537e-01 4.247806e-01 -5.999551e-01
 4.136704e-01 4.243599e-01 -7.959774e-01
 6.251840e-01 5.504226e-01 -1.144779e+00
 7.444535e-01 8.674199e-01 -1.465904e+00
 7.379319e-01 1.271455e+00 -1.653899e+00
 6.284419e-01 1.685279e+00 -1.685710e+00
 4.429886e-01 2.036740e+00 -1.574958e+00
 2.164004e-01 2.276481e+00 -1.356370e+00
 -5.707120e-02 2.401269e+00 -1.026312e+00
 -3.655025e-01 2.476158e+00 -6.263939e-01
 -6.655150e-01 2.538356e+00 -2.219260e-01
 -7.907119e-01 2.519880e+00 -7.495151e-03
 -9.007456e-01 2.428686e+00 2.551851e-01
 -9.638556e-01 2.229178e+00 5.471552e-01
 -9.344569e-01 1.900151e+00 8.096094e-01
 -7.676923e-01 1.470479e+00 9.521952e-01
 -4.538663e-01 1.037113e+00 8.798599e-01
 -1.404335e-01 8.320321e-01 6.363327e-01
 6.533732e-02 8.056298e-01 4.894856e-01
 2.466141e-01 7.763924e-01 4.110144e-01
 6.841179e-01 6.093601e-01 2.413166e-01
 8.411555e-01 5.593183e-01 1.275650e-01
 1.042305e+00 5.380630e-01 -1.251156e-02
 1.458467e+00 4.372173e-01 -8.387275e-02
 1.835777e+00 1.750207e-01 -1.443586e-02
 2.049545e+00 -1.807470e-01 1.425380e-01
 2.082824e+00 -5.614797e-01 3.342853e-01
 1.948766e+00 -8.993780e-01 5.211634e-01
 1.685976e+00 -1.165736e+00 6.513386e-01
 1.342438e+00 -1.325574e+00 7.048165e-01
 9.969161e-01 -1.377138e+00 6.603522e-01
 6.803251e-01 -1.364916e+00 4.965227e-01
 4.796279e-01 -1.365169e+00 2.310561e-01
 3.328348e-01 -1.477412e+00 -1.917815e-02
 2.359804e-02 -1.941431e+00 -5.954981e-01
 -2.234268e-01 -2.086566e+00 -8.165830e-01
 -5.349789e-01 -2.146159e+00 -9.727767e-01
 -8.799264e-01 -2.118038e+00 -1.050239e+00
 -1.221766e+00 -2.003111e+00 -1.036512e+00
 -1.517904e+00 -1.811704e+00 -9.268250e-01
 -1.728718e+00 -1.560677e+00 -7.240759e-01
 -1.821302e+00 -1.246696e+00 -4.209181e-01
 -1.743401e+00 -9.841644e-01 -1.297484e-01
 -1.533603e+00 -7.855313e-01 8.917362e-02
 -1.227989e+00 -6.937877e-01 2.495386e-01
 -9.435572e-01 -7.371995e-01 4.209340e-01
 -6.807521e-01 -9.388508e-01 6.240550e-01
 -4.736596e-01 -1.224275e+00 7.474769e-01
 -2.398696e-01 -1.805950e+00 8.000951e-01
 -2.073721e-02 -2.100847e+00 7.328425e-01
 2.546368e-01 -2.300234e+00 5.923312e-01
 5.560969e-01 -2.379820e+00 4.095683e-01
 8.470643e-01 -2.333191e+00 2.095271e-01
 1.095311e+00 -2.160979e+00 -9.244079e-03
 1.264672e+00 -1.878991e+00 -1.938003e-01
 1.340565e+00 -1.495896e+00 -3.076128e-01
 1.309760e+00 -1.095485e+00 -3.016149e-01
 1.195832e+00 -7.476293e-01 -1.630769e-01
 1.070050e+00 -5.162774e-01 9.738906e-02
 1.069033e+00 -3.830146e-01 4.210554e-01
 1.162891e+00 -2.363781e-01 6.672477e-01
 1.305976e+00 2.879861e-02 8.622348e-01
 1.416537e+00 3.812331e-01 9.473392e-01
 1.456051e+00 7.384090e-01 9.159969e-01
 1.425647e+00 1.055901e+00 7.929194e-01
 1.336540e+00 1.307634e+00 6.022200e-01
 1.202793e+00 1.477909e+00 3.664390e-01
 1.035988e+00 1.556500e+00 1.060334e-01
 7.229798e-01 1.523320e+00 -3.170137e-01
 4.131894e-01 1.469115e+00 -6.573616e-01
 1.792443e-02 1.376094e+00 -9.118992e-01
 -1.910108e-01 1.205622e+00 -1.174201e+00
 -3.534944e-01 8.104913e-01 -1.406987e+00
 -3.829350e-01 3.286303e-01 -1.474161e+00
 -2.768800e-01 -1.282407e-01 -1.356363e+00
 -8.707981e-02 -4.152829e-01 -1.127897e+00
 3.301629e-02 -5.511916e-01 -8.392188e-01
 6.684708e-02 -5.892169e-01 -4.682566e-01
 7.254769e-02 -4.710612e-01 2.994601e-02
 7.096178e-02 -2.610285e-01 5.394859e-01
 2.332972e-01 -6.006733e-02 9.991133e-01
 3.896353e-01 1.838239e-01 1.234577e+00
 5.153553e-01 5.168113e-01 1.361857e+00
 5.761368e-01 8.840571e-01 1.371492e+00
 5.607529e-01 1.236447e+00 1.271053e+00
 4.750694e-01 1.530363e+00 1.077900e+00
 3.304839e-01 1.733225e+00 8.162534e-01
