 1.472049e+00 1.470232e+00 -1.345285e+00
 1.508499e+00 1.720087e+00 -1.141374e+00
 1.457540e+00 1.928809e+00 -9.060130e-01
 1.333085e+00 2.074656e+00 -6.551866e-01
 1.142619e+00 2.152497e+00 -4.190594e-01
 9.040006e-01 2.159116e+00 -2.194824e-01
 9.763255e-03 1.920276e+00 3.025868e-01
 -2.529699e-01 1.724854e+00 4.861832e-01
 -4.403610e-01 1.437439e+00 6.472436e-01
 -5.376836e-01 1.091848e+00 7.528052e-01
 -5.416210e-01 7.540721e-01 7.804728e-01
 -3.450433e-01 1.574670e-02 6.945399e-01
 -3.000762e-01 -3.174816e-01 7.440177e-01
 -3.915123e-01 -6.417350e-01 6.724890e-01
 -5.303521e-01 -9.395750e-01 4.917126e-01
 -7.144206e-01 -1.204598e+00 4.459739e-01
 -8.723210e-01 -1.551793e+00 5.225011e-01
 -9.519926e-01 -1.878417e+00 7.246234e-01
 -9.442464e-01 -2.132367e+00 1.036746e+00
 -8.357363e-01 -2.272464e+00 1.403243e+00
 -6.319919e-01 -2.284129e+00 1.752852e+00
 -3.592672e-01 -2.169811e+00 2.029332e+00
 -6.307437e-02 -1.942595e+00 2.191480e+00
 2.125259e-01 -1.637029e+00 2.210686e+00
 4.220913e-01 -1.304974e+00 2.077882e+00
 5.412858e-01 -1.022543e+00 1.816820e+00
 5.744348e-01 -8.433452e-01 1.469469e+00
 5.448918e-01 -8.102655e-01 1.178609e+00
 5.697978e-01 -9.159639e-01 7.400147e-01
 5.451746e-01 -1.001372e+00 5.497180e-01
 2.635496e-01 -1.263330e+00 -2.056235e-01
 1.275650e-01 -1.262678e+00 -5.074847e-01
 -1.321687e-02 -1.158344e+00 -7.878264e-01
 -1.399038e-01 -9.545135e-01 -1.028538e+00
 -2.221301e-01 -6.755963e-01 -1.202396e+00
 -2.633616e-01 -3.871010e-01 -1.277065e+00
 -2.617462e-01 -9.690472e-02 -1.264005e+00
 -2.118270e-01 1.684532e-01 -1.169121e+00
 -1.869619e-01 4.656995e-01 -9.621214e-01
 -1.205097e-01 6.704040e-01 -6.335707e-01
 3.131828e-03 7.668653e-01 -1.488155e-01
 2.120837e-01 8.586008e-01 1.103255e-01
 4.918436e-01 1.030055e+00 3.709632e-01
 7.671896e-01 1.094784e+00 5.272670e-01
 1.073165e+00 1.038884e+00 6.904400e-01
 1.345060e+00 8.662878e-01 8.176211e-01
 1.549407e+00 5.878855e-01 9.214336e-01
 1.643960e+00 2.427266e-01 1.004071e+00
 1.530104e+00 -1.087507e+00 1.170026e+00
 1.381126e+00 -1.409603e+00 1.199337e+00
 1.132553e+00 -1.660198e+00 1.214712e+00
 8.154527e-01 -1.811795e+00 1.212592e+00
 4.755856e-01 -1.844685e+00 1.199271e+00
 1.599042e-01 -1.764651e+00 1.195398e+00
 -6.461130e-02 -1.617379e+00 1.217209e+00
 -2.098308e-01 -1.470067e+00 1.292620e+00
 -3.612768e-01 -1.359442e+00 1.401106e+00
 -6.472393e-01 -1.254769e+00 1.484231e+00
 -1.631574e+00 -1.048768e+00 1.500936e+00
 -1.958969e+00 -8.637636e-01 1.429621e+00
 -2.195701e+00 -5.963701e-01 1.290869e+00
 -2.311227e+00 -2.877005e-01 1.096043e+00
 -2.292399e+00 1.561534e-02 8.643135e-01
 -2.144760e+00 2.684110e-01 6.195350e-01
 -1.891370e+00 4.326113e-01 3.872892e-01
 -1.550559e+00 4.847557e-01 1.776455e-01
 -1.205865e+00 4.085225e-01 8.689492e-03
 -9.198440e-01 2.219378e-01 -1.417884e-01
 -6.584651e-01 -1.200941e-01 -2.620100e-01
 -3.651791e-01 -2.855478e-01 -2.759330e-01
 -8.832356e-02 -2.883625e-01 -2.589735e-01
 2.228980e-01 -2.557258e-01 -3.456008e-01
 5.069704e-01 -2.844202e-01 -6.051228e-01
 6.835186e-01 -2.668276e-01 -9.097437e-01
 8.827376e-01 -1.615607e-01 -1.859691e+00
 9.210618e-01 -3.266433e-03 -2.182220e+00
 9.329742e-01 2.569820e-01 -2.432474e+00
 9.206584e-01 5.864109e-01 -2.578589e+00
 8.893860e-01 9.437747e-01 -2.602411e+00
 8.352302e-01 1.287379e+00 -2.501844e+00
 7.484144e-01 1.566090e+00 -2.296043e+00
 6.391891e-01 1.744388e+00 -2.011867e+00
 5.425978e-01 1.809166e+00 -1.666660e+00
 4.911793e-01 1.754071e+00 -1.308476e+00
 5.038350e-01 1.589159e+00 -9.936528e-01
 5.779747e-01 1.399899e+00 -8.046060e-01
 7.759342e-01 1.215575e+00 -6.525191e-01
 9.767599e-01 9.699239e-01 -5.588315e-01
 1.088060e+00 6.907540e-01 -4.101769e-01
 1.117486e+00 4.326726e-01 -1.854371e-01
 1.046009e+00 2.151632e-01 8.292100e-02
 8.618937e-01 7.183308e-02 3.635506e-01
 7.066734e-01 7.378558e-02 6.173446e-01
 5.641750e-01 2.043558e-01 1.113970e+00
 3.122459e-01 1.607046e-01 1.475082e+00
 -1.121224e-01 7.984276e-02 1.701093e+00
 -5.862766e-01 -1.478031e-02 1.704460e+00
 -1.006712e+00 -1.028239e-01 1.486296e+00
 -1.229379e+00 -1.527039e-01 1.169360e+00
 -1.417988e+00 -4.672830e-01 5.304099e-01
 -1.513991e+00 -5.395315e-01 2.571750e-01
 -1.604691e+00 -5.358113e-01 -5.974563e-02
 -1.645629e+00 -4.684274e-01 -3.315422e-01
 -1.636813e+00 -3.679345e-01 -5.595295e-01
 -1.578656e+00 -2.376274e-01 -7.649087e-01
 -1.065463e+00 4.959977e-01 -1.595849e+00
 -8.927782e-01 6.356667e-01 -1.748973e+00
 -6.671279e-01 7.451382e-01 -1.862720e+00
 -4.021164e-01 8.164409e-01 -1.924789e+00
 -1.175327e-01 8.439938e-01 -1.925145e+00
 1.504949e-01 8.270575e-01 -1.862144e+00
 5.767054e-01 7.840918e-01 -1.623118e+00
 9.212389e-01 8.455492e-01 -1.583829e+00
 1.154868e+00 9.806587e-01 -1.570141e+00
 1.346189e+00 1.199695e+00 -1.497156e+00
