 -7.378957e-01 2.455335e+00 -3.194489e-01
 -9.581544e-01 2.468227e+00 -5.271259e-01
 -1.259488e+00 2.403992e+00 -6.528068e-01
 -1.589554e+00 2.199007e+00 -7.106651e-01
 -1.831251e+00 1.891141e+00 -7.018443e-01
 -1.956648e+00 1.543253e+00 -6.222834e-01
 -1.973784e+00 1.210430e+00 -4.726353e-01
 -1.849574e+00 3.701166e-01 -1.655557e-02
 -1.707791e+00 6.777078e-02 8.655414e-02
 -1.473983e+00 -2.065983e-01 1.143516e-01
 -1.160254e+00 -4.195437e-01 5.588853e-02
 -8.517108e-01 -5.154232e-01 -8.643329e-02
 -6.542130e-01 -5.179452e-01 -2.903543e-01
 -3.644249e-01 -4.147114e-01 -5.339589e-01
 -1.004623e-01 -1.003619e-01 -7.066708e-01
 1.535826e-01 2.899434e-01 -6.791205e-01
 2.961140e-01 6.092689e-01 -5.129919e-01
 4.762716e-01 8.187297e-01 -1.890371e-01
 5.746947e-01 8.642254e-01 2.013606e-01
 6.699507e-01 8.128648e-01 4.176005e-01
 7.859509e-01 6.985701e-01 6.151736e-01
 9.077528e-01 5.524729e-01 7.720444e-01
 1.338366e+00 4.558790e-03 1.318294e+00
 1.514612e+00 -3.127673e-01 1.518624e+00
 1.618591e+00 -6.950088e-01 1.586292e+00
 1.645890e+00 -1.067435e+00 1.524537e+00
 1.608426e+00 -1.379354e+00 1.363212e+00
 1.517229e+00 -1.611244e+00 1.135985e+00
 1.373585e+00 -1.767190e+00 8.471884e-01
 1.199532e+00 -1.804297e+00 5.878426e-01
 1.032125e+00 -1.734939e+00 3.781779e-01
 9.246609e-01 -1.592164e+00 1.212958e-01
 9.405621e-01 -1.390332e+00 -2.327400e-01
 9.172763e-01 -1.263042e+00 -3.960008e-01
 7.299022e-01 -8.189121e-01 -9.462519e-01
 5.350088e-01 -3.908160e-01 -1.442116e+00
 3.788908e-01 -1.388693e-01 -1.615633e+00
 1.781683e-01 1.370345e-01 -1.696142e+00
 -2.689338e-02 4.069795e-01 -1.669360e+00
 -2.051823e-01 6.455031e-01 -1.555959e+00
 -6.336269e-01 1.251466e+00 -9.676668e-01
 -7.545053e-01 1.376455e+00 -7.900996e-01
 -8.687951e-01 1.443313e+00 -6.043978e-01
 -1.068673e+00 1.499052e+00 -1.128294e-01
 -1.287936e+00 1.756262e+00 1.774165e-01
 -1.466926e+00 2.108452e+00 3.161672e-01
 -1.536886e+00 2.538762e+00 3.304814e-01
 -1.462196e+00 2.951375e+00 2.304313e-01
 -1.263642e+00 3.266596e+00 4.768118e-02
 -9.938278e-01 3.443699e+00 -1.924810e-01
 -6.892257e-01 3.469590e+00 -4.385611e-01
 -3.917836e-01 3.358993e+00 -6.369681e-01
 -1.321309e-01 3.142212e+00 -7.627217e-01
 5.634471e-02 2.850648e+00 -8.159796e-01
 1.609940e-01 2.523867e+00 -7.920778e-01
 1.814500e-01 2.193671e+00 -6.843137e-01
 1.207474e-01 1.911588e+00 -5.026334e-01
 3.209396e-02 1.729097e+00 -2.647458e-01
 -1.037836e-01 1.617655e+00 1.523785e-01
 -1.932850e-01 1.485162e+00 3.995398e-01
 -3.142421e-01 1.030579e+00 9.247679e-01
 -3.727486e-01 7.553270e-01 1.119082e+00
 -4.229320e-01 4.379623e-01 1.242808e+00
 -4.485487e-01 1.318977e-01 1.268594e+00
 -4.490935e-01 -2.528964e-01 1.182000e+00
 -3.961533e-01 -6.495861e-01 9.604953e-01
 -2.535754e-01 -9.673643e-01 5.900719e-01
 -8.916300e-02 -1.188550e+00 2.111956e-01
 -4.340874e-02 -1.266812e+00 -1.318841e-02
 -6.950191e-02 -1.365313e+00 -2.456812e-01
 -9.927463e-02 -1.587254e+00 -4.974665e-01
 -1.849240e-01 -1.871564e+00 -6.554375e-01
 -2.937363e-01 -2.214083e+00 -7.011342e-01
 -3.886511e-01 -2.565590e+00 -6.110257e-01
 -4.279782e-01 -2.864353e+00 -4.115950e-01
 -3.962918e-01 -3.087866e+00 -1.346075e-01
 -3.082911e-01 -3.208155e+00 1.958375e-01
 -1.878716e-01 -3.202896e+00 5.425570e-01
 -5.137607e-02 -3.067295e+00 8.624810e-01
 8.851549e-02 -2.810253e+00 1.111708e+00
 2.148069e-01 -2.454766e+00 1.247087e+00
 4.051024e-01 -1.621790e+00 1.210584e+00
 5.272701e-01 -1.262882e+00 1.142135e+00
 7.349550e-01 -9.619450e-01 9.789034e-01
 1.015235e+00 -7.906010e-01 7.610857e-01
 1.355085e+00 -7.632663e-01 5.696160e-01
 1.707591e+00 -9.444354e-01 3.242448e-01
 1.907198e+00 -1.239296e+00 1.129314e-01
 1.946401e+00 -1.583343e+00 -7.698367e-02
 1.834991e+00 -1.942222e+00 -2.215673e-01
 1.630477e+00 -2.217250e+00 -2.962443e-01
 1.364416e+00 -2.420968e+00 -3.024746e-01
 1.066843e+00 -2.541304e+00 -2.483681e-01
 7.622057e-01 -2.573988e+00 -1.397779e-01
 4.832950e-01 -2.513877e+00 1.029967e-02
 9.344359e-02 -2.255122e+00 2.472183e-01
 -2.117107e-01 -2.197829e+00 3.314146e-01
 -4.553415e-01 -2.135405e+00 3.117047e-01
 -7.458495e-01 -1.989723e+00 1.964969e-01
 -9.438902e-01 -1.829603e+00 2.756894e-02
 -1.395680e+00 -1.135780e+00 -6.996605e-01
 -1.468641e+00 -7.257615e-01 -8.908384e-01
 -1.414770e+00 -2.862202e-01 -9.382349e-01
 -1.246306e+00 1.134690e-01 -8.395842e-01
 -1.031792e+00 3.765326e-01 -6.293888e-01
 -9.066150e-01 4.577252e-01 -4.067556e-01
 -7.142397e-01 5.050393e-01 -1.243545e-01
 -4.538761e-01 3.920758e-01 1.555531e-01
 -2.033611e-01 1.893584e-01 2.877708e-01
 6.964041e-02 -9.587991e-03 3.178825e-01
 4.220571e-01 -1.659692e-01 2.138342e-01
 7.956541e-01 -1.357793e-01 3.490633e-03
 1.134277e+00 2.195328e-02 -7.034812e-02
 1.404509e+00 3.407189e-01 -1.259203e-01
 1.526764e+00 7.063129e-01 -1.356337e-01
 1.520977e+00 1.058927e+00 -1.102035e-01
 1.421875e+00 1.351615e+00 -5.418621e-02
 9.577398e-01 2.021380e+00 1.571740e-01
 6.131906e-01 2.403310e+00 2.560995e-01
 2.517082e-01 2.600836e+00 2.551995e-01
 -1.252705e-01 2.658463e+00 1.832145e-01
 -4.375177e-01 2.596901e+00 4.638893e-02
 -6.238862e-01 2.491774e+00 -1.357418e-01
