 -6.630424e-01 1.197700e-01 -2.226878e+00
 -8.581882e-01 -8.007151e-02 -2.136961e+00
 -1.032956e+00 -2.612800e-01 -1.960549e+00
 -1.169950e+00 -3.988217e-01 -1.703636e+00
 -1.252166e+00 -4.667764e-01 -1.386308e+00
 -1.267348e+00 -4.456746e-01 -1.040869e+00
 -1.208257e+00 -3.309744e-01 -7.155811e-01
 -1.103112e+00 -1.162095e-01 -4.505805e-01
 -1.038590e+00 9.449776e-02 -3.342451e-01
 -1.034120e+00 3.798385e-01 -1.753022e-01
 -8.983924e-01 7.482629e-01 1.537112e-01
 -7.330120e-01 9.808437e-01 2.982713e-01
 -4.587873e-01 1.225699e+00 3.828946e-01
 -1.767439e-01 1.335524e+00 3.521318e-01
 7.423616e-02 1.540538e+00 2.254688e-01
 3.676878e-01 2.201393e+00 -1.430923e-01
 6.185162e-01 2.422385e+00 -5.091972e-01
 9.345922e-01 2.411190e+00 -8.959481e-01
 1.239116e+00 2.173567e+00 -1.204699e+00
 1.464761e+00 1.773000e+00 -1.364942e+00
 1.552834e+00 1.288987e+00 -1.360188e+00
 1.467534e+00 8.657430e-01 -1.229730e+00
 1.264021e+00 5.644458e-01 -9.834539e-01
 1.087061e+00 4.320340e-01 -6.476172e-01
 8.198010e-01 5.069427e-01 2.428943e-01
 3.591557e-02 4.837138e-01 8.617021e-01
 -3.549060e-01 5.617710e-01 1.223051e+00
 -7.786683e-01 4.110183e-01 1.458913e+00
 -1.112772e+00 3.205885e-02 1.605414e+00
 -1.263226e+00 -4.573223e-01 1.606521e+00
 -1.224837e+00 -9.193898e-01 1.432556e+00
 -9.983525e-01 -1.274788e+00 1.168012e+00
 -6.581600e-01 -1.428407e+00 9.590143e-01
 -3.321644e-01 -1.453540e+00 9.195276e-01
 -1.011780e-01 -1.513694e+00 9.486773e-01
 2.038330e-01 -1.584560e+00 1.072991e+00
 4.692099e-01 -1.580664e+00 1.133668e+00
 7.393357e-01 -1.531384e+00 1.134712e+00
 9.865562e-01 -1.443108e+00 1.077876e+00
 1.219242e+00 -1.314085e+00 9.568108e-01
 1.372112e+00 -1.177564e+00 8.226327e-01
 1.472365e+00 -1.020513e+00 6.659227e-01
 1.509636e+00 -8.490493e-01 4.894404e-01
 1.484021e+00 -7.026053e-01 3.264095e-01
 1.391510e+00 -5.515275e-01 1.099267e-01
 1.317254e+00 -5.023248e-01 -1.752377e-02
 1.247830e+00 -4.973937e-01 -1.457739e-01
 1.159044e+00 -5.337826e-01 -3.151418e-01
 1.114526e+00 -5.462777e-01 -3.769020e-01
 1.016192e+00 -5.599716e-01 -4.794075e-01
 8.860387e-01 -5.503885e-01 -6.164853e-01
 7.900965e-01 -5.221384e-01 -7.220067e-01
 4.361189e-01 -3.492622e-01 -1.070041e+00
 9.807027e-02 -1.877575e-01 -1.226161e+00
 -2.094056e-01 -2.502748e-02 -1.272846e+00
 -4.193837e-01 1.122988e-01 -1.244464e+00
 -5.365737e-01 2.388416e-01 -1.225697e+00
 -7.081428e-01 3.907836e-01 -1.247229e+00
 -9.687421e-01 5.091433e-01 -1.254184e+00
 -1.240233e+00 5.673017e-01 -1.205808e+00
 -1.499691e+00 5.749386e-01 -1.096248e+00
 -1.722379e+00 5.339102e-01 -9.388563e-01
 -1.891852e+00 4.573125e-01 -7.452477e-01
 -1.999798e+00 3.560967e-01 -5.303189e-01
 -2.043607e+00 2.391454e-01 -3.084179e-01
 -2.023902e+00 1.153682e-01 -8.955977e-02
 -1.942837e+00 -2.788267e-03 1.169385e-01
 -1.805197e+00 -1.084277e-01 2.994933e-01
 -1.617848e+00 -1.954738e-01 4.473377e-01
 -1.390455e+00 -2.581428e-01 5.503158e-01
 -9.422046e-01 -3.151879e-01 6.383176e-01
 -7.945435e-01 -3.420298e-01 6.925418e-01
 -6.658431e-01 -3.701736e-01 7.645948e-01
 -5.201343e-01 -4.064258e-01 8.781193e-01
 -4.140701e-01 -4.433256e-01 9.933747e-01
 -3.458690e-01 -4.653983e-01 1.121216e+00
 -2.635140e-01 -5.332198e-01 1.345460e+00
 -2.247014e-01 -7.372708e-01 1.632967e+00
 -2.502814e-01 -1.028388e+00 1.840240e+00
 -3.205532e-01 -1.362572e+00 1.938813e+00
 -3.904299e-01 -1.717518e+00 1.910966e+00
 -4.342246e-01 -2.040054e+00 1.758135e+00
 -4.698289e-01 -2.291363e+00 1.496111e+00
 -4.993966e-01 -2.433372e+00 1.162336e+00
 -5.166454e-01 -2.450013e+00 8.015467e-01
 -5.220732e-01 -2.341108e+00 4.587187e-01
 -5.118617e-01 -2.122650e+00 1.758966e-01
 -4.841883e-01 -1.823027e+00 -1.421128e-02
 -3.750809e-01 -1.001849e+00 -1.957196e-01
 -3.360055e-01 -8.434541e-01 -2.153960e-01
 -2.770053e-01 -6.761711e-01 -2.272782e-01
 -3.407673e-02 -7.223068e-02 -2.093548e-01
 -4.252387e-02 6.752612e-01 -4.521406e-01
 -2.919600e-01 1.060945e+00 -6.231943e-01
 -4.515649e-01 1.341428e+00 -6.350423e-01
 -5.992212e-01 1.615596e+00 -5.465098e-01
 -7.127603e-01 1.846530e+00 -3.764290e-01
 -7.687915e-01 2.018960e+00 -1.603860e-01
 -7.600271e-01 2.145739e+00 8.380717e-02
 -6.977760e-01 2.215791e+00 3.520725e-01
 -5.917398e-01 2.219427e+00 6.353954e-01
 -4.565178e-01 2.160767e+00 8.701061e-01
 -3.002277e-01 2.048801e+00 1.058577e+00
 -1.339958e-01 1.892242e+00 1.193781e+00
 5.688162e-01 1.047732e+00 1.530495e+00
 7.375905e-01 6.906539e-01 1.572169e+00
 8.140166e-01 3.646909e-01 1.529077e+00
 8.246813e-01 4.929737e-02 1.401899e+00
 7.741767e-01 -2.191338e-01 1.198799e+00
 4.636294e-01 -7.618437e-01 4.865070e-01
 5.253237e-01 -1.098344e+00 2.341694e-01
 6.980925e-01 -1.352130e+00 8.443592e-02
 9.838033e-01 -1.509790e+00 -8.323336e-02
 1.316783e+00 -1.535511e+00 -2.387081e-01
 1.639919e+00 -1.427238e+00 -3.711967e-01
 1.899260e+00 -1.211459e+00 -4.743352e-01
 2.080659e+00 -9.280326e-01 -5.327006e-01
 2.169285e+00 -6.503176e-01 -5.400597e-01
 2.188045e+00 -3.889979e-01 -5.129220e-01
 2.019825e+00 6.644576e-01 -2.864834e-01
 1.902175e+00 9.365326e-01 -2.643241e-01
 1.658864e+00 1.229301e+00 -2.832834e-01
 1.337086e+00 1.418469e+00 -3.626904e-01
 1.025503e+00 1.459154e+00 -4.794064e-01
 8.099261e-01 1.413579e+00 -6.436313e-01
 6.533327e-01 1.387736e+00 -8.500870e-01
 5.669477e-01 1.330116e+00 -1.067714e+00
 5.083638e-01 1.259546e+00 -1.201065e+00
 -1.173546e-01 6.701604e-01 -2.037200e+00
 -2.823087e-01 5.084968e-01 -2.167127e+00
 -4.668894e-01 3.209892e-01 -2.233954e+00
