 -2.963954e-01 -1.219172e-01 -7.621026e-01
 -3.655963e-01 -3.134234e-01 -8.793566e-01
 -5.085708e-01 -5.439150e-01 -9.756777e-01
 -7.916983e-01 -7.431348e-01 -1.108950e+00
 -1.126754e+00 -8.049144e-01 -1.287916e+00
 -1.502759e+00 -7.094086e-01 -1.436315e+00
 -1.840008e+00 -4.711546e-01 -1.504099e+00
 -2.076280e+00 -1.234566e-01 -1.489959e+00
 -2.168976e+00 2.776397e-01 -1.402224e+00
 -1.960195e+00 1.516865e+00 -9.140378e-01
 -1.805081e+00 1.800085e+00 -6.832313e-01
 -1.577414e+00 1.959596e+00 -3.997754e-01
 -1.305547e+00 1.972019e+00 -1.089824e-01
 -1.034805e+00 1.831809e+00 1.463333e-01
 -8.217785e-01 1.571789e+00 3.232273e-01
 -7.265896e-01 1.232151e+00 4.430366e-01
 -7.862614e-01 8.374844e-01 5.336987e-01
 -1.199506e+00 2.522527e-01 1.008480e+00
 -1.249393e+00 -2.904749e-01 1.155143e+00
 -1.035620e+00 -8.041785e-01 1.142136e+00
 -5.853740e-01 -1.139134e+00 1.037815e+00
 -1.991635e-02 -1.194289e+00 8.415079e-01
 1.306108e-01 -1.234513e+00 7.693247e-01
 2.862571e-01 -1.312812e+00 7.043718e-01
 4.340877e-01 -1.433355e+00 5.876412e-01
 5.483791e-01 -1.543337e+00 4.265671e-01
 6.772806e-01 -1.620164e+00 1.396135e-01
 7.621166e-01 -1.606313e+00 -1.875167e-01
 7.745097e-01 -1.510219e+00 -5.068304e-01
 7.103964e-01 -1.345928e+00 -7.883577e-01
 4.388045e-01 -7.951035e-01 -1.291666e+00
 4.365013e-01 -4.359110e-01 -1.494323e+00
 5.143655e-01 -2.401580e-01 -1.617672e+00
 6.908376e-01 -4.730714e-02 -1.739066e+00
 9.206275e-01 1.392305e-01 -1.778566e+00
 1.168857e+00 3.135313e-01 -1.713936e+00
 1.392667e+00 4.813956e-01 -1.541000e+00
 1.547439e+00 6.215602e-01 -1.286027e+00
 1.618105e+00 7.228447e-01 -9.747324e-01
 1.590604e+00 7.812322e-01 -6.214068e-01
 1.476109e+00 7.629921e-01 -2.940242e-01
 1.288956e+00 6.711753e-01 -1.987632e-02
 9.149022e-01 4.861891e-01 2.556178e-01
 6.131675e-01 4.589778e-01 4.870703e-01
 4.604761e-01 5.124313e-01 6.247898e-01
 2.803292e-01 6.939177e-01 8.399276e-01
 -1.151397e-01 9.845819e-01 1.278732e+00
 -3.517816e-01 1.108416e+00 1.414867e+00
 -6.271563e-01 1.221131e+00 1.473966e+00
 -9.145044e-01 1.316070e+00 1.447172e+00
 -1.190362e+00 1.370905e+00 1.340623e+00
 -1.432701e+00 1.379328e+00 1.162066e+00
 -1.621364e+00 1.335497e+00 9.291055e-01
 -1.732188e+00 1.248940e+00 6.697986e-01
 -1.754843e+00 1.137395e+00 3.587570e-01
 -1.682052e+00 1.038446e+00 7.924182e-02
 -1.529523e+00 9.668818e-01 -1.588840e-01
 -1.370330e+00 9.521280e-01 -2.995824e-01
 -1.024118e+00 1.073364e+00 -5.776437e-01
 -8.873324e-01 1.099710e+00 -7.337734e-01
 -5.939784e-01 1.056484e+00 -1.023515e+00
 -2.489857e-01 9.629839e-01 -1.177826e+00
 1.180125e-01 8.327092e-01 -1.191730e+00
 4.319043e-01 6.853146e-01 -1.069994e+00
 6.112120e-01 5.305850e-01 -8.929105e-01
 7.548115e-01 1.962868e-01 -7.417272e-01
 9.699508e-01 -2.821924e-02 -7.274620e-01
 1.254804e+00 -2.864495e-01 -8.820246e-01
 1.431936e+00 -5.172864e-01 -1.171309e+00
 1.442815e+00 -7.210899e-01 -1.548403e+00
 1.279298e+00 -8.707927e-01 -1.915009e+00
 9.602981e-01 -9.419981e-01 -2.221027e+00
 5.948907e-01 -9.000328e-01 -2.399440e+00
 2.148666e-01 -7.679191e-01 -2.443831e+00
 -1.198646e-01 -5.679257e-01 -2.351766e+00
 -8.671956e-01 1.202715e-01 -1.686610e+00
 -1.102240e+00 2.345935e-01 -1.324368e+00
 -1.211901e+00 2.051298e-01 -1.052969e+00
 -1.313857e+00 7.299802e-02 -7.889514e-01
 -1.232884e+00 -1.279828e-01 -2.951981e-01
 -9.610949e-01 -2.801770e-01 7.862660e-02
 -5.162964e-01 -2.872140e-01 4.060907e-01
 -2.886230e-01 -1.915370e-01 6.807953e-01
 -1.371674e-01 -8.240614e-02 1.570907e+00
 1.011858e-02 -6.294871e-02 1.853044e+00
 2.376698e-01 -7.765179e-02 2.082419e+00
 5.239095e-01 -1.250252e-01 2.232184e+00
 8.836573e-01 -2.313989e-01 2.297777e+00
 1.209715e+00 -3.585694e-01 2.233614e+00
 1.480369e+00 -4.953575e-01 2.048900e+00
 1.670243e+00 -6.216050e-01 1.752048e+00
 1.756327e+00 -7.026926e-01 1.345399e+00
 1.682314e+00 -7.319771e-01 9.402303e-01
 1.462043e+00 -7.058853e-01 5.932920e-01
 6.434173e-01 -5.845113e-01 3.665813e-02
 2.018298e-01 -7.328561e-01 -1.395119e-01
 -1.028621e-01 -1.038398e+00 -2.034509e-01
 -2.853220e-01 -1.385145e+00 -1.515662e-01
 -3.808921e-01 -1.740198e+00 4.259898e-02
 -3.674525e-01 -2.027258e+00 3.537302e-01
 -2.565911e-01 -2.183425e+00 7.192001e-01
 -8.432584e-02 -2.183293e+00 1.094748e+00
 1.145336e-01 -2.030502e+00 1.415045e+00
 3.285814e-01 -1.756467e+00 1.627844e+00
 5.220829e-01 -1.405757e+00 1.698980e+00
 6.628725e-01 -1.034310e+00 1.618724e+00
 7.366771e-01 -5.514354e-01 1.320015e+00
 8.246087e-01 -2.626768e-01 1.265908e+00
 1.129986e+00 2.242148e-01 1.343448e+00
 1.238364e+00 6.069618e-01 1.286401e+00
 1.229269e+00 1.004653e+00 1.109209e+00
 1.105782e+00 1.302535e+00 8.556738e-01
 8.857973e-01 1.470314e+00 5.598228e-01
 6.175859e-01 1.475358e+00 2.660109e-01
 3.326971e-01 1.328130e+00 1.322577e-02
 6.540016e-02 1.050585e+00 -1.518615e-01
 -2.075908e-01 4.948278e-01 -2.332273e-01
