 -5.417931e-02 -2.109531e+00 -8.330971e-01
 -2.143727e-01 -1.869981e+00 -5.340286e-01
 -2.840654e-01 -1.597561e+00 -3.861339e-01
 -3.691042e-01 -1.329212e+00 -3.495654e-01
 -6.929420e-01 -9.535562e-01 -2.343205e-01
 -7.817574e-01 -8.279645e-01 -2.135208e-01
 -1.170711e+00 -9.659660e-02 -1.453711e-01
 -1.251229e+00 1.595258e-01 -9.298671e-02
 -1.278671e+00 4.213094e-01 -1.708646e-02
 -1.251279e+00 6.642359e-01 6.794576e-02
 -1.084617e+00 1.122885e+00 2.819106e-01
 -1.094720e+00 1.399140e+00 4.265954e-01
 -1.119490e+00 1.634411e+00 7.162880e-01
 -1.014424e+00 1.782075e+00 1.104320e+00
 -7.539520e-01 1.795189e+00 1.487004e+00
 -4.457930e-01 1.660872e+00 1.757488e+00
 -1.293525e-01 1.402848e+00 1.895094e+00
 1.397020e-01 1.068227e+00 1.875649e+00
 3.143353e-01 7.183225e-01 1.703915e+00
 3.701299e-01 2.546184e-01 1.291301e+00
 3.950001e-01 2.597562e-04 1.171003e+00
 4.201952e-01 -2.379477e-01 1.135454e+00
 5.017340e-01 -4.956285e-01 1.149109e+00
 7.588469e-01 -1.003181e+00 1.297425e+00
 8.916348e-01 -1.385237e+00 1.245272e+00
 9.751767e-01 -1.731742e+00 1.038749e+00
 1.017179e+00 -1.975762e+00 7.063048e-01
 1.011215e+00 -2.074595e+00 3.032268e-01
 9.592033e-01 -2.011084e+00 -1.040135e-01
 8.716603e-01 -1.797314e+00 -4.444389e-01
 7.034278e-01 -1.416247e+00 -7.086000e-01
 4.794568e-01 -1.211436e+00 -9.175220e-01
 2.512259e-01 -1.165169e+00 -1.161069e+00
 -1.619178e-01 -1.212768e+00 -1.350021e+00
 -5.933983e-01 -1.361376e+00 -1.354770e+00
 -9.731176e-01 -1.546119e+00 -1.161183e+00
 -1.221497e+00 -1.715168e+00 -8.041976e-01
 -1.284324e+00 -1.836360e+00 -3.623350e-01
 -1.163397e+00 -1.860043e+00 7.887147e-02
 -8.798887e-01 -1.780280e+00 4.375455e-01
 -4.787594e-01 -1.639433e+00 6.322294e-01
 -4.771694e-02 -1.461076e+00 6.212000e-01
 5.058596e-01 -1.155852e+00 3.032587e-01
 8.837957e-01 -1.049894e+00 2.649359e-01
 1.161051e+00 -9.685529e-01 1.164687e-01
 1.948685e+00 -4.956856e-01 -5.843508e-01
 2.091457e+00 -2.390489e-01 -9.105632e-01
 2.050821e+00 4.547026e-02 -1.232757e+00
 1.844240e+00 3.286153e-01 -1.482193e+00
 1.512399e+00 5.708486e-01 -1.608184e+00
 1.115392e+00 7.318150e-01 -1.587437e+00
 7.239140e-01 7.860195e-01 -1.422754e+00
 3.889480e-01 7.262076e-01 -1.122502e+00
 -1.248820e-01 6.044182e-01 -2.055531e-01
 -2.341421e-01 5.115664e-01 7.383554e-03
 -2.862369e-01 3.976206e-01 1.719442e-01
 -3.983860e-01 4.796177e-02 5.048586e-01
 -5.724343e-01 -1.539386e-01 8.878849e-01
 -6.020926e-01 -2.291696e-01 1.267849e+00
 -4.626481e-01 -2.896233e-01 1.660635e+00
 -1.778505e-01 -3.214170e-01 1.965684e+00
 2.021243e-01 -3.224114e-01 2.133093e+00
 6.251671e-01 -2.666800e-01 2.145081e+00
 1.013978e+00 -1.615171e-01 1.981513e+00
 1.305020e+00 -7.246389e-02 1.644219e+00
 1.423861e+00 -1.423691e-02 1.224357e+00
 1.354097e+00 2.604707e-02 7.900815e-01
 1.115681e+00 3.731809e-02 4.332878e-01
 6.447253e-01 -6.849238e-02 1.091239e-01
 3.192664e-01 -3.195473e-01 -2.751610e-01
 9.269401e-02 -3.700924e-01 -5.279951e-01
 -1.156352e-01 -3.185990e-01 -7.665920e-01
 -3.001347e-01 -2.002317e-01 -9.578309e-01
 -4.539557e-01 -1.726160e-02 -1.123194e+00
 -5.617354e-01 2.147000e-01 -1.255166e+00
 -6.137978e-01 4.780678e-01 -1.350692e+00
 -6.051496e-01 7.509557e-01 -1.408796e+00
 -3.760108e-01 1.744681e+00 -1.453817e+00
 -3.204485e-01 2.126971e+00 -1.310234e+00
 -2.995995e-01 2.452480e+00 -1.002817e+00
 -2.841492e-01 2.616940e+00 -6.261684e-01
 -2.552316e-01 2.621752e+00 -2.175341e-01
 -2.108787e-01 2.469130e+00 1.574542e-01
 -1.523396e-01 2.189663e+00 4.375004e-01
 -8.416364e-02 1.496888e+00 7.238319e-01
 -2.386799e-01 1.092912e+00 9.002232e-01
 -5.030033e-01 8.756166e-01 1.085750e+00
 -8.517859e-01 7.634848e-01 1.219171e+00
 -1.299047e+00 7.441462e-01 1.215566e+00
 -1.705828e+00 8.405683e-01 1.056905e+00
 -1.993770e+00 1.024622e+00 7.729676e-01
 -2.111752e+00 1.228471e+00 4.035945e-01
 -2.043046e+00 1.418326e+00 1.575630e-02
 -1.799552e+00 1.581618e+00 -3.098930e-01
 -1.427225e+00 1.685610e+00 -5.138534e-01
 -9.962166e-01 1.709459e+00 -5.609606e-01
 -4.462008e-01 1.598404e+00 -4.254745e-01
 2.435398e-01 1.663154e+00 -4.016610e-01
 7.733146e-01 1.419933e+00 -3.226061e-01
 1.135914e+00 9.294404e-01 -3.777523e-01
 1.225215e+00 3.345733e-01 -6.123873e-01
 1.083936e+00 -2.735408e-02 -8.755008e-01
 1.068642e+00 -1.932990e-01 -1.038127e+00
 1.219581e+00 -8.560551e-01 -1.523886e+00
 1.180374e+00 -1.246945e+00 -1.661339e+00
 1.020319e+00 -1.632889e+00 -1.685243e+00
 7.634215e-01 -1.947828e+00 -1.593884e+00
 4.592598e-01 -2.140615e+00 -1.399089e+00
 1.458709e-01 -2.188326e+00 -1.116070e+00
