 7.145003e-01 3.108022e-01 -1.042835e+00
 7.544468e-01 9.029249e-01 -1.253969e+00
 7.215439e-01 1.221465e+00 -1.281523e+00
 6.443891e-01 1.519248e+00 -1.224061e+00
 5.331131e-01 1.777025e+00 -1.085829e+00
 3.873786e-01 1.996287e+00 -8.505188e-01
 2.575674e-01 2.120252e+00 -5.719444e-01
 -1.336244e-01 2.240442e+00 5.893485e-01
 -2.678352e-01 2.156372e+00 9.100846e-01
 -3.985562e-01 1.962502e+00 1.177927e+00
 -4.914982e-01 1.684557e+00 1.367242e+00
 -5.676649e-01 1.345566e+00 1.451784e+00
 -5.965845e-01 1.074790e+00 1.430998e+00
 -6.113927e-01 8.149646e-01 1.319202e+00
 -6.539626e-01 6.786393e-01 1.194031e+00
 -7.094831e-01 5.648225e-01 1.098797e+00
 -7.734349e-01 3.772522e-01 1.013121e+00
 -8.097549e-01 -5.603383e-02 8.504127e-01
 -9.003673e-01 -2.938592e-01 6.569014e-01
 -1.034987e+00 -4.367711e-01 4.600477e-01
 -1.108547e+00 -4.940464e-01 2.510854e-01
 -1.110972e+00 -5.253499e-01 -3.626568e-02
 -1.009815e+00 -4.961456e-01 -3.950553e-01
 -8.892339e-01 -4.224542e-01 -6.301479e-01
 -7.100198e-01 -3.164135e-01 -8.270910e-01
 -4.311035e-01 -1.522650e-01 -9.990866e-01
 -2.307662e-01 -3.520837e-02 -1.227999e+00
 -1.430772e-01 4.277329e-02 -1.495260e+00
 -8.846861e-02 3.234355e-02 -1.765880e+00
 -4.118908e-02 -7.230239e-02 -2.041483e+00
 5.123660e-03 -2.881188e-01 -2.299704e+00
 6.036550e-02 -5.508913e-01 -2.458850e+00
 1.333006e-01 -8.470601e-01 -2.526640e+00
 2.353391e-01 -1.150577e+00 -2.495976e+00
 3.607030e-01 -1.420988e+00 -2.369924e+00
 4.905034e-01 -1.630806e+00 -2.157789e+00
 6.068747e-01 -1.761956e+00 -1.875780e+00
 6.875107e-01 -1.800822e+00 -1.554473e+00
 7.278336e-01 -1.741275e+00 -1.230048e+00
 7.714187e-01 -1.160628e+00 -1.439409e-01
 8.511347e-01 -9.180691e-01 6.335919e-02
 9.690403e-01 -7.251798e-01 1.844852e-01
 1.383251e+00 -4.476514e-01 5.682261e-01
 1.587060e+00 8.539754e-03 7.891686e-01
 1.561889e+00 5.632493e-01 8.476596e-01
 1.367044e+00 1.048184e+00 6.729139e-01
 1.058819e+00 1.330976e+00 3.134454e-01
 7.398273e-01 1.327749e+00 -9.726025e-02
 3.845822e-01 1.121887e+00 -3.229438e-01
 1.771729e-01 1.073712e+00 -4.344435e-01
 -7.291817e-01 8.488565e-01 -1.177184e+00
 -9.688050e-01 6.559169e-01 -1.380407e+00
 -1.115509e+00 3.630965e-01 -1.571689e+00
 -1.138814e+00 1.943940e-02 -1.722993e+00
 -1.035482e+00 -3.478447e-01 -1.811696e+00
 -8.442115e-01 -6.580166e-01 -1.794140e+00
 -5.623977e-01 -8.897407e-01 -1.697837e+00
 -2.402958e-01 -9.890170e-01 -1.588573e+00
 6.110119e-02 -9.627988e-01 -1.510450e+00
 3.751788e-01 -8.346516e-01 -1.514031e+00
 7.581041e-01 -7.238507e-01 -1.713170e+00
 1.047417e+00 -5.013156e-01 -1.806397e+00
 1.355137e+00 -1.938199e-01 -1.745076e+00
 1.584190e+00 6.865154e-02 -1.545327e+00
 1.715413e+00 2.699657e-01 -1.243894e+00
 1.721243e+00 3.984699e-01 -8.927807e-01
 1.590376e+00 4.531717e-01 -5.273116e-01
 1.305487e+00 4.198932e-01 -1.769689e-01
 9.942053e-01 3.346174e-01 1.142357e-03
 8.305485e-01 3.248525e-01 1.386458e-01
 7.000791e-01 3.057834e-01 3.239805e-01
 5.983139e-01 2.414680e-01 5.518937e-01
 3.165009e-01 8.501962e-02 9.486737e-01
 7.135286e-03 1.824548e-02 1.568325e+00
 -2.123644e-01 -3.599392e-02 1.768256e+00
 -5.532577e-01 -1.856543e-02 1.928953e+00
 -9.121343e-01 8.903106e-02 1.983325e+00
 -1.237852e+00 2.723843e-01 1.924129e+00
 -1.480931e+00 5.136779e-01 1.768120e+00
 -1.610985e+00 7.750820e-01 1.534352e+00
 -1.613200e+00 1.022168e+00 1.248275e+00
 -1.480970e+00 1.218854e+00 9.373352e-01
 -1.228934e+00 1.335686e+00 6.688804e-01
 -8.936044e-01 1.365294e+00 4.801891e-01
 -5.582765e-01 1.308702e+00 4.087212e-01
 -2.669653e-01 1.240762e+00 4.478102e-01
 7.898990e-02 1.195990e+00 6.676633e-01
 4.830152e-01 1.088679e+00 1.175963e+00
 7.955616e-01 8.123455e-01 1.538415e+00
 9.625363e-01 4.409900e-01 1.767096e+00
 9.785929e-01 -2.833247e-03 1.912840e+00
 5.864329e-01 -1.170277e+00 2.057591e+00
 4.154722e-01 -1.493526e+00 1.977523e+00
 2.337435e-01 -1.755874e+00 1.773569e+00
 8.006502e-02 -1.918332e+00 1.476121e+00
 -3.973361e-02 -1.955450e+00 1.126584e+00
 -1.339909e-01 -1.855661e+00 7.750574e-01
 -2.000819e-01 -1.629077e+00 4.778924e-01
 -2.255798e-01 -1.315807e+00 2.827908e-01
 -7.544570e-02 -3.734102e-01 3.591044e-02
 -2.547164e-01 1.442745e-01 -2.982738e-02
 -6.604374e-01 4.096686e-01 -6.253301e-02
 -1.056831e+00 4.936415e-01 1.104854e-02
 -1.366513e+00 4.837412e-01 1.596214e-01
 -1.624609e+00 3.907040e-01 3.945540e-01
 -1.781958e+00 2.331935e-01 6.539578e-01
 -1.838520e+00 6.751251e-03 9.304551e-01
 -1.779392e+00 -2.336854e-01 1.171169e+00
 -1.616310e+00 -4.639428e-01 1.361356e+00
 -1.377918e+00 -6.607756e-01 1.475904e+00
 -1.101554e+00 -8.055325e-01 1.509618e+00
 -8.206085e-01 -8.918985e-01 1.470214e+00
 1.656346e-01 -9.506984e-01 1.150517e+00
 3.913488e-01 -1.021153e+00 1.060707e+00
 9.927621e-01 -1.439810e+00 9.638632e-01
 1.456223e+00 -1.575037e+00 6.022443e-01
 1.776839e+00 -1.408852e+00 1.196842e-01
 1.806982e+00 -1.039228e+00 -3.643557e-01
 1.501027e+00 -6.547624e-01 -7.234887e-01
 9.426255e-01 -3.047839e-01 -8.026662e-01
 8.227156e-01 -1.625125e-01 -8.659264e-01
 7.479773e-01 3.701549e-02 -9.557345e-01
