 2.590554e+00 -1.150250e+00 5.872785e-01
 2.389404e+00 -7.249538e-01 8.185733e-01
 2.072124e+00 -4.680368e-01 8.747870e-01
 1.818634e+00 -4.105218e-01 9.384884e-01
 1.645354e+00 -3.447448e-01 1.034648e+00
 1.139884e+00 1.296017e-02 1.394362e+00
 6.420244e-01 3.356242e-01 1.650674e+00
 3.180344e-01 5.513022e-01 1.666815e+00
 -6.355963e-04 7.556982e-01 1.536339e+00
 -2.737856e-01 9.080132e-01 1.265202e+00
 -4.594956e-01 9.676832e-01 8.873563e-01
 -5.284856e-01 9.075702e-01 4.639474e-01
 -4.568556e-01 6.147352e-01 -1.340854e-01
 -4.533056e-01 5.958272e-01 -5.003956e-01
 -3.844056e-01 7.205052e-01 -9.265219e-01
 -4.293656e-01 7.090372e-01 -1.328539e+00
 -5.545256e-01 5.433002e-01 -1.691498e+00
 -7.590556e-01 2.955412e-01 -1.930985e+00
 -1.051466e+00 3.339317e-02 -2.032976e+00
 -1.377546e+00 -1.911948e-01 -1.983174e+00
 -1.687136e+00 -3.542308e-01 -1.787946e+00
 -1.927906e+00 -4.390918e-01 -1.474708e+00
 -2.057346e+00 -4.370078e-01 -1.092369e+00
 -2.043516e+00 -3.120958e-01 -4.582943e-01
 -2.111316e+00 -3.421068e-01 -1.440583e-01
 -2.101296e+00 -4.763208e-01 1.508259e-01
 -1.947126e+00 -6.398138e-01 4.566698e-01
 -1.686636e+00 -7.605478e-01 6.838024e-01
 -1.359656e+00 -8.346888e-01 8.184903e-01
 -7.506456e-01 -9.303808e-01 9.757014e-01
 -1.781556e-01 -9.922898e-01 1.080359e+00
 1.924044e-01 -9.570598e-01 1.033528e+00
 5.211344e-01 -8.511938e-01 8.727297e-01
 7.575044e-01 -6.771368e-01 6.246465e-01
 8.860844e-01 -4.075248e-01 2.624053e-01
 7.840444e-01 -2.180238e-01 -8.616467e-02
 5.781544e-01 9.532317e-02 -2.842415e-01
 5.331244e-01 8.375242e-01 -4.143284e-01
 3.990744e-01 1.171783e+00 -3.684175e-01
 8.088440e-02 1.474633e+00 -3.476986e-01
 -3.161156e-01 1.617177e+00 -3.782746e-01
 -7.286556e-01 1.585047e+00 -4.046101e-01
 -1.092556e+00 1.400689e+00 -3.734028e-01
 -1.505796e+00 9.087222e-01 -2.812567e-01
 -1.801276e+00 7.381712e-01 -2.733288e-01
 -2.447176e+00 6.267982e-01 -3.464538e-01
 -2.799996e+00 3.881082e-01 -4.279545e-01
 -3.025186e+00 1.191917e-02 -4.935773e-01
 -3.072076e+00 -4.356758e-01 -5.262052e-01
 -2.922466e+00 -8.698238e-01 -5.139939e-01
 -2.596416e+00 -1.198130e+00 -4.666874e-01
 -2.151656e+00 -1.345710e+00 -4.151597e-01
 -1.684346e+00 -1.276160e+00 -3.579567e-01
 -1.301316e+00 -1.004710e+00 -2.668180e-01
 -1.102956e+00 -6.060288e-01 -1.564598e-01
 -1.111906e+00 -1.880538e-01 2.406260e-02
 -1.371046e+00 3.863422e-01 6.040826e-01
 -1.579226e+00 7.506132e-01 7.420581e-01
 -1.804966e+00 1.136701e+00 6.873684e-01
 -2.003576e+00 1.467135e+00 4.411405e-01
 -2.133146e+00 1.671142e+00 4.707127e-02
 -2.164156e+00 1.704511e+00 -4.257700e-01
 -2.096526e+00 1.573184e+00 -8.259835e-01
 -1.940846e+00 1.286509e+00 -1.141946e+00
 -1.747906e+00 9.366712e-01 -1.289399e+00
 -1.540086e+00 5.684142e-01 -1.260080e+00
 -1.271266e+00 2.119832e-01 -1.029844e+00
 -1.081236e+00 -4.854583e-02 -1.011214e+00
 -7.712556e-01 -2.387498e-01 -1.048102e+00
 -3.930956e-01 -2.984458e-01 -1.097221e+00
 6.223144e-01 -1.181118e-01 -1.275811e+00
 9.648244e-01 -2.102183e-02 -1.217702e+00
 1.277914e+00 1.025442e-01 -1.030549e+00
 1.499094e+00 2.438142e-01 -7.285156e-01
 1.580294e+00 3.648242e-01 -3.661382e-01
 1.609074e+00 3.595502e-01 -4.936236e-02
 1.729244e+00 3.542332e-01 2.218580e-01
 2.003594e+00 5.675042e-01 6.749698e-01
 2.179154e+00 5.379672e-01 1.128232e+00
 2.276904e+00 3.069372e-01 1.528511e+00
 2.269864e+00 -5.689983e-02 1.800120e+00
 2.173474e+00 -4.792488e-01 1.904556e+00
 2.027974e+00 -8.898518e-01 1.823391e+00
 1.855524e+00 -1.212520e+00 1.576375e+00
 1.697684e+00 -1.393670e+00 1.202911e+00
 1.583774e+00 -1.393790e+00 7.761553e-01
 1.558334e+00 -1.238430e+00 4.058400e-01
 1.707024e+00 -9.329398e-01 9.562770e-03
 2.205314e+00 -4.707808e-01 -2.328749e-01
 2.507944e+00 -9.684783e-02 -2.915115e-01
 2.614844e+00 3.444362e-01 -3.098769e-01
 2.525024e+00 7.863602e-01 -2.799528e-01
 2.264044e+00 1.136946e+00 -2.125224e-01
 1.917264e+00 1.335568e+00 -8.076057e-02
 1.559254e+00 1.371138e+00 9.899507e-02
 1.247024e+00 1.260804e+00 2.859958e-01
 8.703644e-01 9.088052e-01 5.458477e-01
 5.671844e-01 5.858012e-01 6.582063e-01
 7.754440e-02 9.466317e-02 6.635868e-01
 -7.408560e-02 -7.528783e-02 5.402259e-01
 -1.609656e-01 -3.187188e-01 3.072155e-01
 -1.335856e-01 -6.374228e-01 9.568527e-02
 4.875440e-02 -9.489198e-01 -8.505827e-02
 5.439544e-01 -1.359970e+00 -2.386996e-01
 1.223634e+00 -1.819940e+00 -3.690744e-01
 1.557634e+00 -1.939990e+00 -3.493220e-01
 1.945604e+00 -1.958680e+00 -2.326465e-01
 2.312324e+00 -1.828020e+00 -9.646580e-03
 2.554304e+00 -1.541880e+00 2.864588e-01
