 1.245516e+00 -5.048418e-02 -1.925688e+00
 1.431627e+00 2.570613e-01 -1.873120e+00
 1.447246e+00 7.261489e-01 -1.758841e+00
 1.241396e+00 1.140133e+00 -1.573017e+00
 8.827222e-01 1.377813e+00 -1.314804e+00
 4.650183e-01 1.384513e+00 -1.060952e+00
 1.092124e-01 1.180963e+00 -8.573062e-01
 -9.001617e-02 8.710589e-01 -7.175861e-01
 -1.624770e-01 2.189257e-01 -4.491969e-01
 -3.562434e-01 -2.141977e-01 -1.943843e-01
 -4.222663e-01 -4.208824e-01 6.294741e-02
 -3.783375e-01 -5.944720e-01 2.716708e-01
 -7.463598e-02 -9.366707e-01 7.575035e-01
 -5.243193e-02 -1.342841e+00 1.076190e+00
 -1.796269e-01 -1.839897e+00 1.177202e+00
 -3.953576e-01 -2.272780e+00 1.046807e+00
 -6.083433e-01 -2.569330e+00 7.204945e-01
 -7.757908e-01 -2.671989e+00 2.928840e-01
 -8.532473e-01 -2.586301e+00 -1.487011e-01
 -8.293097e-01 -2.336646e+00 -5.267933e-01
 -7.103687e-01 -1.957075e+00 -7.757451e-01
 -4.958200e-01 -1.526832e+00 -8.306360e-01
 -2.140838e-01 -1.197282e+00 -6.938059e-01
 3.008976e-01 -1.011637e+00 -3.573311e-01
 5.149061e-01 -7.712990e-01 -2.063070e-01
 6.165207e-01 -4.569418e-01 8.550943e-03
 5.645265e-01 -1.575633e-01 2.694022e-01
 3.378986e-01 1.131349e-01 5.076589e-01
 -4.047747e-01 6.390544e-01 7.202947e-01
 -5.775073e-01 7.802123e-01 7.973002e-01
 -8.513000e-01 9.227846e-01 8.856318e-01
 -1.278904e+00 1.048766e+00 8.230379e-01
 -1.670257e+00 1.078344e+00 5.833748e-01
 -1.946044e+00 1.016939e+00 1.722729e-01
 -2.015505e+00 8.318978e-01 -3.063394e-01
 -1.842756e+00 5.669821e-01 -7.239638e-01
 -1.453921e+00 2.911038e-01 -9.828411e-01
 -8.294410e-01 -5.516136e-02 -1.192359e+00
 -5.555343e-01 -2.042341e-01 -1.274321e+00
 1.722788e-02 -4.658188e-01 -1.349832e+00
 2.957908e-01 -5.705782e-01 -1.344121e+00
 8.686477e-01 -7.018805e-01 -1.160059e+00
 1.265950e+00 -8.403362e-01 -1.242870e+00
 1.624556e+00 -9.212118e-01 -1.515462e+00
 1.869452e+00 -8.694884e-01 -1.898457e+00
 1.961801e+00 -6.875828e-01 -2.298605e+00
 1.886922e+00 -4.157739e-01 -2.644613e+00
 1.672507e+00 -9.199082e-02 -2.866749e+00
 1.355937e+00 2.288915e-01 -2.920517e+00
 9.874931e-01 4.887171e-01 -2.783316e+00
 6.404216e-01 6.191114e-01 -2.460413e+00
 4.248100e-01 5.982921e-01 -1.981465e+00
 4.488149e-01 4.355593e-01 -1.501845e+00
 6.729446e-01 3.627546e-01 -1.176547e+00
 8.176994e-01 4.112332e-01 -9.612078e-01
 9.030894e-01 5.574388e-01 -5.888218e-01
 7.800660e-01 8.751110e-01 -5.204299e-02
 5.592251e-01 1.185139e+00 4.730321e-01
 3.801710e-01 1.305833e+00 7.967389e-01
 2.369826e-01 1.366171e+00 9.690082e-01
 2.505337e-03 1.509741e+00 1.207542e+00
 -1.236453e-01 1.637167e+00 1.612181e+00
 -1.596855e-01 1.577692e+00 2.048275e+00
 -1.331015e-01 1.382504e+00 2.389626e+00
 -1.088533e-01 1.096698e+00 2.618796e+00
 -1.068849e-01 7.501743e-01 2.735235e+00
 -1.338977e-01 3.675717e-01 2.722270e+00
 -1.936081e-01 -5.630799e-03 2.554749e+00
 -2.836479e-01 -2.949084e-01 2.227418e+00
 -3.922459e-01 -4.112165e-01 1.787511e+00
 -5.159010e-01 -3.295374e-01 1.433407e+00
 -1.115155e+00 -9.664670e-02 7.971753e-01
 -1.225639e+00 8.352629e-02 3.952968e-01
 -1.145505e+00 3.438644e-01 6.501809e-02
 -1.021068e+00 6.217522e-01 -9.812965e-02
 -9.238520e-01 1.031025e+00 -1.589043e-01
 -4.162512e-01 1.735658e+00 1.118345e-01
 5.984158e-02 2.198368e+00 4.005735e-01
 3.524451e-01 2.328449e+00 6.419837e-01
 6.160569e-01 2.317857e+00 9.334873e-01
 8.196143e-01 2.166545e+00 1.244515e+00
 9.287664e-01 1.880772e+00 1.535634e+00
 9.037509e-01 1.480222e+00 1.753693e+00
 7.175302e-01 1.036291e+00 1.827786e+00
 3.213933e-01 6.788718e-01 1.769763e+00
 -1.148361e-01 6.024575e-01 1.701255e+00
 -5.743851e-01 6.269906e-01 1.810369e+00
 -9.565987e-01 4.569960e-01 1.949954e+00
 -1.281424e+00 1.053014e-01 2.002240e+00
 -1.460506e+00 -2.903565e-01 1.919882e+00
 -1.505515e+00 -6.524195e-01 1.728998e+00
 -1.441736e+00 -9.305992e-01 1.471674e+00
 -1.130928e+00 -1.313254e+00 8.360076e-01
 -7.890359e-01 -1.603265e+00 3.553756e-01
 -5.384640e-01 -1.674662e+00 2.056399e-01
 -3.395056e-01 -1.742189e+00 1.632098e-01
 -9.560696e-02 -1.914107e+00 7.771857e-02
 1.582116e-01 -2.078137e+00 -2.212150e-01
 3.714448e-01 -2.073229e+00 -6.280473e-01
 5.906816e-01 -1.709545e+00 -1.450253e+00
 7.266299e-01 -1.362800e+00 -1.965957e+00
 8.382436e-01 -9.576506e-01 -2.196973e+00
 9.454770e-01 -4.982495e-01 -2.200775e+00
 1.071195e+00 -2.190031e-01 -2.036858e+00
