 -1.888650e+00 -5.901862e-01 -1.547935e+00
 -1.748964e+00 -7.745454e-01 -1.182577e+00
 -1.551829e+00 -7.859776e-01 -7.994469e-01
 -1.353846e+00 -6.290299e-01 -4.833015e-01
 -1.241617e+00 -3.565287e-01 -2.477750e-01
 -1.296585e+00 4.020399e-01 1.324471e-01
 -9.659074e-01 9.513822e-01 2.865559e-01
 -3.512352e-01 1.197236e+00 3.052024e-01
 2.378529e-01 1.062492e+00 2.630690e-01
 7.062280e-01 5.611653e-01 3.245006e-01
 8.474278e-01 -2.212886e-02 5.120512e-01
 6.193821e-01 -6.307662e-01 5.041026e-01
 5.781517e-01 -9.417693e-01 5.511357e-01
 6.682216e-01 -1.290124e+00 7.116510e-01
 8.461295e-01 -1.554001e+00 9.917794e-01
 1.008715e+00 -1.661267e+00 1.362825e+00
 1.132028e+00 -1.604671e+00 1.754453e+00
 1.217607e+00 -1.391884e+00 2.098278e+00
 1.261710e+00 -1.055968e+00 2.336464e+00
 1.254599e+00 -6.524602e-01 2.429986e+00
 1.194594e+00 -2.476320e-01 2.364229e+00
 1.089350e+00 8.966665e-02 2.151984e+00
 7.630929e-01 5.285814e-01 1.516560e+00
 4.744690e-01 7.333330e-01 1.302564e+00
 1.371268e-01 9.237818e-01 1.258589e+00
 -3.209999e-01 9.525403e-01 1.274945e+00
 -7.529010e-01 7.456994e-01 1.254157e+00
 -1.032725e+00 4.104615e-01 1.175366e+00
 -1.145600e+00 1.706504e-02 1.043478e+00
 -1.087359e+00 -3.539635e-01 8.616435e-01
 -8.963837e-01 -6.217217e-01 6.661901e-01
 -7.360567e-01 -7.561065e-01 5.261212e-01
 -5.497473e-01 -8.363675e-01 3.182921e-01
 -3.515577e-01 -8.514508e-01 8.350687e-02
 -7.933246e-02 -7.755508e-01 -2.121937e-01
 8.768916e-02 -6.764207e-01 -3.492908e-01
 2.577746e-01 -5.434969e-01 -4.314285e-01
 4.804580e-01 -3.309278e-01 -4.657606e-01
 6.882262e-01 -2.242820e-01 -4.955460e-01
 1.293211e+00 -8.001989e-02 -4.680896e-01
 1.650135e+00 1.459290e-01 -5.626241e-01
 1.880371e+00 4.568095e-01 -7.541499e-01
 1.942781e+00 7.969415e-01 -1.005881e+00
 1.828312e+00 1.110261e+00 -1.260912e+00
 1.563965e+00 1.345687e+00 -1.484259e+00
 1.193860e+00 1.456755e+00 -1.653260e+00
 7.800953e-01 1.424081e+00 -1.735511e+00
 3.937740e-01 1.251082e+00 -1.717463e+00
 1.140138e-01 9.653292e-01 -1.617244e+00
 -1.731368e-02 5.945481e-01 -1.484965e+00
 2.707815e-02 1.743207e-01 -1.331441e+00
 2.775332e-01 -3.774389e-01 -1.457196e+00
 5.224327e-01 -6.373690e-01 -1.442318e+00
 8.060438e-01 -9.084278e-01 -1.251411e+00
 1.053417e+00 -1.086553e+00 -9.195593e-01
 1.253548e+00 -1.134669e+00 -5.358044e-01
 1.603778e+00 -9.215872e-01 4.097551e-01
 1.579360e+00 -8.114991e-01 8.399860e-01
 1.405604e+00 -7.137357e-01 1.180240e+00
 1.136896e+00 -6.360473e-01 1.393160e+00
 8.721155e-01 -6.487249e-01 1.480963e+00
 6.913966e-01 -7.016943e-01 1.552070e+00
 5.015430e-01 -8.034465e-01 1.601849e+00
 3.533439e-01 -9.083305e-01 1.612741e+00
 1.795506e-01 -9.964479e-01 1.591411e+00
 -9.561626e-01 -1.286189e+00 1.419149e+00
 -1.164992e+00 -1.307093e+00 1.351908e+00
 -1.367315e+00 -1.294972e+00 1.249901e+00
 -1.546734e+00 -1.249386e+00 1.122990e+00
 -1.696057e+00 -1.172399e+00 9.802470e-01
 -1.810870e+00 -1.067979e+00 8.308934e-01
 -2.244880e+00 -3.667088e-01 -2.006325e-02
 -2.257047e+00 -1.607840e-01 -3.165939e-01
 -2.150086e+00 2.341407e-02 -5.935404e-01
 -1.936041e+00 1.720947e-01 -8.270762e-01
 -1.663078e+00 2.392349e-01 -9.833605e-01
 -1.446217e+00 2.111370e-01 -1.063660e+00
 -1.256645e+00 1.235629e-01 -1.168748e+00
 -1.054800e+00 4.537185e-02 -1.388077e+00
 -7.791284e-01 -2.189006e-02 -1.920068e+00
 -5.529998e-01 -1.738787e-02 -2.154714e+00
 -2.707429e-01 2.110769e-02 -2.312321e+00
 3.546113e-02 9.432791e-02 -2.379151e+00
 3.240441e-01 1.819607e-01 -2.350448e+00
 5.932661e-01 2.592969e-01 -2.230053e+00
 8.110538e-01 3.250756e-01 -2.032458e+00
 9.508098e-01 3.834871e-01 -1.778715e+00
 1.013302e+00 4.652804e-01 -1.456015e+00
 9.821082e-01 5.345879e-01 -1.244583e+00
 9.198887e-01 6.569004e-01 -1.072867e+00
 9.243106e-01 8.368382e-01 -8.490091e-01
 1.166969e+00 1.330883e+00 -2.232967e-01
 1.203184e+00 1.447631e+00 1.341136e-02
 1.190027e+00 1.520294e+00 2.686468e-01
 8.906760e-01 1.638233e+00 1.522782e+00
 7.324609e-01 1.548067e+00 1.867557e+00
 5.240352e-01 1.349152e+00 2.128583e+00
 2.984362e-01 1.066654e+00 2.271120e+00
 8.782448e-02 7.472396e-01 2.271698e+00
 -6.122181e-02 4.228968e-01 2.139875e+00
 -1.186427e-01 1.499494e-01 1.911084e+00
 -1.665348e-01 -4.979914e-02 1.537360e+00
 -1.065726e-01 -8.934858e-02 1.110285e+00
 -1.520537e-01 7.391810e-02 7.546074e-01
 -2.777197e-01 1.387613e-01 2.689136e-01
 -2.733310e-01 1.872269e-01 1.794164e-02
 -2.997271e-01 2.808455e-01 -2.164537e-01
 -4.090778e-01 4.443744e-01 -4.584305e-01
 -6.962962e-01 8.893496e-01 -7.929541e-01
 -8.729348e-01 1.077352e+00 -1.150709e+00
 -1.142005e+00 1.081361e+00 -1.534752e+00
 -1.448081e+00 8.946541e-01 -1.834845e+00
 -1.723771e+00 5.614371e-01 -1.988092e+00
 -1.892847e+00 1.478819e-01 -1.986263e+00
 -1.939626e+00 -2.598724e-01 -1.838599e+00
