 1.137104e+00 -1.099696e+00 1.720846e+00
 1.001838e+00 -1.314616e+00 1.444088e+00
 7.673809e-01 -1.426663e+00 1.168361e+00
 4.475061e-01 -1.451071e+00 9.684159e-01
 1.975971e-01 -1.444659e+00 9.219629e-01
 -3.311877e-02 -1.481697e+00 8.978318e-01
 -3.011894e-01 -1.531284e+00 7.672950e-01
 -7.432809e-01 -1.435601e+00 4.880798e-01
 -1.436370e+00 -1.033292e+00 2.397489e-02
 -1.604822e+00 -8.264053e-01 -1.923791e-01
 -1.666435e+00 -6.032715e-01 -4.486236e-01
 -1.611543e+00 -3.864426e-01 -7.245888e-01
 -1.452723e+00 -2.015992e-01 -9.568881e-01
 -1.198903e+00 -4.957045e-02 -1.129066e+00
 -9.053324e-01 2.950117e-02 -1.213326e+00
 -6.332604e-01 1.062703e-02 -1.242738e+00
 -3.520732e-01 -1.166583e-01 -1.312727e+00
 3.106494e-02 -2.894928e-01 -1.629749e+00
 3.055951e-01 -4.473290e-01 -1.736272e+00
 5.937464e-01 -6.223578e-01 -1.733734e+00
 8.603353e-01 -7.950246e-01 -1.621796e+00
 1.074698e+00 -9.444475e-01 -1.414652e+00
 1.230659e+00 -1.047047e+00 -1.122290e+00
 1.303030e+00 -1.075335e+00 -8.029284e-01
 1.277281e+00 -1.049755e+00 -4.728981e-01
 1.148603e+00 -9.867830e-01 -1.675274e-01
 9.348586e-01 -8.918100e-01 7.332403e-02
 6.683583e-01 -8.121484e-01 2.198857e-01
 2.282476e-01 -6.625967e-01 2.850403e-01
 2.174587e-02 -6.163072e-01 3.799995e-01
 -2.890749e-01 -5.063460e-01 6.220983e-01
 -7.035658e-01 -4.454731e-01 7.831312e-01
 -1.080083e+00 -3.758778e-01 8.013402e-01
 -1.387612e+00 -2.383701e-01 7.333858e-01
 -1.627296e+00 -2.390390e-02 6.083166e-01
 -1.769363e+00 2.414801e-01 4.451411e-01
 -1.799992e+00 5.271691e-01 2.624153e-01
 -1.717696e+00 8.005284e-01 8.072457e-02
 -1.533386e+00 1.031919e+00 -8.002790e-02
 -1.273146e+00 1.193676e+00 -2.006710e-01
 -9.638466e-01 1.290701e+00 -2.495499e-01
 -6.344458e-01 1.324868e+00 -2.099182e-01
 -3.246356e-01 1.312541e+00 -6.760689e-02
 -1.187461e-01 1.298465e+00 1.392964e-01
 6.394309e-02 1.386467e+00 3.702326e-01
 3.256001e-01 1.554533e+00 5.342978e-01
 6.204785e-01 1.716916e+00 5.808110e-01
 9.568383e-01 1.826334e+00 5.205466e-01
 1.275673e+00 1.852631e+00 3.667971e-01
 1.539363e+00 1.789952e+00 1.529288e-01
 1.733643e+00 1.635896e+00 -8.556305e-02
 1.837367e+00 1.411101e+00 -3.177134e-01
 1.843095e+00 1.141758e+00 -5.179434e-01
 1.753694e+00 8.573905e-01 -6.651165e-01
 1.581219e+00 5.872500e-01 -7.445536e-01
 7.250983e-01 -2.418235e-01 -7.591742e-01
 5.727957e-01 -3.653966e-01 -7.439044e-01
 4.377137e-01 -5.311186e-01 -7.321654e-01
 3.398566e-01 -7.174398e-01 -7.487901e-01
 2.896396e-01 -1.001492e+00 -7.165675e-01
 2.431252e-01 -1.309018e+00 -5.671069e-01
 2.890352e-01 -2.259146e+00 3.113015e-01
 2.808212e-01 -2.424832e+00 6.439334e-01
 2.478283e-01 -2.461642e+00 1.015057e+00
 1.940537e-01 -2.361801e+00 1.374548e+00
 1.349117e-01 -2.135021e+00 1.673317e+00
 9.134021e-02 -1.807791e+00 1.870687e+00
 7.374698e-02 -1.425334e+00 1.934877e+00
 9.086482e-02 -1.049705e+00 1.855638e+00
 1.722198e-01 -7.306322e-01 1.655600e+00
 3.564622e-01 -5.033845e-01 1.391296e+00
 5.660368e-01 -4.231075e-01 1.209045e+00
 8.182425e-01 -3.299410e-01 1.096746e+00
 1.115008e+00 -2.578187e-02 8.044991e-01
 1.235611e+00 4.190711e-01 4.775889e-01
 1.136487e+00 7.787270e-01 2.118021e-01
 8.930020e-01 1.057388e+00 -1.449438e-01
 8.173170e-01 1.233078e+00 -3.111393e-01
 6.991539e-01 1.525945e+00 -4.266511e-01
 5.439680e-01 1.822317e+00 -4.348181e-01
 3.219763e-01 2.083457e+00 -3.467008e-01
 6.062214e-02 2.257668e+00 -1.769051e-01
 -2.064454e-01 2.321283e+00 5.042292e-02
 -4.633769e-01 2.259760e+00 2.891083e-01
 -6.798004e-01 2.078321e+00 5.110200e-01
 -8.268920e-01 1.796482e+00 6.885301e-01
 -9.054755e-01 1.449374e+00 7.750876e-01
 -9.036286e-01 1.090149e+00 7.577094e-01
 -8.431024e-01 7.470249e-01 6.196662e-01
 -7.818506e-01 5.195162e-01 3.986500e-01
 -7.938261e-01 3.941125e-01 2.007236e-01
 -8.160711e-01 2.868228e-01 7.438104e-02
 -8.157960e-01 1.660095e-01 -2.405306e-02
 -7.639677e-01 -7.063331e-02 -1.758066e-01
 -6.584372e-01 -4.751762e-01 -3.584264e-01
 -6.442916e-01 -6.680204e-01 -4.960160e-01
 -7.009830e-01 -8.415127e-01 -6.779911e-01
 -7.792035e-01 -9.678631e-01 -9.525994e-01
 -8.499769e-01 -9.995986e-01 -1.242539e+00
 -9.049126e-01 -9.420941e-01 -1.532359e+00
 -9.305092e-01 -7.994869e-01 -1.802313e+00
 -9.217077e-01 -5.809769e-01 -2.027769e+00
 -8.801736e-01 -3.142441e-01 -2.176390e+00
 -7.886742e-01 -2.735243e-02 -2.246425e+00
 -6.536067e-01 2.489356e-01 -2.231671e+00
 -4.925587e-01 4.954346e-01 -2.128864e+00
 -3.263774e-01 6.885875e-01 -1.946150e+00
 -1.759134e-01 8.114209e-01 -1.699095e+00
 -5.344218e-02 8.506480e-01 -1.412462e+00
 3.175985e-02 8.014187e-01 -1.114610e+00
 1.407376e-01 3.941474e-01 -2.306131e-01
 2.017919e-01 3.327142e-01 7.214858e-02
 2.122386e-01 3.834889e-01 4.187072e-01
 1.954874e-01 4.261897e-01 6.291072e-01
 2.653551e-01 5.540929e-01 1.038829e+00
 4.348395e-01 5.665062e-01 1.435582e+00
 6.222454e-01 4.529668e-01 1.738031e+00
 8.173401e-01 2.258798e-01 1.963293e+00
 9.947731e-01 -8.456519e-02 2.079476e+00
 1.123109e+00 -4.388801e-01 2.072676e+00
 1.175762e+00 -7.929003e-01 1.946214e+00
