 1.495230e+00 -3.678634e-01 8.720529e-01
 1.457011e+00 -5.224961e-01 1.076904e+00
 1.332268e+00 -6.353138e-01 1.385657e+00
 1.136073e+00 -6.485227e-01 1.652440e+00
 8.546772e-01 -5.780719e-01 1.874789e+00
 5.372178e-01 -4.394338e-01 1.990983e+00
 2.169848e-01 -2.627359e-01 1.981951e+00
 -5.565111e-02 -5.535701e-02 1.855422e+00
 -2.450626e-01 1.664951e-01 1.630222e+00
 -3.274519e-01 3.673989e-01 1.335915e+00
 -2.627664e-01 6.413452e-01 7.968145e-01
 -3.423029e-01 8.607204e-01 5.045599e-01
 -4.800719e-01 1.074292e+00 3.579454e-01
 -7.598380e-01 1.259053e+00 2.183265e-01
 -1.161939e+00 1.296425e+00 3.896163e-02
 -2.312993e+00 8.223779e-01 -4.065523e-01
 -2.553065e+00 6.153985e-01 -5.604014e-01
 -2.692137e+00 3.550823e-01 -7.272998e-01
 -2.726614e+00 6.422191e-02 -8.816905e-01
 -2.658279e+00 -2.354549e-01 -1.004398e+00
 -2.495004e+00 -5.127234e-01 -1.081198e+00
 -2.254427e+00 -7.390173e-01 -1.102764e+00
 -1.962264e+00 -8.908939e-01 -1.065439e+00
 -1.650967e+00 -9.523050e-01 -9.720477e-01
 -1.282275e+00 -9.169128e-01 -7.817405e-01
 -9.244863e-01 -7.663336e-01 -4.490760e-01
 -7.479363e-01 -6.844898e-01 -2.347379e-01
 -3.438327e-01 -5.397629e-01 -2.559412e-02
 -8.258373e-03 -1.058473e-01 9.539016e-02
 2.302266e-01 1.204794e-01 8.478911e-02
 6.185151e-01 2.401855e-01 6.672205e-02
 9.082075e-01 2.636777e-01 -6.844650e-02
 1.182682e+00 2.424348e-01 -3.035130e-01
 1.412201e+00 4.730012e-02 -6.542714e-01
 1.498773e+00 -2.823110e-01 -9.596419e-01
 1.438873e+00 -7.080426e-01 -1.140132e+00
 1.211074e+00 -1.127267e+00 -1.178553e+00
 8.613909e-01 -1.436607e+00 -1.068697e+00
 4.745676e-01 -1.568710e+00 -8.345883e-01
 -2.987429e-02 -1.457424e+00 -4.683525e-01
 -5.228418e-01 -1.680585e+00 -1.677822e-01
 -8.671118e-01 -1.671404e+00 3.884868e-02
 -1.212323e+00 -1.513863e+00 1.884555e-01
 -1.525947e+00 -1.219330e+00 2.474609e-01
 -1.741250e+00 -8.655405e-01 1.839767e-01
 -1.846145e+00 -5.049127e-01 -1.257683e-03
 -1.843459e+00 -1.460489e-01 -3.529644e-01
 -1.731340e+00 2.602921e-02 -6.686713e-01
 -1.706601e+00 1.104522e-01 -8.154630e-01
 -1.657832e+00 3.266996e-01 -1.023498e+00
 -1.505589e+00 5.777728e-01 -1.202127e+00
 -1.257985e+00 7.878981e-01 -1.331512e+00
 -9.826570e-02 1.308678e+00 -1.566415e+00
 2.845691e-01 1.420276e+00 -1.489355e+00
 6.159507e-01 1.475698e+00 -1.268553e+00
 8.528022e-01 1.447139e+00 -9.490079e-01
 9.493421e-01 1.366097e+00 -5.772961e-01
 8.869866e-01 1.268198e+00 -1.918870e-01
 7.374126e-01 1.251291e+00 5.803462e-02
 6.250808e-01 1.299634e+00 2.602605e-01
 3.479127e-01 1.563642e+00 7.789411e-01
 4.482837e-02 1.632011e+00 1.060372e+00
 -3.301954e-01 1.584675e+00 1.241015e+00
 -7.130693e-01 1.433305e+00 1.289370e+00
 -1.062869e+00 1.168746e+00 1.204439e+00
 -1.248403e+00 8.702400e-01 1.035231e+00
 -1.295509e+00 5.458339e-01 7.513975e-01
 -1.207112e+00 3.237470e-01 4.125453e-01
 -1.056058e+00 2.542164e-01 1.201501e-01
 -8.639571e-01 3.435018e-01 -2.728240e-01
 -7.430467e-01 2.808496e-01 -5.669579e-01
 -6.178033e-01 3.488871e-02 -1.001920e+00
 -5.180414e-01 -2.853787e-01 -1.255506e+00
 -4.468480e-01 -6.808495e-01 -1.379405e+00
 -4.890491e-01 -1.625183e+00 -1.374874e+00
 -4.561482e-01 -1.932023e+00 -1.284115e+00
 -3.628675e-01 -2.195568e+00 -1.123448e+00
 -2.180503e-01 -2.387532e+00 -9.130916e-01
 -4.547787e-02 -2.489576e+00 -6.695640e-01
 1.287995e-01 -2.492465e+00 -4.119547e-01
 2.871440e-01 -2.397208e+00 -1.554611e-01
 4.019336e-01 -2.216791e+00 7.931403e-02
 4.598165e-01 -1.970574e+00 2.698773e-01
 4.572824e-01 -1.120100e+00 6.417089e-01
 4.527525e-01 -3.842893e-01 9.464762e-01
 4.847273e-01 -2.264658e-01 9.942175e-01
 5.896472e-01 2.213236e-02 1.067258e+00
 7.086999e-01 2.015748e-01 1.216522e+00
 9.931776e-01 3.478782e-01 1.436419e+00
 1.398428e+00 3.670325e-01 1.609724e+00
 1.792813e+00 2.718519e-01 1.634806e+00
 2.172547e+00 9.304161e-02 1.497057e+00
 2.421249e+00 -1.231327e-01 1.249914e+00
 2.522430e+00 -3.613430e-01 9.294765e-01
 2.459619e+00 -5.835110e-01 5.887271e-01
 2.243204e+00 -7.544737e-01 2.835611e-01
 1.910028e+00 -8.470044e-01 6.503182e-02
 1.039287e+00 -8.079987e-01 -1.825288e-01
 7.120243e-01 -6.754791e-01 -3.840474e-01
 5.440773e-01 -5.230854e-01 -6.491368e-01
 4.360345e-01 -2.335753e-01 -8.581459e-01
 3.815399e-01 1.464325e-01 -9.407641e-01
 3.024541e-01 4.650033e-01 -8.856842e-01
 -3.227170e-02 1.032542e+00 -5.682594e-01
 -8.766462e-02 1.347932e+00 -5.388926e-01
 -2.084617e-02 1.706972e+00 -4.474066e-01
 1.729179e-01 2.005987e+00 -3.377969e-01
 4.546654e-01 2.205430e+00 -1.837190e-01
 7.726709e-01 2.273625e+00 -1.215648e-02
 1.071792e+00 2.212903e+00 1.659735e-01
 1.322336e+00 2.042718e+00 3.288367e-01
 1.504810e+00 1.789046e+00 4.537588e-01
 1.603149e+00 1.483529e+00 5.331931e-01
 1.646504e+00 2.593509e-01 6.194901e-01
 1.550058e+00 -6.419849e-02 6.708988e-01
