 -4.021224e-01 -7.637881e-01 -1.848175e+00
 -1.127014e-01 -9.783360e-01 -1.871648e+00
 7.929491e-01 -1.260734e+00 -2.034152e+00
 1.140761e+00 -1.327679e+00 -1.981564e+00
 1.483189e+00 -1.355525e+00 -1.795476e+00
 1.756673e+00 -1.325849e+00 -1.474517e+00
 1.887948e+00 -1.222715e+00 -1.062150e+00
 1.822537e+00 -1.088361e+00 -6.350588e-01
 1.607775e+00 -9.827362e-01 -3.462886e-01
 1.371487e+00 -1.001407e+00 -1.782447e-01
 1.188131e+00 -1.081269e+00 2.140809e-02
 8.498412e-01 -1.452262e+00 5.975439e-01
 5.468330e-01 -1.519811e+00 9.021366e-01
 2.031624e-01 -1.424108e+00 1.142464e+00
 -1.194388e-01 -1.193476e+00 1.278338e+00
 -5.383866e-01 -6.461608e-01 1.315479e+00
 -8.601165e-01 -8.856485e-02 1.316679e+00
 -9.239071e-01 2.752467e-01 1.322092e+00
 -8.557736e-01 7.673249e-01 1.257250e+00
 -9.212031e-01 1.039500e+00 1.206929e+00
 -1.067227e+00 1.287229e+00 1.130440e+00
 -1.217843e+00 1.487337e+00 9.432912e-01
 -1.384077e+00 1.641864e+00 5.916254e-01
 -1.495849e+00 1.653533e+00 2.134378e-01
 -1.529850e+00 1.524655e+00 -1.803256e-01
 -1.469888e+00 1.258410e+00 -5.169259e-01
 -1.313947e+00 8.629232e-01 -7.352255e-01
 -1.006286e+00 1.410776e-01 -9.606628e-01
 -9.580041e-01 -1.035075e-01 -1.006274e+00
 -9.579299e-01 -2.892011e-01 -1.009575e+00
 -1.026563e+00 -6.053748e-01 -1.006990e+00
 -1.208029e+00 -9.683381e-01 -1.207420e+00
 -1.290492e+00 -1.253965e+00 -1.639637e+00
 -1.208961e+00 -1.348554e+00 -2.122526e+00
 -9.744854e-01 -1.277410e+00 -2.534700e+00
 -6.637528e-01 -1.076184e+00 -2.795557e+00
 -3.372328e-01 -8.096809e-01 -2.878615e+00
 -5.039074e-02 -5.224178e-01 -2.794830e+00
 1.615136e-01 -2.676183e-01 -2.569203e+00
 2.925547e-01 -9.688970e-02 -2.235571e+00
 3.219562e-01 -3.057978e-02 -1.828348e+00
 2.225259e-01 -7.279001e-02 -1.425621e+00
 8.670523e-02 -2.238330e-01 -1.149304e+00
 -2.293361e-02 -6.430396e-01 -7.752187e-01
 5.859098e-02 -8.424368e-01 -3.903343e-01
 1.266355e-01 -8.633726e-01 -5.958373e-04
 1.596370e-01 -7.257367e-01 3.542103e-01
 3.027591e-01 -5.666893e-01 5.924641e-01
 7.709194e-01 -4.111097e-01 9.613841e-01
 1.032191e+00 -9.729462e-02 1.152241e+00
 1.118742e+00 3.339133e-01 1.306565e+00
 9.780765e-01 7.814319e-01 1.471242e+00
 7.339156e-01 1.068472e+00 1.531503e+00
 4.045638e-01 1.214491e+00 1.547136e+00
 4.833206e-02 1.232963e+00 1.652964e+00
 -3.829003e-01 1.252661e+00 2.043991e+00
 -7.061462e-01 1.190462e+00 2.192384e+00
 -1.060698e+00 1.097938e+00 2.216284e+00
 -1.398565e+00 9.863593e-01 2.109647e+00
 -1.679579e+00 8.657867e-01 1.874515e+00
 -1.859241e+00 7.481169e-01 1.518222e+00
 -1.886553e+00 6.696199e-01 1.112780e+00
 -1.733526e+00 6.155382e-01 7.174236e-01
 -1.394389e+00 6.276344e-01 3.835897e-01
 -1.071670e+00 7.170756e-01 2.576888e-01
 -7.337666e-01 9.247370e-01 1.994171e-01
 -4.003625e-01 1.284045e+00 3.326242e-01
 -6.967857e-02 1.917874e+00 8.962396e-01
 6.181858e-02 2.153262e+00 1.209767e+00
 1.950123e-01 2.242507e+00 1.553344e+00
 3.278960e-01 2.188787e+00 1.912432e+00
 4.434910e-01 1.992887e+00 2.232775e+00
 5.270406e-01 1.677134e+00 2.463077e+00
 5.624912e-01 1.283942e+00 2.563207e+00
 5.090137e-01 8.805146e-01 2.524323e+00
 3.838160e-01 5.231364e-01 2.334593e+00
 2.367565e-01 2.626048e-01 1.967891e+00
 1.027642e-01 2.085913e-01 1.533594e+00
 8.405957e-02 3.177255e-01 1.173284e+00
 1.861159e-01 4.995670e-01 8.464201e-01
 5.018616e-01 8.563887e-01 5.077357e-01
 7.051461e-01 9.963348e-01 2.076140e-01
 8.917978e-01 1.020413e+00 -1.556986e-01
 1.028824e+00 9.169595e-01 -4.686370e-01
 1.127525e+00 7.075085e-01 -7.327708e-01
 1.176454e+00 4.310242e-01 -9.114651e-01
 1.179699e+00 1.751641e-01 -9.880937e-01
 1.111377e+00 -3.771667e-01 -1.050831e+00
 9.611335e-01 -7.766266e-01 -1.104347e+00
 8.354665e-01 -1.111890e+00 -1.030494e+00
 8.839417e-01 -1.479643e+00 -9.431980e-01
 1.089737e+00 -1.823020e+00 -7.251477e-01
 1.391758e+00 -2.003185e+00 -4.206401e-01
 1.696433e+00 -1.978570e+00 -7.714053e-02
 1.933803e+00 -1.767000e+00 2.409715e-01
 2.051986e+00 -1.410693e+00 4.845461e-01
 2.047437e+00 -9.852551e-01 5.963973e-01
 1.927367e+00 -5.778848e-01 5.676422e-01
 1.729475e+00 -2.646730e-01 4.250713e-01
 1.486943e+00 -8.807361e-02 2.449154e-01
 6.126398e-01 3.513650e-02 -1.555018e-01
 3.610941e-01 1.215099e-01 -1.848224e-01
 6.189998e-02 1.665606e-01 -1.414508e-01
 -2.386971e-01 1.067630e-01 -9.567328e-02
 -7.547882e-01 -2.083072e-01 -1.265227e-02
 -1.155829e+00 -2.733756e-01 -4.027561e-03
 -1.590084e+00 -2.415109e-01 -1.919225e-01
 -1.897191e+00 -2.145627e-01 -5.759402e-01
 -1.986806e+00 -1.893833e-01 -1.045026e+00
 -1.862359e+00 -1.910151e-01 -1.491919e+00
 -1.569454e+00 -2.187229e-01 -1.829041e+00
 -1.180769e+00 -2.816188e-01 -2.008077e+00
 -7.944522e-01 -4.050498e-01 -2.009992e+00
 -5.600832e-01 -5.566095e-01 -1.907989e+00
