 -1.049282e+00 -1.819203e+00 8.946735e-01
 -1.241046e+00 -1.821295e+00 5.605255e-01
 -1.345851e+00 -1.711644e+00 2.163352e-01
 -1.369782e+00 -1.500601e+00 -8.910634e-02
 -1.302004e+00 -1.218897e+00 -3.199375e-01
 -1.176115e+00 -9.077711e-01 -4.316867e-01
 -1.042602e+00 -6.288255e-01 -4.203586e-01
 -9.704038e-01 -3.927269e-01 -3.189025e-01
 -9.298455e-01 -3.126047e-04 -6.373442e-02
 -7.578891e-01 3.301001e-01 4.752620e-02
 -4.545271e-01 5.801899e-01 1.246587e-01
 1.578371e-02 7.609103e-01 1.014438e-01
 2.230580e-01 9.789601e-01 1.028574e-01
 4.217306e-01 1.238100e+00 2.341672e-01
 5.913796e-01 1.439532e+00 4.925252e-01
 7.413895e-01 1.522944e+00 8.473749e-01
 8.660561e-01 1.450058e+00 1.234559e+00
 9.424645e-01 1.246642e+00 1.551565e+00
 9.663363e-01 9.359044e-01 1.780166e+00
 9.401736e-01 5.641836e-01 1.883246e+00
 8.926618e-01 1.838068e-01 1.841211e+00
 8.522041e-01 -1.360804e-01 1.661673e+00
 8.748208e-01 -3.571886e-01 1.382730e+00
 9.512881e-01 -4.657616e-01 1.127875e+00
 1.203589e+00 -6.053190e-01 8.798591e-01
 1.615857e+00 -6.750508e-01 6.610404e-01
 1.894381e+00 -6.241745e-01 3.799595e-01
 2.043816e+00 -5.249851e-01 6.569865e-03
 2.029440e+00 -3.978532e-01 -3.851941e-01
 1.856253e+00 -2.652838e-01 -7.315141e-01
 1.555913e+00 -1.500761e-01 -9.779494e-01
 1.178414e+00 -7.077413e-02 -1.089663e+00
 7.830681e-01 -1.027559e-02 -1.051369e+00
 4.916085e-01 2.957402e-02 -8.907113e-01
 2.150201e-01 2.006611e-02 -5.849352e-01
 6.083033e-02 -1.950123e-01 -3.079745e-01
 4.543426e-02 -2.798247e-01 -1.167204e-01
 5.203597e-02 -3.001820e-01 3.719599e-02
 5.930552e-02 -2.831284e-01 4.107600e-01
 3.736982e-02 -2.968904e-01 6.255497e-01
 -1.265184e-01 -3.727191e-01 1.261174e+00
 -1.229899e-01 -4.530061e-01 1.606776e+00
 -8.763209e-02 -6.335866e-01 1.899724e+00
 -5.128967e-02 -9.081434e-01 2.119235e+00
 -1.308475e-02 -1.246077e+00 2.233021e+00
 1.743243e-02 -1.606510e+00 2.220793e+00
 4.975368e-02 -1.934145e+00 2.081945e+00
 8.085519e-02 -2.196417e+00 1.832468e+00
 9.089740e-02 -2.358536e+00 1.496720e+00
 6.127842e-02 -2.395131e+00 1.126927e+00
 -6.611800e-03 -2.299731e+00 7.702092e-01
 -1.053392e-01 -2.075479e+00 4.691335e-01
 -2.239112e-01 -1.749029e+00 2.819647e-01
 -3.704710e-01 -1.379471e+00 2.428759e-01
 -5.282957e-01 -1.098048e+00 3.399901e-01
 -7.694879e-01 -9.079734e-01 5.205732e-01
 -1.014169e+00 -8.256967e-01 6.060387e-01
 -1.342064e+00 -7.286764e-01 5.823181e-01
 -1.651359e+00 -6.024089e-01 4.278423e-01
 -1.881128e+00 -4.504196e-01 1.533138e-01
 -1.985238e+00 -2.931499e-01 -1.939476e-01
 -1.865649e+00 1.068125e-01 -1.349418e+00
 -1.718733e+00 3.011474e-01 -1.653017e+00
 -1.496130e+00 5.075116e-01 -1.844609e+00
 -1.238268e+00 7.173260e-01 -1.915388e+00
 -1.016081e+00 8.943029e-01 -1.872551e+00
 -8.592171e-01 1.078751e+00 -1.747542e+00
 -7.815093e-01 1.278142e+00 -1.663735e+00
 -6.463749e-01 1.505820e+00 -1.647186e+00
 -4.911007e-01 1.646519e+00 -1.637741e+00
 -2.529904e-01 1.766253e+00 -1.592422e+00
 3.232737e-02 1.818117e+00 -1.500023e+00
 3.195584e-01 1.797206e+00 -1.338301e+00
 5.540655e-01 1.694641e+00 -1.158360e+00
 7.356677e-01 1.513351e+00 -9.749511e-01
 1.035375e+00 8.395675e-01 -4.850223e-01
 1.105783e+00 5.070484e-01 -2.281001e-01
 1.118848e+00 2.383454e-01 -1.103777e-01
 1.102804e+00 -4.923883e-02 -6.587017e-02
 1.060620e+00 -2.356546e-01 -7.819220e-02
 1.026002e+00 -4.969298e-01 -1.676090e-01
 9.493563e-01 -6.970096e-01 -3.104973e-01
 7.778550e-01 -8.799064e-01 -5.133067e-01
 5.718340e-01 -9.691132e-01 -7.170463e-01
 3.275875e-01 -9.757528e-01 -9.012036e-01
 7.301596e-02 -8.950612e-01 -1.053057e+00
 -1.702209e-01 -7.285957e-01 -1.167289e+00
 -3.835478e-01 -4.905950e-01 -1.224985e+00
 -6.507503e-01 -3.121264e-02 -1.202111e+00
 -7.861336e-01 1.763418e-01 -1.133032e+00
 -1.070973e+00 5.721396e-01 -8.934242e-01
 -1.275816e+00 8.014008e-01 -8.695064e-01
 -1.493364e+00 1.021818e+00 -9.554622e-01
 -1.677500e+00 1.262795e+00 -1.165304e+00
 -1.766623e+00 1.467164e+00 -1.465832e+00
 -1.729769e+00 1.625128e+00 -1.805874e+00
 -1.575514e+00 1.709517e+00 -2.136068e+00
 -1.321887e+00 1.708811e+00 -2.415624e+00
 -1.001035e+00 1.619753e+00 -2.605334e+00
 -6.540876e-01 1.463752e+00 -2.669979e+00
 -3.228428e-01 1.283005e+00 -2.590542e+00
 -5.463659e-02 1.096646e+00 -2.375771e+00
 9.999916e-02 9.257407e-01 -2.062215e+00
 1.329169e-01 8.230832e-01 -1.695578e+00
 5.693626e-02 8.016687e-01 -1.359036e+00
 -8.264793e-02 9.092340e-01 -9.948412e-01
 -4.198821e-01 1.368963e+00 -6.053874e-01
 -5.260570e-01 1.558196e+00 -2.860049e-01
 -5.649251e-01 1.629256e+00 9.881568e-02
 -5.332540e-01 1.567346e+00 4.785886e-01
 -4.195810e-01 1.392441e+00 8.050061e-01
 -2.260571e-01 1.126878e+00 1.031391e+00
 2.454528e-02 8.353487e-01 1.116093e+00
 2.859811e-01 6.182422e-01 1.071926e+00
 5.306514e-01 5.184468e-01 9.507727e-01
 7.386356e-01 5.005919e-01 8.649603e-01
 1.019929e+00 5.093825e-01 8.470889e-01
 1.334952e+00 4.592010e-01 9.408900e-01
 1.628788e+00 3.066807e-01 1.133763e+00
 1.811879e+00 7.439260e-02 1.362461e+00
 1.871541e+00 -1.752352e-01 1.544161e+00
 1.844021e+00 -4.743815e-01 1.672075e+00
 1.713116e+00 -8.009859e-01 1.749554e+00
 1.498707e+00 -1.074225e+00 1.753725e+00
 1.221960e+00 -1.278265e+00 1.684333e+00
 9.105999e-01 -1.383017e+00 1.562340e+00
 3.156272e-01 -1.368285e+00 1.267706e+00
 -3.579709e-03 -1.380405e+00 1.212223e+00
 -2.460428e-01 -1.419391e+00 1.255621e+00
 -5.043146e-01 -1.552133e+00 1.270181e+00
 -7.873512e-01 -1.716314e+00 1.145668e+00
