 6.101173e-01 -2.353501e+00 2.625863e-01
 5.704972e-01 -2.384714e+00 -9.122343e-02
 4.637500e-01 -2.310916e+00 -4.248962e-01
 2.954209e-01 -2.146765e+00 -6.955001e-01
 8.823179e-02 -1.911828e+00 -8.691905e-01
 -1.289170e-01 -1.636338e+00 -9.245176e-01
 -3.814285e-01 -1.225201e+00 -8.383453e-01
 -5.206410e-01 -9.719659e-01 -9.047124e-01
 -6.988132e-01 -7.625684e-01 -1.050076e+00
 -9.200710e-01 -5.485981e-01 -1.340057e+00
 -1.010470e+00 -3.017668e-01 -1.557163e+00
 -1.020940e+00 6.808995e-03 -1.714253e+00
 -9.489190e-01 3.365871e-01 -1.789543e+00
 -7.855071e-01 6.757627e-01 -1.777445e+00
 -5.914765e-01 9.310394e-01 -1.671612e+00
 -3.822816e-01 1.110729e+00 -1.477670e+00
 -1.748801e-01 1.184755e+00 -1.230964e+00
 5.302064e-02 1.138318e+00 -9.369382e-01
 2.582523e-01 9.785617e-01 -7.092141e-01
 4.876022e-01 6.442028e-01 -5.339366e-01
 6.703120e-01 4.667409e-01 -3.247220e-01
 8.202873e-01 3.880026e-01 -1.147640e-01
 9.963535e-01 3.383420e-01 1.405312e-01
 1.079625e+00 3.014002e-01 3.546988e-01
 1.136278e+00 2.520543e-01 7.994496e-01
 1.092983e+00 1.748579e-01 1.208608e+00
 9.781289e-01 1.136121e-01 1.491277e+00
 7.910043e-01 6.389659e-02 1.731410e+00
 5.464209e-01 3.659159e-02 1.915210e+00
 2.636480e-01 4.080069e-02 2.032512e+00
 -8.964202e-01 1.886260e-01 2.201586e+00
 -1.223221e+00 2.157282e-01 2.140848e+00
 -1.528873e+00 2.222612e-01 1.970101e+00
 -1.745728e+00 2.039870e-01 1.741246e+00
 -1.878701e+00 1.605335e-01 1.462705e+00
 -1.915457e+00 9.829472e-02 1.155495e+00
 -1.847775e+00 2.403960e-02 8.455013e-01
 -1.682014e+00 -2.873993e-02 5.676033e-01
 -1.447159e+00 -4.517005e-02 3.561856e-01
 -1.166488e+00 -1.024403e-02 2.187206e-01
 -8.939116e-01 6.472683e-02 1.753530e-01
 -6.197395e-01 2.293521e-01 1.926575e-01
 -2.751041e-01 7.131036e-01 1.893649e-01
 -1.675331e-02 1.003235e+00 2.857237e-01
 2.775432e-01 1.095666e+00 3.586552e-01
 6.559134e-01 1.193055e+00 5.500950e-01
 9.581813e-01 1.354904e+00 6.387059e-01
 1.232834e+00 1.557249e+00 6.305675e-01
 1.454095e+00 1.736009e+00 5.369379e-01
 1.646175e+00 1.890095e+00 3.621625e-01
 1.790436e+00 2.003385e+00 1.229775e-01
 1.874767e+00 2.065257e+00 -1.581366e-01
 1.893306e+00 2.070459e+00 -4.551177e-01
 1.847374e+00 2.018957e+00 -7.410997e-01
 1.748364e+00 1.913388e+00 -9.908418e-01
 1.609481e+00 1.760852e+00 -1.187346e+00
 1.436913e+00 1.561236e+00 -1.324923e+00
 6.807549e-01 6.223542e-01 -1.572598e+00
 4.236841e-01 3.987046e-01 -1.546691e+00
 1.606422e-01 2.358975e-01 -1.427911e+00
 -9.084516e-02 1.606002e-01 -1.243274e+00
 -2.367107e-01 1.621263e-01 -1.080304e+00
 -4.597279e-01 2.557780e-01 -8.795304e-01
 -9.195949e-01 5.876554e-01 -7.194465e-01
 -1.141918e+00 8.176548e-01 -4.826991e-01
 -1.287759e+00 9.640931e-01 -1.254570e-01
 -1.319304e+00 9.998216e-01 2.827401e-01
 -1.238998e+00 9.101067e-01 6.731389e-01
 -1.083070e+00 6.956841e-01 9.777100e-01
 -9.462379e-01 4.177549e-01 1.142101e+00
 -8.842687e-01 1.005000e-01 1.188577e+00
 -9.141941e-01 -1.383836e-01 1.228511e+00
 -1.118593e+00 -5.521049e-01 1.379215e+00
 -1.232247e+00 -9.092256e-01 1.365021e+00
 -1.237307e+00 -1.284217e+00 1.251864e+00
 -1.126381e+00 -1.606506e+00 1.059014e+00
 -9.150766e-01 -1.828571e+00 8.177347e-01
 -6.284293e-01 -1.920833e+00 5.382033e-01
 -3.598376e-01 -1.853731e+00 2.809074e-01
 -1.364038e-01 -1.671827e+00 1.067723e-01
 9.570192e-02 -1.481445e+00 6.067534e-02
 6.327188e-01 -1.301205e+00 -6.080567e-03
 7.945236e-01 -1.214997e+00 -3.440426e-02
 9.963167e-01 -1.061480e+00 -8.876142e-02
 1.128590e+00 -9.187828e-01 -1.493352e-01
 1.619292e+00 -1.344451e-01 -5.110347e-01
 1.709408e+00 1.670033e-01 -5.745500e-01
 1.720842e+00 4.910706e-01 -5.800510e-01
 1.646566e+00 8.079273e-01 -5.288290e-01
 1.488674e+00 1.081471e+00 -4.292661e-01
 1.307341e+00 1.247550e+00 -3.647822e-01
 1.185100e+00 1.350023e+00 -3.665007e-01
 9.599581e-01 1.610575e+00 -3.643104e-01
 6.976339e-01 1.905623e+00 -1.971716e-01
 4.581616e-01 2.097574e+00 9.156355e-02
 2.506192e-01 2.139550e+00 4.207921e-01
 7.810288e-02 2.036693e+00 7.548678e-01
 -3.808028e-02 1.804984e+00 1.043559e+00
 -8.530506e-02 1.477389e+00 1.244939e+00
 -6.026723e-02 1.100588e+00 1.328714e+00
 2.398381e-02 7.047015e-01 1.273803e+00
 1.297256e-01 5.780862e-02 9.029145e-01
 1.951191e-01 -1.181403e-01 7.125595e-01
 2.393258e-01 -2.456055e-01 4.535353e-01
 2.001752e-01 -3.675229e-01 1.404846e-01
 1.922998e-01 -4.094891e-01 -1.726307e-01
 2.686158e-01 -4.550045e-01 -4.510355e-01
 4.462346e-01 -6.216172e-01 -8.948396e-01
 4.251811e-01 -7.355368e-01 -1.235410e+00
 2.729700e-01 -8.612177e-01 -1.546315e+00
 1.542262e-02 -1.024169e+00 -1.774434e+00
 -2.868719e-01 -1.213857e+00 -1.874863e+00
 -5.969630e-01 -1.411643e+00 -1.839148e+00
 -8.918255e-01 -1.559985e+00 -1.667724e+00
 -1.148052e+00 -1.628967e+00 -1.387711e+00
 -1.309897e+00 -1.611003e+00 -1.056629e+00
 -1.359021e+00 -1.523746e+00 -6.982291e-01
 -1.288112e+00 -1.376616e+00 -3.632131e-01
 -8.799887e-01 -9.736796e-01 2.290674e-01
 -6.969278e-01 -8.940684e-01 4.495722e-01
 -5.230988e-01 -8.956846e-01 6.269474e-01
 -3.450567e-01 -9.739536e-01 8.342794e-01
 -1.074125e-01 -1.168849e+00 1.010380e+00
 1.213273e-01 -1.428509e+00 1.079888e+00
 3.300148e-01 -1.715154e+00 1.027977e+00
 4.886358e-01 -1.991532e+00 8.592310e-01
 5.844936e-01 -2.215106e+00 5.926434e-01
