 -4.902611e-01 -2.849436e+00 -1.466402e+00
 -2.276388e-01 -2.963358e+00 -1.337927e+00
 4.405599e-02 -2.984438e+00 -1.185758e+00
 3.371744e-01 -2.901337e+00 -1.006183e+00
 5.724550e-01 -2.747116e+00 -8.647684e-01
 8.633559e-01 -2.427585e+00 -7.218605e-01
 1.346105e+00 -1.587508e+00 -5.076816e-01
 1.339694e+00 -1.070404e+00 -3.448718e-01
 1.062474e+00 -6.393093e-01 -1.570964e-01
 6.612118e-01 -4.337305e-01 -7.559283e-02
 3.892670e-01 -4.123930e-01 -3.962300e-02
 5.439543e-02 -5.246580e-01 1.489132e-01
 -3.277368e-01 -8.750010e-01 5.113042e-01
 -6.123066e-01 -9.530446e-01 7.857055e-01
 -9.216740e-01 -8.737320e-01 1.044274e+00
 -1.169776e+00 -6.498744e-01 1.268417e+00
 -1.319255e+00 -3.164348e-01 1.434827e+00
 -1.346713e+00 7.406678e-02 1.519532e+00
 -1.247741e+00 4.613356e-01 1.511414e+00
 -6.967278e-01 1.313025e+00 1.252599e+00
 -4.991011e-01 1.593980e+00 1.057879e+00
 -3.498850e-01 1.712156e+00 9.258383e-01
 -2.264548e-02 1.813232e+00 7.739356e-01
 2.399969e-01 1.948786e+00 7.689200e-01
 6.075893e-01 2.141075e+00 9.549880e-01
 9.238542e-01 2.151626e+00 1.261865e+00
 1.166995e+00 1.961517e+00 1.601960e+00
 1.283592e+00 1.557486e+00 1.937527e+00
 1.202868e+00 1.118477e+00 2.130178e+00
 9.619582e-01 6.950954e-01 2.160099e+00
 6.082971e-01 3.869065e-01 2.026736e+00
 -1.305762e-01 1.386278e-01 1.497125e+00
 -4.606195e-01 4.622435e-02 1.003891e+00
 -5.883337e-01 6.908391e-02 8.291167e-01
 -7.670312e-01 5.805981e-02 5.748574e-01
 -8.249520e-01 3.435072e-02 2.946748e-01
 -8.809450e-01 5.579733e-02 7.100334e-02
 -1.148984e+00 2.054299e-01 -3.305107e-01
 -1.226855e+00 2.399939e-01 -8.080646e-01
 -1.125170e+00 1.312612e-01 -1.272229e+00
 -8.514548e-01 -1.118549e-01 -1.637447e+00
 -4.733914e-01 -3.742409e-01 -1.789880e+00
 -1.119594e-01 -6.141653e-01 -1.711212e+00
 2.166359e-01 -8.953970e-01 -1.380737e+00
 3.525404e-01 -1.065963e+00 -8.974807e-01
 3.435476e-01 -1.302647e+00 -5.059985e-01
 3.416168e-01 -1.415363e+00 -2.713972e-01
 4.687168e-01 -1.469172e+00 7.555074e-02
 5.840771e-01 -1.410875e+00 3.251531e-01
 6.802050e-01 -1.248212e+00 5.765236e-01
 7.246683e-01 -1.004156e+00 7.749077e-01
 7.280675e-01 -6.541137e-01 9.117873e-01
 7.037981e-01 -3.338024e-01 9.355747e-01
 6.592854e-01 -4.119130e-02 8.678103e-01
 5.637937e-01 2.122149e-01 7.354934e-01
 3.389612e-01 4.566347e-01 5.188108e-01
 3.067107e-02 7.872381e-01 4.679123e-01
 -4.707275e-01 9.788358e-01 2.437880e-01
 -7.424633e-01 1.046584e+00 2.470944e-01
 -1.073339e+00 1.028591e+00 3.471085e-01
 -1.386018e+00 8.763400e-01 4.568843e-01
 -1.641764e+00 6.064505e-01 5.164423e-01
 -1.792168e+00 2.621265e-01 5.164659e-01
 -1.823755e+00 -1.046566e-01 4.488897e-01
 -1.729730e+00 -4.486528e-01 3.321699e-01
 -8.988180e-01 -1.546344e+00 -1.997168e-01
 -7.518484e-01 -1.692257e+00 -3.075754e-01
 -6.029830e-01 -1.815857e+00 -4.504582e-01
 -3.452658e-01 -1.989980e+00 -7.660347e-01
 -2.158401e-01 -2.017929e+00 -9.353992e-01
 -5.069816e-02 -1.972212e+00 -1.179426e+00
 2.699550e-01 -1.948924e+00 -1.426209e+00
 5.527784e-01 -1.882896e+00 -1.516801e+00
 8.476394e-01 -1.718656e+00 -1.548407e+00
 1.083975e+00 -1.472106e+00 -1.525235e+00
 1.230120e+00 -1.168233e+00 -1.456430e+00
 1.267803e+00 -8.425244e-01 -1.349366e+00
 1.077193e+00 -4.542544e-02 -9.829897e-01
 9.748305e-01 2.378950e-01 -7.636694e-01
 8.556520e-01 4.108834e-01 -5.890759e-01
 6.885976e-01 5.957131e-01 -4.658430e-01
 5.385118e-01 7.567488e-01 -4.330622e-01
 4.278798e-01 9.091934e-01 -4.451682e-01
 3.220059e-01 1.165469e+00 -4.521405e-01
 -1.285688e-01 2.207984e+00 -1.568217e-01
 -2.320779e-01 2.443853e+00 2.616573e-03
 -3.077596e-01 2.628426e+00 2.316811e-01
 -3.474709e-01 2.745097e+00 5.098234e-01
 -3.463624e-01 2.783529e+00 8.120499e-01
 -3.033393e-01 2.740579e+00 1.110570e+00
 -2.165127e-01 2.600543e+00 1.415897e+00
 -1.230226e-01 2.408572e+00 1.629626e+00
 -1.794359e-02 2.173046e+00 1.764447e+00
 1.069048e-01 1.880237e+00 1.821548e+00
 2.116171e-01 1.618573e+00 1.776129e+00
 3.076459e-01 1.375806e+00 1.635850e+00
 4.159378e-01 1.229380e+00 1.467965e+00
 6.219416e-01 1.130838e+00 1.256255e+00
 8.855049e-01 1.153961e+00 1.021170e+00
 1.294674e+00 1.401307e+00 -2.287544e-01
 1.313972e+00 1.402686e+00 -5.477475e-01
 1.247744e+00 1.350746e+00 -8.587219e-01
 1.092326e+00 1.252862e+00 -1.133909e+00
 8.621583e-01 1.097207e+00 -1.344765e+00
 5.915778e-01 8.971729e-01 -1.447905e+00
 3.291993e-01 6.732244e-01 -1.429036e+00
 1.042029e-01 4.103213e-01 -1.287382e+00
 -1.219632e-01 3.420431e-02 -9.060111e-01
 -2.844487e-01 -2.074751e-01 -7.721887e-01
 -3.815391e-01 -3.471595e-01 -7.398471e-01
 -5.026819e-01 -4.984235e-01 -7.344479e-01
 -6.914571e-01 -7.727186e-01 -8.554201e-01
 -9.430445e-01 -1.338836e+00 -1.310492e+00
 -1.017978e+00 -1.766535e+00 -1.506443e+00
 -9.969353e-01 -2.087875e+00 -1.581835e+00
 -8.943026e-01 -2.390111e+00 -1.597436e+00
 -7.197101e-01 -2.652366e+00 -1.556681e+00
