 2.160574e+00 -2.739588e-01 -5.521073e-01
 2.236013e+00 9.524729e-02 -4.790926e-01
 2.172768e+00 4.595539e-01 -3.620080e-01
 2.006740e+00 7.316153e-01 -2.073404e-01
 1.522898e+00 1.077404e+00 3.081979e-02
 1.286423e+00 1.419358e+00 4.923242e-02
 1.173589e+00 1.658995e+00 -2.323696e-02
 1.024066e+00 1.913777e+00 -2.348341e-01
 9.005318e-01 2.066610e+00 -5.317382e-01
 7.700621e-01 2.097081e+00 -8.398613e-01
 6.214051e-01 2.005717e+00 -1.155196e+00
 5.069480e-01 1.801221e+00 -1.425789e+00
 4.452497e-01 1.507154e+00 -1.623833e+00
 4.437616e-01 1.159504e+00 -1.722557e+00
 5.022611e-01 8.017184e-01 -1.707578e+00
 6.126928e-01 4.795391e-01 -1.579002e+00
 7.599832e-01 2.348137e-01 -1.351946e+00
 9.230491e-01 1.003420e-01 -1.056459e+00
 1.224518e+00 7.310950e-02 -3.307671e-01
 1.295907e+00 3.046276e-03 -4.617936e-02
 1.680055e+00 -9.172327e-02 4.671094e-01
 1.782363e+00 -2.003641e-01 8.509011e-01
 1.731986e+00 -3.569130e-01 1.219955e+00
 1.538604e+00 -5.288421e-01 1.521115e+00
 1.235844e+00 -7.037867e-01 1.709624e+00
 8.804439e-01 -8.512083e-01 1.755208e+00
 4.970801e-01 -9.141446e-01 1.671274e+00
 1.480652e-01 -8.654051e-01 1.489956e+00
 -9.367233e-02 -7.237485e-01 1.240047e+00
 -2.339877e-01 -4.680068e-01 9.907799e-01
 -3.400698e-01 1.238294e-01 7.765053e-01
 -5.344306e-01 4.433875e-01 5.163790e-01
 -6.473449e-01 5.148824e-01 2.626757e-01
 -7.383093e-01 5.267939e-01 1.209847e-01
 -1.304474e+00 7.829081e-01 -4.811814e-01
 -1.542670e+00 7.631353e-01 -8.016812e-01
 -1.757231e+00 5.916299e-01 -1.105595e+00
 -1.918113e+00 3.107277e-01 -1.317474e+00
 -2.022347e+00 -4.350262e-02 -1.418316e+00
 -2.060976e+00 -4.192741e-01 -1.395677e+00
 -2.034486e+00 -7.650962e-01 -1.254639e+00
 -1.952118e+00 -1.034972e+00 -1.016441e+00
 -1.820967e+00 -1.232098e+00 -6.381230e-01
 -1.730363e+00 -1.283926e+00 -1.797124e-01
 -1.726729e+00 -1.205616e+00 1.539662e-01
 -1.740963e+00 -1.170460e+00 6.235005e-01
 -1.532009e+00 -1.022444e+00 1.099776e+00
 -8.520054e-01 -2.515750e-01 1.793651e+00
 -4.816491e-01 -9.295417e-03 1.894276e+00
 -4.900707e-02 1.184468e-01 1.842472e+00
 3.520199e-01 1.349220e-01 1.627853e+00
 6.263642e-01 4.424517e-02 1.298049e+00
 7.499754e-01 -1.833816e-01 9.632800e-01
 7.938350e-01 -4.919118e-01 7.860756e-01
 1.019712e+00 -9.536968e-01 7.028996e-01
 1.042788e+00 -1.354948e+00 5.615965e-01
 9.468798e-01 -1.673771e+00 3.206338e-01
 7.218067e-01 -1.878278e+00 6.216481e-03
 3.990782e-01 -1.926905e+00 -2.758562e-01
 3.338624e-02 -1.829602e+00 -4.664934e-01
 -3.091694e-01 -1.619583e+00 -5.343577e-01
 -5.794247e-01 -1.334898e+00 -4.779245e-01
 -7.573059e-01 -1.040434e+00 -2.921694e-01
 -8.462717e-01 -7.234788e-01 7.140689e-02
 -9.707797e-01 -5.369370e-01 2.467177e-01
 -1.385001e+00 -1.430371e-01 5.390942e-01
 -1.527879e+00 1.995648e-01 6.810325e-01
 -1.537958e+00 5.914851e-01 7.581523e-01
 -1.416146e+00 9.711858e-01 7.536418e-01
 -1.192671e+00 1.281826e+00 6.546144e-01
 -9.017858e-01 1.479163e+00 4.751468e-01
 -5.853324e-01 1.533692e+00 2.426862e-01
 2.827456e-01 1.246143e+00 -5.017317e-01
 3.729262e-01 1.198249e+00 -5.710401e-01
 5.714020e-01 1.105058e+00 -6.742133e-01
 8.159389e-01 1.073198e+00 -7.739292e-01
 1.100271e+00 1.123037e+00 -9.200216e-01
 1.439390e+00 1.318911e+00 -9.817023e-01
 1.782671e+00 1.578845e+00 -8.567492e-01
 2.042326e+00 1.784106e+00 -5.543457e-01
 2.188927e+00 1.872326e+00 -1.688024e-01
 2.196045e+00 1.862234e+00 2.522835e-01
 2.063752e+00 1.757794e+00 6.354789e-01
 1.815812e+00 1.578820e+00 9.179275e-01
 1.494050e+00 1.356637e+00 1.054869e+00
 1.151054e+00 1.128708e+00 1.025841e+00
 8.604191e-01 9.445209e-01 8.483117e-01
 1.976050e-01 2.373630e-01 -2.099989e-01
 -2.590498e-02 8.459723e-02 -4.346264e-01
 -1.948822e-01 8.599139e-03 -5.483581e-01
 -5.153346e-01 -7.830518e-02 -6.894555e-01
 -8.407362e-01 -1.340684e-01 -7.792648e-01
 -1.037180e+00 -1.686455e-01 -7.793590e-01
 -1.221505e+00 -2.068680e-01 -7.251404e-01
 -1.408282e+00 -2.349378e-01 -6.116511e-01
 -1.846577e+00 -2.156187e-01 -3.774522e-01
 -2.287515e+00 -3.972310e-01 -2.082556e-01
 -2.604977e+00 -7.250782e-01 -8.999046e-02
 -2.740408e+00 -1.101398e+00 1.803721e-02
 -2.709935e+00 -1.497153e+00 1.285691e-01
 -2.521903e+00 -1.846660e+00 2.262143e-01
 -2.200069e+00 -2.101626e+00 3.053780e-01
 -1.817626e+00 -2.208527e+00 3.662715e-01
 -1.424388e+00 -2.160520e+00 4.154896e-01
 -3.264352e-01 -1.547358e+00 5.024274e-01
 -4.161391e-02 -1.306777e+00 4.137623e-01
 8.628701e-02 -1.121754e+00 2.896660e-01
 2.157359e-01 -9.563028e-01 4.773074e-02
 5.535736e-01 -8.817066e-01 -2.350002e-01
 1.286383e+00 -9.327549e-01 -4.981278e-01
 1.647231e+00 -8.287290e-01 -5.620141e-01
 1.954648e+00 -5.975343e-01 -5.811631e-01
