 1.973984e+00 -1.626615e+00 -8.246603e-01
 2.262445e+00 -1.358903e+00 -9.525304e-01
 2.437879e+00 -9.898333e-01 -1.007570e+00
 2.476730e+00 -5.828751e-01 -9.768556e-01
 2.379669e+00 -2.056262e-01 -8.605363e-01
 2.177445e+00 7.457803e-02 -6.742238e-01
 1.934610e+00 2.271225e-01 -4.159208e-01
 1.755546e+00 2.457151e-01 -1.369748e-01
 1.604311e+00 2.383392e-01 4.567364e-01
 1.317238e+00 2.236253e-01 8.426308e-01
 5.265829e-01 -1.348339e-01 1.435774e+00
 2.721882e-01 -2.730753e-01 1.509361e+00
 4.154244e-02 -3.904761e-01 1.483927e+00
 -3.731048e-01 -7.340353e-01 1.338755e+00
 -5.623800e-01 -8.144134e-01 1.260373e+00
 -1.066450e+00 -8.791014e-01 9.323391e-01
 -1.402000e+00 -8.153789e-01 6.985173e-01
 -1.656012e+00 -6.769068e-01 4.943487e-01
 -1.836227e+00 -4.743997e-01 2.991185e-01
 -1.942507e+00 -2.120841e-01 9.776021e-02
 -1.947463e+00 4.252896e-02 -7.245975e-02
 -1.863786e+00 2.912467e-01 -2.214551e-01
 -1.650393e+00 6.034865e-01 -3.582593e-01
 -1.574993e+00 8.159827e-01 -4.207767e-01
 -1.557755e+00 1.106341e+00 -5.060010e-01
 -1.566511e+00 1.514702e+00 -4.139175e-01
 -1.469749e+00 1.865985e+00 -1.735553e-01
 -1.250965e+00 2.077826e+00 1.364709e-01
 -9.496155e-01 2.117901e+00 4.478591e-01
 -5.922016e-01 1.968517e+00 7.238829e-01
 -3.184758e-01 1.668122e+00 8.972974e-01
 -1.465465e-01 1.264872e+00 9.468944e-01
 -4.790318e-02 3.657683e-01 7.557017e-01
 -8.659803e-03 -3.449041e-02 5.378753e-01
 -6.807623e-02 -3.222988e-01 4.439736e-01
 -8.192147e-02 -4.467711e-01 4.126064e-01
 -1.696176e-01 -9.934214e-01 3.032311e-01
 -2.843589e-01 -1.333251e+00 1.039929e-01
 -3.205731e-01 -1.609693e+00 -2.154225e-01
 -2.380493e-01 -1.778589e+00 -5.674977e-01
 -4.520316e-02 -1.838230e+00 -9.096849e-01
 2.278589e-01 -1.781759e+00 -1.190109e+00
 5.398003e-01 -1.619751e+00 -1.367315e+00
 8.444445e-01 -1.378084e+00 -1.415940e+00
 1.103866e+00 -1.102117e+00 -1.325490e+00
 1.304471e+00 -8.677194e-01 -1.108033e+00
 1.463995e+00 -7.300216e-01 -7.906785e-01
 1.561325e+00 -7.296066e-01 -5.340308e-01
 1.732432e+00 -7.782881e-01 -2.790666e-01
 2.057214e+00 -7.314806e-01 -2.681370e-02
 2.382020e+00 -5.247130e-01 1.474506e-01
 2.622302e+00 -1.680964e-01 2.562993e-01
 2.697190e+00 2.591040e-01 3.121982e-01
 2.591952e+00 6.832246e-01 3.220730e-01
 2.325346e+00 1.026629e+00 2.896931e-01
 1.945142e+00 1.228077e+00 2.264964e-01
 1.519553e+00 1.252432e+00 1.493999e-01
 3.002658e-01 7.726329e-01 -1.077823e-01
 1.195775e-01 6.387000e-01 -2.227328e-01
 2.272806e-02 5.637784e-01 -3.150873e-01
 -1.515360e-01 5.088202e-01 -5.028397e-01
 -3.799038e-01 5.289191e-01 -7.346597e-01
 -1.159776e+00 5.083186e-01 -1.295658e+00
 -1.504726e+00 5.370848e-01 -1.395273e+00
 -1.857822e+00 6.022505e-01 -1.373835e+00
 -2.173118e+00 6.986211e-01 -1.237206e+00
 -2.412901e+00 8.134398e-01 -1.005196e+00
 -2.550963e+00 9.312147e-01 -7.077460e-01
 -2.574041e+00 1.042312e+00 -3.880657e-01
 -2.490441e+00 1.116494e+00 -7.758388e-02
 -2.310671e+00 1.144267e+00 2.026779e-01
 -2.059356e+00 1.148127e+00 4.076924e-01
 -1.753302e+00 1.139058e+00 5.227461e-01
 -1.447737e+00 1.117379e+00 5.360104e-01
 -1.139957e+00 1.109489e+00 4.494847e-01
 -9.341341e-01 1.092876e+00 3.060200e-01
 -7.554489e-01 1.141906e+00 1.185644e-01
 -5.058560e-01 1.437300e+00 -2.451523e-01
 -2.878703e-01 1.526071e+00 -5.016351e-01
 -4.788630e-02 1.502110e+00 -7.367233e-01
 1.896647e-01 1.369573e+00 -9.321567e-01
 4.231445e-01 1.148039e+00 -1.053558e+00
 6.261379e-01 8.686772e-01 -1.076813e+00
 7.757804e-01 5.623243e-01 -9.977412e-01
 8.547074e-01 2.809186e-01 -8.270199e-01
 8.604345e-01 5.113073e-02 -5.883675e-01
 8.174891e-01 -1.070489e-01 -2.712697e-01
 8.248190e-01 -2.375226e-01 -4.158968e-02
 9.162764e-01 -5.082596e-01 2.438847e-01
 8.817084e-01 -7.843551e-01 5.480266e-01
 6.626397e-01 -1.205063e+00 1.357556e+00
 4.964189e-01 -1.267921e+00 1.761816e+00
 2.742157e-01 -1.205447e+00 2.075425e+00
 -1.892658e-03 -1.039996e+00 2.298024e+00
 -2.968447e-01 -7.987248e-01 2.393846e+00
 -5.725688e-01 -5.202678e-01 2.345393e+00
 -7.925014e-01 -2.502134e-01 2.156366e+00
 -9.277724e-01 -3.415703e-02 1.852899e+00
 -1.002022e+00 1.410729e-01 1.276536e+00
 -1.034132e+00 1.266901e-01 6.168233e-01
 -9.740600e-01 6.251573e-02 2.171877e-01
 -9.305321e-01 -5.592364e-02 -2.185085e-03
 -8.285952e-01 -2.293098e-01 -2.263768e-01
 -6.939180e-01 -3.682345e-01 -4.005701e-01
 -5.066541e-01 -4.612459e-01 -5.395681e-01
 -2.663496e-01 -5.667135e-01 -6.314560e-01
 6.193208e-02 -7.342965e-01 -6.643196e-01
 3.192703e-01 -9.128181e-01 -6.142145e-01
 4.395732e-01 -1.012544e+00 -5.489205e-01
 6.282167e-01 -1.215635e+00 -4.127370e-01
 8.924306e-01 -1.495353e+00 -3.886828e-01
 1.238060e+00 -1.698734e+00 -4.878898e-01
 1.612214e+00 -1.747512e+00 -6.516263e-01
