 -6.364801e-01 1.209786e+00 7.925393e-01
 -1.121935e+00 1.825469e+00 7.129857e-02
 -1.277585e+00 1.926861e+00 -2.774248e-01
 -1.369053e+00 1.894320e+00 -6.577249e-01
 -1.374293e+00 1.741254e+00 -1.015879e+00
 -1.288425e+00 1.497729e+00 -1.302047e+00
 -1.124467e+00 1.203166e+00 -1.478744e+00
 -9.055608e-01 9.014616e-01 -1.526618e+00
 -6.610248e-01 6.350022e-01 -1.444848e+00
 -3.306312e-01 3.858619e-01 -1.193411e+00
 1.500627e-01 2.621304e-01 -7.961152e-01
 4.065174e-01 1.329447e-01 -5.792420e-01
 6.065115e-01 1.230585e-02 -4.786772e-01
 8.768918e-01 -2.179457e-01 -4.220853e-01
 1.466257e+00 -5.077528e-01 -3.587347e-01
 1.772170e+00 -7.856128e-01 -1.504074e-01
 1.900780e+00 -1.099893e+00 1.606607e-01
 1.829903e+00 -1.386802e+00 5.064652e-01
 1.580847e+00 -1.592845e+00 8.165870e-01
 1.211204e+00 -1.683669e+00 1.031254e+00
 7.984562e-01 -1.627123e+00 1.141837e+00
 4.083510e-01 -1.451340e+00 1.118234e+00
 1.039225e-01 -1.214629e+00 9.515123e-01
 -7.157285e-02 -9.671605e-01 6.670718e-01
 -8.725103e-02 -8.149320e-01 4.221251e-01
 -7.978593e-02 -7.495852e-01 1.361320e-01
 -2.120757e-02 -7.646565e-01 -1.375339e-01
 8.221904e-02 -8.551616e-01 -5.392868e-01
 1.202276e-01 -8.452496e-01 -7.201364e-01
 1.743491e-01 -7.589526e-01 -9.900673e-01
 1.464551e-01 -4.777666e-01 -1.585235e+00
 3.326327e-01 -2.948768e-01 -2.012580e+00
 6.423206e-01 -1.306804e-01 -2.291048e+00
 9.869586e-01 3.654162e-02 -2.398282e+00
 1.329132e+00 2.025908e-01 -2.354875e+00
 1.623978e+00 3.526076e-01 -2.181168e+00
 1.823644e+00 4.736684e-01 -1.925677e+00
 1.922418e+00 5.636600e-01 -1.631368e+00
 1.928604e+00 6.207101e-01 -1.337481e+00
 1.861033e+00 6.476010e-01 -1.073367e+00
 1.248481e+00 5.969645e-01 1.121875e-01
 8.798632e-01 3.661803e-01 4.779514e-01
 4.080228e-01 8.720789e-02 7.523925e-01
 2.510485e-01 9.208570e-03 8.877476e-01
 8.446194e-02 -6.497115e-02 1.091444e+00
 -4.622648e-02 -1.414628e-01 1.235510e+00
 -3.540455e-01 -3.569223e-01 1.501852e+00
 -5.742565e-01 -4.553433e-01 1.608595e+00
 -8.416501e-01 -5.235920e-01 1.667432e+00
 -1.103831e+00 -5.565771e-01 1.664913e+00
 -1.357223e+00 -5.472252e-01 1.609935e+00
 -1.590073e+00 -4.944068e-01 1.504736e+00
 -1.786481e+00 -4.009322e-01 1.351996e+00
 -1.931023e+00 -2.690042e-01 1.159249e+00
 -2.008175e+00 -1.065315e-01 9.352438e-01
 -2.004856e+00 7.619224e-02 6.891666e-01
 -1.926840e+00 2.355971e-01 4.749929e-01
 -1.697500e+00 4.633003e-01 1.892014e-01
 -1.512533e+00 6.235415e-01 -8.640893e-03
 -1.219091e+00 8.619041e-01 -3.122198e-01
 -1.072965e+00 9.350161e-01 -4.257581e-01
 -9.503260e-01 9.822509e-01 -4.811801e-01
 -8.377874e-01 1.032330e+00 -5.036266e-01
 -4.747618e-01 1.287258e+00 -6.434523e-01
 1.267109e-01 1.337986e+00 -9.653561e-01
 5.724136e-01 1.098338e+00 -1.261704e+00
 8.587194e-01 6.467834e-01 -1.442600e+00
 1.021557e+00 1.515852e-01 -1.383002e+00
 1.130014e+00 -7.413917e-02 -1.381670e+00
 1.182743e+00 -4.879633e-01 -1.437610e+00
 1.106519e+00 -8.821591e-01 -1.548358e+00
 9.467672e-01 -1.160996e+00 -1.630673e+00
 6.897931e-01 -1.390282e+00 -1.681579e+00
 3.538333e-01 -1.535447e+00 -1.685002e+00
 -2.661415e-02 -1.565147e+00 -1.627116e+00
 -3.984609e-01 -1.458508e+00 -1.500128e+00
 -6.942257e-01 -1.215788e+00 -1.307205e+00
 -8.667068e-01 -8.203901e-01 -1.020164e+00
 -8.096171e-01 -1.944113e-01 -4.730774e-01
 -6.149064e-01 6.898695e-02 -1.513203e-01
 -3.423042e-01 3.943451e-01 1.180577e-01
 9.467611e-02 9.148831e-01 9.970544e-02
 2.521419e-01 1.400911e+00 2.847385e-01
 1.995579e-01 1.810368e+00 6.600734e-01
 -5.408252e-02 2.009081e+00 1.126728e+00
 -4.340442e-01 1.924017e+00 1.550303e+00
 -8.360502e-01 1.573414e+00 1.790405e+00
 -1.130561e+00 1.059226e+00 1.760855e+00
 -1.215810e+00 5.467146e-01 1.461747e+00
 -1.026647e+00 1.602765e-01 9.397128e-01
 -9.994098e-01 5.106034e-03 8.136015e-01
 -1.101691e+00 -9.169706e-01 4.138408e-01
 -9.854658e-01 -1.271747e+00 2.544726e-01
 -7.241087e-01 -1.563330e+00 1.252683e-01
 -3.554314e-01 -1.738433e+00 4.548049e-02
 6.969228e-02 -1.767754e+00 3.694718e-02
 4.462551e-01 -1.648747e+00 8.091696e-02
 7.267055e-01 -1.397449e+00 1.389527e-01
 8.623675e-01 -1.117579e+00 2.395308e-01
 9.395276e-01 -8.419459e-01 4.732218e-01
 1.128396e+00 -5.973583e-01 9.747822e-01
 1.154399e+00 -4.469699e-01 1.193478e+00
 1.133066e+00 -2.457592e-01 1.383441e+00
 1.063946e+00 -1.508015e-02 1.521390e+00
 9.543800e-01 2.220528e-01 1.596148e+00
 8.054301e-01 4.560504e-01 1.609630e+00
 6.234734e-01 6.590198e-01 1.570420e+00
 4.345922e-01 7.994790e-01 1.498032e+00
 2.394477e-01 8.883108e-01 1.400618e+00
 -3.059812e-01 9.985148e-01 1.071358e+00
 -4.244779e-01 1.043734e+00 9.881082e-01
 -5.129075e-01 1.098265e+00 9.196043e-01
 -5.764289e-01 1.147884e+00 8.596740e-01
