 -1.415906e-01 -2.119491e+00 5.847316e-01
 5.271324e-01 -2.089710e+00 -1.882355e-01
 7.395737e-01 -1.993306e+00 -3.943188e-01
 9.436237e-01 -1.801474e+00 -5.675261e-01
 1.117903e+00 -1.514891e+00 -6.812701e-01
 1.247164e+00 -1.136189e+00 -7.011105e-01
 1.291986e+00 -7.437545e-01 -5.921275e-01
 1.230148e+00 -4.157526e-01 -3.668092e-01
 1.044431e+00 -1.978215e-01 -7.734615e-02
 7.337948e-01 -1.296523e-01 2.335018e-01
 2.382410e-01 -1.596763e-01 4.503293e-01
 -5.342232e-01 -9.261936e-02 7.030894e-01
 -9.109571e-01 -2.140081e-01 7.215790e-01
 -1.089966e+00 -3.491225e-01 7.423941e-01
 -1.258394e+00 -5.747421e-01 7.881463e-01
 -1.359295e+00 -8.113425e-01 8.327333e-01
 -1.395407e+00 -1.039674e+00 8.742068e-01
 -1.333971e+00 -1.896270e+00 1.019317e+00
 -1.226406e+00 -2.440502e+00 1.113448e+00
 -1.010063e+00 -2.763461e+00 1.176177e+00
 -6.860040e-01 -2.980640e+00 1.225365e+00
 -2.986553e-01 -3.060676e+00 1.252757e+00
 9.790293e-02 -2.986881e+00 1.252083e+00
 4.419906e-01 -2.762021e+00 1.220083e+00
 6.756083e-01 -2.407812e+00 1.161418e+00
 7.423023e-01 -2.003999e+00 1.102368e+00
 6.610266e-01 -1.719248e+00 1.075455e+00
 5.747577e-01 -1.516920e+00 1.132061e+00
 5.582340e-01 -1.375497e+00 1.180231e+00
 5.853868e-01 -1.097388e+00 1.229453e+00
 8.459005e-01 -2.219820e-01 1.278075e+00
 8.936827e-01 -1.605412e-02 1.252227e+00
 9.285942e-01 2.061053e-01 1.180406e+00
 9.930571e-01 1.141496e+00 6.434548e-01
 9.490181e-01 1.370647e+00 4.655523e-01
 8.326892e-01 1.571487e+00 2.436429e-01
 6.387220e-01 1.712120e+00 -2.542063e-02
 4.294084e-01 1.738226e+00 -2.899322e-01
 2.210128e-01 1.664853e+00 -5.036229e-01
 5.142535e-02 1.646087e+00 -6.361143e-01
 -1.385398e-01 1.707203e+00 -7.993709e-01
 -4.248121e-01 1.828864e+00 -9.081943e-01
 -8.070408e-01 1.958653e+00 -8.774624e-01
 -1.175345e+00 2.010582e+00 -7.025976e-01
 -1.455961e+00 1.986745e+00 -4.198935e-01
 -1.613240e+00 1.912042e+00 -7.636985e-02
 -1.716099e+00 1.517460e+00 1.040555e+00
 -1.683291e+00 1.307729e+00 1.326278e+00
 -1.599974e+00 1.058837e+00 1.520180e+00
 -1.483293e+00 8.130633e-01 1.624649e+00
 -1.115512e+00 2.075539e-01 1.718728e+00
 -7.613138e-01 -3.759311e-01 1.723192e+00
 -5.660834e-01 -7.253827e-01 1.545892e+00
 -4.367387e-01 -9.756196e-01 1.244282e+00
 -3.834934e-01 -1.067293e+00 9.584651e-01
 -4.012772e-01 -1.119495e+00 6.654239e-01
 -4.910746e-01 -1.068760e+00 3.305631e-01
 -6.049786e-01 -9.157599e-01 5.380543e-02
 -6.810378e-01 -7.125356e-01 -1.328476e-01
 -7.279355e-01 -4.519758e-01 -2.544204e-01
 -7.420022e-01 -1.471787e-01 -2.992914e-01
 -7.106943e-01 4.195919e-01 -2.221789e-01
 -7.566841e-01 8.845760e-01 -2.672485e-01
 -7.692585e-01 1.178070e+00 -1.720455e-01
 -6.673128e-01 1.577700e+00 8.745813e-02
 -5.566497e-01 1.924447e+00 1.251455e-01
 -4.276100e-01 2.245583e+00 3.731576e-02
 -2.308351e-01 2.523146e+00 -1.727188e-01
 -1.106843e-02 2.662768e+00 -4.508319e-01
 2.437122e-01 2.654215e+00 -7.624269e-01
 4.723568e-01 2.493540e+00 -1.046416e+00
 6.324875e-01 2.195147e+00 -1.281017e+00
 6.953049e-01 1.801088e+00 -1.416473e+00
 5.934056e-01 1.211406e+00 -1.453190e+00
 6.124337e-01 9.333534e-01 -1.575732e+00
 5.623928e-01 7.179117e-01 -1.747092e+00
 3.778970e-01 4.812843e-01 -1.920856e+00
 1.051815e-01 2.790050e-01 -2.008985e+00
 -2.147999e-01 1.314247e-01 -1.995213e+00
 -5.398025e-01 4.595994e-02 -1.873805e+00
 -8.186943e-01 3.951657e-02 -1.681362e+00
 -1.387010e+00 2.333116e-01 -1.055788e+00
 -1.649727e+00 3.507017e-01 -6.504240e-01
 -1.740289e+00 4.539824e-01 -1.990669e-01
 -1.647888e+00 5.588379e-01 2.069126e-01
 -1.390736e+00 6.738541e-01 5.393780e-01
 -8.410480e-01 8.659770e-01 8.200913e-01
 -5.499856e-01 9.062621e-01 8.412103e-01
 -2.593402e-01 8.857287e-01 7.260350e-01
 6.920853e-03 8.665168e-01 4.543460e-01
 2.724332e-01 7.638281e-01 -2.366577e-02
 3.909308e-01 7.325292e-01 -1.556513e-01
 5.510376e-01 7.241126e-01 -2.618194e-01
 1.372287e+00 9.182387e-01 -8.541266e-01
 1.575985e+00 1.041747e+00 -1.204023e+00
 1.614770e+00 1.170657e+00 -1.587244e+00
 1.504936e+00 1.277419e+00 -1.938468e+00
 1.287388e+00 1.357942e+00 -2.209629e+00
 1.009776e+00 1.413206e+00 -2.378724e+00
 7.117706e-01 1.449599e+00 -2.447339e+00
 4.191485e-01 1.460329e+00 -2.429067e+00
 1.503394e-01 1.429171e+00 -2.343480e+00
 -7.676449e-02 1.367795e+00 -2.200491e+00
 -2.563749e-01 1.276906e+00 -2.006352e+00
 -3.708718e-01 1.160550e+00 -1.771133e+00
 -4.070700e-01 1.011967e+00 -1.514419e+00
 -3.578267e-01 8.646281e-01 -1.296911e+00
 -2.633756e-01 7.021194e-01 -1.133821e+00
 -4.516604e-02 3.301192e-01 -9.797150e-01
 3.882411e-02 1.426195e-01 -9.131882e-01
 1.403666e-01 -1.539501e-01 -7.824499e-01
 2.589422e-01 -7.202245e-01 -4.752977e-01
 3.057379e-01 -8.539850e-01 -3.607331e-01
 3.843073e-01 -1.005774e+00 -1.705621e-01
 4.748822e-01 -1.084202e+00 -2.115014e-02
 5.707366e-01 -1.117490e+00 8.686057e-02
 7.142984e-01 -1.149341e+00 1.796429e-01
 1.159237e+00 -1.154315e+00 3.681167e-01
 1.456426e+00 -1.197698e+00 6.928881e-01
 1.583966e+00 -1.284022e+00 1.079831e+00
 1.545761e+00 -1.386084e+00 1.459079e+00
 1.373255e+00 -1.507395e+00 1.775628e+00
 1.113273e+00 -1.636268e+00 1.989714e+00
 8.084255e-01 -1.755869e+00 2.091158e+00
 4.978858e-01 -1.861900e+00 2.082146e+00
 2.063689e-01 -1.944935e+00 1.973431e+00
 -4.310484e-02 -1.997367e+00 1.775946e+00
 -2.223853e-01 -2.030151e+00 1.497852e+00
 -2.909587e-01 -2.031795e+00 1.224869e+00
 -2.729983e-01 -2.084872e+00 9.052586e-01
