 7.034942e-01 8.911681e-01 6.484492e-01
 5.244644e-01 9.278275e-01 7.972386e-01
 2.684968e-01 9.959076e-01 9.172150e-01
 2.887182e-03 1.026095e+00 9.588245e-01
 -2.949943e-01 9.961055e-01 9.468477e-01
 -5.621879e-01 9.129273e-01 8.769608e-01
 -7.885802e-01 7.863404e-01 7.510730e-01
 -9.557385e-01 6.253828e-01 5.810494e-01
 -1.247716e+00 5.858336e-02 -2.994912e-02
 -1.273264e+00 -1.605123e-02 -1.002190e-01
 -1.288451e+00 -1.058935e-01 -1.760961e-01
 -1.296685e+00 -2.172234e-01 -2.532229e-01
 -1.329238e+00 -6.947258e-01 -5.090530e-01
 -1.484675e+00 -9.285241e-01 -6.975010e-01
 -1.668453e+00 -1.072626e+00 -9.368512e-01
 -1.762886e+00 -1.160258e+00 -1.443638e+00
 -1.642136e+00 -1.101254e+00 -1.942848e+00
 -1.324578e+00 -9.297449e-01 -2.316089e+00
 -8.937399e-01 -6.818927e-01 -2.467837e+00
 -4.616829e-01 -4.130461e-01 -2.359697e+00
 3.664403e-01 1.753812e-01 -1.479528e+00
 4.812178e-01 2.463809e-01 -1.297765e+00
 5.720638e-01 2.802029e-01 -1.092235e+00
 6.323778e-01 2.734990e-01 -8.662651e-01
 6.657018e-01 2.202137e-01 -6.505934e-01
 6.773487e-01 1.348335e-01 -4.882003e-01
 7.439504e-01 -1.509572e-02 -2.701617e-01
 8.433516e-01 -1.216556e-01 8.015463e-03
 9.489202e-01 -1.525951e-01 3.787288e-01
 1.077643e+00 -7.576961e-02 7.293551e-01
 1.464591e+00 2.990031e-01 1.303248e+00
 1.773397e+00 5.672398e-01 1.569240e+00
 2.027838e+00 8.181946e-01 1.679333e+00
 2.225276e+00 1.069868e+00 1.683189e+00
 2.380679e+00 1.342544e+00 1.595840e+00
 2.473657e+00 1.609829e+00 1.422648e+00
 2.488781e+00 1.843729e+00 1.178763e+00
 2.418136e+00 2.016668e+00 8.898831e-01
 2.264498e+00 2.106750e+00 5.900094e-01
 2.014056e+00 2.103024e+00 2.871317e-01
 1.627516e+00 1.996735e+00 2.120667e-03
 8.398135e-01 1.712793e+00 -3.243428e-01
 5.608879e-01 1.510041e+00 -3.897660e-01
 3.337283e-01 1.253618e+00 -3.727012e-01
 1.302507e-01 9.664563e-01 -2.485853e-01
 -1.897205e-02 7.153540e-01 -3.493269e-02
 -5.837597e-02 4.967166e-01 9.174766e-02
 -6.031638e-02 2.613866e-01 2.724895e-01
 3.984980e-02 -9.329871e-02 8.587873e-01
 9.273209e-02 -5.932433e-01 1.096722e+00
 -8.718300e-02 -1.204436e+00 1.079550e+00
 -3.948043e-01 -1.620313e+00 7.476609e-01
 -7.846454e-01 -1.699765e+00 3.395884e-01
 -1.108215e+00 -1.553765e+00 1.782971e-01
 -1.365791e+00 -1.484667e+00 1.520541e-01
 -1.681404e+00 -1.376399e+00 1.979619e-01
 -1.975398e+00 -1.157170e+00 1.704151e-01
 -2.205347e+00 -8.875585e-01 2.761763e-02
 -2.327523e+00 -6.128386e-01 -2.103474e-01
 -2.323198e+00 -3.709668e-01 -5.117812e-01
 -2.182763e+00 -1.827560e-01 -8.358869e-01
 -1.925370e+00 -8.889252e-02 -1.109607e+00
 -1.570907e+00 -1.124437e-01 -1.327032e+00
 -1.216687e+00 -2.672271e-01 -1.445677e+00
 -9.446423e-01 -4.960584e-01 -1.446048e+00
 -7.341246e-01 -9.006696e-01 -1.414609e+00
 -7.121813e-01 -1.399519e+00 -1.222578e+00
 -1.179676e+00 -2.314558e+00 -4.942438e-01
 -1.331097e+00 -2.479787e+00 -1.825844e-01
 -1.451606e+00 -2.515756e+00 1.882163e-01
 -1.519546e+00 -2.415808e+00 5.562243e-01
 -1.532391e+00 -2.195005e+00 8.674944e-01
 -1.479711e+00 -1.890618e+00 1.084083e+00
 -1.377780e+00 -1.536912e+00 1.177193e+00
 -1.273552e+00 -1.193134e+00 1.129922e+00
 -1.126997e+00 -9.009211e-01 9.620568e-01
 -9.379658e-01 -7.079484e-01 7.149952e-01
 -7.408683e-01 -6.514149e-01 4.616897e-01
 -5.158820e-01 -7.090560e-01 2.155439e-01
 -2.159141e-01 -8.180470e-01 1.030868e-01
 6.704864e-01 -1.118597e+00 3.047080e-02
 9.793653e-01 -1.133272e+00 3.098845e-02
 1.284614e+00 -1.059065e+00 4.144463e-02
 1.556203e+00 -9.028335e-01 6.840136e-02
 1.769987e+00 -6.811084e-01 1.165170e-01
 1.919767e+00 -3.921618e-01 1.927281e-01
 2.081474e+00 2.788248e-01 4.275884e-01
 2.025832e+00 8.536634e-01 6.181220e-01
 1.875742e+00 1.141736e+00 7.240553e-01
 1.633320e+00 1.361332e+00 8.843357e-01
 1.423350e+00 1.565312e+00 9.292317e-01
 1.173266e+00 1.756654e+00 8.842583e-01
 8.700519e-01 1.887236e+00 7.747154e-01
 4.574097e-01 1.937871e+00 5.800758e-01
 -1.555146e-01 1.828806e+00 3.109237e-01
 -4.821946e-01 1.695623e+00 1.113071e-01
 -7.068364e-01 1.518460e+00 -1.002367e-01
 -8.335455e-01 1.298713e+00 -3.063980e-01
 -8.716072e-01 1.037226e+00 -4.994844e-01
 -8.203521e-01 7.538604e-01 -6.557120e-01
 -6.917525e-01 4.781654e-01 -7.518300e-01
 -1.567714e-01 -3.540658e-01 -7.819458e-01
 9.362344e-02 -6.194609e-01 -8.871276e-01
 5.830119e-01 -7.551347e-01 -1.008499e+00
 1.098187e+00 -6.428372e-01 -1.032549e+00
 1.503842e+00 -3.269996e-01 -9.187519e-01
 1.696272e+00 1.065626e-01 -6.902061e-01
 1.624076e+00 5.485256e-01 -4.296047e-01
 1.370489e+00 8.134763e-01 -1.829047e-01
