 -7.925844e-01 -1.258494e-01 -1.568163e+00
 -7.293768e-01 -3.465546e-01 -1.467815e+00
 -7.269940e-01 -8.178375e-01 -1.269751e+00
 -7.065214e-01 -1.029906e+00 -1.108909e+00
 -6.618497e-01 -1.195215e+00 -9.027570e-01
 -5.985596e-01 -1.301505e+00 -6.645936e-01
 -2.751886e-01 -1.470952e+00 4.259971e-01
 -2.206984e-01 -1.473075e+00 5.717852e-01
 1.486878e-02 -1.407402e+00 1.079758e+00
 8.263141e-02 -1.486430e+00 1.357011e+00
 6.706035e-02 -1.514642e+00 1.571651e+00
 2.076409e-02 -1.441374e+00 1.909647e+00
 -3.098764e-02 -1.249624e+00 2.211904e+00
 -5.387600e-02 -9.680650e-01 2.423396e+00
 -3.995019e-02 -6.224161e-01 2.526624e+00
 4.580124e-02 -2.638907e-01 2.518262e+00
 1.710290e-01 6.004177e-02 2.385323e+00
 3.009835e-01 3.107825e-01 2.137857e+00
 4.228275e-01 4.504027e-01 1.811270e+00
 5.260064e-01 4.590563e-01 1.450410e+00
 6.721347e-01 2.361471e-01 8.375472e-01
 7.353876e-01 1.990415e-01 6.759762e-01
 8.665156e-01 1.720580e-01 4.281575e-01
 1.564936e+00 2.385395e-01 -1.566077e-01
 1.766509e+00 3.662590e-01 -5.240307e-01
 1.797462e+00 5.642250e-01 -9.144013e-01
 1.654146e+00 8.037285e-01 -1.253568e+00
 1.364948e+00 1.048309e+00 -1.476478e+00
 9.849497e-01 1.260605e+00 -1.539319e+00
 5.876047e-01 1.408425e+00 -1.427798e+00
 2.250098e-01 1.500685e+00 -1.128957e+00
 -7.723100e-02 1.650498e+00 -4.947916e-01
 -3.689350e-01 1.662045e+00 -1.918782e-01
 -6.152972e-01 1.509038e+00 1.091350e-01
 -7.586394e-01 1.223529e+00 3.807020e-01
 -7.733833e-01 8.536040e-01 5.782590e-01
 -6.528436e-01 4.630558e-01 6.735000e-01
 -3.416811e-01 8.230783e-03 6.442893e-01
 -1.539636e-02 -4.516059e-01 4.826867e-01
 3.801133e-01 -7.068593e-01 2.349118e-01
 8.276952e-01 -9.070560e-01 -7.767003e-02
 1.428311e+00 -1.123216e+00 -4.851626e-02
 1.907076e+00 -1.279362e+00 3.443500e-01
 2.079384e+00 -1.331663e+00 9.582489e-01
 1.888178e+00 -1.248238e+00 1.560396e+00
 1.432635e+00 -1.005183e+00 1.929035e+00
 8.872811e-01 -6.896508e-01 1.928119e+00
 3.563952e-01 -5.375743e-01 1.566789e+00
 3.259632e-02 -4.783717e-01 1.516839e+00
 -3.734494e-01 -5.583641e-01 1.524780e+00
 -7.535598e-01 -8.701732e-01 1.515688e+00
 -9.441279e-01 -1.328746e+00 1.469630e+00
 -9.008344e-01 -1.818815e+00 1.370064e+00
 -6.353209e-01 -2.219482e+00 1.240545e+00
 -2.245918e-01 -2.432343e+00 1.081744e+00
 2.430639e-01 -2.416691e+00 9.286757e-01
 6.713670e-01 -2.179292e+00 8.480852e-01
 9.552837e-01 -1.773128e+00 8.509552e-01
 1.058871e+00 -1.045777e+00 9.435004e-01
 1.175988e+00 -7.789107e-01 9.196740e-01
 1.591581e+00 -2.312473e-01 1.069096e+00
 1.679042e+00 2.677453e-01 1.092369e+00
 1.560762e+00 7.514979e-01 9.710854e-01
 1.245484e+00 1.097302e+00 7.548488e-01
 7.950128e-01 1.221770e+00 5.315152e-01
 3.885444e-01 1.101432e+00 3.472564e-01
 7.956117e-02 7.500558e-01 2.087295e-02
 -1.383853e-01 6.537928e-01 -2.478846e-01
 -2.943611e-01 6.560854e-01 -6.002699e-01
 -2.559755e-01 6.194945e-01 -9.978503e-01
 3.022458e-02 4.952742e-01 -1.565950e+00
 7.886503e-02 2.555743e-01 -1.970302e+00
 -6.940122e-02 -5.325468e-02 -2.303045e+00
 -3.838692e-01 -3.606890e-01 -2.489017e+00
 -7.974122e-01 -5.990986e-01 -2.489130e+00
 -1.221697e+00 -7.158568e-01 -2.304408e+00
 -1.564397e+00 -6.847098e-01 -1.977312e+00
 -1.743047e+00 -5.354876e-01 -1.561534e+00
 -1.722135e+00 -2.904584e-01 -1.155967e+00
 -1.559270e+00 -1.533533e-02 -9.074656e-01
 -1.360950e+00 3.462794e-01 -8.238655e-01
 -1.235430e+00 9.105087e-01 -8.933613e-01
 -8.005655e-01 2.035762e+00 -1.123715e+00
 -5.469776e-01 2.335621e+00 -1.122100e+00
 -2.112966e-01 2.528312e+00 -1.056023e+00
 1.597116e-01 2.584338e+00 -9.407898e-01
 5.136980e-01 2.494593e+00 -7.991181e-01
 8.020886e-01 2.271396e+00 -6.571249e-01
 9.856863e-01 1.946304e+00 -5.409537e-01
 1.040350e+00 1.567779e+00 -4.732812e-01
 9.658959e-01 1.142802e+00 -4.888968e-01
 7.546270e-01 5.505597e-01 -7.283944e-01
 6.330621e-01 1.462246e-01 -7.134137e-01
 3.061593e-01 -1.908395e-01 -6.718806e-01
 -9.627409e-02 -3.547079e-01 -5.864119e-01
 -6.857555e-01 -3.215261e-01 -3.035224e-01
 -1.199432e+00 -1.929829e-01 6.684667e-02
 -1.656862e+00 3.766568e-02 1.407432e-01
 -2.067855e+00 3.019464e-01 -4.110453e-02
 -2.324722e+00 5.302428e-01 -4.329032e-01
 -2.362658e+00 6.639791e-01 -9.349893e-01
 -2.172624e+00 6.686533e-01 -1.419542e+00
 -1.792967e+00 5.573563e-01 -1.762995e+00
 -1.320132e+00 3.681757e-01 -1.868584e+00
 -9.498403e-01 1.346051e-01 -1.748702e+00
