 1.212956e+00 1.765949e+00 1.241708e+00
 1.018740e+00 1.819775e+00 1.628188e+00
 6.881041e-01 1.733223e+00 1.936938e+00
 3.073771e-01 1.507785e+00 2.089531e+00
 -5.423095e-02 1.237878e+00 2.049997e+00
 -3.351099e-01 9.706976e-01 1.832876e+00
 -4.876019e-01 7.509436e-01 1.481715e+00
 -4.642489e-01 5.165136e-01 8.535835e-01
 -4.447829e-01 3.196206e-01 6.095065e-01
 -4.530909e-01 1.012856e-01 4.619405e-01
 -6.135569e-01 -2.164154e-01 2.978775e-01
 -6.762229e-01 -3.905934e-01 1.567545e-01
 -6.843719e-01 -5.803144e-01 -1.033151e-02
 -6.242649e-01 -7.902264e-01 -3.024275e-01
 -6.645739e-01 -9.236834e-01 -4.958105e-01
 -8.581529e-01 -1.098057e+00 -7.253661e-01
 -1.091677e+00 -1.143643e+00 -9.458490e-01
 -1.308177e+00 -1.086159e+00 -1.142312e+00
 -1.563326e+00 -9.117734e-01 -1.340556e+00
 -1.763378e+00 -6.674024e-01 -1.456440e+00
 -1.904872e+00 -3.705184e-01 -1.495845e+00
 -1.977031e+00 -5.426541e-02 -1.456795e+00
 -1.976268e+00 2.501946e-01 -1.344219e+00
 -1.754144e+00 1.064962e+00 -8.000369e-01
 -1.640364e+00 1.359447e+00 -5.721023e-01
 -1.509272e+00 1.516612e+00 -3.968945e-01
 -1.325519e+00 1.619503e+00 -2.153405e-01
 -1.103815e+00 1.651661e+00 -3.620651e-02
 -8.485339e-01 1.610604e+00 1.141985e-01
 -5.786519e-01 1.502328e+00 2.046785e-01
 -3.362249e-01 1.339054e+00 2.263245e-01
 4.270005e-02 1.052568e+00 1.217225e-01
 2.864791e-01 9.005896e-01 -2.231051e-02
 6.857561e-01 7.993736e-01 -3.058805e-01
 9.570161e-01 5.066216e-01 -5.367518e-01
 1.028414e+00 1.070726e-01 -8.358470e-01
 8.637771e-01 -2.770804e-01 -1.080448e+00
 5.607801e-01 -5.266154e-01 -1.182844e+00
 1.213261e-01 -6.371544e-01 -1.341483e+00
 -3.807079e-01 -5.101284e-01 -1.414110e+00
 -7.138729e-01 -2.687104e-01 -1.324258e+00
 -1.019408e+00 -8.125141e-02 -9.743703e-01
 -1.368719e+00 -1.760504e-01 -6.441536e-01
 -1.559665e+00 -3.427644e-01 -4.903415e-01
 -1.671701e+00 -6.508264e-01 -2.627235e-01
 -1.627075e+00 -9.787394e-01 -6.447351e-02
 -1.444709e+00 -1.272743e+00 9.640149e-02
 -1.151325e+00 -1.512983e+00 1.872375e-01
 -8.390619e-01 -1.660208e+00 1.886605e-01
 -2.128239e-01 -1.766735e+00 6.559549e-02
 3.437605e-02 -1.900612e+00 8.796449e-02
 2.263961e-01 -2.069899e+00 4.807749e-02
 4.773761e-01 -2.256419e+00 -1.413835e-01
 6.854491e-01 -2.344199e+00 -4.046145e-01
 8.675601e-01 -2.316159e+00 -7.255192e-01
 9.803681e-01 -2.182929e+00 -1.027551e+00
 1.019400e+00 -1.970609e+00 -1.288787e+00
 9.034041e-01 -8.988014e-01 -2.066853e+00
 8.178011e-01 -5.564544e-01 -2.171000e+00
 6.859301e-01 -2.094404e-01 -2.150282e+00
 5.188161e-01 9.617059e-02 -2.003865e+00
 3.334691e-01 3.144746e-01 -1.747240e+00
 1.631111e-01 4.094426e-01 -1.413627e+00
 4.541405e-02 3.687836e-01 -1.032462e+00
 -1.532595e-02 2.142576e-01 -7.602818e-01
 -8.553947e-03 9.625359e-02 -6.087732e-01
 1.039421e-01 -5.931641e-02 -4.062115e-01
 2.885181e-01 -2.961774e-01 -1.937345e-01
 3.337971e-01 -5.625274e-01 2.500549e-02
 1.319731e-01 -1.197651e+00 8.374245e-01
 4.243053e-03 -1.469462e+00 1.020403e+00
 -1.380699e-01 -1.787414e+00 1.090036e+00
 -2.715669e-01 -2.108299e+00 1.037904e+00
 -3.823099e-01 -2.392559e+00 8.744205e-01
 -4.679929e-01 -2.602899e+00 6.232765e-01
 -5.291839e-01 -2.718629e+00 3.114055e-01
 -5.495199e-01 -2.731449e+00 -3.175351e-02
 -5.077389e-01 -2.646639e+00 -3.633295e-01
 -4.113439e-01 -2.471449e+00 -6.448063e-01
 -2.691839e-01 -2.222609e+00 -8.450050e-01
 -9.269595e-02 -1.935109e+00 -9.333894e-01
 1.040531e-01 -1.659825e+00 -9.028615e-01
 2.931431e-01 -1.464134e+00 -7.835307e-01
 5.284741e-01 -1.354298e+00 -6.200679e-01
 8.789311e-01 -1.308392e+00 -3.829555e-01
 1.068555e+00 -1.236081e+00 -1.733765e-01
 1.200248e+00 -1.115481e+00 6.045349e-02
 1.286631e+00 -8.985564e-01 4.015405e-01
 1.394556e+00 -3.892544e-01 1.128834e+00
 1.374762e+00 -1.424214e-01 1.344196e+00
 1.295113e+00 1.150646e-01 1.479155e+00
 1.163939e+00 3.758996e-01 1.537179e+00
 9.889591e-01 6.228716e-01 1.514906e+00
 7.844961e-01 8.124596e-01 1.429319e+00
 4.437831e-01 1.067510e+00 1.149676e+00
 2.774581e-01 1.314324e+00 1.077350e+00
 1.917651e-01 1.603212e+00 1.046386e+00
 2.323651e-01 1.986553e+00 9.663175e-01
 4.228761e-01 2.321400e+00 8.668995e-01
 7.140381e-01 2.542634e+00 7.387205e-01
 1.031736e+00 2.630025e+00 5.850365e-01
 1.343596e+00 2.587375e+00 4.121165e-01
 1.622694e+00 2.424182e+00 2.616835e-01
 1.832932e+00 2.166937e+00 1.503805e-01
 1.956156e+00 1.850774e+00 9.333349e-02
 1.981764e+00 1.512984e+00 9.165749e-02
 1.909581e+00 1.189661e+00 1.409715e-01
 1.748678e+00 9.139496e-01 2.323335e-01
 1.227296e+00 4.680916e-01 4.874135e-01
 8.445741e-01 2.619996e-01 5.746905e-01
 6.943241e-01 1.678456e-01 6.484915e-01
 6.040311e-01 1.080816e-01 7.231905e-01
 2.951691e-01 -1.469834e-01 1.132263e+00
 -1.315395e-02 -3.042144e-01 1.300581e+00
 -3.900699e-01 -3.789384e-01 1.363499e+00
 -7.781629e-01 -3.411314e-01 1.328831e+00
 -1.111480e+00 -1.987754e-01 1.204680e+00
 -1.341974e+00 -1.395409e-03 9.940805e-01
 -1.452650e+00 2.142416e-01 7.187965e-01
 -1.439024e+00 4.038766e-01 4.037535e-01
 -1.304105e+00 5.537556e-01 1.088055e-01
 -8.774969e-01 7.074716e-01 -3.538795e-01
 -7.672659e-01 8.477226e-01 -5.642198e-01
 -5.685449e-01 1.117737e+00 -7.530175e-01
 -2.866429e-01 1.379811e+00 -8.174621e-01
 9.434053e-03 1.612403e+00 -7.433873e-01
 3.086191e-01 1.789259e+00 -5.396164e-01
 5.563101e-01 1.856550e+00 -2.822625e-01
 7.522791e-01 1.819698e+00 -3.481151e-02
 9.608101e-01 1.646446e+00 3.041995e-01
 1.065828e+00 1.605814e+00 5.191005e-01
 1.219860e+00 1.640398e+00 8.062605e-01
