 -1.811962e-01 -2.179032e-01 -1.184592e+00
 -3.229122e-01 -1.745696e-01 -1.245869e+00
 -5.469704e-01 -9.984289e-02 -1.392915e+00
 -8.325599e-01 -1.339799e-01 -1.674638e+00
 -1.095934e+00 -3.327026e-01 -1.923382e+00
 -1.316791e+00 -6.432660e-01 -2.058597e+00
 -1.493219e+00 -1.009703e+00 -2.048825e+00
 -1.597930e+00 -1.374156e+00 -1.893214e+00
 -1.621792e+00 -1.673870e+00 -1.609198e+00
 -1.565538e+00 -1.855309e+00 -1.231024e+00
 -1.435819e+00 -1.876668e+00 -8.170231e-01
 -9.579375e-01 -1.464762e+00 1.718013e-01
 -8.294034e-01 -1.360414e+00 3.579001e-01
 -6.585220e-01 -1.243399e+00 5.015880e-01
 -4.670534e-01 -1.132742e+00 5.816884e-01
 -2.604142e-01 -1.054851e+00 6.100838e-01
 -9.384466e-02 -1.027700e+00 6.236250e-01
 1.428353e-01 -1.048422e+00 6.799321e-01
 4.975936e-01 -1.127696e+00 8.463607e-01
 8.453179e-01 -1.060733e+00 9.965425e-01
 1.155732e+00 -8.780451e-01 1.080699e+00
 1.390630e+00 -6.188823e-01 1.089071e+00
 1.536600e+00 -3.308421e-01 1.023828e+00
 1.583354e+00 -7.502000e-02 9.221444e-01
 1.546373e+00 2.011188e-01 8.120109e-01
 1.450122e+00 4.098232e-01 7.360223e-01
 1.361695e+00 5.241248e-01 7.124849e-01
 1.283811e+00 6.334356e-01 7.111604e-01
 1.207502e+00 8.125532e-01 6.967393e-01
 1.166876e+00 9.831485e-01 6.715348e-01
 1.130184e+00 1.529321e+00 5.752917e-01
 1.024310e+00 2.024952e+00 4.353606e-01
 7.689116e-01 2.357845e+00 2.269803e-01
 3.981001e-01 2.513375e+00 -1.923910e-02
 -1.058617e-02 2.458009e+00 -2.445385e-01
 -3.737329e-01 2.207840e+00 -3.970219e-01
 -1.079285e+00 1.090301e+00 -5.352635e-01
 -1.158264e+00 8.188305e-01 -5.574508e-01
 -1.159065e+00 5.489661e-01 -5.759012e-01
 -1.093724e+00 2.912868e-01 -5.699981e-01
 -8.253187e-01 -2.778839e-01 -3.754289e-01
 -5.802736e-01 -5.717470e-01 -3.291705e-01
 -2.312130e-01 -1.028752e+00 -4.114204e-01
 -7.696313e-02 -1.383389e+00 -3.404749e-01
 3.239120e-03 -1.717265e+00 -1.244713e-01
 1.656501e-02 -1.954127e+00 2.022535e-01
 -1.991938e-02 -2.052961e+00 5.828736e-01
 -8.748588e-02 -2.004249e+00 9.570946e-01
 -1.651760e-01 -1.827760e+00 1.269358e+00
 -2.177322e-01 -1.544431e+00 1.500195e+00
 -2.412145e-01 -1.197572e+00 1.619652e+00
 -3.145405e-01 6.909244e-02 1.578848e+00
 -4.603696e-01 4.950671e-01 1.409077e+00
 -6.358418e-01 7.274482e-01 1.172922e+00
 -8.237568e-01 8.032350e-01 9.519128e-01
 -1.077927e+00 7.948712e-01 7.179690e-01
 -1.308573e+00 6.977895e-01 5.385438e-01
 -1.505395e+00 5.263237e-01 4.037833e-01
 -1.824000e+00 -2.855170e-03 1.078768e-01
 -1.890509e+00 -3.619158e-01 -2.406457e-01
 -1.756850e+00 -6.487120e-01 -6.435266e-01
 -1.452823e+00 -8.177948e-01 -9.745029e-01
 -1.064426e+00 -9.636843e-01 -1.122182e+00
 -8.885744e-01 -1.059944e+00 -1.212621e+00
 -6.200374e-01 -1.130991e+00 -1.463024e+00
 -3.669282e-01 -1.058328e+00 -1.752787e+00
 -1.474741e-01 -8.484007e-01 -1.994408e+00
 4.467887e-02 -5.229317e-01 -2.135612e+00
 1.744344e-01 -1.312307e-01 -2.141078e+00
 2.206396e-01 2.618185e-01 -1.997568e+00
 1.755809e-01 5.847210e-01 -1.719436e+00
 4.924276e-02 7.714111e-01 -1.356513e+00
 -1.114500e-01 7.850552e-01 -9.525455e-01
 -1.594562e-01 6.728213e-01 -5.282073e-01
 -1.567208e-01 5.460281e-01 -1.360028e-01
 -2.734369e-01 2.323722e-01 3.201786e-01
 -4.081416e-01 -3.597701e-02 5.288137e-01
 -7.784883e-01 -1.838969e-01 6.630850e-01
 -1.110709e+00 -2.235172e-01 9.765721e-01
 -1.402794e+00 3.548092e-02 1.356815e+00
 -1.541401e+00 4.560806e-01 1.615692e+00
 -1.497591e+00 9.193577e-01 1.727462e+00
 -1.305035e+00 1.328053e+00 1.696246e+00
 -1.027515e+00 1.610390e+00 1.551999e+00
 -7.310838e-01 1.743554e+00 1.342980e+00
 -4.948404e-01 1.743219e+00 1.141452e+00
 9.073857e-01 1.275687e+00 -9.723918e-01
 1.211484e+00 8.833834e-01 -1.290087e+00
 1.502033e+00 3.591908e-01 -1.288145e+00
 1.644669e+00 -1.449936e-01 -9.581182e-01
 1.505296e+00 -4.792390e-01 -4.524914e-01
 1.120135e+00 -5.344753e-01 1.790530e-02
 6.504583e-01 -1.830810e-01 4.727605e-01
 5.430320e-01 -5.881871e-02 9.197887e-01
 6.518698e-01 1.077718e-01 1.323467e+00
 8.999132e-01 3.131069e-01 1.603997e+00
 1.230419e+00 5.468730e-01 1.729482e+00
 1.575022e+00 7.856831e-01 1.680283e+00
 1.876017e+00 9.870645e-01 1.467582e+00
 2.091278e+00 1.109768e+00 1.126887e+00
 2.182177e+00 1.133838e+00 7.143783e-01
 2.115683e+00 1.076200e+00 2.950669e-01
 1.892385e+00 9.410080e-01 -5.913476e-02
 1.559550e+00 7.369779e-01 -2.720817e-01
 1.182833e+00 5.273445e-01 -2.997477e-01
 1.019280e+00 4.421783e-01 -3.533324e-01
 8.887639e-01 3.766957e-01 -4.384755e-01
 7.742934e-01 2.776252e-01 -5.405215e-01
 6.460646e-01 8.839662e-02 -7.011435e-01
 5.105310e-01 -4.217432e-02 -8.080348e-01
 3.299358e-01 -1.456771e-01 -9.180793e-01
 4.964059e-02 -2.236599e-01 -1.066002e+00
