 1.499944e+00 2.138507e+00 -2.079982e-01
 1.648497e+00 1.919072e+00 8.300110e-02
 1.669576e+00 1.622913e+00 3.415546e-01
 1.561058e+00 1.298012e+00 5.301161e-01
 1.347814e+00 1.000507e+00 6.199737e-01
 7.793049e-01 6.078639e-01 6.729638e-01
 5.042681e-01 4.325190e-01 9.132290e-01
 1.666897e-01 3.833928e-01 1.086608e+00
 -5.206357e-01 5.292467e-01 1.283322e+00
 -8.702519e-01 4.353469e-01 1.472524e+00
 -1.171646e+00 1.680527e-01 1.643521e+00
 -1.353326e+00 -2.177541e-01 1.729603e+00
 -1.413910e+00 -6.187382e-01 1.684235e+00
 -1.358365e+00 -9.922784e-01 1.519863e+00
 -1.171227e+00 -1.286980e+00 1.279212e+00
 -8.922613e-01 -1.440533e+00 9.921924e-01
 -2.402102e-01 -1.421345e+00 4.776685e-01
 3.635933e-02 -1.552364e+00 3.313099e-01
 1.964152e-01 -1.727124e+00 1.365051e-01
 2.916992e-01 -1.885576e+00 -1.821762e-01
 3.136458e-01 -1.928841e+00 -5.390594e-01
 2.759871e-01 -1.835362e+00 -9.220610e-01
 1.784615e-01 -1.640174e+00 -1.223228e+00
 2.245743e-02 -1.380848e+00 -1.421905e+00
 -2.182511e-01 -8.737579e-01 -1.553365e+00
 -2.954262e-01 -6.269044e-01 -1.760109e+00
 -2.742715e-01 -4.546143e-01 -1.893602e+00
 -1.883415e-01 -2.297670e-01 -2.001392e+00
 -6.118018e-02 1.031996e-02 -2.043952e+00
 8.455671e-02 2.756291e-01 -2.002148e+00
 2.253028e-01 4.974678e-01 -1.887356e+00
 3.774217e-01 6.718497e-01 -1.706467e+00
 8.664345e-01 1.044200e+00 -9.159494e-01
 9.321397e-01 1.148948e+00 -6.701349e-01
 9.243242e-01 1.269716e+00 -3.999863e-01
 8.623404e-01 1.341715e+00 -2.234121e-01
 7.564829e-01 1.438415e+00 -8.158160e-02
 6.710199e-01 1.607649e+00 8.076951e-02
 5.668954e-01 2.115476e+00 4.378893e-01
 4.534119e-01 2.320465e+00 7.173506e-01
 3.052204e-01 2.411264e+00 1.034693e+00
 1.479068e-01 2.379359e+00 1.355332e+00
 6.936137e-03 2.231536e+00 1.645798e+00
 -9.542203e-02 1.987942e+00 1.877975e+00
 -1.422437e-01 1.680003e+00 2.030851e+00
 -1.236287e-01 4.251772e-01 2.237170e+00
 -1.856705e-01 -4.506268e-02 2.097370e+00
 -2.953203e-01 -3.882153e-01 1.768162e+00
 -4.440289e-01 -5.268153e-01 1.343523e+00
 -6.285852e-01 -4.525259e-01 1.016275e+00
 -8.787982e-01 -3.956018e-01 8.304326e-01
 -1.372716e+00 -2.830225e-01 6.434476e-01
 -1.666741e+00 -9.429943e-02 3.657465e-01
 -1.789267e+00 1.343089e-01 -3.573403e-04
 -1.716389e+00 3.516251e-01 -3.815907e-01
 -1.464395e+00 4.849937e-01 -7.349838e-01
 -1.104875e+00 4.924384e-01 -9.818812e-01
 -7.104894e-01 3.598942e-01 -1.101798e+00
 -4.768425e-02 1.522608e-02 -1.027468e+00
 2.515254e-01 -1.006189e-01 -1.058395e+00
 5.440432e-01 -2.612907e-01 -1.257364e+00
 7.158629e-01 -4.454031e-01 -1.565281e+00
 7.294148e-01 -6.827797e-01 -1.918423e+00
 5.689121e-01 -9.194986e-01 -2.235855e+00
 2.815143e-01 -1.134204e+00 -2.436817e+00
 -7.812301e-02 -1.312789e+00 -2.491811e+00
 -4.688069e-01 -1.411994e+00 -2.405150e+00
 -8.260411e-01 -1.401102e+00 -2.199561e+00
 -1.089938e+00 -1.287108e+00 -1.905949e+00
 -1.217741e+00 -1.093628e+00 -1.568495e+00
 -1.138781e+00 -5.258291e-01 -7.200662e-01
 -9.642589e-01 -3.494237e-01 -3.934243e-01
 -8.232169e-01 -1.627062e-01 -2.225536e-01
 -7.634803e-01 6.794639e-02 -1.136357e-01
 -7.772245e-01 6.207346e-01 2.503122e-01
 -5.936103e-01 1.018747e+00 4.072553e-01
 -4.107307e-01 1.202123e+00 5.115930e-01
 -1.642827e-01 1.363520e+00 7.298006e-01
 1.586117e-02 1.410179e+00 9.323138e-01
 4.943004e-01 1.387920e+00 1.293604e+00
 7.382215e-01 1.233353e+00 1.520134e+00
 9.990945e-01 9.406830e-01 1.656612e+00
 1.216054e+00 5.947524e-01 1.636785e+00
 1.370302e+00 2.503340e-01 1.457240e+00
 1.422291e+00 -4.517208e-02 1.143362e+00
 1.232167e+00 -5.137604e-01 2.362519e-01
 1.038885e+00 -6.873594e-01 -7.691248e-02
 7.321673e-01 -8.382960e-01 -3.276377e-01
 4.211041e-01 -9.061464e-01 -4.603726e-01
 1.176979e-01 -9.223923e-01 -4.897213e-01
 -2.142511e-01 -1.019235e+00 -4.931393e-01
 -4.598141e-01 -1.254383e+00 -5.161524e-01
 -6.464366e-01 -1.555207e+00 -4.524507e-01
 -7.319123e-01 -1.884546e+00 -2.925648e-01
 -7.095161e-01 -2.175477e+00 -3.768138e-02
 -5.875102e-01 -2.374021e+00 2.781016e-01
 -3.861577e-01 -2.444640e+00 6.090389e-01
 -1.658436e-01 -2.366772e+00 9.176690e-01
 4.564600e-02 -2.150806e+00 1.165145e+00
 2.388260e-01 -1.833540e+00 1.300794e+00
 3.841845e-01 -1.464836e+00 1.300255e+00
 4.564988e-01 -1.099008e+00 1.164440e+00
 4.421534e-01 -8.014767e-01 9.241584e-01
 1.604444e-01 -3.395515e-01 3.509815e-01
 1.490378e-01 -2.168400e-01 2.317137e-01
 2.217994e-01 -2.581032e-02 5.457048e-02
 2.411928e-01 1.739817e-01 -6.061901e-02
 1.967683e-01 5.280642e-01 -1.857686e-01
 -3.923835e-02 9.145253e-01 -4.469607e-01
 -9.079552e-02 1.246181e+00 -6.105250e-01
 6.402088e-03 1.584287e+00 -7.556720e-01
 2.349248e-01 1.895755e+00 -8.290596e-01
 5.543475e-01 2.129819e+00 -8.063554e-01
 9.079795e-01 2.256568e+00 -6.801009e-01
 1.241076e+00 2.255635e+00 -4.738801e-01
