 5.366551e-01 -1.544730e+00 -4.449064e-01
 6.188125e-01 -1.143596e+00 -1.309248e+00
 5.877448e-01 -8.981918e-01 -1.585255e+00
 5.064240e-01 -5.824597e-01 -1.771461e+00
 3.717673e-01 -2.389695e-01 -1.847041e+00
 1.872238e-01 8.758836e-02 -1.807532e+00
 -1.135514e-01 4.300988e-01 -1.627360e+00
 -4.513430e-01 6.194362e-01 -1.386479e+00
 -6.752440e-01 6.287218e-01 -1.191116e+00
 -8.067348e-01 6.341756e-01 -1.128621e+00
 -9.379391e-01 6.738092e-01 -1.045140e+00
 -1.081970e+00 7.448230e-01 -8.931450e-01
 -1.384026e+00 9.219687e-01 -5.044215e-01
 -1.715785e+00 1.120564e+00 -4.275716e-02
 -1.809441e+00 1.187537e+00 1.999311e-01
 -1.843334e+00 1.226129e+00 4.700487e-01
 -1.807966e+00 1.236780e+00 7.428238e-01
 -1.694148e+00 1.234174e+00 1.006531e+00
 -1.507121e+00 1.212374e+00 1.231522e+00
 -1.264567e+00 1.161396e+00 1.390960e+00
 -9.829007e-01 1.069995e+00 1.473565e+00
 -6.760595e-01 9.219493e-01 1.468992e+00
 -4.271329e-01 7.500243e-01 1.375400e+00
 -2.456610e-01 5.548560e-01 1.204787e+00
 -1.532166e-01 3.473543e-01 9.808842e-01
 -1.642680e-01 6.218534e-02 7.136062e-01
 -6.709189e-02 -3.260605e-01 4.763958e-01
 -3.190997e-02 -5.241555e-01 2.552987e-01
 -5.646183e-02 -6.639603e-01 1.089357e-01
 -1.273630e-01 -8.574934e-01 -1.871285e-02
 -4.223310e-01 -1.151700e+00 -3.403746e-01
 -4.862234e-01 -1.472856e+00 -6.620062e-01
 -3.554440e-01 -1.843740e+00 -9.167838e-01
 -4.978900e-02 -2.170986e+00 -1.056012e+00
 3.741564e-01 -2.376049e+00 -1.058878e+00
 8.137373e-01 -2.432780e+00 -9.087145e-01
 1.170392e+00 -2.347489e+00 -6.240048e-01
 1.376576e+00 -2.132620e+00 -2.692998e-01
 1.394177e+00 -1.832626e+00 7.469995e-02
 1.211175e+00 -1.529024e+00 3.725156e-01
 9.059419e-01 -1.329924e+00 5.411505e-01
 6.304255e-01 -1.303513e+00 6.368168e-01
 2.124299e-02 -1.339695e+00 8.935978e-01
 -4.804925e-01 -1.206424e+00 8.919596e-01
 -8.703638e-01 -9.538783e-01 6.929611e-01
 -1.060115e+00 -6.285133e-01 3.707121e-01
 -1.013044e+00 -3.066859e-01 2.489002e-02
 -7.756316e-01 1.723620e-02 -2.109540e-01
 -1.448390e-01 4.773222e-01 -3.293691e-01
 3.487090e-01 7.559069e-01 -7.548815e-01
 5.646913e-01 1.375075e+00 -1.033518e+00
 5.034937e-01 2.117829e+00 -8.802397e-01
 1.008143e-01 2.572051e+00 -4.122636e-01
 -4.163152e-01 2.497258e+00 1.497770e-01
 -7.820878e-01 1.931652e+00 5.160805e-01
 -8.535643e-01 9.249182e-01 4.627667e-01
 -1.017504e+00 6.391630e-01 5.371850e-01
 -1.157844e+00 3.905038e-01 7.293870e-01
 -1.157099e+00 8.701566e-02 1.063610e+00
 -9.490134e-01 -1.985628e-01 1.361758e+00
 -5.960343e-01 -4.111245e-01 1.539382e+00
 -1.647731e-01 -5.173394e-01 1.574104e+00
 3.663560e-01 -5.083496e-01 1.424526e+00
 8.184731e-01 -4.052311e-01 1.035691e+00
 1.036302e+00 -4.083728e-01 9.169753e-01
 1.302981e+00 -3.258085e-01 8.144003e-01
 1.528237e+00 -1.543364e-01 6.872199e-01
 1.683663e+00 8.602431e-02 5.303916e-01
 1.742612e+00 3.516783e-01 3.791834e-01
 1.708618e+00 6.244523e-01 2.434039e-01
 1.588828e+00 8.794740e-01 1.344831e-01
 1.397237e+00 1.095233e+00 6.064074e-02
 1.153098e+00 1.254784e+00 2.664422e-02
 4.476994e-01 1.481136e+00 2.503849e-02
 1.898902e-01 1.525430e+00 -3.649916e-02
 -3.383985e-02 1.535448e+00 -1.505621e-01
 -1.787144e-01 1.543469e+00 -2.824230e-01
 -2.620616e-01 1.553761e+00 -3.796881e-01
 -3.299024e-01 1.566612e+00 -4.826565e-01
 -7.016876e-01 1.641375e+00 -1.237373e+00
 -8.605840e-01 1.573879e+00 -1.510458e+00
 -1.008383e+00 1.413537e+00 -1.745360e+00
 -1.131826e+00 1.174221e+00 -1.921825e+00
 -1.211514e+00 8.792145e-01 -2.024238e+00
 -1.236674e+00 5.569746e-01 -2.042787e+00
 -1.200627e+00 2.392709e-01 -1.976476e+00
 -1.098548e+00 -4.022875e-02 -1.836386e+00
 -9.414817e-01 -2.498718e-01 -1.636733e+00
 -7.012982e-01 -3.887034e-01 -1.365007e+00
 -3.545428e-01 -4.174146e-01 -1.070251e+00
 3.889218e-01 -3.301225e-01 -7.363762e-01
 5.772315e-01 -2.737712e-01 -5.669838e-01
 7.025091e-01 -1.704995e-01 -3.482299e-01
 7.588631e-01 -2.280442e-02 -1.137218e-01
 7.192518e-01 4.000805e-01 3.813585e-01
 7.787597e-01 5.490321e-01 6.705724e-01
 9.166000e-01 6.095961e-01 9.896359e-01
 1.074578e+00 5.439818e-01 1.303489e+00
 1.221713e+00 3.643443e-01 1.568405e+00
 1.330470e+00 9.642857e-02 1.760279e+00
 1.388434e+00 -2.227249e-01 1.860688e+00
 1.389491e+00 -5.699342e-01 1.866458e+00
 1.328964e+00 -8.799259e-01 1.793814e+00
 9.890456e-01 -1.919860e+00 1.379229e+00
 8.458628e-01 -2.176455e+00 1.129510e+00
 6.893760e-01 -2.309450e+00 8.067527e-01
 5.291566e-01 -2.302309e+00 4.564714e-01
 4.118697e-01 -2.159940e+00 1.298067e-01
 3.726102e-01 -1.923657e+00 -1.226272e-01
 4.275659e-01 -1.726389e+00 -2.609430e-01
