 1.608090e+00 -1.355679e+00 -7.575600e-01
 1.832955e+00 -1.293431e+00 -6.298500e-01
 2.040046e+00 -1.167321e+00 -4.209601e-01
 2.162083e+00 -1.006530e+00 -2.057373e-01
 2.201673e+00 -8.127005e-01 2.359131e-02
 2.151340e+00 -6.115040e-01 2.448957e-01
 2.023453e+00 -4.233714e-01 4.322162e-01
 1.838121e+00 -2.681160e-01 5.774902e-01
 1.153535e+00 9.242581e-02 8.707326e-01
 8.643376e-01 2.325702e-01 9.837672e-01
 7.222833e-01 2.807206e-01 1.027167e+00
 4.393597e-01 3.368750e-01 1.082810e+00
 1.513099e-01 4.484436e-01 1.095578e+00
 -7.642571e-02 6.405938e-01 1.210558e+00
 -2.293480e-01 9.589742e-01 1.292681e+00
 -2.773112e-01 1.362629e+00 1.280865e+00
 -2.293525e-01 1.726019e+00 1.150958e+00
 -1.299921e-01 1.999970e+00 9.092574e-01
 -5.041693e-03 2.155327e+00 6.010495e-01
 1.121904e-01 2.182697e+00 2.563438e-01
 2.349213e-01 2.076679e+00 -7.908667e-02
 3.554044e-01 1.849949e+00 -3.531779e-01
 4.509337e-01 1.531607e+00 -5.290186e-01
 5.106973e-01 1.108447e+00 -5.940652e-01
 5.509913e-01 3.332046e-01 -6.397555e-01
 5.197785e-01 1.301911e-01 -6.602914e-01
 3.855891e-01 -1.951291e-01 -6.835704e-01
 2.106239e-01 -3.808572e-01 -6.959174e-01
 -2.630427e-01 -6.043509e-01 -6.560049e-01
 -7.743887e-01 -6.169614e-01 -3.770018e-01
 -1.134188e+00 -3.254353e-01 2.756660e-02
 -1.133144e+00 4.419263e-02 5.007427e-01
 -1.208701e+00 2.047858e-01 7.196652e-01
 -1.370743e+00 4.858156e-01 9.006502e-01
 -1.541436e+00 7.939502e-01 9.524671e-01
 -1.673470e+00 1.122487e+00 8.838671e-01
 -1.733921e+00 1.432196e+00 7.109455e-01
 -1.714159e+00 1.685316e+00 4.576977e-01
 -1.615880e+00 1.852361e+00 1.548325e-01
 -1.448422e+00 1.912295e+00 -1.619215e-01
 -1.228654e+00 1.853865e+00 -4.533021e-01
 -8.432968e-01 1.580487e+00 -8.043136e-01
 -2.976430e-01 1.114659e+00 -1.244890e+00
 -1.456567e-01 8.898960e-01 -1.356614e+00
 -5.492922e-02 6.117784e-01 -1.429883e+00
 -4.372756e-02 3.584757e-01 -1.456505e+00
 -8.391036e-02 1.723622e-01 -1.493743e+00
 -1.196714e-01 -1.273889e-01 -1.622920e+00
 -7.084863e-02 -4.421500e-01 -1.691298e+00
 7.030605e-02 -1.197119e+00 -1.591580e+00
 1.887829e-01 -1.737026e+00 -1.465744e+00
 2.965409e-01 -1.990489e+00 -1.329857e+00
 4.534360e-01 -2.192246e+00 -1.121635e+00
 6.533777e-01 -2.304261e+00 -8.529899e-01
 8.679363e-01 -2.291463e+00 -5.305395e-01
 1.042287e+00 -2.131432e+00 -2.078878e-01
 1.157792e+00 -1.831672e+00 5.060455e-02
 1.195709e+00 -1.449483e+00 1.762504e-01
 1.201963e+00 -1.008238e+00 1.320339e-01
 1.179937e+00 -6.946315e-01 -5.715609e-02
 1.312439e+00 -4.567850e-01 -3.577807e-01
 1.421191e+00 -3.570888e-01 -6.665939e-01
 1.372208e+00 -2.594631e-01 -1.084420e+00
 6.799213e-01 2.471276e-01 -2.166042e+00
 4.213516e-01 3.595642e-01 -2.361934e+00
 9.053263e-02 4.451115e-01 -2.463764e+00
 -2.772866e-01 5.025096e-01 -2.441733e+00
 -6.284126e-01 5.286765e-01 -2.281866e+00
 -9.053114e-01 5.140127e-01 -1.996533e+00
 -1.054178e+00 4.665609e-01 -1.622969e+00
 -1.042866e+00 4.018590e-01 -1.220014e+00
 -8.718216e-01 3.546650e-01 -8.547247e-01
 -5.186511e-01 3.926772e-01 -5.097001e-01
 -4.220579e-01 3.787419e-01 -3.722395e-01
 -3.416632e-01 3.195403e-01 -1.658841e-01
 -2.498846e-01 2.437750e-01 -6.412477e-03
 -8.822481e-02 1.953071e-02 1.990608e-01
 3.186924e-01 -4.160329e-01 3.968025e-01
 4.383274e-01 -6.226878e-01 6.601147e-01
 4.527352e-01 -8.672419e-01 8.723956e-01
 3.517747e-01 -1.119545e+00 1.079534e+00
 1.621816e-01 -1.318476e+00 1.244917e+00
 -1.008236e-01 -1.454425e+00 1.376941e+00
 -4.019008e-01 -1.516084e+00 1.451713e+00
 -7.119026e-01 -1.503187e+00 1.464691e+00
 -1.001865e+00 -1.420648e+00 1.418262e+00
 -1.248679e+00 -1.278026e+00 1.319111e+00
 -1.793097e+00 -7.163493e-01 8.983746e-01
 -2.086740e+00 -3.243263e-01 6.052428e-01
 -2.150826e+00 -2.842633e-02 3.845951e-01
 -2.076031e+00 2.698146e-01 1.672496e-01
 -1.869599e+00 5.439724e-01 -2.530486e-03
 -1.559925e+00 7.733599e-01 -7.606984e-02
 -1.250654e+00 9.003912e-01 -3.132471e-02
 -9.181251e-01 1.081347e+00 1.630189e-01
 -6.799027e-01 1.185678e+00 2.282667e-01
 -3.966057e-01 1.231746e+00 2.663661e-01
 -1.948647e-01 1.211319e+00 2.699615e-01
 7.538287e-02 1.149140e+00 3.373628e-01
 4.057771e-01 1.223111e+00 4.886135e-01
 6.418411e-01 1.305082e+00 8.058383e-01
 7.447517e-01 1.307609e+00 1.183539e+00
 7.352692e-01 1.187502e+00 1.561539e+00
 6.480070e-01 9.625794e-01 1.860667e+00
 5.077783e-01 6.641546e-01 2.048497e+00
 3.324486e-01 3.334814e-01 2.104270e+00
 1.173484e-01 1.524898e-02 2.022489e+00
 -1.110141e-01 -2.394248e-01 1.803029e+00
 -4.880635e-01 -5.421268e-01 1.126699e+00
 -5.467237e-01 -6.633927e-01 9.105292e-01
 -5.619248e-01 -8.442980e-01 6.959945e-01
 -4.823138e-01 -1.053558e+00 4.963825e-01
 -3.113595e-01 -1.218032e+00 2.854911e-01
 9.320914e-02 -1.361480e+00 -9.564261e-02
 3.011917e-01 -1.387221e+00 -3.258344e-01
 4.411142e-01 -1.362815e+00 -5.093373e-01
 6.272082e-01 -1.295063e+00 -6.672877e-01
 8.171131e-01 -1.300400e+00 -7.845323e-01
 1.092547e+00 -1.334720e+00 -8.505264e-01
 1.360472e+00 -1.361823e+00 -8.343726e-01
