 -1.036979e+00 -1.282519e+00 -1.676943e+00
 -8.215830e-01 -1.513861e+00 -1.727157e+00
 -5.298733e-01 -1.691857e+00 -1.719333e+00
 -2.170509e-01 -1.773925e+00 -1.661448e+00
 9.578855e-02 -1.757421e+00 -1.563638e+00
 3.757406e-01 -1.644749e+00 -1.441462e+00
 5.949569e-01 -1.450324e+00 -1.306257e+00
 7.324989e-01 -1.196563e+00 -1.168824e+00
 8.038559e-01 -7.201441e-01 -9.353421e-01
 8.038563e-01 -3.232291e-01 -6.828246e-01
 7.711357e-01 -1.063282e-01 -5.005169e-01
 6.843554e-01 2.142835e-01 -9.250031e-02
 5.258241e-01 5.594831e-01 1.152270e-01
 3.550323e-01 7.841792e-01 2.673962e-01
 -6.434509e-02 1.516745e+00 3.833174e-01
 -3.183054e-01 1.740590e+00 4.770198e-01
 -6.278952e-01 1.859010e+00 5.967139e-01
 -9.556755e-01 1.856806e+00 7.279509e-01
 -1.262081e+00 1.733520e+00 8.549083e-01
 -1.509622e+00 1.503445e+00 9.620719e-01
 -1.671452e+00 1.186908e+00 1.037665e+00
 -1.727910e+00 8.491555e-01 1.049783e+00
 -1.674425e+00 5.100455e-01 1.013671e+00
 -1.492452e+00 1.920109e-01 9.614687e-01
 -1.215704e+00 -3.603885e-02 8.856100e-01
 -8.800969e-01 -1.484514e-01 7.826993e-01
 -6.487201e-01 -1.356122e-01 7.104829e-01
 -3.315118e-02 -3.336013e-02 7.488241e-01
 2.635637e-01 -7.163844e-02 8.548597e-01
 5.710002e-01 3.082388e-02 9.976916e-01
 8.224443e-01 4.160636e-02 1.116154e+00
 1.125868e+00 -4.406203e-02 1.211086e+00
 1.397853e+00 -2.274000e-01 1.260993e+00
 1.617530e+00 -4.875308e-01 1.245068e+00
 1.760518e+00 -7.824089e-01 1.151677e+00
 1.818140e+00 -1.068763e+00 9.835301e-01
 1.784469e+00 -1.319144e+00 7.589238e-01
 1.654757e+00 -1.513280e+00 5.127215e-01
 1.443833e+00 -1.628678e+00 2.738366e-01
 1.175755e+00 -1.652377e+00 6.837485e-02
 8.806650e-01 -1.581577e+00 -8.144688e-02
 5.921144e-01 -1.424114e+00 -1.594123e-01
 3.489137e-01 -1.195464e+00 -1.637210e-01
 9.086501e-02 -7.292594e-01 -9.088381e-02
 -7.710878e-02 -5.367200e-01 -1.365942e-01
 -2.154453e-01 -3.170800e-01 -2.516678e-01
 -3.529755e-01 2.945043e-01 -2.984421e-01
 -3.823550e-01 4.525205e-01 -3.360892e-01
 -3.648742e-01 8.881206e-01 -5.213611e-01
 -3.630168e-01 1.140429e+00 -7.261104e-01
 -2.810704e-01 1.348254e+00 -9.722066e-01
 -1.249809e-01 1.489512e+00 -1.200827e+00
 9.675602e-02 1.568017e+00 -1.401883e+00
 3.614403e-01 1.576443e+00 -1.557670e+00
 6.457157e-01 1.518767e+00 -1.651591e+00
 9.245249e-01 1.402910e+00 -1.674728e+00
 1.175743e+00 1.242126e+00 -1.623914e+00
 1.379502e+00 1.056084e+00 -1.500427e+00
 1.517456e+00 8.609070e-01 -1.316041e+00
 1.754451e+00 9.950667e-02 -4.028631e-01
 1.738274e+00 -8.219808e-02 -2.001058e-01
 1.648742e+00 -2.678459e-01 -7.552120e-03
 1.484525e+00 -4.401153e-01 1.609673e-01
 1.108049e+00 -6.619595e-01 3.774968e-01
 9.759818e-01 -7.521373e-01 5.010611e-01
 8.739561e-01 -8.718383e-01 6.545642e-01
 8.057429e-01 -9.470721e-01 8.347258e-01
 7.065868e-01 -9.747488e-01 1.133741e+00
 4.799193e-01 -7.950953e-01 2.096030e+00
 3.489076e-01 -7.039751e-01 2.355013e+00
 1.529013e-01 -5.645573e-01 2.576349e+00
 -5.993834e-02 -3.971345e-01 2.707730e+00
 -2.835619e-01 -2.021246e-01 2.755939e+00
 -4.969720e-01 6.043853e-03 2.717565e+00
 -6.797966e-01 2.115858e-01 2.596564e+00
 -8.144190e-01 3.990546e-01 2.404004e+00
 -8.873297e-01 5.545094e-01 2.157167e+00
 -8.903400e-01 6.667009e-01 1.878216e+00
 -7.211018e-01 8.211764e-01 1.203661e+00
 -7.102031e-01 8.490072e-01 9.960767e-01
 -7.421136e-01 8.613124e-01 7.690718e-01
 -8.418051e-01 8.524719e-01 5.199972e-01
 -1.158045e+00 8.946954e-01 1.654003e-01
 -1.288482e+00 8.896414e-01 -6.567281e-02
 -1.361325e+00 8.720759e-01 -3.221228e-01
 -1.401451e+00 7.562322e-01 -1.390600e+00
 -1.354539e+00 6.534502e-01 -1.681320e+00
 -1.259402e+00 4.852348e-01 -1.927081e+00
 -1.117966e+00 2.660818e-01 -2.107926e+00
 -9.337369e-01 2.885720e-02 -2.205170e+00
 -7.236942e-01 -2.031520e-01 -2.210092e+00
 -5.115310e-01 -4.163494e-01 -2.120041e+00
 -3.228202e-01 -5.853847e-01 -1.941725e+00
 -2.012606e-01 -7.073908e-01 -1.699736e+00
 -1.687994e-01 -7.713727e-01 -1.476269e+00
 -2.156944e-01 -8.466806e-01 -1.229051e+00
 -3.020834e-01 -9.808647e-01 -1.026653e+00
 -4.736233e-01 -1.144064e+00 -8.360543e-01
 -5.969756e-01 -1.225389e+00 -6.636275e-01
 -6.902246e-01 -1.285676e+00 -4.369674e-01
 -7.354728e-01 -1.310626e+00 -1.885270e-01
 -7.291337e-01 -1.299480e+00 6.614500e-02
 -5.214356e-01 -1.077964e+00 1.057474e+00
 -4.645028e-01 -9.148104e-01 1.336331e+00
 -4.182677e-01 -6.791724e-01 1.553608e+00
 -3.616743e-01 -4.066969e-01 1.685814e+00
 -2.581223e-01 -1.767634e-01 1.733192e+00
 1.375992e-02 1.966289e-01 1.821965e+00
 1.237290e-01 4.397069e-01 1.806002e+00
 2.640285e-01 6.867547e-01 1.705110e+00
 4.411490e-01 8.869810e-01 1.539696e+00
 1.017915e+00 1.271370e+00 8.900537e-01
 1.147116e+00 1.368834e+00 5.630120e-01
 1.164888e+00 1.408109e+00 2.007608e-01
 1.054291e+00 1.364479e+00 -2.372549e-01
 8.660118e-01 1.222964e+00 -5.781867e-01
 6.851580e-01 1.040307e+00 -7.563855e-01
 6.089093e-01 8.749376e-01 -8.637740e-01
 5.446841e-01 7.486539e-01 -9.988561e-01
 3.311794e-01 5.291937e-01 -1.178814e+00
 1.686073e-02 3.501010e-01 -1.307920e+00
 -2.864790e-01 2.390763e-01 -1.340543e+00
 -4.820263e-01 1.850867e-01 -1.303923e+00
 -7.741206e-01 -8.158913e-03 -1.176989e+00
 -9.623793e-01 -1.656404e-01 -1.203211e+00
 -1.127785e+00 -4.093849e-01 -1.300299e+00
 -1.202682e+00 -7.058092e-01 -1.429847e+00
 -1.167723e+00 -1.022519e+00 -1.573805e+00
