 1.366144e+00 3.652523e-01 -1.151363e+00
 1.564706e+00 1.057925e+00 -5.430144e-01
 1.524917e+00 1.303547e+00 -3.115649e-01
 1.375335e+00 1.530090e+00 -1.036235e-01
 1.116371e+00 1.733543e+00 6.031315e-02
 8.751674e-01 1.830294e+00 1.198720e-01
 5.543447e-01 1.918304e+00 7.247527e-02
 1.422326e-01 2.244331e+00 -1.356312e-01
 -2.193590e-01 2.333714e+00 -2.723346e-01
 -6.190718e-01 2.283867e+00 -3.384119e-01
 -9.856790e-01 2.096735e+00 -3.199299e-01
 -1.268918e+00 1.787079e+00 -2.131558e-01
 -1.394053e+00 1.455085e+00 -5.987644e-02
 -1.366412e+00 1.112886e+00 1.206483e-01
 -1.181043e+00 8.058162e-01 3.238498e-01
 -8.983668e-01 6.207459e-01 5.178133e-01
 -6.319423e-01 5.623934e-01 6.167822e-01
 -3.848847e-01 6.157111e-01 7.930714e-01
 -1.343182e-01 8.330687e-01 1.030841e+00
 1.101164e-01 1.136216e+00 1.115196e+00
 5.552775e-01 2.179833e+00 1.057448e+00
 6.974325e-01 2.486497e+00 9.101830e-01
 8.347622e-01 2.716257e+00 6.543076e-01
 9.534188e-01 2.836586e+00 3.231486e-01
 1.041748e+00 2.828835e+00 -3.918246e-02
 1.079581e+00 2.695759e+00 -3.840944e-01
 1.047867e+00 2.458724e+00 -6.690875e-01
 9.464825e-01 2.147581e+00 -8.575791e-01
 7.937801e-01 1.791623e+00 -9.167989e-01
 6.504372e-01 1.453441e+00 -8.305949e-01
 5.536856e-01 1.184038e+00 -6.322589e-01
 5.496222e-01 9.754052e-01 -3.466586e-01
 5.667974e-01 8.383908e-01 1.026936e-01
 6.214026e-01 5.761423e-01 4.100263e-01
 5.880654e-01 2.311858e-01 5.968216e-01
 5.746109e-01 -1.918777e-01 6.277966e-01
 6.481947e-01 -5.568954e-01 5.164761e-01
 8.320225e-01 -8.029343e-01 3.684191e-01
 1.109167e+00 -1.068405e+00 3.395907e-01
 1.314394e+00 -1.496534e+00 5.002233e-01
 1.261599e+00 -1.962260e+00 7.419626e-01
 9.296472e-01 -2.363872e+00 9.363801e-01
 4.282708e-01 -2.575050e+00 9.851635e-01
 -1.131575e-01 -2.552993e+00 8.621994e-01
 -5.131103e-01 -2.311197e+00 6.013993e-01
 -6.703025e-01 -1.986825e+00 2.186461e-01
 -5.858456e-01 -1.797638e+00 -1.410714e-01
 -4.919508e-01 -1.788399e+00 -4.903904e-01
 -5.655427e-01 -1.820900e+00 -8.888982e-01
 -8.341615e-01 -1.698738e+00 -1.287139e+00
 -1.161407e+00 -1.420876e+00 -1.516057e+00
 -1.438772e+00 -1.010901e+00 -1.548473e+00
 -1.573034e+00 -5.584321e-01 -1.392936e+00
 -1.535473e+00 -1.724659e-01 -1.083918e+00
 -1.321568e+00 7.222218e-02 -7.022847e-01
 -9.919570e-01 1.138131e-01 -3.891525e-01
 -5.500978e-01 4.587312e-02 -2.431939e-01
 1.308274e-02 4.025814e-02 -3.292029e-01
 4.288381e-01 -4.858378e-02 -4.183627e-01
 8.585378e-01 -6.685302e-02 -3.540134e-01
 1.181289e+00 -3.788184e-02 -2.149041e-01
 1.451240e+00 -3.202773e-02 8.684663e-02
 1.598491e+00 -1.218170e-01 4.912025e-01
 1.585785e+00 -3.147161e-01 8.887316e-01
 1.423042e+00 -5.785801e-01 1.199026e+00
 1.147754e+00 -8.760024e-01 1.361190e+00
 8.123972e-01 -1.148839e+00 1.348610e+00
 5.025827e-01 -1.373280e+00 1.156139e+00
 3.075503e-01 -1.535156e+00 8.496806e-01
 2.743483e-01 -1.631310e+00 5.653850e-01
 3.301204e-01 -1.763578e+00 3.248289e-01
 3.805841e-01 -1.983669e+00 1.266315e-01
 3.093473e-01 -2.295856e+00 -5.322360e-02
 8.171376e-02 -2.596377e+00 -2.089315e-01
 -2.592049e-01 -2.775456e+00 -3.259482e-01
 -6.495819e-01 -2.802808e+00 -4.205030e-01
 -1.027149e+00 -2.672823e+00 -4.832667e-01
 -1.333358e+00 -2.404326e+00 -5.110093e-01
 -1.509779e+00 -2.037464e+00 -5.205001e-01
 -1.528682e+00 -1.627811e+00 -5.157879e-01
 -1.383931e+00 -1.262993e+00 -5.114154e-01
 -1.105712e+00 -9.745000e-01 -5.649404e-01
 -8.688567e-01 -8.579211e-01 -6.864768e-01
 -6.647870e-01 -7.362348e-01 -9.079476e-01
 -5.380995e-01 -4.608844e-01 -1.157428e+00
 -4.687059e-01 -3.734021e-02 -1.286569e+00
 -4.424820e-01 3.895773e-01 -1.233990e+00
 -4.284952e-01 7.575363e-01 -1.002960e+00
 -4.521680e-01 1.142116e+00 -4.147295e-01
 -3.588601e-01 1.350227e+00 3.053307e-02
 -4.107626e-01 1.491332e+00 2.797016e-01
 -5.642968e-01 1.613743e+00 5.144824e-01
 -7.035885e-01 1.626322e+00 7.156416e-01
 -8.768296e-01 1.531309e+00 9.951721e-01
 -1.012991e+00 1.321117e+00 1.244891e+00
 -1.079102e+00 1.011039e+00 1.442543e+00
 -1.101166e+00 6.340581e-01 1.527308e+00
 -1.069648e+00 2.908585e-01 1.496927e+00
 -9.809659e-01 -1.323345e-02 1.376515e+00
 -8.528544e-01 -2.487128e-01 1.182149e+00
 -2.546582e-01 -8.435754e-01 1.881609e-01
 -1.727385e-01 -8.973013e-01 4.730214e-02
 2.321899e-01 -1.048561e+00 -4.764116e-01
 4.685205e-01 -9.906534e-01 -8.117101e-01
 7.409248e-01 -7.609610e-01 -1.122228e+00
 9.984697e-01 -4.118759e-01 -1.304890e+00
 1.195472e+00 -5.114429e-02 -1.317323e+00
