 1.756900e+00 -3.608918e-01 7.429967e-01
 1.567835e+00 -5.553849e-01 6.849262e-01
 1.332384e+00 -7.270200e-01 6.975186e-01
 1.012459e+00 -9.519830e-01 8.709154e-01
 8.124592e-01 -1.063100e+00 9.265887e-01
 5.953015e-01 -1.186988e+00 9.338626e-01
 3.884470e-01 -1.313456e+00 8.897828e-01
 -4.702177e-01 -1.831741e+00 4.710651e-01
 -8.249596e-01 -1.879915e+00 1.783239e-01
 -1.103745e+00 -1.741433e+00 -1.642592e-01
 -1.253360e+00 -1.442588e+00 -4.817081e-01
 -1.221195e+00 -8.850859e-01 -8.329193e-01
 -1.263424e+00 -6.889842e-01 -9.834382e-01
 -1.365036e+00 -5.234914e-01 -1.183958e+00
 -1.584811e+00 -3.209131e-01 -1.322114e+00
 -1.861465e+00 -2.470783e-02 -1.333799e+00
 -2.089362e+00 2.892604e-01 -1.189312e+00
 -2.236007e+00 5.620899e-01 -9.059112e-01
 -2.362434e+00 1.079872e+00 1.704925e-01
 -2.285976e+00 1.223569e+00 4.710776e-01
 -2.103861e+00 1.355640e+00 7.320032e-01
 -1.836842e+00 1.462018e+00 9.194584e-01
 -1.508693e+00 1.529911e+00 1.016068e+00
 -1.165952e+00 1.548111e+00 1.006828e+00
 -8.838910e-01 1.537332e+00 9.003478e-01
 -7.077560e-01 1.526346e+00 7.420075e-01
 -5.219490e-01 1.575349e+00 4.874298e-01
 -2.219061e-01 1.924102e+00 6.731398e-02
 -2.234432e-02 2.006376e+00 -2.541362e-01
 1.889230e-01 1.940263e+00 -5.746527e-01
 3.893986e-01 1.735781e+00 -8.401868e-01
 5.525546e-01 1.423479e+00 -1.008818e+00
 6.500212e-01 1.051032e+00 -1.057715e+00
 7.813995e-01 -2.609433e-01 -7.534094e-01
 7.021175e-01 -6.542435e-01 -2.882334e-01
 7.015644e-01 -1.003640e+00 -8.704905e-02
 7.461974e-01 -1.385699e+00 -4.805935e-02
 9.634474e-01 -1.789934e+00 -1.354936e-01
 1.318991e+00 -2.051530e+00 -3.199974e-01
 1.738543e+00 -2.104551e+00 -5.423755e-01
 2.157445e+00 -1.940739e+00 -6.995668e-01
 2.481271e+00 -1.582866e+00 -7.785774e-01
 2.616368e+00 -1.108347e+00 -7.855433e-01
 2.532458e+00 -6.275991e-01 -7.082261e-01
 2.252955e+00 -2.521520e-01 -5.548947e-01
 1.317455e+00 1.909855e-01 -7.468389e-03
 9.865990e-01 1.724119e-01 2.834342e-01
 9.006561e-01 2.034172e-01 5.924214e-01
 8.860699e-01 1.689880e-01 9.710125e-01
 1.013385e+00 -8.485022e-03 1.368686e+00
 1.248010e+00 -2.720112e-01 1.630166e+00
 1.508588e+00 -5.866135e-01 1.715235e+00
 1.764477e+00 -9.358951e-01 1.618986e+00
 1.958113e+00 -1.213081e+00 1.369629e+00
 2.070753e+00 -1.387301e+00 1.011492e+00
 2.088242e+00 -1.434577e+00 6.065492e-01
 2.013122e+00 -1.353254e+00 2.259722e-01
 1.707559e+00 -1.082749e+00 -2.807214e-01
 1.552722e+00 -1.086209e+00 -6.830458e-01
 1.182156e+00 -1.264012e+00 -1.026048e+00
 4.861993e-01 -1.352871e+00 -1.084608e+00
 -5.603708e-02 -1.327542e+00 -7.480174e-01
 -3.992649e-01 -9.893358e-01 -1.122176e-01
 -6.554190e-01 -8.210487e-01 1.277000e-01
 -8.955448e-01 -5.149859e-01 3.235803e-01
 -1.055483e+00 -1.311931e-02 5.275182e-01
 -1.118782e+00 3.343676e-01 5.308390e-01
 -1.246682e+00 7.117401e-01 3.997555e-01
 -1.332680e+00 9.564325e-01 1.954754e-01
 -1.361948e+00 1.198611e+00 3.479777e-02
 -1.420874e+00 1.535828e+00 -1.284385e-02
 -1.392932e+00 1.945199e+00 8.017429e-02
 -1.245177e+00 2.298809e+00 3.051431e-01
 -9.871814e-01 2.509208e+00 5.947493e-01
 -6.420964e-01 2.546069e+00 8.673016e-01
 -2.740743e-01 2.396686e+00 1.086393e+00
 2.389210e-02 2.077413e+00 1.221582e+00
 1.922120e-01 1.649229e+00 1.241105e+00
 1.960277e-01 1.202941e+00 1.137217e+00
 -1.064755e-01 3.591330e-01 5.927750e-01
 -5.411307e-02 5.930353e-02 1.872575e-01
 -1.613540e-01 -4.105911e-02 -3.664070e-01
 -2.718218e-01 -2.102858e-01 -8.230751e-01
 -3.314093e-01 -5.816736e-01 -1.372682e+00
 -4.639005e-01 -8.786656e-01 -1.593052e+00
 -7.509476e-01 -1.166608e+00 -1.731674e+00
 -1.133972e+00 -1.364351e+00 -1.747464e+00
 -1.547286e+00 -1.433931e+00 -1.638297e+00
 -1.914638e+00 -1.358659e+00 -1.428337e+00
 -2.163384e+00 -1.174210e+00 -1.134135e+00
 -2.253241e+00 -9.035182e-01 -7.992430e-01
 -2.166103e+00 -5.851096e-01 -5.098643e-01
 -1.935670e+00 -2.869503e-01 -3.308790e-01
 -1.620327e+00 -2.841755e-03 -3.086627e-01
 -1.131993e+00 3.520607e-01 -6.014174e-01
 -8.742815e-01 6.367610e-01 -6.572807e-01
 -5.781917e-01 8.694784e-01 -5.515932e-01
 -2.099480e-01 9.818999e-01 -3.975680e-01
 7.096986e-02 9.897751e-01 -2.215541e-01
 1.497914e-01 1.005657e+00 -1.695755e-01
 9.763846e-01 1.187887e+00 2.575975e-01
 1.263099e+00 1.149265e+00 4.253525e-01
 1.517448e+00 1.011887e+00 5.880558e-01
 1.714295e+00 7.931277e-01 7.207400e-01
 1.849613e+00 5.167395e-01 7.979074e-01
 1.903505e+00 2.197071e-01 8.225645e-01
 1.867636e+00 -1.106626e-01 8.039106e-01
