 2.237327e+00 4.396793e-01 -1.343450e-03
 2.159620e+00 1.065562e-01 -3.025880e-01
 1.934169e+00 -1.005680e-01 -5.935102e-01
 1.697824e+00 -1.318615e-01 -7.950477e-01
 1.398931e+00 -5.295455e-02 -1.172561e+00
 9.903992e-01 -1.082151e-01 -1.585802e+00
 5.420662e-01 -1.179847e-01 -1.741542e+00
 8.235775e-02 -5.516436e-02 -1.692956e+00
 -2.959444e-01 3.833184e-02 -1.447583e+00
 -5.276569e-01 1.788380e-01 -1.048590e+00
 -5.410089e-01 3.850442e-01 -6.553342e-01
 -4.167380e-01 6.442521e-01 -4.215903e-01
 -3.707479e-01 9.345630e-01 -3.138510e-01
 -4.542520e-01 1.252290e+00 -1.379244e-01
 -6.486397e-01 1.493488e+00 9.475915e-02
 -9.115171e-01 1.607038e+00 3.622939e-01
 -1.912989e+00 1.493030e+00 1.277404e+00
 -2.150140e+00 1.303856e+00 1.564518e+00
 -2.278310e+00 9.898400e-01 1.811991e+00
 -2.277885e+00 5.988343e-01 1.973847e+00
 -2.149469e+00 1.932512e-01 2.016167e+00
 -1.915414e+00 -1.586429e-01 1.923421e+00
 -1.619540e+00 -3.960920e-01 1.699819e+00
 -1.359484e+00 -4.858361e-01 1.376090e+00
 -1.207643e+00 -4.493957e-01 9.790670e-01
 -1.220667e+00 -3.755674e-01 6.651003e-01
 -1.276235e+00 -3.769478e-01 4.431933e-01
 -1.273268e+00 -4.267403e-01 1.365632e-01
 -1.201608e+00 -5.033761e-01 -1.234296e-01
 -5.338621e-01 -9.052360e-01 -1.193337e+00
 -2.750382e-01 -9.872144e-01 -1.400038e+00
 4.547028e-02 -1.048068e+00 -1.514339e+00
 3.927417e-01 -1.085186e+00 -1.518246e+00
 7.253396e-01 -1.080370e+00 -1.412182e+00
 1.001998e+00 -1.051846e+00 -1.203047e+00
 1.139684e+00 -1.012151e+00 -9.895984e-01
 1.223147e+00 -1.018713e+00 -7.452327e-01
 1.238654e+00 -9.686626e-01 -4.350721e-01
 1.169152e+00 -8.979253e-01 -1.488617e-01
 5.523568e-01 -5.699995e-01 8.911502e-01
 3.169274e-01 -3.991037e-01 1.107777e+00
 4.400178e-02 -2.263333e-01 1.204665e+00
 -2.134932e-01 -3.184073e-02 1.194150e+00
 -4.227461e-01 1.628948e-01 1.088111e+00
 -5.510634e-01 3.412170e-01 9.256300e-01
 -7.348189e-01 5.241857e-01 6.358851e-01
 -1.214582e+00 6.328546e-01 2.193041e-01
 -1.385983e+00 7.953404e-01 -1.156726e-01
 -1.389444e+00 9.820800e-01 -5.044576e-01
 -1.213665e+00 1.146441e+00 -8.649757e-01
 -9.011667e-01 1.221371e+00 -1.145310e+00
 -5.019030e-01 1.197852e+00 -1.300347e+00
 -9.577244e-02 1.093391e+00 -1.294917e+00
 2.744062e-01 8.559887e-01 -1.155749e+00
 4.610385e-01 5.514252e-01 -9.357765e-01
 4.667574e-01 1.641002e-01 -7.324924e-01
 3.671785e-01 -3.503091e-01 -7.124444e-01
 2.247402e-01 -8.822857e-01 -5.209243e-01
 2.469338e-01 -1.240798e+00 -5.114686e-01
 4.124363e-01 -1.619808e+00 -5.776607e-01
 6.776264e-01 -1.886612e+00 -7.036364e-01
 1.017509e+00 -2.021348e+00 -8.562478e-01
 1.376106e+00 -2.005733e+00 -1.015579e+00
 1.700560e+00 -1.846231e+00 -1.158998e+00
 1.944339e+00 -1.568821e+00 -1.271399e+00
 2.401803e+00 -3.237038e-01 -1.507897e+00
 2.426810e+00 3.766558e-02 -1.492946e+00
 2.350761e+00 3.797314e-01 -1.401248e+00
 2.189846e+00 6.573644e-01 -1.237411e+00
 1.962837e+00 8.371280e-01 -1.024614e+00
 1.697992e+00 8.967185e-01 -7.810058e-01
 1.447655e+00 8.256509e-01 -5.487638e-01
 1.263917e+00 6.457911e-01 -3.073308e-01
 1.200047e+00 4.090579e-01 -8.559834e-02
 1.239981e+00 2.526783e-01 1.791820e-01
 1.231525e+00 2.055286e-01 4.944481e-01
 1.100946e+00 2.674579e-01 8.971983e-01
 9.054802e-01 4.093831e-01 1.180851e+00
 2.789178e-01 7.796006e-01 1.568981e+00
 -1.639395e-01 9.071846e-01 1.729207e+00
 -5.550075e-01 9.137988e-01 1.775316e+00
 -9.333464e-01 8.381893e-01 1.724302e+00
 -1.223571e+00 7.116653e-01 1.588137e+00
 -1.687637e+00 4.540606e-01 1.120456e+00
 -1.917022e+00 3.043864e-01 9.957043e-01
 -2.121870e+00 3.564219e-02 9.039416e-01
 -2.222569e+00 -2.857565e-01 8.413984e-01
 -2.205271e+00 -6.289920e-01 7.802657e-01
 -2.073202e+00 -9.434948e-01 7.236608e-01
 -1.844296e+00 -1.191475e+00 6.631419e-01
 -1.543279e+00 -1.346673e+00 6.001892e-01
 -1.205017e+00 -1.390232e+00 5.377838e-01
 -8.699595e-01 -1.314946e+00 4.755872e-01
 -5.788183e-01 -1.128417e+00 4.227688e-01
 -3.778822e-01 -8.644496e-01 3.786038e-01
 -1.819066e-01 -2.999005e-01 2.121700e-01
 -7.663829e-03 -8.696309e-02 1.903611e-01
 1.636811e-01 1.276923e-01 2.335658e-01
 3.353918e-01 7.137873e-01 3.736251e-01
 5.673399e-01 1.028958e+00 4.206039e-01
 9.700209e-01 1.222324e+00 5.112566e-01
 1.418495e+00 1.220525e+00 5.338599e-01
 1.820610e+00 1.058230e+00 4.556056e-01
 2.119100e+00 7.807103e-01 2.553954e-01
