 2.926700e-01 2.142329e+00 -5.490098e-01
 5.499038e-02 2.026996e+00 -3.373606e-01
 -1.017000e-01 1.794622e+00 -9.547150e-02
 -1.069174e-01 1.616807e+00 9.023789e-02
 -6.716649e-02 1.478610e+00 3.091685e-01
 1.618429e-02 1.401473e+00 4.981013e-01
 7.099941e-02 1.356616e+00 5.747401e-01
 6.416976e-01 9.515828e-01 1.161870e+00
 8.520054e-01 7.581866e-01 1.287744e+00
 1.043849e+00 5.213824e-01 1.332872e+00
 1.203970e+00 2.561375e-01 1.293915e+00
 1.312275e+00 -1.110860e-02 1.170328e+00
 1.361459e+00 -2.338020e-01 9.816516e-01
 1.369564e+00 -3.759043e-01 7.679492e-01
 1.374164e+00 -4.270587e-01 5.793601e-01
 1.428094e+00 -4.559458e-01 3.163634e-01
 1.725741e+00 -5.430768e-01 -1.226744e-01
 1.827321e+00 -5.412151e-01 -4.260663e-01
 1.834336e+00 -5.026213e-01 -7.606156e-01
 1.738545e+00 -4.416712e-01 -1.079499e+00
 1.554831e+00 -3.698148e-01 -1.335192e+00
 1.299924e+00 -2.819646e-01 -1.511025e+00
 1.004166e+00 -1.803038e-01 -1.584941e+00
 6.809391e-01 -6.157147e-02 -1.552763e+00
 4.143318e-01 3.751491e-02 -1.433389e+00
 1.914746e-01 1.163036e-01 -1.234438e+00
 3.764509e-02 1.690708e-01 -9.810809e-01
 -5.825751e-02 2.344943e-01 -5.916440e-01
 -1.214534e-01 4.039468e-01 -2.170311e-01
 -2.864297e-01 5.100362e-01 9.098835e-02
 -4.463063e-01 5.107045e-01 4.046615e-01
 -6.219617e-01 4.575592e-01 6.443705e-01
 -8.236410e-01 3.632640e-01 8.315029e-01
 -1.025940e+00 2.470211e-01 9.448512e-01
 -1.270544e+00 8.580814e-02 1.004933e+00
 -1.523533e+00 -9.168082e-02 1.001716e+00
 -2.238374e+00 -6.418077e-01 7.819428e-01
 -2.422070e+00 -9.202585e-01 6.388581e-01
 -2.486040e+00 -1.231088e+00 4.648056e-01
 -2.423223e+00 -1.537501e+00 2.860597e-01
 -2.235252e+00 -1.811097e+00 1.135724e-01
 -1.968266e+00 -1.988731e+00 -3.050934e-02
 -1.644685e+00 -2.060831e+00 -1.410608e-01
 -1.315875e+00 -2.024705e+00 -1.937758e-01
 -1.017802e+00 -1.906001e+00 -1.735637e-01
 -7.293465e-01 -1.709251e+00 -5.379800e-02
 -5.878368e-01 -1.562599e+00 1.009903e-01
 -4.660824e-01 -1.468136e+00 4.209673e-01
 -4.487189e-01 -1.333706e+00 6.502629e-01
 -3.897085e-01 -1.072039e+00 8.681402e-01
 -2.600131e-01 -7.601831e-01 9.925278e-01
 -7.212472e-02 -4.555010e-01 1.004626e+00
 1.522396e-01 -1.998436e-01 9.071062e-01
 7.094494e-01 3.036165e-01 3.746301e-01
 9.565919e-01 4.603659e-01 3.207885e-01
 1.265499e+00 5.548574e-01 3.195444e-01
 1.603720e+00 5.502361e-01 3.686244e-01
 1.923769e+00 4.291486e-01 4.499083e-01
 2.178698e+00 2.044665e-01 5.423946e-01
 2.342614e+00 -1.051914e-01 6.391547e-01
 2.384655e+00 -4.404889e-01 7.124102e-01
 2.311678e+00 -7.854616e-01 7.415879e-01
 2.139605e+00 -1.082343e+00 7.246732e-01
 1.880335e+00 -1.305690e+00 6.817542e-01
 1.565908e+00 -1.428665e+00 6.165353e-01
 1.232852e+00 -1.438258e+00 5.350580e-01
 9.205006e-01 -1.334672e+00 4.454465e-01
 4.930785e-01 -9.960016e-01 2.717360e-01
 1.329677e-01 -7.493837e-01 4.201965e-02
 -1.022445e-01 -6.241242e-01 -1.003368e-02
 -4.174290e-01 -5.486483e-01 -1.377726e-02
 -7.769274e-01 -3.771308e-01 -2.056728e-02
 -1.172321e+00 -1.159469e-01 1.558869e-02
 -1.424417e+00 -2.580936e-02 1.425742e-03
 -1.705142e+00 9.692720e-02 -1.272531e-01
 -1.929250e+00 2.957908e-01 -3.592208e-01
 -2.026339e+00 5.370843e-01 -6.362466e-01
 -1.981964e+00 7.952665e-01 -9.117365e-01
 -1.801426e+00 1.032788e+00 -1.149029e+00
 -1.510288e+00 1.223888e+00 -1.307844e+00
 -1.149876e+00 1.342017e+00 -1.363747e+00
 -7.708560e-01 1.368503e+00 -1.309746e+00
 2.343959e-01 1.170358e+00 -8.479788e-01
 3.747894e-01 1.141859e+00 -7.365098e-01
 5.507514e-01 1.121878e+00 -4.900721e-01
 6.811851e-01 1.172207e+00 -3.500430e-01
 8.279202e-01 1.329114e+00 -1.766119e-01
 9.055270e-01 1.541089e+00 1.531472e-02
 8.962435e-01 1.817797e+00 2.095524e-01
 7.718574e-01 2.069986e+00 3.894040e-01
 5.537753e-01 2.260574e+00 5.408289e-01
 2.521608e-01 2.384306e+00 6.582907e-01
 -5.440343e-02 2.418999e+00 7.141956e-01
 -3.648169e-01 2.379424e+00 7.080463e-01
 -6.486701e-01 2.269067e+00 6.438248e-01
 -8.806933e-01 2.101495e+00 5.259737e-01
 -1.039444e+00 1.892391e+00 3.690088e-01
 -1.112923e+00 1.658888e+00 1.871821e-01
 -1.048547e+00 8.051220e-01 -4.917644e-01
 -1.009902e+00 6.493135e-01 -6.281334e-01
 -1.013194e+00 4.498023e-01 -8.189004e-01
 -1.123217e+00 1.106275e-01 -9.822081e-01
 -1.281561e+00 -2.728492e-01 -9.931324e-01
 -1.440652e+00 -6.253766e-01 -8.374172e-01
 -1.564813e+00 -8.917528e-01 -5.388729e-01
 -1.608813e+00 -1.022900e+00 -1.834728e-01
 -1.478785e+00 -1.117464e+00 2.971945e-01
 -1.462988e+00 -1.306423e+00 5.569105e-01
 -1.441423e+00 -1.542017e+00 7.133310e-01
 -1.345368e+00 -1.805390e+00 8.032267e-01
 -1.161858e+00 -2.087038e+00 8.216815e-01
 -9.236637e-01 -2.308811e+00 7.635136e-01
 -6.414112e-01 -2.449631e+00 6.413815e-01
 -3.500639e-01 -2.489985e+00 4.762312e-01
 -8.073074e-02 -2.428035e+00 2.815792e-01
 1.322801e-01 -2.275672e+00 6.611138e-02
 5.214563e-01 -1.626524e+00 -5.291235e-01
 6.605065e-01 -1.324888e+00 -6.827710e-01
 7.569586e-01 -1.029151e+00 -7.380378e-01
 8.133489e-01 -7.218550e-01 -7.161231e-01
 8.345568e-01 -3.614924e-01 -5.946997e-01
 8.937754e-01 -1.668981e-01 -5.625326e-01
 9.884884e-01 3.963676e-02 -5.876005e-01
 1.110603e+00 2.583205e-01 -6.682037e-01
 1.322507e+00 6.177254e-01 -9.266769e-01
 1.376394e+00 9.636747e-01 -1.071548e+00
 1.323349e+00 1.339479e+00 -1.127062e+00
 1.161611e+00 1.705291e+00 -1.080213e+00
 9.210677e-01 1.977135e+00 -9.555018e-01
 6.148452e-01 2.132007e+00 -7.739254e-01
