 1.267082e+00 2.580406e+00 -3.307219e-01
 1.548382e+00 2.424146e+00 -4.517782e-01
 1.753025e+00 2.180051e+00 -5.771423e-01
 1.861245e+00 1.867351e+00 -6.837900e-01
 1.854917e+00 1.534930e+00 -7.700474e-01
 1.728496e+00 1.214502e+00 -8.634600e-01
 1.519478e+00 1.000215e+00 -9.400122e-01
 1.216725e+00 8.556628e-01 -1.092966e+00
 7.582731e-01 7.553602e-01 -1.564222e+00
 3.418490e-01 6.438633e-01 -1.714107e+00
 -7.474682e-02 4.729069e-01 -1.671214e+00
 -4.015847e-01 2.758008e-01 -1.446789e+00
 -5.683449e-01 4.413705e-02 -1.112491e+00
 -5.464123e-01 -1.640956e-01 -8.578618e-01
 -4.765774e-01 -3.837623e-01 -7.156169e-01
 -4.526755e-01 -5.906236e-01 -5.907816e-01
 -4.128694e-01 -1.098349e+00 -2.813698e-01
 -3.556746e-01 -1.449911e+00 -1.220518e-01
 -4.577106e-01 -1.801008e+00 2.825015e-02
 -7.036937e-01 -2.078356e+00 1.841122e-01
 -1.038262e+00 -2.226161e+00 3.374907e-01
 -1.403203e+00 -2.226129e+00 4.739591e-01
 -1.744333e+00 -2.086749e+00 5.732873e-01
 -2.016144e+00 -1.836293e+00 6.227162e-01
 -2.187294e+00 -1.516780e+00 6.179975e-01
 -2.251595e+00 -1.137873e+00 5.575350e-01
 -2.240288e+00 8.387240e-03 3.056001e-01
 -2.082116e+00 3.648228e-01 1.988262e-01
 -1.794442e+00 6.272023e-01 8.605514e-02
 -1.421672e+00 7.539835e-01 -1.108076e-02
 -1.022358e+00 7.286087e-01 -6.203085e-02
 -6.654641e-01 5.594927e-01 -6.036021e-02
 -4.464405e-01 3.390415e-01 4.310979e-03
 -2.830352e-01 1.203483e-01 1.321771e-01
 -1.173605e-01 -6.193197e-01 5.484250e-01
 2.859201e-02 -9.895677e-01 6.797435e-01
 8.016010e-03 -1.299214e+00 8.644142e-01
 -4.181499e-02 -1.553948e+00 1.280944e+00
 -8.997548e-02 -1.581729e+00 1.767740e+00
 -8.198242e-02 -1.384821e+00 2.216577e+00
 -1.886658e-02 -1.014350e+00 2.523365e+00
 8.556200e-02 -5.570169e-01 2.625338e+00
 2.045712e-01 -1.129461e-01 2.506623e+00
 3.097161e-01 2.257380e-01 2.198897e+00
 3.855274e-01 3.901639e-01 1.774380e+00
 4.548088e-01 3.473811e-01 1.338323e+00
 5.284586e-01 1.687943e-01 1.048467e+00
 8.179507e-01 -2.390003e-01 6.618172e-01
 8.745305e-01 -4.485547e-01 3.504689e-01
 7.130458e-01 -8.517061e-01 -2.216270e-01
 4.488501e-01 -1.290176e+00 -7.931245e-01
 2.130833e-01 -1.482997e+00 -9.984546e-01
 -1.005352e-01 -1.631127e+00 -1.109879e+00
 -4.544998e-01 -1.716192e+00 -1.114520e+00
 -8.056502e-01 -1.731803e+00 -1.006511e+00
 -1.106851e+00 -1.677516e+00 -7.938198e-01
 -1.314432e+00 -1.559276e+00 -5.009765e-01
 -1.395550e+00 -1.397706e+00 -1.558462e-01
 -1.343522e+00 -1.271065e+00 9.444478e-02
 -1.140151e+00 -1.170845e+00 5.969809e-01
 -8.468789e-01 -8.537288e-01 1.243023e+00
 -5.786729e-01 -6.795304e-01 1.472331e+00
 -2.283038e-01 -5.717100e-01 1.587869e+00
 4.593908e-02 -5.638501e-01 1.591234e+00
 3.219815e-01 -6.414054e-01 1.614158e+00
 6.445971e-01 -6.200632e-01 1.709056e+00
 1.031374e+00 -4.289842e-01 1.736477e+00
 1.324841e+00 -1.222775e-01 1.650976e+00
 1.484286e+00 2.301222e-01 1.442590e+00
 1.432367e+00 1.267060e+00 6.165590e-01
 1.351419e+00 1.460315e+00 3.735189e-01
 1.212391e+00 1.576081e+00 1.091033e-01
 9.623620e-01 1.609523e+00 -2.660030e-01
 8.823892e-01 1.646164e+00 -4.951289e-01
 8.269758e-01 1.784031e+00 -8.415976e-01
 1.035854e+00 1.868596e+00 -1.322973e+00
 1.400718e+00 1.669615e+00 -1.749353e+00
 1.731230e+00 1.224716e+00 -1.946983e+00
 1.933575e+00 6.860914e-01 -1.857169e+00
 1.964583e+00 2.274545e-01 -1.503585e+00
 1.815338e+00 -1.133852e-02 -1.000735e+00
 1.532708e+00 3.744984e-02 -5.053597e-01
 9.725121e-01 5.409286e-01 3.546474e-02
 3.575828e-01 9.130681e-01 3.659380e-01
 -8.344285e-03 9.704421e-01 6.757728e-01
 -3.303013e-01 8.347414e-01 8.963012e-01
 -6.761306e-01 5.718211e-01 9.825230e-01
 -9.832053e-01 2.631676e-01 8.848500e-01
 -1.188137e+00 -3.652660e-02 6.183308e-01
 -1.238943e+00 -2.079867e-01 3.172039e-01
 -1.264904e+00 -2.477657e-01 1.122711e-01
 -1.394186e+00 -3.150193e-01 -2.244661e-01
 -1.496834e+00 -5.546332e-01 -6.972923e-01
 -1.363362e+00 -7.468962e-01 -1.114479e+00
 -1.039799e+00 -8.612764e-01 -1.444365e+00
 -5.991517e-01 -8.655736e-01 -1.622674e+00
 -1.371780e-01 -7.530615e-01 -1.616850e+00
 2.459689e-01 -5.399124e-01 -1.432590e+00
 4.502559e-01 -2.482506e-01 -1.140675e+00
 4.465916e-01 7.920605e-02 -8.474698e-01
 3.237928e-01 3.452383e-01 -7.155897e-01
 1.612481e-01 7.550964e-01 -6.807640e-01
 -1.141859e-01 1.445451e+00 -4.393153e-01
 -1.080717e-01 1.804540e+00 -3.188194e-01
 3.153004e-02 2.139132e+00 -2.290572e-01
 2.780694e-01 2.405370e+00 -1.831030e-01
 5.935595e-01 2.574671e+00 -1.862784e-01
 9.364944e-01 2.633368e+00 -2.374855e-01
