 -7.910098e-02 1.536331e+00 -1.275403e+00
 -3.907374e-01 1.579437e+00 -1.421792e+00
 -7.094830e-01 1.573518e+00 -1.468803e+00
 -9.952014e-01 1.533518e+00 -1.438323e+00
 -1.219752e+00 1.477360e+00 -1.355668e+00
 -2.094447e+00 1.120919e+00 -7.940832e-01
 -2.318091e+00 8.903571e-01 -6.012675e-01
 -2.441293e+00 5.830096e-01 -4.407076e-01
 -2.442201e+00 2.358486e-01 -3.091950e-01
 -2.314155e+00 -9.549653e-02 -2.139044e-01
 -2.073181e+00 -3.880227e-01 -1.919789e-01
 -1.764076e+00 -5.711346e-01 -2.529207e-01
 -1.556437e+00 -6.339448e-01 -3.686876e-01
 -1.430112e+00 -6.890053e-01 -5.155090e-01
 -1.254892e+00 -7.373192e-01 -7.961186e-01
 -9.561375e-01 -6.087268e-01 -1.447113e+00
 -8.291592e-01 -5.421827e-01 -1.624098e+00
 -6.589558e-01 -4.568871e-01 -1.772253e+00
 -4.467487e-01 -3.546042e-01 -1.876830e+00
 -1.985397e-01 -2.386050e-01 -1.919253e+00
 7.089288e-02 -1.168943e-01 -1.879843e+00
 3.361205e-01 -1.716431e-03 -1.743036e+00
 5.629542e-01 9.159093e-02 -1.503839e+00
 7.120753e-01 1.431690e-01 -1.174996e+00
 7.545796e-01 1.239756e-01 -7.973609e-01
 6.757225e-01 3.199010e-02 -4.429695e-01
 5.290639e-01 -1.429742e-01 -1.827364e-01
 4.303374e-01 -5.897387e-01 2.054570e-01
 3.780156e-01 -7.263152e-01 3.692864e-01
 2.774724e-01 -8.410421e-01 5.165914e-01
 1.418577e-01 -9.110623e-01 6.569154e-01
 -9.436233e-02 -9.962683e-01 8.030715e-01
 -4.527443e-01 -1.185984e+00 8.466384e-01
 -8.305486e-01 -1.340980e+00 7.198983e-01
 -1.382748e+00 -1.522889e+00 2.195489e-01
 -1.761356e+00 -1.609980e+00 -1.935839e-01
 -1.955602e+00 -1.563410e+00 -4.477848e-01
 -2.108692e+00 -1.423989e+00 -6.987916e-01
 -2.207863e+00 -1.202951e+00 -9.159218e-01
 -2.241293e+00 -9.057707e-01 -1.089533e+00
 -2.196000e+00 -5.853555e-01 -1.188891e+00
 -2.070576e+00 -2.768979e-01 -1.209156e+00
 -1.887324e+00 -7.017447e-03 -1.139786e+00
 -1.691037e+00 1.676362e-01 -9.998356e-01
 -1.488645e+00 3.029651e-01 -7.487636e-01
 -1.417955e+00 4.090242e-01 -2.847677e-01
 -1.400312e+00 2.963459e-01 3.220553e-01
 -1.236919e+00 1.774882e-01 6.910180e-01
 -9.350829e-01 7.903569e-02 9.583123e-01
 -5.520228e-01 -8.033629e-03 1.073248e+00
 -1.547068e-01 -1.845948e-02 1.036993e+00
 8.886785e-02 5.411903e-02 9.338280e-01
 2.495978e-01 1.418864e-01 8.684525e-01
 3.896926e-01 2.633068e-01 7.916603e-01
 6.733986e-01 5.681559e-01 5.206260e-01
 9.936174e-01 7.215318e-01 2.100308e-01
 1.135257e+00 8.794333e-01 3.806283e-02
 1.247335e+00 1.137950e+00 -9.743062e-02
 1.258816e+00 1.452656e+00 -2.129216e-01
 1.159996e+00 1.754865e+00 -3.084475e-01
 9.492721e-01 2.028544e+00 -3.835053e-01
 6.862638e-01 2.207533e+00 -4.206595e-01
 3.798440e-01 2.292182e+00 -4.412561e-01
 5.667209e-02 2.273558e+00 -4.417787e-01
 -2.667918e-01 2.142005e+00 -4.369506e-01
 -5.161787e-01 1.922240e+00 -4.381120e-01
 -6.815875e-01 1.623859e+00 -4.451818e-01
 -7.287320e-01 1.316486e+00 -4.807589e-01
 -7.092253e-01 1.080942e+00 -5.753682e-01
 -6.165483e-01 8.553002e-01 -7.435791e-01
 -5.044824e-01 5.983650e-01 -8.555293e-01
 -4.562512e-01 4.706804e-01 -8.924217e-01
 -3.590042e-01 2.086387e-01 -9.319005e-01
 -2.959050e-01 3.144543e-02 -9.302905e-01
 -1.783690e-01 -2.778569e-01 -9.014155e-01
 -7.417312e-02 -4.694717e-01 -9.396136e-01
 1.264556e-01 -6.753228e-01 -9.534708e-01
 3.667327e-01 -8.196707e-01 -9.296841e-01
 6.185229e-01 -9.040854e-01 -8.587416e-01
 8.621495e-01 -9.265077e-01 -7.503193e-01
 1.092320e+00 -8.890083e-01 -6.052189e-01
 1.273044e+00 -8.076920e-01 -4.374145e-01
 1.404189e+00 -6.902227e-01 -2.406074e-01
 1.473175e+00 -5.455216e-01 -2.861079e-02
 1.474653e+00 -1.304531e-01 5.330234e-01
 1.474798e+00 -7.352865e-02 6.433101e-01
 1.448495e+00 1.486643e-02 8.745159e-01
 1.445882e+00 4.471213e-02 1.049939e+00
 1.487181e+00 4.567787e-02 1.234460e+00
 1.555378e+00 -1.729387e-02 1.441993e+00
 1.618397e+00 -1.454203e-01 1.653732e+00
 1.639738e+00 -3.736403e-01 1.867414e+00
 1.610667e+00 -6.247971e-01 2.006483e+00
 1.531804e+00 -8.927989e-01 2.082094e+00
 1.407530e+00 -1.162124e+00 2.085433e+00
 1.251262e+00 -1.415114e+00 2.005824e+00
 1.072741e+00 -1.625227e+00 1.845041e+00
 8.928351e-01 -1.767340e+00 1.614669e+00
 6.841765e-01 -1.839644e+00 1.256674e+00
 3.107576e-01 -1.901376e+00 5.619644e-01
 2.179978e-01 -1.886297e+00 4.078456e-01
 1.065654e-01 -1.832235e+00 2.440601e-01
 -2.094215e-02 -1.726407e+00 8.211650e-02
 -1.601246e-01 -1.557740e+00 -6.096708e-02
 -3.001233e-01 -1.323729e+00 -1.623008e-01
 -4.138916e-01 -1.068208e+00 -1.844992e-01
 -5.043728e-01 -8.519306e-01 -1.212493e-01
 -5.562344e-01 -5.582752e-01 -1.093687e-02
 -5.361946e-01 -2.948502e-01 4.413297e-02
 -4.256764e-01 1.122373e-01 6.416753e-02
 -4.057116e-01 2.870085e-01 9.201929e-02
 -4.042752e-01 4.298744e-01 1.433398e-01
 -4.189973e-01 7.185252e-01 3.275169e-01
 -3.605206e-01 9.814691e-01 7.755786e-01
 -1.628421e-01 1.000345e+00 1.287712e+00
 1.070136e-01 7.658887e-01 1.689417e+00
 3.626628e-01 3.446240e-01 1.888224e+00
 5.453350e-01 -1.277346e-01 1.838274e+00
 7.304465e-01 -6.524194e-01 1.457342e+00
 1.069439e+00 -8.860615e-01 1.148984e+00
 1.448253e+00 -1.002055e+00 1.069685e+00
 1.861717e+00 -9.348037e-01 1.038478e+00
 2.217532e+00 -6.765076e-01 1.012922e+00
 2.426579e+00 -2.869202e-01 9.782206e-01
 2.458750e+00 1.342020e-01 9.368142e-01
 2.357985e+00 4.729768e-01 9.173773e-01
 2.174001e+00 7.335813e-01 9.136496e-01
 1.274211e+00 1.430881e+00 9.007428e-01
 8.831327e-01 1.593218e+00 7.533071e-01
 5.322724e-01 1.615092e+00 4.947181e-01
 2.958530e-01 1.490494e+00 1.936380e-01
 2.408773e-01 1.320357e+00 -1.222843e-01
 2.748657e-01 1.262086e+00 -3.892561e-01
 2.829433e-01 1.322116e+00 -7.475441e-01
 1.666072e-01 1.434516e+00 -1.032818e+00
