 -8.651494e-01 -8.271761e-01 9.463268e-01
 -7.226739e-01 -1.164244e+00 1.054879e+00
 -5.077015e-01 -1.407064e+00 1.104486e+00
 -2.765399e-01 -1.560519e+00 1.102817e+00
 -6.002349e-02 -1.640546e+00 1.074733e+00
 1.622432e-01 -1.680059e+00 1.019054e+00
 3.422392e-01 -1.677864e+00 9.528230e-01
 4.991236e-01 -1.643573e+00 8.781273e-01
 6.626466e-01 -1.567020e+00 7.859303e-01
 8.117832e-01 -1.445807e+00 6.905676e-01
 9.246899e-01 -1.303387e+00 6.229530e-01
 1.004400e+00 -1.175046e+00 6.038971e-01
 1.088240e+00 -1.077304e+00 5.972992e-01
 1.169202e+00 -9.994140e-01 6.022477e-01
 1.578464e+00 -6.439798e-01 6.572940e-01
 1.799615e+00 -1.791082e-01 5.645181e-01
 1.772572e+00 2.881446e-01 3.866738e-01
 1.511944e+00 6.588055e-01 1.529833e-01
 1.047634e+00 8.483251e-01 -1.061597e-01
 8.831435e-01 9.780495e-01 -2.027788e-01
 7.560330e-01 1.188653e+00 -3.054184e-01
 6.276586e-01 1.705689e+00 -4.451955e-01
 3.812148e-01 2.025090e+00 -5.214458e-01
 3.146647e-02 2.220846e+00 -5.831600e-01
 -3.732156e-01 2.272518e+00 -6.083617e-01
 -7.575083e-01 2.184583e+00 -5.655795e-01
 -1.078028e+00 1.983785e+00 -4.355637e-01
 -1.621294e+00 1.220713e+00 8.331876e-02
 -1.753085e+00 8.302748e-01 1.827277e-01
 -1.784638e+00 4.372161e-01 1.644670e-01
 -1.656861e+00 1.220988e-03 1.399894e-01
 -1.495012e+00 -3.132579e-01 -3.997039e-02
 -1.252972e+00 -4.931752e-01 -2.190040e-01
 -8.397273e-01 -5.809221e-01 -3.825081e-01
 -4.082805e-01 -4.722863e-01 -4.627395e-01
 3.115775e-02 -1.405917e-01 -5.487676e-01
 4.081936e-01 1.295393e-01 -8.335343e-01
 7.379352e-01 3.397700e-01 -1.011494e+00
 1.144620e+00 6.378126e-01 -1.135284e+00
 1.458517e+00 9.759271e-01 -1.054659e+00
 1.659050e+00 1.309136e+00 -7.984480e-01
 1.708051e+00 1.585967e+00 -4.054893e-01
 1.611904e+00 1.719461e+00 -2.385977e-02
 1.388998e+00 1.730692e+00 3.172569e-01
 1.049039e+00 1.603969e+00 5.935624e-01
 7.207014e-01 1.379091e+00 7.233094e-01
 3.106388e-01 1.019926e+00 6.818906e-01
 4.109150e-03 8.527487e-01 7.890920e-01
 -4.812987e-01 8.235889e-01 1.047553e+00
 -8.135780e-01 7.588983e-01 1.126454e+00
 -1.803523e+00 3.176194e-01 1.163009e+00
 -2.010471e+00 2.187441e-01 1.128071e+00
 -2.260465e+00 9.871128e-02 1.005190e+00
 -2.490978e+00 -1.853191e-02 7.712574e-01
 -2.640262e+00 -1.124610e-01 4.393517e-01
 -2.663783e+00 -1.704270e-01 5.354167e-02
 -2.540242e+00 -1.900502e-01 -3.378457e-01
 -2.210654e+00 -1.871264e-01 -7.629307e-01
 -1.709777e+00 -1.935451e-01 -1.075927e+00
 -1.143468e+00 -1.780804e-01 -1.249279e+00
 -7.784781e-01 -2.763638e-02 -1.284440e+00
 -5.706745e-01 1.655460e-01 -1.307100e+00
 -4.017479e-01 5.034515e-01 -1.317999e+00
 -2.612376e-01 8.933861e-01 -1.095211e+00
 -2.461495e-01 1.181273e+00 -7.344826e-01
 -3.214880e-01 1.314360e+00 -2.495734e-01
 -3.140090e-01 1.416301e+00 -4.370969e-02
 -3.554924e-01 1.710010e+00 3.019084e-01
 -3.042377e-01 1.847505e+00 7.000816e-01
 -1.587237e-01 1.832561e+00 1.138242e+00
 1.958190e-02 1.659108e+00 1.467284e+00
 2.279594e-01 1.352250e+00 1.673947e+00
 4.752236e-01 9.651567e-01 1.708215e+00
 6.825725e-01 5.973379e-01 1.550146e+00
 8.027403e-01 2.907521e-01 1.218163e+00
 7.826999e-01 -7.873950e-02 2.804821e-01
 8.502209e-01 -1.574846e-01 9.271235e-02
 1.504776e+00 -3.680802e-01 -6.860802e-01
 1.515420e+00 -9.752990e-01 -1.300751e+00
 1.059239e+00 -1.715248e+00 -1.417384e+00
 3.889183e-01 -2.068951e+00 -9.786839e-01
 -9.047941e-02 -1.795797e+00 -2.994733e-01
 -1.744938e-02 -9.559026e-01 3.286079e-01
 9.462574e-02 -7.344474e-01 6.000277e-01
 1.782459e-01 -6.614308e-01 9.600037e-01
 4.722690e-01 -7.303238e-01 1.360982e+00
 8.113139e-01 -9.326326e-01 1.579449e+00
 1.149657e+00 -1.167051e+00 1.613048e+00
 1.427146e+00 -1.388128e+00 1.504912e+00
 1.633414e+00 -1.573465e+00 1.298773e+00
 1.771676e+00 -1.704001e+00 1.016342e+00
 1.828099e+00 -1.771757e+00 6.739938e-01
 1.775068e+00 -1.772062e+00 3.028382e-01
 1.599085e+00 -1.694179e+00 -4.442139e-02
 1.313357e+00 -1.537775e+00 -3.006773e-01
 8.501789e-01 -1.220811e+00 -4.497002e-01
 6.941946e-01 -1.092896e+00 -5.919297e-01
 6.053270e-01 -1.034812e+00 -6.918111e-01
 5.224960e-01 -9.845087e-01 -8.193797e-01
 4.167265e-01 -9.413541e-01 -1.029792e+00
 3.240997e-01 -8.812973e-01 -1.184705e+00
 2.407649e-01 -8.205873e-01 -1.317498e+00
 -2.462065e-01 -4.503952e-01 -2.053740e+00
 -4.589453e-01 -2.597485e-01 -2.230954e+00
 -7.005077e-01 -1.994734e-02 -2.307154e+00
 -9.452879e-01 2.443821e-01 -2.260277e+00
 -1.160572e+00 4.987986e-01 -2.080857e+00
 -1.314892e+00 7.081977e-01 -1.771144e+00
 -1.380365e+00 8.161705e-01 -1.401915e+00
 -1.332218e+00 8.167884e-01 -1.002562e+00
 -1.188162e+00 6.777081e-01 -6.616785e-01
 -8.766388e-01 4.517132e-01 -3.427923e-01
 -7.530369e-01 4.194509e-01 -9.658756e-02
 -6.816275e-01 2.988170e-01 1.658873e-01
 -6.495748e-01 9.256251e-02 3.708340e-01
 -7.087052e-01 -9.768214e-02 5.662801e-01
 -8.662122e-01 -4.421072e-01 7.890526e-01
