 -1.294007e+00 -1.964924e-01 -1.809673e+00
 -9.335289e-01 -4.473977e-02 -1.915614e+00
 -5.519239e-01 7.721404e-02 -1.865392e+00
 -2.086499e-01 1.500724e-01 -1.668655e+00
 4.395566e-02 1.624559e-01 -1.357275e+00
 2.483636e-01 8.024007e-02 -7.350070e-01
 3.453584e-01 9.808767e-02 -5.517195e-01
 5.887099e-01 2.133044e-01 -1.823149e-01
 7.315733e-01 3.811753e-01 3.832331e-02
 8.609464e-01 8.154507e-01 4.188178e-01
 9.688619e-01 1.137583e+00 5.709624e-01
 9.880187e-01 1.456640e+00 6.410549e-01
 9.230853e-01 1.776545e+00 6.483933e-01
 7.801019e-01 2.063751e+00 5.948875e-01
 5.732994e-01 2.288956e+00 4.888851e-01
 3.228907e-01 2.430262e+00 3.438148e-01
 5.309012e-02 2.474583e+00 1.767337e-01
 -2.300221e-01 2.415081e+00 -3.844607e-04
 -4.766709e-01 2.263006e+00 -1.428341e-01
 -1.219467e+00 1.405931e+00 -5.117407e-01
 -1.331832e+00 1.152783e+00 -6.081834e-01
 -1.365248e+00 8.774035e-01 -7.029660e-01
 -1.317883e+00 6.001630e-01 -7.844492e-01
 -1.194580e+00 3.414107e-01 -8.421770e-01
 -8.496367e-01 -6.886556e-02 -8.837793e-01
 -7.532166e-01 -3.341271e-01 -9.475207e-01
 -7.317080e-01 -5.928094e-01 -1.029155e+00
 -8.449828e-01 -1.223478e+00 -1.237625e+00
 -8.311803e-01 -1.607587e+00 -1.237341e+00
 -7.471075e-01 -1.961582e+00 -1.113377e+00
 -6.142252e-01 -2.238495e+00 -8.734689e-01
 -4.566520e-01 -2.394193e+00 -5.479660e-01
 -2.961532e-01 -2.401313e+00 -1.841094e-01
 -1.625106e-01 -2.255484e+00 1.630629e-01
 -9.450731e-02 -1.979712e+00 4.471877e-01
 -1.379769e-01 -1.619807e+00 6.469167e-01
 -3.054680e-01 -1.310638e+00 7.500441e-01
 -4.467505e-01 -1.169575e+00 7.963558e-01
 -5.800386e-01 -1.034657e+00 8.848865e-01
 -7.122599e-01 -7.125349e-01 1.037302e+00
 -1.014996e+00 3.393230e-01 1.073164e+00
 -1.011042e+00 6.847829e-01 1.021263e+00
 -8.984994e-01 1.003559e+00 9.256421e-01
 -6.730755e-01 1.277610e+00 7.838222e-01
 -4.033880e-01 1.438363e+00 6.137062e-01
 -1.402242e-01 1.482185e+00 4.270161e-01
 4.588761e-02 1.458336e+00 2.096727e-01
 2.941700e-01 1.483663e+00 -1.231302e-01
 5.648928e-01 1.345322e+00 -4.092523e-01
 7.129826e-01 1.089330e+00 -6.803939e-01
 8.703715e-01 9.195343e-01 -8.940327e-01
 1.050688e+00 6.607288e-01 -1.036427e+00
 1.167691e+00 2.992273e-01 -1.119227e+00
 1.175346e+00 -4.371782e-02 -1.134262e+00
 1.079392e+00 -3.688399e-01 -1.105850e+00
 8.912554e-01 -6.416972e-01 -1.040570e+00
 6.787646e-02 -1.270378e+00 -6.896101e-01
 -1.998659e-01 -1.394207e+00 -4.594377e-01
 -3.807638e-01 -1.395962e+00 -3.427848e-01
 -5.530972e-01 -1.410275e+00 -2.749769e-01
 -8.237479e-01 -1.509677e+00 -1.247824e-01
 -1.042617e+00 -1.682188e+00 1.398606e-01
 -1.135733e+00 -1.835590e+00 4.509773e-01
 -1.119291e+00 -1.933333e+00 7.997344e-01
 -1.007346e+00 -1.947856e+00 1.138180e+00
 -8.212507e-01 -1.873127e+00 1.431014e+00
 -5.841538e-01 -1.720785e+00 1.643011e+00
 -3.247167e-01 -1.511529e+00 1.749966e+00
 -7.878710e-02 -1.265856e+00 1.743177e+00
 1.183173e-01 -1.004073e+00 1.628825e+00
 4.323237e-01 -4.310484e-01 1.125460e+00
 6.486512e-01 -2.839449e-01 9.737279e-01
 8.316287e-01 -2.067057e-01 8.944082e-01
 1.232643e+00 -1.264836e-01 7.884821e-01
 1.484821e+00 -6.062463e-03 6.568730e-01
 1.670780e+00 1.628136e-01 4.901248e-01
 1.780292e+00 3.651475e-01 3.086279e-01
 1.812010e+00 5.854020e-01 1.305701e-01
 1.627070e+00 1.534296e+00 -5.679570e-01
 1.487459e+00 1.743006e+00 -7.787506e-01
 1.262966e+00 1.885523e+00 -9.932945e-01
 9.953552e-01 1.942583e+00 -1.161267e+00
 6.941281e-01 1.921425e+00 -1.273611e+00
 3.890972e-01 1.824980e+00 -1.316879e+00
 1.104103e-01 1.664052e+00 -1.284798e+00
 -1.140699e-01 1.456278e+00 -1.178829e+00
 -2.617816e-01 1.224795e+00 -1.008596e+00
 -3.299257e-01 9.712843e-01 -7.563459e-01
 -4.186605e-01 6.942069e-01 -2.593317e-01
 -3.694950e-01 5.498728e-01 2.310031e-02
 -1.359456e-01 4.217924e-01 5.682806e-01
 1.571786e-01 5.786643e-01 1.198009e+00
 3.708022e-01 5.445183e-01 1.496977e+00
 6.155566e-01 3.976324e-01 1.731038e+00
 8.579995e-01 1.563231e-01 1.870219e+00
 1.064902e+00 -1.486664e-01 1.896995e+00
 1.207260e+00 -4.772814e-01 1.808721e+00
 1.280175e+00 -8.005224e-01 1.598664e+00
 1.259177e+00 -1.027200e+00 1.334029e+00
 1.134600e+00 -1.183041e+00 9.908345e-01
 9.466137e-01 -1.210828e+00 6.664104e-01
 7.093280e-01 -1.117368e+00 3.890703e-01
 4.633273e-01 -9.216746e-01 2.035302e-01
 2.199203e-01 -6.941868e-01 1.480945e-01
 -1.689030e-01 -5.063954e-01 8.736707e-02
 -5.926033e-01 -4.550621e-01 4.833242e-02
 -9.583264e-01 -5.200221e-01 3.991872e-02
 -1.313277e+00 -6.031033e-01 -1.285113e-01
 -1.590337e+00 -6.322546e-01 -4.309521e-01
 -1.739679e+00 -5.948997e-01 -8.169928e-01
 -1.737264e+00 -5.024222e-01 -1.214277e+00
 -1.582551e+00 -3.643045e-01 -1.556668e+00
