 -1.130363e+00 -1.162357e+00 1.495654e+00
 -1.186471e+00 -8.260397e-01 1.475749e+00
 -1.154590e+00 -4.984426e-01 1.376807e+00
 -1.005011e+00 -1.850576e-01 1.213155e+00
 -7.851813e-01 9.676654e-04 1.066276e+00
 -5.530442e-01 8.173417e-02 9.951403e-01
 -4.086847e-01 1.390813e-01 9.857278e-01
 -1.104904e-01 3.261893e-01 1.037970e+00
 2.877887e-01 6.641612e-01 1.083238e+00
 5.517185e-01 8.589504e-01 1.005023e+00
 8.049677e-01 9.994252e-01 8.324320e-01
 1.026115e+00 1.062208e+00 5.899388e-01
 1.210478e+00 1.041386e+00 2.666582e-01
 1.302502e+00 9.411829e-01 -2.786805e-02
 1.310206e+00 7.782648e-01 -2.923259e-01
 1.245768e+00 5.823327e-01 -4.915966e-01
 1.066027e+00 3.280899e-01 -6.770985e-01
 8.319602e-01 1.434229e-01 -7.780328e-01
 4.979037e-01 3.645609e-02 -8.436173e-01
 1.776096e-01 4.430978e-02 -8.965930e-01
 -4.354662e-01 2.725096e-01 -1.009041e+00
 -9.230321e-01 2.702902e-01 -9.977357e-01
 -1.331415e+00 2.359251e-01 -7.674693e-01
 -1.617357e+00 3.022246e-01 -3.562243e-01
 -1.683244e+00 4.618855e-01 1.165762e-01
 -1.513114e+00 6.655489e-01 5.395141e-01
 -1.148008e+00 9.013822e-01 8.130547e-01
 -8.528854e-01 1.026121e+00 8.389426e-01
 -6.800511e-01 1.124474e+00 8.213953e-01
 -5.019611e-01 1.242511e+00 7.554904e-01
 3.011560e-01 1.737148e+00 2.072350e-01
 5.205134e-01 1.808243e+00 8.044497e-03
 7.118712e-01 1.807580e+00 -2.233628e-01
 8.600167e-01 1.739433e+00 -4.763274e-01
 9.492527e-01 1.612694e+00 -7.344709e-01
 9.707893e-01 1.440450e+00 -9.769133e-01
 9.176890e-01 1.196755e+00 -1.220898e+00
 8.072640e-01 9.892410e-01 -1.382237e+00
 6.733936e-01 8.410632e-01 -1.480232e+00
 5.251684e-01 7.404243e-01 -1.562804e+00
 2.347979e-01 4.793054e-01 -1.855522e+00
 -2.316164e-02 1.045843e-01 -1.976052e+00
 -3.319940e-01 -2.776430e-01 -1.882573e+00
 -7.135094e-01 -6.125063e-01 -1.525541e+00
 -1.241167e+00 -8.387182e-01 -8.023632e-01
 -1.336200e+00 -9.014845e-01 -4.644047e-01
 -1.305944e+00 -9.655998e-01 -1.129301e-01
 -1.155760e+00 -1.018633e+00 2.043825e-01
 -8.768306e-01 -1.025921e+00 4.921205e-01
 -4.564540e-01 -9.025665e-01 7.387894e-01
 -3.064946e-01 -8.944222e-01 9.503660e-01
 -2.003382e-01 -8.471762e-01 1.206626e+00
 -1.561961e-01 -6.935355e-01 1.516963e+00
 -1.911423e-01 -4.708271e-01 1.769338e+00
 -2.859656e-01 -1.815535e-01 1.944551e+00
 -4.191847e-01 1.405879e-01 2.010007e+00
 -9.911315e-01 1.315709e+00 1.800223e+00
 -1.120767e+00 1.576318e+00 1.646791e+00
 -1.222358e+00 1.779355e+00 1.407618e+00
 -1.285271e+00 1.903993e+00 1.105484e+00
 -1.301786e+00 1.934999e+00 7.741608e-01
 -1.270199e+00 1.868303e+00 4.491068e-01
 -1.193737e+00 1.710252e+00 1.651607e-01
 -1.085144e+00 1.476227e+00 -4.605745e-02
 -9.445991e-01 1.213116e+00 -1.596986e-01
 -7.855600e-01 9.027547e-01 -1.706678e-01
 -6.939447e-01 6.891904e-01 -9.286072e-02
 -6.575797e-01 5.052049e-01 -2.046915e-02
 -6.044464e-01 2.181024e-01 3.845153e-03
 -4.876119e-01 -2.394660e-01 -8.923972e-02
 -3.507199e-01 -6.120203e-01 -2.949614e-01
 -3.169152e-01 -9.458867e-01 -3.881655e-01
 -4.560397e-01 -1.821457e+00 -4.700396e-01
 -4.348657e-01 -2.213935e+00 -3.726448e-01
 -3.176146e-01 -2.542573e+00 -1.647569e-01
 -1.168854e-01 -2.756326e+00 1.183619e-01
 1.402081e-01 -2.820939e+00 4.275574e-01
 3.951407e-01 -2.725217e+00 7.199011e-01
 5.992140e-01 -2.482901e+00 9.683196e-01
 7.376229e-01 -2.123280e+00 1.122068e+00
 7.939612e-01 -1.708997e+00 1.139396e+00
 7.599653e-01 -1.323606e+00 1.018284e+00
 6.841769e-01 -1.020225e+00 7.555597e-01
 5.808425e-01 -8.832565e-01 4.618333e-01
 5.463106e-01 -8.536484e-01 1.855739e-01
 6.380662e-01 -8.306450e-01 -9.429716e-02
 9.286485e-01 -8.825455e-01 -7.533481e-01
 1.019106e+00 -8.353991e-01 -9.974286e-01
 1.084604e+00 -7.326806e-01 -1.218931e+00
 1.127098e+00 -5.884764e-01 -1.405596e+00
 1.231188e+00 3.314454e-01 -2.189789e+00
 1.171720e+00 6.238446e-01 -2.349783e+00
 1.030272e+00 9.210087e-01 -2.432553e+00
 8.211083e-01 1.210351e+00 -2.419259e+00
 5.858977e-01 1.446842e+00 -2.296924e+00
 3.494473e-01 1.604558e+00 -2.076449e+00
 1.417361e-01 1.660054e+00 -1.783043e+00
 -8.981575e-03 1.602715e+00 -1.454438e+00
 -7.418379e-02 1.439718e+00 -1.116007e+00
 -1.990515e-02 1.216899e+00 -8.006932e-01
 2.639731e-01 8.917084e-01 -3.462120e-01
 3.144147e-01 7.355329e-01 -1.161616e-01
 3.621215e-01 5.031294e-01 6.045270e-02
 4.790083e-01 3.051636e-01 1.546780e-01
 7.052131e-01 1.505093e-01 2.659617e-01
 1.076194e+00 8.450334e-03 3.488956e-01
 1.383542e+00 -2.532631e-01 3.278032e-01
 1.570444e+00 -6.613967e-01 2.987745e-01
 1.570846e+00 -1.097000e+00 2.368330e-01
 1.403893e+00 -1.459680e+00 1.700197e-01
 1.077199e+00 -1.738106e+00 1.163217e-01
 6.497459e-01 -1.869153e+00 1.324687e-01
 3.604963e-01 -1.845261e+00 1.977817e-01
 1.010946e-01 -1.779982e+00 3.852198e-01
 -3.355603e-01 -1.911884e+00 8.224825e-01
 -5.762993e-01 -1.868975e+00 1.072546e+00
 -8.023812e-01 -1.714309e+00 1.285840e+00
 -9.942819e-01 -1.469024e+00 1.432220e+00
