 -2.467857e-01 1.929242e+00 -2.099589e-01
 -2.382198e-01 2.087200e+00 -6.382232e-01
 -4.515996e-01 2.154230e+00 -1.074448e+00
 -8.096050e-01 2.063194e+00 -1.406530e+00
 -1.202229e+00 1.813048e+00 -1.565479e+00
 -1.526504e+00 1.439059e+00 -1.533210e+00
 -1.695048e+00 1.019534e+00 -1.324298e+00
 -1.666660e+00 6.530293e-01 -9.861187e-01
 -1.373551e+00 3.501171e-01 -4.254774e-01
 -1.329696e+00 2.283574e-01 -2.299446e-01
 -1.352670e+00 7.603147e-02 -5.987273e-03
 -1.367078e+00 -2.431708e-01 1.774722e-01
 -1.245689e+00 -6.911230e-01 2.610899e-01
 -1.024150e+00 -1.092742e+00 1.815102e-01
 -5.831856e-01 -1.682324e+00 -4.239924e-02
 -2.891932e-01 -1.910994e+00 -6.466947e-02
 -3.838838e-02 -2.006406e+00 -2.973538e-02
 1.761560e-01 -2.048681e+00 7.864539e-02
 3.558547e-01 -2.143508e+00 2.190809e-01
 6.108058e-01 -2.337620e+00 2.981249e-01
 9.594482e-01 -2.499866e+00 2.495087e-01
 1.324129e+00 -2.535623e+00 1.036029e-01
 1.642034e+00 -2.440988e+00 -9.970995e-02
 1.871238e+00 -2.230303e+00 -3.290426e-01
 1.992446e+00 -1.939827e+00 -5.196235e-01
 2.009022e+00 -1.591261e+00 -6.414734e-01
 1.905457e+00 -1.227522e+00 -6.913606e-01
 1.698768e+00 -9.077623e-01 -6.449137e-01
 1.448814e+00 -6.715941e-01 -4.959170e-01
 1.237994e+00 -5.562975e-01 -2.903964e-01
 1.097079e+00 -5.083856e-01 -1.398689e-02
 9.878004e-01 -5.748767e-01 6.153133e-01
 7.763340e-01 -4.894091e-01 9.925049e-01
 5.132664e-01 -2.708082e-01 1.253004e+00
 2.622667e-01 6.764730e-02 1.372945e+00
 7.990464e-02 4.656729e-01 1.328098e+00
 1.691040e-02 8.516350e-01 1.136594e+00
 9.325294e-02 1.138417e+00 8.754624e-01
 3.138103e-01 1.375892e+00 6.596862e-01
 4.941943e-01 1.686289e+00 5.683596e-01
 5.280587e-01 2.079967e+00 4.932416e-01
 3.912449e-01 2.467563e+00 4.166295e-01
 1.153815e-01 2.759486e+00 3.045459e-01
 -2.456135e-01 2.906691e+00 1.498553e-01
 -6.287624e-01 2.883958e+00 -2.100864e-02
 -9.674110e-01 2.692477e+00 -1.922681e-01
 -1.197935e+00 2.361166e+00 -3.382891e-01
 -1.266502e+00 1.944790e+00 -4.533523e-01
 -1.138468e+00 1.533334e+00 -5.629786e-01
 -9.322757e-01 1.326088e+00 -6.872504e-01
 -7.501120e-01 1.151529e+00 -8.925248e-01
 -5.658776e-01 8.254415e-01 -1.054755e+00
 1.257057e-01 2.064942e-03 -1.086069e+00
 2.888454e-01 -2.891194e-01 -1.000410e+00
 3.610696e-01 -6.032587e-01 -8.308960e-01
 3.299902e-01 -8.700076e-01 -5.925144e-01
 2.703798e-01 -9.930798e-01 -3.192182e-01
 1.552841e-01 -1.063292e+00 3.440362e-01
 7.856436e-03 -1.245565e+00 6.926108e-01
 -1.950549e-01 -1.589208e+00 9.196483e-01
 -3.712667e-01 -2.035356e+00 9.547104e-01
 -4.291550e-01 -2.489489e+00 7.969404e-01
 -3.546409e-01 -2.847483e+00 4.802421e-01
 -1.597491e-01 -3.030216e+00 7.226721e-02
 1.119513e-01 -2.991328e+00 -3.389188e-01
 4.187433e-01 -2.749134e+00 -6.357745e-01
 7.007859e-01 -2.373258e+00 -7.450763e-01
 9.004788e-01 -1.959453e+00 -6.463132e-01
 1.022144e+00 -1.650357e+00 -3.712587e-01
 1.155531e+00 -1.532519e+00 -3.377839e-02
 1.477288e+00 -1.454622e+00 2.292691e-01
 1.792185e+00 -1.242917e+00 3.276509e-01
 2.033034e+00 -8.304916e-01 3.476291e-01
 2.078743e+00 -2.930641e-01 2.655600e-01
 1.904482e+00 1.443627e-01 9.672722e-02
 1.294086e+00 6.292722e-01 -2.934203e-01
 1.004530e+00 7.739983e-01 -3.835370e-01
 6.654871e-01 9.005161e-01 -4.120938e-01
 3.869127e-01 9.562488e-01 -3.679943e-01
 5.559536e-02 9.623221e-01 -2.371615e-01
 -4.261132e-01 8.739591e-01 5.498385e-02
 -6.407166e-01 9.064464e-01 1.845147e-01
 -1.138340e+00 1.059666e+00 3.347864e-01
 -1.571475e+00 1.046548e+00 3.349351e-01
 -1.957405e+00 8.875728e-01 2.396624e-01
 -2.230439e+00 6.154546e-01 7.642518e-02
 -2.352952e+00 2.790045e-01 -1.178289e-01
 -2.316115e+00 -5.503343e-02 -3.360969e-01
 -2.121147e+00 -3.447345e-01 -5.513393e-01
 -1.790324e+00 -5.505416e-01 -7.116751e-01
 -1.380198e+00 -6.298363e-01 -7.827576e-01
 -9.895162e-01 -5.799866e-01 -7.448727e-01
 -6.479226e-01 -4.619847e-01 -5.598217e-01
 -2.781227e-01 -1.395619e-01 -6.499338e-02
 4.622346e-02 -2.998958e-02 1.836858e-01
 2.372752e-01 9.955086e-02 3.104441e-01
 5.350302e-01 3.342969e-01 4.142918e-01
 7.895041e-01 4.496761e-01 5.608315e-01
 1.002794e+00 6.249247e-01 8.713104e-01
 1.051715e+00 9.043268e-01 1.225720e+00
 9.247441e-01 1.259578e+00 1.498696e+00
 6.478923e-01 1.617661e+00 1.620596e+00
 2.734557e-01 1.904263e+00 1.563837e+00
 -1.163282e-01 2.058799e+00 1.327165e+00
 -4.175340e-01 2.061938e+00 9.397527e-01
 -5.204914e-01 1.959060e+00 4.936100e-01
 -4.131947e-01 1.883378e+00 1.313344e-01
