 4.426099e-01 6.361733e-01 1.899935e+00
 7.867113e-01 6.328536e-01 2.027279e+00
 1.149819e+00 5.695857e-01 2.037725e+00
 1.485186e+00 4.601741e-01 1.925507e+00
 1.749526e+00 3.264016e-01 1.703243e+00
 1.906316e+00 1.859656e-01 1.408338e+00
 1.954615e+00 1.314257e-02 9.725613e-01
 1.929094e+00 -3.259010e-01 7.738289e-02
 1.838614e+00 -4.296552e-01 -1.805075e-01
 1.684514e+00 -5.172576e-01 -3.934783e-01
 1.024757e+00 -7.138243e-01 -9.414362e-01
 8.413055e-01 -7.208607e-01 -1.169701e+00
 7.574121e-01 -6.923851e-01 -1.369006e+00
 6.796712e-01 -7.317984e-01 -1.567363e+00
 5.027112e-01 -8.396156e-01 -1.802447e+00
 2.991038e-01 -9.751520e-01 -1.954314e+00
 7.371262e-02 -1.115733e+00 -2.023455e+00
 -1.955140e-01 -1.235820e+00 -2.019887e+00
 -4.754649e-01 -1.327257e+00 -1.927619e+00
 -7.344150e-01 -1.406233e+00 -1.734571e+00
 -9.376603e-01 -1.447134e+00 -1.448915e+00
 -1.053893e+00 -1.425634e+00 -1.093746e+00
 -1.038819e+00 -1.220604e+00 -1.831149e-01
 -9.820050e-01 -1.144884e+00 2.131381e-01
 -8.476567e-01 -1.123962e+00 5.073781e-01
 -6.237232e-01 -1.188980e+00 7.879434e-01
 -2.006867e-01 -1.276477e+00 9.824470e-01
 2.752447e-01 -1.231101e+00 9.693875e-01
 7.429043e-01 -9.989442e-01 7.501983e-01
 9.681739e-01 -6.213336e-01 4.341737e-01
 9.200159e-01 -1.922724e-01 1.821805e-01
 8.842844e-01 -1.926248e-02 1.201542e-01
 7.171923e-01 5.898849e-01 1.609514e-02
 5.066198e-01 9.219685e-01 -1.954563e-01
 3.227425e-01 1.050511e+00 -4.275990e-01
 -1.509067e-01 1.152819e+00 -6.919275e-01
 -3.739109e-01 1.106336e+00 -8.231819e-01
 -6.258175e-01 9.841699e-01 -9.287418e-01
 -8.689068e-01 8.302602e-01 -9.494887e-01
 -1.097133e+00 6.565601e-01 -8.842408e-01
 -1.290436e+00 4.670540e-01 -7.317783e-01
 -1.412990e+00 2.606533e-01 -5.049449e-01
 -1.445503e+00 7.471627e-02 -2.108639e-01
 -1.374828e+00 -5.758757e-02 1.258973e-01
 -1.086784e+00 -1.436588e-01 6.650922e-01
 -7.850859e-01 -3.009321e-01 1.232319e+00
 -5.283444e-01 -3.998120e-01 1.437978e+00
 -1.763278e-01 -4.616054e-01 1.568859e+00
 2.065981e-01 -4.432620e-01 1.582679e+00
 6.006984e-01 -2.987424e-01 1.458717e+00
 8.629465e-01 -4.188044e-02 1.250668e+00
 9.444178e-01 2.427964e-01 1.087505e+00
 9.747418e-01 5.211141e-01 1.026217e+00
 9.271364e-01 8.627547e-01 1.020139e+00
 5.698623e-01 1.763921e+00 1.217663e+00
 3.436064e-01 2.044827e+00 1.223638e+00
 4.492073e-02 2.251103e+00 1.150156e+00
 -2.940308e-01 2.351367e+00 9.940591e-01
 -6.010928e-01 2.331378e+00 7.743413e-01
 -8.307558e-01 2.194356e+00 5.140218e-01
 -9.835704e-01 1.913787e+00 2.537596e-01
 -1.031550e+00 1.517095e+00 7.945258e-02
 -9.541259e-01 1.096335e+00 4.123243e-02
 -7.520840e-01 7.886169e-01 6.828388e-02
 -5.462154e-01 5.226006e-01 -4.418387e-04
 -4.411016e-01 3.000909e-01 -2.019453e-01
 -2.622827e-01 1.637233e-01 -4.210123e-01
 -7.182620e-03 9.238421e-02 -5.748252e-01
 3.136220e-01 9.502807e-02 -7.935363e-01
 7.029390e-01 2.800999e-01 -1.030605e+00
 1.041403e+00 2.819672e-01 -1.224973e+00
 1.346397e+00 1.398425e-01 -1.418225e+00
 1.578382e+00 -1.235096e-01 -1.574632e+00
 1.707582e+00 -4.732676e-01 -1.669003e+00
 1.710276e+00 -8.567215e-01 -1.699524e+00
 1.582683e+00 -1.219355e+00 -1.670236e+00
 1.340982e+00 -1.510775e+00 -1.583401e+00
 1.018291e+00 -1.687400e+00 -1.446682e+00
 6.554104e-01 -1.718531e+00 -1.283419e+00
 3.177674e-01 -1.594141e+00 -1.124853e+00
 1.720995e-02 -1.322325e+00 -1.029243e+00
 -1.325258e-01 -1.001274e+00 -1.009996e+00
 -2.532489e-01 -7.294279e-01 -1.128636e+00
 -3.353054e-01 -5.344214e-01 -1.299742e+00
 -3.273881e-01 -3.190861e-01 -1.476799e+00
 -2.650190e-01 -9.450554e-03 -1.616950e+00
 -1.442113e-01 3.251558e-01 -1.676890e+00
 1.376156e-01 8.864540e-01 -1.677067e+00
 3.282778e-01 1.337588e+00 -1.575452e+00
 4.071160e-01 1.692274e+00 -1.357560e+00
 4.035016e-01 1.957260e+00 -1.029798e+00
 3.334175e-01 2.088071e+00 -6.393068e-01
 2.236536e-01 2.065157e+00 -2.428451e-01
 1.061007e-01 1.896090e+00 1.046392e-01
 -3.115223e-02 1.559045e+00 4.018604e-01
 -1.323930e-01 1.431319e+00 5.609815e-01
 -2.456709e-01 1.362847e+00 7.371421e-01
 -4.208378e-01 1.337662e+00 8.851187e-01
 -5.125653e-01 1.311433e+00 9.384047e-01
 -6.208214e-01 1.252928e+00 9.920267e-01
 -7.102001e-01 1.186664e+00 1.030264e+00
 -1.515768e+00 4.641009e-01 1.407937e+00
 -1.657999e+00 2.605421e-01 1.458843e+00
 -1.750330e+00 4.517134e-02 1.476122e+00
 -1.796914e+00 -1.670540e-01 1.466323e+00
 -1.804371e+00 -3.645663e-01 1.436292e+00
 -1.776069e+00 -5.783648e-01 1.383236e+00
 -1.533355e+00 -1.654587e+00 1.047164e+00
 -1.357257e+00 -1.931888e+00 8.731691e-01
 -1.112498e+00 -2.101050e+00 6.652716e-01
 -8.317426e-01 -2.148828e+00 4.532582e-01
 -5.481024e-01 -2.077137e+00 2.639527e-01
 -2.949196e-01 -1.902131e+00 1.209556e-01
 -9.808181e-02 -1.626281e+00 7.902725e-03
 -2.459835e-03 -1.360251e+00 -2.775049e-02
 1.861525e-02 -1.023970e+00 -1.643711e-02
 -9.074081e-03 -7.613151e-01 6.709262e-02
 -4.051038e-02 -6.194378e-01 1.660210e-01
 -6.298271e-02 -3.798544e-01 4.453862e-01
 2.550847e-02 -5.315435e-02 6.424594e-01
 -2.384047e-02 2.315721e-01 8.035505e-01
 -6.029217e-02 3.928831e-01 1.009748e+00
 1.872663e-03 5.439400e-01 1.366469e+00
 1.823008e-01 6.165387e-01 1.680231e+00
