 7.270462e-01 -2.056454e+00 -5.527838e-01
 9.764152e-01 -1.793934e+00 -5.646609e-01
 1.474703e+00 -6.393938e-01 -6.910174e-01
 1.497192e+00 -3.938088e-01 -7.267305e-01
 1.449721e+00 -9.850881e-02 -8.782646e-01
 1.518194e+00 1.455582e-01 -1.081956e+00
 1.667611e+00 3.061092e-01 -1.449192e+00
 1.751863e+00 2.986022e-01 -1.853625e+00
 1.719986e+00 1.446892e-01 -2.248604e+00
 1.556292e+00 -9.977281e-02 -2.554184e+00
 1.278126e+00 -4.263998e-01 -2.733776e+00
 9.796142e-01 -7.440258e-01 -2.720070e+00
 7.029102e-01 -1.017290e+00 -2.528674e+00
 4.945772e-01 -1.196254e+00 -2.197225e+00
 1.842182e-01 -1.320344e+00 -1.096391e+00
 1.287962e-01 -1.242864e+00 -7.000701e-01
 1.071772e-01 -1.243854e+00 -5.483906e-01
 3.725523e-02 -1.216524e+00 -3.508870e-01
 -8.341877e-02 -1.103232e+00 -1.290611e-01
 -2.975528e-01 -9.358308e-01 8.574689e-02
 -5.660988e-01 -7.509858e-01 2.309729e-01
 -8.974148e-01 -4.695018e-01 3.170819e-01
 -1.403522e+00 -1.911648e-01 2.708049e-01
 -1.693169e+00 1.240802e-01 3.594549e-01
 -1.832804e+00 4.954172e-01 5.446999e-01
 -1.792428e+00 8.669192e-01 7.883179e-01
 -1.588047e+00 1.133167e+00 1.064672e+00
 -1.335408e+00 1.220117e+00 1.313836e+00
 -1.184442e+00 1.179275e+00 1.518993e+00
 -1.094639e+00 1.164401e+00 1.740855e+00
 -8.922078e-01 1.270908e+00 2.038016e+00
 -5.097878e-01 1.418837e+00 2.236212e+00
 -3.801277e-02 1.511170e+00 2.238723e+00
 4.113642e-01 1.480933e+00 2.048111e+00
 7.291502e-01 1.333287e+00 1.709393e+00
 8.482552e-01 1.087138e+00 1.304576e+00
 7.405882e-01 7.815452e-01 9.394599e-01
 4.749462e-01 4.814782e-01 7.468659e-01
 1.309842e-01 1.532012e-01 7.234769e-01
 -2.799498e-01 -5.337908e-01 1.192484e+00
 -6.037918e-01 -8.215458e-01 1.270760e+00
 -9.687558e-01 -1.089621e+00 1.151080e+00
 -1.292377e+00 -1.255164e+00 8.554489e-01
 -1.573158e+00 -1.270044e+00 3.731639e-01
 -1.876113e+00 -8.901538e-01 -7.535628e-01
 -1.731981e+00 -7.077998e-01 -1.270939e+00
 -1.347968e+00 -5.568098e-01 -1.633892e+00
 -8.240718e-01 -4.433268e-01 -1.754792e+00
 -3.033088e-01 -3.717228e-01 -1.596940e+00
 3.310252e-01 -2.763888e-01 -9.245089e-01
 4.629012e-01 -2.962388e-01 -7.150890e-01
 5.511152e-01 -3.533948e-01 -3.884495e-01
 9.022212e-01 -4.856988e-01 5.357399e-01
 9.486802e-01 -4.549298e-01 8.670479e-01
 9.222782e-01 -3.460308e-01 1.187060e+00
 8.231962e-01 -1.752738e-01 1.454636e+00
 6.431072e-01 2.136819e-02 1.652307e+00
 4.117782e-01 2.290982e-01 1.751610e+00
 1.551402e-01 4.480692e-01 1.733689e+00
 -6.847877e-02 6.790542e-01 1.605260e+00
 -1.604128e-01 8.595692e-01 1.446131e+00
 -1.891698e-01 1.108352e+00 1.280146e+00
 -2.573708e-01 1.503320e+00 1.222166e+00
 -4.806498e-01 1.896082e+00 1.303695e+00
 -8.400128e-01 2.147901e+00 1.482479e+00
 -1.263653e+00 2.190888e+00 1.693833e+00
 -1.657566e+00 2.019975e+00 1.889322e+00
 -1.948681e+00 1.676299e+00 2.010212e+00
 -2.084168e+00 1.233909e+00 2.026767e+00
 -2.034908e+00 7.818832e-01 1.945125e+00
 -1.816399e+00 4.085892e-01 1.770155e+00
 -1.487236e+00 2.002632e-01 1.529564e+00
 -1.142265e+00 1.920102e-01 1.247256e+00
 -9.221218e-01 3.375922e-01 1.020116e+00
 -8.066828e-01 5.398232e-01 7.233169e-01
 -8.510538e-01 1.023774e+00 8.995789e-02
 -7.901928e-01 1.152791e+00 -2.512421e-01
 -6.460048e-01 1.177055e+00 -5.922617e-01
 -4.206628e-01 1.085972e+00 -9.115500e-01
 4.545932e-01 5.076702e-01 -1.643613e+00
 6.263512e-01 3.111802e-01 -1.766598e+00
 7.518982e-01 6.911119e-02 -1.839827e+00
 8.150322e-01 -1.155168e-01 -1.843233e+00
 9.694562e-01 -4.033608e-01 -1.741862e+00
 1.203874e+00 -6.052518e-01 -1.720115e+00
 1.580298e+00 -7.128638e-01 -1.703471e+00
 1.950023e+00 -6.810238e-01 -1.600847e+00
 2.276433e+00 -5.207908e-01 -1.380095e+00
 2.457863e+00 -2.915508e-01 -1.076480e+00
 2.471673e+00 -2.088681e-02 -7.241326e-01
 2.317723e+00 2.278872e-01 -4.257924e-01
 2.021313e+00 4.419652e-01 -2.165091e-01
 1.630648e+00 5.791812e-01 -1.308091e-01
 4.336672e-01 6.426052e-01 -2.502831e-01
 1.107522e-01 5.540772e-01 -2.176821e-01
 -1.238738e-01 3.836182e-01 -2.185371e-01
 -8.296868e-01 -1.802418e-01 -6.680840e-01
 -8.358358e-01 -8.813558e-01 -7.729574e-01
 -8.789348e-01 -1.301974e+00 -8.099353e-01
 -8.010048e-01 -1.649404e+00 -7.818663e-01
 -6.004468e-01 -1.954144e+00 -7.354683e-01
 -3.061668e-01 -2.165944e+00 -6.762477e-01
 4.205723e-02 -2.257134e+00 -6.163193e-01
 4.019712e-01 -2.218254e+00 -5.712398e-01
