 -1.547098e+00 5.626620e-01 1.419504e+00
 -1.679088e+00 2.627378e-01 1.509771e+00
 -1.733878e+00 -5.510083e-02 1.527568e+00
 -1.717221e+00 -3.765483e-01 1.469635e+00
 -1.631662e+00 -6.681491e-01 1.339677e+00
 -1.058314e+00 -1.544565e+00 6.470799e-01
 -7.100621e-01 -1.750157e+00 4.566654e-01
 -3.347311e-01 -1.797777e+00 3.602550e-01
 -5.752411e-02 -1.766489e+00 3.976708e-01
 1.532138e-01 -1.790729e+00 4.668164e-01
 4.045636e-01 -1.872569e+00 4.739916e-01
 6.923798e-01 -1.914079e+00 3.871279e-01
 9.992972e-01 -1.861048e+00 2.126270e-01
 1.224499e+00 -1.740888e+00 6.978378e-03
 1.368264e+00 -1.559048e+00 -2.213171e-01
 1.417101e+00 -1.332588e+00 -4.515475e-01
 1.365008e+00 -1.085887e+00 -6.593298e-01
 9.981555e-01 -4.803604e-01 -1.063837e+00
 8.912400e-01 -1.780643e-01 -1.232389e+00
 8.891528e-01 2.216206e-01 -1.387855e+00
 7.385893e-01 5.866524e-01 -1.598956e+00
 4.529526e-01 9.282991e-01 -1.900204e+00
 9.092118e-02 1.140744e+00 -2.183341e+00
 -2.810879e-01 1.231820e+00 -2.349537e+00
 -6.583076e-01 1.237381e+00 -2.390411e+00
 -1.028164e+00 1.166953e+00 -2.310280e+00
 -1.336733e+00 1.030043e+00 -2.113869e+00
 -1.535341e+00 8.470363e-01 -1.823933e+00
 -1.588959e+00 6.473243e-01 -1.479982e+00
 -1.476532e+00 4.546110e-01 -1.103539e+00
 -1.080375e+00 2.802605e-01 -5.474192e-01
 -6.769130e-01 2.831586e-01 -1.261268e-01
 -4.447488e-01 2.748377e-01 4.136241e-02
 -1.419395e-01 1.927423e-01 1.533206e-01
 1.563987e-01 7.986940e-02 1.363681e-01
 4.223547e-01 6.640010e-02 6.481204e-02
 6.450379e-01 5.213280e-02 -6.540918e-02
 8.226597e-01 1.162834e-01 -2.097426e-01
 9.742239e-01 2.475876e-01 -3.267760e-01
 1.166440e+00 5.501616e-01 -4.744828e-01
 1.400954e+00 8.850580e-01 -4.200665e-01
 1.568424e+00 1.168521e+00 -2.377558e-01
 1.643470e+00 1.416893e+00 4.940892e-02
 1.618650e+00 1.581138e+00 4.017297e-01
 1.503577e+00 1.630758e+00 7.761597e-01
 1.313941e+00 1.559531e+00 1.110978e+00
 5.420794e-01 9.858929e-01 1.899837e+00
 2.035667e-01 7.663980e-01 2.042057e+00
 -8.528048e-02 5.731332e-01 2.040188e+00
 -3.466377e-01 3.729682e-01 1.921710e+00
 -5.473285e-01 1.899445e-01 1.700140e+00
 -7.235762e-01 -1.280010e-02 1.258600e+00
 -8.220474e-01 -6.027079e-02 1.063102e+00
 -1.024115e+00 -7.905168e-02 7.770828e-01
 -1.354502e+00 9.360084e-03 5.706278e-01
 -1.676769e+00 2.568641e-01 4.450400e-01
 -1.901715e+00 6.265845e-01 4.178303e-01
 -1.968571e+00 1.059652e+00 4.754667e-01
 -1.859961e+00 1.472017e+00 6.066028e-01
 -1.594451e+00 1.780227e+00 7.785987e-01
 -1.214712e+00 1.937412e+00 9.269512e-01
 -7.856270e-01 1.916145e+00 1.028675e+00
 -3.935343e-01 1.712283e+00 1.086739e+00
 -1.158049e-01 1.364978e+00 1.088339e+00
 3.021677e-02 7.938058e-01 1.030943e+00
 1.023365e-01 6.208237e-01 1.037074e+00
 3.370020e-01 2.530158e-01 1.114276e+00
 4.560137e-01 -1.019099e-02 1.098164e+00
 5.701165e-01 -3.000733e-01 9.984862e-01
 6.566430e-01 -5.353882e-01 8.392842e-01
 6.874510e-01 -7.179926e-01 6.427896e-01
 6.573597e-01 -8.679366e-01 3.820325e-01
 5.088258e-01 -9.993135e-01 -7.992206e-02
 3.909337e-01 -1.262978e+00 -3.727918e-01
 3.357251e-01 -1.627082e+00 -5.402176e-01
 2.553288e-01 -2.058890e+00 -5.323069e-01
 1.539624e-01 -2.437251e+00 -3.468233e-01
 4.008665e-02 -2.699400e+00 -1.718172e-02
 -5.841014e-02 -2.796153e+00 4.003403e-01
 -1.506747e-01 -2.706424e+00 8.159093e-01
 -2.323556e-01 -2.448682e+00 1.153855e+00
 -2.749870e-01 -2.068066e+00 1.358986e+00
 -2.803772e-01 -1.630829e+00 1.391303e+00
 -2.581472e-01 -1.226723e+00 1.240831e+00
 -2.732305e-01 -9.228502e-01 9.394666e-01
 -3.305388e-01 -7.968007e-01 5.707040e-01
 -4.832305e-01 -7.510632e-01 -2.795152e-02
 -4.294645e-01 -6.610900e-01 -3.826087e-01
 -2.840361e-01 -5.305338e-01 -5.941512e-01
 -1.177928e-01 -2.687223e-01 -7.776533e-01
 -2.333230e-02 4.619037e-02 -8.688158e-01
 4.878198e-02 3.160805e-01 -8.430958e-01
 1.284471e-01 6.137826e-01 -7.577317e-01
 1.993941e-01 9.330505e-01 -4.645393e-01
 3.798438e-01 1.083514e+00 -5.044574e-02
 7.093626e-01 1.029452e+00 3.323134e-01
 9.877907e-01 7.853955e-01 5.348076e-01
 1.251375e+00 6.251823e-01 5.758516e-01
 1.534395e+00 4.536293e-01 5.034251e-01
 1.771954e+00 2.710809e-01 3.218333e-01
 1.934959e+00 1.176356e-01 5.148904e-02
 2.011137e+00 1.676202e-02 -2.819256e-01
 1.907290e+00 -1.585180e-01 -1.420945e+00
 1.738893e+00 -2.415436e-01 -1.806174e+00
 1.498370e+00 -2.914922e-01 -2.060490e+00
 1.187106e+00 -3.067746e-01 -2.223745e+00
 8.421855e-01 -2.809955e-01 -2.280144e+00
 4.302932e-01 -1.935833e-01 -2.216001e+00
 -1.017375e-02 -4.548468e-03 -2.028173e+00
 -3.733997e-01 2.976738e-01 -1.794236e+00
 -5.549377e-01 5.906984e-01 -1.600461e+00
 -5.865354e-01 8.563098e-01 -1.430642e+00
 -6.438144e-01 1.041284e+00 -1.243392e+00
 -6.870090e-01 1.168969e+00 -9.897492e-01
 -8.031056e-01 1.302129e+00 -3.011427e-01
 -8.763306e-01 1.238946e+00 1.623290e-01
 -9.595864e-01 9.586848e-01 6.657335e-01
 -1.046332e+00 9.255745e-01 9.254050e-01
 -1.168869e+00 8.932272e-01 1.100537e+00
 -1.370710e+00 7.680855e-01 1.286298e+00
