 4.500879e-01 -8.155735e-01 6.554338e-01
 1.160788e-01 -8.614761e-01 3.857260e-01
 -2.898406e-01 -3.268837e-01 -4.491840e-01
 -5.965560e-01 -1.642167e-01 -6.800182e-01
 -8.731008e-01 -1.467380e-01 -8.182657e-01
 -1.275212e+00 -1.702596e-01 -8.484843e-01
 -1.664771e+00 -2.367776e-01 -7.174792e-01
 -1.969873e+00 -3.084020e-01 -4.354628e-01
 -2.135400e+00 -3.512864e-01 -5.658386e-02
 -2.137996e+00 -3.620696e-01 3.606188e-01
 -1.971920e+00 -3.589023e-01 7.466898e-01
 -1.665866e+00 -3.401509e-01 1.033039e+00
 -1.273524e+00 -3.070716e-01 1.171928e+00
 -8.703363e-01 -2.643106e-01 1.143414e+00
 -3.990026e-01 -1.411003e-01 9.085311e-01
 -9.961824e-03 7.275394e-02 8.382363e-01
 2.908985e-01 1.644807e-01 8.316924e-01
 5.994688e-01 1.746749e-01 8.248508e-01
 1.163688e+00 6.570587e-02 7.683929e-01
 1.472780e+00 -3.574373e-02 6.171530e-01
 1.728473e+00 -1.194546e-01 3.341764e-01
 1.885153e+00 -1.976574e-01 -1.165487e-01
 1.857586e+00 -2.795660e-01 -5.252885e-01
 1.674967e+00 -3.910951e-01 -8.828083e-01
 1.380068e+00 -5.218807e-01 -1.126243e+00
 9.880474e-01 -6.448984e-01 -1.241281e+00
 4.686109e-01 -6.491249e-01 -1.298804e+00
 4.980023e-02 -4.993557e-01 -1.397289e+00
 -2.797282e-01 -4.099500e-01 -1.616408e+00
 -4.827335e-01 -3.572152e-01 -1.948465e+00
 -5.305862e-01 -2.310536e-01 -2.379030e+00
 -3.810223e-01 -6.039827e-02 -2.776540e+00
 -7.487336e-02 1.564756e-01 -3.047419e+00
 3.259144e-01 3.675511e-01 -3.134351e+00
 7.368288e-01 5.327633e-01 -3.021388e+00
 1.070924e+00 6.336810e-01 -2.731012e+00
 1.267726e+00 6.446468e-01 -2.323846e+00
 1.287112e+00 5.737882e-01 -1.871694e+00
 1.117723e+00 4.524187e-01 -1.473781e+00
 8.454615e-01 3.573376e-01 -1.242090e+00
 6.134963e-01 3.440151e-01 -1.149988e+00
 4.466624e-01 3.750676e-01 -1.078807e+00
 2.116427e-01 4.794194e-01 -8.838826e-01
 7.822485e-02 6.016594e-01 -6.735230e-01
 2.639052e-02 6.415948e-01 -5.659151e-01
 -5.894023e-01 8.436461e-01 5.375179e-01
 -6.806756e-01 8.286947e-01 6.987029e-01
 -8.149032e-01 7.764856e-01 8.592170e-01
 -1.015591e+00 7.924859e-01 1.088674e+00
 -1.150188e+00 9.066551e-01 1.437679e+00
 -1.124346e+00 1.043317e+00 1.814162e+00
 -9.302865e-01 1.112432e+00 2.196304e+00
 -6.070085e-01 1.082185e+00 2.487277e+00
 -2.200914e-01 9.488494e-01 2.639070e+00
 1.493163e-01 7.089958e-01 2.634886e+00
 4.370388e-01 4.116241e-01 2.464450e+00
 5.731026e-01 9.940574e-02 2.164720e+00
 5.098939e-01 -1.840086e-01 1.862805e+00
 2.955127e-01 -4.226895e-01 1.661795e+00
 5.525305e-02 -7.154934e-01 1.597009e+00
 -3.945360e-02 -1.168132e+00 1.499135e+00
 6.367820e-02 -1.611672e+00 1.200603e+00
 3.297297e-01 -1.846527e+00 7.751979e-01
 6.434671e-01 -1.793030e+00 3.282476e-01
 8.967509e-01 -1.469416e+00 -3.026428e-02
 1.001202e+00 -9.733768e-01 -2.172295e-01
 8.561517e-01 -2.275463e-01 -2.153799e-01
 8.674869e-01 7.867327e-03 -2.137987e-01
 9.999742e-01 4.618445e-01 -2.005897e-01
 1.016951e+00 9.309307e-01 -3.966370e-01
 8.818783e-01 1.259862e+00 -7.350162e-01
 6.779112e-01 1.379704e+00 -1.174212e+00
 4.673721e-01 1.255379e+00 -1.622061e+00
 3.071437e-01 9.131824e-01 -1.954880e+00
 2.600509e-01 4.783811e-01 -2.099146e+00
 3.645907e-01 1.946658e-01 -2.117626e+00
 4.740130e-01 -1.472921e-03 -2.180749e+00
 5.057274e-01 -2.485194e-01 -2.288038e+00
 4.357099e-01 -6.296895e-01 -2.347898e+00
 2.739477e-01 -9.792105e-01 -2.287407e+00
 8.138873e-02 -1.250773e+00 -2.109587e+00
 -1.355662e-01 -1.412300e+00 -1.849485e+00
 -3.462551e-01 -1.444201e+00 -1.545239e+00
 -1.014235e+00 -1.071710e+00 -3.673179e-01
 -1.131399e+00 -7.892487e-01 -2.811342e-02
 -1.127535e+00 -4.513536e-01 1.496749e-01
 -1.153597e+00 -8.330410e-02 1.697371e-01
 -1.499463e+00 6.312849e-01 1.015954e-01
 -1.542343e+00 1.081261e+00 1.924577e-01
 -1.424153e+00 1.474072e+00 3.986383e-01
 -1.168470e+00 1.733009e+00 6.751801e-01
 -8.337611e-01 1.806378e+00 9.763932e-01
 -4.884427e-01 1.680409e+00 1.240710e+00
 -2.244562e-01 1.385395e+00 1.437080e+00
 -1.149540e-01 1.008286e+00 1.567696e+00
 -1.737719e-01 6.374361e-01 1.652981e+00
 -3.286166e-01 3.953811e-01 1.770872e+00
 -4.725909e-01 1.651617e-01 1.998332e+00
 -4.402856e-01 -1.214755e-01 2.330251e+00
 -1.917834e-01 -4.802093e-01 2.587351e+00
 1.836883e-01 -8.057427e-01 2.633445e+00
 5.737423e-01 -1.062501e+00 2.442344e+00
 8.691205e-01 -1.196179e+00 2.062753e+00
 1.004256e+00 -1.180140e+00 1.588766e+00
 9.503031e-01 -1.035894e+00 1.145503e+00
 7.057594e-01 -8.642725e-01 8.034614e-01
