 1.640101e+00 5.514128e-02 1.335733e+00
 1.680306e+00 -1.508085e-01 1.192336e+00
 1.651206e+00 -3.432334e-01 1.024552e+00
 1.539096e+00 -5.322906e-01 8.130566e-01
 1.381511e+00 -6.493932e-01 6.031694e-01
 1.179194e+00 -6.993944e-01 4.033917e-01
 9.118613e-01 -6.668669e-01 1.746032e-01
 7.964345e-01 -6.965380e-01 6.164310e-02
 7.003572e-01 -7.485430e-01 -7.135013e-02
 3.872028e-01 -1.020807e+00 -1.033638e+00
 2.938925e-01 -1.043305e+00 -1.224317e+00
 1.838591e-01 -1.023244e+00 -1.412512e+00
 6.565904e-02 -9.601916e-01 -1.586049e+00
 -5.384727e-02 -8.563501e-01 -1.737832e+00
 -6.942088e-01 -7.919443e-02 -2.421554e+00
 -8.569749e-01 1.504060e-01 -2.512179e+00
 -1.016592e+00 4.038421e-01 -2.518687e+00
 -1.155827e+00 6.624356e-01 -2.437250e+00
 -1.256692e+00 9.058206e-01 -2.270706e+00
 -1.304586e+00 1.110975e+00 -2.029167e+00
 -1.286569e+00 1.255721e+00 -1.734098e+00
 -1.199017e+00 1.319830e+00 -1.416943e+00
 -1.039517e+00 1.298998e+00 -1.118216e+00
 -8.224312e-01 1.193029e+00 -8.743754e-01
 -5.896847e-01 1.043100e+00 -7.364540e-01
 -7.114846e-02 8.334981e-01 -6.330293e-01
 1.898198e-01 6.696575e-01 -4.501566e-01
 3.443421e-01 5.292405e-01 -3.657686e-01
 5.901202e-01 3.613035e-01 -3.541742e-01
 1.228566e+00 -2.087447e-02 -5.714128e-01
 1.485818e+00 -3.509710e-01 -6.109995e-01
 1.610335e+00 -7.370272e-01 -5.672296e-01
 1.587427e+00 -1.126702e+00 -4.517477e-01
 1.430741e+00 -1.445923e+00 -2.686715e-01
 1.178767e+00 -1.648850e+00 -1.553194e-02
 8.919819e-01 -1.692854e+00 2.798254e-01
 5.948276e-01 -1.564459e+00 5.649255e-01
 1.566826e-01 -1.077049e+00 9.184537e-01
 -4.633910e-02 -9.418466e-01 1.082084e+00
 -2.567717e-01 -8.906710e-01 1.309558e+00
 -5.823867e-01 -9.763628e-01 1.533993e+00
 -9.343088e-01 -1.183965e+00 1.635819e+00
 -1.272537e+00 -1.459513e+00 1.566125e+00
 -1.520526e+00 -1.728580e+00 1.331327e+00
 -1.648548e+00 -1.933303e+00 9.741959e-01
 -1.636424e+00 -2.037782e+00 5.556607e-01
 -1.481772e+00 -2.026355e+00 1.495365e-01
 -1.212686e+00 -1.897876e+00 -1.698388e-01
 -8.937191e-01 -1.667085e+00 -3.453721e-01
 -6.002337e-01 -1.362220e+00 -3.569849e-01
 -4.000427e-01 -1.010638e+00 -2.113539e-01
 -2.879815e-01 -6.539167e-01 1.150069e-01
 -1.962297e-01 -2.829571e-01 3.091630e-01
 -1.868582e-01 4.957145e-01 4.962823e-01
 -2.022237e-01 9.309767e-01 4.509877e-01
 -2.209571e-01 1.313412e+00 2.517639e-01
 -1.591001e-01 1.554340e+00 1.062071e-01
 -5.346384e-02 1.764514e+00 -1.594115e-01
 2.529856e-02 1.873242e+00 -5.021025e-01
 5.937641e-02 1.859216e+00 -8.708531e-01
 3.949565e-02 1.722989e+00 -1.218306e+00
 -3.677158e-02 1.481726e+00 -1.497352e+00
 -1.636756e-01 1.168950e+00 -1.668158e+00
 -3.458180e-01 8.216914e-01 -1.710486e+00
 -5.465798e-01 5.575991e-01 -1.631978e+00
 -7.018395e-01 4.447706e-01 -1.551065e+00
 -1.033280e+00 2.501865e-01 -1.483238e+00
 -1.247489e+00 3.764882e-02 -1.395790e+00
 -1.400667e+00 -1.725114e-01 -1.240374e+00
 -1.494915e+00 -3.825657e-01 -1.008730e+00
 -1.518585e+00 -5.595545e-01 -7.256797e-01
 -1.437549e+00 -7.669525e-01 -1.794303e-01
 -1.355943e+00 -8.979760e-01 1.625301e-01
 -1.255443e+00 -1.007884e+00 3.582520e-01
 -1.103753e+00 -1.154173e+00 5.294602e-01
 -9.795366e-01 -1.252424e+00 6.022372e-01
 -8.460555e-01 -1.380949e+00 6.349041e-01
 -7.310165e-01 -1.569331e+00 6.901084e-01
 -6.002221e-01 -1.764355e+00 8.502466e-01
 -4.324217e-01 -1.894574e+00 1.085508e+00
 -2.159542e-01 -1.922732e+00 1.354990e+00
 2.624651e-02 -1.834508e+00 1.590296e+00
 2.614718e-01 -1.652389e+00 1.757732e+00
 4.686134e-01 -1.391269e+00 1.844601e+00
 6.264589e-01 -1.084208e+00 1.836349e+00
 7.157167e-01 -7.659807e-01 1.733948e+00
 7.231758e-01 -4.828384e-01 1.557365e+00
 6.494273e-01 -7.941940e-02 1.078530e+00
 7.945945e-01 1.897985e-01 7.252423e-01
 1.025343e+00 2.996933e-01 5.540298e-01
 1.284431e+00 4.384623e-01 4.626827e-01
 1.561185e+00 6.808914e-01 4.903535e-01
 1.731279e+00 1.020668e+00 6.005446e-01
 1.750542e+00 1.387476e+00 7.381404e-01
 1.613567e+00 1.739620e+00 8.785871e-01
 1.337239e+00 2.021354e+00 9.858188e-01
 9.698414e-01 2.179498e+00 1.057588e+00
 5.663173e-01 2.186121e+00 1.100866e+00
 -5.317511e-01 1.773584e+00 1.092474e+00
 -7.492501e-01 1.650417e+00 1.042174e+00
 -9.402632e-01 1.500784e+00 9.431597e-01
 -1.087265e+00 1.332177e+00 8.043321e-01
 -1.180277e+00 1.150387e+00 6.359934e-01
 -1.212338e+00 9.623113e-01 4.507002e-01
 -1.172310e+00 7.280215e-01 2.163118e-01
 -9.500019e-01 2.394090e-01 -2.476697e-01
 -8.068854e-01 9.031179e-02 -4.172270e-01
 -6.554550e-01 -7.462720e-03 -5.769053e-01
 -3.496820e-01 -1.355178e-01 -7.921228e-01
 -1.118373e-01 -1.449541e-01 -9.874853e-01
 1.837487e-01 -4.888283e-03 -1.231613e+00
 4.523610e-01 3.174512e-01 -1.379861e+00
 6.686680e-01 6.454897e-01 -1.353154e+00
 8.708010e-01 9.454121e-01 -1.159790e+00
 9.890238e-01 1.181883e+00 -8.364363e-01
 9.865350e-01 1.323532e+00 -4.435259e-01
 7.715665e-01 1.335069e+00 4.358525e-01
 7.125691e-01 1.225177e+00 7.902081e-01
 7.620159e-01 1.177009e+00 9.835043e-01
 8.688688e-01 1.102197e+00 1.169015e+00
 1.023190e+00 9.677625e-01 1.335342e+00
 1.195853e+00 7.862427e-01 1.443492e+00
 1.390516e+00 5.377195e-01 1.484885e+00
 1.529591e+00 3.114563e-01 1.448587e+00
