 7.706133e-01 1.048271e+00 1.372242e+00
 5.968492e-01 1.117521e+00 1.031724e+00
 3.739730e-01 1.052593e+00 7.349567e-01
 1.713234e-01 9.344003e-01 5.895667e-01
 2.539863e-02 8.837387e-01 5.308673e-01
 -1.444946e-01 8.432636e-01 4.152576e-01
 -3.528548e-01 7.477620e-01 2.122181e-01
 -5.054650e-01 6.016163e-01 1.248680e-02
 -6.115843e-01 3.982230e-01 -1.823385e-01
 -6.319310e-01 2.687498e-01 -2.922015e-01
 -5.894360e-01 7.845131e-02 -4.644357e-01
 -5.210736e-01 -2.138634e-01 -8.272859e-01
 -5.523605e-01 -3.906326e-01 -9.786722e-01
 -6.529195e-01 -6.061920e-01 -1.101130e+00
 -7.839282e-01 -8.836985e-01 -1.152288e+00
 -9.097861e-01 -1.163693e+00 -1.104166e+00
 -1.017547e+00 -1.446433e+00 -9.463951e-01
 -1.084985e+00 -1.661361e+00 -7.178968e-01
 -1.115394e+00 -1.803487e+00 -4.276452e-01
 -1.104338e+00 -1.855468e+00 -1.041361e-01
 -1.054657e+00 -1.808928e+00 2.159168e-01
 -9.243260e-01 -1.633279e+00 5.883736e-01
 -8.277044e-01 -1.593370e+00 7.999966e-01
 -7.077023e-01 -1.627517e+00 1.123954e+00
 -3.376709e-01 -1.803322e+00 1.426244e+00
 2.169130e-01 -1.927495e+00 1.491732e+00
 7.411308e-01 -1.879266e+00 1.303544e+00
 1.102481e+00 -1.628981e+00 9.198513e-01
 1.163647e+00 -1.312879e+00 4.410662e-01
 9.203990e-01 -9.800456e-01 4.574380e-02
 8.939870e-01 -7.981387e-01 -1.382886e-01
 9.001176e-01 -6.515255e-01 -4.284679e-01
 8.142129e-01 -4.821657e-01 -6.801858e-01
 6.901948e-01 -2.375816e-01 -8.657382e-01
 1.543632e-01 5.084979e-01 -1.138848e+00
 -4.344398e-01 1.017779e+00 -9.543982e-01
 -6.495138e-01 1.267479e+00 -1.006869e+00
 -8.015098e-01 1.537981e+00 -1.164851e+00
 -8.389594e-01 1.842568e+00 -1.393452e+00
 -7.402788e-01 2.111560e+00 -1.632953e+00
 -5.231372e-01 2.321097e+00 -1.846465e+00
 -2.123771e-01 2.448480e+00 -2.004820e+00
 1.523835e-01 2.468714e+00 -2.093666e+00
 5.251020e-01 2.381684e+00 -2.090401e+00
 8.514567e-01 2.210054e+00 -1.980532e+00
 1.082833e+00 1.975045e+00 -1.779612e+00
 1.185243e+00 1.708223e+00 -1.513425e+00
 1.138762e+00 1.458818e+00 -1.221351e+00
 9.624194e-01 1.283910e+00 -9.286299e-01
 7.243716e-01 1.225470e+00 -6.979492e-01
 5.089625e-01 1.291284e+00 -4.960536e-01
 3.518729e-01 1.397125e+00 -3.454256e-01
 6.537277e-02 1.743365e+00 -2.678553e-02
 -1.345584e-01 1.869240e+00 3.049792e-01
 -2.975181e-01 1.842543e+00 6.766918e-01
 -4.004814e-01 1.667549e+00 1.027546e+00
 -4.201260e-01 1.376493e+00 1.305570e+00
 -3.475148e-01 1.017553e+00 1.471896e+00
 -1.946753e-01 6.456296e-01 1.501012e+00
 3.075248e-02 3.332514e-01 1.403110e+00
 2.727138e-01 1.511023e-01 1.226425e+00
 4.816504e-01 1.072723e-01 1.101258e+00
 8.594764e-01 1.399814e-02 9.854951e-01
 1.087077e+00 -8.227421e-02 8.638261e-01
 1.739350e+00 -3.877340e-01 2.837274e-01
 1.905515e+00 -6.564573e-01 -3.303058e-02
 1.888373e+00 -9.915165e-01 -3.255386e-01
 1.683413e+00 -1.321076e+00 -5.582127e-01
 1.329623e+00 -1.554741e+00 -7.015801e-01
 8.891010e-01 -1.639521e+00 -7.461595e-01
 4.659233e-01 -1.552944e+00 -6.982370e-01
 -5.236807e-01 -9.963254e-01 -1.683759e-01
 -8.119274e-01 -8.815284e-01 -1.174987e-01
 -1.047508e+00 -8.099273e-01 -1.553247e-01
 -1.320854e+00 -6.451080e-01 -3.139135e-01
 -1.494718e+00 -4.430310e-01 -5.474167e-01
 -1.549913e+00 -2.047508e-01 -8.234400e-01
 -1.467651e+00 5.105372e-02 -1.114126e+00
 -7.798900e-01 7.370023e-01 -1.888860e+00
 -4.585240e-01 1.034589e+00 -1.999343e+00
 -1.363300e-01 1.310659e+00 -1.921527e+00
 9.803153e-02 1.516432e+00 -1.701264e+00
 1.678016e-01 1.669819e+00 -1.449668e+00
 1.800122e-01 1.823382e+00 -1.302844e+00
 2.641111e-01 2.021087e+00 -1.164235e+00
 4.739720e-01 2.200313e+00 -9.572394e-01
 7.179112e-01 2.265703e+00 -7.400812e-01
 9.736992e-01 2.202733e+00 -4.773080e-01
 1.164548e+00 2.029749e+00 -2.262232e-01
 1.284013e+00 1.763020e+00 -2.070318e-02
 1.319279e+00 1.435991e+00 1.146339e-01
 1.267736e+00 1.089338e+00 1.637384e-01
 1.147465e+00 7.900242e-01 1.247532e-01
 7.433020e-01 3.322466e-01 -1.223055e-03
 3.019601e-01 -1.204873e-02 1.011452e-01
 5.405682e-02 -2.361672e-01 2.513445e-01
 -3.125347e-01 -3.014446e-01 5.453090e-01
 -4.824719e-01 -3.535007e-01 6.687276e-01
 -6.016926e-01 -3.987783e-01 7.354743e-01
 -1.313579e+00 -7.383085e-01 1.034514e+00
 -1.524348e+00 -9.334874e-01 1.119181e+00
 -1.676150e+00 -1.191060e+00 1.176904e+00
 -1.751793e+00 -1.490962e+00 1.202523e+00
 -1.738658e+00 -1.806758e+00 1.194145e+00
 -1.632212e+00 -2.107598e+00 1.153308e+00
 -1.439804e+00 -2.360984e+00 1.080809e+00
 -1.179152e+00 -2.536991e+00 9.829505e-01
 -8.807607e-01 -2.613500e+00 8.754909e-01
 -5.834473e-01 -2.584586e+00 7.498766e-01
 -3.094837e-01 -2.449597e+00 6.134825e-01
 -9.416966e-02 -2.232609e+00 5.134397e-01
 4.994811e-02 -1.962491e+00 4.599673e-01
 1.275363e-01 -1.683818e+00 4.816530e-01
 1.406920e-01 -1.476256e+00 5.512287e-01
 1.364285e-01 -1.329722e+00 6.279608e-01
 1.795668e-01 -1.153197e+00 7.891980e-01
 2.548956e-01 -1.000923e+00 1.008422e+00
 5.297950e-01 -7.653057e-01 1.630656e+00
 6.834492e-01 -5.278219e-01 1.878354e+00
 8.180564e-01 -2.035706e-01 2.018493e+00
 9.100550e-01 1.648385e-01 2.030680e+00
 9.392532e-01 5.306387e-01 1.912830e+00
 8.915743e-01 8.407681e-01 1.682663e+00
