 -2.381805e-01 2.250694e+00 -2.251998e-01
 -4.258378e-01 2.204991e+00 -5.952516e-01
 -5.808618e-01 1.994112e+00 -9.246150e-01
 -6.822774e-01 1.646430e+00 -1.166183e+00
 -6.756887e-01 1.271168e+00 -1.262568e+00
 -5.842702e-01 8.044341e-01 -1.265637e+00
 -4.966135e-01 3.841424e-01 -1.273277e+00
 -3.992325e-01 -3.660784e-02 -1.287193e+00
 -3.345510e-01 -4.290515e-01 -1.318995e+00
 -3.399800e-01 -8.099422e-01 -1.332098e+00
 -2.788661e-01 -1.256071e+00 -1.566391e+00
 -2.958457e-01 -1.635368e+00 -1.761835e+00
 -4.596530e-01 -2.007403e+00 -1.868205e+00
 -7.369674e-01 -2.309264e+00 -1.875838e+00
 -1.076236e+00 -2.497997e+00 -1.790386e+00
 -1.425655e+00 -2.555691e+00 -1.628191e+00
 -1.738356e+00 -2.478323e+00 -1.409951e+00
 -1.969424e+00 -2.276279e+00 -1.164899e+00
 -2.092535e+00 -1.966457e+00 -9.347214e-01
 -2.080158e+00 -1.579723e+00 -7.653582e-01
 -1.916726e+00 -1.155498e+00 -7.054083e-01
 -1.625183e+00 -8.248371e-01 -7.964981e-01
 -1.366301e+00 -6.099175e-01 -1.084454e+00
 -1.316244e+00 -4.634611e-01 -1.559767e+00
 -1.176527e+00 -5.081920e-01 -1.914469e+00
 -8.359896e-01 -5.314500e-01 -2.215547e+00
 -4.272224e-01 -5.380210e-01 -2.341764e+00
 3.750467e-03 -5.474305e-01 -2.289541e+00
 3.758422e-01 -5.658038e-01 -2.058502e+00
 6.057686e-01 -5.775834e-01 -1.712770e+00
 7.666743e-01 -5.866149e-01 -1.282439e+00
 9.232381e-01 -5.959025e-01 -8.732991e-01
 1.052082e+00 -6.085179e-01 -4.363277e-01
 9.963822e-01 -6.149775e-01 2.356296e-02
 7.434706e-01 -6.290380e-01 3.248898e-01
 5.421628e-01 -6.013291e-01 4.633942e-01
 8.416731e-02 -4.221309e-01 7.281087e-01
 -3.027939e-01 -3.133413e-01 1.026728e+00
 -6.122934e-01 -1.480825e-01 1.175673e+00
 -9.329061e-01 1.509141e-01 1.195129e+00
 -1.155973e+00 4.952360e-01 1.063787e+00
 -1.247018e+00 8.385134e-01 8.076383e-01
 -1.167826e+00 1.122991e+00 5.106595e-01
 -9.454499e-01 1.300219e+00 1.807233e-01
 -6.728294e-01 1.302113e+00 -1.231287e-01
 -2.269337e-01 1.198501e+00 -3.460166e-01
 9.745742e-02 1.298856e+00 -5.582779e-01
 4.049865e-01 1.584502e+00 -6.805498e-01
 6.968979e-01 1.925235e+00 -5.984167e-01
 9.080564e-01 2.199714e+00 -3.441579e-01
 1.046613e+00 2.348431e+00 1.656905e-02
 1.128906e+00 2.340576e+00 4.304221e-01
 1.123978e+00 2.204795e+00 8.098470e-01
 1.017992e+00 1.915096e+00 1.157752e+00
 7.762675e-01 1.477931e+00 1.345116e+00
 6.802536e-01 1.214468e+00 1.517925e+00
 6.705132e-01 9.667141e-01 1.744771e+00
 8.328157e-01 6.258850e-01 1.919014e+00
 1.123407e+00 2.774295e-01 2.023080e+00
 1.407782e+00 -5.862666e-02 2.104313e+00
 1.652944e+00 -3.949607e-01 2.125519e+00
 1.817318e+00 -7.507796e-01 2.013497e+00
 1.871674e+00 -1.092585e+00 1.766043e+00
 1.801327e+00 -1.335243e+00 1.451552e+00
 1.614193e+00 -1.479641e+00 1.089683e+00
 1.345731e+00 -1.552167e+00 7.485835e-01
 1.044909e+00 -1.612127e+00 4.182784e-01
 7.414414e-01 -1.632020e+00 9.918985e-02
 4.615139e-01 -1.491761e+00 -1.814400e-01
 2.052906e-01 -1.196765e+00 -3.459997e-01
 1.173959e-02 -7.748830e-01 -3.938966e-01
 1.830474e-02 -3.911323e-01 -3.811070e-01
 2.307636e-01 4.764646e-03 -3.315320e-01
 4.935288e-01 2.913013e-01 -9.272889e-02
 6.709753e-01 3.749759e-01 2.284104e-01
 8.477938e-01 3.955848e-01 6.198507e-01
 1.100666e+00 5.333458e-01 8.903240e-01
 1.430286e+00 6.765448e-01 1.066072e+00
 1.658404e+00 9.258061e-01 1.374236e+00
 1.694147e+00 1.169783e+00 1.713482e+00
 1.560078e+00 1.421262e+00 2.020158e+00
 1.284349e+00 1.648195e+00 2.232806e+00
 9.156232e-01 1.810098e+00 2.322535e+00
 5.111328e-01 1.888528e+00 2.272288e+00
 1.345269e-01 1.862021e+00 2.092167e+00
 -1.519835e-01 1.727719e+00 1.814610e+00
 -2.963900e-01 1.508139e+00 1.498382e+00
 -2.868322e-01 1.211970e+00 1.164570e+00
 -2.089761e-01 8.637413e-01 8.125873e-01
 -2.709182e-01 5.912731e-01 5.232270e-01
 -4.702035e-01 3.822489e-01 2.946500e-01
 -7.882772e-01 2.691639e-01 3.187120e-02
 -1.149124e+00 2.482612e-01 -2.273259e-01
 -1.500755e+00 2.318181e-01 -4.744502e-01
 -1.893188e+00 2.027195e-01 -7.556660e-01
 -2.151530e+00 6.496024e-02 -1.012490e+00
 -2.316295e+00 -2.160065e-01 -1.284744e+00
 -2.343196e+00 -5.832435e-01 -1.501630e+00
 -2.228804e+00 -9.335639e-01 -1.653972e+00
 -1.973605e+00 -1.230019e+00 -1.737714e+00
 -1.652320e+00 -1.430752e+00 -1.698706e+00
 -1.321835e+00 -1.543073e+00 -1.499370e+00
 -1.137302e+00 -1.650419e+00 -1.174731e+00
 -9.587417e-01 -1.693181e+00 -7.733640e-01
 -7.844364e-01 -1.706380e+00 -3.850028e-01
 -6.054763e-01 -1.696769e+00 1.401358e-02
 -4.014943e-01 -1.652069e+00 3.566338e-01
 -1.034515e-01 -1.555158e+00 6.762698e-01
 2.000584e-01 -1.449373e+00 9.878533e-01
 4.930836e-01 -1.281716e+00 1.248186e+00
 7.781541e-01 -9.796128e-01 1.395383e+00
 1.017314e+00 -6.718149e-01 1.352824e+00
 1.329429e+00 -4.476832e-01 1.130914e+00
 1.622849e+00 -3.358332e-01 8.015488e-01
 1.760347e+00 -1.467665e-01 4.834279e-01
 1.793652e+00 1.903657e-01 2.039446e-01
 1.711414e+00 5.944066e-01 5.561266e-02
 1.517296e+00 9.699862e-01 5.319563e-02
 1.175164e+00 1.290664e+00 1.604750e-01
 7.111439e-01 1.409027e+00 2.914920e-01
 4.482488e-01 1.569015e+00 3.590331e-01
 2.040211e-01 1.846869e+00 3.337588e-01
 -5.576147e-02 2.127781e+00 8.575754e-02
