 -1.156733e+00 -1.861416e+00 -1.021271e+00
 -1.174311e+00 -1.657355e+00 -1.229019e+00
 -1.157227e+00 -1.394806e+00 -1.374515e+00
 -1.092156e+00 -1.059611e+00 -1.452062e+00
 -1.008567e+00 -7.712446e-01 -1.433746e+00
 -9.082633e-01 -5.079737e-01 -1.331275e+00
 -6.673433e-01 3.858298e-02 -8.822035e-01
 -6.569713e-01 3.146327e-01 -6.930390e-01
 -7.090162e-01 4.739992e-01 -5.992955e-01
 -8.068917e-01 6.825719e-01 -5.315766e-01
 -8.594773e-01 9.557140e-01 -5.182224e-01
 -8.257311e-01 1.260562e+00 -5.349865e-01
 -6.954238e-01 1.556728e+00 -5.699595e-01
 1.158284e-01 2.481179e+00 -7.846108e-01
 3.868179e-01 2.652535e+00 -7.952530e-01
 6.956164e-01 2.742983e+00 -7.552995e-01
 1.011577e+00 2.740553e+00 -6.668719e-01
 1.301918e+00 2.639803e+00 -5.428135e-01
 1.539711e+00 2.441962e+00 -4.035293e-01
 1.694502e+00 2.164126e+00 -2.694726e-01
 1.743119e+00 1.835709e+00 -1.555849e-01
 1.677341e+00 1.501476e+00 -8.266100e-02
 1.513977e+00 1.187141e+00 -8.335872e-02
 1.299046e+00 9.241052e-01 -1.885844e-01
 1.133798e+00 7.524311e-01 -3.703376e-01
 1.063604e+00 5.822470e-01 -5.355820e-01
 9.426577e-01 3.566054e-01 -6.416538e-01
 8.131927e-01 1.263262e-01 -6.791525e-01
 6.653933e-01 -1.705652e-01 -6.453920e-01
 5.346276e-01 -4.432262e-01 -5.352796e-01
 4.132934e-01 -6.819021e-01 -3.539935e-01
 2.666612e-01 -9.510289e-01 -1.551928e-02
 2.184123e-01 -1.183379e+00 9.249571e-02
 2.355198e-01 -1.409549e+00 2.031225e-01
 3.460928e-01 -1.659705e+00 4.107889e-01
 5.206087e-01 -1.822320e+00 6.629404e-01
 7.356236e-01 -1.875899e+00 9.178374e-01
 9.428786e-01 -1.821898e+00 1.158899e+00
 1.109487e+00 -1.671201e+00 1.381940e+00
 1.239339e+00 -1.432430e+00 1.561899e+00
 1.324129e+00 -1.134706e+00 1.668282e+00
 1.347242e+00 -8.082333e-01 1.695571e+00
 1.304864e+00 -4.859681e-01 1.642837e+00
 9.255433e-01 5.714982e-01 1.166950e+00
 8.298322e-01 7.691457e-01 1.003152e+00
 7.287523e-01 9.130795e-01 7.943758e-01
 6.170271e-01 9.913162e-01 5.659411e-01
 3.906313e-01 1.011071e+00 2.636177e-01
 2.542117e-01 1.024359e+00 3.823094e-02
 1.568745e-01 9.905052e-01 -2.351028e-01
 1.469820e-01 9.997429e-01 -7.498458e-01
 2.122047e-02 1.008775e+00 -1.056789e+00
 -2.123713e-01 1.004988e+00 -1.311434e+00
 -5.224794e-01 9.464032e-01 -1.483055e+00
 -8.586631e-01 8.436846e-01 -1.540423e+00
 -1.180768e+00 7.095073e-01 -1.479684e+00
 -1.446838e+00 5.500569e-01 -1.312216e+00
 -1.621633e+00 3.742471e-01 -1.060473e+00
 -1.676887e+00 1.897723e-01 -7.570301e-01
 -1.605617e+00 2.398654e-02 -4.334682e-01
 -1.411828e+00 -9.452157e-02 -1.211372e-01
 -1.345859e+00 -1.792176e-01 5.523943e-02
 -1.329572e+00 -3.179410e-01 2.981819e-01
 -1.480907e+00 -5.265274e-01 7.661438e-01
 -1.459601e+00 -6.912009e-01 1.079096e+00
 -1.321856e+00 -8.778260e-01 1.350218e+00
 -1.088254e+00 -1.055742e+00 1.540497e+00
 -7.727213e-01 -1.188167e+00 1.646005e+00
 -4.170032e-01 -1.240009e+00 1.661741e+00
 -6.780567e-02 -1.206518e+00 1.582794e+00
 2.249065e-01 -1.095283e+00 1.422249e+00
 4.953435e-01 -8.996846e-01 1.106626e+00
 7.186978e-01 -8.441930e-01 8.982910e-01
 9.571014e-01 -8.980034e-01 7.407150e-01
 1.149005e+00 -1.021983e+00 4.881446e-01
 1.235356e+00 -1.185148e+00 2.120214e-01
 1.209483e+00 -1.346446e+00 -9.701766e-02
 1.078905e+00 -1.485378e+00 -3.673633e-01
 8.607076e-01 -1.586492e+00 -5.874754e-01
 5.794793e-01 -1.625840e+00 -7.454045e-01
 2.674360e-01 -1.591462e+00 -8.332724e-01
 -4.030876e-02 -1.488426e+00 -8.409246e-01
 -2.959847e-01 -1.339655e+00 -7.739178e-01
 -6.516846e-01 -1.091162e+00 -5.258895e-01
 -9.332983e-01 -1.011653e+00 -4.462644e-01
 -1.444974e+00 -1.082398e+00 -4.010084e-01
 -1.784771e+00 -1.031374e+00 -2.938500e-01
 -2.066528e+00 -8.802044e-01 -1.395376e-01
 -2.273475e+00 -6.278753e-01 3.737218e-02
 -2.359548e+00 -3.272512e-01 1.932220e-01
 -2.317653e+00 -1.413471e-02 3.427017e-01
 -2.143592e+00 2.879504e-01 4.848135e-01
 -1.890570e+00 5.043614e-01 5.769455e-01
 -1.577756e+00 6.359945e-01 6.168530e-01
 -1.241048e+00 6.714297e-01 6.003712e-01
 -9.201295e-01 6.099548e-01 5.298221e-01
 -5.174126e-01 3.789392e-01 3.846121e-01
 -1.826908e-01 1.462455e-01 2.493927e-01
 7.416296e-02 4.950386e-02 2.949565e-01
 3.368415e-01 1.190124e-02 3.830673e-01
 4.772991e-01 -1.850746e-04 3.895110e-01
 9.307775e-01 1.118739e-02 3.194714e-01
 1.323984e+00 -4.706172e-02 2.321036e-01
 1.627597e+00 -3.258167e-02 5.887341e-02
 1.871808e+00 6.846698e-02 -1.787377e-01
 2.022121e+00 2.439497e-01 -4.479288e-01
 2.063154e+00 4.777828e-01 -7.090991e-01
 1.996434e+00 7.530488e-01 -9.245883e-01
 1.832544e+00 1.039084e+00 -1.062017e+00
 1.590630e+00 1.299338e+00 -1.104252e+00
 1.306796e+00 1.502108e+00 -1.042936e+00
 1.031623e+00 1.644197e+00 -8.732010e-01
 8.216435e-01 1.739786e+00 -6.066445e-01
 7.537878e-01 1.794195e+00 -3.883603e-01
 6.892363e-01 1.916407e+00 -1.447402e-01
 4.859721e-01 2.026198e+00 1.404744e-01
 2.179539e-01 1.992688e+00 4.870836e-01
 -1.288337e-02 1.798173e+00 7.928865e-01
 -1.636545e-01 1.473482e+00 1.030108e+00
 -2.383730e-01 6.182724e-01 1.337739e+00
 -2.693048e-01 3.484128e-01 1.364359e+00
 -3.218721e-01 7.603326e-02 1.326912e+00
 -3.891011e-01 -1.890765e-01 1.220955e+00
 -4.501309e-01 -3.954630e-01 1.071614e+00
 -4.701542e-01 -5.977393e-01 8.680051e-01
 -4.885917e-01 -7.995408e-01 7.410422e-01
 -6.695294e-01 -1.169013e+00 5.895322e-01
 -8.090204e-01 -1.655552e+00 3.289220e-01
 -8.826493e-01 -1.867747e+00 1.060709e-01
 -9.557295e-01 -2.003941e+00 -1.798956e-01
 -1.030772e+00 -2.044958e+00 -4.784482e-01
 -1.106773e+00 -1.994209e+00 -7.670854e-01
