 -1.274760e-03 -1.471709e+00 -5.619530e-01
 3.654477e-02 -1.417479e+00 -9.223951e-01
 1.762704e-01 -1.317180e+00 -1.270931e+00
 3.595727e-01 -1.172994e+00 -1.512015e+00
 5.506004e-01 -9.886541e-01 -1.660232e+00
 7.401357e-01 -7.648987e-01 -1.727316e+00
 9.124492e-01 -5.248708e-01 -1.710005e+00
 1.055647e+00 -2.901499e-01 -1.613092e+00
 1.416302e+00 4.285115e-01 -1.044790e+00
 1.502458e+00 6.973935e-01 -8.254972e-01
 1.479787e+00 9.532488e-01 -6.133359e-01
 1.356309e+00 1.176012e+00 -4.062177e-01
 1.171243e+00 1.315993e+00 -2.257758e-01
 7.452339e-01 1.391692e+00 2.359974e-01
 4.832190e-01 1.340736e+00 3.853467e-01
 2.131602e-01 1.174101e+00 5.310345e-01
 2.258907e-02 9.149200e-01 6.760562e-01
 -6.234778e-02 6.043757e-01 7.892710e-01
 -3.876667e-02 3.012810e-01 8.819688e-01
 6.668802e-02 7.729772e-02 9.698374e-01
 2.024173e-01 -1.021926e-01 1.107330e+00
 2.879289e-01 -2.977903e-01 1.352178e+00
 2.379867e-01 -5.562458e-01 1.624993e+00
 5.767508e-02 -8.353652e-01 1.830596e+00
 -2.061551e-01 -1.092196e+00 1.915307e+00
 -4.922254e-01 -1.302091e+00 1.875113e+00
 -7.425407e-01 -1.441349e+00 1.742271e+00
 -1.657600e+00 -1.828309e+00 1.029506e+00
 -1.843350e+00 -1.876450e+00 7.785254e-01
 -1.962026e+00 -1.867471e+00 4.827004e-01
 -2.000126e+00 -1.797943e+00 1.651230e-01
 -1.947314e+00 -1.669681e+00 -1.409900e-01
 -1.795177e+00 -1.503212e+00 -4.023984e-01
 -1.554371e+00 -1.314813e+00 -5.832016e-01
 -1.256306e+00 -1.117310e+00 -6.504936e-01
 -9.520270e-01 -9.403216e-01 -5.891171e-01
 -7.297171e-01 -7.776885e-01 -4.323950e-01
 -4.226458e-01 -6.222631e-01 -4.377196e-02
 -7.003040e-02 -5.093993e-01 7.464639e-02
 1.288216e-01 -4.986248e-01 1.508075e-01
 6.129913e-01 -6.160619e-01 3.033234e-01
 9.891865e-01 -6.166062e-01 3.107992e-01
 1.369997e+00 -4.771740e-01 2.947911e-01
 1.655484e+00 -2.309602e-01 2.937292e-01
 1.841820e+00 1.108593e-01 3.139461e-01
 1.908485e+00 4.557760e-01 3.558763e-01
 1.894058e+00 1.373010e+00 4.830884e-01
 1.820489e+00 1.694767e+00 4.613822e-01
 1.675555e+00 1.977053e+00 3.804251e-01
 1.464566e+00 2.198471e+00 2.511132e-01
 1.200294e+00 2.334715e+00 8.980905e-02
 9.027159e-01 2.367343e+00 -8.202100e-02
 5.976267e-01 2.287276e+00 -2.391144e-01
 3.098733e-01 2.095457e+00 -3.568233e-01
 -1.027760e-01 1.599161e+00 -4.547829e-01
 -2.806917e-01 1.401633e+00 -5.680999e-01
 -4.093299e-01 1.293384e+00 -7.161565e-01
 -6.197494e-01 1.211197e+00 -8.590875e-01
 -8.799448e-01 1.086675e+00 -9.180858e-01
 -1.137048e+00 8.908232e-01 -8.933753e-01
 -1.331009e+00 6.498152e-01 -7.927629e-01
 -1.451695e+00 3.697066e-01 -6.153869e-01
 -1.518049e+00 -4.342369e-01 1.096899e-01
 -1.469852e+00 -6.816127e-01 2.608862e-01
 -1.359418e+00 -9.581074e-01 3.544644e-01
 -1.221598e+00 -1.170748e+00 3.756663e-01
 -1.083874e+00 -1.375366e+00 3.227684e-01
 -8.600324e-01 -1.970393e+00 8.484716e-02
 -5.394974e-01 -2.329871e+00 -8.061816e-02
 -1.992330e-01 -2.490258e+00 -2.051155e-01
 1.798334e-01 -2.505075e+00 -3.233124e-01
 5.403843e-01 -2.370138e+00 -4.267943e-01
 8.269988e-01 -2.103277e+00 -5.090934e-01
 9.939925e-01 -1.743041e+00 -5.667837e-01
 1.015213e+00 -1.308920e+00 -6.052492e-01
 8.901605e-01 -9.026812e-01 -6.515318e-01
 6.657249e-01 -5.901516e-01 -7.282193e-01
 2.656924e-01 -3.403606e-01 -8.556489e-01
 -1.427917e-02 -1.657014e-01 -8.954192e-01
 -2.247326e-01 9.705372e-03 -8.568791e-01
 -3.594699e-01 1.615779e-01 -7.199417e-01
 -5.309591e-01 4.615915e-01 -1.416936e-01
 -7.510377e-01 7.131174e-01 5.035572e-02
 -9.733539e-01 1.054503e+00 1.068848e-01
 -1.118856e+00 1.425510e+00 1.883335e-02
 -1.152961e+00 1.769221e+00 -1.835162e-01
 -1.070655e+00 2.039658e+00 -4.571455e-01
 -8.923948e-01 2.197987e+00 -7.655206e-01
 -6.411129e-01 2.225496e+00 -1.067426e+00
 -3.470734e-01 2.125579e+00 -1.301379e+00
 -4.175946e-02 1.926472e+00 -1.426272e+00
 2.373337e-01 1.649871e+00 -1.422886e+00
 4.318729e-01 1.331099e+00 -1.300717e+00
 5.170383e-01 1.023671e+00 -1.079330e+00
 4.885832e-01 7.268269e-01 -7.232893e-01
 5.704292e-01 4.697271e-01 -3.283203e-01
 7.137967e-01 3.644830e-01 3.748637e-02
 8.699314e-01 3.983521e-01 4.380354e-01
 9.616350e-01 4.833416e-01 7.069810e-01
 9.313207e-01 6.223882e-01 1.064291e+00
 7.482685e-01 7.137236e-01 1.410640e+00
 4.522276e-01 7.057816e-01 1.689740e+00
 1.017775e-01 5.966257e-01 1.856126e+00
 -2.458632e-01 4.006428e-01 1.890124e+00
 -5.283047e-01 1.442594e-01 1.797660e+00
 -7.050524e-01 -1.444971e-01 1.603101e+00
 -7.471810e-01 -4.123124e-01 1.345432e+00
 -6.493228e-01 -6.603086e-01 1.092230e+00
 -4.925106e-01 -8.296579e-01 9.690795e-01
 -2.309340e-01 -1.180185e+00 8.461292e-01
 -1.633949e-02 -1.486999e+00 4.541470e-01
 8.355660e-02 -1.520543e+00 3.123202e-02
