 -5.288152e-01 -2.103692e+00 -1.125506e+00
 -1.709476e-01 -2.210071e+00 -1.025170e+00
 1.835248e-01 -2.179638e+00 -8.604780e-01
 4.755243e-01 -2.021039e+00 -6.360399e-01
 6.512575e-01 -1.758816e+00 -3.804670e-01
 6.794894e-01 -1.429404e+00 -1.380654e-01
 5.501457e-01 -1.092336e+00 5.561947e-02
 2.794226e-01 -8.127487e-01 1.811425e-01
 -3.949750e-02 -6.532266e-01 2.088009e-01
 -4.445412e-01 -6.613293e-01 2.798864e-01
 -1.099338e+00 -8.904764e-01 4.368555e-01
 -1.460767e+00 -9.928488e-01 3.798381e-01
 -1.791552e+00 -1.039615e+00 1.946293e-01
 -2.042922e+00 -1.023869e+00 -9.197638e-02
 -2.179822e+00 -9.482027e-01 -4.393490e-01
 -2.184563e+00 -8.091458e-01 -8.345303e-01
 -2.051878e+00 -6.366874e-01 -1.142746e+00
 -1.776892e+00 -4.533880e-01 -1.377244e+00
 -1.418517e+00 -3.159289e-01 -1.490531e+00
 -1.032394e+00 -2.211486e-01 -1.456426e+00
 -6.800467e-01 -1.864036e-01 -1.283606e+00
 -3.229204e-01 -1.843867e-01 -8.841976e-01
 -5.071432e-02 -1.909195e-01 -7.328321e-01
 2.803541e-01 -2.586309e-01 -6.740661e-01
 5.596560e-01 -2.544302e-01 -6.060101e-01
 7.929038e-01 -2.225072e-01 -4.774434e-01
 1.021259e+00 -1.251211e-01 -3.012910e-01
 1.217083e+00 3.971590e-02 -1.188465e-01
 1.344636e+00 2.322117e-01 2.913307e-02
 1.387571e+00 3.970981e-01 1.538528e-01
 1.376533e+00 5.671220e-01 2.741587e-01
 1.346269e+00 7.600314e-01 3.684758e-01
 1.419381e+00 1.288456e+00 6.617398e-01
 1.314591e+00 1.598644e+00 9.093332e-01
 1.048835e+00 1.858237e+00 1.116567e+00
 6.715845e-01 2.015349e+00 1.234445e+00
 2.479461e-01 2.047080e+00 1.238440e+00
 -1.499756e-01 1.952253e+00 1.123712e+00
 -4.531756e-01 1.751865e+00 9.063460e-01
 -9.333854e-01 9.027500e-01 7.473392e-02
 -8.997085e-01 6.984037e-01 -2.194180e-01
 -8.796316e-01 6.255790e-01 -4.986359e-01
 -9.345391e-01 6.432000e-01 -7.286205e-01
 -1.010689e+00 8.001567e-01 -1.112084e+00
 -1.005082e+00 1.088513e+00 -1.399036e+00
 -8.746910e-01 1.447964e+00 -1.568814e+00
 -6.393699e-01 1.793358e+00 -1.594506e+00
 -3.031033e-01 2.122173e+00 -1.441667e+00
 -4.924196e-03 2.295436e+00 -1.147983e+00
 2.291280e-01 2.304021e+00 -7.606284e-01
 3.516807e-01 2.148757e+00 -3.584136e-01
 4.118338e-01 1.052427e+00 8.241039e-01
 5.246051e-01 7.816713e-01 9.897863e-01
 6.300067e-01 4.683846e-01 1.014550e+00
 7.150231e-01 1.102744e-01 8.714031e-01
 9.043121e-01 -1.991942e-01 8.206327e-01
 1.058509e+00 -5.236215e-01 9.380980e-01
 1.109319e+00 -8.382981e-01 1.174259e+00
 1.021181e+00 -1.098751e+00 1.463555e+00
 8.058086e-01 -1.268702e+00 1.754683e+00
 4.932454e-01 -1.328471e+00 1.996173e+00
 1.333388e-01 -1.286655e+00 2.130710e+00
 -2.339117e-01 -1.152568e+00 2.144078e+00
 -5.476521e-01 -9.252897e-01 2.049801e+00
 -7.509057e-01 -6.545841e-01 1.864682e+00
 -8.270685e-01 -3.785686e-01 1.610388e+00
 -7.677797e-01 -1.346473e-01 1.326799e+00
 -3.491846e-01 2.693039e-01 6.767690e-01
 -2.224208e-02 3.824467e-01 1.816178e-01
 2.479292e-01 5.917403e-01 -1.369460e-01
 3.901830e-01 6.708591e-01 -2.396484e-01
 8.698074e-01 9.709721e-01 -5.082402e-01
 1.158794e+00 1.058182e+00 -5.887862e-01
 1.468975e+00 1.102894e+00 -5.842508e-01
 1.766084e+00 1.104095e+00 -4.949387e-01
 2.022309e+00 1.063005e+00 -3.323044e-01
 2.216298e+00 9.846678e-01 -1.135730e-01
 2.333108e+00 8.771164e-01 1.399880e-01
 2.365267e+00 7.503146e-01 4.055566e-01
 2.311483e+00 6.176153e-01 6.643631e-01
 2.178529e+00 5.018945e-01 8.965613e-01
 1.311580e+00 1.119567e-01 1.714545e+00
 1.015592e+00 -3.538549e-02 1.840988e+00
 7.000526e-01 -1.815270e-01 1.848154e+00
 4.109109e-01 -3.218598e-01 1.741387e+00
 2.269415e-01 -4.391066e-01 1.567867e+00
 1.513203e-01 -5.654059e-01 1.398339e+00
 8.259650e-02 -7.295863e-01 1.259007e+00
 -4.494240e-02 -1.190332e+00 1.082119e+00
 -1.229630e-01 -1.422480e+00 8.949400e-01
 -1.923366e-01 -1.584255e+00 6.475246e-01
 -2.598507e-01 -1.666475e+00 3.504193e-01
 -3.138695e-01 -1.652164e+00 6.807343e-02
 -3.353971e-01 -1.551889e+00 -2.199568e-01
 -3.266840e-01 -1.433228e+00 -3.822971e-01
 -2.342304e-01 -1.275134e+00 -5.763688e-01
 -5.966608e-03 -1.118402e+00 -1.167418e+00
 1.087986e-01 -9.363820e-01 -1.425716e+00
 2.177675e-01 -6.795805e-01 -1.603585e+00
 2.915735e-01 -3.839540e-01 -1.687323e+00
 3.095527e-01 -6.069984e-02 -1.684909e+00
 2.624084e-01 2.569571e-01 -1.599294e+00
 -3.787592e-02 1.143574e+00 -1.055806e+00
 -2.083463e-01 1.360037e+00 -7.423879e-01
 -4.219477e-01 1.517254e+00 -6.122053e-01
 -7.926853e-01 1.677285e+00 -5.719009e-01
 -1.146415e+00 1.667190e+00 -5.655292e-01
 -1.489874e+00 1.505641e+00 -5.375683e-01
 -1.741964e+00 1.229556e+00 -4.797068e-01
 -1.891843e+00 8.308327e-01 -4.309753e-01
 -1.883733e+00 4.422677e-01 -3.993693e-01
 -1.736253e+00 8.847564e-02 -3.817264e-01
 -1.294276e+00 -4.013098e-01 -4.598724e-01
 -1.174505e+00 -7.581523e-01 -5.858658e-01
 -1.203723e+00 -1.252497e+00 -8.989787e-01
 -1.084063e+00 -1.582088e+00 -1.062195e+00
 -8.469281e-01 -1.880010e+00 -1.143360e+00
