 -8.523092e-01 1.714702e+00 1.414747e+00
 -9.018304e-01 2.060983e+00 1.178015e+00
 -9.217001e-01 2.281598e+00 8.236085e-01
 -9.007497e-01 2.344203e+00 4.071697e-01
 -8.143903e-01 2.244449e+00 3.876334e-03
 -6.800763e-01 1.998639e+00 -3.142593e-01
 -5.231351e-01 1.648250e+00 -4.933408e-01
 -3.753753e-01 1.259513e+00 -5.030092e-01
 -2.562106e-01 6.294320e-01 -2.654383e-01
 -2.732546e-01 3.110308e-01 -2.341462e-01
 -3.649431e-01 -5.351528e-02 -1.609436e-01
 -4.853370e-01 -3.987351e-01 6.826016e-02
 -6.766920e-01 -7.882313e-01 2.131458e-01
 -7.151878e-01 -1.153302e+00 2.802513e-01
 -6.182001e-01 -1.515408e+00 3.224942e-01
 -3.798828e-01 -1.850279e+00 3.260665e-01
 -6.978752e-02 -2.056812e+00 2.832429e-01
 2.957024e-01 -2.128885e+00 1.998936e-01
 6.753883e-01 -2.046705e+00 1.151497e-01
 1.019027e+00 -1.804869e+00 4.407482e-02
 1.227264e+00 -1.469370e+00 -1.689885e-02
 1.318258e+00 -8.846237e-01 -1.191549e-01
 1.440209e+00 -6.695849e-01 -1.975028e-01
 1.549289e+00 -5.199129e-01 -3.006570e-01
 1.619787e+00 -3.202179e-01 -5.268562e-01
 1.571247e+00 -9.135023e-02 -7.962283e-01
 1.394322e+00 1.214043e-01 -1.033284e+00
 1.116559e+00 2.933972e-01 -1.199164e+00
 7.671902e-01 3.959953e-01 -1.277892e+00
 -1.820858e-01 4.177133e-01 -1.250795e+00
 -4.351773e-01 3.622818e-01 -1.241471e+00
 -6.719409e-01 2.616479e-01 -1.280557e+00
 -8.805666e-01 1.495424e-01 -1.389785e+00
 -1.072807e+00 -1.044230e-01 -1.611708e+00
 -1.140909e+00 -4.763774e-01 -1.772856e+00
 -1.070216e+00 -9.207271e-01 -1.806423e+00
 -9.023814e-01 -1.306193e+00 -1.686357e+00
 -6.645787e-01 -1.591662e+00 -1.419367e+00
 -3.948088e-01 -1.698388e+00 -1.088871e+00
 -1.264841e-01 -1.617800e+00 -7.497354e-01
 1.519845e-01 -1.269695e+00 -3.328550e-01
 2.280797e-01 -1.157466e+00 -1.257233e-01
 2.790294e-01 -1.099579e+00 6.197538e-02
 3.092091e-01 -1.092718e+00 2.560052e-01
 3.913016e-01 -1.215967e+00 7.412025e-01
 5.451442e-01 -1.146113e+00 1.196365e+00
 9.682016e-01 -6.492578e-01 1.942784e+00
 1.085752e+00 -3.752420e-01 2.198145e+00
 1.116912e+00 -8.092354e-02 2.365153e+00
 1.081916e+00 2.522249e-01 2.461752e+00
 9.929203e-01 5.864087e-01 2.467654e+00
 8.703000e-01 8.757414e-01 2.380905e+00
 7.005091e-01 1.149839e+00 2.180377e+00
 5.287955e-01 1.346717e+00 1.896746e+00
 1.701476e-01 1.570749e+00 1.077288e+00
 6.081135e-03 1.574184e+00 8.333918e-01
 -2.343272e-01 1.522862e+00 6.157346e-01
 -4.253424e-01 1.439321e+00 5.133968e-01
 -7.061857e-01 1.322615e+00 4.712594e-01
 -1.434525e+00 1.324199e+00 4.709734e-01
 -1.782343e+00 1.206958e+00 4.070557e-01
 -2.059025e+00 9.893105e-01 2.837682e-01
 -2.227009e+00 7.004195e-01 1.176458e-01
 -2.263521e+00 3.803485e-01 -7.101677e-02
 -2.163445e+00 7.344095e-02 -2.593783e-01
 -1.939976e+00 -1.793971e-01 -4.206770e-01
 -9.251853e-01 -6.981133e-01 -7.954065e-01
 -7.524184e-01 -7.219956e-01 -8.535602e-01
 -4.794534e-01 -6.798262e-01 -9.674702e-01
 -3.078868e-01 -6.707302e-01 -1.135444e+00
 -1.563536e-01 -6.049709e-01 -1.451657e+00
 -1.110719e-01 -4.293502e-01 -1.809108e+00
 -1.569704e-01 -2.035368e-01 -2.057882e+00
 -2.602815e-01 9.604430e-02 -2.216846e+00
 -4.310772e-01 4.458943e-01 -2.260666e+00
 -6.102009e-01 7.512903e-01 -2.176267e+00
 -8.063328e-01 9.854310e-01 -1.986448e+00
 -9.930383e-01 1.123457e+00 -1.716469e+00
 -1.145635e+00 1.152697e+00 -1.400549e+00
 -1.245455e+00 1.073719e+00 -1.074635e+00
 -1.297177e+00 7.682697e-01 -5.402272e-01
 -1.250499e+00 4.801733e-01 -6.727889e-02
 -1.249354e+00 4.242231e-01 2.871608e-02
 -1.151311e+00 1.492714e-01 6.161307e-01
 -8.549064e-01 -2.093317e-01 1.103145e+00
 -5.510317e-01 -3.120666e-01 1.371415e+00
 -1.915013e-01 -2.576656e-01 1.588408e+00
 1.602126e-01 -6.242911e-02 1.701648e+00
 4.102850e-01 1.726795e-01 1.679652e+00
 6.263319e-01 3.404025e-01 1.555894e+00
 8.020099e-01 5.267923e-01 1.367393e+00
 8.999020e-01 6.969048e-01 1.075834e+00
 9.531045e-01 7.511193e-01 6.670957e-01
 9.305440e-01 6.535826e-01 2.633836e-01
 8.417972e-01 4.163816e-01 -6.962370e-02
 6.577868e-01 -4.721765e-02 -3.518273e-01
 5.635873e-01 -2.821448e-01 -5.366188e-01
 6.370699e-01 -5.300495e-01 -8.093343e-01
 8.439070e-01 -7.833774e-01 -1.028497e+00
 1.173605e+00 -1.020498e+00 -1.128977e+00
 1.541748e+00 -1.200114e+00 -1.072728e+00
 1.901367e+00 -1.294757e+00 -8.711203e-01
 2.162383e+00 -1.298312e+00 -5.629412e-01
 2.295300e+00 -1.229795e+00 -1.755564e-01
 2.279077e+00 -1.095918e+00 2.037316e-01
 2.128352e+00 -9.080141e-01 5.216085e-01
 1.868959e+00 -6.974257e-01 7.322488e-01
 1.551971e+00 -5.037639e-01 8.052874e-01
 4.642232e-01 -1.651772e-01 6.880575e-01
 2.345117e-01 1.636983e-02 6.729492e-01
 5.030806e-03 2.937081e-01 7.382298e-01
 -1.615618e-01 5.414321e-01 9.240475e-01
 -3.649301e-01 7.034173e-01 1.222997e+00
 -5.766820e-01 9.519843e-01 1.416927e+00
 -7.365601e-01 1.314944e+00 1.499118e+00
