 -1.090579e+00 -2.136563e-01 1.102864e+00
 -1.275339e+00 -4.312898e-01 1.170675e+00
 -1.444735e+00 -6.852179e-01 1.158290e+00
 -1.576309e+00 -9.464627e-01 1.063298e+00
 -1.658382e+00 -1.192255e+00 8.908729e-01
 -1.684658e+00 -1.420675e+00 6.301585e-01
 -1.636027e+00 -1.566671e+00 3.434480e-01
 -1.517986e+00 -1.626996e+00 5.052870e-02
 -1.343565e+00 -1.590753e+00 -2.297398e-01
 -1.122479e+00 -1.443460e+00 -4.851839e-01
 -9.110564e-01 -1.224397e+00 -6.415673e-01
 -6.551673e-01 -9.388510e-01 -6.934267e-01
 -4.530195e-01 -7.934314e-01 -7.976337e-01
 -2.926925e-01 -6.142766e-01 -9.867344e-01
 -1.314324e-01 -4.139921e-01 -1.088186e+00
 1.197191e-01 -2.088810e-01 -1.136357e+00
 4.099392e-01 -6.032204e-02 -1.113573e+00
 6.748767e-01 6.021262e-03 -1.037017e+00
 8.572062e-01 3.896629e-02 -9.126928e-01
 9.972851e-01 3.907795e-02 -7.757526e-01
 1.163805e+00 -1.349877e-02 -6.361837e-01
 1.708860e+00 -9.959404e-02 -3.574774e-01
 2.012643e+00 -1.771317e-01 -3.560296e-02
 2.156672e+00 -3.092530e-01 2.944569e-01
 2.168365e+00 -4.981859e-01 6.284539e-01
 2.047105e+00 -7.201600e-01 9.174530e-01
 1.811379e+00 -9.465855e-01 1.118857e+00
 1.495915e+00 -1.148387e+00 1.202772e+00
 1.147273e+00 -1.299775e+00 1.156111e+00
 8.030453e-01 -1.396420e+00 9.717192e-01
 5.564899e-01 -1.451902e+00 6.867811e-01
 4.638779e-01 -1.489158e+00 4.233712e-01
 4.364858e-01 -1.539544e+00 2.824037e-01
 2.534489e-01 -1.735273e+00 -1.196841e-01
 -1.170473e-01 -1.714310e+00 -1.090679e+00
 -2.666718e-01 -1.632290e+00 -1.341677e+00
 -4.632351e-01 -1.493329e+00 -1.534919e+00
 -6.780371e-01 -1.303504e+00 -1.649857e+00
 -8.907940e-01 -1.078458e+00 -1.675840e+00
 -1.066446e+00 -8.345280e-01 -1.617420e+00
 -1.182432e+00 -5.793320e-01 -1.486383e+00
 -1.225831e+00 -3.386157e-01 -1.296441e+00
 -1.189171e+00 -1.365346e-01 -1.075195e+00
 -1.016848e+00 1.183377e-01 -5.919491e-01
 -1.054481e+00 2.941410e-01 -1.716464e-01
 -1.291097e+00 4.143324e-01 1.131921e-01
 -1.458655e+00 5.621500e-01 2.338573e-01
 -1.611622e+00 8.178635e-01 3.150684e-01
 -1.693675e+00 1.164877e+00 3.549483e-01
 -1.662299e+00 1.490892e+00 3.588566e-01
 -1.529561e+00 1.788591e+00 3.381696e-01
 -1.295258e+00 2.034015e+00 3.170160e-01
 -9.891276e-01 2.188233e+00 3.021097e-01
 -6.424939e-01 2.229567e+00 2.873543e-01
 -2.926958e-01 2.148610e+00 2.670267e-01
 1.117412e-02 1.952294e+00 2.342756e-01
 2.425156e-01 1.646450e+00 2.007847e-01
 3.677603e-01 1.526606e+00 1.860781e-01
 4.622039e-01 1.460177e+00 1.747033e-01
 5.903019e-01 1.403420e+00 1.667992e-01
 7.028840e-01 1.366171e+00 1.443797e-01
 8.031522e-01 1.331790e+00 1.017507e-01
 9.413679e-01 1.270239e+00 6.690262e-03
 1.049801e+00 1.213319e+00 -9.155549e-02
 1.135054e+00 1.164487e+00 -1.966772e-01
 1.390048e+00 1.004846e+00 -6.246433e-01
 1.588956e+00 8.421233e-01 -9.809790e-01
 1.685908e+00 6.599190e-01 -1.192195e+00
 1.739483e+00 4.204910e-01 -1.355122e+00
 1.742878e+00 1.445150e-01 -1.458072e+00
 1.691087e+00 -1.420015e-01 -1.496365e+00
 1.588091e+00 -4.144215e-01 -1.468299e+00
 1.443475e+00 -6.501215e-01 -1.376789e+00
 1.269795e+00 -8.304048e-01 -1.229758e+00
 1.079596e+00 -9.405509e-01 -1.041041e+00
 8.845632e-01 -9.706686e-01 -8.295918e-01
 7.015000e-01 -9.190198e-01 -6.144806e-01
 3.884659e-01 -6.730124e-01 -2.438013e-01
 2.156199e-01 -6.104621e-01 -3.412497e-02
 9.908525e-02 -5.566051e-01 2.911851e-01
 1.203602e-01 -5.527224e-01 9.375351e-01
 6.946117e-02 -4.416326e-01 1.279148e+00
 -3.542414e-02 -2.333492e-01 1.555732e+00
 -1.852838e-01 4.670831e-02 1.734068e+00
 -3.759747e-01 3.288087e-01 1.790388e+00
 -5.688513e-01 6.159298e-01 1.721765e+00
 -7.138114e-01 8.865786e-01 1.534821e+00
 -7.858708e-01 1.105601e+00 1.257022e+00
 -7.749544e-01 1.242177e+00 9.243003e-01
 -7.093228e-01 1.267419e+00 6.498054e-01
 -6.683639e-01 1.196744e+00 2.895512e-01
 -7.401819e-01 1.264943e+00 -5.847698e-02
 -9.258704e-01 1.298864e+00 -3.237672e-01
 -1.217218e+00 1.232104e+00 -5.481411e-01
 -1.526099e+00 1.055776e+00 -6.777171e-01
 -1.808089e+00 7.825601e-01 -7.021624e-01
 -1.989652e+00 4.642610e-01 -6.334198e-01
 -2.051938e+00 1.300444e-01 -4.994950e-01
 -1.983710e+00 -1.726037e-01 -3.503548e-01
 -1.798521e+00 -4.320811e-01 -1.833993e-01
 -1.535491e+00 -5.941977e-01 6.136410e-03
 -1.183567e+00 -6.595815e-01 1.683405e-01
 -1.014635e+00 -7.394597e-01 2.435770e-01
 -8.601821e-01 -8.888543e-01 3.354157e-01
 -7.394436e-01 -1.097663e+00 4.312193e-01
 -3.980197e-01 -1.948784e+00 7.182086e-01
 -1.337171e-01 -2.245348e+00 7.594932e-01
 2.186181e-01 -2.434946e+00 7.260541e-01
 6.080909e-01 -2.483508e+00 6.310378e-01
 9.758159e-01 -2.376862e+00 5.047006e-01
 1.264269e+00 -2.131055e+00 3.641061e-01
 1.428774e+00 -1.781560e+00 2.347928e-01
 1.447519e+00 -1.381581e+00 1.586197e-01
 1.339049e+00 -9.942982e-01 1.806458e-01
 1.155446e+00 -5.519984e-01 3.977252e-01
 1.024881e+00 -1.500102e-01 4.197773e-01
 8.773886e-01 9.750872e-02 3.359963e-01
 6.841721e-01 2.765383e-01 1.978259e-01
 3.666702e-01 4.395973e-01 -9.586576e-02
 2.355666e-01 6.244235e-01 -3.767136e-01
 2.523474e-01 8.948390e-01 -6.554289e-01
 3.377272e-01 1.278806e+00 -8.227602e-01
 4.908926e-01 1.656771e+00 -8.255365e-01
 6.766496e-01 1.985509e+00 -6.746204e-01
 8.436198e-01 2.227109e+00 -3.861390e-01
 9.626085e-01 2.336149e+00 -2.561264e-02
 9.969311e-01 2.319413e+00 3.554534e-01
 9.365388e-01 2.184362e+00 7.232620e-01
 8.108401e-01 1.941688e+00 1.005687e+00
 6.440445e-01 1.626075e+00 1.164095e+00
 4.547275e-01 1.286978e+00 1.178276e+00
 2.328652e-02 6.003408e-01 8.908837e-01
 -1.731303e-01 4.207624e-01 7.858795e-01
 -4.035489e-01 3.050383e-01 7.573788e-01
 -6.336755e-01 1.437725e-01 8.164417e-01
