 -9.430349e-01 -4.027003e-01 -1.534157e+00
 -7.874282e-01 -5.969626e-01 -1.284903e+00
 -7.252650e-01 -6.988560e-01 -9.843547e-01
 -7.712646e-01 -8.002691e-01 -7.078495e-01
 -8.935957e-01 -8.442196e-01 -4.442164e-01
 -1.198153e+00 -7.036926e-01 5.712721e-01
 -1.261747e+00 -5.597687e-01 8.702999e-01
 -1.282083e+00 -3.366267e-01 1.110394e+00
 -1.238391e+00 -5.988321e-02 1.284346e+00
 -1.145333e+00 2.263609e-01 1.363664e+00
 -1.054985e+00 4.703004e-01 1.343094e+00
 -1.004784e+00 6.759336e-01 1.249920e+00
 -1.008019e+00 9.007744e-01 1.144253e+00
 -1.216410e+00 1.438429e+00 9.731498e-01
 -1.261779e+00 1.779166e+00 7.047952e-01
 -1.152052e+00 2.038695e+00 3.761528e-01
 -9.047236e-01 2.176960e+00 5.202184e-02
 -5.838289e-01 2.157252e+00 -2.151430e-01
 -2.557313e-01 1.967389e+00 -4.217670e-01
 -2.809406e-03 1.631374e+00 -5.419517e-01
 1.467099e-01 1.221494e+00 -5.262788e-01
 1.952535e-01 5.157305e-01 -2.577614e-01
 1.480480e-01 2.649958e-01 -1.916498e-01
 7.531311e-02 -1.138935e-01 -2.041359e-01
 1.143714e-02 -4.596455e-01 -1.267700e-01
 4.138323e-02 -7.716058e-01 -7.751751e-02
 7.083336e-02 -1.312313e+00 -1.823806e-01
 2.348939e-01 -1.999319e+00 -5.025805e-01
 5.472895e-01 -2.323425e+00 -7.106011e-01
 1.001580e+00 -2.470772e+00 -8.467150e-01
 1.493223e+00 -2.411736e+00 -8.714179e-01
 1.903246e+00 -2.167098e+00 -7.775364e-01
 2.141160e+00 -1.775385e+00 -6.321121e-01
 2.159181e+00 -1.315798e+00 -4.570341e-01
 1.962837e+00 -9.358846e-01 -2.415141e-01
 1.670030e+00 -7.546798e-01 -4.664579e-02
 1.453239e+00 -7.581835e-01 1.531713e-01
 1.178640e+00 -8.055694e-01 3.671674e-01
 8.532836e-01 -7.321913e-01 5.860260e-01
 4.269918e-01 -4.535782e-01 8.225410e-01
 2.419160e-02 -2.150003e-01 8.637771e-01
 -3.289790e-01 -1.264966e-02 7.419680e-01
 -7.994339e-01 2.177495e-01 3.488817e-01
 -1.279814e+00 3.258370e-01 3.223283e-01
 -1.691345e+00 4.473742e-01 5.103366e-01
 -1.968362e+00 6.095484e-01 8.751957e-01
 -2.034488e+00 7.839975e-01 1.312001e+00
 -1.884256e+00 9.634881e-01 1.710158e+00
 -1.537268e+00 1.115099e+00 2.015191e+00
 -1.089566e+00 1.179794e+00 2.144081e+00
 -6.283404e-01 1.154049e+00 2.080019e+00
 -2.486668e-01 1.045094e+00 1.841302e+00
 1.738041e-01 7.728738e-01 1.143545e+00
 4.078217e-01 8.040009e-01 7.214619e-01
 6.756459e-01 1.072155e+00 4.605748e-01
 1.047811e+00 1.225782e+00 3.770164e-01
 1.532745e+00 1.188751e+00 3.684870e-01
 1.958735e+00 9.225835e-01 3.900951e-01
 2.218506e+00 4.888570e-01 4.659886e-01
 2.290782e+00 -7.473555e-01 7.716595e-01
 2.179408e+00 -1.166283e+00 7.580961e-01
 1.967838e+00 -1.515425e+00 6.130049e-01
 1.675219e+00 -1.736755e+00 3.633990e-01
 1.383291e+00 -1.782837e+00 6.503545e-02
 1.206002e+00 -1.680877e+00 -1.828459e-01
 1.133015e+00 -1.484537e+00 -5.219437e-01
 1.262021e+00 -1.351058e+00 -1.199228e+00
 1.226488e+00 -1.093665e+00 -1.591292e+00
 1.039782e+00 -7.466533e-01 -1.854671e+00
 7.479031e-01 -3.805670e-01 -1.927554e+00
 4.119026e-01 -7.577100e-02 -1.796033e+00
 -3.992098e-01 3.341292e-01 -1.057685e+00
 -7.250557e-01 2.845994e-01 -7.490226e-01
 -9.344984e-01 2.314620e-01 -6.632174e-01
 -1.226380e+00 1.307365e-01 -6.609314e-01
 -1.549450e+00 -1.183743e-01 -7.436472e-01
 -1.729287e+00 -4.403626e-01 -8.813148e-01
 -1.754244e+00 -8.173512e-01 -1.008484e+00
 -1.629283e+00 -1.173267e+00 -1.130497e+00
 -1.377624e+00 -1.448745e+00 -1.238436e+00
 -1.038435e+00 -1.612044e+00 -1.317460e+00
 -6.601748e-01 -1.643210e+00 -1.360084e+00
 -2.945069e-01 -1.542517e+00 -1.355700e+00
 -1.888413e-03 -1.335332e+00 -1.303876e+00
 4.844395e-01 -7.071211e-01 -9.868451e-01
 7.949900e-01 -4.462651e-01 -8.415052e-01
 1.002702e+00 -1.989708e-01 -6.218698e-01
 1.126871e+00 7.424125e-02 -3.232293e-01
 1.161611e+00 2.117155e-01 1.978466e-02
 1.245634e+00 2.099797e-01 6.865158e-01
 1.300936e+00 3.833839e-01 9.904811e-01
 1.294234e+00 6.787621e-01 1.234217e+00
 1.174691e+00 1.032924e+00 1.384587e+00
 9.698165e-01 1.382504e+00 1.404872e+00
 6.980576e-01 1.648660e+00 1.308710e+00
 3.804937e-01 1.788779e+00 1.137721e+00
 5.287293e-02 1.779327e+00 8.986218e-01
 -2.157610e-01 1.623210e+00 6.263823e-01
 -3.796961e-01 1.353390e+00 3.868078e-01
 -4.624914e-01 1.270459e+00 3.000321e-01
 -6.109012e-01 1.191802e+00 1.708338e-01
 -8.137291e-01 1.157564e+00 -9.567835e-02
 -1.097821e+00 1.248431e+00 -6.810545e-01
 -1.226946e+00 1.116925e+00 -1.104122e+00
 -1.279967e+00 7.996852e-01 -1.457374e+00
 -1.252298e+00 3.725597e-01 -1.658747e+00
 -1.123251e+00 -5.006743e-02 -1.684099e+00
