 -2.163639e-01 1.398402e+00 -1.253900e+00
 -5.210637e-01 1.412703e+00 -1.092978e+00
 -7.941850e-01 1.313078e+00 -9.011875e-01
 -9.999986e-01 1.119221e+00 -7.260664e-01
 -1.126640e+00 8.701865e-01 -6.100269e-01
 -1.233511e+00 5.947516e-01 -5.922905e-01
 -1.395398e+00 3.420312e-01 -6.577092e-01
 -1.838803e+00 5.831604e-02 -8.012049e-01
 -2.072022e+00 -2.171802e-01 -8.223639e-01
 -2.206452e+00 -5.519229e-01 -7.843341e-01
 -2.225541e+00 -8.992984e-01 -6.913204e-01
 -2.130209e+00 -1.215151e+00 -5.546314e-01
 -1.935822e+00 -1.461026e+00 -3.907009e-01
 -1.669223e+00 -1.609154e+00 -2.184967e-01
 -1.364857e+00 -1.644432e+00 -5.732499e-02
 -1.030169e+00 -1.562501e+00 7.769755e-02
 -7.920204e-01 -1.392392e+00 1.664072e-01
 -5.745781e-01 -1.141528e+00 1.931653e-01
 -4.268626e-01 -9.059190e-01 1.016347e-01
 -3.661071e-01 -6.227841e-01 5.604579e-02
 -4.650815e-01 -1.914541e-01 4.375572e-02
 -5.933960e-01 6.255165e-02 9.391478e-02
 -7.353320e-01 6.880305e-01 3.118470e-01
 -7.650817e-01 9.850492e-01 3.215526e-01
 -7.219959e-01 1.321611e+00 2.243065e-01
 -5.613089e-01 1.618167e+00 5.602792e-02
 -3.087923e-01 1.813981e+00 -1.413885e-01
 1.514005e-02 1.893312e+00 -3.163895e-01
 3.648141e-01 1.844275e+00 -4.422519e-01
 7.010939e-01 1.673221e+00 -4.993743e-01
 9.643529e-01 1.404780e+00 -4.748857e-01
 1.144739e+00 1.092599e+00 -3.379983e-01
 1.204824e+00 8.955922e-01 -1.597645e-01
 1.238085e+00 7.686378e-01 4.475466e-02
 1.349118e+00 6.826121e-01 3.196360e-01
 1.588270e+00 5.961760e-01 5.395820e-01
 1.858844e+00 4.653769e-01 6.524963e-01
 2.124419e+00 2.734912e-01 6.685340e-01
 2.341299e+00 3.412711e-02 5.970220e-01
 2.488872e+00 -2.465863e-01 4.418296e-01
 2.522278e+00 -5.228906e-01 2.458727e-01
 2.440629e+00 -7.845081e-01 2.299868e-02
 2.256731e+00 -9.851859e-01 -1.869840e-01
 1.991843e+00 -1.112748e+00 -3.504387e-01
 1.673950e+00 -1.165874e+00 -4.441703e-01
 1.301060e+00 -1.149719e+00 -4.429737e-01
 9.795022e-01 -1.078525e+00 -3.292461e-01
 7.419875e-01 -9.882692e-01 -1.131559e-01
 5.975610e-01 -9.856046e-01 1.476626e-01
 5.059941e-01 -9.600420e-01 4.987150e-01
 3.414155e-01 -9.043793e-01 7.638630e-01
 1.079254e-01 -8.448872e-01 9.582972e-01
 -1.518015e-01 -7.619048e-01 1.064036e+00
 -3.961622e-01 -6.592750e-01 1.081826e+00
 -6.140139e-01 -4.949383e-01 1.028517e+00
 -7.239509e-01 -3.514102e-01 1.006784e+00
 -1.006168e+00 -7.222148e-02 1.037686e+00
 -1.258606e+00 7.394902e-02 9.703716e-01
 -1.522083e+00 2.270434e-01 7.742750e-01
 -2.073022e+00 8.553742e-01 -7.527056e-02
 -2.141247e+00 9.962841e-01 -3.637232e-01
 -2.127345e+00 1.079158e+00 -7.198302e-01
 -2.019609e+00 1.073306e+00 -1.061715e+00
 -1.820912e+00 9.800052e-01 -1.352923e+00
 -1.524822e+00 8.186766e-01 -1.558423e+00
 -1.180882e+00 6.463757e-01 -1.619082e+00
 -8.110700e-01 4.916909e-01 -1.522464e+00
 -5.066988e-01 4.005620e-01 -1.288973e+00
 -2.817641e-01 4.132643e-01 -9.652525e-01
 -1.649716e-01 5.373816e-01 -6.922531e-01
 -1.975851e-02 7.636112e-01 -4.652061e-01
 9.837788e-02 8.588648e-01 -2.606356e-01
 2.295492e-01 9.691540e-01 9.457228e-02
 3.479843e-01 1.172838e+00 3.369760e-01
 5.917157e-01 1.419874e+00 4.908653e-01
 9.444172e-01 1.619013e+00 5.352957e-01
 1.336366e+00 1.704243e+00 4.661776e-01
 1.708272e+00 1.646849e+00 3.242662e-01
 2.015383e+00 1.448079e+00 1.280373e-01
 2.194129e+00 1.145161e+00 -7.847077e-02
 2.220808e+00 7.734041e-01 -2.574219e-01
 2.093699e+00 3.728128e-01 -3.527381e-01
 1.867411e+00 4.496475e-02 -3.138851e-01
 1.632613e+00 -1.736857e-01 -1.424658e-01
 1.508947e+00 -3.492886e-01 1.500210e-01
 1.511793e+00 -5.477091e-01 3.794810e-01
 1.536415e+00 -8.600972e-01 5.288086e-01
 1.515696e+00 -1.174414e+00 5.644576e-01
 1.406401e+00 -1.484567e+00 5.194189e-01
 1.207783e+00 -1.760607e+00 3.983902e-01
 9.638384e-01 -1.934763e+00 2.315523e-01
 6.896100e-01 -2.000934e+00 3.497432e-02
 4.186802e-01 -1.952865e+00 -1.723639e-01
 -2.991166e-01 -1.485944e+00 -7.258107e-01
 -4.989323e-01 -1.346908e+00 -8.086777e-01
 -7.162425e-01 -1.188608e+00 -8.270000e-01
 -9.247926e-01 -1.012045e+00 -7.726196e-01
 -1.122706e+00 -8.325583e-01 -6.334691e-01
 -1.257103e+00 -6.938187e-01 -4.357740e-01
 -1.443983e+00 -5.910184e-01 -2.073118e-02
 -1.607133e+00 -8.388392e-01 7.152160e-01
 -1.595901e+00 -9.070196e-01 1.022605e+00
 -1.543576e+00 -9.116256e-01 1.285324e+00
 -1.436062e+00 -8.624560e-01 1.543354e+00
 -1.276643e+00 -7.590685e-01 1.766665e+00
 -1.075122e+00 -6.086710e-01 1.930331e+00
 -8.467783e-01 -4.246696e-01 2.014727e+00
 -6.048750e-01 -2.251299e-01 2.007696e+00
 -3.779405e-01 -4.609735e-02 1.909963e+00
 -1.694988e-01 9.776238e-02 1.728529e+00
 -6.573142e-03 1.779551e-01 1.504368e+00
 1.678933e-01 1.990509e-01 1.160572e+00
 5.056793e-01 2.802331e-02 3.050621e-01
 5.637352e-01 1.326572e-02 1.006736e-01
 6.285765e-01 2.984558e-03 -2.076679e-01
 7.673741e-01 1.113320e-01 -6.197221e-01
 8.085233e-01 3.073738e-01 -8.940505e-01
 7.691859e-01 5.610467e-01 -1.109680e+00
 6.262741e-01 8.349080e-01 -1.272479e+00
 3.948800e-01 1.086055e+00 -1.356126e+00
 1.019253e-01 1.283140e+00 -1.349033e+00
