 -1.161196e+00 2.262125e+00 -2.030221e-01
 -1.377126e+00 2.042674e+00 -3.037384e-02
 -1.497421e+00 1.758355e+00 1.227093e-01
 -1.511293e+00 1.442678e+00 2.426871e-01
 -1.409643e+00 1.134153e+00 3.343148e-01
 -1.212160e+00 8.797491e-01 3.833803e-01
 -9.235292e-01 6.960667e-01 4.205359e-01
 -5.946471e-01 6.199164e-01 4.529442e-01
 -2.100005e-01 6.945838e-01 6.270865e-01
 1.177771e-01 9.271791e-01 7.504662e-01
 5.313951e-01 1.199157e+00 6.789373e-01
 1.659439e+00 1.431721e+00 1.733777e-01
 1.915757e+00 1.445243e+00 -5.705702e-02
 2.086341e+00 1.418461e+00 -3.581189e-01
 2.150915e+00 1.348697e+00 -6.924713e-01
 2.103788e+00 1.234673e+00 -1.020229e+00
 1.951466e+00 1.085353e+00 -1.299651e+00
 1.711873e+00 9.182219e-01 -1.496275e+00
 1.416599e+00 7.511532e-01 -1.584633e+00
 1.095913e+00 5.852612e-01 -1.551421e+00
 5.897177e-01 2.390855e-01 -1.297055e+00
 2.781937e-01 9.201830e-02 -1.238258e+00
 -4.611405e-02 -7.072644e-03 -9.714978e-01
 -4.871794e-01 1.197620e-02 -3.843316e-01
 -1.273051e+00 -1.150036e-01 -1.319208e-01
 -1.527763e+00 -1.866711e-01 5.919016e-02
 -1.724568e+00 -3.261793e-01 3.304510e-01
 -1.808103e+00 -4.821048e-01 5.955936e-01
 -1.793039e+00 -6.516368e-01 8.520354e-01
 -1.684786e+00 -8.249241e-01 1.077886e+00
 -1.491053e+00 -9.851991e-01 1.257117e+00
 -1.225218e+00 -1.122805e+00 1.370813e+00
 -8.894301e-01 -1.230844e+00 1.405353e+00
 -5.645018e-01 -1.275100e+00 1.345445e+00
 -6.364213e-02 -1.222705e+00 1.124122e+00
 2.223407e-01 -1.249330e+00 1.110933e+00
 4.850476e-01 -1.199644e+00 1.148171e+00
 7.549142e-01 -1.044589e+00 1.187105e+00
 9.501132e-01 -8.467467e-01 1.172792e+00
 1.099440e+00 -6.165282e-01 1.084660e+00
 1.180435e+00 -3.330371e-01 9.311678e-01
 1.171923e+00 -8.422934e-02 7.429221e-01
 1.082470e+00 1.213945e-01 5.234062e-01
 9.062737e-01 2.807934e-01 3.043280e-01
 5.984863e-01 3.861329e-01 2.642251e-02
 4.342743e-01 5.159576e-01 -1.412798e-01
 3.083653e-01 7.077045e-01 -2.599409e-01
 2.621910e-01 7.799629e-01 -3.322500e-01
 2.198142e-01 8.492487e-01 -4.397021e-01
 8.198521e-02 1.084064e+00 -1.009083e+00
 1.395120e-02 1.087040e+00 -1.377152e+00
 7.650797e-03 9.621668e-01 -1.738038e+00
 6.545660e-02 7.278155e-01 -2.032916e+00
 1.796048e-01 4.193336e-01 -2.220560e+00
 3.493257e-01 8.792133e-02 -2.281035e+00
 5.644259e-01 -2.149523e-01 -2.212292e+00
 1.312298e+00 -1.000232e+00 -1.576625e+00
 1.435662e+00 -1.172677e+00 -1.352477e+00
 1.483511e+00 -1.314024e+00 -1.081462e+00
 1.461050e+00 -1.398497e+00 -7.891743e-01
 1.377476e+00 -1.414445e+00 -4.965810e-01
 1.241473e+00 -1.360098e+00 -2.299657e-01
 1.065974e+00 -1.239755e+00 -1.257422e-02
 8.674194e-01 -1.063422e+00 1.363288e-01
 5.228809e-01 -6.998689e-01 2.482751e-01
 2.249418e-01 -4.643277e-01 4.734425e-01
 1.804207e-01 -2.842374e-01 7.673542e-01
 1.473263e-01 -2.216504e-01 1.142408e+00
 1.319841e-01 -2.933693e-01 1.495060e+00
 1.441882e-01 -4.826643e-01 1.797139e+00
 1.563257e-01 -7.670395e-01 2.015184e+00
 1.697165e-01 -1.106141e+00 2.120906e+00
 1.687492e-01 -1.454054e+00 2.106398e+00
 1.375580e-01 -1.771271e+00 1.980164e+00
 8.734527e-02 -2.024931e+00 1.757051e+00
 3.094624e-02 -2.188180e+00 1.464293e+00
 -1.717329e-02 -2.245342e+00 1.134076e+00
 -5.481262e-02 -2.191220e+00 8.034061e-01
 -8.097410e-02 -2.032439e+00 5.081253e-01
 -1.336493e-01 -1.390996e+00 -8.501257e-02
 -2.247363e-01 -1.157106e+00 -2.695967e-01
 -3.759851e-01 -1.025976e+00 -4.384888e-01
 -6.553826e-01 -9.394840e-01 -7.560891e-01
 -8.329337e-01 -7.921730e-01 -9.602558e-01
 -9.676145e-01 -5.755615e-01 -1.123883e+00
 -1.059260e+00 -3.116593e-01 -1.221949e+00
 -1.102171e+00 -1.939347e-02 -1.248499e+00
 -1.091829e+00 2.811065e-01 -1.199661e+00
 -1.042020e+00 5.593320e-01 -1.069822e+00
 -8.106112e-01 1.186752e+00 -5.147269e-01
 -7.468075e-01 1.292227e+00 -4.179538e-01
 -6.838710e-01 1.361777e+00 -3.380117e-01
 -5.632032e-01 1.439827e+00 -1.680620e-01
 -5.052196e-01 1.501995e+00 -3.680389e-02
 -4.886307e-01 1.554447e+00 7.296957e-02
 -5.041283e-01 1.625005e+00 2.948356e-01
 -5.611209e-01 1.658451e+00 5.357891e-01
 -6.210827e-01 1.636820e+00 7.223180e-01
 -6.748018e-01 1.561056e+00 9.151942e-01
 -7.347505e-01 1.422493e+00 1.109833e+00
 -7.974913e-01 1.229774e+00 1.271272e+00
 -8.353653e-01 9.977154e-01 1.384681e+00
 -8.579333e-01 7.418829e-01 1.437153e+00
 -8.754735e-01 4.759380e-01 1.422287e+00
 -8.836378e-01 2.207302e-01 1.339514e+00
 -8.789495e-01 -4.751420e-03 1.194903e+00
 -8.207307e-01 -3.766735e-01 7.999620e-01
 -7.825654e-01 -5.695416e-01 6.393010e-01
 -7.963370e-01 -6.963441e-01 5.461255e-01
 -8.443728e-01 -8.167611e-01 4.778654e-01
 -1.056030e+00 -1.148630e+00 3.238675e-01
 -1.144582e+00 -1.429175e+00 1.014311e-01
 -1.109100e+00 -1.687035e+00 -1.604855e-01
 -9.585111e-01 -1.880936e+00 -4.279102e-01
 -7.225247e-01 -1.974138e+00 -6.781607e-01
 -4.305090e-01 -1.952559e+00 -8.909137e-01
 -9.917281e-02 -1.804673e+00 -1.049817e+00
 1.778610e-01 -1.579812e+00 -1.106922e+00
 3.972368e-01 -1.295090e+00 -1.065868e+00
 5.917924e-01 -8.697391e-01 -8.698553e-01
 7.039359e-01 -7.182636e-01 -8.144072e-01
 1.061634e+00 -3.996889e-01 -6.746584e-01
 1.220699e+00 -1.722583e-01 -6.229030e-01
 1.390741e+00 2.116302e-01 -6.029174e-01
 1.412688e+00 4.558654e-01 -5.884326e-01
 1.349501e+00 6.975921e-01 -5.695131e-01
 1.261325e+00 8.702143e-01 -5.821226e-01
 1.194935e+00 9.980098e-01 -6.245932e-01
 1.139697e+00 1.205749e+00 -6.760262e-01
 1.031648e+00 1.473307e+00 -6.514084e-01
 7.821169e-01 1.756306e+00 -6.137474e-01
 -2.525724e-01 2.346576e+00 -5.374007e-01
 -5.718195e-01 2.417813e+00 -4.670261e-01
 -8.848095e-01 2.389179e+00 -3.519373e-01
