 -3.206824e-01 -1.000824e+00 -8.391130e-01
 -3.093243e-01 -7.404006e-01 -2.738655e-01
 -3.663724e-01 -6.821962e-01 -1.440656e-02
 -5.749830e-01 -6.442670e-01 2.647232e-01
 -8.751591e-01 -4.514001e-01 5.281678e-01
 -1.001035e+00 -3.527967e-01 8.157662e-01
 -1.139224e+00 -3.757886e-01 1.139322e+00
 -1.264612e+00 -5.209545e-01 1.431504e+00
 -1.332401e+00 -7.630239e-01 1.677462e+00
 -1.332437e+00 -1.067703e+00 1.845817e+00
 -1.266756e+00 -1.396022e+00 1.919745e+00
 -1.146986e+00 -1.711322e+00 1.894055e+00
 -9.894254e-01 -1.981034e+00 1.774158e+00
 -8.133241e-01 -2.178637e+00 1.574574e+00
 -9.643062e-02 -2.607974e+00 5.373294e-01
 1.132292e-01 -2.595367e+00 2.359167e-01
 2.982223e-01 -2.453568e+00 -4.955021e-02
 4.399986e-01 -2.204171e+00 -2.720383e-01
 5.391474e-01 -1.880987e+00 -3.979649e-01
 5.808060e-01 -1.524960e+00 -4.095889e-01
 5.899844e-01 -1.234181e+00 -3.074901e-01
 6.478546e-01 -1.003949e+00 -1.285847e-01
 8.073905e-01 -7.906715e-01 1.461320e-02
 1.090957e+00 -5.226887e-01 1.271094e-01
 1.253594e+00 -2.727832e-01 1.960243e-01
 1.356303e+00 1.449500e-02 2.560742e-01
 1.393718e+00 3.189506e-01 2.936690e-01
 1.368868e+00 6.252629e-01 2.987892e-01
 1.285956e+00 9.388268e-01 2.593187e-01
 1.171021e+00 1.164399e+00 1.775438e-01
 9.105117e-01 1.431757e+00 3.996550e-02
 7.372785e-01 1.561862e+00 -1.520219e-02
 5.746718e-01 1.649798e+00 -3.680727e-02
 2.333496e-01 1.776553e+00 -7.561645e-02
 4.551090e-02 1.913156e+00 -1.557815e-01
 -1.471059e-01 2.048132e+00 -3.488749e-01
 -3.216829e-01 2.119169e+00 -6.376482e-01
 -4.393327e-01 2.092600e+00 -9.700559e-01
 -5.033773e-01 1.970430e+00 -1.255835e+00
 -5.360489e-01 1.754666e+00 -1.494886e+00
 -5.341153e-01 1.464819e+00 -1.661487e+00
 -4.930273e-01 1.152870e+00 -1.732830e+00
 -4.033671e-01 8.392577e-01 -1.713513e+00
 -2.845314e-01 5.547554e-01 -1.599082e+00
 4.994255e-02 2.513571e-02 -1.138224e+00
 2.205255e-01 -1.452870e-01 -1.014741e+00
 4.538463e-01 -3.170957e-01 -9.420286e-01
 1.032288e+00 -5.742006e-01 -9.788151e-01
 1.357122e+00 -8.198302e-01 -8.581810e-01
 1.562086e+00 -1.101345e+00 -6.147876e-01
 1.610270e+00 -1.362339e+00 -2.821365e-01
 1.492235e+00 -1.562907e+00 7.384715e-02
 1.226200e+00 -1.686156e+00 3.774085e-01
 8.557420e-01 -1.727711e+00 5.694489e-01
 4.448670e-01 -1.682210e+00 6.160381e-01
 1.065350e-01 -1.604842e+00 5.072052e-01
 -9.203692e-02 -1.600188e+00 3.485939e-01
 -4.240850e-01 -1.687374e+00 1.331464e-01
 -7.866645e-01 -1.622956e+00 -2.170811e-02
 -1.107408e+00 -1.402115e+00 -1.834652e-01
 -1.295468e+00 -1.069939e+00 -3.226536e-01
 -1.323159e+00 -6.810955e-01 -4.408005e-01
 -1.191272e+00 -2.632645e-01 -4.841901e-01
 -9.627821e-01 4.327834e-02 -4.118046e-01
 -7.815986e-01 2.279842e-01 -2.360059e-01
 -6.630245e-01 4.470152e-01 6.006181e-02
 -4.712961e-01 7.804095e-01 2.589733e-01
 -1.090696e-01 1.006808e+00 4.723225e-01
 2.330685e-01 1.003477e+00 6.508904e-01
 4.550487e-01 9.316211e-01 8.421233e-01
 6.478460e-01 7.601816e-01 1.044580e+00
 7.692741e-01 5.117818e-01 1.223727e+00
 8.000591e-01 2.145294e-01 1.369980e+00
 7.335895e-01 -9.701528e-02 1.469720e+00
 5.779515e-01 -3.902426e-01 1.509167e+00
 3.511480e-01 -6.346554e-01 1.481241e+00
 -5.424623e-01 -1.198436e+00 1.163107e+00
 -6.778216e-01 -1.280503e+00 1.093476e+00
 -8.815830e-01 -1.362066e+00 9.728406e-01
 -1.172920e+00 -1.373370e+00 8.711186e-01
 -1.506765e+00 -1.246739e+00 7.216392e-01
 -1.763385e+00 -9.912387e-01 5.618699e-01
 -1.896693e+00 -6.548367e-01 4.299839e-01
 -1.866654e+00 2.319637e-01 1.182283e-01
 -1.686499e+00 7.448244e-01 -1.851849e-01
 -1.358575e+00 1.052743e+00 -4.712172e-01
 -9.388304e-01 1.162221e+00 -6.618736e-01
 -3.666033e-01 1.103352e+00 -7.228843e-01
 -1.051623e-01 1.131073e+00 -7.842142e-01
 1.025103e-01 1.223162e+00 -9.099599e-01
 3.261770e-01 1.413889e+00 -1.022802e+00
 5.051454e-01 1.686771e+00 -1.064123e+00
 6.348442e-01 1.989943e+00 -1.004624e+00
 7.195995e-01 2.278066e+00 -8.380985e-01
 7.556138e-01 2.504428e+00 -5.841918e-01
 7.446677e-01 2.642484e+00 -2.772650e-01
 6.844150e-01 2.683547e+00 4.903141e-02
 5.746310e-01 2.628234e+00 3.608094e-01
 4.319373e-01 2.480824e+00 6.258306e-01
 -1.936702e-01 1.563730e+00 1.403431e+00
 -3.359215e-01 1.098510e+00 1.510616e+00
 -3.458847e-01 6.123915e-01 1.422796e+00
 -2.305661e-01 2.159419e-01 1.155146e+00
 -6.595889e-02 5.033131e-02 8.611066e-01
 1.347061e-01 -1.713119e-02 5.993665e-01
 2.735647e-01 6.507022e-02 2.300068e-01
 6.166769e-01 5.264960e-01 -3.782888e-01
 8.106870e-01 5.840302e-01 -5.896572e-01
 9.396227e-01 5.926463e-01 -9.729209e-01
 9.536628e-01 4.834652e-01 -1.367875e+00
 8.740571e-01 2.425173e-01 -1.712242e+00
 7.139324e-01 -7.243910e-02 -1.917258e+00
 4.732634e-01 -4.244966e-01 -1.972893e+00
 2.083693e-01 -7.311450e-01 -1.860498e+00
 -3.713201e-02 -9.494729e-01 -1.601644e+00
 -2.234080e-01 -1.044320e+00 -1.241047e+00
