 6.036443e-01 1.542143e+00 1.888611e+00
 6.314912e-01 1.776647e+00 1.704431e+00
 6.316484e-01 1.939460e+00 1.483821e+00
 5.861002e-01 2.171495e+00 9.121530e-01
 5.430574e-01 2.365900e+00 3.815726e-01
 5.175927e-01 2.418329e+00 1.454020e-01
 4.761718e-01 2.409299e+00 -1.188452e-01
 4.233818e-01 2.323385e+00 -3.879845e-01
 3.158913e-01 2.009462e+00 -8.344431e-01
 1.503702e-01 1.495334e+00 -1.438782e+00
 4.086985e-02 1.233761e+00 -1.608495e+00
 -1.223910e-01 9.263964e-01 -1.680398e+00
 -3.018017e-01 6.644086e-01 -1.632765e+00
 -4.789612e-01 5.337223e-01 -1.546114e+00
 -6.787526e-01 4.246062e-01 -1.506204e+00
 -8.843291e-01 1.925844e-01 -1.515611e+00
 -1.000259e+00 -1.179924e-01 -1.501002e+00
 -1.018049e+00 -4.372710e-01 -1.456909e+00
 -7.689596e-01 -1.470622e+00 -1.290415e+00
 -7.014229e-01 -1.672603e+00 -1.219441e+00
 -5.987059e-01 -1.891024e+00 -1.071878e+00
 -4.676910e-01 -2.071390e+00 -8.362558e-01
 -3.140723e-01 -2.159709e+00 -5.273000e-01
 -1.696681e-01 -2.115780e+00 -1.782836e-01
 -1.152988e-01 -1.954501e+00 1.729448e-01
 -2.031456e-01 -1.744416e+00 4.890575e-01
 -3.556490e-01 -1.633863e+00 6.721978e-01
 -4.936906e-01 -1.574585e+00 8.552604e-01
 -5.984534e-01 -1.419422e+00 1.143007e+00
 -7.079468e-01 -1.151328e+00 1.377604e+00
 -8.519819e-01 -7.167883e-01 1.561265e+00
 -1.063167e+00 1.192572e-01 1.684742e+00
 -1.013826e+00 5.304880e-01 1.664667e+00
 -8.319537e-01 8.787416e-01 1.576604e+00
 -5.553028e-01 1.119133e+00 1.432060e+00
 -2.298864e-01 1.223493e+00 1.255419e+00
 6.738488e-02 1.188548e+00 1.105019e+00
 2.112087e-01 1.125623e+00 1.045731e+00
 1.084040e+00 8.974252e-01 8.787453e-01
 1.319565e+00 7.602911e-01 7.875670e-01
 1.500953e+00 5.665183e-01 6.813191e-01
 1.614208e+00 3.277428e-01 5.649482e-01
 1.647733e+00 7.458460e-02 4.510955e-01
 1.608667e+00 -1.701431e-01 3.507184e-01
 1.509560e+00 -3.945933e-01 2.746325e-01
 1.357644e+00 -5.954704e-01 2.278690e-01
 1.159437e+00 -7.635481e-01 2.142811e-01
 9.335130e-01 -8.820922e-01 2.371968e-01
 6.710489e-01 -9.360455e-01 2.676648e-01
 3.616144e-01 -9.090119e-01 3.182384e-01
 -1.340037e-01 -6.726360e-01 4.423625e-01
 -6.697978e-01 -6.165159e-01 5.169043e-01
 -9.958945e-01 -4.318659e-01 5.980902e-01
 -1.247341e+00 -1.002268e-01 6.661966e-01
 -1.357389e+00 3.491601e-01 6.600305e-01
 -1.263941e+00 8.112783e-01 5.804353e-01
 -9.803754e-01 1.173011e+00 4.482827e-01
 -2.661959e-01 1.498500e+00 2.097911e-01
 3.471014e-02 1.503493e+00 1.319384e-01
 3.041343e-01 1.433816e+00 8.068402e-02
 6.139396e-01 1.384296e+00 3.069691e-02
 8.917075e-01 1.295282e+00 -8.143120e-02
 1.130437e+00 1.137823e+00 -2.259936e-01
 1.277571e+00 9.600790e-01 -3.521789e-01
 1.365957e+00 7.560169e-01 -4.682109e-01
 1.398836e+00 5.353804e-01 -5.691795e-01
 1.377707e+00 3.077558e-01 -6.499072e-01
 1.309219e+00 9.554978e-02 -7.025442e-01
 1.217105e+00 -7.388782e-02 -7.261269e-01
 6.289247e-01 -8.860464e-01 -7.368832e-01
 5.081952e-01 -9.951539e-01 -7.183773e-01
 3.321261e-01 -1.091198e+00 -6.775185e-01
 1.440304e-01 -1.145491e+00 -6.312964e-01
 -3.743151e-02 -1.156015e+00 -5.729954e-01
 -4.267994e-01 -1.137745e+00 -4.046835e-01
 -7.307160e-01 -1.254757e+00 -2.670107e-01
 -9.548186e-01 -1.448427e+00 -1.497079e-01
 -1.097040e+00 -1.699306e+00 -1.981501e-02
 -1.144094e+00 -1.971683e+00 1.320434e-01
 -1.099649e+00 -2.223626e+00 3.138967e-01
 -9.743545e-01 -2.426583e+00 5.292272e-01
 -7.778223e-01 -2.555148e+00 7.575441e-01
 -5.249378e-01 -2.591188e+00 9.763634e-01
 -2.452552e-01 -2.518650e+00 1.167846e+00
 2.574383e-02 -2.330556e+00 1.314961e+00
 2.485723e-01 -2.038579e+00 1.391994e+00
 4.173475e-01 -1.585617e+00 1.377271e+00
 6.361952e-01 -7.533084e-01 1.276909e+00
 6.829528e-01 -5.564556e-01 1.216085e+00
 7.270252e-01 -3.467404e-01 1.093368e+00
 7.371711e-01 -1.263199e-01 8.855929e-01
 6.544909e-01 1.284907e-02 6.437791e-01
 5.985284e-01 1.882588e-01 1.502520e-01
 5.795579e-01 2.314922e-01 4.945284e-02
 5.286618e-01 2.991874e-01 -9.350230e-02
 3.994007e-01 4.516795e-01 -3.657695e-01
 2.888465e-01 6.057388e-01 -5.271984e-01
 8.387252e-02 7.734054e-01 -6.431995e-01
 -3.808268e-01 1.047700e+00 -6.822476e-01
 -6.067119e-01 1.221917e+00 -8.104725e-01
 -8.229557e-01 1.358900e+00 -1.061877e+00
 -9.807923e-01 1.406495e+00 -1.393197e+00
 -1.063730e+00 1.344452e+00 -1.751575e+00
 -1.066107e+00 1.177913e+00 -2.081210e+00
 -9.942919e-01 9.271523e-01 -2.338454e+00
 -8.548588e-01 6.287977e-01 -2.492764e+00
 -6.704326e-01 3.187918e-01 -2.525471e+00
 -4.606965e-01 3.856407e-02 -2.435458e+00
 -2.601711e-01 -1.795545e-01 -2.235336e+00
 -1.045338e-01 -3.204505e-01 -1.948777e+00
 -1.057375e-02 -3.603525e-01 -1.626377e+00
 -1.259169e-02 -3.327420e-01 -1.295672e+00
 -1.138819e-01 -2.537647e-01 -1.013276e+00
 -4.382677e-01 -1.221467e-01 -5.431205e-01
 -5.494197e-01 9.812513e-02 -2.014426e-01
 -4.938027e-01 2.970171e-01 7.574314e-02
 -3.657353e-01 3.544222e-01 3.601598e-01
 -3.219356e-01 3.561327e-01 6.312356e-01
 -2.653481e-01 2.314633e-01 9.897043e-01
 -1.219448e-01 1.935340e-01 1.292010e+00
 7.525568e-02 3.062344e-01 1.644747e+00
 2.660581e-01 5.777770e-01 1.905998e+00
 4.245601e-01 9.109411e-01 2.019651e+00
 5.371943e-01 1.245774e+00 2.004289e+00
