 1.760364e+00 1.473727e+00 3.822588e-01
 1.841921e+00 1.540639e+00 2.141453e-02
 1.781594e+00 1.562795e+00 -3.803364e-01
 1.609764e+00 1.535293e+00 -7.021646e-01
 1.351179e+00 1.445299e+00 -9.460058e-01
 1.041159e+00 1.306267e+00 -1.079120e+00
 7.214120e-01 1.138357e+00 -1.085811e+00
 2.025222e-01 8.652083e-01 -8.785676e-01
 -5.564504e-02 7.755873e-01 -8.510430e-01
 -6.192456e-01 6.825977e-01 -9.527640e-01
 -9.175071e-01 4.702301e-01 -9.520849e-01
 -1.083851e+00 2.244151e-01 -9.443228e-01
 -1.250087e+00 -4.354812e-01 -1.039364e+00
 -1.302747e+00 -1.488502e+00 -9.563340e-01
 -1.274407e+00 -1.793114e+00 -8.367784e-01
 -1.212437e+00 -2.045485e+00 -6.290226e-01
 -1.122208e+00 -2.216014e+00 -3.522272e-01
 -1.012499e+00 -2.281902e+00 -3.429142e-02
 -8.854663e-01 -2.225486e+00 3.209256e-01
 -7.618118e-01 -2.044644e+00 6.163897e-01
 -6.512869e-01 -1.750575e+00 8.307550e-01
 -5.763573e-01 -1.382370e+00 9.152480e-01
 -5.785054e-01 -9.742291e-01 8.695724e-01
 -6.504549e-01 -7.051454e-01 7.455909e-01
 -8.084311e-01 -5.133047e-01 6.324881e-01
 -1.112310e+00 -3.569563e-01 5.257277e-01
 -2.022786e+00 -2.220843e-02 -4.413997e-01
 -2.151262e+00 9.584894e-02 -8.088625e-01
 -2.122130e+00 1.800291e-01 -1.212852e+00
 -1.936414e+00 2.196167e-01 -1.580787e+00
 -1.622922e+00 2.130737e-01 -1.851588e+00
 -1.231627e+00 1.664652e-01 -1.979964e+00
 -8.319966e-01 9.368136e-02 -1.944641e+00
 2.337917e-01 -3.143964e-02 -1.377410e+00
 4.201714e-01 -7.411600e-02 -1.186126e+00
 5.665817e-01 -9.096441e-02 -8.479988e-01
 6.125918e-01 -1.690855e-01 -3.810088e-01
 5.319269e-01 -2.691343e-01 -1.976675e-03
 3.758758e-01 -4.171027e-01 2.896105e-01
 3.294883e-01 -5.905318e-01 5.659818e-01
 4.212922e-01 -8.298969e-01 8.465442e-01
 6.917670e-01 -1.045054e+00 1.106298e+00
 1.081791e+00 -1.146642e+00 1.281236e+00
 1.496217e+00 -1.094895e+00 1.357407e+00
 1.873082e+00 -8.935928e-01 1.338756e+00
 2.154392e+00 -5.991425e-01 1.198044e+00
 2.288049e+00 -2.676891e-01 9.610468e-01
 2.251593e+00 4.551652e-02 6.728869e-01
 2.053604e+00 2.872510e-01 3.889691e-01
 1.355774e+00 6.203766e-01 -4.911465e-02
 1.021283e+00 9.216394e-01 -1.233391e-01
 8.614899e-01 1.209902e+00 -6.987210e-02
 7.916481e-01 1.699477e+00 3.047873e-02
 5.703926e-01 2.046528e+00 1.957401e-01
 1.974946e-01 2.262076e+00 3.608816e-01
 -2.230709e-01 2.304278e+00 4.526916e-01
 -6.200354e-01 2.172981e+00 4.822914e-01
 -9.526908e-01 1.863107e+00 4.697783e-01
 -1.124220e+00 1.490516e+00 4.047905e-01
 -1.133971e+00 1.087163e+00 2.994012e-01
 -9.793636e-01 7.221135e-01 1.700810e-01
 -6.188206e-01 3.931012e-01 2.910348e-02
 -4.993921e-01 2.095378e-01 -5.666880e-02
 -4.209048e-01 -2.947584e-01 -3.462156e-01
 -3.624853e-01 -4.366144e-01 -4.836029e-01
 -3.135816e-01 -5.675902e-01 -6.730039e-01
 -2.420915e-01 -8.621120e-01 -1.005141e+00
 -1.444747e-01 -9.928735e-01 -1.314211e+00
 -2.365050e-02 -1.009072e+00 -1.641634e+00
 1.015950e-01 -9.084948e-01 -1.951552e+00
 2.120825e-01 -7.026281e-01 -2.210427e+00
 2.904546e-01 -4.151413e-01 -2.390833e+00
 3.231779e-01 -7.898789e-02 -2.474597e+00
 3.020480e-01 2.674505e-01 -2.454761e+00
 2.252512e-01 5.841192e-01 -2.336549e+00
 -2.028191e-01 1.489973e+00 -1.596700e+00
 -2.844360e-01 1.712311e+00 -1.210580e+00
 -3.057021e-01 1.767604e+00 -7.994098e-01
 -2.816190e-01 1.663382e+00 -3.996590e-01
 -1.754256e-01 1.348822e+00 2.514064e-02
 -1.107949e-01 1.270438e+00 3.440349e-01
 -7.466791e-02 1.342304e+00 9.251395e-01
 2.884702e-02 1.300953e+00 1.252826e+00
 1.907875e-01 1.150012e+00 1.555307e+00
 3.788589e-01 9.180592e-01 1.754302e+00
 5.845067e-01 6.339627e-01 1.830957e+00
 7.973589e-01 3.377374e-01 1.774062e+00
 1.009630e+00 8.800766e-02 1.587336e+00
 1.176157e+00 -7.336660e-02 1.305908e+00
 1.266440e+00 -2.473853e-01 7.822581e-01
 1.358580e+00 -4.706438e-01 5.543925e-01
 1.372726e+00 -6.215921e-01 4.517355e-01
 1.322365e+00 -8.185154e-01 3.275812e-01
 1.211551e+00 -1.004136e+00 2.156822e-01
 1.015887e+00 -1.186448e+00 8.890032e-02
 7.801402e-01 -1.313727e+00 3.231491e-03
 5.170525e-01 -1.380932e+00 -4.559317e-02
 -4.227841e-01 -1.388094e+00 -9.610947e-02
 -5.850300e-01 -1.349773e+00 -1.061201e-01
 -8.262664e-01 -1.274765e+00 -7.580914e-02
 -1.053745e+00 -1.264055e+00 4.554135e-03
 -1.281950e+00 -1.293916e+00 1.600081e-01
 -1.445414e+00 -1.300791e+00 3.740935e-01
 -1.546536e+00 -1.264366e+00 6.179152e-01
 -1.585631e+00 -1.179980e+00 8.759765e-01
 -1.555417e+00 -1.039385e+00 1.135300e+00
 -1.462868e+00 -8.421022e-01 1.357558e+00
 -1.290635e+00 -5.919116e-01 1.530571e+00
 -1.090564e+00 -3.739863e-01 1.604143e+00
 -8.583089e-01 -1.783587e-01 1.594969e+00
 -6.153827e-01 -2.189649e-02 1.504498e+00
 1.778749e-01 3.355219e-01 9.445575e-01
 3.397743e-01 4.075531e-01 8.661848e-01
 5.249330e-01 5.281783e-01 8.056521e-01
 6.655916e-01 6.506750e-01 8.003402e-01
 9.857330e-01 8.931294e-01 9.064291e-01
 1.285257e+00 1.135159e+00 8.599913e-01
 1.574273e+00 1.353058e+00 6.624321e-01
