 4.031625e-01 1.525947e+00 -8.409940e-01
 2.816850e-01 1.216674e+00 -9.504765e-01
 1.247372e-01 8.509368e-01 -9.319659e-01
 -2.910211e-02 5.727846e-01 -7.828246e-01
 -1.976449e-01 4.267013e-01 -5.907975e-01
 -6.920859e-01 8.260310e-02 -3.472670e-01
 -8.955373e-01 -1.027358e-01 -9.928029e-02
 -1.103446e+00 -1.809747e-01 1.029049e-01
 -1.426993e+00 -2.288569e-01 2.418686e-01
 -1.810459e+00 -2.682930e-01 2.527968e-01
 -2.162844e+00 -3.011150e-01 1.250027e-01
 -2.441594e+00 -3.225230e-01 -1.177858e-01
 -2.613752e+00 -3.292813e-01 -4.378659e-01
 -2.663564e+00 -3.203196e-01 -7.927188e-01
 -2.589626e+00 -2.963729e-01 -1.138608e+00
 -2.403956e+00 -2.597496e-01 -1.435326e+00
 -1.361607e+00 -9.183532e-02 -2.248227e+00
 -1.058687e+00 -6.381291e-02 -2.356572e+00
 -7.328429e-01 -4.788798e-02 -2.364080e+00
 -4.179587e-01 -4.931899e-02 -2.267971e+00
 -1.493500e-01 -7.991228e-02 -2.079711e+00
 4.340558e-02 -1.344010e-01 -1.819357e+00
 1.399991e-01 -2.138185e-01 -1.518026e+00
 1.338363e-01 -2.992716e-01 -1.251018e+00
 7.988153e-02 -4.090907e-01 -1.067683e+00
 1.646660e-02 -5.198564e-01 -9.243339e-01
 -3.021590e-01 -8.715948e-01 -5.748853e-01
 -3.984317e-01 -1.013241e+00 -2.697411e-01
 -6.635333e-01 -1.000662e+00 6.365103e-01
 -7.143545e-01 -1.077530e+00 9.259670e-01
 -6.671407e-01 -1.163347e+00 1.229673e+00
 -5.237930e-01 -1.228084e+00 1.509009e+00
 -3.034919e-01 -1.255096e+00 1.736971e+00
 -3.227113e-02 -1.234790e+00 1.894018e+00
 2.626963e-01 -1.168358e+00 1.968195e+00
 5.544928e-01 -1.064723e+00 1.953432e+00
 8.161412e-01 -9.302885e-01 1.853749e+00
 1.019491e+00 -7.702746e-01 1.684392e+00
 1.145131e+00 -6.015224e-01 1.464440e+00
 1.185774e+00 -4.140511e-01 1.202347e+00
 1.105141e+00 -1.232865e-01 8.370322e-01
 1.098233e+00 -7.273608e-03 6.100860e-01
 1.155655e+00 7.769190e-02 3.993989e-01
 1.217764e+00 9.345155e-02 1.387858e-01
 1.253797e+00 1.427510e-02 -2.403642e-01
 1.226079e+00 -1.922690e-01 -5.723874e-01
 9.606413e-01 -9.105181e-01 -1.157320e+00
 7.404915e-01 -1.126541e+00 -1.360107e+00
 4.312479e-01 -1.245548e+00 -1.531089e+00
 7.421628e-02 -1.248240e+00 -1.646521e+00
 -2.850727e-01 -1.132040e+00 -1.688370e+00
 -6.012470e-01 -9.104783e-01 -1.643491e+00
 -7.935475e-01 -6.567160e-01 -1.536372e+00
 -8.673870e-01 -3.889866e-01 -1.409210e+00
 -8.611964e-01 -1.687153e-01 -1.362614e+00
 -9.329519e-01 4.065920e-01 -1.351384e+00
 -9.802373e-01 7.944417e-01 -1.170197e+00
 -8.914231e-01 1.153468e+00 -8.353234e-01
 -6.680576e-01 1.337202e+00 -4.687297e-01
 -3.330073e-01 1.338535e+00 -1.272040e-01
 2.943459e-02 1.180801e+00 6.001067e-02
 3.596354e-01 1.003165e+00 5.614588e-02
 6.695284e-01 9.510448e-01 -4.030743e-02
 9.883720e-01 1.036900e+00 -1.131538e-01
 1.263859e+00 1.191838e+00 -1.007922e-01
 1.512913e+00 1.393943e+00 2.183666e-02
 1.701428e+00 1.614077e+00 2.670056e-01
 1.792944e+00 1.768630e+00 5.776500e-01
 1.797013e+00 1.833709e+00 9.222529e-01
 1.722216e+00 1.806620e+00 1.258665e+00
 1.591394e+00 1.680271e+00 1.556670e+00
 1.408823e+00 1.477095e+00 1.776584e+00
 1.195235e+00 1.219473e+00 1.893671e+00
 9.753380e-01 9.380043e-01 1.893206e+00
 2.943240e-01 1.733912e-04 1.485633e+00
 2.123967e-01 -1.760412e-01 1.390467e+00
 1.673763e-01 -3.989566e-01 1.262902e+00
 1.819101e-01 -6.025945e-01 1.132531e+00
 2.431933e-01 -7.573470e-01 1.029152e+00
 3.052205e-01 -9.762960e-01 9.730069e-01
 2.878974e-01 -1.299444e+00 8.651980e-01
 1.469710e-01 -1.629180e+00 7.035709e-01
 -5.915064e-02 -1.852498e+00 5.446073e-01
 -3.198852e-01 -1.986126e+00 3.688129e-01
 -6.036771e-01 -2.017404e+00 1.856014e-01
 -8.785316e-01 -1.945332e+00 4.216634e-03
 -1.114681e+00 -1.778752e+00 -1.667537e-01
 -1.285544e+00 -1.536586e+00 -3.189013e-01
 -1.626265e+00 -4.406391e-01 -7.564197e-01
 -1.678377e+00 -1.718221e-02 -7.473957e-01
 -1.685172e+00 3.419172e-01 -5.835917e-01
 -1.579156e+00 6.435131e-01 -3.021594e-01
 -1.373278e+00 8.090298e-01 2.883225e-02
 -1.088668e+00 8.215807e-01 3.274890e-01
 -7.654559e-01 6.953034e-01 5.345011e-01
 -3.934927e-01 4.451787e-01 6.099346e-01
 2.648839e-02 1.220163e-01 4.174359e-01
 2.854012e-01 -3.515641e-01 9.731336e-02
 5.836027e-01 -7.401673e-01 3.618676e-02
 1.085099e+00 -9.584932e-01 1.720518e-01
 1.693433e+00 -8.285360e-01 3.087422e-01
 2.091662e+00 -3.804383e-01 5.591468e-01
 2.110765e+00 2.114520e-01 8.343013e-01
 1.749791e+00 7.345431e-01 9.827531e-01
 1.146633e+00 1.018797e+00 8.959805e-01
 9.363817e-01 1.274925e+00 8.837327e-01
 8.186278e-01 1.548087e+00 7.822256e-01
 7.484835e-01 1.767049e+00 6.015752e-01
 6.918392e-01 1.937208e+00 3.042401e-01
 6.475477e-01 1.997082e+00 -4.744543e-03
 5.825909e-01 1.948350e+00 -3.237562e-01
 5.057537e-01 1.794102e+00 -6.062401e-01
