 -2.393557e+00 9.125450e-03 -1.368068e+00
 -2.493791e+00 -2.093376e-01 -1.119304e+00
 -2.475813e+00 -4.357792e-01 -8.531416e-01
 -2.339799e+00 -6.401399e-01 -6.017240e-01
 -2.101501e+00 -8.000851e-01 -3.980973e-01
 -1.789289e+00 -8.942466e-01 -2.650744e-01
 -1.440708e+00 -9.091765e-01 -2.169959e-01
 -8.177899e-01 -7.957731e-01 -3.002628e-01
 -5.436169e-01 -7.748651e-01 -2.960175e-01
 -3.375654e-01 -8.303400e-01 -2.974046e-01
 -7.652968e-02 -1.009300e+00 -3.029208e-01
 2.256877e-01 -1.342235e+00 -2.737176e-01
 5.539914e-01 -1.518551e+00 -1.778320e-01
 9.084568e-01 -1.558554e+00 -3.113684e-02
 1.234938e+00 -1.457244e+00 1.455712e-01
 1.471944e+00 -1.247424e+00 3.487300e-01
 1.589714e+00 -9.603905e-01 5.714926e-01
 1.566625e+00 -6.347142e-01 7.794282e-01
 1.404221e+00 -3.407780e-01 9.566120e-01
 9.998281e-01 4.151048e-02 1.095460e+00
 8.350436e-01 2.513398e-01 1.108468e+00
 7.240488e-01 6.087269e-01 1.117941e+00
 7.078304e-01 9.755084e-01 9.899664e-01
 7.160032e-01 1.281732e+00 6.998749e-01
 6.981992e-01 1.433121e+00 3.603348e-01
 6.140879e-01 1.451133e+00 -1.277894e-02
 4.852177e-01 1.309011e+00 -3.884367e-01
 3.755931e-01 1.108930e+00 -6.082038e-01
 3.358526e-01 8.101418e-01 -7.974768e-01
 3.094740e-01 6.510505e-01 -9.871289e-01
 3.258468e-01 3.063259e-01 -1.689085e+00
 1.976533e-01 1.033623e-01 -1.994107e+00
 -4.611200e-02 -1.139799e-01 -2.209125e+00
 -3.734337e-01 -3.079741e-01 -2.303562e+00
 -7.357846e-01 -4.580064e-01 -2.258589e+00
 -1.094568e+00 -5.403897e-01 -2.069019e+00
 -1.325791e+00 -5.650971e-01 -1.798251e+00
 -1.462023e+00 -5.211529e-01 -1.420828e+00
 -1.486428e+00 -3.811545e-01 -1.111745e+00
 -1.485887e+00 -2.041847e-01 -9.464368e-01
 -1.531245e+00 -5.507610e-02 -8.256419e-01
 -1.672985e+00 2.780844e-01 -6.455182e-01
 -1.686783e+00 5.681782e-01 -4.611374e-01
 -1.596673e+00 8.353384e-01 -2.259946e-01
 -1.425056e+00 1.010940e+00 -1.621157e-02
 -1.179374e+00 1.108224e+00 1.661076e-01
 -8.760508e-01 1.126444e+00 2.957798e-01
 -5.496713e-01 1.062296e+00 3.523493e-01
 -2.223998e-01 8.957021e-01 3.477107e-01
 1.876384e-01 5.258097e-01 2.248455e-01
 5.165519e-01 4.243265e-01 1.311887e-01
 8.475906e-01 4.584900e-01 1.045105e-01
 1.165553e+00 3.912755e-01 1.644966e-01
 1.435702e+00 2.869676e-01 1.515363e-01
 1.758671e+00 2.624527e-01 3.316595e-02
 2.061318e+00 3.273780e-01 -1.810998e-01
 2.262391e+00 4.577160e-01 -4.556702e-01
 2.344036e+00 6.219135e-01 -7.651540e-01
 2.302129e+00 8.007527e-01 -1.067761e+00
 2.147816e+00 9.736310e-01 -1.327164e+00
 1.902835e+00 1.124937e+00 -1.515617e+00
 1.596746e+00 1.241516e+00 -1.613000e+00
 7.422758e-01 1.427672e+00 -1.602137e+00
 2.369889e-01 1.494292e+00 -1.560211e+00
 -1.070282e-01 1.453876e+00 -1.459798e+00
 -3.864404e-01 1.342781e+00 -1.283762e+00
 -5.832916e-01 1.165401e+00 -1.050042e+00
 -6.665575e-01 9.535762e-01 -7.995250e-01
 -6.541845e-01 7.411628e-01 -6.285022e-01
 -6.766639e-01 4.280525e-01 -4.413920e-01
 -7.310272e-01 2.540870e-01 -2.618509e-01
 -8.582234e-01 1.634039e-01 -1.755646e-02
 -1.210479e+00 5.438953e-03 3.980034e-01
 -1.323847e+00 -1.473455e-01 7.645032e-01
 -1.275965e+00 -3.169479e-01 1.134250e+00
 -1.065228e+00 -4.815859e-01 1.459275e+00
 -7.697432e-01 -5.934515e-01 1.651711e+00
 -4.301091e-01 -6.438966e-01 1.719830e+00
 -1.056057e-01 -5.949383e-01 1.714021e+00
 1.148981e-01 -4.497593e-01 1.720125e+00
 3.029736e-01 -3.319373e-01 1.793138e+00
 6.064818e-01 -1.189992e-01 2.027343e+00
 8.372205e-01 5.791752e-02 2.106525e+00
 1.072655e+00 2.439419e-01 2.096764e+00
 1.291538e+00 4.222561e-01 2.000258e+00
 1.497600e+00 6.013101e-01 1.803927e+00
 1.627582e+00 7.423401e-01 1.568810e+00
 1.716761e+00 9.315642e-01 1.150015e+00
 1.699867e+00 1.249867e+00 3.492897e-01
 1.641206e+00 1.285294e+00 3.589595e-02
 1.553602e+00 1.223381e+00 -2.707857e-01
 1.447780e+00 1.067813e+00 -5.369759e-01
 1.352482e+00 8.708350e-01 -7.007513e-01
 1.315080e+00 5.868274e-01 -8.335700e-01
 1.236372e+00 2.582842e-01 -8.526071e-01
 1.104414e+00 -7.026696e-02 -7.527219e-01
 9.822913e-01 -3.569295e-01 -5.166110e-01
 8.819278e-01 -5.215815e-01 -2.102167e-01
 7.208356e-01 -5.687522e-01 1.994172e-01
 5.958233e-01 -6.998001e-01 4.355018e-01
 5.762187e-01 -8.639521e-01 6.529931e-01
 6.675485e-01 -1.253938e+00 1.446039e+00
 6.475683e-01 -1.311026e+00 1.774547e+00
 5.668949e-01 -1.276659e+00 2.100757e+00
 4.312561e-01 -1.152398e+00 2.388497e+00
 2.532708e-01 -9.489424e-01 2.603714e+00
 4.887215e-02 -6.942020e-01 2.716579e+00
 -1.402981e-01 -4.071967e-01 2.715296e+00
 -2.906246e-01 -1.086731e-01 2.596894e+00
 -3.986286e-01 1.548012e-01 2.361843e+00
 -4.566917e-01 3.276545e-01 2.041731e+00
 -4.645012e-01 3.855359e-01 1.678372e+00
 -4.203450e-01 3.188383e-01 1.328074e+00
 -3.604002e-01 1.258453e-01 1.021939e+00
 -2.788477e-01 -1.801109e-01 7.999648e-01
 -3.695497e-01 -5.306019e-01 7.081607e-01
 -4.924216e-01 -9.865162e-01 7.002667e-01
 -5.748417e-01 -1.302766e+00 5.764000e-01
 -6.477787e-01 -1.593269e+00 3.198756e-01
 -7.045538e-01 -1.768694e+00 -1.958386e-02
 -7.209537e-01 -1.806273e+00 -3.499968e-01
 -6.901243e-01 -1.723039e+00 -6.971471e-01
 -6.359632e-01 -1.524172e+00 -9.944624e-01
 -5.545466e-01 -1.206818e+00 -1.223036e+00
 -4.689794e-01 -8.833449e-01 -1.305589e+00
 -4.373174e-01 -4.382221e-01 -1.272905e+00
 -5.460247e-01 -6.301856e-02 -1.310640e+00
 -6.853116e-01 1.675543e-01 -1.451306e+00
 -9.341291e-01 3.597191e-01 -1.583662e+00
 -1.236637e+00 4.563959e-01 -1.673114e+00
 -1.570602e+00 4.556583e-01 -1.713888e+00
 -1.903752e+00 3.713570e-01 -1.675250e+00
 -2.191077e+00 2.078485e-01 -1.560078e+00
