 1.076999e+00 5.218973e-01 -2.289808e+00
 1.399042e+00 7.577151e-01 -2.068949e+00
 1.610197e+00 9.133093e-01 -1.697930e+00
 1.673172e+00 9.545596e-01 -1.248380e+00
 1.588136e+00 8.606355e-01 -8.162957e-01
 1.406587e+00 6.216154e-01 -4.829894e-01
 1.283292e+00 3.624281e-01 -3.553501e-01
 1.225953e+00 -3.799011e-02 -1.815326e-01
 1.038820e+00 -3.829699e-01 7.562277e-02
 6.463107e-01 -7.104943e-01 1.936028e-01
 2.794372e-01 -8.897373e-01 1.094636e-01
 3.291119e-02 -1.047360e+00 -5.973744e-02
 -2.453871e-01 -1.650431e+00 -3.380634e-01
 -5.645393e-01 -1.904636e+00 -4.980902e-01
 -9.734851e-01 -1.993247e+00 -6.394021e-01
 -1.396143e+00 -1.896501e+00 -7.348303e-01
 -1.752713e+00 -1.629840e+00 -7.655939e-01
 -1.973846e+00 -1.241904e+00 -7.248472e-01
 -2.016187e+00 -8.064951e-01 -6.159528e-01
 -1.875693e+00 -4.188954e-01 -4.517205e-01
 -1.576836e+00 -1.385985e-01 -2.954081e-01
 -1.181512e+00 -1.097670e-02 -1.847835e-01
 -6.478753e-01 -8.425793e-02 -3.071874e-02
 -2.902515e-01 -7.033181e-02 3.046857e-01
 -1.524277e-01 -7.844389e-02 5.204901e-01
 -5.190163e-02 -1.363940e-01 7.040940e-01
 1.582138e-01 -3.803597e-01 1.099746e+00
 2.152139e-01 -4.760561e-01 1.494515e+00
 2.163866e-01 -4.064253e-01 1.922731e+00
 1.622680e-01 -1.772927e-01 2.283950e+00
 5.327255e-02 1.635848e-01 2.510831e+00
 -8.961405e-02 5.581479e-01 2.572991e+00
 -2.273678e-01 9.487087e-01 2.456970e+00
 -3.191467e-01 1.266610e+00 2.183826e+00
 -3.414482e-01 1.457961e+00 1.801779e+00
 -2.920219e-01 1.489122e+00 1.371456e+00
 -1.797037e-01 1.350091e+00 9.834811e-01
 2.478266e-02 1.091867e+00 7.004630e-01
 2.165615e-01 8.677564e-01 6.161341e-01
 5.707448e-01 6.550377e-01 6.134590e-01
 1.462496e+00 5.417807e-01 6.552729e-01
 1.833037e+00 4.493650e-01 5.219829e-01
 2.114780e+00 3.143948e-01 2.609211e-01
 2.261113e+00 1.605790e-01 -8.860978e-02
 2.246958e+00 1.493104e-02 -4.726266e-01
 2.072756e+00 -9.295256e-02 -8.324864e-01
 1.773139e+00 -1.247452e-01 -1.113613e+00
 1.407329e+00 -5.640652e-02 -1.280476e+00
 1.048136e+00 1.225956e-01 -1.324188e+00
 8.463439e-01 3.407542e-01 -1.302163e+00
 7.293501e-01 5.391049e-01 -1.316022e+00
 5.290472e-01 8.040759e-01 -1.438457e+00
 2.566648e-01 9.796112e-01 -1.664505e+00
 -7.270250e-02 1.003983e+00 -1.902797e+00
 -4.071998e-01 8.919919e-01 -2.066692e+00
 -7.278787e-01 6.795543e-01 -2.121291e+00
 -9.863957e-01 4.016893e-01 -2.060370e+00
 -1.148996e+00 9.893638e-02 -1.895156e+00
 -1.195615e+00 -1.865820e-01 -1.649845e+00
 -9.925493e-01 -8.415331e-01 -7.819398e-01
 -1.000280e+00 -9.689419e-01 -5.122936e-01
 -1.064840e+00 -1.029346e+00 -2.874489e-01
 -1.163247e+00 -1.079880e+00 -1.089291e-01
 -1.638947e+00 -1.165494e+00 4.814012e-01
 -1.776689e+00 -1.133363e+00 8.290131e-01
 -1.801024e+00 -1.028926e+00 1.191351e+00
 -1.710818e+00 -8.571894e-01 1.519104e+00
 -1.520422e+00 -6.324616e-01 1.765521e+00
 -1.259060e+00 -3.772423e-01 1.893111e+00
 -9.477686e-01 -1.018797e-01 1.879403e+00
 -3.969429e-01 3.660934e-01 1.604884e+00
 -1.236833e-01 4.914438e-01 1.543164e+00
 9.729248e-02 5.480779e-01 1.563972e+00
 3.511959e-01 7.133822e-01 1.627617e+00
 5.888774e-01 9.981571e-01 1.587445e+00
 7.735746e-01 1.305191e+00 1.393284e+00
 8.765851e-01 1.548679e+00 1.055288e+00
 9.077824e-01 1.645403e+00 6.355514e-01
 8.539317e-01 1.582551e+00 2.138273e-01
 7.145201e-01 1.376529e+00 -1.378261e-01
 5.157096e-01 1.069633e+00 -3.525834e-01
 3.306091e-01 6.939282e-01 -4.033243e-01
 2.753318e-01 4.096021e-01 -4.194277e-01
 2.826348e-01 -8.283027e-02 -5.673233e-01
 3.751582e-01 -3.788845e-01 -7.605512e-01
 5.453845e-01 -6.171265e-01 -8.499670e-01
 7.308725e-01 -9.719115e-01 -8.177885e-01
 8.438675e-01 -1.314600e+00 -6.438583e-01
 8.817445e-01 -1.581179e+00 -3.550906e-01
 8.140286e-01 -1.753016e+00 -6.084107e-03
 6.274423e-01 -1.823320e+00 3.338014e-01
 3.521286e-01 -1.779383e+00 6.136709e-01
 3.433874e-02 -1.619939e+00 7.996541e-01
 -4.224243e-01 -1.227452e+00 9.037879e-01
 -7.637419e-01 -8.461242e-01 9.511779e-01
 -1.100710e+00 -3.003787e-01 8.869293e-01
 -1.157685e+00 -6.798310e-02 8.755449e-01
 -1.129243e+00 2.485385e-01 8.371727e-01
 -1.056631e+00 5.402583e-01 7.057967e-01
 -9.667350e-01 7.724157e-01 4.860007e-01
 -8.701792e-01 9.169267e-01 2.014245e-01
 -7.778413e-01 9.570717e-01 -1.182038e-01
 -7.006889e-01 8.870890e-01 -4.376069e-01
 -6.008326e-01 6.165667e-01 -8.732080e-01
 -4.621823e-01 3.752217e-01 -1.144677e+00
 -1.948975e-01 6.399288e-02 -1.464815e+00
 2.673704e-02 -2.905910e-02 -1.821782e+00
 3.309616e-01 6.061517e-02 -2.145594e+00
 6.967872e-01 2.680084e-01 -2.317363e+00
