 1.459192e+00 9.912301e-01 -4.229478e-01
 9.114212e-01 1.314065e+00 5.657494e-02
 4.838512e-01 1.487877e+00 4.423114e-01
 3.623553e-01 1.511244e+00 6.473691e-01
 2.909234e-01 1.570467e+00 8.462653e-01
 1.462396e-01 1.702450e+00 1.035263e+00
 -1.355112e-01 1.843733e+00 1.200419e+00
 -4.866885e-01 1.932739e+00 1.265631e+00
 -1.312254e+00 1.952864e+00 1.169729e+00
 -1.872617e+00 1.919816e+00 1.064338e+00
 -2.164826e+00 1.809766e+00 9.713611e-01
 -2.407081e+00 1.611004e+00 8.450303e-01
 -2.564916e+00 1.339066e+00 6.930233e-01
 -2.609931e+00 1.022041e+00 5.391800e-01
 -2.530720e+00 7.019608e-01 3.986204e-01
 -2.338846e+00 4.221776e-01 3.069883e-01
 -2.088251e+00 2.234865e-01 2.918943e-01
 -1.890976e+00 1.201158e-01 3.564339e-01
 -1.680945e+00 -2.988695e-02 5.001790e-01
 -1.366728e+00 -6.378078e-01 9.250910e-01
 -1.141494e+00 -8.585326e-01 1.082715e+00
 -8.754641e-01 -1.012157e+00 1.168890e+00
 -5.582879e-01 -1.113580e+00 1.182254e+00
 -2.254170e-01 -1.140041e+00 1.118421e+00
 4.217820e-01 -1.017748e+00 8.397071e-01
 8.343736e-01 -9.208507e-01 6.450947e-01
 1.399263e+00 -8.015638e-01 3.793086e-01
 1.628429e+00 -7.970705e-01 2.968673e-01
 1.890953e+00 -8.804636e-01 1.515834e-01
 2.109275e+00 -1.017100e+00 -1.072952e-01
 2.210172e+00 -1.171780e+00 -4.374545e-01
 2.171977e+00 -1.281986e+00 -8.134323e-01
 1.991233e+00 -1.348126e+00 -1.154808e+00
 1.694206e+00 -1.362115e+00 -1.412853e+00
 1.327429e+00 -1.317082e+00 -1.551789e+00
 9.475412e-01 -1.227328e+00 -1.551906e+00
 4.544008e-01 -1.038990e+00 -1.359265e+00
 1.500777e-01 -9.888972e-01 -1.382855e+00
 -2.324264e-01 -1.066873e+00 -1.325206e+00
 -5.769066e-01 -1.101948e+00 -1.050952e+00
 -7.990268e-01 -1.039431e+00 -5.740698e-01
 -7.586381e-01 -8.980653e-01 -6.358797e-02
 -4.496401e-01 -3.620278e-01 5.079735e-01
 -5.483515e-01 -1.784509e-02 8.094051e-01
 -6.673308e-01 4.691182e-01 9.095531e-01
 -5.932225e-01 9.474118e-01 7.992006e-01
 -6.093815e-01 1.411345e+00 3.722159e-01
 -5.418291e-01 1.780061e+00 2.461904e-01
 -3.011485e-01 2.174112e+00 2.272370e-01
 7.875710e-02 2.448270e+00 3.272906e-01
 5.183713e-01 2.523037e+00 5.101297e-01
 9.181297e-01 2.381201e+00 7.286300e-01
 1.195285e+00 2.058162e+00 9.268956e-01
 1.297545e+00 1.630713e+00 1.064395e+00
 1.216612e+00 1.193224e+00 1.117288e+00
 9.938559e-01 8.460090e-01 1.089879e+00
 7.312334e-01 6.176700e-01 9.593316e-01
 4.634329e-01 4.896784e-01 6.906386e-01
 4.111343e-02 4.993414e-01 1.159339e-01
 -2.696868e-01 4.885033e-01 -6.962884e-02
 -6.041741e-01 4.358162e-01 -1.264219e-01
 -8.086679e-01 3.090466e-01 -1.620499e-01
 -1.374634e+00 -1.663848e-01 -4.801352e-01
 -1.650400e+00 -4.434357e-01 -4.597451e-01
 -1.928994e+00 -6.765179e-01 -2.850388e-01
 -2.204495e+00 -7.918306e-01 1.001566e-02
 -2.421531e+00 -7.578938e-01 3.770055e-01
 -2.533824e+00 -5.712747e-01 7.732235e-01
 -2.498700e+00 -2.622502e-01 1.102123e+00
 -2.323791e+00 1.339425e-01 1.300125e+00
 -2.050580e+00 5.214292e-01 1.299107e+00
 -1.767267e+00 8.271790e-01 1.093829e+00
 -1.599240e+00 9.820889e-01 7.931423e-01
 -1.594233e+00 1.087541e+00 4.951407e-01
 -1.564877e+00 1.105625e+00 2.142934e-01
 -1.302923e+00 1.122672e+00 -5.242841e-01
 -1.097661e+00 1.018442e+00 -8.344738e-01
 -8.590297e-01 8.119346e-01 -1.049931e+00
 -6.237217e-01 5.311246e-01 -1.145885e+00
 -4.108893e-01 2.204977e-01 -1.106772e+00
 -2.138438e-01 -1.001832e-01 -9.130570e-01
 -1.770893e-02 -3.596851e-01 -5.921005e-01
 1.535639e-01 -5.901135e-01 -4.532693e-01
 2.284269e-01 -8.879519e-01 -3.719470e-01
 2.016417e-01 -1.245555e+00 -3.790154e-01
 1.909547e-01 -1.615250e+00 -5.558244e-01
 1.859125e-01 -1.874753e+00 -8.358014e-01
 1.751899e-01 -2.011535e+00 -1.198887e+00
 1.608902e-01 -1.998134e+00 -1.600382e+00
 1.564854e-01 -1.825359e+00 -1.976258e+00
 1.971033e-01 -1.519340e+00 -2.257429e+00
 2.845827e-01 -1.123101e+00 -2.391275e+00
 4.034966e-01 -7.013682e-01 -2.341355e+00
 5.342684e-01 -3.397129e-01 -2.108519e+00
 6.403396e-01 -1.074108e-01 -1.740242e+00
 7.875242e-01 1.824433e-01 -9.298595e-01
 7.986900e-01 2.168188e-01 -6.764498e-01
 8.532678e-01 1.697408e-01 -3.750836e-01
 1.025873e+00 1.163397e-01 -1.077841e-01
 1.461590e+00 2.165730e-01 3.909272e-01
 1.638894e+00 1.368472e-01 7.164071e-01
 1.752374e+00 -7.939838e-02 1.020668e+00
 1.832119e+00 -4.200113e-01 1.230850e+00
 1.859725e+00 -8.283826e-01 1.299031e+00
 1.826987e+00 -1.241234e+00 1.205763e+00
 1.734380e+00 -1.586144e+00 9.556145e-01
 1.593442e+00 -1.792183e+00 5.833218e-01
 1.422366e+00 -1.806594e+00 1.569184e-01
 1.257385e+00 -1.618481e+00 -2.256606e-01
 1.193881e+00 -1.273939e+00 -5.128970e-01
 1.200178e+00 -9.754821e-01 -5.986750e-01
 1.348245e+00 -6.745066e-01 -7.105293e-01
 1.624341e+00 -3.767294e-01 -7.822549e-01
 1.770269e+00 -7.743446e-02 -7.789993e-01
 1.814516e+00 2.423853e-01 -7.436074e-01
 1.764776e+00 5.461145e-01 -6.667774e-01
 1.636618e+00 8.002942e-01 -5.635102e-01
