 -8.896882e-01 5.907600e-01 8.880067e-02
 -9.578382e-01 1.173500e-01 -8.466133e-02
 -6.429382e-01 -3.761000e-01 -2.886523e-01
 -1.895382e-01 -6.051400e-01 -5.044473e-01
 1.630218e-01 -6.209000e-01 -8.077523e-01
 5.307918e-01 -4.582000e-01 -1.041397e+00
 8.493918e-01 -1.609300e-01 -1.148430e+00
 1.325532e+00 5.259800e-01 -1.036512e+00
 1.486592e+00 9.109200e-01 -9.640213e-01
 1.529122e+00 1.242070e+00 -9.066243e-01
 1.479172e+00 1.591430e+00 -8.333263e-01
 1.341162e+00 1.871380e+00 -7.475773e-01
 1.123212e+00 2.090230e+00 -6.445393e-01
 8.561818e-01 2.220150e+00 -5.336283e-01
 2.419718e-01 2.301820e+00 -3.687383e-01
 -1.303382e-01 2.530630e+00 -3.593913e-01
 -5.337182e-01 2.688800e+00 -6.150253e-01
 -9.214482e-01 2.581780e+00 -9.562423e-01
 -1.192588e+00 2.234390e+00 -1.231703e+00
 -1.301688e+00 1.715020e+00 -1.363536e+00
 -1.195338e+00 1.197300e+00 -1.325582e+00
 -8.912982e-01 7.976600e-01 -1.147687e+00
 -2.976882e-01 5.485400e-01 -7.538453e-01
 -3.949819e-02 4.293300e-01 -5.550203e-01
 2.334318e-01 3.119700e-01 -3.587343e-01
 5.981718e-01 1.307300e-01 -1.992333e-01
 1.137712e+00 -7.404000e-02 7.804667e-02
 1.413152e+00 -3.997400e-01 3.294457e-01
 1.490612e+00 -8.177600e-01 5.392777e-01
 1.351552e+00 -1.238240e+00 7.052987e-01
 1.053102e+00 -1.542270e+00 7.826217e-01
 6.380518e-01 -1.764640e+00 6.891717e-01
 4.022018e-01 -1.847370e+00 4.931437e-01
 2.437018e-01 -1.982080e+00 2.330317e-01
 1.021718e-01 -2.276290e+00 4.158967e-02
 -1.525382e-01 -2.691130e+00 1.667767e-02
 -4.354782e-01 -3.047390e+00 2.182897e-01
 -7.248082e-01 -3.226350e+00 5.858927e-01
 -9.429782e-01 -3.185090e+00 1.033771e+00
 -1.043298e+00 -2.928570e+00 1.457659e+00
 -1.015358e+00 -2.509670e+00 1.744659e+00
 -8.776182e-01 -2.026320e+00 1.817075e+00
 -6.601182e-01 -1.602240e+00 1.661048e+00
 -4.507782e-01 -1.323870e+00 1.306083e+00
 -3.425082e-01 -1.254440e+00 8.970677e-01
 -4.140782e-01 -1.255870e+00 5.203607e-01
 -7.218382e-01 -1.444650e+00 -2.231073e-01
 -8.125882e-01 -1.419320e+00 -5.459593e-01
 -8.498582e-01 -1.298070e+00 -8.587493e-01
 -8.252382e-01 -1.094950e+00 -1.128871e+00
 -7.053882e-01 -7.604900e-01 -1.388448e+00
 -4.873582e-01 -3.872300e-01 -1.556332e+00
 8.820181e-02 2.937700e-01 -1.663245e+00
 2.948318e-01 6.031800e-01 -1.578638e+00
 4.270018e-01 9.003600e-01 -1.378122e+00
 5.008618e-01 1.141170e+00 -1.059093e+00
 5.331718e-01 1.253400e+00 -6.898743e-01
 6.330818e-01 1.242120e+00 -2.593673e-01
 6.831918e-01 1.104870e+00 1.377017e-01
 6.428718e-01 9.358700e-01 4.116417e-01
 5.020618e-01 7.404400e-01 6.075137e-01
 3.124118e-01 5.081100e-01 6.948037e-01
 -1.722782e-01 9.234000e-02 6.441287e-01
 -5.129082e-01 -1.723700e-01 7.868857e-01
 -1.084198e+00 -5.252100e-01 8.670807e-01
 -1.335938e+00 -9.249200e-01 8.803697e-01
 -1.385908e+00 -1.394670e+00 8.592347e-01
 -1.222608e+00 -1.834830e+00 8.098217e-01
 -9.197782e-01 -2.115880e+00 7.833567e-01
 -6.282182e-01 -2.224510e+00 8.177537e-01
 -4.320082e-01 -2.283390e+00 9.218277e-01
 -2.074382e-01 -2.447950e+00 1.043924e+00
 1.039018e-01 -2.668910e+00 1.029606e+00
 4.899518e-01 -2.805340e+00 8.529917e-01
 8.382118e-01 -2.782440e+00 5.542647e-01
 1.099102e+00 -2.573580e+00 2.347367e-01
 1.214952e+00 -2.222690e+00 -4.023833e-02
 1.156272e+00 -1.811040e+00 -2.249603e-01
 9.675118e-01 -1.416470e+00 -2.545703e-01
 7.118518e-01 -1.069500e+00 -9.824833e-02
 4.640518e-01 -8.405200e-01 2.333847e-01
 4.675118e-01 -5.851700e-01 1.057882e+00
 3.507218e-01 -4.064800e-01 1.373531e+00
 1.680718e-01 -1.444700e-01 1.590509e+00
 -5.312819e-02 1.444000e-01 1.673019e+00
 -2.889482e-01 4.199300e-01 1.620472e+00
 -1.132118e+00 1.298070e+00 9.482067e-01
 -1.270988e+00 1.546790e+00 5.698527e-01
 -1.219738e+00 1.706100e+00 1.280937e-01
 -1.000898e+00 1.733970e+00 -2.791753e-01
 -5.163182e-01 1.634840e+00 -6.621503e-01
 -3.578982e-01 1.687590e+00 -9.312453e-01
 -1.896382e-01 1.885920e+00 -1.212325e+00
 2.531181e-02 2.239890e+00 -1.374581e+00
 2.099618e-01 2.632690e+00 -1.353246e+00
 3.665518e-01 2.985800e+00 -1.154237e+00
 5.003718e-01 3.213880e+00 -8.237393e-01
 5.885718e-01 3.287170e+00 -4.155683e-01
 5.911018e-01 3.207140e+00 1.073667e-03
 5.080818e-01 2.991430e+00 3.520147e-01
 3.603318e-01 2.676190e+00 5.809727e-01
 1.779918e-01 2.311660e+00 6.533817e-01
 -1.230182e-01 1.721930e+00 4.994387e-01
 -3.733182e-01 1.120460e+00 2.709957e-01
 -4.953582e-01 9.799700e-01 2.009287e-01
