 -3.495979e-01 -7.267927e-01 6.747824e-01
 -1.477330e-01 -7.902212e-01 6.655997e-01
 1.794556e-01 -8.040464e-01 6.828875e-01
 4.305299e-01 -7.425376e-01 7.413144e-01
 1.429963e+00 -2.144471e-01 8.571376e-01
 1.719528e+00 4.149871e-02 7.760357e-01
 1.906150e+00 3.308127e-01 5.865916e-01
 1.958905e+00 6.191955e-01 3.230151e-01
 1.861499e+00 8.817693e-01 4.505158e-02
 1.626319e+00 1.088228e+00 -1.964085e-01
 1.123770e+00 1.260186e+00 -4.526674e-01
 9.785236e-01 1.320589e+00 -5.702711e-01
 8.340564e-01 1.418658e+00 -7.464945e-01
 6.717623e-01 1.442373e+00 -1.074460e+00
 4.671564e-01 1.300697e+00 -1.396719e+00
 2.438041e-01 9.971603e-01 -1.628467e+00
 7.765043e-02 6.338780e-01 -1.706899e+00
 -3.340647e-03 2.357101e-01 -1.650234e+00
 1.104518e-02 -1.295382e-01 -1.464890e+00
 1.073207e-01 -4.011817e-01 -1.173615e+00
 4.149985e-01 -6.653208e-01 -4.729225e-01
 5.698293e-01 -8.283680e-01 -2.614053e-01
 7.761253e-01 -1.064545e+00 -1.537523e-01
 9.017675e-01 -1.375133e+00 -1.200535e-01
 9.162883e-01 -1.752502e+00 -1.418580e-01
 8.131630e-01 -2.066675e+00 -2.010743e-01
 5.910494e-01 -2.340329e+00 -2.546183e-01
 2.755179e-01 -2.527370e+00 -2.665990e-01
 -9.450016e-02 -2.599958e+00 -2.288013e-01
 -4.448008e-01 -2.536801e+00 -1.709691e-01
 -7.561229e-01 -2.356556e+00 -5.412116e-02
 -9.682019e-01 -2.088135e+00 1.395696e-01
 -1.026883e+00 -1.811327e+00 3.560760e-01
 -9.464714e-01 -1.579129e+00 6.581139e-01
 -8.573828e-01 -1.506462e+00 1.120693e+00
 -6.150670e-01 -1.352341e+00 1.453860e+00
 -3.245974e-01 -1.032545e+00 1.657719e+00
 -1.071130e-01 -6.200127e-01 1.677077e+00
 -4.384829e-03 -2.124219e-01 1.516744e+00
 3.160719e-02 1.069191e-01 1.167340e+00
 6.393688e-02 2.190333e-01 7.390014e-01
 -2.204526e-02 1.596566e-01 2.591900e-01
 -2.604093e-01 -3.274859e-02 -7.102933e-02
 -4.933670e-01 -7.519373e-02 -3.388371e-01
 -6.870505e-01 -8.403566e-03 -6.973842e-01
 -8.164632e-01 1.708716e-01 -9.839969e-01
 -8.910974e-01 4.407791e-01 -1.201264e+00
 -9.149843e-01 7.649831e-01 -1.322427e+00
 -8.933330e-01 1.103218e+00 -1.337760e+00
 -8.417605e-01 1.417051e+00 -1.249537e+00
 -7.711716e-01 1.687280e+00 -1.065534e+00
 -7.041303e-01 1.875980e+00 -8.236502e-01
 -4.782932e-01 2.280850e+00 2.672271e-01
 -3.178839e-01 2.309722e+00 6.028405e-01
 -9.303816e-02 2.236668e+00 8.801643e-01
 1.663095e-01 2.071497e+00 1.068191e+00
 4.313954e-01 1.834926e+00 1.144214e+00
 6.615236e-01 1.547678e+00 1.102782e+00
 8.134502e-01 1.242049e+00 9.549223e-01
 9.138105e-01 7.550296e-01 5.396938e-01
 9.552853e-01 4.387980e-01 2.242851e-01
 1.019219e+00 2.958675e-01 6.877463e-02
 1.277017e+00 -4.771744e-02 -2.167414e-01
 1.409470e+00 -3.787675e-01 -6.486269e-01
 1.330682e+00 -7.097225e-01 -9.571576e-01
 1.113982e+00 -1.067101e+00 -1.126195e+00
 7.886868e-01 -1.379689e+00 -1.138976e+00
 4.113734e-01 -1.546767e+00 -1.018151e+00
 6.037548e-02 -1.598055e+00 -7.260147e-01
 -1.107186e-01 -1.579390e+00 -3.487184e-01
 -8.132240e-02 -1.588474e+00 3.181248e-02
 1.270378e-02 -1.764844e+00 3.669634e-01
 -1.962070e-02 -2.022786e+00 6.132558e-01
 -2.527935e-01 -2.328250e+00 8.483094e-01
 -5.925750e-01 -2.511805e+00 9.942011e-01
 -9.964680e-01 -2.539625e+00 1.085401e+00
 -1.380935e+00 -2.415482e+00 1.113108e+00
 -1.695891e+00 -2.158337e+00 1.076818e+00
 -1.895711e+00 -1.808526e+00 9.688530e-01
 -1.942479e+00 -1.420786e+00 8.139366e-01
 -1.602797e+00 -3.579042e-01 3.025609e-01
 -1.427969e+00 -5.094974e-02 2.528804e-01
 -1.210842e+00 2.073792e-01 3.079021e-01
 -1.050694e+00 3.480487e-01 4.202626e-01
 -9.490530e-01 4.653800e-01 5.316784e-01
 -8.422380e-01 6.941537e-01 6.531196e-01
 -6.471405e-01 9.454667e-01 6.738496e-01
 -2.298190e-01 1.226472e+00 5.401409e-01
 1.956226e-01 1.507269e+00 1.777517e-01
 6.127645e-01 2.024427e+00 7.660665e-02
 9.443800e-01 2.233199e+00 -1.062969e-01
 1.277122e+00 2.282797e+00 -3.786604e-01
 1.549390e+00 2.165325e+00 -6.943833e-01
 1.711726e+00 1.901977e+00 -9.973714e-01
 1.740379e+00 1.536189e+00 -1.227455e+00
 1.636502e+00 1.127782e+00 -1.334481e+00
 1.406913e+00 7.547869e-01 -1.310327e+00
 1.086896e+00 4.944000e-01 -1.164922e+00
 7.476235e-01 4.063142e-01 -9.568369e-01
 5.384057e-01 4.483505e-01 -8.079111e-01
 2.979737e-01 5.511419e-01 -7.008460e-01
 2.632736e-02 7.752163e-01 -6.173363e-01
 -3.045635e-01 9.271498e-01 -5.042899e-01
 -5.790474e-01 9.618523e-01 -3.796066e-01
 -7.263548e-01 9.690882e-01 -3.452992e-01
 -1.155279e+00 1.123546e+00 -2.370722e-01
 -1.495517e+00 1.178925e+00 1.756834e-02
 -1.752171e+00 1.094501e+00 3.683521e-01
 -1.867236e+00 8.830556e-01 7.403310e-01
 -1.829787e+00 5.728144e-01 1.052353e+00
 -1.648451e+00 2.211427e-01 1.246384e+00
 -1.357899e+00 -9.631716e-02 1.291043e+00
 -1.022792e+00 -3.724564e-01 1.155462e+00
 -6.196390e-01 -5.729690e-01 7.505975e-01
