 9.819124e-01 1.834740e+00 -1.101709e-02
 8.771574e-01 2.025396e+00 1.999048e-01
 7.091627e-01 2.151775e+00 4.175903e-01
 4.926921e-01 2.203548e+00 6.213023e-01
 2.501962e-01 2.174384e+00 7.964559e-01
 6.903859e-03 2.064602e+00 9.316814e-01
 -2.160724e-01 1.881717e+00 1.018548e+00
 -3.944134e-01 1.640129e+00 1.054160e+00
 -5.102216e-01 1.360649e+00 1.037095e+00
 -6.307561e-01 5.835243e-01 8.442665e-01
 -7.574234e-01 3.129769e-01 7.790865e-01
 -9.466246e-01 9.294459e-02 7.476379e-01
 -1.124536e+00 -3.149414e-02 7.753014e-01
 -1.424548e+00 -1.237301e-01 7.845695e-01
 -1.762568e+00 -1.327489e-01 7.145736e-01
 -2.070355e+00 -4.295686e-02 5.759608e-01
 -2.311127e+00 1.207925e-01 3.615779e-01
 -2.442981e+00 3.291393e-01 9.490749e-02
 -2.447699e+00 5.366664e-01 -1.995499e-01
 -2.323422e+00 7.223278e-01 -4.868019e-01
 -2.083527e+00 8.761654e-01 -7.192190e-01
 -1.758831e+00 9.794612e-01 -8.620403e-01
 -1.391399e+00 1.015730e+00 -8.965015e-01
 -1.029760e+00 9.773198e-01 -8.182764e-01
 -7.227846e-01 8.667867e-01 -6.385773e-01
 -2.729874e-01 4.912360e-01 -1.048832e-01
 -4.964402e-02 3.403197e-01 3.656942e-02
 1.568542e-01 2.749431e-01 1.036876e-01
 5.120869e-01 2.692363e-01 1.811290e-01
 7.870806e-01 3.384436e-01 2.151633e-01
 1.315214e+00 4.435117e-01 2.064941e-01
 1.703378e+00 4.422822e-01 1.313028e-01
 2.000177e+00 3.876679e-01 -2.698988e-02
 2.224819e+00 2.896043e-01 -2.615631e-01
 2.352845e+00 1.622581e-01 -5.451507e-01
 2.373047e+00 2.323294e-02 -8.446662e-01
 2.289408e+00 -1.093704e-01 -1.126712e+00
 2.106202e+00 -2.234399e-01 -1.384868e+00
 1.871492e+00 -2.846186e-01 -1.572132e+00
 1.601093e+00 -2.932231e-01 -1.696398e+00
 5.609708e-01 -1.519780e-01 -1.895856e+00
 2.659496e-01 -1.477908e-01 -1.876598e+00
 -6.580002e-02 -1.783732e-01 -1.764197e+00
 -3.153207e-01 -2.191417e-01 -1.582815e+00
 -4.996535e-01 -2.587374e-01 -1.332312e+00
 -6.000834e-01 -2.886808e-01 -1.037371e+00
 -6.091569e-01 -3.412063e-01 -5.710338e-01
 -6.798953e-01 -4.359857e-01 -2.346869e-01
 -8.412716e-01 -6.196750e-01 -3.766523e-03
 -1.093372e+00 -8.873794e-01 2.042490e-01
 -1.215841e+00 -1.056170e+00 4.517506e-01
 -1.244951e+00 -1.196212e+00 7.550946e-01
 -1.161037e+00 -1.318401e+00 1.062956e+00
 -9.608319e-01 -1.425290e+00 1.344760e+00
 -6.828230e-01 -1.506793e+00 1.532961e+00
 -3.687526e-01 -1.523557e+00 1.624916e+00
 -1.144524e-02 -1.463642e+00 1.627337e+00
 3.134580e-01 -1.342659e+00 1.526134e+00
 5.621260e-01 -1.181845e+00 1.335945e+00
 7.125527e-01 -1.001948e+00 1.076866e+00
 7.772621e-01 -7.484162e-01 5.911482e-01
 9.245521e-01 -6.520164e-01 3.620209e-01
 1.126543e+00 -6.156478e-01 6.045163e-02
 1.268212e+00 -4.788395e-01 -2.699811e-01
 1.370573e+00 -1.773487e-01 -6.206805e-01
 1.362014e+00 1.766185e-01 -8.138257e-01
 1.424597e+00 5.391971e-01 -1.087768e+00
 1.329481e+00 8.420056e-01 -1.326740e+00
 1.116704e+00 1.179182e+00 -1.451302e+00
 8.335908e-01 1.486730e+00 -1.422529e+00
 5.285461e-01 1.713326e+00 -1.243373e+00
 2.542161e-01 1.820864e+00 -9.423811e-01
 5.881085e-02 1.791106e+00 -5.695413e-01
 -1.769602e-02 1.634750e+00 -1.874349e-01
 5.852255e-02 1.403179e+00 1.539486e-01
 2.406226e-01 1.245905e+00 3.614241e-01
 4.642983e-01 1.165927e+00 6.847350e-01
 5.645073e-01 1.084142e+00 8.540398e-01
 6.881721e-01 9.519091e-01 1.007828e+00
 8.320670e-01 7.706172e-01 1.131009e+00
 9.805322e-01 5.647519e-01 1.201823e+00
 1.128943e+00 3.500962e-01 1.215400e+00
 1.691059e+00 -5.390818e-01 1.037317e+00
 1.767135e+00 -9.169598e-01 8.776726e-01
 1.674528e+00 -1.273292e+00 6.831348e-01
 1.432774e+00 -1.541744e+00 4.582994e-01
 1.100746e+00 -1.655614e+00 2.085600e-01
 7.465108e-01 -1.591196e+00 -2.055766e-02
 2.849337e-01 -1.277779e+00 -2.303073e-01
 -1.902771e-03 -1.237515e+00 -3.449445e-01
 -4.159950e-01 -1.356158e+00 -5.862820e-01
 -6.910490e-01 -1.355509e+00 -6.944140e-01
 -9.625848e-01 -1.273656e+00 -7.754834e-01
 -1.228121e+00 -1.115291e+00 -8.086684e-01
 -1.427991e+00 -9.092169e-01 -7.874135e-01
 -1.574333e+00 -6.400367e-01 -7.117882e-01
 -1.637372e+00 -3.669791e-01 -5.954725e-01
 -1.613011e+00 -9.869141e-02 -4.581232e-01
 -1.432032e+00 3.379851e-01 -1.264611e-01
 -1.459856e+00 6.189067e-01 5.809447e-02
 -1.548187e+00 8.037863e-01 3.235170e-01
 -1.610650e+00 8.880405e-01 7.224140e-01
 -1.587807e+00 8.272289e-01 1.131352e+00
 -1.445455e+00 6.567261e-01 1.467170e+00
 -1.204203e+00 3.888514e-01 1.702581e+00
 -9.347740e-01 9.653691e-02 1.774692e+00
 -6.696313e-01 -2.033328e-01 1.686111e+00
 -4.576864e-01 -4.601606e-01 1.451270e+00
 -3.147378e-01 -7.038732e-01 1.011670e+00
 -2.653989e-01 -9.079032e-01 8.018126e-01
 -2.242938e-01 -1.143020e+00 6.775169e-01
 -2.532162e-01 -1.604469e+00 5.844884e-01
 -2.436021e-01 -1.928569e+00 3.753500e-01
 -1.611261e-01 -2.179159e+00 4.734292e-02
 -2.206343e-02 -2.282076e+00 -2.975742e-01
 1.450990e-01 -2.237068e+00 -6.294652e-01
 3.090308e-01 -2.046281e+00 -9.222937e-01
 4.423688e-01 -1.708437e+00 -1.151889e+00
 5.146170e-01 -1.321611e+00 -1.234776e+00
 5.292281e-01 -9.283500e-01 -1.170997e+00
 4.297012e-01 -4.432339e-01 -9.101018e-01
 3.884853e-01 -1.804367e-01 -8.513931e-01
 3.550873e-01 1.981751e-01 -8.860952e-01
 4.011218e-01 5.012670e-01 -8.641274e-01
 4.573623e-01 6.819144e-01 -7.799792e-01
 5.922238e-01 8.971262e-01 -6.051904e-01
 8.350533e-01 1.117355e+00 -4.513037e-01
 9.585315e-01 1.340148e+00 -3.520546e-01
 1.011550e+00 1.598152e+00 -1.994341e-01
