 -1.378967e-01 2.052465e+00 -1.717561e+00
 2.524100e-01 2.093843e+00 -1.505944e+00
 5.611274e-01 1.984925e+00 -1.195645e+00
 7.205411e-01 1.752371e+00 -9.011562e-01
 7.342026e-01 1.415161e+00 -6.732308e-01
 7.254614e-01 1.066331e+00 -6.181015e-01
 8.061368e-01 4.402146e-01 -8.041391e-01
 7.143395e-01 -7.989290e-03 -7.938829e-01
 5.446052e-01 -3.915986e-01 -6.068119e-01
 2.252456e-01 -7.092563e-01 -1.884067e-01
 -1.830409e-01 -8.131986e-01 3.185922e-01
 -4.272329e-01 -9.385165e-01 5.328318e-01
 -6.193273e-01 -1.307305e+00 7.710025e-01
 -5.976344e-01 -1.741248e+00 9.673708e-01
 -3.485400e-01 -2.125393e+00 1.138271e+00
 6.740388e-02 -2.361191e+00 1.244891e+00
 5.642141e-01 -2.386238e+00 1.281128e+00
 1.016773e+00 -2.185346e+00 1.244270e+00
 1.308895e+00 -1.810785e+00 1.178228e+00
 1.373561e+00 -1.428538e+00 1.160860e+00
 1.364382e+00 -1.193394e+00 1.240718e+00
 1.425537e+00 -9.592798e-01 1.349296e+00
 1.543749e+00 -6.680532e-01 1.354719e+00
 1.617678e+00 -3.170955e-01 1.230190e+00
 1.589521e+00 7.041670e-03 9.880344e-01
 1.440627e+00 2.376629e-01 7.012558e-01
 1.189629e+00 3.561934e-01 4.448104e-01
 9.080945e-01 3.564107e-01 2.582991e-01
 3.952300e-01 2.985239e-01 1.379864e-01
 1.384908e-01 3.855086e-01 -1.416433e-02
 -6.095419e-02 5.912031e-01 -1.391131e-01
 -2.529271e-01 7.414579e-01 -1.628275e-01
 -7.124801e-01 9.815760e-01 -7.360681e-02
 -1.076528e+00 1.272928e+00 -1.408886e-01
 -1.424981e+00 1.417544e+00 -3.220708e-01
 -1.765007e+00 1.404294e+00 -5.639638e-01
 -2.030972e+00 1.242595e+00 -8.375751e-01
 -2.174570e+00 9.536400e-01 -1.106262e+00
 -2.179323e+00 5.905401e-01 -1.307882e+00
 -2.049248e+00 1.964985e-01 -1.406099e+00
 -1.838700e+00 -1.487000e-01 -1.356768e+00
 -1.628727e+00 -3.752881e-01 -1.192141e+00
 -1.511255e+00 -5.078805e-01 -9.576580e-01
 -1.485332e+00 -6.294946e-01 -7.924420e-01
 -1.432794e+00 -7.879454e-01 -6.678577e-01
 -1.250325e+00 -1.021258e+00 -5.139480e-01
 -4.217299e-01 -1.664133e+00 -2.103351e-01
 -9.920439e-02 -1.790283e+00 9.571985e-03
 1.803511e-01 -1.769573e+00 2.855209e-01
 3.721964e-01 -1.623651e+00 5.825082e-01
 4.009850e-01 -1.469732e+00 8.269488e-01
 3.616994e-01 -1.371032e+00 1.106844e+00
 3.875293e-01 -1.380382e+00 1.465578e+00
 5.594720e-01 -1.447489e+00 1.815886e+00
 8.720382e-01 -1.521494e+00 2.072868e+00
 1.267987e+00 -1.572043e+00 2.186008e+00
 1.684688e+00 -1.584844e+00 2.133418e+00
 2.048097e+00 -1.540065e+00 1.928742e+00
 2.296428e+00 -1.440160e+00 1.609218e+00
 2.390176e+00 -1.296702e+00 1.229509e+00
 2.312853e+00 -1.139565e+00 8.496349e-01
 2.075353e+00 -9.843928e-01 5.343070e-01
 1.721670e+00 -8.441509e-01 3.489173e-01
 1.322963e+00 -7.364309e-01 3.290735e-01
 9.927138e-01 -6.579146e-01 4.629156e-01
 8.079503e-01 -5.685882e-01 6.548849e-01
 6.779088e-01 -4.572145e-01 8.373081e-01
 5.865636e-01 -2.136069e-01 1.066558e+00
 5.430041e-01 7.878138e-01 1.607501e+00
 4.725705e-01 1.140320e+00 1.678028e+00
 3.633772e-01 1.473080e+00 1.632174e+00
 2.328016e-01 1.757951e+00 1.479294e+00
 1.007237e-01 1.966776e+00 1.238161e+00
 -1.369708e-02 2.080396e+00 9.360616e-01
 -9.395927e-02 2.090317e+00 6.054689e-01
 -2.230640e-01 1.770970e+00 -5.011628e-01
 -2.786306e-01 1.637841e+00 -7.277228e-01
 -2.834364e-01 1.508603e+00 -8.568528e-01
 -2.062478e-01 1.281266e+00 -1.018244e+00
 -8.725058e-02 1.140773e+00 -1.236418e+00
 1.932326e-01 1.063812e+00 -1.504974e+00
 5.598849e-01 1.065995e+00 -1.661931e+00
 9.655310e-01 1.097807e+00 -1.651415e+00
 1.327571e+00 1.129154e+00 -1.477613e+00
 1.630655e+00 1.170683e+00 -1.127409e+00
 1.751287e+00 1.221743e+00 -7.105570e-01
 1.685987e+00 1.279358e+00 -2.824608e-01
 1.446943e+00 1.330864e+00 7.899236e-02
 9.615980e-01 1.362695e+00 3.831597e-01
 6.136148e-01 1.295090e+00 5.361269e-01
 -1.177414e-02 1.019373e+00 7.790995e-01
 -2.082308e-01 7.923779e-01 8.615250e-01
 -4.139086e-01 5.057038e-01 8.331686e-01
 -5.978646e-01 2.432083e-01 6.797671e-01
 -7.385708e-01 4.148366e-02 4.271001e-01
 -8.158563e-01 -4.184962e-02 1.770300e-01
 -7.954935e-01 -1.118419e-01 -7.011506e-02
 -5.529172e-01 -2.572001e-01 -6.585036e-01
 -4.860906e-01 -4.761452e-01 -9.483266e-01
 -5.581563e-01 -7.545419e-01 -1.227274e+00
 -7.675864e-01 -1.026111e+00 -1.423781e+00
 -1.083530e+00 -1.247060e+00 -1.516857e+00
 -1.469610e+00 -1.367644e+00 -1.509910e+00
 -1.863505e+00 -1.364521e+00 -1.399552e+00
 -2.200540e+00 -1.234044e+00 -1.203344e+00
 -2.427412e+00 -9.853616e-01 -9.674171e-01
 -2.505904e+00 -6.576974e-01 -7.279219e-01
 -2.419197e+00 -2.990788e-01 -5.214050e-01
 -2.174048e+00 2.907750e-02 -3.919984e-01
 -1.843454e+00 2.717332e-01 -3.900997e-01
 -1.543899e+00 3.982091e-01 -5.069818e-01
 -1.313570e+00 4.869794e-01 -7.515648e-01
 -1.177898e+00 6.898976e-01 -1.033100e+00
 -1.091373e+00 1.258724e+00 -1.532222e+00
 -8.883507e-01 1.602305e+00 -1.716913e+00
 -5.525111e-01 1.880224e+00 -1.787106e+00
