 1.599729e+00 -1.764957e+00 -2.054708e-01
 1.861428e+00 -1.682250e+00 -3.930260e-02
 2.074804e+00 -1.511369e+00 1.225708e-01
 2.222566e+00 -1.268746e+00 2.628409e-01
 2.383794e+00 -6.415298e-01 4.662603e-01
 2.490504e+00 2.452257e-02 6.554093e-01
 2.436765e+00 3.359938e-01 7.348549e-01
 2.284074e+00 6.140951e-01 8.053378e-01
 2.045806e+00 8.346945e-01 8.517194e-01
 1.742481e+00 9.736317e-01 8.686184e-01
 1.409164e+00 1.008431e+00 8.538758e-01
 1.100035e+00 9.343908e-01 8.303390e-01
 8.460132e-01 7.760936e-01 8.264359e-01
 6.703431e-01 5.798028e-01 8.830305e-01
 5.667250e-01 3.741781e-01 9.148062e-01
 4.309358e-01 1.752519e-01 8.869186e-01
 2.182671e-01 -3.929607e-03 8.265856e-01
 -2.449393e-01 -2.120923e-01 6.241374e-01
 -4.168463e-01 -3.662506e-01 5.462963e-01
 -7.010684e-01 -7.625578e-01 4.791950e-01
 -8.868641e-01 -1.036745e+00 2.717947e-01
 -1.065639e+00 -1.205236e+00 -4.593261e-02
 -1.220730e+00 -1.227693e+00 -4.070879e-01
 -1.331100e+00 -1.105263e+00 -7.583250e-01
 -1.380751e+00 -8.543182e-01 -1.057559e+00
 -1.354745e+00 -5.137392e-01 -1.255915e+00
 -1.282991e+00 -1.372437e-01 -1.309982e+00
 -1.223165e+00 2.302847e-01 -1.222150e+00
 -1.207159e+00 4.939432e-01 -1.013381e+00
 -1.301460e+00 6.988320e-01 -7.229747e-01
 -1.520962e+00 8.810096e-01 -5.136893e-01
 -1.905249e+00 1.004602e+00 -2.916305e-01
 -2.136312e+00 1.052694e+00 -1.525560e-02
 -2.255109e+00 1.089611e+00 3.359816e-01
 -2.240418e+00 1.109257e+00 7.062849e-01
 -2.095628e+00 1.109325e+00 1.046601e+00
 -1.840873e+00 1.090076e+00 1.312605e+00
 -1.510316e+00 1.054268e+00 1.470038e+00
 -1.139612e+00 9.997032e-01 1.500236e+00
 -7.672506e-01 9.197330e-01 1.393120e+00
 -5.304330e-01 8.287136e-01 1.187712e+00
 -3.751523e-01 8.147998e-01 9.623873e-01
 -2.821379e-01 8.733588e-01 7.190152e-01
 -2.503071e-01 8.313316e-01 4.274996e-01
 -3.885027e-01 7.118628e-01 -4.325174e-02
 -3.814238e-01 6.267444e-01 -3.354634e-01
 -2.729373e-01 5.389516e-01 -6.430552e-01
 -4.009494e-02 4.509231e-01 -9.055867e-01
 2.669542e-01 3.926934e-01 -1.071366e+00
 6.164786e-01 3.298984e-01 -1.118437e+00
 9.627360e-01 2.733798e-01 -1.037986e+00
 1.264314e+00 2.423161e-01 -8.398352e-01
 1.479946e+00 2.438232e-01 -5.511809e-01
 1.577982e+00 2.518835e-01 -2.128937e-01
 1.546871e+00 2.132678e-01 1.396629e-01
 1.470785e+00 1.037960e-02 6.219673e-01
 1.497352e+00 -2.469415e-02 9.147451e-01
 1.481788e+00 5.174913e-02 1.221051e+00
 1.383569e+00 2.350769e-01 1.527688e+00
 1.208719e+00 4.925239e-01 1.748510e+00
 9.779465e-01 7.731281e-01 1.843268e+00
 7.246823e-01 1.044517e+00 1.803885e+00
 -5.427502e-02 1.729800e+00 1.291583e+00
 -3.303542e-01 1.829046e+00 1.103618e+00
 -6.483557e-01 1.807726e+00 8.950774e-01
 -9.131542e-01 1.668681e+00 7.118915e-01
 -1.123835e+00 1.423396e+00 5.641988e-01
 -1.236433e+00 1.116879e+00 4.808011e-01
 -1.276635e+00 8.249555e-01 4.972138e-01
 -1.305288e+00 5.548396e-01 5.912711e-01
 -1.292089e+00 3.227789e-01 7.406542e-01
 -1.240978e+00 1.415331e-01 9.313072e-01
 -1.060312e+00 -9.672698e-02 1.284476e+00
 -8.500338e-01 -2.946185e-01 1.463145e+00
 -5.917377e-01 -5.099207e-01 1.539165e+00
 -3.140708e-01 -7.075599e-01 1.510781e+00
 -8.826452e-03 -8.697525e-01 1.393394e+00
 2.767076e-01 -9.511439e-01 1.215831e+00
 1.012743e+00 -9.507118e-01 5.836370e-01
 1.166213e+00 -9.302299e-01 3.626491e-01
 1.434714e+00 -7.549241e-01 -1.317492e-01
 1.585552e+00 -7.502422e-01 -3.451487e-01
 1.718204e+00 -8.379495e-01 -6.221019e-01
 1.777864e+00 -1.003948e+00 -8.990201e-01
 1.738853e+00 -1.223854e+00 -1.158109e+00
 1.598233e+00 -1.466974e+00 -1.363423e+00
 1.365930e+00 -1.701064e+00 -1.490589e+00
 1.064557e+00 -1.890211e+00 -1.524589e+00
 7.309042e-01 -2.010701e+00 -1.456165e+00
 4.060238e-01 -2.042667e+00 -1.292431e+00
 1.340514e-01 -1.981106e+00 -1.050198e+00
 -4.823554e-02 -1.829794e+00 -7.591087e-01
 -1.117993e-01 -1.604638e+00 -4.611104e-01
 -5.595945e-02 -1.334668e+00 -2.196327e-01
 8.190970e-02 -1.060661e+00 -8.329936e-02
 2.317126e-01 -8.394482e-01 -5.639281e-02
 4.242145e-01 -3.963135e-01 -1.351740e-01
 4.957875e-01 -1.377570e-01 -1.473617e-01
 5.731964e-01 3.729628e-01 -9.489290e-02
 6.243007e-01 6.349162e-01 -1.404402e-01
 5.912295e-01 9.462374e-01 -2.618176e-01
 4.651350e-01 1.209505e+00 -4.110657e-01
 2.636694e-01 1.402936e+00 -5.803671e-01
 3.316903e-03 1.510667e+00 -7.460065e-01
 -6.058059e-01 1.531702e+00 -1.057015e+00
 -1.239103e+00 1.493395e+00 -1.350504e+00
 -1.528533e+00 1.397005e+00 -1.428253e+00
 -1.794747e+00 1.227596e+00 -1.447216e+00
 -2.011107e+00 9.995672e-01 -1.406201e+00
 -2.159001e+00 7.404554e-01 -1.300276e+00
 -2.221623e+00 4.723958e-01 -1.142723e+00
 -2.203238e+00 2.425060e-01 -9.439546e-01
 -2.080471e+00 2.882039e-02 -6.831267e-01
 -1.842621e+00 -1.191295e-01 -4.451703e-01
 -1.544853e+00 -1.933376e-01 -2.954210e-01
 -1.245760e+00 -2.109177e-01 -2.643955e-01
 -9.206055e-01 -2.328442e-01 -3.620022e-01
 -6.869738e-01 -3.597707e-01 -4.898895e-01
 -2.583218e-01 -5.968103e-01 -9.256200e-01
 9.188610e-03 -7.406283e-01 -1.053734e+00
 2.973804e-01 -8.896894e-01 -1.075788e+00
 5.627903e-01 -1.044263e+00 -9.953469e-01
 7.554292e-01 -1.191758e+00 -8.451388e-01
 8.317260e-01 -1.318658e+00 -7.131088e-01
 8.973023e-01 -1.455964e+00 -6.162989e-01
 1.070754e+00 -1.630308e+00 -5.016730e-01
 1.322156e+00 -1.745771e+00 -3.632181e-01
