 1.365572e+00 -3.601222e-01 9.327837e-01
 9.563529e-01 6.812476e-01 9.819531e-01
 7.835749e-01 9.414322e-01 9.419752e-01
 5.656307e-01 1.150041e+00 8.522889e-01
 3.204783e-01 1.286335e+00 7.303421e-01
 -1.132947e-01 1.396853e+00 4.486682e-01
 -2.590747e-01 1.427274e+00 3.098604e-01
 -4.198253e-01 1.469876e+00 8.076971e-02
 -6.976487e-01 1.650735e+00 -4.119592e-01
 -1.294262e+00 1.397184e+00 -1.307581e+00
 -1.472501e+00 1.140520e+00 -1.695531e+00
 -1.504637e+00 7.901257e-01 -1.989601e+00
 -1.416497e+00 3.717132e-01 -2.158691e+00
 -1.241869e+00 -5.436135e-02 -2.162093e+00
 -1.031843e+00 -4.245308e-01 -1.990571e+00
 -7.687409e-01 -7.884269e-01 -1.540950e+00
 -5.467181e-01 -1.010986e+00 -8.129692e-01
 -4.501981e-01 -9.909930e-01 -5.111948e-01
 -2.261097e-01 -7.286115e-01 1.200084e-01
 -3.790792e-02 -6.856440e-01 4.413327e-01
 2.135668e-01 -6.407972e-01 6.854975e-01
 3.400123e-01 -5.389160e-01 9.397320e-01
 3.990311e-01 -5.348997e-01 1.223666e+00
 5.187119e-01 -6.200728e-01 1.477489e+00
 7.763965e-01 -7.991436e-01 1.728803e+00
 1.059335e+00 -1.015136e+00 1.840067e+00
 1.376308e+00 -1.236235e+00 1.813626e+00
 1.656306e+00 -1.434971e+00 1.651035e+00
 1.863311e+00 -1.593761e+00 1.374515e+00
 1.971026e+00 -1.687059e+00 1.022387e+00
 1.967358e+00 -1.698743e+00 6.432337e-01
 1.696496e+00 -1.522266e+00 -2.063141e-01
 1.500532e+00 -1.377302e+00 -6.784046e-01
 1.324438e+00 -1.230411e+00 -9.081606e-01
 1.097905e+00 -1.051076e+00 -1.056629e+00
 8.452243e-01 -8.549033e-01 -1.109292e+00
 4.056449e-01 -5.076758e-01 -1.026007e+00
 5.946077e-02 -2.082333e-01 -9.104312e-01
 -1.199642e-01 -4.939524e-02 -7.642247e-01
 -2.550277e-01 7.271666e-02 -5.651865e-01
 -3.460734e-01 1.891016e-01 -4.534602e-01
 -5.032419e-01 3.922651e-01 -3.384129e-01
 -6.970154e-01 5.547967e-01 -3.024822e-01
 -1.014150e+00 6.687445e-01 -2.769076e-01
 -1.283776e+00 7.111367e-01 -3.047069e-01
 -1.563373e+00 6.456820e-01 -3.075262e-01
 -1.824149e+00 4.799615e-01 -2.742565e-01
 -2.068286e+00 1.855118e-01 -1.847895e-01
 -2.181101e+00 -1.366627e-01 -9.129945e-02
 -2.173597e+00 -4.858152e-01 -1.193960e-03
 -2.045029e+00 -8.156402e-01 7.040135e-02
 -1.810632e+00 -1.084064e+00 1.225142e-01
 -6.952627e-01 -1.704993e+00 2.299092e-01
 -4.113182e-01 -1.778519e+00 2.186267e-01
 -1.203642e-01 -1.776618e+00 1.736866e-01
 1.547594e-01 -1.697302e+00 1.023225e-01
 3.899588e-01 -1.546676e+00 1.498879e-02
 6.207153e-01 -1.277419e+00 -8.169146e-02
 8.685107e-01 -8.053138e-01 -9.788767e-02
 1.366737e+00 -4.611581e-01 -1.006489e-01
 1.553176e+00 -2.329558e-01 -4.491172e-02
 1.652583e+00 6.860877e-02 3.015415e-02
 1.645765e+00 3.946045e-01 9.297797e-02
 1.536115e+00 7.240299e-01 1.018758e-01
 1.331599e+00 1.007090e+00 5.193704e-02
 1.054315e+00 1.205497e+00 -5.195284e-02
 7.339357e-01 1.291344e+00 -1.938024e-01
 4.774333e-01 1.260631e+00 -3.533187e-01
 -2.444405e-01 9.394520e-01 -1.194058e+00
 -6.911982e-01 5.583237e-01 -1.373507e+00
 -1.104376e+00 1.905197e-01 -1.173959e+00
 -1.231099e+00 -9.840052e-02 -9.380190e-01
 -1.227364e+00 -3.450444e-01 -4.659628e-01
 -1.165027e+00 -3.153242e-01 -3.057942e-02
 -1.235738e+00 -1.236624e-01 3.417265e-01
 -1.334469e+00 2.203085e-01 5.901737e-01
 -1.315740e+00 5.247421e-01 6.929419e-01
 -1.157383e+00 1.691570e+00 7.413965e-01
 -1.049590e+00 1.969748e+00 6.976034e-01
 -8.838543e-01 2.201256e+00 6.046623e-01
 -6.643076e-01 2.379103e+00 4.586704e-01
 -4.297894e-01 2.473301e+00 2.757311e-01
 -2.029560e-01 2.481193e+00 6.642410e-02
 6.967536e-01 2.134208e+00 -8.717719e-01
 1.010524e+00 1.723837e+00 -1.121670e+00
 1.171083e+00 1.179944e+00 -1.139196e+00
 1.122845e+00 6.561704e-01 -9.302323e-01
 8.809561e-01 3.349808e-01 -6.182965e-01
 6.937550e-01 2.721300e-01 -2.677332e-01
 4.668109e-01 3.144199e-01 1.582558e-01
 -1.931705e-01 3.517191e-01 7.204047e-01
 -5.021888e-01 2.956327e-02 1.112630e+00
 -6.556101e-01 -4.884788e-01 1.276652e+00
 -4.954825e-01 -1.067909e+00 1.329794e+00
 -6.501955e-02 -1.471990e+00 1.255846e+00
 4.764034e-01 -1.580241e+00 1.065496e+00
 9.555851e-01 -1.370978e+00 8.620227e-01
 1.179653e+00 -1.079282e+00 8.207866e-01
 1.339646e+00 -7.924269e-01 8.693797e-01
