 1.708280e+00 6.963351e-01 -1.499166e+00
 1.376796e+00 5.366215e-01 -1.633179e+00
 1.048668e+00 3.328357e-01 -1.622108e+00
 8.037682e-01 9.360227e-02 -1.491220e+00
 6.812260e-01 -1.781593e-01 -1.288017e+00
 6.947221e-01 -4.095807e-01 -1.145991e+00
 7.266795e-01 -6.825771e-01 -1.078762e+00
 6.695754e-01 -9.866972e-01 -1.073651e+00
 4.913905e-01 -1.283198e+00 -1.085553e+00
 9.765670e-03 -1.667543e+00 -1.120855e+00
 -6.902021e-01 -2.103524e+00 -1.177149e+00
 -1.014020e+00 -2.185731e+00 -1.161086e+00
 -1.349553e+00 -2.164147e+00 -1.105305e+00
 -1.660597e+00 -2.034759e+00 -1.010604e+00
 -1.904558e+00 -1.807503e+00 -8.837806e-01
 -2.044631e+00 -1.511521e+00 -7.458360e-01
 -2.067637e+00 -1.186725e+00 -6.270635e-01
 -1.971033e+00 -8.506948e-01 -5.259519e-01
 -1.772427e+00 -5.798044e-01 -4.458618e-01
 -1.528921e+00 -4.299406e-01 -4.137361e-01
 -1.342270e+00 -3.362073e-01 -4.624795e-01
 -1.205790e+00 -2.258576e-01 -5.202197e-01
 -1.114828e+00 -1.291317e-01 -5.812997e-01
 -7.303349e-01 3.560314e-01 -9.434353e-01
 -3.813857e-01 6.984445e-01 -9.751376e-01
 -3.302035e-02 9.790909e-01 -7.763945e-01
 2.471912e-01 1.126769e+00 -3.798626e-01
 3.476185e-01 1.095039e+00 -6.340150e-02
 5.682641e-01 9.622829e-01 2.342591e-01
 9.736852e-01 1.112588e+00 7.076665e-01
 1.191344e+00 1.102441e+00 9.128769e-01
 1.429360e+00 1.004960e+00 1.092734e+00
 1.668819e+00 8.153373e-01 1.223910e+00
 1.877161e+00 5.410180e-01 1.282215e+00
 2.030670e+00 2.144067e-01 1.238010e+00
 2.106384e+00 -1.232566e-01 1.077916e+00
 2.066888e+00 -4.254249e-01 8.348540e-01
 1.897051e+00 -6.533054e-01 5.666688e-01
 1.620954e+00 -7.692416e-01 3.064135e-01
 1.293904e+00 -7.426473e-01 8.083667e-02
 9.678207e-01 -5.813404e-01 -7.130511e-02
 3.494591e-01 5.184640e-02 -2.331753e-01
 -1.294915e-01 1.941345e-01 -1.118883e-01
 -3.806610e-01 3.943107e-01 4.905108e-02
 -7.097822e-01 8.261257e-01 2.563931e-02
 -8.845661e-01 1.074767e+00 1.078918e-01
 -1.032341e+00 1.301129e+00 2.850276e-01
 -1.124806e+00 1.486388e+00 5.417467e-01
 -1.146023e+00 1.608034e+00 8.501464e-01
 -1.084436e+00 1.657694e+00 1.172846e+00
 -9.493006e-01 1.627005e+00 1.478465e+00
 -7.619263e-01 1.510034e+00 1.735524e+00
 -5.513247e-01 1.308557e+00 1.918140e+00
 -3.368033e-01 1.034939e+00 2.001709e+00
 -1.323638e-01 7.246306e-01 1.958127e+00
 3.080982e-02 4.204137e-01 1.776589e+00
 1.186323e-01 1.744381e-01 1.473439e+00
 7.539911e-02 -3.926296e-02 9.851644e-01
 8.563832e-02 -1.896672e-01 8.073122e-01
 9.768483e-02 -3.862478e-01 6.918889e-01
 2.857901e-02 -5.724884e-01 5.706953e-01
 -9.286376e-02 -7.154697e-01 3.751792e-01
 -1.788005e-01 -8.328879e-01 2.649132e-02
 -2.028987e-01 -8.286248e-01 -3.360425e-01
 -2.481964e-01 -6.474993e-01 -7.868864e-01
 -2.923052e-01 -6.092626e-01 -1.076294e+00
 -2.765886e-01 -6.371644e-01 -1.328418e+00
 -1.630826e-01 -6.890872e-01 -1.607041e+00
 3.582746e-02 -7.541428e-01 -1.840242e+00
 3.034968e-01 -7.977115e-01 -2.006872e+00
 6.126828e-01 -8.083449e-01 -2.086095e+00
 9.357249e-01 -7.779038e-01 -2.072754e+00
 1.237761e+00 -7.190755e-01 -1.961004e+00
 1.495923e+00 -6.168337e-01 -1.753533e+00
 1.665646e+00 -4.747810e-01 -1.457722e+00
 1.704865e+00 -2.877637e-01 -1.121115e+00
 1.610504e+00 -8.837672e-02 -8.437558e-01
 1.436429e+00 1.186840e-01 -6.802099e-01
 1.218344e+00 4.707858e-01 -6.080141e-01
 1.261557e+00 1.178761e+00 -5.012304e-01
 1.254159e+00 1.395167e+00 -4.162307e-01
 1.188746e+00 1.623094e+00 -2.854266e-01
 1.054305e+00 1.825742e+00 -1.159671e-01
 8.446935e-01 1.971740e+00 8.272719e-02
 5.765122e-01 2.020235e+00 3.009919e-01
 2.857605e-01 1.933585e+00 5.261384e-01
 1.541512e-02 1.690851e+00 7.262054e-01
 -2.272093e-01 1.183365e+00 9.069401e-01
 -2.799217e-01 1.082629e+00 9.368501e-01
 -3.735771e-01 9.569824e-01 9.763280e-01
 -4.499012e-01 8.812672e-01 1.002614e+00
 -5.549677e-01 8.034837e-01 1.030901e+00
 -6.980240e-01 7.125289e-01 1.104918e+00
 -1.095720e+00 5.355695e-01 1.362568e+00
 -1.382346e+00 3.439546e-01 1.439990e+00
 -1.627298e+00 1.121286e-01 1.414316e+00
 -1.797833e+00 -1.363875e-01 1.306582e+00
 -1.886238e+00 -3.913464e-01 1.135449e+00
 -1.881457e+00 -6.366633e-01 9.294773e-01
 -1.781585e+00 -8.519359e-01 7.108862e-01
 -1.416046e+00 -1.168098e+00 2.932328e-01
 -1.289580e+00 -1.258258e+00 1.316095e-01
 -1.182941e+00 -1.320398e+00 -6.829873e-02
 -1.097199e+00 -1.340759e+00 -3.081662e-01
 -1.051702e+00 -1.307099e+00 -6.075335e-01
 -1.067046e+00 -1.227933e+00 -8.322787e-01
 -1.143724e+00 -1.137062e+00 -1.063681e+00
 -1.318889e+00 -8.752448e-01 -1.330593e+00
 -1.549289e+00 -5.128587e-01 -1.453697e+00
 -1.788552e+00 -1.000825e-01 -1.366250e+00
 -1.942956e+00 2.781121e-01 -1.048988e+00
 -1.927124e+00 5.144144e-01 -5.841842e-01
 -1.778765e+00 5.253627e-01 -8.662948e-02
 -1.542091e+00 3.208527e-01 3.069316e-01
 -9.913403e-01 -1.922695e-01 6.207919e-01
 -8.323592e-01 -5.017999e-01 1.106154e+00
 -6.559135e-01 -6.664534e-01 1.318822e+00
 -4.025599e-01 -7.933579e-01 1.475874e+00
 -1.042380e-01 -8.735016e-01 1.556281e+00
 2.142395e-01 -8.819073e-01 1.567628e+00
 5.312626e-01 -8.084873e-01 1.506150e+00
 8.136618e-01 -6.464135e-01 1.368982e+00
 1.027905e+00 -3.875143e-01 1.151206e+00
 1.107317e+00 -8.109004e-02 8.682357e-01
 1.142844e+00 6.758813e-03 7.675653e-01
 1.204865e+00 9.724952e-02 6.536265e-01
 1.254741e+00 1.451605e-01 5.836113e-01
 1.346149e+00 2.003359e-01 4.755740e-01
 1.479555e+00 2.830799e-01 3.784601e-01
 1.870062e+00 4.737784e-01 2.042694e-01
 2.137055e+00 6.148489e-01 -1.053891e-01
 2.253382e+00 7.092046e-01 -4.931340e-01
 2.202479e+00 7.689028e-01 -8.890177e-01
 2.000107e+00 7.771668e-01 -1.242153e+00
