 2.981634e+00 8.825611e-01 -8.133617e-01
 2.774859e+00 1.241448e+00 -1.097993e+00
 2.393980e+00 1.499781e+00 -1.253875e+00
 1.928903e+00 1.616197e+00 -1.253818e+00
 1.467782e+00 1.557303e+00 -1.114749e+00
 1.122598e+00 1.323600e+00 -8.885207e-01
 9.603990e-01 9.716738e-01 -6.630321e-01
 9.744789e-01 6.364048e-01 -5.373246e-01
 1.001677e+00 1.623495e-01 -5.969136e-01
 8.964699e-01 -2.408214e-01 -5.926571e-01
 6.476557e-01 -9.961471e-01 -3.200332e-01
 4.448876e-01 -1.249570e+00 -1.607391e-01
 1.555239e-01 -1.405641e+00 1.256687e-02
 -1.947897e-01 -1.435335e+00 1.753783e-01
 -5.494228e-01 -1.315078e+00 3.094810e-01
 -7.901521e-01 -1.095611e+00 4.015445e-01
 -9.938080e-01 -8.075834e-01 4.043873e-01
 -1.327494e+00 -3.826526e-01 1.697205e-01
 -1.644874e+00 4.399150e-02 3.124620e-02
 -1.729474e+00 4.120423e-01 -2.205806e-04
 -1.635642e+00 8.712222e-01 -1.322903e-01
 -1.332247e+00 1.229237e+00 -3.340083e-01
 -8.829090e-01 1.372621e+00 -5.644647e-01
 -4.106093e-01 1.246594e+00 -7.667023e-01
 -5.041014e-02 8.872113e-01 -8.930345e-01
 5.456284e-02 5.439136e-01 -9.282390e-01
 6.955305e-02 2.839347e-01 -9.611005e-01
 4.779997e-02 -5.016361e-01 -1.339311e+00
 -7.916203e-02 -9.381611e-01 -1.372816e+00
 -2.803658e-01 -1.306545e+00 -1.258152e+00
 -5.159300e-01 -1.547463e+00 -1.055373e+00
 -7.483124e-01 -1.656699e+00 -8.294034e-01
 -1.038110e+00 -1.677378e+00 -5.480288e-01
 -1.547084e+00 -1.583475e+00 -6.477942e-02
 -1.824374e+00 -1.397200e+00 3.027203e-01
 -1.988152e+00 -1.112507e+00 5.647981e-01
 -2.146996e+00 -6.790229e-01 6.835424e-01
 -2.168371e+00 -4.178482e-01 7.980618e-01
 -2.115995e+00 -1.729209e-01 9.025270e-01
 -2.009089e+00 5.273775e-02 9.702292e-01
 -1.525062e+00 7.237970e-01 1.078227e+00
 -1.164493e+00 1.007762e+00 1.126143e+00
 -7.843851e-01 1.133007e+00 1.118145e+00
 -3.941184e-01 1.124686e+00 1.045661e+00
 -5.163566e-02 9.953841e-01 9.114749e-01
 4.651305e-01 5.401405e-01 5.298987e-01
 7.393445e-01 2.373943e-01 3.882321e-01
 9.691120e-01 -9.744093e-02 4.097549e-01
 1.225258e+00 -3.726960e-01 6.107427e-01
 1.600798e+00 -4.552273e-01 9.058980e-01
 2.015353e+00 -3.138629e-01 1.117906e+00
 2.353784e+00 -2.128857e-02 1.188113e+00
 2.569176e+00 3.214325e-01 1.131015e+00
 2.678668e+00 6.330276e-01 9.670049e-01
 2.690351e+00 8.957057e-01 7.348810e-01
 2.606359e+00 1.097488e+00 4.586897e-01
 2.442426e+00 1.204989e+00 1.711862e-01
 2.222754e+00 1.186763e+00 -1.561818e-01
 2.041928e+00 1.042921e+00 -3.932515e-01
 1.973036e+00 8.497222e-01 -5.624039e-01
 1.957072e+00 6.784947e-01 -7.925384e-01
 1.810696e+00 5.774575e-01 -1.144810e+00
 1.521946e+00 5.336242e-01 -1.426459e+00
 8.338210e-01 5.467815e-01 -1.741227e+00
 1.552119e-01 5.785966e-01 -1.949634e+00
 -2.762481e-01 5.547014e-01 -1.902301e+00
 -6.686671e-01 4.879817e-01 -1.664832e+00
 -9.221157e-01 4.067001e-01 -1.251949e+00
 -9.493232e-01 3.427086e-01 -7.469436e-01
 -8.150178e-01 3.356477e-01 -4.667046e-01
 -6.983114e-01 4.066359e-01 -2.086852e-01
 -6.572513e-01 4.235425e-01 2.641806e-01
 -7.059520e-01 1.476625e-01 8.212963e-01
 -8.703237e-01 -8.729658e-02 1.126215e+00
 -1.269388e+00 -5.032522e-01 1.421078e+00
 -1.745532e+00 -8.653586e-01 1.618199e+00
 -2.149580e+00 -1.070858e+00 1.631910e+00
 -2.497954e+00 -1.201175e+00 1.499918e+00
 -2.784044e+00 -1.274112e+00 1.243291e+00
 -2.964227e+00 -1.285553e+00 9.060506e-01
 -3.018865e+00 -1.243595e+00 5.448533e-01
 -2.956016e+00 -1.165975e+00 2.152322e-01
 -2.806139e+00 -1.073033e+00 -4.885837e-02
 -2.517226e+00 -9.527340e-01 -3.125433e-01
 -2.051556e+00 -8.376858e-01 -5.627481e-01
 -1.400048e+00 -7.384289e-01 -7.826734e-01
 -9.592049e-01 -6.668943e-01 -7.502090e-01
 -5.348768e-01 -6.398911e-01 -5.051768e-01
 -2.791729e-01 -5.080084e-01 -2.684607e-01
 -8.899485e-02 -3.980515e-01 6.912419e-02
 4.970185e-02 -4.911523e-01 6.262690e-01
 1.384964e-01 -4.147140e-01 9.527369e-01
 4.161309e-01 -1.978715e-01 1.296041e+00
 8.208239e-01 1.297491e-01 1.434353e+00
 1.229835e+00 4.440233e-01 1.286762e+00
 1.553298e+00 6.015132e-01 9.355853e-01
 1.746097e+00 5.430940e-01 5.528984e-01
 1.920874e+00 3.341067e-01 3.206422e-01
 2.237831e+00 1.706671e-01 1.608980e-01
 2.657854e+00 2.217260e-01 -1.053287e-01
 2.943570e+00 5.009926e-01 -4.618514e-01
