 2.125130e+00 1.375797e+00 -1.633632e+00
 2.334682e+00 1.041228e+00 -1.633465e+00
 2.419849e+00 6.583251e-01 -1.552240e+00
 2.368631e+00 2.928658e-01 -1.394998e+00
 2.187030e+00 4.781426e-04 -1.189140e+00
 1.901486e+00 -1.749874e-01 -9.695743e-01
 1.318755e+00 -2.351553e-01 -6.552030e-01
 1.120234e+00 -2.852149e-01 -5.856860e-01
 9.362063e-01 -3.735240e-01 -5.404799e-01
 5.304166e-01 -6.387516e-01 -5.376988e-01
 2.266780e-01 -8.027627e-01 -4.226194e-01
 -1.692693e-02 -8.432089e-01 -2.757689e-01
 -2.873290e-01 -7.554027e-01 -6.599083e-02
 -7.143975e-01 -3.639711e-01 2.441018e-01
 -1.029299e+00 2.637401e-01 4.559132e-01
 -1.227470e+00 4.916680e-01 4.978341e-01
 -1.443091e+00 7.532203e-01 4.335637e-01
 -1.598504e+00 9.988268e-01 2.765532e-01
 -1.681078e+00 1.215833e+00 4.710052e-02
 -1.685188e+00 1.381901e+00 -2.268394e-01
 -1.610271e+00 1.488178e+00 -5.113159e-01
 -1.467791e+00 1.529855e+00 -7.784126e-01
 -1.275304e+00 1.507410e+00 -1.005869e+00
 -1.049771e+00 1.430629e+00 -1.175064e+00
 -8.087478e-01 1.307006e+00 -1.277519e+00
 2.106016e-01 6.309447e-01 -1.403710e+00
 4.092701e-01 4.281938e-01 -1.359993e+00
 5.323521e-01 1.610788e-01 -1.349833e+00
 7.318202e-01 -2.397253e-01 -1.527465e+00
 8.888557e-01 -5.180926e-01 -1.548138e+00
 1.046462e+00 -7.866245e-01 -1.467577e+00
 1.186576e+00 -1.015276e+00 -1.294915e+00
 1.307790e+00 -1.171006e+00 -1.054470e+00
 1.413429e+00 -1.245780e+00 -7.554205e-01
 1.481181e+00 -1.227334e+00 -4.460096e-01
 1.550120e+00 -8.289737e-01 6.984549e-01
 1.466368e+00 -6.988887e-01 9.891886e-01
 1.285794e+00 -5.671321e-01 1.232230e+00
 1.033683e+00 -4.330243e-01 1.395074e+00
 7.371607e-01 -3.008049e-01 1.459309e+00
 4.378928e-01 -1.857278e-01 1.417884e+00
 6.084706e-03 -9.135395e-02 1.219886e+00
 -1.895125e-01 -5.302747e-02 1.205812e+00
 -3.478654e-01 -2.702825e-02 1.239126e+00
 -1.350927e+00 2.451312e-02 1.609034e+00
 -1.690106e+00 -3.813745e-02 1.639936e+00
 -2.006460e+00 -1.999868e-01 1.602914e+00
 -2.251977e+00 -4.442592e-01 1.503861e+00
 -2.394305e+00 -7.407341e-01 1.351557e+00
 -2.412209e+00 -1.055101e+00 1.167809e+00
 -2.302305e+00 -1.340973e+00 9.725585e-01
 -2.078348e+00 -1.554132e+00 7.725587e-01
 -1.755973e+00 -1.676263e+00 6.063607e-01
 -1.379016e+00 -1.688919e+00 5.196997e-01
 -1.010742e+00 -1.593848e+00 5.293646e-01
 -6.927841e-01 -1.416139e+00 6.502034e-01
 -5.046541e-01 -1.216768e+00 8.458295e-01
 -4.193991e-01 -1.068214e+00 1.052939e+00
 -3.126241e-01 -9.998442e-01 1.570986e+00
 -2.770706e-01 -7.727223e-01 1.943998e+00
 -2.290506e-01 -4.609011e-01 2.172118e+00
 -1.736554e-01 -9.499620e-02 2.256278e+00
 -1.072849e-01 2.809182e-01 2.187063e+00
 -3.550807e-02 6.214362e-01 1.961709e+00
 2.163698e-02 8.523663e-01 1.628771e+00
 5.238218e-02 9.378754e-01 1.242548e+00
 5.382818e-02 8.720040e-01 8.514015e-01
 -2.099954e-02 4.613520e-01 1.757504e-01
 -2.123397e-02 3.268315e-01 -5.644699e-02
 -5.215387e-02 2.018019e-01 -4.222377e-01
 -3.461336e-01 -2.843006e-02 -8.428778e-01
 -4.351226e-01 -1.347503e-01 -1.184014e+00
 -4.174206e-01 -1.606652e-01 -1.554935e+00
 -2.856662e-01 -1.145150e-01 -1.898327e+00
 -7.070465e-02 1.506676e-02 -2.172095e+00
 2.014004e-01 1.886987e-01 -2.332001e+00
 5.281084e-01 3.576424e-01 -2.369630e+00
 8.552824e-01 4.910670e-01 -2.277014e+00
 1.140762e+00 5.914076e-01 -2.060334e+00
 1.334860e+00 6.501126e-01 -1.754740e+00
 1.446613e+00 7.136380e-01 -1.203150e+00
 1.603345e+00 8.229996e-01 -9.472694e-01
 1.701449e+00 9.895688e-01 -7.709944e-01
 1.707947e+00 1.231598e+00 -5.610280e-01
 1.584473e+00 1.475710e+00 -3.198086e-01
 1.319086e+00 1.671876e+00 -8.871614e-02
 9.948737e-01 1.767396e+00 5.708818e-02
 6.284569e-01 1.777802e+00 1.093050e-01
 2.739611e-01 1.701159e+00 6.326859e-02
 -5.235176e-01 1.248178e+00 -2.473017e-01
 -8.027883e-01 9.000340e-01 -3.478351e-01
 -8.625024e-01 8.093153e-01 -3.994951e-01
 -1.036017e+00 6.372701e-01 -5.057176e-01
 -1.316529e+00 3.669796e-01 -5.228995e-01
 -1.583718e+00 7.860465e-02 -3.932774e-01
 -1.750358e+00 -1.785601e-01 -1.611206e-01
 -1.804198e+00 -4.036487e-01 1.445881e-01
 -1.734310e+00 -5.756064e-01 4.782020e-01
 -1.492364e+00 -7.193910e-01 8.715618e-01
 -1.415946e+00 -8.273375e-01 1.062534e+00
 -1.398463e+00 -9.764676e-01 1.279440e+00
 -1.352236e+00 -1.243947e+00 1.443261e+00
 -1.219199e+00 -1.535633e+00 1.532917e+00
 -9.999866e-01 -1.787094e+00 1.553758e+00
 -7.175861e-01 -1.962753e+00 1.518175e+00
 -3.999277e-01 -2.039946e+00 1.435184e+00
 -8.475090e-02 -2.009606e+00 1.322817e+00
 1.990875e-01 -1.875433e+00 1.183481e+00
 4.093853e-01 -1.658936e+00 1.017223e+00
 5.233456e-01 -1.382390e+00 8.474242e-01
 5.451408e-01 -7.229336e-01 5.472848e-01
 6.167452e-01 -4.871442e-01 4.625545e-01
 8.163613e-01 -6.677393e-02 4.180785e-01
 9.490573e-01 2.053993e-01 2.909311e-01
 9.918283e-01 4.387424e-01 1.011879e-01
 9.314649e-01 6.761183e-01 -1.560428e-01
 7.404342e-01 8.965781e-01 -4.257605e-01
 6.796617e-01 1.070626e+00 -6.226931e-01
 6.931273e-01 1.282227e+00 -7.995827e-01
 8.432880e-01 1.524132e+00 -1.034680e+00
 1.113657e+00 1.683072e+00 -1.260216e+00
 1.451655e+00 1.710416e+00 -1.455995e+00
 1.813533e+00 1.606966e+00 -1.580260e+00
