 1.343954e+00 -1.193229e+00 -3.105045e-01
 1.555475e+00 -1.128558e+00 -4.719797e-01
 1.764110e+00 -1.177731e+00 -6.847000e-01
 1.900846e+00 -1.304496e+00 -1.000691e+00
 1.907726e+00 -1.459131e+00 -1.345759e+00
 1.767327e+00 -1.609028e+00 -1.683157e+00
 1.517699e+00 -1.698342e+00 -1.939652e+00
 1.170935e+00 -1.712406e+00 -2.118298e+00
 7.915068e-01 -1.653406e+00 -2.172412e+00
 4.227120e-01 -1.537728e+00 -2.087173e+00
 1.238151e-01 -1.383288e+00 -1.870033e+00
 -5.581760e-02 -1.210235e+00 -1.551849e+00
 -1.093014e-01 -8.737890e-01 -8.354402e-01
 -8.244872e-02 -7.149778e-01 -5.840963e-01
 -4.037992e-02 -5.752585e-01 -4.177248e-01
 3.840424e-02 -4.050507e-01 -2.682692e-01
 2.648354e-01 -1.246708e-01 -2.325622e-02
 5.036474e-01 5.251352e-01 2.717601e-02
 4.610564e-01 9.841081e-01 2.820341e-02
 2.173980e-01 1.299367e+00 -4.558624e-02
 -2.219184e-01 1.477107e+00 -2.222331e-01
 -6.496788e-01 1.431658e+00 -4.165166e-01
 -1.365886e+00 1.275518e+00 -8.396027e-01
 -1.751382e+00 1.158494e+00 -8.920764e-01
 -2.114614e+00 1.011057e+00 -7.873924e-01
 -2.397900e+00 8.562223e-01 -5.431580e-01
 -2.557001e+00 7.179501e-01 -1.992469e-01
 -2.569781e+00 6.112571e-01 2.213303e-01
 -2.449421e+00 5.574281e-01 5.633546e-01
 -2.202074e+00 5.592620e-01 8.636690e-01
 -1.894147e+00 6.003602e-01 1.036341e+00
 -1.503359e+00 7.203255e-01 1.073688e+00
 -1.255771e+00 9.280430e-01 1.051007e+00
 -1.104098e+00 1.233102e+00 1.002122e+00
 -9.975397e-01 1.489875e+00 8.435002e-01
 -9.048154e-01 2.238046e+00 1.571827e-01
 -8.310701e-01 2.408260e+00 -1.894357e-01
 -7.286584e-01 2.436393e+00 -5.635238e-01
 -6.133921e-01 2.316858e+00 -9.225207e-01
 -5.089937e-01 2.066034e+00 -1.217901e+00
 -2.899767e-01 9.825957e-01 -1.807604e+00
 -1.900327e-01 6.759704e-01 -1.868184e+00
 -5.291737e-02 3.796820e-01 -1.830432e+00
 1.075750e-01 1.251456e-01 -1.698416e+00
 2.815011e-01 -6.111604e-02 -1.484388e+00
 4.348570e-01 -1.373570e-01 -1.249146e+00
 5.648043e-01 -1.267739e-01 -1.083339e+00
 1.102407e+00 -1.215203e-01 -6.554948e-01
 1.283964e+00 -1.651457e-01 -3.075507e-01
 1.300789e+00 -2.618673e-01 9.940100e-02
 1.280891e+00 -6.194295e-01 6.258006e-01
 1.334591e+00 -6.556098e-01 9.409864e-01
 1.357065e+00 -5.558336e-01 1.317130e+00
 1.294748e+00 -3.227888e-01 1.653556e+00
 1.143978e+00 -4.566480e-02 1.861176e+00
 8.905812e-01 2.260285e-01 1.958380e+00
 5.856372e-01 4.830941e-01 1.909992e+00
 2.940575e-01 6.875317e-01 1.714196e+00
 5.273991e-02 7.952489e-01 1.404393e+00
 -2.475990e-01 7.649279e-01 7.392159e-01
 -3.974904e-01 7.033089e-01 5.105402e-01
 -5.609373e-01 5.471645e-01 9.856421e-02
 -5.809364e-01 4.490060e-01 -1.808238e-01
 -5.016962e-01 4.348775e-01 -4.427662e-01
 -3.203669e-01 4.986164e-01 -6.508230e-01
 9.837141e-03 6.969001e-01 -8.573535e-01
 3.207221e-01 8.629910e-01 -9.925869e-01
 6.838080e-01 8.778252e-01 -1.283260e+00
 1.023773e+00 6.567160e-01 -1.574401e+00
 1.242356e+00 2.531254e-01 -1.767938e+00
 1.297841e+00 -2.373141e-01 -1.808975e+00
 1.189444e+00 -7.028052e-01 -1.677012e+00
 9.762796e-01 -1.029108e+00 -1.383613e+00
 9.194752e-01 -1.214970e+00 -1.251624e+00
 8.862700e-01 -1.461352e+00 -1.168003e+00
 9.524403e-01 -1.738959e+00 -1.077628e+00
 1.130216e+00 -1.979489e+00 -9.271014e-01
 1.365584e+00 -2.129448e+00 -7.128424e-01
 1.617940e+00 -2.161539e+00 -4.519160e-01
 1.840327e+00 -2.078797e+00 -2.070752e-01
 2.021098e+00 -1.894127e+00 1.451424e-02
 2.144450e+00 -1.630860e+00 1.840793e-01
 2.307460e+00 -4.667260e-01 6.063429e-01
 2.143269e+00 -3.328977e-02 7.792000e-01
 1.791080e+00 2.823860e-01 8.969866e-01
 1.335991e+00 4.142391e-01 9.294413e-01
 9.125909e-01 3.204557e-01 9.272497e-01
 6.073244e-01 5.874016e-02 9.689376e-01
 4.420462e-01 -1.414830e-01 1.105507e+00
 2.725776e-01 -4.339140e-01 1.411364e+00
 5.205216e-02 -6.582325e-01 1.573270e+00
 -2.287236e-01 -8.517874e-01 1.628757e+00
 -5.518034e-01 -9.772217e-01 1.587979e+00
 -8.759772e-01 -1.020419e+00 1.450605e+00
 -1.171117e+00 -9.592267e-01 1.247212e+00
 -1.395977e+00 -7.965387e-01 1.010793e+00
 -1.517418e+00 -5.597602e-01 7.616943e-01
 -1.532494e+00 1.682846e-01 1.814864e-01
 -1.566393e+00 4.748386e-01 6.367445e-02
 -1.562886e+00 8.096884e-01 6.309274e-02
 -1.652251e+00 1.083000e+00 1.284598e-01
 -1.862286e+00 1.359929e+00 3.146026e-01
 -1.994282e+00 1.518614e+00 5.844880e-01
 -2.046782e+00 1.609158e+00 9.425972e-01
 -2.016827e+00 1.594718e+00 1.288747e+00
 -1.886422e+00 1.476387e+00 1.654050e+00
 -1.708934e+00 1.289507e+00 1.903217e+00
 -1.492743e+00 1.044891e+00 2.047394e+00
 -1.264723e+00 7.728291e-01 2.070260e+00
 -1.052572e+00 5.061663e-01 1.969905e+00
 -8.820834e-01 2.770514e-01 1.758768e+00
 -5.626563e-01 -2.247604e-01 8.625501e-01
 -4.994190e-01 -3.922769e-01 7.321879e-01
 -3.481088e-01 -6.796230e-01 6.310058e-01
 -1.378273e-01 -9.150694e-01 5.952428e-01
 1.694106e-01 -1.092094e+00 4.735050e-01
 8.417807e-01 -1.264597e+00 -3.174241e-02
 1.068776e+00 -1.266690e+00 -1.700270e-01
 1.234253e+00 -1.236587e+00 -2.438156e-01
