 -4.744030e-01 -1.163841e-02 1.341939e+00
 -2.196514e-01 2.625560e-01 1.291866e+00
 6.136671e-02 7.897595e-01 1.408014e+00
 2.128144e-01 1.074509e+00 1.364619e+00
 3.733642e-01 1.325855e+00 1.220571e+00
 5.205537e-01 1.513634e+00 9.910587e-01
 6.428606e-01 1.639665e+00 6.578390e-01
 6.784632e-01 1.677808e+00 3.295084e-01
 6.299605e-01 1.647568e+00 3.394268e-03
 3.844063e-01 1.424341e+00 -6.063909e-01
 3.827771e-01 1.335962e+00 -9.281810e-01
 4.680830e-01 1.167864e+00 -1.198438e+00
 5.974645e-01 8.438054e-01 -1.433340e+00
 7.318372e-01 4.810383e-01 -1.512862e+00
 1.032817e+00 -5.506880e-01 -1.317047e+00
 1.026048e+00 -9.274921e-01 -1.184937e+00
 9.162446e-01 -1.220555e+00 -1.018678e+00
 7.417049e-01 -1.495984e+00 -6.976022e-01
 7.321986e-01 -1.789775e+00 -4.909959e-01
 8.594100e-01 -2.036431e+00 -2.842605e-01
 1.056092e+00 -2.168385e+00 -2.428261e-02
 1.308521e+00 -2.155609e+00 3.184267e-01
 1.504016e+00 -1.985850e+00 6.329473e-01
 1.617877e+00 -1.691290e+00 8.883361e-01
 1.641762e+00 -1.314769e+00 1.040539e+00
 1.580732e+00 -9.107661e-01 1.062103e+00
 1.225631e+00 -1.505836e-02 7.999309e-01
 1.040176e+00 2.429480e-01 7.039123e-01
 7.894080e-01 4.549168e-01 6.033554e-01
 3.173893e-01 6.838210e-01 4.337854e-01
 4.283480e-02 8.527892e-01 3.512213e-01
 -2.288919e-01 1.186948e+00 3.268046e-01
 -6.627858e-01 1.608339e+00 3.124322e-01
 -9.604559e-01 1.813975e+00 1.785396e-01
 -1.239951e+00 1.924850e+00 -5.784107e-02
 -1.462888e+00 1.924104e+00 -3.549408e-01
 -1.584402e+00 1.835219e+00 -6.858308e-01
 -1.598800e+00 1.657631e+00 -1.016608e+00
 -1.515012e+00 1.398350e+00 -1.286856e+00
 -1.332919e+00 1.103526e+00 -1.458916e+00
 -5.195316e-01 1.682100e-01 -1.612997e+00
 -3.234723e-01 -7.213393e-02 -1.558487e+00
 -1.536406e-01 -2.952933e-01 -1.415893e+00
 -2.272853e-02 -4.744290e-01 -1.201776e+00
 8.174161e-02 -5.775987e-01 -9.484117e-01
 3.611099e-01 -5.972073e-01 -3.404586e-01
 3.399830e-01 -3.856345e-01 1.674834e-01
 2.712596e-01 -4.106812e-01 5.360521e-01
 3.970672e-01 -5.562087e-01 1.204536e+00
 4.072637e-01 -5.111264e-01 1.565173e+00
 3.146687e-01 -3.744045e-01 1.907331e+00
 1.282424e-01 -1.652230e-01 2.169397e+00
 -1.295249e-01 8.823607e-02 2.311645e+00
 -4.235675e-01 3.487799e-01 2.308737e+00
 -7.092000e-01 5.744200e-01 2.157579e+00
 -9.298310e-01 7.540020e-01 1.871747e+00
 -1.052677e+00 8.438440e-01 1.487187e+00
 -1.069414e+00 8.070891e-01 1.079401e+00
 -9.886916e-01 6.373747e-01 7.069461e-01
 -8.773511e-01 4.224302e-01 5.169949e-01
 -8.050821e-01 1.613882e-01 3.965966e-01
 -7.361741e-01 -2.003855e-01 3.528273e-01
 -6.782038e-01 -5.317975e-01 2.152387e-01
 -6.161909e-01 -7.172981e-01 6.390109e-02
 -5.948186e-01 -8.289858e-01 -7.560633e-02
 -5.879494e-01 -1.145420e+00 -3.499897e-01
 -8.629698e-02 -1.897217e+00 -1.142411e+00
 1.875527e-01 -2.077725e+00 -1.334834e+00
 5.400771e-01 -2.191906e+00 -1.429093e+00
 9.213307e-01 -2.226081e+00 -1.408217e+00
 1.274369e+00 -2.178695e+00 -1.273102e+00
 1.568775e+00 -2.032930e+00 -1.043908e+00
 1.736811e+00 -1.813760e+00 -7.623565e-01
 1.749806e+00 -1.550080e+00 -4.660554e-01
 1.599865e+00 -1.298613e+00 -1.748551e-01
 1.343624e+00 -1.152434e+00 6.061561e-02
 1.093304e+00 -1.132876e+00 1.938210e-01
 8.503649e-01 -1.242908e+00 3.665305e-01
 5.552355e-01 -1.390711e+00 4.540640e-01
 -5.522338e-01 -1.576867e+00 6.200152e-01
 -9.120474e-01 -1.546698e+00 5.793463e-01
 -1.231171e+00 -1.435080e+00 4.457537e-01
 -1.470804e+00 -1.245027e+00 2.437584e-01
 -1.598442e+00 -9.919735e-01 8.425656e-03
 -1.595511e+00 -7.097037e-01 -2.303238e-01
 -1.460644e+00 -4.359947e-01 -4.420414e-01
 -1.210390e+00 -2.065344e-01 -5.967343e-01
 -8.838346e-01 -3.822516e-02 -6.576912e-01
 -2.566329e-01 2.985706e-01 -5.373565e-01
 -3.936383e-02 3.813730e-01 -5.408477e-01
 1.740684e-01 4.106622e-01 -5.510918e-01
 5.645197e-01 4.065748e-01 -5.048841e-01
 9.029223e-01 5.443093e-01 -4.766305e-01
 1.242952e+00 8.408977e-01 -5.920304e-01
 1.405713e+00 1.268577e+00 -7.516655e-01
 1.346128e+00 1.717068e+00 -8.903168e-01
 1.088433e+00 2.094697e+00 -9.841748e-01
 6.877088e-01 2.322779e+00 -1.036317e+00
 2.278006e-01 2.358233e+00 -1.035318e+00
 -1.988531e-01 2.197303e+00 -9.805843e-01
 -5.072972e-01 1.875166e+00 -8.822006e-01
 -6.697799e-01 1.367856e+00 -7.036703e-01
 -8.030079e-01 1.153303e+00 -5.883000e-01
 -1.620297e+00 6.337886e-01 -1.464236e-01
 -1.804091e+00 3.809409e-01 9.142099e-02
 -1.852209e+00 1.337193e-01 4.037366e-01
 -1.755000e+00 -6.071702e-02 7.416146e-01
 -1.527737e+00 -1.721608e-01 1.051077e+00
 -1.167471e+00 -1.975489e-01 1.300102e+00
 -7.781874e-01 -1.427902e-01 1.384862e+00
