 -6.011452e-01 9.386266e-02 -2.624609e-01
 -5.176804e-01 4.662070e-01 -5.803067e-02
 -5.054621e-01 6.483301e-01 2.578951e-02
 -4.515720e-01 9.317930e-01 9.243615e-02
 -2.928220e-01 1.224228e+00 1.721201e-01
 -5.329712e-02 1.452847e+00 2.626090e-01
 9.587861e-01 1.935254e+00 5.896153e-01
 1.321737e+00 1.992202e+00 6.128579e-01
 1.683276e+00 1.952929e+00 5.446412e-01
 1.994497e+00 1.824967e+00 3.898499e-01
 2.229696e+00 1.602599e+00 1.619486e-01
 2.332046e+00 1.324123e+00 -7.773059e-02
 2.293765e+00 1.022440e+00 -3.023390e-01
 2.121752e+00 7.635080e-01 -4.887336e-01
 1.861416e+00 5.951355e-01 -6.289364e-01
 1.560815e+00 5.367858e-01 -7.397407e-01
 1.305348e+00 5.927549e-01 -8.590145e-01
 1.098551e+00 7.357333e-01 -1.051613e+00
 9.297894e-01 8.871356e-01 -1.123835e+00
 6.298876e-01 1.040818e+00 -1.155600e+00
 2.695916e-01 1.111651e+00 -1.124897e+00
 -9.081805e-01 9.760582e-01 -8.463442e-01
 -1.161175e+00 9.048460e-01 -7.084095e-01
 -1.371251e+00 7.925496e-01 -5.009537e-01
 -1.498280e+00 6.510219e-01 -2.658719e-01
 -1.528389e+00 5.326293e-01 -1.003319e-01
 -1.558295e+00 2.892265e-01 7.156584e-02
 -1.694678e+00 8.181303e-02 2.146261e-01
 -1.914925e+00 -1.256658e-01 2.857440e-01
 -2.150692e+00 -3.543547e-01 2.396979e-01
 -2.333778e+00 -5.816593e-01 8.888159e-02
 -2.434948e+00 -7.906082e-01 -1.382126e-01
 -2.444064e+00 -9.718702e-01 -4.108816e-01
 -2.352410e+00 -1.119730e+00 -6.916662e-01
 -2.168756e+00 -1.211607e+00 -9.648309e-01
 -1.929783e+00 -1.218899e+00 -1.194884e+00
 -1.657835e+00 -1.145412e+00 -1.364276e+00
 -1.379224e+00 -1.003183e+00 -1.455432e+00
 -4.507734e-01 -3.322148e-01 -1.460589e+00
 -1.869612e-01 -1.575386e-01 -1.366485e+00
 4.899004e-02 -1.270219e-02 -1.183670e+00
 2.265449e-01 9.463556e-02 -9.319464e-01
 3.244472e-01 2.097334e-01 -6.501421e-01
 4.643492e-01 4.388328e-01 -2.841665e-01
 4.980624e-01 5.595826e-01 2.881210e-02
 4.863777e-01 6.164715e-01 4.684818e-01
 5.589801e-01 6.340949e-01 8.204813e-01
 7.260295e-01 5.979662e-01 1.171581e+00
 9.567907e-01 4.690782e-01 1.481045e+00
 1.176006e+00 2.462277e-01 1.701316e+00
 1.341801e+00 -4.710670e-02 1.823201e+00
 1.444132e+00 -3.897979e-01 1.848066e+00
 1.468223e+00 -7.400751e-01 1.774248e+00
 1.408900e+00 -1.055081e+00 1.612250e+00
 1.271223e+00 -1.296151e+00 1.383456e+00
 1.049833e+00 -1.446063e+00 1.098201e+00
 7.525891e-01 -1.484012e+00 8.153939e-01
 4.095856e-01 -1.433260e+00 6.137957e-01
 5.502788e-02 -1.347773e+00 5.268543e-01
 -3.961703e-01 -1.195643e+00 5.514147e-01
 -7.736904e-01 -1.074413e+00 4.384720e-01
 -1.118566e+00 -9.817593e-01 1.982242e-01
 -1.362858e+00 -8.791576e-01 -1.343137e-01
 -1.443963e+00 -7.723017e-01 -3.633149e-01
 -1.529292e+00 -5.095762e-01 -5.832953e-01
 -1.689538e+00 -3.465051e-01 -7.117890e-01
 -1.941392e+00 -1.547955e-01 -7.636618e-01
 -2.223639e+00 7.549030e-02 -6.884237e-01
 -2.431117e+00 2.889416e-01 -5.028118e-01
 -2.535289e+00 4.960609e-01 -2.336353e-01
 -2.523430e+00 6.703370e-01 7.072209e-02
 -2.387264e+00 8.079839e-01 3.973594e-01
 -2.176663e+00 8.639033e-01 6.592621e-01
 -1.910344e+00 8.419294e-01 8.616779e-01
 -1.619507e+00 7.491164e-01 9.851095e-01
 -1.333836e+00 5.986950e-01 1.020347e+00
 -4.662687e-01 -2.748626e-02 8.262738e-01
 -1.722741e-01 -1.974696e-01 6.486089e-01
 7.207787e-02 -3.107481e-01 3.830337e-01
 2.081946e-01 -3.822486e-01 2.582840e-01
 4.519356e-01 -5.389288e-01 5.257261e-02
 6.733736e-01 -6.014402e-01 -1.491520e-01
 8.696847e-01 -5.967308e-01 -3.830944e-01
 1.421176e+00 -3.333798e-01 -1.269265e+00
 1.583657e+00 -1.582185e-01 -1.493361e+00
 1.729930e+00 9.411046e-02 -1.646401e+00
 1.845689e+00 3.972002e-01 -1.710183e+00
 1.919610e+00 7.180607e-01 -1.676012e+00
 1.932594e+00 1.066146e+00 -1.537460e+00
 1.869085e+00 1.337409e+00 -1.329109e+00
 1.745349e+00 1.521249e+00 -1.061113e+00
 1.578633e+00 1.587935e+00 -7.692413e-01
 1.414939e+00 1.531782e+00 -4.750539e-01
 1.303251e+00 1.377801e+00 -2.163729e-01
 1.293407e+00 1.192817e+00 -2.127982e-02
 1.415042e+00 9.804776e-01 2.133205e-01
 1.495777e+00 7.433789e-01 3.176930e-01
 1.479868e+00 3.550231e-01 4.499498e-01
 1.342593e+00 5.430556e-03 5.954663e-01
 1.130241e+00 -2.612113e-01 7.742239e-01
 9.215151e-01 -4.141059e-01 9.654431e-01
 6.683863e-01 -4.953925e-01 1.172516e+00
 4.203258e-01 -6.672987e-01 1.351653e+00
 1.909787e-01 -9.532922e-01 1.500797e+00
 8.205530e-04 -1.307723e+00 1.553882e+00
 -1.575162e-01 -1.655271e+00 1.482606e+00
 -2.866970e-01 -1.926417e+00 1.308073e+00
 -3.955362e-01 -2.123157e+00 1.044326e+00
 -4.744573e-01 -2.222239e+00 7.229065e-01
 -5.176122e-01 -2.212116e+00 3.807900e-01
 -5.230945e-01 -2.093602e+00 5.773901e-02
 -4.933562e-01 -1.879820e+00 -2.095026e-01
 -4.332338e-01 -1.545586e+00 -4.200042e-01
 -3.870144e-01 -1.127074e+00 -5.214233e-01
 -4.148188e-01 -7.007494e-01 -5.081981e-01
 -5.721637e-01 -2.207289e-01 -3.928140e-01
