 -2.381461e+00 8.772331e-02 -1.368536e-01
 -2.453162e+00 -2.118463e-02 1.377619e-01
 -2.436043e+00 -1.500659e-01 4.106179e-01
 -2.333319e+00 -2.878497e-01 6.568603e-01
 -2.156091e+00 -4.240743e-01 8.545026e-01
 -1.919191e+00 -5.431363e-01 9.897159e-01
 -1.641917e+00 -6.247318e-01 1.056761e+00
 -1.349253e+00 -6.621179e-01 1.050571e+00
 -5.732747e-01 -6.296669e-01 8.425456e-01
 -5.556540e-02 -6.077101e-01 7.017708e-01
 2.176332e-01 -6.064678e-01 7.328377e-01
 5.183265e-01 -6.862312e-01 8.491561e-01
 8.580812e-01 -8.318127e-01 1.094939e+00
 1.161568e+00 -8.198944e-01 1.302743e+00
 1.465061e+00 -6.794124e-01 1.467733e+00
 1.723111e+00 -4.281517e-01 1.566564e+00
 1.919579e+00 -7.764547e-02 1.578636e+00
 2.004751e+00 2.740139e-01 1.494560e+00
 1.979080e+00 6.044628e-01 1.328742e+00
 1.841770e+00 8.649770e-01 1.111840e+00
 1.583705e+00 1.046403e+00 8.813668e-01
 1.327185e+00 1.101771e+00 7.502400e-01
 1.064845e+00 1.120754e+00 7.220783e-01
 8.356017e-01 1.191660e+00 7.363016e-01
 4.484947e-01 1.355451e+00 8.599456e-01
 1.728285e-01 1.401428e+00 8.952321e-01
 -1.097558e-01 1.383165e+00 8.851194e-01
 -3.761901e-01 1.294482e+00 8.423390e-01
 -6.035673e-01 1.138491e+00 7.861149e-01
 -1.207682e+00 3.963025e-01 5.715887e-01
 -1.351049e+00 1.772674e-01 4.451223e-01
 -1.427797e+00 1.625110e-02 3.016732e-01
 -1.445105e+00 -1.160873e-01 2.002514e-01
 -1.466736e+00 -2.597928e-01 1.281802e-01
 -1.516759e+00 -4.052716e-01 6.780231e-02
 -1.643450e+00 -6.315181e-01 -8.874637e-02
 -1.820596e+00 -8.127810e-01 -3.685248e-01
 -1.968338e+00 -8.840224e-01 -7.222254e-01
 -2.030443e+00 -8.449090e-01 -1.088231e+00
 -1.998675e+00 -7.089334e-01 -1.434547e+00
 -1.874615e+00 -4.966679e-01 -1.715627e+00
 -1.672033e+00 -2.386763e-01 -1.894865e+00
 -1.415692e+00 2.772731e-02 -1.948856e+00
 -1.138284e+00 2.636624e-01 -1.871691e+00
 -8.070547e-01 4.568913e-01 -1.643234e+00
 -4.289207e-01 4.984447e-01 -1.300632e+00
 -1.429699e-01 5.987406e-01 -1.123719e+00
 5.809329e-02 7.438215e-01 -8.598381e-01
 1.517754e-01 8.592384e-01 -5.168364e-01
 1.369914e-01 8.914639e-01 -2.094073e-01
 1.177995e-01 8.067858e-01 3.667634e-02
 9.746423e-02 5.298599e-01 3.663027e-01
 1.107404e-01 4.234401e-01 6.230165e-01
 3.256445e-02 3.514465e-01 1.043302e+00
 -6.595582e-03 1.935447e-01 1.333157e+00
 2.902291e-03 -5.894879e-02 1.568886e+00
 1.131399e-02 -3.967440e-01 1.711570e+00
 -2.493371e-05 -7.530875e-01 1.729528e+00
 -1.816109e-02 -1.088694e+00 1.623061e+00
 -1.699617e-02 -1.362119e+00 1.402196e+00
 1.873244e-02 -1.549929e+00 1.096632e+00
 8.408829e-02 -1.624011e+00 7.332825e-01
 1.483918e-01 -1.561866e+00 3.728785e-01
 2.251465e-01 -1.286582e+00 -8.661820e-02
 2.668300e-01 -1.229463e+00 -3.932951e-01
 3.875270e-01 -1.331174e+00 -9.350554e-01
 4.194426e-01 -1.306725e+00 -1.221057e+00
 4.272424e-01 -1.205087e+00 -1.491109e+00
 4.099348e-01 -1.030091e+00 -1.729790e+00
 3.772043e-01 -8.151456e-01 -1.896860e+00
 3.360161e-01 -5.589878e-01 -1.998264e+00
 1.499891e-01 6.632663e-01 -2.119354e+00
 5.704434e-02 9.375836e-01 -2.080708e+00
 -7.775077e-02 1.175519e+00 -1.978028e+00
 -2.395385e-01 1.360278e+00 -1.813981e+00
 -4.094821e-01 1.475805e+00 -1.597421e+00
 -5.725335e-01 1.509707e+00 -1.345637e+00
 -7.135104e-01 1.456164e+00 -1.079861e+00
 -8.179609e-01 1.317487e+00 -8.247767e-01
 -8.746113e-01 1.104587e+00 -6.047917e-01
 -8.764854e-01 8.377868e-01 -4.427537e-01
 -8.139984e-01 5.485682e-01 -3.491393e-01
 -5.953652e-01 1.365267e-01 -2.774657e-01
 -5.303776e-01 -1.103216e-01 -2.277202e-01
 -5.188405e-01 -3.562576e-01 -1.881150e-01
 -5.795407e-01 -6.449590e-01 -1.989483e-01
 -7.441466e-01 -1.028241e+00 -2.988674e-01
 -7.523938e-01 -1.396845e+00 -3.811144e-01
 -6.238415e-01 -1.746262e+00 -4.411371e-01
 -3.772226e-01 -2.027845e+00 -4.723827e-01
 -3.069894e-02 -2.215597e+00 -4.622196e-01
 3.250834e-01 -2.266392e+00 -4.115317e-01
 6.674507e-01 -2.184046e+00 -3.384084e-01
 9.891584e-01 -1.954956e+00 -2.472951e-01
 1.189380e+00 -1.634388e+00 -1.598960e-01
 1.252355e+00 -1.259743e+00 -8.103516e-02
 1.171403e+00 -8.965580e-01 -2.384838e-02
 8.752711e-01 -4.127191e-01 -4.808246e-02
 8.134372e-01 -1.196844e-01 -8.651338e-02
 8.538182e-01 8.081150e-02 -1.366106e-01
 1.100247e+00 5.723686e-01 -2.367510e-01
 1.210701e+00 1.186333e+00 -2.772960e-01
 1.242098e+00 1.483523e+00 -2.070267e-01
 1.261921e+00 1.748451e+00 -4.963424e-02
 1.269754e+00 1.955146e+00 1.808040e-01
 1.266389e+00 2.083660e+00 4.634933e-01
 1.253675e+00 2.121081e+00 7.726255e-01
 1.232026e+00 2.062685e+00 1.080008e+00
 1.204996e+00 1.912982e+00 1.353941e+00
 1.159936e+00 1.688013e+00 1.567437e+00
 1.093676e+00 1.402406e+00 1.701459e+00
 1.028728e+00 1.087441e+00 1.737017e+00
 9.804224e-01 7.671949e-01 1.669126e+00
 9.720536e-01 4.831294e-01 1.504785e+00
 1.011804e+00 2.705167e-01 1.271971e+00
 1.064714e+00 1.731597e-01 1.066745e+00
 1.205316e+00 9.955733e-02 8.473153e-01
 1.555761e+00 -7.339738e-03 6.023448e-01
 1.773328e+00 -6.085502e-02 3.114494e-01
 1.871639e+00 -1.048718e-01 8.031619e-03
 1.861898e+00 -1.512978e-01 -2.947801e-01
 1.748079e+00 -2.015515e-01 -5.786802e-01
 1.530215e+00 -2.531807e-01 -8.249265e-01
 1.201021e+00 -2.953516e-01 -1.016836e+00
 8.561530e-01 -3.074927e-01 -1.085148e+00
 3.226340e-01 -3.016328e-01 -1.010250e+00
 5.891317e-02 -3.792823e-01 -1.033106e+00
 -3.576077e-01 -5.105368e-01 -1.195794e+00
 -7.824032e-01 -4.756417e-01 -1.191962e+00
 -1.101915e+00 -3.261257e-01 -1.024590e+00
 -1.466680e+00 -1.267747e-04 -8.900585e-01
 -1.740025e+00 1.288114e-01 -7.755520e-01
 -2.011690e+00 1.777102e-01 -6.050747e-01
 -2.228922e+00 1.596397e-01 -3.902633e-01
