 4.632719e-01 -1.740534e+00 -2.474920e-01
 3.252781e-01 -1.838349e+00 -5.093694e-02
 1.015683e-01 -2.161803e+00 3.439245e-01
 -1.766755e-01 -2.279215e+00 6.246856e-01
 -5.182639e-01 -2.250982e+00 8.549601e-01
 -8.702968e-01 -2.083964e+00 9.926424e-01
 -1.180434e+00 -1.810191e+00 1.006699e+00
 -1.401543e+00 -1.478350e+00 8.888700e-01
 -1.514973e+00 -1.167362e+00 6.432097e-01
 -1.505625e+00 -9.396530e-01 3.247705e-01
 -1.440992e+00 -8.535666e-01 -1.796083e-03
 -1.400952e+00 -8.708685e-01 -2.383856e-01
 -1.446219e+00 -9.085264e-01 -6.058893e-01
 -1.622741e+00 -7.306700e-01 -1.060725e+00
 -1.749199e+00 -3.096153e-01 -1.379898e+00
 -1.764749e+00 2.296831e-01 -1.463707e+00
 -1.644268e+00 7.313124e-01 -1.300051e+00
 -1.395849e+00 1.061939e+00 -9.476802e-01
 -1.070233e+00 1.129176e+00 -5.176527e-01
 -6.926683e-01 8.817057e-01 -7.817483e-02
 -5.623426e-01 8.475438e-01 1.371538e-01
 -4.820473e-01 8.441679e-01 3.864178e-01
 -4.721276e-01 8.323977e-01 8.257030e-01
 -2.804115e-01 8.612928e-01 1.218155e+00
 5.955889e-02 9.245406e-01 1.488978e+00
 4.817480e-01 1.046533e+00 1.589410e+00
 8.849767e-01 1.224037e+00 1.503141e+00
 1.191815e+00 1.419430e+00 1.249349e+00
 1.344851e+00 1.605329e+00 8.852268e-01
 1.321097e+00 1.730785e+00 5.658979e-01
 1.218219e+00 1.864113e+00 3.815982e-01
 1.156207e+00 2.034958e+00 2.222182e-01
 1.167985e+00 2.205145e+00 -8.395152e-02
 1.176011e+00 2.235541e+00 -5.198275e-01
 1.163802e+00 2.083063e+00 -9.262593e-01
 1.112048e+00 1.782873e+00 -1.232775e+00
 1.040686e+00 1.385693e+00 -1.386399e+00
 7.931998e-01 2.582937e-02 -1.302079e+00
 7.081153e-01 -2.897314e-01 -1.163996e+00
 6.144599e-01 -5.289359e-01 -9.287096e-01
 5.619073e-01 -6.815506e-01 -6.172097e-01
 5.737272e-01 -7.229446e-01 -3.012357e-01
 7.049147e-01 -7.709967e-01 -3.436600e-02
 9.328478e-01 -9.703227e-01 2.342422e-01
 1.146487e+00 -1.316310e+00 3.878130e-01
 1.266241e+00 -1.744646e+00 3.914656e-01
 1.252607e+00 -2.168048e+00 2.588873e-01
 1.108113e+00 -2.505098e+00 2.170801e-02
 8.497770e-01 -2.703547e+00 -2.548224e-01
 5.142335e-01 -2.735603e+00 -5.195668e-01
 1.761874e-01 -2.592785e+00 -7.431906e-01
 -1.066387e-01 -2.303016e+00 -8.835929e-01
 -2.884233e-01 -1.921622e+00 -9.153147e-01
 -3.765643e-01 -1.282400e+00 -7.828482e-01
 -4.178798e-01 -9.658338e-01 -6.398725e-01
 -4.330900e-01 -7.471263e-01 -4.852621e-01
 -4.271728e-01 -5.499547e-01 -2.233066e-01
 -6.690598e-01 -2.246978e-01 2.114284e-01
 -1.098412e+00 4.082496e-02 4.715583e-01
 -1.337903e+00 2.927997e-01 5.222364e-01
 -1.480974e+00 6.563305e-01 5.488891e-01
 -1.475776e+00 1.048014e+00 5.608275e-01
 -1.325847e+00 1.406294e+00 5.385867e-01
 -1.079777e+00 1.671551e+00 4.604407e-01
 -7.734985e-01 1.833727e+00 3.052845e-01
 -4.728198e-01 1.869131e+00 9.081268e-02
 -1.957772e-03 1.701326e+00 -2.738904e-01
 4.547311e-01 1.462585e+00 -4.149724e-01
 8.429949e-01 1.271500e+00 -3.730654e-01
 1.184836e+00 1.196315e+00 -3.770489e-01
 1.541306e+00 1.271614e+00 -3.877015e-01
 1.896287e+00 1.495989e+00 -2.896127e-01
 2.121847e+00 1.813973e+00 -9.899242e-02
 2.183008e+00 2.149718e+00 1.741787e-01
 2.069809e+00 2.434931e+00 4.804441e-01
 1.806231e+00 2.616685e+00 7.689587e-01
 1.438406e+00 2.665877e+00 9.875424e-01
 1.031417e+00 2.571984e+00 1.100099e+00
 6.611343e-01 2.347092e+00 1.091744e+00
 3.970968e-01 2.028352e+00 9.689869e-01
 2.981574e-01 1.675908e+00 7.783112e-01
 3.516217e-01 1.421735e+00 6.394633e-01
 4.422427e-01 1.233849e+00 5.758387e-01
 5.156010e-01 1.037900e+00 5.588413e-01
 5.292502e-01 6.820877e-01 5.998037e-01
 3.652178e-01 1.171320e-01 6.935341e-01
 7.746295e-02 -6.568346e-01 7.576179e-01
 -8.556490e-02 -9.400221e-01 7.051061e-01
 -2.965985e-01 -1.174880e+00 5.862730e-01
 -4.683556e-01 -1.297970e+00 4.510004e-01
 -6.257223e-01 -1.446576e+00 2.197370e-01
 -7.830595e-01 -1.637617e+00 6.734135e-02
 -1.111327e+00 -1.831072e+00 -4.462382e-02
 -1.511581e+00 -1.881902e+00 -1.115843e-01
 -1.921035e+00 -1.754432e+00 -1.713898e-01
 -2.248473e+00 -1.459603e+00 -2.072332e-01
 -2.420417e+00 -1.051565e+00 -2.444122e-01
 -2.399828e+00 -6.048646e-01 -2.857570e-01
 -2.186371e+00 -2.070421e-01 -3.315536e-01
 -1.829028e+00 5.275937e-02 -3.813611e-01
 -1.426881e+00 1.299667e-01 -4.807818e-01
 -1.217402e+00 9.733646e-02 -5.868868e-01
 -9.046545e-01 1.199113e-01 -8.310855e-01
 -4.536481e-01 2.646748e-01 -8.653761e-01
 4.677391e-01 3.282473e-01 -3.712290e-01
 8.479238e-01 2.500494e-01 -2.901771e-01
 1.118118e+00 1.441661e-01 -3.263942e-01
 1.394502e+00 -1.095306e-01 -4.040326e-01
 1.547914e+00 -4.234786e-01 -4.919641e-01
 1.575891e+00 -7.958874e-01 -5.792607e-01
 1.467608e+00 -1.153889e+00 -6.287631e-01
 1.234701e+00 -1.452339e+00 -6.316208e-01
 9.260436e-01 -1.645365e+00 -5.744374e-01
 6.473114e-01 -1.715734e+00 -4.498309e-01
