 1.426557e-01 -8.687176e-01 2.380694e+00
 3.657845e-02 -4.336342e-01 2.252878e+00
 -2.334159e-02 -9.372663e-02 1.943892e+00
 -3.282690e-02 1.607895e-01 1.331230e+00
 -5.975274e-02 3.134520e-01 7.182812e-01
 4.352203e-02 4.660848e-01 4.319779e-01
 1.606928e-01 9.318581e-01 -1.439853e-01
 2.652895e-01 1.068298e+00 -3.574688e-01
 4.278481e-01 1.273526e+00 -5.206820e-01
 7.809159e-01 1.455310e+00 -6.422210e-01
 1.223065e+00 1.421128e+00 -7.068637e-01
 1.617467e+00 1.209495e+00 -7.043307e-01
 1.939667e+00 8.076684e-01 -6.509096e-01
 2.043860e+00 3.637556e-01 -5.287978e-01
 1.941170e+00 -4.966747e-02 -3.660938e-01
 1.404110e+00 -6.775046e-01 -1.625408e-01
 1.210843e+00 -1.151612e+00 -2.807145e-01
 1.021339e+00 -1.475377e+00 -6.370584e-01
 7.907385e-01 -1.558846e+00 -1.081810e+00
 5.209390e-01 -1.385588e+00 -1.496324e+00
 2.969306e-01 -1.005526e+00 -1.754360e+00
 1.057327e-01 -4.804642e-01 -1.776497e+00
 -1.684982e-04 -3.394399e-02 -1.520372e+00
 -9.141726e-02 1.923025e-01 -1.084377e+00
 -2.084732e-01 1.965267e-01 -7.340359e-01
 -4.382858e-01 1.183829e-01 -4.694131e-01
 -1.076047e+00 -1.416111e-02 -7.964719e-02
 -1.418252e+00 -9.672059e-02 1.651695e-01
 -1.612851e+00 -2.500019e-01 2.931446e-01
 -1.727463e+00 -5.438363e-01 4.759813e-01
 -1.700214e+00 -8.684976e-01 7.197712e-01
 -1.513380e+00 -1.135419e+00 9.778430e-01
 -1.207367e+00 -1.287784e+00 1.214985e+00
 -8.218915e-01 -1.312645e+00 1.379798e+00
 -4.114476e-01 -1.213200e+00 1.435715e+00
 1.081993e-01 -9.244097e-01 1.340348e+00
 3.807985e-01 -8.615460e-01 1.376670e+00
 6.110309e-01 -8.727646e-01 1.398999e+00
 9.524513e-01 -9.525365e-01 1.313483e+00
 2.027821e+00 -1.261987e+00 4.255067e-01
 2.229801e+00 -1.289449e+00 2.769093e-02
 2.260972e+00 -1.235463e+00 -4.203733e-01
 2.107356e+00 -1.115871e+00 -8.309622e-01
 1.805071e+00 -9.259165e-01 -1.120358e+00
 1.404021e+00 -6.911163e-01 -1.220880e+00
 9.769456e-01 -5.267268e-01 -1.112691e+00
 6.623806e-01 -5.276719e-01 -8.975111e-01
 3.840105e-01 -6.589048e-01 -7.599060e-01
 1.494187e-02 -8.040697e-01 -7.693989e-01
 -3.777887e-01 -8.056264e-01 -9.157418e-01
 -6.864959e-01 -6.724075e-01 -1.073766e+00
 -8.964059e-01 -4.569792e-01 -1.187615e+00
 -1.061522e+00 -1.050707e-01 -1.257361e+00
 -1.112997e+00 3.017502e-01 -1.232573e+00
 -1.032731e+00 6.680676e-01 -1.122278e+00
 -5.402238e-01 1.701913e+00 -2.747190e-01
 -2.344119e-01 1.879302e+00 4.325820e-02
 2.018785e-01 1.879146e+00 2.924655e-01
 6.343825e-01 1.685637e+00 4.063722e-01
 9.832201e-01 1.320176e+00 3.714853e-01
 1.162857e+00 8.268188e-01 1.385269e-01
 1.082190e+00 4.901077e-01 -1.489225e-01
 9.959456e-01 3.779286e-01 -5.032215e-01
 8.874189e-01 5.013723e-01 -1.052890e+00
 7.554946e-01 6.964991e-01 -1.325242e+00
 5.983710e-01 8.518814e-01 -1.447706e+00
 3.798244e-01 1.021433e+00 -1.509318e+00
 -5.177363e-01 1.840768e+00 -1.435739e+00
 -7.964356e-01 2.016694e+00 -1.321353e+00
 -1.054104e+00 2.116669e+00 -1.134123e+00
 -1.261359e+00 2.146648e+00 -9.014165e-01
 -1.405599e+00 2.121850e+00 -6.491308e-01
 -1.766848e+00 1.817312e+00 4.232686e-01
 -1.832418e+00 1.539946e+00 7.926576e-01
 -1.793413e+00 1.203206e+00 1.029380e+00
 -1.647592e+00 8.342981e-01 1.149138e+00
 -1.032356e+00 -6.505705e-02 1.111252e+00
 -8.815147e-01 -3.234001e-01 1.005439e+00
 -6.803187e-01 -5.358745e-01 7.205862e-01
 -6.802731e-01 -7.994483e-01 4.767595e-01
 -8.920397e-01 -1.026200e+00 8.563160e-02
 -1.241888e+00 -1.030451e+00 -3.026516e-01
 -1.637941e+00 -7.820488e-01 -5.945416e-01
 -1.889671e+00 -3.178673e-01 -7.333253e-01
 -1.943014e+00 2.016859e-01 -6.823734e-01
 -1.822790e+00 6.502223e-01 -4.465124e-01
 -1.576569e+00 9.091100e-01 -9.514704e-02
 -1.254095e+00 9.559352e-01 1.797054e-01
 -2.955564e-01 1.309538e+00 9.587748e-01
 2.941757e-01 1.193318e+00 1.214307e+00
 7.137843e-01 9.015225e-01 1.241410e+00
 9.477389e-01 5.008028e-01 1.082631e+00
 9.539143e-01 5.520180e-02 8.147788e-01
 6.468177e-01 -4.587175e-01 4.553901e-01
 4.883757e-01 -8.690977e-01 3.654102e-01
 4.683368e-01 -1.290649e+00 4.387733e-01
 4.775003e-01 -1.659746e+00 7.175569e-01
 4.827570e-01 -1.865492e+00 1.130692e+00
 4.588219e-01 -1.868480e+00 1.611478e+00
 3.989075e-01 -1.669848e+00 2.017920e+00
 2.774107e-01 -1.307569e+00 2.299145e+00
