 8.174518e-01 1.612554e+00 2.339396e+00
 4.095839e-01 1.635641e+00 2.127620e+00
 1.020321e-01 1.515094e+00 1.806526e+00
 -4.467314e-02 1.260588e+00 1.446452e+00
 -4.004770e-06 9.807373e-01 1.157228e+00
 1.918968e-01 5.231457e-01 9.162233e-01
 1.777584e-01 2.767947e-01 7.413788e-01
 3.467418e-02 2.099279e-02 6.306457e-01
 -4.878020e-03 -1.214242e-01 6.025861e-01
 -1.743748e-02 -3.872563e-01 5.903153e-01
 -5.065337e-03 -5.454577e-01 5.900505e-01
 1.615914e-01 -1.156423e+00 5.875858e-01
 2.700117e-01 -1.494523e+00 4.527446e-01
 3.606256e-01 -1.761598e+00 2.026253e-01
 4.196938e-01 -1.920606e+00 -1.277473e-01
 4.398669e-01 -1.954311e+00 -5.011653e-01
 4.098541e-01 -1.853431e+00 -8.523075e-01
 3.080355e-01 -1.673967e+00 -1.112535e+00
 1.513651e-01 -1.567200e+00 -1.253096e+00
 -1.168146e-02 -1.507435e+00 -1.441836e+00
 -1.019590e-01 -1.390627e+00 -1.734036e+00
 -9.527334e-02 -1.149449e+00 -2.048971e+00
 3.119167e-03 -8.120911e-01 -2.264989e+00
 1.473330e-01 -4.261001e-01 -2.325542e+00
 3.243494e-01 -6.595553e-02 -2.221754e+00
 5.114887e-01 2.080616e-01 -1.974023e+00
 6.817318e-01 3.496977e-01 -1.626007e+00
 7.991699e-01 3.392349e-01 -1.252322e+00
 7.997726e-01 -9.090007e-03 -1.041451e-01
 9.918386e-01 -3.546725e-01 4.243330e-01
 9.737089e-01 -3.946121e-01 8.820105e-01
 7.214343e-01 -3.888603e-01 1.312098e+00
 3.068862e-01 -3.409932e-01 1.570791e+00
 -1.013436e-01 -2.210480e-01 1.609997e+00
 -7.403135e-01 3.455908e-01 1.527159e+00
 -1.099409e+00 9.643798e-01 1.257259e+00
 -1.190896e+00 1.180610e+00 1.081651e+00
 -1.265899e+00 1.345661e+00 8.326953e-01
 -1.315691e+00 1.431879e+00 5.447779e-01
 -1.333811e+00 1.434199e+00 2.431463e-01
 -1.315216e+00 1.343896e+00 -8.394476e-02
 -1.262463e+00 1.186024e+00 -3.339424e-01
 -1.190798e+00 1.003069e+00 -4.882159e-01
 -1.140047e+00 7.563602e-01 -5.799654e-01
 -1.167993e+00 5.528293e-01 -6.516944e-01
 -1.193809e+00 3.724469e-01 -7.909836e-01
 -1.172373e+00 2.360802e-01 -9.256679e-01
 -1.071705e+00 6.435014e-02 -1.084680e+00
 -8.591217e-01 -1.360749e-01 -1.239706e+00
 -6.481023e-01 -2.730706e-01 -1.313076e+00
 -4.084183e-01 -3.713649e-01 -1.339231e+00
 1.426277e-01 -4.861001e-01 -1.295382e+00
 3.605310e-01 -5.750697e-01 -1.333721e+00
 5.781880e-01 -6.663037e-01 -1.417320e+00
 7.802863e-01 -8.435592e-01 -1.594496e+00
 9.048796e-01 -1.145340e+00 -1.793767e+00
 8.953773e-01 -1.510127e+00 -1.950357e+00
 7.611146e-01 -1.886482e+00 -2.012173e+00
 5.298019e-01 -2.214708e+00 -1.956175e+00
 2.377707e-01 -2.442753e+00 -1.787761e+00
 -7.183815e-02 -2.531460e+00 -1.532201e+00
 -3.474546e-01 -2.462843e+00 -1.226900e+00
 -5.401845e-01 -2.244138e+00 -9.221577e-01
 -5.987099e-01 -1.924052e+00 -6.584445e-01
 -5.140045e-01 -1.561569e+00 -4.786790e-01
 -2.832041e-01 -1.217302e+00 -3.934318e-01
 7.109474e-02 -9.658233e-01 -4.135443e-01
 4.545528e-01 -9.367124e-01 -4.004888e-01
 9.005625e-01 -9.721757e-01 -5.102124e-01
 1.356433e+00 -7.840982e-01 -5.486447e-01
 1.701486e+00 -4.236750e-01 -4.522790e-01
 2.066499e+00 8.498155e-01 3.655487e-02
 2.040872e+00 1.196943e+00 2.942782e-01
 1.887485e+00 1.434926e+00 6.214599e-01
 1.622680e+00 1.529633e+00 9.480546e-01
 1.313011e+00 1.458851e+00 1.220670e+00
 1.063940e+00 1.264389e+00 1.388322e+00
 9.596339e-01 1.046475e+00 1.491835e+00
 8.885616e-01 8.176222e-01 1.660510e+00
 1.735261e-01 3.112656e-01 2.435379e+00
 -1.017511e-01 1.067708e-01 2.579309e+00
 -3.805780e-01 -1.225308e-01 2.597841e+00
 -6.420555e-01 -3.503611e-01 2.491425e+00
 -8.578673e-01 -5.432325e-01 2.272069e+00
 -1.006035e+00 -6.724809e-01 1.965824e+00
 -1.072570e+00 -7.168839e-01 1.610174e+00
 -9.929650e-01 -5.525375e-01 3.553201e-01
 -8.804213e-01 -4.789154e-01 7.222869e-02
 -7.146236e-01 -3.388365e-01 -1.421768e-01
 -2.315104e-01 1.099194e-01 -4.406316e-01
 -1.660539e-01 4.649746e-01 -7.698050e-01
 -2.428993e-01 6.712279e-01 -1.078940e+00
 -4.906743e-01 8.668309e-01 -1.364528e+00
 -8.596728e-01 9.945662e-01 -1.536074e+00
 -1.282066e+00 1.056136e+00 -1.548462e+00
 -1.678724e+00 1.035297e+00 -1.406095e+00
 -1.986597e+00 9.321003e-01 -1.138709e+00
 -2.151761e+00 7.963789e-01 -7.851302e-01
 -2.153047e+00 6.591890e-01 -4.003955e-01
 -1.991503e+00 5.312821e-01 -4.366704e-02
 -1.692574e+00 4.378679e-01 2.232760e-01
 -1.301790e+00 4.164586e-01 3.698153e-01
 -9.745374e-01 4.847969e-01 3.780552e-01
 -7.201671e-01 6.253558e-01 3.386682e-01
 -3.777648e-01 9.147960e-01 1.629556e-01
 -2.152836e-01 9.924402e-01 1.066656e-01
 1.841894e-02 1.034131e+00 5.704708e-02
 3.012682e-01 1.045795e+00 5.744968e-02
 5.646364e-01 1.015540e+00 1.169595e-01
 8.005451e-01 9.474129e-01 2.319757e-01
 1.008592e+00 8.349095e-01 4.058080e-01
 1.341421e+00 5.589376e-01 6.996358e-01
 1.559396e+00 4.911248e-01 8.811151e-01
 1.810293e+00 5.453833e-01 1.217804e+00
 1.931025e+00 7.305697e-01 1.611048e+00
 1.864634e+00 9.828595e-01 1.982120e+00
 1.622424e+00 1.244518e+00 2.258858e+00
 1.250427e+00 1.470304e+00 2.386527e+00
