 -1.429603e+00 -1.374675e+00 9.066034e-01
 -1.391443e+00 -1.456455e+00 6.242514e-01
 -1.309093e+00 -1.465165e+00 3.482634e-01
 -1.106023e+00 -1.317425e+00 -1.863726e-01
 -1.100483e+00 -1.331365e+00 -5.461516e-01
 -1.225113e+00 -1.251285e+00 -8.798776e-01
 -1.412573e+00 -9.661252e-01 -1.201889e+00
 -1.540983e+00 -5.573452e-01 -1.359573e+00
 -1.537883e+00 -9.305518e-02 -1.351401e+00
 -1.413383e+00 3.428248e-01 -1.158687e+00
 -1.207973e+00 6.214148e-01 -8.267306e-01
 -9.637426e-01 6.960848e-01 -4.168166e-01
 -5.860526e-01 4.514248e-01 2.470514e-01
 -4.505726e-01 3.181048e-01 7.754584e-01
 -2.327126e-01 8.677482e-02 1.062548e+00
 4.109737e-02 -1.228452e-01 1.508021e+00
 2.392574e-01 -3.927752e-01 1.720792e+00
 4.654774e-01 -7.186952e-01 1.787034e+00
 6.987274e-01 -1.036585e+00 1.692908e+00
 9.084374e-01 -1.288115e+00 1.453944e+00
 1.060407e+00 -1.434085e+00 1.108499e+00
 1.129607e+00 -1.452555e+00 7.159784e-01
 1.134057e+00 -1.329415e+00 3.412874e-01
 9.586474e-01 -6.427552e-01 -5.190526e-01
 8.992574e-01 -4.749852e-01 -6.427996e-01
 8.821274e-01 -3.298152e-01 -7.330726e-01
 8.916174e-01 -1.779852e-01 -8.791466e-01
 9.230474e-01 4.814482e-02 -1.243345e+00
 9.327274e-01 3.411248e-01 -1.469975e+00
 9.106874e-01 6.932948e-01 -1.582415e+00
 8.607774e-01 1.055075e+00 -1.566371e+00
 8.075174e-01 1.382405e+00 -1.423274e+00
 7.649974e-01 1.642755e+00 -1.167055e+00
 7.334274e-01 1.786535e+00 -8.407946e-01
 6.781574e-01 1.804275e+00 -4.850186e-01
 5.931674e-01 1.727715e+00 -2.212436e-01
 4.677374e-01 1.622015e+00 -6.221657e-02
 3.866574e-01 1.582165e+00 2.083043e-02
 2.153374e-01 1.535205e+00 1.467644e-01
 -5.044263e-02 1.503735e+00 2.795614e-01
 -7.800426e-01 1.387715e+00 5.994324e-01
 -1.091313e+00 1.217625e+00 6.986234e-01
 -1.331143e+00 9.549248e-01 7.502944e-01
 -1.474523e+00 6.256648e-01 7.603504e-01
 -1.502493e+00 2.682748e-01 7.336874e-01
 -1.409583e+00 -7.550518e-02 6.794834e-01
 -1.205573e+00 -3.633552e-01 6.160564e-01
 -9.732726e-01 -5.248152e-01 5.730664e-01
 -5.221526e-01 -8.112252e-01 6.906334e-01
 -1.332726e-01 -9.081252e-01 8.066254e-01
 2.046874e-01 -8.603152e-01 7.988954e-01
 4.504574e-01 -6.880152e-01 7.577134e-01
 7.005274e-01 -5.064652e-01 8.020254e-01
 1.725687e+00 -2.983252e-01 9.438804e-01
 2.153797e+00 -8.999518e-02 8.097044e-01
 2.432937e+00 2.040248e-01 5.160874e-01
 2.490987e+00 5.274748e-01 1.509354e-01
 2.319267e+00 8.053448e-01 -2.132826e-01
 1.945147e+00 9.592648e-01 -5.070066e-01
 1.448347e+00 9.634848e-01 -6.464786e-01
 8.286974e-01 7.967948e-01 -5.555696e-01
 4.385574e-01 7.964548e-01 -6.638096e-01
 6.927737e-02 9.935348e-01 -7.655896e-01
 -2.077426e-01 1.352925e+00 -7.879256e-01
 -3.301926e-01 1.797845e+00 -6.886546e-01
 -2.944926e-01 2.194475e+00 -4.590266e-01
 -1.241026e-01 2.463885e+00 -1.386156e-01
 1.601274e-01 2.568915e+00 1.978414e-01
 5.103474e-01 2.495545e+00 4.751474e-01
 8.546374e-01 2.256465e+00 6.438594e-01
 1.121947e+00 1.897215e+00 6.769154e-01
 1.472297e+00 8.399248e-01 4.141284e-01
 1.475227e+00 5.671248e-01 3.310564e-01
 1.460877e+00 3.139848e-01 1.607204e-01
 1.568097e+00 9.265482e-02 -6.042657e-02
 1.838097e+00 -1.270752e-01 -4.321006e-01
 1.904077e+00 -3.204452e-01 -7.565726e-01
 1.825617e+00 -5.484352e-01 -1.066943e+00
 1.609487e+00 -7.655852e-01 -1.314112e+00
 1.289147e+00 -9.177752e-01 -1.473305e+00
 9.086074e-01 -9.701852e-01 -1.534510e+00
 5.103074e-01 -9.122352e-01 -1.486812e+00
 -4.182426e-01 -4.865352e-01 -1.068787e+00
 -6.095926e-01 -3.922752e-01 -9.186616e-01
 -7.176826e-01 -3.383352e-01 -7.843666e-01
 -8.352026e-01 -3.295952e-01 -6.288086e-01
 -1.015683e+00 -3.288852e-01 -4.768866e-01
 -1.216673e+00 -3.234152e-01 -3.969876e-01
 -1.514083e+00 -3.931752e-01 -3.454136e-01
 -1.810873e+00 -5.921752e-01 -3.178356e-01
 -2.025033e+00 -8.901952e-01 -3.403216e-01
 -2.119063e+00 -1.258435e+00 -3.720006e-01
 -2.072363e+00 -1.632785e+00 -4.025246e-01
 -1.899603e+00 -1.956585e+00 -4.080676e-01
 -1.627643e+00 -2.195985e+00 -3.812636e-01
 -1.287853e+00 -2.323645e+00 -3.430026e-01
 -9.270126e-01 -2.323535e+00 -3.096116e-01
 -5.912926e-01 -2.198705e+00 -2.817016e-01
 -3.207926e-01 -1.966805e+00 -2.591206e-01
 -1.470126e-01 -1.657185e+00 -2.411406e-01
 -4.942632e-03 -7.867752e-01 -1.986006e-01
 6.063737e-02 -2.944552e-01 -9.522957e-02
 3.374574e-01 6.555482e-02 4.784143e-02
 4.668874e-01 3.357248e-01 2.733944e-01
 4.912874e-01 6.369848e-01 5.493244e-01
 4.650574e-01 8.137148e-01 8.155604e-01
 2.878774e-01 9.803148e-01 1.122459e+00
 6.467368e-03 1.026805e+00 1.413355e+00
 -3.226326e-01 9.378348e-01 1.631209e+00
 -6.561326e-01 7.081748e-01 1.763124e+00
 -9.021126e-01 3.781748e-01 1.789966e+00
 -1.266703e+00 -6.983452e-01 1.568387e+00
 -1.351283e+00 -9.717252e-01 1.418001e+00
 -1.418433e+00 -1.224955e+00 1.164755e+00
