 1.656176e-01 1.381277e+00 2.224366e+00
 -1.384012e-01 1.356354e+00 2.137500e+00
 -4.082784e-01 1.268256e+00 1.974869e+00
 -6.096685e-01 1.135816e+00 1.739804e+00
 -7.125736e-01 9.948552e-01 1.456159e+00
 -7.063201e-01 8.758676e-01 1.132159e+00
 -5.911055e-01 8.094751e-01 8.501334e-01
 -4.664622e-01 8.197703e-01 6.689349e-01
 -3.935281e-01 8.681190e-01 5.276749e-01
 -2.973366e-01 9.834686e-01 3.388998e-01
 -2.335487e-01 1.137574e+00 1.706586e-01
 -1.501386e-02 1.763408e+00 -8.411628e-01
 7.740661e-02 1.840693e+00 -1.123540e+00
 1.994544e-01 1.830276e+00 -1.403104e+00
 3.323022e-01 1.732551e+00 -1.656898e+00
 4.605474e-01 1.556148e+00 -1.865001e+00
 5.736237e-01 1.316932e+00 -2.009873e+00
 6.556520e-01 1.036015e+00 -2.081867e+00
 6.980021e-01 7.400777e-01 -2.076015e+00
 6.915965e-01 4.544446e-01 -1.998208e+00
 6.363595e-01 2.031505e-01 -1.857210e+00
 5.323965e-01 4.358253e-03 -1.669447e+00
 3.832364e-01 -1.217528e-01 -1.482695e+00
 4.680309e-02 -2.764455e-01 -1.241656e+00
 -1.952860e-01 -5.784161e-01 -8.975331e-01
 -2.038377e-01 -6.900527e-01 -4.790345e-01
 -1.934166e-01 -7.500547e-01 -3.372812e-01
 -8.542129e-02 -1.015630e+00 1.984881e-01
 -1.562270e-01 -1.186403e+00 9.299690e-01
 -1.745433e-01 -1.151575e+00 1.273121e+00
 -1.601434e-01 -9.999085e-01 1.607715e+00
 -1.222165e-01 -7.806721e-01 1.853192e+00
 -6.509841e-02 -5.144311e-01 2.001410e+00
 -5.532179e-03 -2.141738e-01 2.048813e+00
 7.416348e-02 1.107394e-01 1.985707e+00
 1.882257e-01 4.196314e-01 1.802080e+00
 2.740063e-01 6.797435e-01 1.490018e+00
 2.866114e-01 8.602249e-01 1.349962e+00
 3.053094e-01 1.142883e+00 1.239448e+00
 1.579783e-01 1.474537e+00 1.146359e+00
 -1.603960e-01 1.743201e+00 1.011755e+00
 -5.230950e-01 1.843429e+00 8.512781e-01
 -8.500374e-01 1.785928e+00 6.667739e-01
 -1.130353e+00 1.574956e+00 4.447942e-01
 -1.294208e+00 1.269545e+00 2.637463e-01
 -1.345998e+00 8.921522e-01 1.539722e-01
 -1.268222e+00 5.033534e-01 1.246309e-01
 -9.806801e-01 -1.495814e-02 2.208592e-01
 -9.289863e-01 -3.674038e-01 2.921018e-01
 -1.020794e+00 -6.610742e-01 3.911384e-01
 -1.250592e+00 -1.040011e+00 3.706480e-01
 -1.571038e+00 -1.314418e+00 1.898142e-01
 -1.876757e+00 -1.437549e+00 -1.336800e-01
 -2.062869e+00 -1.414846e+00 -5.294568e-01
 -2.110681e+00 -1.260573e+00 -9.479232e-01
 -2.027422e+00 -9.841656e-01 -1.288482e+00
 -1.830748e+00 -6.393070e-01 -1.488057e+00
 -1.556857e+00 -2.924032e-01 -1.512051e+00
 -1.255626e+00 -9.254715e-03 -1.358628e+00
 -6.302445e-01 3.408825e-01 -7.081859e-01
 -3.571799e-01 3.624936e-01 -4.930318e-01
 1.251323e-02 2.989558e-01 -3.548002e-01
 3.501837e-01 1.736589e-01 -3.741019e-01
 7.096499e-01 8.604545e-02 -5.401462e-01
 1.075738e+00 -4.502497e-02 -7.138171e-01
 1.335081e+00 -1.947308e-01 -7.737050e-01
 1.532991e+00 -3.949825e-01 -8.011770e-01
 1.667791e+00 -6.378131e-01 -8.096417e-01
 1.731443e+00 -9.047640e-01 -8.064720e-01
 1.722065e+00 -1.173108e+00 -7.963460e-01
 1.645295e+00 -1.422841e+00 -7.808544e-01
 1.511783e+00 -1.638284e+00 -7.612601e-01
 1.334912e+00 -1.808583e+00 -7.389359e-01
 1.128901e+00 -1.927645e+00 -7.152202e-01
 8.999878e-01 -1.995547e+00 -6.926969e-01
 6.752953e-01 -2.010200e+00 -6.801676e-01
 4.548741e-01 -1.977143e+00 -6.811844e-01
 -6.414129e-01 -1.560602e+00 -7.486313e-01
 -8.757698e-01 -1.397317e+00 -7.456778e-01
 -1.051187e+00 -1.187377e+00 -7.276558e-01
 -1.208585e+00 -8.539828e-01 -6.646147e-01
 -1.339401e+00 -6.785107e-01 -5.847988e-01
 -1.494360e+00 -5.591166e-01 -5.179129e-01
 -1.664708e+00 -4.697123e-01 -4.007613e-01
 -1.803074e+00 -4.070059e-01 -2.390411e-01
 -1.923704e+00 -3.517987e-01 2.629327e-03
 -1.968045e+00 -3.086569e-01 2.186775e-01
 -1.954737e+00 -2.639108e-01 4.424571e-01
 -1.886775e+00 -2.125892e-01 6.574108e-01
 -1.758645e+00 -1.535565e-01 8.654102e-01
 -1.583224e+00 -1.174430e-01 1.040531e+00
 -1.371005e+00 -9.964311e-02 1.170117e+00
 -1.131605e+00 -9.631518e-02 1.246882e+00
 -8.811645e-01 -1.108101e-01 1.266521e+00
 -6.334753e-01 -1.315079e-01 1.226230e+00
 -2.172722e-01 -1.486052e-01 1.037805e+00
 8.411494e-02 -2.012649e-01 9.981132e-01
 2.873326e-01 -2.699070e-01 1.054772e+00
 5.910433e-01 -3.786444e-01 1.233979e+00
 8.822334e-01 -3.911987e-01 1.335723e+00
 1.217663e+00 -3.703720e-01 1.343552e+00
 1.525720e+00 -3.200345e-01 1.250727e+00
 1.766116e+00 -2.257759e-01 1.089399e+00
 1.934984e+00 -7.757570e-02 8.813454e-01
 2.026797e+00 1.291106e-01 6.013960e-01
 2.010632e+00 3.138206e-01 3.492183e-01
 1.900768e+00 4.881557e-01 1.149510e-01
 1.279806e+00 9.470759e-01 -5.273355e-01
 1.062991e+00 1.018141e+00 -7.213073e-01
 8.345104e-01 1.020307e+00 -8.987317e-01
 6.347362e-01 9.640318e-01 -1.026338e+00
 2.893480e-01 8.431341e-01 -1.154792e+00
 9.769834e-02 8.325614e-01 -1.254091e+00
 -1.812410e-01 7.419869e-01 -1.519475e+00
 -3.637221e-01 4.869167e-01 -1.866115e+00
 -4.018081e-01 1.029756e-01 -2.127300e+00
 -3.044924e-01 -3.395626e-01 -2.237178e+00
 -9.536726e-02 -7.504516e-01 -2.170807e+00
 1.790284e-01 -1.046936e+00 -1.940013e+00
 4.586605e-01 -1.170065e+00 -1.590770e+00
 6.893392e-01 -1.097619e+00 -1.152053e+00
 7.223019e-01 -1.004485e+00 -8.171359e-01
 7.405612e-01 -1.000354e+00 -6.067898e-01
 8.124141e-01 -9.739541e-01 -3.727596e-01
 9.010361e-01 -8.090864e-01 -4.714384e-02
 9.782331e-01 -5.917140e-01 1.766223e-01
 1.041925e+00 -3.175037e-01 3.276920e-01
 1.061979e+00 -1.310497e-01 3.707312e-01
 1.014692e+00 1.065881e-01 4.407527e-01
 1.030226e+00 4.005985e-01 6.927859e-01
 1.264606e+00 7.141156e-01 1.138388e+00
 1.298562e+00 8.573110e-01 1.422311e+00
 1.223845e+00 1.011666e+00 1.711923e+00
 1.048809e+00 1.155247e+00 1.957795e+00
 7.938800e-01 1.270399e+00 2.135930e+00
 4.871337e-01 1.346773e+00 2.228045e+00
