 1.752829e+00 1.040034e+00 -2.373816e+00
 1.367852e+00 1.029416e+00 -2.438942e+00
 9.964462e-01 9.285218e-01 -2.385617e+00
 6.914390e-01 7.453411e-01 -2.227539e+00
 5.044676e-01 4.935909e-01 -1.996170e+00
 4.681358e-01 2.125635e-01 -1.769930e+00
 5.191456e-01 -4.183996e-02 -1.668861e+00
 5.392214e-01 -2.473497e-01 -1.642020e+00
 4.753855e-01 -5.122643e-01 -1.622551e+00
 3.036755e-01 -7.831397e-01 -1.569828e+00
 9.494441e-02 -9.667699e-01 -1.483757e+00
 -1.760772e-01 -1.088683e+00 -1.344747e+00
 -1.238255e+00 -1.174142e+00 -7.604662e-01
 -1.481244e+00 -1.148037e+00 -4.935541e-01
 -1.618966e+00 -1.073686e+00 -1.708700e-01
 -1.642833e+00 -9.399109e-01 1.665623e-01
 -1.562179e+00 -7.731618e-01 4.369538e-01
 -1.298483e+00 -5.930857e-01 7.803019e-01
 -1.236357e+00 -5.191678e-01 1.060181e+00
 -1.236526e+00 -5.282119e-01 1.350491e+00
 -1.185944e+00 -6.736557e-01 1.694650e+00
 -1.131866e+00 -9.302127e-01 1.950444e+00
 -1.040141e+00 -1.269219e+00 2.099318e+00
 -9.172809e-01 -1.626597e+00 2.111602e+00
 -7.768594e-01 -1.947108e+00 1.994040e+00
 -6.186626e-01 -2.187096e+00 1.768600e+00
 -4.734577e-01 -2.323872e+00 1.460128e+00
 -3.677483e-01 -2.341622e+00 1.106604e+00
 -3.123502e-01 -2.235397e+00 7.556600e-01
 -3.180909e-01 -2.020378e+00 4.531899e-01
 -3.797968e-01 -1.724293e+00 2.410831e-01
 -6.158089e-01 -9.691638e-01 3.282173e-02
 -6.854808e-01 -6.492496e-01 -6.462059e-02
 -9.870868e-01 -1.744750e-01 -3.252323e-01
 -1.032912e+00 1.069507e-01 -4.425297e-01
 -9.404885e-01 4.780433e-01 -5.242709e-01
 -7.564646e-01 8.619588e-01 -4.638345e-01
 -5.107540e-01 1.157385e+00 -2.669695e-01
 -2.872814e-01 1.279960e+00 -3.215147e-02
 8.317169e-02 1.342200e+00 1.986581e-01
 2.849002e-01 1.435982e+00 3.245604e-01
 5.072176e-01 1.567818e+00 6.426145e-01
 6.104709e-01 1.629723e+00 1.036297e+00
 6.066295e-01 1.575516e+00 1.428923e+00
 5.099451e-01 1.405768e+00 1.776096e+00
 3.341228e-01 1.146541e+00 2.023076e+00
 1.131292e-01 8.290389e-01 2.131416e+00
 -9.827241e-02 4.915620e-01 2.083510e+00
 -2.590417e-01 1.796127e-01 1.887957e+00
 -3.349135e-01 -7.426390e-02 1.566961e+00
 -2.748922e-01 -2.476908e-01 1.228601e+00
 -1.812169e-01 -3.593648e-01 1.026616e+00
 1.211131e-01 -5.870287e-01 6.433031e-01
 3.033955e-01 -6.516017e-01 3.071331e-01
 3.459136e-01 -6.373988e-01 1.095456e-02
 2.850754e-01 -5.364050e-01 -3.240325e-01
 1.739595e-01 -4.379059e-01 -5.447705e-01
 -1.571363e-01 -1.534937e-01 -9.084662e-01
 -3.873864e-01 -9.207109e-02 -1.205975e+00
 -4.968591e-01 -1.318310e-01 -1.597910e+00
 -4.409957e-01 -2.196645e-01 -2.001013e+00
 -2.130618e-01 -2.961440e-01 -2.351355e+00
 1.369822e-01 -3.265524e-01 -2.584056e+00
 5.608051e-01 -3.019357e-01 -2.665239e+00
 9.690264e-01 -2.234110e-01 -2.575092e+00
 1.305512e+00 -8.247381e-02 -2.325062e+00
 1.484797e+00 1.154749e-01 -1.979802e+00
 1.473636e+00 3.208799e-01 -1.689833e+00
 1.427431e+00 5.137238e-01 -1.561000e+00
 1.450121e+00 7.505948e-01 -1.424398e+00
 1.524625e+00 9.579695e-01 -1.130287e+00
 1.525260e+00 1.048062e+00 -6.799170e-01
 1.378175e+00 9.831184e-01 -2.441142e-01
 1.099325e+00 8.147931e-01 7.296935e-02
 7.844836e-01 5.731922e-01 2.099398e-01
 3.899036e-01 3.769974e-01 1.740094e-01
 1.186484e-02 3.188795e-01 1.887727e-01
 -2.694136e-01 3.169327e-01 2.655342e-01
 -6.339901e-01 3.646961e-01 4.603033e-01
 -1.458882e+00 4.148560e-01 6.891407e-01
 -1.786501e+00 3.106283e-01 8.077928e-01
 -2.050613e+00 9.246882e-02 9.426567e-01
 -2.213289e+00 -2.145761e-01 1.078735e+00
 -2.251524e+00 -5.963732e-01 1.200364e+00
 -2.159602e+00 -9.466978e-01 1.267999e+00
 -1.950826e+00 -1.253831e+00 1.270268e+00
 -1.654232e+00 -1.464312e+00 1.219098e+00
 -1.262875e+00 -1.550999e+00 1.141650e+00
 -9.613806e-01 -1.499323e+00 1.093022e+00
 -7.309088e-01 -1.387859e+00 1.134145e+00
 -5.240018e-01 -1.333336e+00 1.211878e+00
 -1.084165e-01 -1.273767e+00 1.481552e+00
 2.051967e-01 -1.093890e+00 1.626138e+00
 4.715281e-01 -8.115440e-01 1.672595e+00
 6.523365e-01 -4.627422e-01 1.613169e+00
 7.091422e-01 -8.762054e-02 1.475068e+00
 6.232571e-01 2.506572e-01 1.318518e+00
 3.825727e-01 5.659326e-01 1.168669e+00
 1.131979e-01 7.315351e-01 1.104860e+00
 -1.652463e-01 9.429957e-01 1.135982e+00
 -3.901701e-01 1.314911e+00 1.107360e+00
 -4.799255e-01 1.705682e+00 9.724107e-01
 -4.555130e-01 2.037817e+00 7.247790e-01
 -3.319293e-01 2.260797e+00 3.954842e-01
 -1.481971e-01 2.332800e+00 3.884418e-02
 5.300229e-02 2.244758e+00 -3.022405e-01
 2.368112e-01 2.012635e+00 -5.760940e-01
 3.721333e-01 1.674633e+00 -7.431058e-01
 5.547575e-01 7.179567e-01 -8.233868e-01
 6.931053e-01 4.392976e-01 -8.045712e-01
 9.175444e-01 2.010187e-01 -7.480941e-01
 1.174986e+00 7.138153e-02 -6.787215e-01
 1.550113e+00 1.141095e-02 -6.845293e-01
 1.917988e+00 6.802501e-02 -7.857412e-01
 2.225153e+00 2.127902e-01 -9.947322e-01
 2.411219e+00 4.080942e-01 -1.284929e+00
 2.450151e+00 6.167313e-01 -1.616170e+00
 2.338250e+00 8.085256e-01 -1.937490e+00
 2.093627e+00 9.567182e-01 -2.202607e+00
