 4.032626e-01 -2.036744e+00 1.294835e+00
 9.530281e-02 -2.017670e+00 1.589185e+00
 -2.677362e-01 -1.868220e+00 1.769357e+00
 -6.202265e-01 -1.604369e+00 1.802223e+00
 -8.850624e-01 -1.268930e+00 1.681978e+00
 -9.952027e-01 -9.098679e-01 1.448134e+00
 -9.272743e-01 -5.899015e-01 1.140763e+00
 -7.051146e-01 -3.904046e-01 8.179671e-01
 -3.768769e-01 -3.081113e-01 5.952657e-01
 -6.550397e-03 -2.702172e-01 5.348510e-01
 6.488631e-01 -3.809077e-01 6.127245e-01
 1.255376e+00 -6.471606e-01 5.454076e-01
 1.579716e+00 -7.718986e-01 3.674709e-01
 1.848608e+00 -8.135581e-01 8.064121e-02
 2.427269e+00 -6.387352e-01 -1.096240e+00
 2.458696e+00 -5.604473e-01 -1.472655e+00
 2.347175e+00 -4.647643e-01 -1.832291e+00
 2.106536e+00 -3.583940e-01 -2.122197e+00
 1.769645e+00 -2.497089e-01 -2.297591e+00
 1.385669e+00 -1.479175e-01 -2.328382e+00
 1.014281e+00 -6.167151e-02 -2.206046e+00
 6.877280e-01 2.490183e-02 -1.921565e+00
 4.913565e-01 1.373103e-01 -1.497230e+00
 4.654845e-01 3.909835e-01 -8.070358e-01
 3.807647e-01 4.229932e-01 -5.239462e-01
 3.678889e-01 4.057683e-01 -2.017593e-01
 7.427147e-01 8.403700e-01 7.700350e-01
 6.970169e-01 1.023007e+00 1.184506e+00
 4.705322e-01 1.187857e+00 1.530660e+00
 1.105443e-01 1.290033e+00 1.755045e+00
 -3.267318e-01 1.298273e+00 1.826427e+00
 -7.552393e-01 1.237955e+00 1.715820e+00
 -1.084937e+00 1.151783e+00 1.447108e+00
 -1.250180e+00 1.089939e+00 1.098342e+00
 -1.269994e+00 1.117960e+00 7.926662e-01
 -1.300154e+00 1.200294e+00 5.970642e-01
 -1.423948e+00 1.271749e+00 3.441194e-01
 -1.559066e+00 1.204452e+00 -7.412490e-03
 -1.612538e+00 9.628316e-01 -3.976027e-01
 -1.510358e+00 3.792678e-02 -1.089627e+00
 -1.400040e+00 -1.951309e-01 -1.242770e+00
 -1.198482e+00 -4.128450e-01 -1.373520e+00
 -9.283444e-01 -5.875827e-01 -1.456910e+00
 -6.155812e-01 -7.070598e-01 -1.474763e+00
 -2.884496e-01 -7.674413e-01 -1.416695e+00
 1.358836e-01 -7.772663e-01 -1.226513e+00
 3.487829e-01 -7.633478e-01 -1.053364e+00
 5.445858e-01 -6.807202e-01 -8.218718e-01
 9.211003e-01 -4.877239e-01 -4.587698e-01
 1.291454e+00 -4.962557e-02 -3.178638e-01
 1.404325e+00 4.245082e-01 -3.557355e-01
 1.302782e+00 8.765661e-01 -4.254808e-01
 1.002013e+00 1.237333e+00 -4.495006e-01
 5.743026e-01 1.426819e+00 -4.165490e-01
 9.708626e-02 1.404607e+00 -3.373116e-01
 -3.009546e-01 1.179894e+00 -2.629357e-01
 -8.823467e-01 4.064468e-01 1.078395e-01
 -1.250905e+00 2.334279e-01 2.551782e-01
 -1.674093e+00 2.573382e-01 4.034129e-01
 -2.031626e+00 4.662482e-01 5.705517e-01
 -2.247546e+00 8.096868e-01 7.602364e-01
 -2.283413e+00 1.223520e+00 9.178011e-01
 -2.134875e+00 1.632792e+00 1.015353e+00
 -1.828972e+00 1.947542e+00 1.058433e+00
 -1.423992e+00 2.107533e+00 1.057305e+00
 -9.930177e-01 2.090764e+00 1.002878e+00
 -6.179833e-01 1.903842e+00 9.074342e-01
 -3.567656e-01 1.575720e+00 8.189803e-01
 -2.564856e-01 1.206270e+00 7.946813e-01
 -2.763407e-01 8.996457e-01 8.717271e-01
 -2.680172e-01 7.316555e-01 9.690740e-01
 -2.405413e-01 5.898683e-01 1.090830e+00
 -1.273844e-01 2.869615e-01 1.412497e+00
 -1.488307e-02 -1.368557e-01 1.564606e+00
 3.342318e-02 -6.156928e-01 1.518143e+00
 3.113228e-02 -9.403939e-01 1.331394e+00
 -4.894151e-02 -1.142574e+00 1.074473e+00
 -1.846081e-01 -1.268224e+00 9.337476e-01
 -3.204336e-01 -1.484829e+00 8.104814e-01
 -3.472166e-01 -1.779298e+00 5.981509e-01
 -2.437850e-01 -2.031355e+00 2.648921e-01
 -3.971985e-02 -2.134146e+00 -1.173681e-01
 2.399780e-01 -2.072401e+00 -4.529434e-01
 1.122097e+00 -1.470249e+00 -1.112656e+00
 1.321665e+00 -1.159068e+00 -1.278881e+00
 1.410350e+00 -7.975128e-01 -1.369647e+00
 1.505852e+00 -6.284206e-02 -1.301092e+00
 1.516699e+00 2.904276e-01 -1.342178e+00
 1.351585e+00 7.323657e-01 -1.429227e+00
 1.069931e+00 1.027808e+00 -1.489878e+00
 6.950478e-01 1.196064e+00 -1.507482e+00
 2.878573e-01 1.214761e+00 -1.471648e+00
 -8.746282e-02 1.086204e+00 -1.380820e+00
 -3.735893e-01 8.353999e-01 -1.241993e+00
 -5.279894e-01 5.056330e-01 -1.069495e+00
 -5.297288e-01 1.752230e-01 -8.851369e-01
 -4.464664e-01 -3.663028e-01 -4.711851e-01
 -3.306645e-01 -7.742811e-01 -3.036236e-01
 -2.238185e-01 -9.233146e-01 -2.150412e-01
 -3.926195e-02 -1.056872e+00 -9.119273e-02
 3.942254e-01 -1.216059e+00 9.359908e-02
 6.088696e-01 -1.441921e+00 3.224189e-01
 6.835747e-01 -1.698518e+00 6.069887e-01
 6.128814e-01 -1.918210e+00 9.479192e-01
