 -1.611921e-01 1.137177e+00 -1.360434e+00
 -4.708557e-01 1.181607e+00 -1.354204e+00
 -7.705228e-01 1.170051e+00 -1.270323e+00
 -1.032116e+00 1.104965e+00 -1.117375e+00
 -1.223566e+00 9.982504e-01 -9.186147e-01
 -1.453336e+00 6.924638e-01 -5.343870e-01
 -1.762051e+00 4.910893e-01 -3.586437e-01
 -2.043114e+00 2.087917e-01 -3.603520e-01
 -2.212964e+00 -2.601650e-01 -4.828056e-01
 -2.146110e+00 -7.050054e-01 -6.383169e-01
 -1.869588e+00 -1.067645e+00 -7.647111e-01
 -1.430064e+00 -1.277372e+00 -8.377259e-01
 -9.572617e-01 -1.274386e+00 -8.530539e-01
 -4.981380e-01 -1.057999e+00 -7.897465e-01
 -2.642614e-01 -1.037124e+00 -7.803690e-01
 1.755240e-01 -9.590907e-01 -8.968695e-01
 5.131969e-01 -8.051452e-01 -8.731453e-01
 1.350847e+00 -3.043870e-01 -3.917939e-01
 1.551260e+00 1.167440e-01 1.512872e-02
 1.685037e+00 2.852209e-01 2.578676e-01
 1.819351e+00 5.087161e-01 4.286731e-01
 1.914408e+00 7.441060e-01 5.215979e-01
 1.968286e+00 1.034930e+00 5.695394e-01
 1.952308e+00 1.325348e+00 5.693811e-01
 1.865086e+00 1.604356e+00 5.238083e-01
 1.710732e+00 1.846318e+00 4.348092e-01
 1.495285e+00 2.027601e+00 3.153386e-01
 1.231780e+00 2.128536e+00 1.829680e-01
 9.437011e-01 2.134850e+00 5.070284e-02
 6.610470e-01 2.041849e+00 -6.802135e-02
 3.990156e-01 1.845973e+00 -1.648415e-01
 -2.440882e-01 9.978920e-01 -3.327406e-01
 -3.670751e-01 7.031740e-01 -4.582327e-01
 -4.006493e-01 4.407741e-01 -6.429602e-01
 -3.280056e-01 7.530215e-02 -1.106531e+00
 -3.922445e-01 -4.451805e-01 -1.618184e+00
 -3.963912e-01 -7.769267e-01 -1.768365e+00
 -3.629636e-01 -1.140146e+00 -1.797294e+00
 -3.027831e-01 -1.487175e+00 -1.698487e+00
 -2.442486e-01 -1.779699e+00 -1.478717e+00
 -2.161244e-01 -1.976660e+00 -1.168900e+00
 -2.276923e-01 -2.054711e+00 -8.085218e-01
 -2.879358e-01 -2.007684e+00 -4.478734e-01
 -5.026257e-01 -1.622481e+00 2.714835e-01
 -5.043927e-01 -1.351162e+00 6.076138e-01
 -4.115881e-01 -1.008905e+00 8.820286e-01
 -3.959620e-01 -7.686732e-01 9.844752e-01
 -3.482268e-01 -5.614989e-01 1.101672e+00
 -2.429179e-01 -2.776498e-01 1.201215e+00
 -1.559808e-01 3.698648e-02 1.223382e+00
 -3.867254e-02 5.990885e-01 1.099199e+00
 9.524405e-02 8.574056e-01 9.796479e-01
 2.966517e-01 1.050098e+00 8.314767e-01
 5.530235e-01 1.161330e+00 6.611226e-01
 8.427378e-01 1.178005e+00 4.566199e-01
 9.897505e-01 1.147300e+00 2.912837e-01
 1.063529e+00 1.127810e+00 1.192356e-01
 1.220422e+00 1.140869e+00 -1.303636e-01
 1.570311e+00 1.074368e+00 -3.971849e-01
 1.938640e+00 9.083805e-01 -5.249112e-01
 2.244728e+00 6.460056e-01 -5.343906e-01
 2.452110e+00 3.133680e-01 -4.406562e-01
 2.527602e+00 -3.829825e-02 -2.609275e-01
 2.459352e+00 -3.559038e-01 -2.551570e-02
 2.247881e+00 -6.039355e-01 2.342934e-01
 1.942230e+00 -7.390852e-01 4.430300e-01
 1.094061e+00 -7.857409e-01 7.557743e-01
 9.145301e-01 -8.048751e-01 8.985032e-01
 7.836061e-01 -8.525311e-01 1.024545e+00
 3.370338e-01 -1.151274e+00 1.578934e+00
 6.931066e-02 -1.234127e+00 1.759192e+00
 -2.244031e-01 -1.269346e+00 1.853710e+00
 -5.318108e-01 -1.267063e+00 1.862681e+00
 -8.233165e-01 -1.229860e+00 1.787815e+00
 -1.073721e+00 -1.163508e+00 1.638851e+00
 -1.263289e+00 -1.075975e+00 1.431497e+00
 -1.379183e+00 -9.762335e-01 1.184791e+00
 -1.416284e+00 -8.696886e-01 9.094425e-01
 -1.273896e+00 -5.323189e-01 -7.787058e-02
 -1.252183e+00 -4.972746e-01 -1.645262e-01
 -1.166944e+00 -3.266917e-01 -4.791605e-01
 -1.202934e+00 -2.801488e-01 -7.307325e-01
 -1.280407e+00 -2.333292e-01 -9.317110e-01
 -1.421978e+00 -1.248303e-01 -1.135170e+00
 -1.590484e+00 8.437302e-03 -1.273127e+00
 -1.786373e+00 1.800426e-01 -1.352367e+00
 -1.982370e+00 3.919690e-01 -1.363863e+00
 -2.141333e+00 6.291233e-01 -1.303594e+00
 -2.240454e+00 8.748764e-01 -1.182601e+00
 -2.277862e+00 1.106960e+00 -1.001220e+00
 -2.253324e+00 1.298570e+00 -7.723385e-01
 -2.171090e+00 1.429281e+00 -5.124088e-01
 -2.036293e+00 1.486178e+00 -2.451912e-01
 -1.859243e+00 1.463100e+00 4.180917e-03
 -1.654782e+00 1.361488e+00 2.113549e-01
 -1.440673e+00 1.190468e+00 3.556346e-01
 -1.236359e+00 9.665410e-01 4.218921e-01
 -7.218659e-01 2.399731e-01 3.623508e-01
 -5.621443e-01 6.565649e-02 2.987072e-01
 -4.484132e-01 -4.638367e-02 2.363017e-01
 -1.858628e-01 -4.296061e-01 4.034859e-02
 1.724769e-01 -7.082030e-01 1.049555e-01
 4.301713e-01 -1.242872e+00 1.242293e-01
 5.758411e-01 -1.524044e+00 2.568729e-01
 8.006767e-01 -1.738025e+00 4.965588e-01
 1.052451e+00 -1.812877e+00 7.888428e-01
 1.295218e+00 -1.736125e+00 1.090175e+00
 1.483560e+00 -1.519880e+00 1.360466e+00
 1.584073e+00 -1.195975e+00 1.564745e+00
 1.599418e+00 -8.120776e-01 1.655770e+00
 1.532221e+00 -4.258160e-01 1.618430e+00
 1.379205e+00 -9.342506e-02 1.465949e+00
 1.163863e+00 1.324473e-01 1.220822e+00
 9.238898e-01 2.154017e-01 9.256464e-01
 7.285213e-01 1.577217e-01 5.971255e-01
 6.122700e-01 1.860145e-01 3.745963e-01
 5.570133e-01 2.547155e-01 1.518765e-01
 5.250454e-01 3.050668e-01 -1.187350e-01
 6.100863e-01 4.253696e-01 -4.814181e-01
 6.148652e-01 5.658739e-01 -7.089698e-01
 5.304717e-01 7.389073e-01 -9.529717e-01
 3.711885e-01 9.039646e-01 -1.145010e+00
 1.428381e-01 1.038973e+00 -1.281685e+00
