 2.260750e-01 -1.208888e+00 4.650475e-01
 3.968922e-01 -1.177705e+00 7.340269e-01
 8.887441e-01 -7.734332e-01 1.744603e+00
 1.050141e+00 -4.893433e-01 2.008144e+00
 1.168695e+00 -1.112629e-01 2.139287e+00
 1.217216e+00 2.980393e-01 2.123708e+00
 1.204036e+00 6.609844e-01 1.965940e+00
 1.158446e+00 9.307400e-01 1.684423e+00
 1.065154e+00 1.075445e+00 1.315493e+00
 9.098792e-01 1.071472e+00 9.421163e-01
 6.694320e-01 8.378214e-01 4.402098e-01
 6.219543e-01 8.375859e-01 1.103157e-01
 5.555142e-01 9.293088e-01 -1.287692e-01
 4.192201e-01 1.108918e+00 -3.715396e-01
 1.769669e-03 1.648535e+00 -7.835472e-01
 -3.105603e-01 1.800012e+00 -9.910742e-01
 -6.782610e-01 1.804463e+00 -1.172221e+00
 -1.033202e+00 1.659932e+00 -1.309203e+00
 -1.306383e+00 1.418639e+00 -1.370527e+00
 -1.497966e+00 1.108137e+00 -1.340281e+00
 -1.559344e+00 7.905137e-01 -1.257563e+00
 -1.493613e+00 4.519926e-01 -1.153971e+00
 -1.367280e+00 2.313316e-01 -1.115358e+00
 -1.115418e+00 -5.022871e-02 -1.233878e+00
 -4.664776e-01 -4.785210e-01 -1.443184e+00
 -1.777170e-01 -6.180504e-01 -1.435949e+00
 1.082341e-01 -7.203804e-01 -1.335752e+00
 3.771726e-01 -7.763674e-01 -1.145073e+00
 5.863135e-01 -7.753754e-01 -8.944017e-01
 7.002979e-01 -7.286879e-01 -6.499862e-01
 7.609577e-01 -6.118931e-01 -3.977129e-01
 7.338689e-01 -4.546670e-01 -1.665889e-01
 6.315414e-01 -3.037893e-01 9.015291e-02
 4.036417e-01 -1.904383e-01 3.198386e-01
 1.350710e-01 -1.858089e-01 4.931371e-01
 -9.621085e-02 -2.791331e-01 6.961768e-01
 -2.222406e-01 -3.760022e-01 8.468536e-01
 -6.034518e-01 -8.917584e-01 1.349153e+00
 -8.611031e-01 -1.190899e+00 1.461547e+00
 -1.157010e+00 -1.467081e+00 1.421930e+00
 -1.448012e+00 -1.670937e+00 1.245868e+00
 -1.673325e+00 -1.791668e+00 9.639140e-01
 -1.809455e+00 -1.819133e+00 6.177181e-01
 -1.840656e+00 -1.756710e+00 2.561263e-01
 -1.774289e+00 -1.608310e+00 -7.195884e-02
 -1.655573e+00 -1.386347e+00 -3.164893e-01
 -1.493745e+00 -1.128252e+00 -4.552890e-01
 -1.357001e+00 -8.833027e-01 -4.794526e-01
 -1.273407e+00 -6.357951e-01 -4.221691e-01
 -1.214956e+00 -2.525831e-01 -2.190522e-01
 -1.094788e+00 -9.894718e-03 -3.724358e-02
 -6.525492e-01 4.231824e-01 2.401098e-01
 -5.037754e-01 5.740120e-01 2.858588e-01
 -3.833884e-01 7.774168e-01 3.031211e-01
 -3.102953e-01 1.168794e+00 3.687364e-01
 -1.356310e-01 1.471352e+00 4.084822e-01
 1.166151e-01 1.692720e+00 4.131801e-01
 4.142165e-01 1.832746e+00 3.495355e-01
 7.045343e-01 1.866266e+00 2.557292e-01
 1.003042e+00 1.792713e+00 1.636211e-01
 1.269417e+00 1.624358e+00 1.002037e-01
 1.489284e+00 1.367818e+00 7.836618e-02
 1.614859e+00 1.068403e+00 8.394935e-02
 1.640171e+00 7.439330e-01 1.041143e-01
 1.560239e+00 4.253246e-01 1.284953e-01
 1.541076e+00 2.396198e-01 1.202118e-01
 1.559525e+00 1.013168e-01 1.074397e-01
 1.642021e+00 -1.229388e-01 1.141200e-01
 1.680653e+00 -3.207050e-01 1.491702e-01
 1.675864e+00 -5.499377e-01 1.741177e-01
 1.624855e+00 -7.665035e-01 1.814265e-01
 1.518430e+00 -9.969150e-01 1.700523e-01
 8.945236e-01 -1.864521e+00 6.782638e-02
 5.862307e-01 -2.082568e+00 8.324897e-02
 2.284080e-01 -2.183404e+00 1.405979e-01
 -1.330586e-01 -2.154154e+00 2.222527e-01
 -4.768971e-01 -1.988139e+00 3.172341e-01
 -7.512384e-01 -1.708296e+00 3.994149e-01
 -1.039452e+00 -1.117602e+00 4.542614e-01
 -1.379514e+00 -8.860615e-01 5.768751e-01
 -1.733058e+00 -7.711989e-01 5.229725e-01
 -2.094053e+00 -6.280108e-01 2.312802e-01
 -2.286451e+00 -4.828662e-01 -2.438402e-01
 -2.168794e+00 -2.828011e-01 -1.483295e+00
 -1.990562e+00 -1.433502e-01 -1.838305e+00
 -1.713649e+00 6.957175e-02 -2.078940e+00
 -1.382360e+00 2.957673e-01 -2.165560e+00
 -1.037436e+00 5.061109e-01 -2.091417e+00
 -7.382408e-01 6.611124e-01 -1.864153e+00
 -5.537861e-01 7.484399e-01 -1.540234e+00
 -5.064805e-01 7.915889e-01 -1.172636e+00
 -5.840217e-01 8.178901e-01 -8.825323e-01
 -7.237074e-01 9.084411e-01 -6.717097e-01
 -1.030346e+00 1.113809e+00 -4.134832e-01
 -1.255960e+00 1.183351e+00 -8.069378e-02
 -1.348598e+00 1.168234e+00 3.227296e-01
 -1.288164e+00 1.070325e+00 7.219953e-01
 -1.070034e+00 9.346502e-01 1.058905e+00
 -7.345301e-01 7.898001e-01 1.267774e+00
 3.353395e-01 3.388271e-01 1.393435e+00
 6.116491e-01 1.512923e-01 1.310340e+00
 9.187302e-01 5.473495e-02 1.141422e+00
 1.764969e+00 1.254724e-01 1.103833e+00
 2.086007e+00 1.969942e-01 9.783346e-01
 2.348496e+00 2.532889e-01 7.457636e-01
 2.516820e+00 2.796755e-01 4.405976e-01
 2.571255e+00 2.887915e-01 1.036508e-01
 2.508382e+00 2.891618e-01 -2.271069e-01
 2.337934e+00 2.943363e-01 -5.183882e-01
 2.062262e+00 3.075515e-01 -7.524409e-01
 1.731115e+00 3.101254e-01 -8.755961e-01
 5.264039e-01 2.523487e-01 -8.936957e-01
 1.639769e-01 1.494260e-01 -7.645826e-01
 -1.391099e-01 -8.084551e-02 -5.584003e-01
 -2.354919e-01 -3.537662e-01 -4.526048e-01
 -2.592759e-01 -6.622069e-01 -3.235488e-01
 -1.665511e-01 -9.475131e-01 -1.130627e-01
 8.857958e-04 -1.107852e+00 7.161507e-02
 1.494460e-01 -1.180165e+00 2.923315e-01
