 1.180020e+00 6.605918e-01 3.578912e-01
 1.177697e+00 1.059113e+00 3.701077e-01
 1.051143e+00 1.432643e+00 2.913385e-01
 8.579917e-01 1.703700e+00 1.316356e-01
 6.255171e-01 1.855371e+00 -8.226339e-02
 3.313160e-01 1.885035e+00 -3.114472e-01
 1.667541e-02 1.781525e+00 -4.974666e-01
 -2.717227e-01 1.559599e+00 -6.111346e-01
 -4.843749e-01 1.246306e+00 -6.459447e-01
 -6.642040e-01 4.642964e-01 -6.464086e-01
 -7.403924e-01 1.878882e-01 -7.973962e-01
 -7.613556e-01 -2.674843e-02 -9.775081e-01
 -6.764213e-01 -2.497908e-01 -1.197226e+00
 -4.795155e-01 -4.633844e-01 -1.383027e+00
 -2.043377e-01 -6.232827e-01 -1.500368e+00
 1.009553e-01 -7.253860e-01 -1.530654e+00
 4.055791e-01 -7.907894e-01 -1.463618e+00
 9.368679e-01 -7.905409e-01 -1.195599e+00
 1.294353e+00 -8.247872e-01 -1.180276e+00
 1.593461e+00 -7.691296e-01 -1.248991e+00
 1.877972e+00 -5.844627e-01 -1.342522e+00
 2.090889e+00 -3.108351e-01 -1.408136e+00
 2.207609e+00 2.551573e-02 -1.407130e+00
 2.208776e+00 4.083132e-01 -1.334185e+00
 2.091485e+00 7.368605e-01 -1.213266e+00
 1.858324e+00 9.964291e-01 -1.059123e+00
 1.537336e+00 1.142453e+00 -8.920050e-01
 1.174454e+00 1.146897e+00 -7.393256e-01
 7.648383e-01 9.736939e-01 -5.780066e-01
 5.643326e-01 8.986032e-01 -4.366568e-01
 3.860951e-01 8.629428e-01 -2.561045e-01
 2.612230e-01 8.797961e-01 -5.230163e-02
 7.680815e-02 1.043112e+00 2.234881e-01
 -4.076266e-02 1.102178e+00 4.351539e-01
 -1.545754e-01 1.105970e+00 6.588023e-01
 -2.601372e-01 1.053700e+00 8.953909e-01
 -3.414480e-01 9.489189e-01 1.123376e+00
 -3.899613e-01 8.011381e-01 1.331895e+00
 -4.020560e-01 6.333685e-01 1.499213e+00
 -4.037093e-01 4.634165e-01 1.603067e+00
 -3.924904e-01 2.610175e-01 1.673871e+00
 -3.565042e-01 7.575151e-02 1.715059e+00
 -2.889183e-01 -4.463555e-01 1.965872e+00
 -3.174321e-01 -1.004344e+00 1.985966e+00
 -3.239724e-01 -1.458315e+00 1.758746e+00
 -2.950275e-01 -1.746167e+00 1.355739e+00
 -2.352104e-01 -1.814546e+00 8.817826e-01
 -1.557095e-01 -1.666723e+00 4.443573e-01
 4.676013e-02 -7.674553e-01 -4.534038e-01
 1.645438e-01 -2.468034e-01 -6.201675e-01
 2.703837e-01 9.599158e-03 -8.376518e-01
 2.122373e-01 2.739265e-01 -1.172861e+00
 -2.093024e-03 4.915725e-01 -1.447789e+00
 -3.341087e-01 6.474905e-01 -1.625289e+00
 -7.116563e-01 7.430299e-01 -1.659830e+00
 -1.104327e+00 7.941277e-01 -1.536975e+00
 -1.411154e+00 7.696962e-01 -1.304350e+00
 -1.606121e+00 6.830416e-01 -1.016680e+00
 -1.687994e+00 5.598984e-01 -7.219232e-01
 -1.652565e+00 2.062878e-01 -7.410755e-02
 -1.690418e+00 4.326573e-02 1.311361e-01
 -1.751552e+00 -9.126134e-02 2.427490e-01
 -1.849007e+00 -2.071396e-01 3.710354e-01
 -1.970010e+00 -3.040859e-01 6.240105e-01
 -2.031820e+00 -3.394785e-01 9.523364e-01
 -1.998324e+00 -3.149237e-01 1.287713e+00
 -1.860230e+00 -2.416067e-01 1.599061e+00
 -1.393641e+00 2.623512e-02 2.125339e+00
 -9.320441e-01 2.666583e-01 2.538171e+00
 -6.093953e-01 3.644763e-01 2.663833e+00
 -2.494409e-01 4.318458e-01 2.669041e+00
 1.016984e-01 4.692539e-01 2.542433e+00
 3.933761e-01 4.686238e-01 2.292969e+00
 5.783226e-01 4.268130e-01 1.949316e+00
 6.209025e-01 3.470905e-01 1.559081e+00
 5.060590e-01 2.417803e-01 1.183219e+00
 6.005855e-02 1.209084e-01 6.392880e-01
 2.479891e-03 1.035483e-01 5.769191e-01
 -1.864891e-01 4.376193e-02 3.917677e-01
 -3.840290e-01 -6.064779e-02 2.346356e-01
 -5.541937e-01 -1.703377e-01 1.361596e-01
 -7.677585e-01 -3.868065e-01 3.219696e-02
 -1.010833e+00 -6.370035e-01 -2.171353e-01
 -1.353770e+00 -7.250109e-01 -4.646096e-01
 -1.780615e+00 -6.783993e-01 -5.997235e-01
 -2.192811e+00 -5.114228e-01 -5.814983e-01
 -2.506829e+00 -2.502732e-01 -4.297639e-01
 -2.669119e+00 6.747707e-02 -1.865672e-01
 -2.665366e+00 3.602380e-01 1.174056e-01
 -2.509347e+00 5.739256e-01 4.405204e-01
 -2.226294e+00 6.860799e-01 7.194581e-01
 -1.868117e+00 6.795639e-01 9.109200e-01
 -1.508820e+00 5.465861e-01 1.003287e+00
 -1.209513e+00 2.924503e-01 1.014067e+00
 -1.078883e+00 1.788035e-02 9.872719e-01
 -9.993554e-01 -2.852139e-01 1.034388e+00
 -8.750802e-01 -4.830715e-01 1.047704e+00
 -7.251255e-01 -6.169056e-01 1.026933e+00
 -3.961055e-01 -7.525008e-01 9.785711e-01
 -2.702920e-01 -7.816423e-01 9.759329e-01
 2.069621e-01 -8.368253e-01 1.024418e+00
 1.160952e+00 -6.918444e-01 9.624548e-01
 1.392347e+00 -6.277510e-01 8.953478e-01
 1.613205e+00 -5.444648e-01 7.600026e-01
 1.793380e+00 -4.482852e-01 5.578596e-01
 1.906267e+00 -3.419986e-01 3.032268e-01
 1.933378e+00 -2.371858e-01 2.107322e-02
 1.867340e+00 -1.284671e-01 -2.588523e-01
 1.719204e+00 -7.333439e-03 -4.936397e-01
 1.450849e+00 1.053318e-01 -7.152560e-01
 1.280830e+00 1.577686e-01 -9.592148e-01
 1.224621e+00 1.981900e-01 -1.182761e+00
 1.179275e+00 1.512728e-01 -1.528252e+00
 1.177104e+00 -5.137997e-02 -1.871875e+00
 1.191144e+00 -3.747029e-01 -2.106752e+00
 1.202337e+00 -7.371357e-01 -2.199720e+00
 1.172565e+00 -1.103178e+00 -2.159868e+00
 1.124769e+00 -1.422216e+00 -1.997343e+00
 1.080803e+00 -1.658050e+00 -1.740962e+00
 1.044576e+00 -1.789551e+00 -1.430348e+00
 1.018240e+00 -1.812441e+00 -1.103769e+00
 1.002608e+00 -1.733550e+00 -7.942797e-01
 9.975312e-01 -1.566540e+00 -5.286100e-01
 1.002188e+00 -1.329719e+00 -3.282278e-01
 1.005478e+00 -7.603870e-01 -9.126668e-02
 9.185056e-01 -3.171948e-01 5.195918e-02
 9.298826e-01 -9.805955e-02 1.514492e-01
