 -1.334402e+00 1.216388e+00 -2.374497e+00
 -1.501309e+00 1.047909e+00 -2.198980e+00
 -1.595236e+00 8.522727e-01 -1.951270e+00
 -1.599714e+00 7.166507e-01 -1.692068e+00
 -1.554342e+00 6.549781e-01 -1.500831e+00
 -1.501628e+00 6.533627e-01 -1.307327e+00
 -1.412580e+00 6.518318e-01 -1.051767e+00
 -1.233142e+00 6.561843e-01 -5.703726e-01
 -1.077275e+00 6.574656e-01 -1.574149e-01
 -9.181309e-01 6.571941e-01 2.568761e-01
 -7.409075e-01 6.563250e-01 7.088029e-01
 -5.725825e-01 6.320556e-01 1.091972e+00
 -3.457089e-01 5.370366e-01 1.467477e+00
 -8.728743e-02 3.903465e-01 1.746688e+00
 1.445007e-01 2.447853e-01 1.891121e+00
 3.850818e-01 1.426048e-01 1.992590e+00
 6.199370e-01 1.836780e-02 2.178064e+00
 7.769284e-01 -2.733502e-01 2.438721e+00
 8.166308e-01 -6.450701e-01 2.587042e+00
 7.982126e-01 -1.041165e+00 2.586482e+00
 7.286902e-01 -1.394477e+00 2.451495e+00
 6.319560e-01 -1.661571e+00 2.208767e+00
 5.455996e-01 -1.821564e+00 1.876217e+00
 4.731412e-01 -1.845138e+00 1.503371e+00
 4.306886e-01 -1.728235e+00 1.140889e+00
 4.361131e-01 -1.491352e+00 8.414323e-01
 4.781125e-01 -1.220816e+00 6.774492e-01
 6.167143e-01 -9.544514e-01 5.772970e-01
 8.326426e-01 -6.696679e-01 3.080683e-01
 8.470028e-01 -3.700008e-01 9.915488e-02
 6.823899e-01 3.688049e-01 -9.662794e-02
 8.008029e-01 8.178189e-01 -2.899984e-01
 1.220470e+00 1.263017e+00 -2.985608e-01
 1.701838e+00 1.486125e+00 -3.265668e-02
 2.039611e+00 1.473160e+00 3.853166e-01
 2.183676e+00 1.295982e+00 7.929560e-01
 2.172483e+00 1.048304e+00 1.107759e+00
 2.063210e+00 7.915606e-01 1.315240e+00
 1.895642e+00 5.509021e-01 1.429297e+00
 1.688290e+00 3.334972e-01 1.462096e+00
 1.433277e+00 1.512050e-01 1.421265e+00
 1.133421e+00 3.480656e-02 1.297766e+00
 8.252110e-01 1.673305e-02 1.093003e+00
 5.237322e-01 1.132617e-02 9.913415e-01
 3.510956e-01 -2.197130e-02 9.345511e-01
 2.584984e-01 -4.953235e-02 8.922487e-01
 -7.698768e-01 -4.241129e-01 4.016570e-01
 -1.040527e+00 -6.168937e-01 -4.628306e-02
 -1.025315e+00 -8.681225e-01 -5.481058e-01
 -7.473983e-01 -1.073935e+00 -9.356406e-01
 -3.868412e-01 -1.119938e+00 -1.108203e+00
 -1.174230e-01 -1.205856e+00 -1.149441e+00
 2.126129e-01 -1.305530e+00 -1.077900e+00
 4.734836e-01 -1.386178e+00 -9.177327e-01
 9.576457e-01 -1.535364e+00 -3.688361e-01
 1.385491e+00 -1.596386e+00 2.701671e-01
 1.498311e+00 -1.461096e+00 8.084158e-01
 1.349408e+00 -1.219473e+00 1.270174e+00
 1.000899e+00 -9.466718e-01 1.542821e+00
 6.604344e-01 -8.395661e-01 1.596109e+00
 3.873955e-01 -8.316772e-01 1.652022e+00
 8.119178e-02 -8.253211e-01 1.877785e+00
 -1.299136e-01 -7.189340e-01 2.190117e+00
 -2.293540e-01 -4.919849e-01 2.511479e+00
 -2.193487e-01 -1.956202e-01 2.746975e+00
 -1.403524e-01 1.274118e-01 2.869564e+00
 -5.240285e-03 4.350327e-01 2.888907e+00
 1.637667e-01 7.140593e-01 2.807462e+00
 3.519106e-01 9.474088e-01 2.620110e+00
 5.441609e-01 1.097971e+00 2.324683e+00
 7.567425e-01 1.121266e+00 1.835268e+00
 1.104474e+00 1.013864e+00 9.586536e-01
 1.248148e+00 8.480946e-01 6.747512e-01
 1.448184e+00 6.272954e-01 5.194668e-01
 1.567036e+00 5.401785e-01 3.922270e-01
 1.694877e+00 4.195364e-01 1.169160e-01
 1.719497e+00 3.158698e-01 -2.044087e-01
 1.616181e+00 2.055626e-01 -5.375438e-01
 1.378484e+00 1.050897e-01 -8.249871e-01
 5.935795e-01 -1.113050e-01 -1.231965e+00
 2.876270e-01 -1.795590e-01 -1.362212e+00
 -1.329890e-02 -1.972779e-01 -1.445030e+00
 -2.674791e-01 -1.804341e-01 -1.461342e+00
 -6.168126e-01 -1.645815e-01 -1.388472e+00
 -9.866766e-01 -2.189578e-01 -1.426070e+00
 -1.369806e+00 -3.544520e-01 -1.406264e+00
 -1.763925e+00 -3.354025e-01 -1.318939e+00
 -2.110507e+00 -1.647664e-01 -1.242202e+00
 -2.354256e+00 1.044400e-01 -1.188813e+00
 -2.484081e+00 4.207874e-01 -1.160658e+00
 -2.505652e+00 7.479802e-01 -1.155424e+00
 -2.424572e+00 1.066113e+00 -1.170655e+00
 -2.234432e+00 1.357927e+00 -1.206289e+00
 -1.920381e+00 1.587283e+00 -1.263547e+00
 -1.486288e+00 1.681557e+00 -1.337994e+00
 -1.015798e+00 1.554753e+00 -1.443832e+00
 -6.879135e-01 1.222207e+00 -1.562251e+00
 -5.859221e-01 8.271877e-01 -1.772487e+00
 -6.015585e-01 4.815796e-01 -2.185184e+00
 -6.575779e-01 1.576403e-01 -2.366233e+00
 -6.929972e-01 -2.744161e-01 -2.416669e+00
 -7.326639e-01 -7.950139e-01 -2.277013e+00
 -7.887612e-01 -1.702655e+00 -1.852478e+00
 -7.272648e-01 -2.013315e+00 -1.491016e+00
 -5.929733e-01 -2.131401e+00 -1.030095e+00
 -4.221099e-01 -2.016368e+00 -5.792936e-01
 -2.709932e-01 -1.703656e+00 -2.485057e-01
 -1.485830e-01 -1.289195e+00 -1.068371e-01
 -7.115417e-02 -9.827868e-01 -1.541547e-01
 -2.345248e-02 -7.839440e-01 -2.265216e-01
 -3.684880e-02 -5.758965e-01 -3.327047e-01
 -2.224522e-01 2.148555e-01 -5.215059e-01
 -1.109494e-01 5.331601e-01 -7.324177e-01
 3.425492e-01 1.021391e+00 -1.322699e+00
 3.585843e-01 1.272176e+00 -1.777141e+00
 1.575650e-01 1.436553e+00 -2.169122e+00
 -1.668697e-01 1.506903e+00 -2.434752e+00
 -5.253083e-01 1.498486e+00 -2.559119e+00
 -8.509614e-01 1.439101e+00 -2.565108e+00
 -1.118724e+00 1.346688e+00 -2.494077e+00
