 -6.752248e-01 -1.986788e+00 5.719662e-02
 -2.691156e-01 -1.296473e+00 3.647051e-01
 -6.030443e-02 -9.933856e-01 4.844649e-01
 1.738701e-01 -8.047414e-01 6.038893e-01
 5.236321e-01 -7.044320e-01 7.776882e-01
 9.470181e-01 -5.382083e-01 9.250401e-01
 1.220075e+00 -2.680309e-01 9.989897e-01
 1.369335e+00 4.615989e-02 1.039179e+00
 1.400161e+00 4.059241e-01 1.050695e+00
 1.289466e+00 7.687496e-01 1.033159e+00
 1.039442e+00 1.077068e+00 9.805399e-01
 6.361146e-01 1.298412e+00 9.121275e-01
 3.173527e-01 1.353458e+00 8.347333e-01
 -2.072488e-01 1.270396e+00 6.576908e-01
 -5.705028e-01 1.360541e+00 5.700885e-01
 -8.388082e-01 1.385735e+00 4.159749e-01
 -1.094203e+00 1.314691e+00 2.015517e-01
 -1.287694e+00 1.147431e+00 -4.030803e-02
 -1.393765e+00 9.338993e-01 -2.365934e-01
 -1.439794e+00 6.313709e-01 -3.965938e-01
 -1.374254e+00 2.514777e-01 -4.858476e-01
 -1.134745e+00 -1.500058e-01 -4.870384e-01
 -7.554099e-01 -3.994567e-01 -4.099589e-01
 -2.374779e-01 -4.423712e-01 -3.714798e-01
 3.615340e-01 -4.047192e-01 -3.042053e-01
 8.086295e-01 -3.856805e-01 -1.301170e-01
 1.127960e+00 -2.508225e-01 -2.662095e-02
 1.447087e+00 6.701515e-02 4.046062e-02
 1.591010e+00 5.190429e-01 6.978425e-02
 1.510285e+00 9.917362e-01 6.401458e-02
 1.217204e+00 1.393135e+00 1.897568e-02
 7.860884e-01 1.610056e+00 -6.925569e-02
 4.466132e-02 1.591554e+00 -2.563366e-01
 -1.650856e-01 1.640967e+00 -3.078223e-01
 -3.694686e-01 1.693014e+00 -4.190723e-01
 -6.029330e-01 1.683759e+00 -5.941286e-01
 -8.114113e-01 1.595225e+00 -8.001142e-01
 -9.742281e-01 1.416544e+00 -1.009856e+00
 -1.072190e+00 1.158155e+00 -1.188869e+00
 -1.091663e+00 8.245944e-01 -1.328073e+00
 -9.768380e-01 3.576524e-01 -1.408836e+00
 -8.023013e-01 -1.370126e-01 -1.443868e+00
 -6.661911e-01 -5.597402e-01 -1.405501e+00
 -5.634991e-01 -8.879094e-01 -1.295453e+00
 -3.950373e-01 -1.332068e+00 -9.471080e-01
 -2.657371e-01 -1.538664e+00 -8.022212e-01
 -4.861485e-02 -1.765971e+00 -7.222692e-01
 1.174641e-01 -1.958375e+00 -7.274953e-01
 3.742947e-01 -2.140333e+00 -8.470387e-01
 7.204576e-01 -2.201233e+00 -1.015621e+00
 1.048700e+00 -2.107041e+00 -1.177565e+00
 1.335125e+00 -1.889057e+00 -1.294355e+00
 1.548666e+00 -1.561738e+00 -1.352673e+00
 1.639087e+00 -1.160282e+00 -1.352732e+00
 1.588904e+00 -7.677506e-01 -1.292912e+00
 1.292442e+00 -2.044250e-01 -1.111518e+00
 9.936588e-01 2.672647e-01 -9.053009e-01
 8.225087e-01 4.748476e-01 -6.953815e-01
 7.100309e-01 5.849110e-01 -4.621192e-01
 5.963975e-01 6.091610e-01 -2.276031e-01
 5.399470e-01 5.945231e-01 -3.332194e-03
 3.408656e-01 3.073315e-01 7.436030e-01
 4.274736e-01 2.964565e-01 1.421088e+00
 3.514894e-01 2.963428e-01 1.774701e+00
 1.314340e-01 2.883773e-01 2.104360e+00
 -2.225198e-01 2.775105e-01 2.334183e+00
 -6.556200e-01 2.867268e-01 2.400104e+00
 -1.083848e+00 3.119698e-01 2.274289e+00
 -1.422005e+00 3.306647e-01 1.972876e+00
 -1.601343e+00 3.368174e-01 1.540252e+00
 -1.563081e+00 3.250395e-01 1.044427e+00
 -1.278803e+00 2.920843e-01 6.106728e-01
 -7.406089e-01 3.458324e-01 3.324052e-01
 -5.166198e-01 4.792921e-01 7.835467e-02
 -3.463794e-01 6.868602e-01 -5.703753e-01
 -2.309564e-01 7.472331e-01 -7.909784e-01
 -3.349884e-02 9.646859e-01 -1.077630e+00
 1.413296e-01 1.374072e+00 -1.261088e+00
 2.390702e-01 1.826180e+00 -1.239383e+00
 2.723989e-01 2.200682e+00 -1.048354e+00
 2.543617e-01 2.447663e+00 -7.716717e-01
 2.011271e-01 2.574129e+00 -4.761270e-01
 1.351737e-01 2.603050e+00 -1.943449e-01
 6.118951e-02 2.553936e+00 7.373934e-02
 -7.838142e-02 2.414926e+00 5.045239e-01
 -2.247984e-01 2.274548e+00 9.245450e-01
 -3.266202e-01 2.129598e+00 1.213264e+00
 -4.062045e-01 1.904496e+00 1.439530e+00
 -4.798035e-01 1.591438e+00 1.591463e+00
 -5.441769e-01 1.203251e+00 1.622742e+00
 -5.844435e-01 4.490563e-01 1.380492e+00
 -5.869734e-01 2.325016e-01 1.377140e+00
 -5.629896e-01 5.688395e-02 1.385174e+00
 -4.243694e-01 -3.626511e-01 1.441348e+00
 -2.170414e-01 -9.206689e-01 1.528062e+00
 -6.738834e-02 -1.211992e+00 1.507461e+00
 1.410871e-01 -1.481449e+00 1.372274e+00
 3.395394e-01 -1.655193e+00 1.156264e+00
 5.071092e-01 -1.730045e+00 9.042440e-01
 6.272541e-01 -1.722241e+00 6.638325e-01
 6.969255e-01 -1.668479e+00 4.504519e-01
 7.693339e-01 -1.558495e+00 1.505825e-01
 8.842729e-01 -1.290283e+00 -5.794775e-01
 6.952397e-01 -1.123721e+00 -9.611401e-01
 5.653195e-01 -1.208227e+00 -1.347495e+00
 3.178452e-01 -1.505539e+00 -1.666027e+00
 2.372264e-02 -1.820588e+00 -1.754252e+00
 -2.280128e-01 -2.062094e+00 -1.682971e+00
 -4.096876e-01 -2.236688e+00 -1.548025e+00
 -5.408112e-01 -2.349587e+00 -1.391138e+00
 -6.435947e-01 -2.424292e+00 -1.210935e+00
 -7.222921e-01 -2.461753e+00 -1.009342e+00
 -7.816575e-01 -2.458214e+00 -7.737582e-01
 -8.092536e-01 -2.393098e+00 -4.996859e-01
 -7.846434e-01 -2.246088e+00 -2.120036e-01
