 1.092770e+00 6.003116e-01 1.693957e+00
 7.538267e-01 6.947298e-01 1.632003e+00
 4.270393e-01 7.186186e-01 1.449253e+00
 1.768441e-01 6.922468e-01 1.154937e+00
 8.733599e-02 6.259767e-01 9.107112e-01
 -3.973077e-02 4.482832e-01 6.736772e-01
 -2.766147e-01 3.560777e-01 4.787443e-01
 -8.689283e-01 3.950078e-01 8.171636e-02
 -1.088316e+00 3.338420e-01 -5.786684e-02
 -1.224628e+00 2.574547e-01 -1.290628e-01
 -1.525996e+00 1.266738e-01 -1.625634e-01
 -1.850893e+00 1.530835e-01 -1.756354e-01
 -2.106926e+00 2.439302e-01 -2.715002e-01
 -2.335122e+00 3.669987e-01 -4.581105e-01
 -2.488594e+00 5.067757e-01 -7.154805e-01
 -2.544893e+00 6.302453e-01 -9.745630e-01
 -2.518283e+00 7.400297e-01 -1.242990e+00
 -2.411042e+00 8.322469e-01 -1.496753e+00
 -2.234159e+00 8.970565e-01 -1.716166e+00
 -2.003391e+00 9.291915e-01 -1.884683e+00
 -1.740084e+00 9.273632e-01 -1.989100e+00
 -1.462870e+00 8.936663e-01 -2.022911e+00
 -2.794232e-01 6.244280e-01 -1.853059e+00
 -4.419186e-02 5.646589e-01 -1.758456e+00
 1.464178e-01 5.020045e-01 -1.619480e+00
 2.957520e-01 4.334274e-01 -1.438885e+00
 5.755389e-01 2.375726e-01 -8.422571e-01
 7.218172e-01 1.830903e-01 -5.926998e-01
 1.002009e+00 2.468267e-01 -3.371960e-01
 1.350887e+00 2.347521e-01 -2.395972e-01
 2.274708e+00 -1.612536e-01 9.821903e-02
 2.501778e+00 -3.670184e-01 2.601544e-01
 2.639295e+00 -6.358851e-01 4.888426e-01
 2.647966e+00 -8.927069e-01 7.274814e-01
 2.536297e+00 -1.129176e+00 9.506661e-01
 2.317135e+00 -1.320972e+00 1.135175e+00
 2.009827e+00 -1.452440e+00 1.256024e+00
 1.644428e+00 -1.516467e+00 1.285195e+00
 1.300352e+00 -1.493209e+00 1.226019e+00
 4.647171e-01 -1.174689e+00 8.844876e-01
 1.767188e-01 -9.658492e-01 8.148302e-01
 -4.635624e-02 -7.257251e-01 8.533614e-01
 -1.773864e-01 -5.398499e-01 9.939134e-01
 -4.244330e-01 -3.032905e-01 1.257954e+00
 -6.043480e-01 -1.852806e-02 1.386920e+00
 -7.737113e-01 3.706288e-01 1.402445e+00
 -8.501462e-01 7.180071e-01 1.292575e+00
 -8.426252e-01 1.015897e+00 1.064226e+00
 -7.056058e-01 1.255586e+00 7.886931e-01
 -4.778096e-01 1.375987e+00 5.046637e-01
 -1.769670e-01 1.345516e+00 1.877323e-01
 1.757707e-01 1.126750e+00 -9.982181e-02
 3.424566e-01 1.101785e+00 -2.641917e-01
 7.211422e-01 1.219708e+00 -5.853170e-01
 1.037061e+00 1.150669e+00 -8.337436e-01
 1.299174e+00 9.300488e-01 -1.048694e+00
 1.467290e+00 5.883881e-01 -1.200760e+00
 1.515502e+00 1.944878e-01 -1.252428e+00
 1.486092e+00 -2.049104e-01 -1.157070e+00
 1.391259e+00 -5.299147e-01 -9.246936e-01
 1.288535e+00 -6.859684e-01 -6.665956e-01
 9.769435e-01 -8.163344e-01 -2.751974e-01
 7.570765e-01 -1.096250e+00 -9.729062e-02
 3.689376e-01 -1.429224e+00 -1.202894e-01
 -9.562979e-02 -1.575023e+00 -3.440960e-01
 -5.131584e-01 -1.469671e+00 -6.646506e-01
 -7.858128e-01 -1.126965e+00 -9.709148e-01
 -8.207670e-01 -6.959713e-01 -1.189372e+00
 -7.391176e-01 -2.905486e-01 -1.213177e+00
 -5.695497e-01 2.883921e-01 -9.339148e-01
 -5.480033e-01 5.565151e-01 -8.744069e-01
 -4.089347e-01 1.357632e+00 -9.007476e-01
 -2.944817e-01 1.628253e+00 -8.541694e-01
 -1.214424e-01 1.881774e+00 -7.301923e-01
 6.989415e-02 2.054209e+00 -5.481821e-01
 2.732294e-01 2.134616e+00 -3.319614e-01
 4.739948e-01 2.118100e+00 -1.018742e-01
 6.581646e-01 2.004674e+00 1.225142e-01
 8.186318e-01 1.803997e+00 3.093101e-01
 9.417302e-01 1.521130e+00 4.469053e-01
 1.071022e+00 5.479388e-01 6.728826e-01
 1.011981e+00 2.559762e-01 7.269325e-01
 9.132753e-01 6.475632e-02 8.073751e-01
 7.962296e-01 -1.094352e-01 9.822480e-01
 7.283506e-01 -3.300272e-01 1.401170e+00
 6.069254e-01 -4.864601e-01 1.627885e+00
 4.485856e-01 -6.787885e-01 1.775547e+00
 2.544610e-01 -8.914191e-01 1.841848e+00
 2.805662e-02 -1.094493e+00 1.818933e+00
 -2.323036e-01 -1.264041e+00 1.706998e+00
 -4.721636e-01 -1.372766e+00 1.514555e+00
 -1.188330e+00 -1.529304e+00 5.770237e-01
 -1.318970e+00 -1.509704e+00 3.794148e-01
 -1.431040e+00 -1.439974e+00 1.809373e-01
 -1.516436e+00 -1.324335e+00 -9.590308e-03
 -1.773963e+00 -5.353582e-01 -9.140028e-01
 -1.757451e+00 -3.141060e-01 -1.072981e+00
 -1.701222e+00 -5.963797e-03 -1.174638e+00
 -1.606533e+00 2.927108e-01 -1.170021e+00
 -1.537311e+00 5.166719e-01 -1.089107e+00
 -1.533921e+00 8.085986e-01 -9.444231e-01
 -1.606250e+00 1.074583e+00 -6.172735e-01
 -1.680918e+00 1.173874e+00 -1.984292e-01
 -1.717820e+00 1.081732e+00 2.403037e-01
 -1.711716e+00 8.246232e-01 5.920642e-01
 -1.686340e+00 4.744245e-01 7.910191e-01
 -1.560712e+00 7.688187e-02 8.569564e-01
 -1.354318e+00 -2.643701e-01 7.695591e-01
 -1.118613e+00 -5.081510e-01 5.472289e-01
 -8.045749e-01 -6.290418e-01 1.965038e-01
 -1.718540e-01 -5.348467e-01 -3.601257e-01
 -1.681184e-02 -5.580759e-01 -5.289773e-01
 4.727864e-02 -5.907464e-01 -6.418950e-01
 1.680365e-01 -7.038409e-01 -8.820991e-01
 3.576172e-01 -9.995735e-01 -1.084028e+00
 5.790471e-01 -1.291645e+00 -1.127958e+00
 8.306276e-01 -1.534309e+00 -1.047864e+00
 1.108291e+00 -1.691454e+00 -8.598308e-01
 1.380420e+00 -1.727419e+00 -6.106857e-01
 1.607596e+00 -1.640217e+00 -3.244532e-01
 1.740781e+00 -1.453590e+00 -1.894591e-02
 1.758998e+00 -1.193668e+00 2.599327e-01
 1.632613e+00 -8.245028e-01 5.310389e-01
 1.633369e+00 -6.797931e-01 7.031885e-01
 1.774002e+00 -4.274081e-01 1.054970e+00
 1.778731e+00 -1.534068e-01 1.302273e+00
 1.648259e+00 1.611006e-01 1.517220e+00
 1.409045e+00 4.168802e-01 1.650786e+00
