 -5.643508e-02 2.031603e-01 -1.693659e+00
 4.972896e-01 5.150487e-01 -1.684848e+00
 9.138873e-01 7.278818e-01 -1.364139e+00
 1.111413e+00 8.218371e-01 -8.233866e-01
 9.964641e-01 9.069948e-01 -3.668006e-01
 6.655467e-01 8.153701e-01 2.037604e-01
 5.449661e-01 6.040420e-01 7.863514e-01
 3.924305e-01 4.810527e-01 1.012939e+00
 1.547953e-01 2.920826e-01 1.177203e+00
 -9.807784e-02 5.552523e-02 1.240298e+00
 -3.057326e-01 -2.400448e-01 1.193006e+00
 -4.271375e-01 -5.568124e-01 1.030920e+00
 -4.329614e-01 -8.630905e-01 7.520485e-01
 -3.199680e-01 -1.068794e+00 4.044787e-01
 -2.313006e-01 -1.090526e+00 5.305555e-02
 -8.344298e-02 -9.624965e-01 -3.616028e-01
 4.896960e-02 -9.061020e-01 -1.031122e+00
 2.666066e-01 -7.630659e-01 -1.379858e+00
 6.358743e-01 -5.512942e-01 -1.614514e+00
 1.027730e+00 -3.369526e-01 -1.640530e+00
 1.383659e+00 -1.525474e-01 -1.470277e+00
 1.635488e+00 -1.619343e-02 -1.138565e+00
 1.750269e+00 4.145505e-02 -7.032039e-01
 1.620339e+00 1.531547e-01 -1.475140e-01
 1.644335e+00 2.810009e-01 1.315941e-01
 1.670763e+00 5.477235e-01 3.984270e-01
 1.556146e+00 1.013527e+00 7.319460e-01
 1.294583e+00 1.328589e+00 9.351201e-01
 9.084350e-01 1.525724e+00 1.067973e+00
 4.626241e-01 1.564225e+00 1.129925e+00
 -5.065372e-02 1.402222e+00 1.128284e+00
 -7.201044e-01 8.790619e-01 1.076773e+00
 -9.071767e-01 6.588593e-01 1.019976e+00
 -1.207708e+00 2.696385e-01 7.870998e-01
 -1.463484e+00 1.133045e-01 6.051114e-01
 -1.822029e+00 5.470142e-02 4.238246e-01
 -2.235484e+00 2.361869e-01 2.156703e-01
 -2.458225e+00 5.719334e-01 -4.028415e-02
 -2.454704e+00 1.014490e+00 -3.513926e-01
 -2.184884e+00 1.427442e+00 -5.798068e-01
 -1.702155e+00 1.700129e+00 -6.621003e-01
 -1.136996e+00 1.739568e+00 -5.555675e-01
 -6.690910e-01 1.520277e+00 -2.767332e-01
 -4.800051e-01 1.145056e+00 2.957746e-02
 -3.349141e-01 4.774520e-01 2.036421e-01
 -2.265610e-01 2.079223e-01 2.163683e-01
 -1.520077e-02 -7.244093e-02 2.323693e-01
 2.760862e-01 -2.470248e-01 3.066898e-01
 4.526912e-01 -3.911815e-01 4.778402e-01
 6.476328e-01 -7.125758e-01 1.000531e+00
 9.018878e-01 -1.148634e+00 1.214939e+00
 1.224706e+00 -1.582677e+00 1.146722e+00
 1.518085e+00 -1.890922e+00 8.301499e-01
 1.707917e+00 -2.005432e+00 3.666241e-01
 1.757077e+00 -1.916784e+00 -1.204013e-01
 1.667941e+00 -1.660894e+00 -5.208051e-01
 1.466452e+00 -1.306659e+00 -7.570142e-01
 1.198994e+00 -9.360212e-01 -7.937097e-01
 9.228509e-01 -5.542845e-01 -6.097303e-01
 7.945614e-01 -3.333910e-01 -6.077758e-01
 2.671968e-01 2.418550e-01 -6.832725e-01
 1.222814e-01 4.792695e-01 -6.950793e-01
 4.103711e-02 8.594683e-01 -7.934344e-01
 1.654435e-01 1.316065e+00 -8.418024e-01
 4.594747e-01 1.661128e+00 -8.505524e-01
 8.681523e-01 1.851419e+00 -8.017606e-01
 1.305727e+00 1.850519e+00 -7.097857e-01
 1.686802e+00 1.668199e+00 -5.976382e-01
 2.502901e+00 6.689056e-01 -2.467278e-01
 2.604461e+00 4.383953e-01 -1.636375e-01
 2.639230e+00 1.799790e-01 -7.663460e-02
 2.593508e+00 -1.006352e-01 1.133061e-02
 2.450810e+00 -3.799734e-01 9.125243e-02
 2.210582e+00 -6.152192e-01 1.533177e-01
 1.334254e+00 -1.040402e+00 2.307849e-01
 1.192002e+00 -1.121563e+00 2.179914e-01
 9.995958e-01 -1.262513e+00 1.708679e-01
 4.845840e-01 -1.803523e+00 -2.122593e-01
 2.813384e-01 -1.917751e+00 -3.409164e-01
 4.837828e-02 -1.968733e+00 -4.607137e-01
 -1.929895e-01 -1.953066e+00 -5.625944e-01
 -4.507076e-01 -1.865230e+00 -6.548216e-01
 -6.502476e-01 -1.733936e+00 -7.222658e-01
 -1.449593e+00 -8.839686e-01 -9.719211e-01
 -1.650979e+00 -5.284940e-01 -9.579140e-01
 -1.724204e+00 -1.730557e-01 -8.698219e-01
 -1.678251e+00 1.371583e-01 -7.473765e-01
 -1.424308e+00 7.110832e-01 -2.992931e-01
 -1.485703e+00 9.447088e-01 2.293532e-02
 -1.555542e+00 1.029745e+00 1.753670e-01
 -1.682899e+00 1.090933e+00 4.029758e-01
 -1.816313e+00 1.078625e+00 6.387130e-01
 -1.929108e+00 9.885731e-01 8.656481e-01
 -2.018982e+00 8.326210e-01 1.075472e+00
 -2.070416e+00 6.378031e-01 1.241998e+00
 -2.091625e+00 3.880727e-01 1.367734e+00
 -2.073146e+00 9.089822e-02 1.431446e+00
 -2.005910e+00 -2.325970e-01 1.408123e+00
 -1.886985e+00 -5.418005e-01 1.278382e+00
 -1.726010e+00 -7.825374e-01 1.043156e+00
 -1.546588e+00 -9.062052e-01 7.328332e-01
 -1.379136e+00 -8.920174e-01 4.005080e-01
 -1.265586e+00 -7.757006e-01 1.477108e-01
 -9.134037e-01 -3.659787e-01 -2.639876e-01
 -7.881405e-01 -2.607718e-01 -4.708946e-01
 -4.960485e-01 -6.955174e-02 -1.349340e+00
