 4.916590e-02 1.602017e+00 1.655456e+00
 1.456546e-02 1.481195e+00 1.970589e+00
 -3.612545e-02 1.234507e+00 2.238210e+00
 -1.086150e-01 8.995125e-01 2.394636e+00
 -2.100463e-01 5.337141e-01 2.415410e+00
 -3.128369e-01 1.827686e-01 2.292630e+00
 -3.957876e-01 -1.117174e-01 2.035614e+00
 -4.521420e-01 -2.969585e-01 1.681279e+00
 -4.963674e-01 -3.997549e-01 7.638080e-01
 -5.499452e-01 -4.046836e-01 5.415602e-01
 -6.639955e-01 -3.993298e-01 3.113118e-01
 -7.595976e-01 -3.864230e-01 2.029844e-01
 -1.019344e+00 -3.969262e-01 -9.330338e-04
 -1.319363e+00 -6.422316e-01 -2.636977e-01
 -1.425963e+00 -1.050028e+00 -5.787620e-01
 -1.045334e+00 -2.223053e+00 -1.201780e+00
 -8.340211e-01 -2.467856e+00 -1.360494e+00
 -5.377028e-01 -2.616849e+00 -1.508386e+00
 -1.846478e-01 -2.651937e+00 -1.622432e+00
 1.668768e-01 -2.573094e+00 -1.670743e+00
 4.850152e-01 -2.393468e+00 -1.642157e+00
 7.271597e-01 -2.134895e+00 -1.538110e+00
 8.586902e-01 -1.832309e+00 -1.371155e+00
 8.686235e-01 -1.512039e+00 -1.126321e+00
 7.635623e-01 -1.262848e+00 -7.975818e-01
 6.186580e-01 -1.179793e+00 -4.957598e-01
 5.874386e-01 -1.159038e+00 -2.838830e-01
 5.369125e-01 -1.017515e+00 1.161715e-02
 4.991367e-01 -7.465155e-01 3.160137e-01
 4.827057e-01 -4.701710e-01 4.886293e-01
 4.635958e-01 -1.543708e-01 5.762338e-01
 4.316007e-01 1.731117e-01 5.714059e-01
 3.724813e-01 4.704069e-01 4.839687e-01
 2.724813e-01 7.391224e-01 3.180425e-01
 4.155010e-02 1.252388e+00 -2.699845e-01
 4.254274e-02 1.543765e+00 -7.454116e-01
 1.439199e-01 1.653126e+00 -1.187752e+00
 2.863920e-01 1.583382e+00 -1.587312e+00
 4.425000e-01 1.351432e+00 -1.914880e+00
 5.765704e-01 9.941330e-01 -2.116891e+00
 6.562684e-01 5.702928e-01 -2.160925e+00
 6.579912e-01 1.516045e-01 -2.041138e+00
 5.471115e-01 -2.530923e-01 -1.738601e+00
 2.957785e-01 -5.349835e-01 -1.364659e+00
 -1.577720e-01 -7.334477e-01 -9.721615e-01
 -3.311372e-01 -8.644014e-01 -6.829343e-01
 -4.524817e-01 -1.251169e+00 -2.429872e-01
 -6.474483e-01 -1.382853e+00 3.919602e-02
 -8.926338e-01 -1.392457e+00 3.052385e-01
 -1.133503e+00 -1.268288e+00 5.587491e-01
 -1.334361e+00 -1.031113e+00 7.551765e-01
 -1.465743e+00 -7.104478e-01 8.756264e-01
 -1.505158e+00 -3.533478e-01 9.080442e-01
 -1.432541e+00 -2.927906e-03 8.689519e-01
 -1.256867e+00 3.048675e-01 7.588173e-01
 -9.743688e-01 5.446489e-01 5.797735e-01
 -8.288100e-01 7.183880e-01 5.191176e-01
 -7.688893e-01 8.475719e-01 4.993110e-01
 -5.116364e-01 1.963466e+00 5.661815e-01
 -2.794591e-01 2.299107e+00 6.644134e-01
 3.936549e-02 2.511864e+00 8.480337e-01
 3.897058e-01 2.560540e+00 1.083418e+00
 7.064911e-01 2.437940e+00 1.335185e+00
 9.438549e-01 2.163429e+00 1.547300e+00
 1.071822e+00 1.772486e+00 1.674855e+00
 1.044762e+00 1.353669e+00 1.722361e+00
 8.570821e-01 9.588726e-01 1.687716e+00
 5.554471e-01 6.900459e-01 1.582450e+00
 1.698963e-01 5.772035e-01 1.466532e+00
 -1.889247e-01 6.361514e-01 1.369057e+00
 -7.202556e-01 8.551803e-01 1.530815e+00
 -1.156986e+00 1.104019e+00 1.443300e+00
 -1.514533e+00 1.248276e+00 1.139812e+00
 -1.714541e+00 1.266008e+00 6.867876e-01
 -1.701094e+00 1.156895e+00 1.644139e-01
 -1.462337e+00 9.579609e-01 -2.628327e-01
 -1.068868e+00 7.151237e-01 -4.849609e-01
 -1.246959e-01 1.233990e-01 -4.236502e-01
 1.271446e-01 4.686647e-02 -4.057806e-01
 1.959638e-01 2.311509e-02 -4.044026e-01
 8.176362e-01 -1.528449e-01 -4.718774e-01
 1.185018e+00 -3.306544e-01 -4.053443e-01
 1.452346e+00 -6.123877e-01 -3.144178e-01
 1.588903e+00 -9.644475e-01 -2.357226e-01
 1.584337e+00 -1.342728e+00 -1.753698e-01
 1.445108e+00 -1.690399e+00 -1.493829e-01
 1.194564e+00 -1.972823e+00 -1.799275e-01
 8.738581e-01 -2.150462e+00 -2.729669e-01
 5.292252e-01 -2.198714e+00 -4.131435e-01
 1.968089e-01 -2.114934e+00 -6.098803e-01
 -5.622838e-02 -1.923096e+00 -8.867084e-01
 -1.387290e-01 -1.744412e+00 -1.157163e+00
 -2.772255e-01 -1.579340e+00 -1.538746e+00
 -4.942846e-01 -1.236847e+00 -1.815400e+00
 -6.221657e-01 -7.514769e-01 -1.925920e+00
 -6.001253e-01 -2.476801e-01 -1.852113e+00
 -3.817801e-01 2.364715e-01 -1.603947e+00
 -2.119445e-02 5.410615e-01 -1.348606e+00
 5.180083e-01 6.981824e-01 -1.098146e+00
 7.681383e-01 8.204636e-01 -8.984799e-01
 9.037895e-01 9.307116e-01 -7.389824e-01
 1.064480e+00 1.151011e+00 -4.289116e-01
 1.101277e+00 1.323456e+00 -1.485138e-01
 1.044998e+00 1.468492e+00 1.449017e-01
 9.033976e-01 1.565268e+00 4.299918e-01
 6.933458e-01 1.597619e+00 6.856530e-01
 3.769790e-01 1.539867e+00 9.538678e-01
 2.256166e-01 1.546023e+00 1.136477e+00
 1.099474e-01 1.603380e+00 1.338205e+00
