 8.435446e-02 1.626187e+00 1.873847e+00
 -1.182577e-02 1.876760e+00 1.584443e+00
 -8.490634e-02 1.998096e+00 1.242606e+00
 -1.331063e-01 1.989690e+00 8.766758e-01
 -1.687583e-01 1.758409e+00 3.010833e-01
 -1.911259e-01 1.740753e+00 8.629334e-02
 -2.579259e-01 1.733255e+00 -1.148459e-01
 -6.637412e-01 1.755814e+00 -8.273371e-01
 -7.991501e-01 1.657052e+00 -1.170175e+00
 -8.651248e-01 1.461381e+00 -1.458886e+00
 -8.667319e-01 1.184973e+00 -1.680274e+00
 -8.069084e-01 8.614365e-01 -1.806862e+00
 -6.959597e-01 5.287448e-01 -1.823747e+00
 -5.500339e-01 2.253784e-01 -1.729226e+00
 -3.782429e-01 -3.083101e-02 -1.521477e+00
 -5.437306e-02 -3.838395e-01 -9.488437e-01
 8.186572e-02 -5.119028e-01 -8.054243e-01
 2.604720e-01 -6.406191e-01 -7.078909e-01
 7.767872e-01 -8.004303e-01 -3.405300e-01
 9.705218e-01 -9.651769e-01 -1.184013e-01
 1.085638e+00 -1.212271e+00 8.783446e-02
 1.107911e+00 -1.508480e+00 2.496570e-01
 1.038963e+00 -1.818736e+00 3.494595e-01
 8.906762e-01 -2.110178e+00 3.785727e-01
 6.834737e-01 -2.352855e+00 3.365163e-01
 4.421223e-01 -2.525831e+00 2.309672e-01
 1.927834e-01 -2.616519e+00 7.632642e-02
 -4.983354e-02 -2.618606e+00 -1.026355e-01
 -2.731723e-01 -2.531369e+00 -2.892721e-01
 -4.484933e-01 -2.369000e+00 -4.636596e-01
 -5.565733e-01 -2.152384e+00 -6.318016e-01
 -5.792281e-01 -1.900949e+00 -8.001368e-01
 -5.203480e-01 -1.686522e+00 -9.147581e-01
 -3.490693e-01 -1.450296e+00 -1.094186e+00
 -2.261465e-02 -1.266927e+00 -1.472396e+00
 2.139004e-01 -1.112505e+00 -1.616005e+00
 4.463117e-01 -8.885432e-01 -1.680572e+00
 6.424300e-01 -6.262093e-01 -1.652415e+00
 7.774320e-01 -3.547800e-01 -1.537231e+00
 8.428317e-01 -1.021941e-01 -1.348476e+00
 8.405197e-01 1.030786e-01 -1.098277e+00
 7.694954e-01 2.392600e-01 -8.134569e-01
 6.497487e-01 2.897871e-01 -5.695149e-01
 3.000120e-01 3.549960e-01 -2.329815e-01
 1.036503e-01 5.205649e-01 -4.785241e-02
 -1.926314e-01 6.428316e-01 1.319278e-01
 -7.421519e-01 9.110026e-01 2.895774e-01
 -9.962585e-01 1.153639e+00 3.079251e-01
 -1.155878e+00 1.488185e+00 3.095180e-01
 -1.186123e+00 1.856107e+00 2.941659e-01
 -1.086087e+00 2.206212e+00 2.532897e-01
 -8.710633e-01 2.495592e+00 1.852977e-01
 -5.649364e-01 2.688167e+00 1.143880e-01
 -2.075284e-01 2.759109e+00 6.746180e-02
 1.554250e-01 2.698454e+00 4.331761e-02
 4.749080e-01 2.511598e+00 3.413707e-02
 7.075208e-01 2.222992e+00 4.239668e-02
 8.220415e-01 1.870871e+00 6.818137e-02
 7.965216e-01 1.380376e+00 1.215622e-01
 8.912345e-01 1.124568e+00 1.353104e-01
 1.042290e+00 8.590618e-01 2.420104e-01
 1.220063e+00 -1.114017e-01 7.199162e-01
 1.165504e+00 -4.047027e-01 8.660080e-01
 9.964174e-01 -6.797397e-01 1.023253e+00
 7.427231e-01 -8.695533e-01 1.163541e+00
 4.308257e-01 -9.606812e-01 1.269110e+00
 9.229780e-02 -9.464384e-01 1.323534e+00
 -2.363625e-01 -8.268066e-01 1.318282e+00
 -4.895624e-01 -6.398722e-01 1.249784e+00
 -9.321209e-01 -2.885296e-01 8.428843e-01
 -1.101941e+00 -8.945505e-02 4.931056e-01
 -1.173532e+00 5.479924e-02 -3.630662e-02
 -1.057861e+00 1.776636e-01 -3.824278e-01
 -8.256849e-01 4.375324e-01 -6.864238e-01
 -5.072242e-01 7.163321e-01 -8.355732e-01
 -2.522065e-01 8.282460e-01 -9.447305e-01
 9.831488e-02 1.045144e+00 -9.990910e-01
 4.246560e-01 1.188562e+00 -9.769909e-01
 1.197820e+00 1.364095e+00 -8.184098e-01
 1.504001e+00 1.427856e+00 -6.244949e-01
 1.718089e+00 1.483047e+00 -3.389240e-01
 1.816574e+00 1.527083e+00 2.059795e-03
 1.789794e+00 1.560446e+00 3.544454e-01
 1.647747e+00 1.574357e+00 6.661122e-01
 1.409403e+00 1.533839e+00 9.246227e-01
 1.111849e+00 1.434818e+00 1.091037e+00
 7.981809e-01 1.292686e+00 1.142665e+00
 2.989184e-01 1.058649e+00 1.029712e+00
 3.052781e-02 1.001115e+00 1.063054e+00
 -1.405541e-01 9.557478e-01 1.139367e+00
 -3.179572e-01 8.506723e-01 1.228588e+00
 -1.024616e+00 2.015825e-01 1.755169e+00
 -1.220614e+00 -7.675941e-02 1.835660e+00
 -1.362391e+00 -3.968307e-01 1.821321e+00
 -1.428717e+00 -7.252514e-01 1.717783e+00
 -1.407063e+00 -1.027665e+00 1.541059e+00
 -1.295073e+00 -1.272632e+00 1.315714e+00
 -1.101160e+00 -1.435219e+00 1.072322e+00
 -2.790018e-01 -1.647470e+00 3.586540e-01
 -1.539647e-01 -1.650887e+00 2.428424e-01
 7.458350e-02 -1.609745e+00 -2.025489e-02
 2.200765e-01 -1.642414e+00 -2.306154e-01
 3.974101e-01 -1.767438e+00 -4.617772e-01
 4.614706e-01 -1.998090e+00 -7.593672e-01
 3.483608e-01 -2.217215e+00 -1.118871e+00
 1.009568e-01 -2.328649e+00 -1.432603e+00
 -2.359323e-01 -2.297608e+00 -1.693343e+00
 -5.980032e-01 -2.140210e+00 -1.836247e+00
 -9.349203e-01 -1.891746e+00 -1.835250e+00
 -1.190379e+00 -1.594312e+00 -1.692080e+00
 -1.322245e+00 -1.297914e+00 -1.432393e+00
 -1.310235e+00 -1.051004e+00 -1.100608e+00
 -1.157617e+00 -8.927785e-01 -7.514861e-01
 -5.803424e-01 -7.871753e-01 -9.937477e-02
 -4.100921e-01 -6.974083e-01 5.574707e-02
 -2.086014e-02 -4.834728e-01 2.981273e-01
 1.724416e-01 -2.856572e-01 5.538455e-01
 2.036484e-01 -1.081191e-01 7.350629e-01
 2.213813e-01 -1.079822e-02 9.029129e-01
 3.412484e-01 7.901958e-02 1.372030e+00
 3.898310e-01 2.818287e-01 1.699872e+00
 3.803018e-01 5.837351e-01 1.935341e+00
 3.069347e-01 9.499183e-01 2.054435e+00
 1.939476e-01 1.306447e+00 2.033462e+00
