 2.142323e+00 2.595356e-01 2.141468e+00
 1.924147e+00 4.924492e-01 2.226662e+00
 1.661795e+00 6.911584e-01 2.221355e+00
 1.387156e+00 8.373497e-01 2.124657e+00
 1.130646e+00 9.217823e-01 1.944357e+00
 9.131303e-01 9.317311e-01 1.699885e+00
 7.528395e-01 8.586037e-01 1.422723e+00
 6.726399e-01 7.192847e-01 1.159757e+00
 6.455535e-01 3.307049e-01 6.718754e-01
 5.344416e-01 2.170513e-01 2.780544e-01
 6.772208e-01 1.189327e-01 -2.034640e-01
 6.883794e-01 5.134495e-02 -4.258278e-01
 6.278978e-01 9.595869e-03 -7.122249e-01
 4.934112e-01 3.347120e-03 -9.714022e-01
 2.959905e-01 1.197898e-02 -1.177820e+00
 5.371948e-02 2.906888e-02 -1.317364e+00
 -5.641008e-01 6.743348e-02 -1.467073e+00
 -8.359784e-01 5.367908e-02 -1.682003e+00
 -1.001584e+00 -3.883111e-02 -1.848600e+00
 -1.237738e+00 -2.841892e-01 -2.017023e+00
 -1.425083e+00 -5.607220e-01 -2.060106e+00
 -1.592054e+00 -8.506388e-01 -1.985596e+00
 -1.725098e+00 -1.107303e+00 -1.798418e+00
 -1.814002e+00 -1.313794e+00 -1.506736e+00
 -1.831657e+00 -1.425366e+00 -1.185083e+00
 -1.776041e+00 -1.450483e+00 -8.503702e-01
 -1.655902e+00 -1.385792e+00 -5.401306e-01
 -1.487473e+00 -1.238512e+00 -2.887131e-01
 -1.169111e+00 -8.548520e-01 5.904617e-03
 -1.033494e+00 -5.600785e-01 2.760935e-01
 -1.059558e+00 -4.044923e-01 4.956814e-01
 -1.272106e+00 -1.398961e-01 8.628502e-01
 -1.322978e+00 1.523005e-01 1.103993e+00
 -1.230873e+00 4.739318e-01 1.306495e+00
 -1.023404e+00 7.894411e-01 1.406877e+00
 -7.497328e-01 1.070455e+00 1.375344e+00
 -4.496100e-01 1.269208e+00 1.219049e+00
 2.041780e-01 1.454989e+00 6.529291e-01
 4.450761e-01 1.449753e+00 4.974031e-01
 7.120026e-01 1.387281e+00 3.802997e-01
 9.618023e-01 1.273429e+00 3.130103e-01
 1.136154e+00 1.135776e+00 2.712728e-01
 1.348057e+00 8.597348e-01 1.569159e-01
 1.553611e+00 5.154626e-01 1.734603e-01
 1.599687e+00 1.573030e-01 2.675548e-01
 1.452111e+00 -2.820957e-01 4.480524e-01
 1.319281e+00 -5.986938e-01 7.153645e-01
 1.265552e+00 -8.728066e-01 8.433840e-01
 1.124867e+00 -1.266398e+00 8.450260e-01
 8.926357e-01 -1.598440e+00 7.030618e-01
 6.057413e-01 -1.796886e+00 4.516726e-01
 3.107781e-01 -1.825870e+00 1.469878e-01
 3.061705e-02 -1.678040e+00 -1.374698e-01
 -1.837889e-01 -1.369204e+00 -3.578981e-01
 -2.658418e-01 -9.892295e-01 -4.767202e-01
 -3.327159e-01 1.252890e-02 -3.777784e-01
 -3.171510e-01 1.973912e-01 -3.871932e-01
 -2.588759e-01 4.288941e-01 -4.345019e-01
 -1.323372e-01 6.518585e-01 -4.927262e-01
 4.414713e-02 8.297226e-01 -5.490315e-01
 9.474270e-01 1.371461e+00 -6.998101e-01
 1.252232e+00 1.523489e+00 -6.585864e-01
 1.522729e+00 1.621704e+00 -5.350837e-01
 1.760789e+00 1.666405e+00 -3.410201e-01
 1.947147e+00 1.652099e+00 -9.825772e-02
 2.068978e+00 1.579834e+00 1.674842e-01
 2.121009e+00 1.456831e+00 4.297401e-01
 2.105216e+00 1.289226e+00 6.734490e-01
 2.024809e+00 1.061447e+00 9.075122e-01
 1.897073e+00 8.022711e-01 1.081209e+00
 1.541778e+00 2.174933e-01 1.322710e+00
 1.331055e+00 -1.749064e-04 1.522003e+00
 8.998355e-01 -1.931965e-01 1.614785e+00
 4.450397e-01 -2.436479e-01 1.560109e+00
 2.968699e-02 -1.419352e-01 1.381313e+00
 -2.623434e-01 8.016490e-02 1.100020e+00
 -3.812219e-01 3.655518e-01 7.306719e-01
 -5.203371e-01 4.896214e-01 5.569494e-01
 -7.211178e-01 6.532713e-01 4.353748e-01
 -1.277990e+00 1.051680e+00 2.895363e-01
 -1.692364e+00 1.148069e+00 5.856309e-02
 -2.040150e+00 1.053796e+00 -2.697544e-01
 -2.229672e+00 8.058781e-01 -6.295184e-01
 -2.235927e+00 4.528475e-01 -9.280868e-01
 -2.073169e+00 4.795438e-02 -1.098069e+00
 -1.776460e+00 -3.181177e-01 -1.101165e+00
 -1.315840e+00 -5.488776e-01 -1.021462e+00
 -1.063794e+00 -7.506780e-01 -1.098616e+00
 -8.389587e-01 -9.152344e-01 -1.301388e+00
 -5.646456e-01 -9.498194e-01 -1.601671e+00
 -3.561428e-01 -8.366657e-01 -1.916761e+00
 -2.138519e-01 -5.829189e-01 -2.200421e+00
 -1.275703e-01 -2.282850e-01 -2.369494e+00
 -1.086666e-01 1.735052e-01 -2.399516e+00
 -1.873022e-01 5.587790e-01 -2.302837e+00
 -3.488788e-01 8.636473e-01 -2.096168e+00
 -5.652835e-01 1.042837e+00 -1.812309e+00
 -8.012783e-01 1.071802e+00 -1.494062e+00
 -1.010293e+00 9.536149e-01 -1.201411e+00
 -1.353448e+00 2.763635e-01 -3.823172e-01
 -1.485442e+00 1.856980e-01 -2.530277e-01
 -1.776033e+00 3.287140e-02 -9.286521e-02
 -1.995010e+00 -2.278819e-01 9.227240e-02
 -2.081834e+00 -4.968796e-01 3.042790e-01
 -2.043154e+00 -7.600198e-01 5.285987e-01
 -1.881041e+00 -9.906410e-01 7.300801e-01
 -1.613432e+00 -1.169352e+00 8.870191e-01
 -1.266038e+00 -1.287956e+00 9.630108e-01
 -9.167158e-01 -1.313075e+00 9.550416e-01
 -5.818024e-01 -1.243046e+00 8.778195e-01
 1.530557e-01 -8.623228e-01 4.852105e-01
 4.220646e-01 -7.951518e-01 2.599378e-01
 6.336824e-01 -8.578178e-01 1.781848e-02
 9.067627e-01 -9.924295e-01 -1.324092e-01
 1.249595e+00 -1.118528e+00 -1.677905e-01
 1.599447e+00 -1.180026e+00 -8.408891e-02
 1.907815e+00 -1.167100e+00 9.579803e-02
 2.144966e+00 -1.078660e+00 3.464561e-01
 2.281045e+00 -9.310055e-01 6.406064e-01
 2.361717e+00 -2.075388e-01 1.740211e+00
 2.292952e+00 1.689090e-02 1.974174e+00
