 8.160516e-01 -2.291706e+00 -6.418394e-01
 1.070670e+00 -2.110765e+00 -8.179580e-01
 1.239467e+00 -1.849963e+00 -9.593429e-01
 1.321875e+00 -1.532535e+00 -1.041540e+00
 1.303782e+00 -1.182257e+00 -1.064999e+00
 1.184254e+00 -8.734893e-01 -1.048659e+00
 9.723497e-01 -6.197821e-01 -1.012371e+00
 7.263406e-01 -4.759494e-01 -9.836804e-01
 4.523674e-01 -4.143850e-01 -1.000754e+00
 5.229100e-02 -3.147304e-01 -1.171845e+00
 -3.252627e-01 -9.075428e-02 -1.158880e+00
 -6.402654e-01 -2.432009e-02 -1.006196e+00
 -1.027108e+00 -1.011316e-01 -9.212510e-01
 -1.349301e+00 -2.191031e-02 -8.911330e-01
 -1.708450e+00 2.289704e-01 -7.117910e-01
 -1.891809e+00 5.620798e-01 -4.326703e-01
 -1.863930e+00 8.949187e-01 -7.725589e-02
 -1.520560e+00 1.249187e+00 3.983430e-01
 -1.076564e+00 1.571951e+00 8.716620e-01
 -9.774493e-01 1.625733e+00 9.664908e-01
 -8.324955e-01 1.669559e+00 1.077860e+00
 -6.486316e-01 1.684917e+00 1.188064e+00
 -4.247430e-01 1.655560e+00 1.287347e+00
 -1.596898e-01 1.560295e+00 1.358156e+00
 1.254216e-01 1.373229e+00 1.370307e+00
 3.690309e-01 1.099208e+00 1.289564e+00
 4.972007e-01 7.486440e-01 1.136383e+00
 4.686408e-01 4.712130e-01 1.017190e+00
 3.967222e-01 2.389050e-01 9.490231e-01
 3.782428e-01 1.943954e-02 8.743303e-01
 3.922254e-01 -5.401783e-01 6.418017e-01
 3.354800e-01 -8.016922e-01 5.882660e-01
 2.712842e-01 -1.015921e+00 5.973609e-01
 2.135309e-01 -1.241286e+00 6.547616e-01
 9.614110e-02 -1.476797e+00 8.385400e-01
 -2.887903e-02 -1.594117e+00 9.719282e-01
 -1.807014e-01 -1.666360e+00 1.081565e+00
 -3.882005e-01 -1.699040e+00 1.208462e+00
 -6.308728e-01 -1.686570e+00 1.300127e+00
 -8.864473e-01 -1.625814e+00 1.343543e+00
 -1.178875e+00 -1.497600e+00 1.333567e+00
 -1.420042e+00 -1.314017e+00 1.270536e+00
 -1.606121e+00 -1.059490e+00 1.149102e+00
 -1.694767e+00 -7.527449e-01 9.683794e-01
 -1.645494e+00 -4.297676e-01 7.386503e-01
 -1.334696e+00 -2.596468e-02 3.777410e-01
 -9.788030e-01 3.574629e-01 9.322539e-03
 -9.042045e-01 5.093284e-01 -1.313090e-01
 -8.736103e-01 6.707764e-01 -2.744833e-01
 -9.011953e-01 8.746972e-01 -5.532308e-01
 -9.870895e-01 9.540705e-01 -1.001500e+00
 -1.070848e+00 8.104273e-01 -1.459889e+00
 -1.094804e+00 4.516062e-01 -1.820878e+00
 -1.049358e+00 -4.232316e-02 -1.974150e+00
 -9.483442e-01 -5.410931e-01 -1.871849e+00
 -8.170462e-01 -9.151689e-01 -1.545639e+00
 -6.748572e-01 -1.073730e+00 -1.087555e+00
 -5.622899e-01 -9.964920e-01 -6.535716e-01
 -4.039546e-01 -7.952376e-01 -3.985067e-01
 -3.047869e-01 -6.268295e-01 -2.623229e-01
 -2.046769e-01 -4.077433e-01 -1.780770e-01
 7.201550e-02 1.202192e-01 -1.378625e-01
 5.936880e-01 7.804156e-01 6.990093e-02
 7.123147e-01 9.636288e-01 1.685645e-01
 7.738583e-01 1.326202e+00 2.954115e-01
 7.231317e-01 1.756856e+00 2.969720e-01
 5.732997e-01 2.133388e+00 1.500100e-01
 3.873267e-01 2.390192e+00 -1.251915e-01
 2.008470e-01 2.494590e+00 -4.664531e-01
 4.173694e-02 2.447743e+00 -8.187270e-01
 -7.142518e-02 2.268776e+00 -1.133061e+00
 -1.277871e-01 1.989608e+00 -1.371048e+00
 -1.239707e-01 1.649885e+00 -1.506750e+00
 -6.363960e-02 1.296260e+00 -1.526370e+00
 6.067670e-02 9.760390e-01 -1.442218e+00
 2.519728e-01 7.279384e-01 -1.274517e+00
 4.392278e-01 6.194394e-01 -1.106636e+00
 1.011704e+00 4.780179e-01 -8.204370e-01
 1.230697e+00 3.239335e-01 -5.930295e-01
 1.363753e+00 2.042811e-01 -2.600077e-01
 1.415828e+00 1.066554e-01 4.040915e-01
 1.367494e+00 9.264171e-03 1.204313e+00
 1.189349e+00 -9.146260e-03 1.559923e+00
 9.196407e-01 1.743881e-02 1.809307e+00
 6.093913e-01 7.728856e-02 1.943470e+00
 2.924626e-01 1.599437e-01 1.968250e+00
 -9.686637e-03 2.583731e-01 1.890346e+00
 -2.673128e-01 3.738216e-01 1.718109e+00
 -4.639598e-01 5.018384e-01 1.441300e+00
 -5.415891e-01 6.473277e-01 1.079434e+00
 -4.597740e-01 7.832679e-01 7.506732e-01
 -3.366036e-01 9.484289e-01 5.671409e-01
 -2.757163e-01 1.266200e+00 2.847558e-01
 -2.026737e-01 1.404960e+00 -4.339615e-02
 -2.703368e-03 1.472890e+00 -3.936981e-01
 2.336725e-01 1.471002e+00 -5.673199e-01
 5.110647e-01 1.535241e+00 -6.928038e-01
 7.344735e-01 1.594797e+00 -9.486871e-01
 9.432487e-01 1.497892e+00 -1.310498e+00
 1.046255e+00 1.276175e+00 -1.620325e+00
 1.068536e+00 9.773933e-01 -1.835255e+00
 1.022146e+00 6.579512e-01 -1.945405e+00
 6.345785e-01 -6.588481e-01 -1.995501e+00
 4.812718e-01 -1.063876e+00 -1.808032e+00
 3.416374e-01 -1.350501e+00 -1.424715e+00
 3.005844e-01 -1.432396e+00 -9.440205e-01
 4.088580e-01 -1.353554e+00 -5.932658e-01
 5.643505e-01 -1.328525e+00 -3.744680e-01
 9.408313e-01 -1.379538e+00 -6.396964e-02
 1.102984e+00 -1.385664e+00 1.575218e-01
 1.207159e+00 -1.362939e+00 4.270500e-01
 1.233777e+00 -1.310947e+00 7.214789e-01
 1.170834e+00 -1.231225e+00 1.019633e+00
 1.006311e+00 -1.126325e+00 1.295211e+00
 7.315874e-01 -9.996056e-01 1.511122e+00
 3.469402e-01 -8.629244e-01 1.618535e+00
 -6.346168e-02 -7.443032e-01 1.544848e+00
 -4.588344e-01 -6.826627e-01 1.244882e+00
 -6.627346e-01 -7.386141e-01 8.808840e-01
 -7.511446e-01 -9.277270e-01 5.898329e-01
 -8.086660e-01 -1.321059e+00 3.597110e-01
 -6.528573e-01 -1.629003e+00 1.652609e-01
 1.309525e-01 -2.277181e+00 -2.510066e-01
 4.859262e-01 -2.361526e+00 -4.465172e-01
