 9.497679e-01 8.309400e-01 3.186682e-01
 1.065553e+00 9.174793e-01 -1.306531e-01
 1.185697e+00 6.662867e-01 -6.421708e-01
 1.140308e+00 2.712249e-01 -9.341294e-01
 6.550624e-01 -3.128721e-01 -1.115027e+00
 5.167276e-01 -7.133267e-01 -1.277702e+00
 3.943326e-01 -9.727646e-01 -1.305628e+00
 1.995447e-01 -1.221325e+00 -1.275107e+00
 -1.771213e-02 -1.409805e+00 -1.180367e+00
 -2.584188e-01 -1.535543e+00 -1.023308e+00
 -4.960651e-01 -1.570650e+00 -8.478501e-01
 -6.636350e-01 -1.536848e+00 -6.774051e-01
 -7.992901e-01 -1.434450e+00 -4.831618e-01
 -9.108208e-01 -1.267145e+00 -3.097290e-01
 -1.018484e+00 -1.040765e+00 -2.013023e-01
 -1.168897e+00 -8.158192e-01 -1.573480e-01
 -1.758613e+00 -8.153418e-03 -2.673393e-01
 -1.852865e+00 2.339587e-01 -3.040367e-01
 -1.882899e+00 5.103201e-01 -3.382653e-01
 -1.839880e+00 8.002297e-01 -3.526737e-01
 -1.728624e+00 1.063766e+00 -3.327178e-01
 -1.555717e+00 1.289627e+00 -2.758209e-01
 -1.335584e+00 1.457767e+00 -1.831858e-01
 -5.835658e-01 1.740638e+00 1.685798e-01
 -3.288967e-01 1.787864e+00 2.300143e-01
 -6.944919e-02 1.794625e+00 2.371679e-01
 1.991763e-01 1.743765e+00 2.290627e-01
 4.106435e-01 1.726881e+00 2.710208e-01
 9.296543e-01 1.864750e+00 3.965707e-01
 1.414117e+00 1.750242e+00 4.671726e-01
 1.796272e+00 1.424628e+00 4.707614e-01
 1.988153e+00 9.670726e-01 3.999303e-01
 1.947557e+00 4.889078e-01 2.653512e-01
 1.682512e+00 9.634632e-02 1.218555e-01
 1.300613e+00 -1.119665e-01 5.748179e-02
 9.602447e-01 -1.305419e-01 -9.291899e-03
 7.157143e-01 -9.105573e-02 -3.513512e-02
 4.968949e-01 2.263122e-02 -9.994072e-02
 2.928486e-01 2.351967e-01 -2.454085e-01
 1.647006e-01 4.721126e-01 -3.003196e-01
 6.510658e-02 8.362720e-01 -3.523647e-01
 -4.017154e-02 1.028408e+00 -4.369469e-01
 -1.620612e-01 1.198213e+00 -5.707966e-01
 -2.853398e-01 1.335815e+00 -7.378904e-01
 -3.888432e-01 1.431234e+00 -1.041486e+00
 -4.171508e-01 1.449511e+00 -1.373916e+00
 -3.627368e-01 1.390221e+00 -1.719658e+00
 -2.455530e-01 1.266503e+00 -1.996971e+00
 -7.150503e-02 1.086992e+00 -2.206278e+00
 1.412506e-01 8.697063e-01 -2.325469e+00
 3.701901e-01 6.369326e-01 -2.341707e+00
 1.011558e+00 -1.446962e-02 -2.084277e+00
 1.319461e+00 -3.398051e-01 -1.906000e+00
 1.467249e+00 -5.315625e-01 -1.713034e+00
 1.550266e+00 -6.877419e-01 -1.461064e+00
 1.552380e+00 -8.166549e-01 -1.156446e+00
 1.367491e+00 -9.929151e-01 -5.799472e-01
 1.185321e+00 -1.117121e+00 -1.008300e-01
 1.112078e+00 -1.125847e+00 8.854657e-02
 1.039404e+00 -1.095495e+00 2.692538e-01
 9.529466e-01 -1.034478e+00 4.289687e-01
 8.647791e-01 -9.440042e-01 5.722328e-01
 7.800370e-01 -8.242244e-01 6.946419e-01
 6.253734e-01 -5.706556e-01 8.634175e-01
 4.995859e-01 -4.567094e-01 1.024385e+00
 3.660380e-01 -3.209910e-01 1.323342e+00
 1.350319e-01 -9.706502e-02 1.560668e+00
 -1.330469e-01 1.416542e-01 1.663402e+00
 -4.337568e-01 3.637033e-01 1.635201e+00
 -7.085992e-01 5.124198e-01 1.483886e+00
 -9.600834e-01 6.402255e-01 1.157306e+00
 -1.086481e+00 6.751415e-01 7.609262e-01
 -1.079313e+00 6.186294e-01 3.500190e-01
 -9.285983e-01 5.277070e-01 9.674536e-04
 -8.808890e-01 4.960315e-01 -1.833004e-01
 -8.596431e-01 4.347195e-01 -4.907738e-01
 -7.713330e-01 4.172356e-01 -7.953140e-01
 -6.229340e-01 4.293457e-01 -1.038222e+00
 -3.876235e-01 4.165334e-01 -1.188874e+00
 -4.106325e-02 5.007329e-01 -1.313770e+00
 2.087329e-01 6.349629e-01 -1.334389e+00
 3.914917e-01 8.202649e-01 -1.335340e+00
 5.698411e-01 1.146662e+00 -1.284573e+00
 6.532506e-01 1.499537e+00 -1.118561e+00
 4.976420e-01 2.463612e+00 -4.294578e-01
 4.220541e-01 2.658115e+00 -1.563869e-01
 3.422447e-01 2.746836e+00 1.627873e-01
 2.829870e-01 2.723815e+00 4.958636e-01
 2.383380e-01 2.592577e+00 7.987133e-01
 1.995782e-01 2.366060e+00 1.041392e+00
 1.615910e-01 2.071920e+00 1.196057e+00
 1.143350e-01 1.743814e+00 1.245665e+00
 7.589384e-02 1.418271e+00 1.185437e+00
 7.005245e-03 6.766424e-01 7.680552e-01
 -6.974603e-02 4.189929e-01 6.814331e-01
 -2.756328e-01 4.714616e-02 6.164111e-01
 -5.822023e-01 -2.618760e-01 8.051402e-01
 -8.662671e-01 -5.329268e-01 1.252800e+00
 -9.318473e-01 -8.553526e-01 1.540461e+00
 -8.941538e-01 -1.285319e+00 1.696253e+00
 -7.597884e-01 -1.739422e+00 1.672380e+00
 -5.880048e-01 -2.086276e+00 1.471449e+00
 -3.587427e-01 -2.290893e+00 1.126605e+00
 -1.102057e-01 -2.300496e+00 7.357341e-01
 8.253883e-02 -2.117074e+00 3.690957e-01
 1.846801e-01 -1.782131e+00 9.375405e-02
 9.220867e-02 -9.279971e-01 -2.544034e-01
 -1.940810e-01 -5.807907e-01 -5.684440e-01
 -3.617703e-01 -5.337586e-01 -7.806827e-01
 -5.654149e-01 -5.712992e-01 -9.794056e-01
 -8.494118e-01 -6.353850e-01 -1.122109e+00
 -1.169515e+00 -7.927327e-01 -1.183535e+00
 -1.468238e+00 -9.861640e-01 -1.122187e+00
 -1.711392e+00 -1.186118e+00 -9.439382e-01
 -1.862372e+00 -1.376228e+00 -6.764228e-01
 -1.900126e+00 -1.537640e+00 -3.564731e-01
 -1.820877e+00 -1.649708e+00 -2.343356e-02
 -1.634863e+00 -1.697599e+00 2.815593e-01
 -1.365481e+00 -1.674287e+00 5.206085e-01
 -1.046705e+00 -1.581550e+00 6.636883e-01
 -6.663269e-01 -1.407319e+00 6.964894e-01
 -4.438781e-01 -1.328673e+00 7.689494e-01
 -2.841414e-01 -1.292055e+00 8.665029e-01
 -7.642668e-02 -1.302399e+00 1.037606e+00
 1.426019e-01 -1.367101e+00 1.286294e+00
 3.611414e-01 -1.360171e+00 1.459911e+00
 6.012788e-01 -1.297315e+00 1.584573e+00
 8.356321e-01 -1.181197e+00 1.654234e+00
 1.047501e+00 -1.015473e+00 1.673795e+00
 1.214553e+00 -8.118065e-01 1.653092e+00
 1.328791e+00 -5.888028e-01 1.594358e+00
 1.387294e+00 -3.620911e-01 1.503485e+00
 1.388941e+00 -1.435123e-01 1.391199e+00
 1.338621e+00 4.963335e-02 1.267858e+00
 1.011344e+00 6.437020e-01 7.196108e-01
