 1.424453e+00 -2.228021e+00 1.242000e+00
 1.381406e+00 -2.388753e+00 9.870827e-01
 1.299600e+00 -2.473143e+00 7.055225e-01
 1.182215e+00 -2.474712e+00 4.229693e-01
 1.000483e+00 -2.377570e+00 1.091928e-01
 7.922645e-01 -2.213580e+00 -1.389925e-01
 3.227688e-01 -1.754207e+00 -5.185222e-01
 2.057645e-01 -1.559566e+00 -7.351701e-01
 1.334744e-01 -1.133009e+00 -9.200556e-01
 2.037603e-01 -6.757238e-01 -9.548590e-01
 3.784181e-01 -3.004319e-01 -8.363947e-01
 5.109775e-01 -3.109424e-02 -5.620189e-01
 7.485768e-01 1.958082e-01 -6.601730e-02
 9.566968e-01 4.939437e-01 9.711284e-02
 1.091709e+00 8.522791e-01 1.348378e-01
 1.112523e+00 1.193238e+00 1.018681e-01
 1.017749e+00 1.509678e+00 2.840216e-02
 8.208331e-01 1.768184e+00 -6.186059e-02
 5.371193e-01 1.942797e+00 -1.565910e-01
 1.706503e-01 2.016570e+00 -2.455349e-01
 -2.122772e-01 1.960988e+00 -3.395999e-01
 -4.146807e-01 1.972885e+00 -4.125264e-01
 -6.309636e-01 2.052724e+00 -5.044972e-01
 -8.395606e-01 2.124943e+00 -7.301758e-01
 -1.015681e+00 2.101309e+00 -1.014788e+00
 -1.155030e+00 1.962344e+00 -1.288989e+00
 -1.247052e+00 1.732570e+00 -1.510321e+00
 -1.291090e+00 1.425177e+00 -1.657443e+00
 -1.297645e+00 1.078942e+00 -1.699986e+00
 -1.255209e+00 7.386096e-01 -1.635136e+00
 -1.148660e+00 4.352497e-01 -1.476848e+00
 -9.935914e-01 2.126559e-01 -1.243782e+00
 -5.483104e-01 -8.418212e-02 -5.108669e-01
 -4.605817e-01 -1.907439e-01 -2.376423e-01
 -4.642528e-01 -2.747765e-01 1.404036e-02
 -5.361708e-01 -3.306074e-01 1.969936e-01
 -6.772345e-01 -4.435749e-01 4.221616e-01
 -8.598097e-01 -6.242745e-01 5.838829e-01
 -1.058092e+00 -8.781852e-01 6.632008e-01
 -1.204195e+00 -1.172345e+00 6.546441e-01
 -1.284801e+00 -1.469317e+00 5.645412e-01
 -1.285912e+00 -1.753719e+00 4.087404e-01
 -1.199916e+00 -1.997207e+00 2.136691e-01
 -1.042168e+00 -2.170947e+00 -7.880714e-03
 -2.003726e-01 -2.512966e+00 -9.388788e-01
 6.154666e-02 -2.518510e+00 -1.131955e+00
 3.531030e-01 -2.441207e+00 -1.267511e+00
 6.442534e-01 -2.282195e+00 -1.330612e+00
 9.014706e-01 -2.054820e+00 -1.309215e+00
 1.094111e+00 -1.787658e+00 -1.196675e+00
 1.198339e+00 -1.513654e+00 -9.993762e-01
 1.194719e+00 -1.263608e+00 -7.405282e-01
 1.075910e+00 -1.066285e+00 -4.580288e-01
 9.151390e-01 -9.803124e-01 -2.654850e-01
 5.119013e-01 -8.333339e-01 9.791293e-02
 3.630842e-01 -6.945284e-01 4.604888e-01
 1.510564e-01 -7.453961e-01 9.179160e-01
 5.094222e-02 -6.713165e-01 1.225405e+00
 2.092853e-02 -4.994407e-01 1.510185e+00
 3.110894e-02 -2.117883e-01 1.746125e+00
 7.213808e-02 1.571134e-01 1.870400e+00
 1.264739e-01 5.141128e-01 1.847996e+00
 1.488822e-01 8.590644e-01 1.687224e+00
 1.502203e-01 1.117774e+00 1.416951e+00
 1.504756e-01 1.262919e+00 1.065307e+00
 1.435516e-01 1.270339e+00 6.840279e-01
 8.980557e-02 1.008748e+00 -3.922076e-02
 1.609839e-01 1.000666e+00 -3.142932e-01
 4.001009e-01 1.021265e+00 -6.199548e-01
 6.819097e-01 9.720357e-01 -7.991599e-01
 9.959957e-01 8.428440e-01 -8.818600e-01
 1.284043e+00 6.248393e-01 -8.695159e-01
 1.523396e+00 3.348527e-01 -7.495937e-01
 1.658002e+00 5.724450e-02 -5.355699e-01
 1.714444e+00 -5.538658e-01 1.745445e-01
 1.681761e+00 -7.251919e-01 3.352976e-01
 1.607185e+00 -9.101387e-01 4.628185e-01
 1.482367e+00 -1.118348e+00 5.607616e-01
 1.333560e+00 -1.300676e+00 6.091240e-01
 1.169471e+00 -1.429620e+00 6.414437e-01
 7.813066e-01 -1.594522e+00 7.317544e-01
 4.159679e-01 -1.726653e+00 6.680302e-01
 5.163629e-02 -1.701537e+00 4.975658e-01
 -2.854605e-01 -1.482675e+00 2.416310e-01
 -4.916951e-01 -1.314547e+00 -5.876486e-02
 -6.559302e-01 -1.249375e+00 -2.135198e-01
 -9.141555e-01 -1.121378e+00 -3.232063e-01
 -1.176379e+00 -9.075272e-01 -3.523910e-01
 -1.387915e+00 -6.247693e-01 -2.938639e-01
 -1.486872e+00 -3.219237e-01 -1.873143e-01
 -1.467986e+00 -1.467542e-02 -7.439323e-02
 -1.326866e+00 2.876537e-01 4.286009e-02
 -9.861927e-01 6.225705e-01 1.661271e-01
 -8.914784e-01 8.288694e-01 2.289149e-01
 -8.848864e-01 1.181482e+00 3.435931e-01
 -7.861406e-01 1.988133e+00 5.344509e-01
 -6.901905e-01 2.350544e+00 4.916318e-01
 -5.588274e-01 2.664963e+00 3.234119e-01
 -4.069689e-01 2.885541e+00 5.243744e-02
 -2.602403e-01 2.981892e+00 -2.881606e-01
 -1.415415e-01 2.937902e+00 -6.475922e-01
 -4.396572e-02 2.752232e+00 -9.703938e-01
 8.338550e-03 2.441581e+00 -1.217944e+00
 -2.474899e-02 2.069946e+00 -1.350455e+00
 -1.368603e-01 1.689346e+00 -1.351341e+00
 -3.300675e-01 1.359299e+00 -1.224596e+00
 -5.634613e-01 1.154021e+00 -9.995455e-01
 -7.920714e-01 1.099020e+00 -7.922583e-01
 -1.326918e+00 1.167712e+00 -6.346199e-01
 -1.683464e+00 1.226979e+00 -3.247497e-01
 -1.885109e+00 1.177825e+00 9.631689e-02
 -1.887818e+00 1.033608e+00 5.322144e-01
 -1.685596e+00 8.243414e-01 9.096498e-01
 -1.287125e+00 5.989801e-01 1.158976e+00
 -8.229715e-01 4.212228e-01 1.175668e+00
 -1.753087e-01 3.079255e-01 8.866616e-01
 5.861625e-02 2.668430e-01 8.433763e-01
 3.225774e-01 2.668296e-01 8.758606e-01
 5.484725e-01 2.071621e-01 9.688224e-01
 7.685407e-01 5.869752e-02 1.084921e+00
 9.591964e-01 -1.923982e-01 1.222784e+00
 1.253197e+00 -1.116674e+00 1.605921e+00
 1.339469e+00 -1.444763e+00 1.639902e+00
 1.398406e+00 -1.735693e+00 1.583754e+00
 1.428922e+00 -2.004179e+00 1.447013e+00
