 -1.055458e+00 -9.665662e-02 -1.219753e+00
 -7.261812e-01 2.651866e-01 -1.313452e+00
 -3.258721e-01 4.333904e-01 -1.307644e+00
 2.694915e-02 4.839710e-01 -1.172953e+00
 4.872792e-01 4.200892e-01 -8.388846e-01
 8.219272e-01 5.176904e-01 -6.214280e-01
 1.068025e+00 5.683495e-01 -3.351131e-01
 1.203625e+00 5.644791e-01 -1.861454e-02
 1.238170e+00 5.215062e-01 3.159727e-01
 1.172949e+00 4.388098e-01 6.377112e-01
 1.007830e+00 3.037775e-01 9.342307e-01
 7.814876e-01 1.237525e-01 1.138511e+00
 5.265383e-01 -1.090404e-01 1.236943e+00
 1.662639e-01 -5.069117e-01 1.194424e+00
 8.571593e-02 -5.879598e-01 1.171674e+00
 -1.234111e-01 -7.561563e-01 1.129716e+00
 -2.887235e-01 -9.412253e-01 1.137476e+00
 -4.174965e-01 -1.177545e+00 1.192970e+00
 -6.545346e-01 -1.403074e+00 1.398567e+00
 -9.915679e-01 -1.494672e+00 1.553785e+00
 -1.400527e+00 -1.453126e+00 1.643094e+00
 -1.780718e+00 -1.250318e+00 1.675861e+00
 -2.045398e+00 -9.477951e-01 1.631040e+00
 -2.175011e+00 -5.977813e-01 1.527244e+00
 -2.168007e+00 -2.562331e-01 1.386329e+00
 -2.044448e+00 3.125398e-02 1.232855e+00
 -1.139605e+00 9.566187e-01 6.662368e-01
 -7.551434e-01 1.097947e+00 6.161369e-01
 -4.282411e-01 1.176894e+00 7.448505e-01
 -1.985209e-01 1.340251e+00 8.948595e-01
 3.560471e-02 1.677673e+00 9.720969e-01
 1.850710e-01 2.062741e+00 9.054068e-01
 2.424860e-01 2.414050e+00 7.008427e-01
 2.132741e-01 2.673298e+00 3.951777e-01
 1.188568e-01 2.801974e+00 3.099344e-02
 -2.857582e-02 2.786548e+00 -3.301314e-01
 -2.077448e-01 2.638297e+00 -6.354930e-01
 -3.873131e-01 2.383475e+00 -8.471741e-01
 -5.304623e-01 2.061808e+00 -9.465327e-01
 -6.214901e-01 1.722996e+00 -9.300356e-01
 -6.412339e-01 1.406825e+00 -8.193772e-01
 -6.017264e-01 1.154263e+00 -6.433506e-01
 -4.836414e-01 9.504134e-01 -4.290084e-01
 5.914020e-02 5.969155e-01 6.901902e-02
 2.190215e-01 3.622547e-01 1.882747e-01
 3.781035e-01 -4.357675e-02 2.117310e-01
 5.312951e-01 -2.554701e-01 2.180998e-01
 8.673540e-01 -5.774081e-01 3.401516e-01
 1.177119e+00 -8.637360e-01 2.725678e-01
 1.438272e+00 -1.102449e+00 4.529121e-02
 1.612353e+00 -1.251933e+00 -2.964861e-01
 1.654079e+00 -1.318920e+00 -6.946221e-01
 1.569352e+00 -1.283916e+00 -1.083784e+00
 1.376231e+00 -1.117395e+00 -1.431625e+00
 1.139072e+00 -8.504205e-01 -1.643693e+00
 9.614894e-01 -5.905212e-01 -1.686541e+00
 8.723616e-01 -2.353831e-01 -1.651525e+00
 9.477155e-01 3.687227e-01 -1.748415e+00
 9.593361e-01 6.446821e-01 -1.717824e+00
 9.233456e-01 9.146195e-01 -1.621352e+00
 8.416601e-01 1.145701e+00 -1.467602e+00
 7.114060e-01 1.341747e+00 -1.237047e+00
 1.593827e-01 1.744653e+00 -2.547778e-01
 -7.907932e-02 1.802697e+00 -5.649484e-02
 -2.606949e-01 1.848819e+00 9.893971e-03
 -4.632594e-01 1.958395e+00 9.630478e-02
 -6.791627e-01 2.095211e+00 3.452159e-01
 -8.574633e-01 2.122619e+00 6.993713e-01
 -9.684745e-01 2.003167e+00 1.064379e+00
 -1.004551e+00 1.759592e+00 1.374798e+00
 -9.709917e-01 1.422648e+00 1.583556e+00
 -8.694489e-01 1.045610e+00 1.660218e+00
 -7.206028e-01 6.952287e-01 1.594405e+00
 -5.963543e-01 4.140353e-01 1.399513e+00
 -5.232942e-01 2.561103e-01 1.162939e+00
 -5.321618e-01 1.624553e-01 9.320644e-01
 -7.051031e-01 -7.950219e-02 3.400494e-01
 -6.121415e-01 -1.657895e-01 -1.669789e-01
 -3.428407e-01 -2.221354e-01 -4.852740e-01
 -1.810993e-01 -3.954800e-01 -6.942051e-01
 -1.290785e-01 -5.595827e-01 -1.078807e+00
 -5.952426e-02 -5.652021e-01 -1.897052e+00
 5.610913e-02 -5.241003e-01 -2.195594e+00
 2.715627e-01 -4.634784e-01 -2.451053e+00
 5.671910e-01 -3.908927e-01 -2.622325e+00
 9.119848e-01 -3.172391e-01 -2.680541e+00
 1.263588e+00 -2.548152e-01 -2.611823e+00
 1.575813e+00 -2.151362e-01 -2.419115e+00
 1.799818e+00 -1.945728e-01 -2.126056e+00
 1.902183e+00 -1.740893e-01 -1.764237e+00
 1.863641e+00 -1.735684e-01 -1.376813e+00
 1.686290e+00 -2.182651e-01 -1.025794e+00
 1.396305e+00 -3.173192e-01 -7.722319e-01
 1.091651e+00 -4.554663e-01 -6.744600e-01
 8.903679e-01 -6.182946e-01 -6.818349e-01
 7.926572e-01 -7.548177e-01 -6.716359e-01
 7.121086e-01 -9.270480e-01 -6.564138e-01
 2.928260e-01 -1.692882e+00 -6.525364e-01
 6.202155e-02 -1.961185e+00 -5.330243e-01
 -2.190310e-01 -2.148042e+00 -3.079730e-01
 -4.789839e-01 -2.195033e+00 -7.996611e-02
 -7.282944e-01 -2.127827e+00 1.389071e-01
 -9.457733e-01 -1.961797e+00 3.246208e-01
 -1.112655e+00 -1.721911e+00 4.564624e-01
 -1.292827e+00 -1.151936e+00 6.257419e-01
 -1.312707e+00 -8.240996e-01 8.329534e-01
 -1.246609e+00 -5.961933e-01 1.082139e+00
 -1.183466e+00 -5.072415e-01 1.299168e+00
 -1.083141e+00 -4.708375e-01 1.574258e+00
 -8.344474e-01 -5.109450e-01 1.884458e+00
 -5.170104e-01 -6.496343e-01 2.089624e+00
 -1.757074e-01 -8.679233e-01 2.153170e+00
 1.371400e-01 -1.114123e+00 2.058232e+00
 3.829690e-01 -1.328587e+00 1.818610e+00
 5.271416e-01 -1.472638e+00 1.472151e+00
 5.445199e-01 -1.535750e+00 1.077838e+00
 4.320162e-01 -1.516790e+00 6.994856e-01
 2.171742e-01 -1.418029e+00 3.938466e-01
 -2.473354e-01 -1.178484e+00 8.023965e-02
 -7.649049e-01 -1.185147e+00 -3.801978e-01
 -1.062564e+00 -9.508575e-01 -7.131195e-01
 -1.175385e+00 -5.399022e-01 -1.014957e+00
