 9.662979e-01 -1.821821e+00 1.688272e+00
 1.037715e+00 -2.159347e+00 1.399568e+00
 1.000216e+00 -2.366557e+00 1.026827e+00
 8.759961e-01 -2.425941e+00 6.448337e-01
 6.977177e-01 -2.350021e+00 3.141958e-01
 -7.609475e-02 -1.653211e+00 -6.263865e-01
 -3.206196e-01 -1.326755e+00 -7.703463e-01
 -5.226345e-01 -9.327317e-01 -7.535732e-01
 -6.182811e-01 -6.579259e-01 -6.133568e-01
 -6.694701e-01 -4.200958e-01 -3.900525e-01
 -6.415512e-01 -2.789692e-01 -2.147246e-01
 -4.165324e-01 4.436199e-02 1.787776e-01
 -4.706420e-01 3.345636e-01 5.597715e-01
 -7.630348e-01 6.133540e-01 8.648926e-01
 -1.188994e+00 8.321810e-01 9.778337e-01
 -1.629726e+00 9.680460e-01 8.804543e-01
 -1.994152e+00 9.909430e-01 6.309465e-01
 -2.223880e+00 9.263299e-01 2.949497e-01
 -2.299673e+00 8.174488e-01 -7.611901e-02
 -2.228259e+00 6.784012e-01 -4.326131e-01
 -2.048205e+00 5.331767e-01 -7.067089e-01
 -1.787169e+00 3.922226e-01 -8.878855e-01
 -1.277912e+00 1.903070e-01 -1.014576e+00
 -1.121213e+00 9.805418e-02 -1.124252e+00
 -7.557794e-01 -5.119956e-02 -1.438908e+00
 7.901853e-02 -4.809521e-01 -1.591980e+00
 5.082978e-01 -5.609903e-01 -1.520322e+00
 9.313788e-01 -4.760650e-01 -1.331542e+00
 1.187210e+00 -3.018867e-01 -1.075013e+00
 1.268052e+00 -9.723998e-02 -8.677526e-01
 1.322922e+00 1.752162e-01 -7.453581e-01
 1.651436e+00 6.772938e-01 -6.297495e-01
 1.725058e+00 1.063696e+00 -5.008392e-01
 1.645537e+00 1.415837e+00 -3.407914e-01
 1.449648e+00 1.677244e+00 -1.493460e-01
 1.171174e+00 1.821721e+00 4.761395e-02
 8.232373e-01 1.855013e+00 1.907459e-01
 4.466769e-01 1.763674e+00 2.642809e-01
 1.296994e-01 1.574716e+00 2.516765e-01
 -9.940356e-02 1.337034e+00 1.528970e-01
 -2.419441e-01 1.101313e+00 -4.133206e-02
 -3.108436e-01 8.874487e-01 -3.643942e-01
 -4.586076e-01 8.836176e-01 -7.863321e-01
 -7.604629e-01 1.039765e+00 -1.280348e+00
 -1.003144e+00 1.012968e+00 -1.561133e+00
 -1.254496e+00 8.647302e-01 -1.784084e+00
 -1.481763e+00 6.196119e-01 -1.922372e+00
 -1.653178e+00 3.135642e-01 -1.964700e+00
 -1.771519e+00 -7.583635e-03 -1.897481e+00
 -1.837284e+00 -3.062222e-01 -1.721864e+00
 -1.826727e+00 -5.527998e-01 -1.463235e+00
 -1.483048e+00 -1.141506e+00 -3.779944e-01
 -1.265527e+00 -1.250613e+00 -9.062342e-02
 -9.478797e-01 -1.288852e+00 1.249864e-01
 -5.502011e-01 -1.229528e+00 2.452356e-01
 -2.143194e-01 -1.092182e+00 2.288360e-01
 8.341111e-02 -9.205610e-01 1.072309e-01
 2.972829e-01 -7.322490e-01 -1.680824e-01
 3.653930e-01 -5.004268e-01 -4.031096e-01
 2.754216e-01 -6.729473e-03 -6.731881e-01
 3.101357e-01 2.325931e-01 -8.841283e-01
 4.068976e-01 4.087886e-01 -1.154503e+00
 6.904026e-01 5.188510e-01 -1.484988e+00
 1.110971e+00 5.232437e-01 -1.695028e+00
 1.578583e+00 4.046174e-01 -1.726581e+00
 1.985737e+00 1.803618e-01 -1.559062e+00
 2.239816e+00 -4.900301e-02 -1.211858e+00
 2.290713e+00 -2.231644e-01 -7.576987e-01
 2.117847e+00 -3.283499e-01 -3.073674e-01
 1.761068e+00 -3.463230e-01 2.987674e-02
 1.048359e+00 -1.959943e-01 2.835865e-01
 7.629946e-01 -1.129405e-01 5.032673e-01
 4.015286e-01 2.894682e-01 1.063920e+00
 1.503471e-01 3.363475e-01 1.431171e+00
 -1.159867e-01 1.949807e-01 1.760493e+00
 -3.390354e-01 -1.073961e-01 1.995569e+00
 -4.763899e-01 -5.105478e-01 2.094848e+00
 -5.223241e-01 -9.350716e-01 2.030199e+00
 -4.687041e-01 -1.311941e+00 1.817312e+00
 -2.924340e-01 -1.579235e+00 1.520023e+00
 -2.196389e-02 -1.685497e+00 1.195452e+00
 2.749283e-01 -1.620181e+00 9.278152e-01
 5.821308e-01 -1.450644e+00 7.967694e-01
 8.232288e-01 -1.297541e+00 7.813258e-01
 1.053657e+00 -1.103317e+00 8.479356e-01
 1.326664e+00 -7.765893e-01 1.068287e+00
 1.434546e+00 -5.551699e-01 1.155092e+00
 1.514911e+00 -2.949970e-01 1.186625e+00
 1.563717e+00 -1.884764e-02 1.148626e+00
 1.568634e+00 2.559817e-01 1.038590e+00
 1.515287e+00 5.043009e-01 8.634418e-01
 1.396191e+00 6.972125e-01 6.411955e-01
 1.209794e+00 8.135972e-01 4.122265e-01
 8.959831e-01 8.361412e-01 7.281230e-02
 7.499451e-01 9.043794e-01 -1.988646e-01
 7.076421e-01 1.025121e+00 -4.004424e-01
 6.378201e-01 1.213886e+00 -5.910670e-01
 4.229369e-01 1.517666e+00 -7.371174e-01
 6.252982e-02 1.780751e+00 -7.671714e-01
 -3.188066e-01 1.902373e+00 -6.845558e-01
 -7.364663e-01 1.852298e+00 -5.391765e-01
 -1.083172e+00 1.609059e+00 -3.703629e-01
 -1.281760e+00 1.212464e+00 -1.863394e-01
 -1.281319e+00 6.629197e-01 -3.893595e-02
 -1.335824e+00 4.848301e-01 1.738792e-02
 -1.422876e+00 3.217867e-01 1.060968e-01
 -1.464678e+00 1.500641e-01 2.585909e-01
 -1.419783e+00 -8.892738e-02 4.656530e-01
 -1.249688e+00 -3.351553e-01 6.990715e-01
 -9.934011e-01 -4.945680e-01 8.813941e-01
 -7.162080e-01 -5.599664e-01 9.912042e-01
 -3.506641e-01 -5.817522e-01 1.078622e+00
 -1.208620e-01 -6.252626e-01 1.131559e+00
 8.500080e-02 -6.687151e-01 1.239501e+00
 2.965299e-01 -7.082828e-01 1.439839e+00
 5.255948e-01 -9.724367e-01 1.728856e+00
 7.846515e-01 -1.409157e+00 1.818656e+00
