 6.859974e-01 1.362637e+00 -7.613642e-01
 4.492709e-01 1.053522e+00 -1.020773e+00
 3.165222e-01 7.061896e-01 -1.090203e+00
 2.814438e-01 5.262342e-01 -1.151884e+00
 1.865839e-01 -1.679577e-02 -1.503915e+00
 1.797021e-01 -3.819585e-01 -1.595607e+00
 2.130984e-01 -7.392231e-01 -1.559656e+00
 2.664870e-01 -1.052942e+00 -1.401723e+00
 3.399440e-01 -1.278899e+00 -1.152236e+00
 4.850218e-01 -1.412844e+00 -8.555034e-01
 6.278376e-01 -1.428561e+00 -6.677294e-01
 8.734203e-01 -1.432151e+00 -5.065601e-01
 1.154397e+00 -1.544861e+00 -3.851928e-01
 1.397001e+00 -1.804425e+00 -2.271868e-01
 1.501600e+00 -2.138388e+00 -4.001319e-02
 1.452305e+00 -2.482148e+00 1.503368e-01
 1.254247e+00 -2.782383e+00 3.257997e-01
 9.426423e-01 -2.980787e+00 4.733450e-01
 5.641250e-01 -3.046612e+00 5.743845e-01
 1.748433e-01 -2.969999e+00 6.114955e-01
 -1.657623e-01 -2.759988e+00 5.802716e-01
 -4.037343e-01 -2.449086e+00 4.828760e-01
 -4.965135e-01 -2.083482e+00 3.592133e-01
 -4.370398e-01 -1.721153e+00 2.329191e-01
 -2.343320e-01 -1.401991e+00 1.362312e-01
 3.413367e-02 -1.204889e+00 1.231234e-01
 2.809201e-01 -1.056642e+00 2.137895e-01
 4.459335e-01 -9.386987e-01 3.445435e-01
 5.559109e-01 -8.297310e-01 4.891406e-01
 9.766751e-01 -2.212655e-01 1.486684e+00
 1.034686e+00 1.195139e-01 1.752721e+00
 1.010333e+00 5.374930e-01 1.880929e+00
 9.210172e-01 9.682140e-01 1.841811e+00
 5.527722e-01 2.042993e+00 1.250596e+00
 3.194308e-01 2.282587e+00 1.007074e+00
 2.514434e-03 2.379488e+00 7.568558e-01
 -3.415855e-01 2.314896e+00 5.336816e-01
 -6.480170e-01 2.101173e+00 3.684556e-01
 -9.725105e-01 1.569820e+00 1.655242e-01
 -1.226227e+00 1.396623e+00 -6.946224e-03
 -1.393923e+00 1.323296e+00 -2.127086e-01
 -1.490210e+00 1.262892e+00 -4.956389e-01
 -1.478499e+00 1.204110e+00 -8.624437e-01
 -1.337358e+00 1.141849e+00 -1.197685e+00
 -1.081952e+00 1.095333e+00 -1.466584e+00
 1.468489e-01 1.008877e+00 -2.062676e+00
 6.418545e-01 8.861550e-01 -2.057539e+00
 1.056638e+00 7.152188e-01 -1.821289e+00
 1.304830e+00 5.713032e-01 -1.401445e+00
 1.327642e+00 4.982618e-01 -9.082924e-01
 1.108379e+00 4.552463e-01 -4.537485e-01
 7.290338e-01 4.841698e-01 -1.764209e-01
 4.179419e-01 6.410222e-01 -7.272469e-02
 2.754678e-01 8.292616e-01 1.041657e-02
 4.234092e-02 1.165285e+00 2.924812e-01
 -7.576291e-02 1.341560e+00 7.475609e-01
 -3.432937e-01 1.475085e+00 1.272427e+00
 -6.641832e-01 1.295895e+00 1.716414e+00
 -1.021238e+00 9.031326e-01 1.928914e+00
 -1.336209e+00 4.217411e-01 1.822152e+00
 -1.497889e+00 -9.912147e-03 1.413525e+00
 -1.319437e+00 -5.078126e-01 1.997719e-01
 -1.034571e+00 -6.407340e-01 -2.398906e-01
 -6.969705e-01 -6.636505e-01 -4.904076e-01
 -3.840662e-01 -5.890010e-01 -6.063549e-01
 4.417409e-01 -3.902903e-01 -5.710860e-01
 9.246854e-01 -4.644144e-01 -8.560557e-01
 1.180412e+00 -6.695577e-01 -1.128919e+00
 1.330499e+00 -1.050335e+00 -1.346353e+00
 1.338892e+00 -1.505015e+00 -1.425277e+00
 1.219460e+00 -1.944375e+00 -1.341572e+00
 1.016542e+00 -2.278432e+00 -1.101139e+00
 7.765098e-01 -2.442564e+00 -7.556595e-01
 5.595510e-01 -2.412409e+00 -3.659269e-01
 4.634334e-01 -2.236197e+00 -4.543372e-02
 5.025868e-01 -2.107237e+00 1.592347e-01
 5.458819e-01 -2.036358e+00 3.971985e-01
 4.487930e-01 -1.928248e+00 7.438036e-01
 2.108734e-01 -1.669758e+00 1.041800e+00
 -6.975771e-02 -1.317034e+00 1.151782e+00
 -2.930773e-01 -9.203293e-01 1.066716e+00
 -3.929527e-01 -5.448752e-01 8.080065e-01
 -3.548005e-01 -3.193239e-01 4.966066e-01
 -3.315732e-01 -1.769771e-01 3.546510e-01
 -3.978881e-01 5.878586e-02 1.761433e-01
 -5.709415e-01 2.920108e-01 -7.258539e-02
 -6.225617e-01 4.482289e-01 -2.442893e-01
 -6.217066e-01 6.425708e-01 -4.133096e-01
 -5.698370e-01 8.327237e-01 -5.407171e-01
 -5.082584e-01 1.013754e+00 -6.060674e-01
 -4.583499e-01 1.327708e+00 -6.873974e-01
 -5.451580e-01 1.625328e+00 -7.590303e-01
 -7.402499e-01 1.910633e+00 -7.717901e-01
 -1.026246e+00 2.158092e+00 -6.828266e-01
 -1.320222e+00 2.300845e+00 -4.903916e-01
 -1.568191e+00 2.346039e+00 -1.946335e-01
 -1.736415e+00 2.276296e+00 1.485759e-01
 -1.816057e+00 2.085321e+00 4.832541e-01
 -1.790986e+00 1.800949e+00 7.576412e-01
 -1.661810e+00 1.466065e+00 9.296638e-01
 -1.447425e+00 1.135450e+00 9.719277e-01
 -1.132820e+00 8.498678e-01 8.892998e-01
 -9.057801e-01 6.889653e-01 8.973507e-01
 -7.697281e-01 5.793033e-01 9.500854e-01
 -6.105783e-01 4.809161e-01 1.071440e+00
 -3.284317e-01 4.195577e-01 1.189337e+00
 2.029278e-01 4.009513e-01 1.086571e+00
 7.945011e-01 6.536580e-01 8.732458e-01
 1.021957e+00 9.406566e-01 7.167169e-01
 1.134865e+00 1.245157e+00 3.963227e-01
 1.098446e+00 1.440149e+00 -1.936738e-02
 9.287344e-01 1.483686e+00 -4.306698e-01
