 -1.526765e+00 -1.002245e+00 8.271293e-01
 -1.508560e+00 -1.236568e+00 4.943134e-01
 -1.365262e+00 -1.356228e+00 1.275232e-01
 -1.149525e+00 -1.330069e+00 -1.959344e-01
 -9.394854e-01 -1.161096e+00 -4.719402e-01
 -8.235732e-01 -9.183431e-01 -6.400523e-01
 -8.772171e-01 -3.994376e-01 -9.393472e-01
 -7.048656e-01 1.658356e-01 -1.236729e+00
 -4.931558e-01 6.047438e-01 -1.260385e+00
 -2.931827e-01 9.617032e-01 -1.075531e+00
 -1.255875e-01 1.162059e+00 -7.495310e-01
 1.476455e-01 1.207336e+00 -4.412622e-01
 3.666532e-01 1.090300e+00 -1.274524e-01
 6.807812e-01 8.008440e-01 8.957785e-02
 9.606273e-01 4.383866e-01 1.033726e-01
 1.082290e+00 1.667637e-01 -1.944391e-02
 1.230142e+00 2.341743e-03 -1.706021e-01
 1.396809e+00 -1.025986e-01 -3.428137e-01
 1.936169e+00 -2.472906e-01 -1.007920e+00
 2.044888e+00 -3.395251e-01 -1.386377e+00
 1.996650e+00 -4.535313e-01 -1.767967e+00
 1.803823e+00 -5.752728e-01 -2.092858e+00
 1.500903e+00 -6.901566e-01 -2.313063e+00
 1.130876e+00 -7.721851e-01 -2.404140e+00
 7.560461e-01 -7.883270e-01 -2.364657e+00
 4.209102e-01 -7.490681e-01 -2.199657e+00
 1.555009e-01 -6.782071e-01 -1.899681e+00
 4.472106e-02 -6.212642e-01 -1.578397e+00
 4.796650e-02 -6.358435e-01 -1.297277e+00
 1.981646e-01 -8.041799e-01 -7.338516e-01
 2.711318e-01 -7.995657e-01 -3.888831e-01
 3.221876e-01 -6.963133e-01 -6.655244e-02
 3.383131e-01 -5.158762e-01 1.862025e-01
 2.147866e-01 1.703292e-02 6.513082e-01
 3.559298e-01 2.208453e-01 9.149178e-01
 5.132752e-01 3.075246e-01 1.276032e+00
 6.494976e-01 2.370745e-01 1.627507e+00
 7.562690e-01 3.493314e-02 1.925897e+00
 7.932085e-01 -2.707854e-01 2.154858e+00
 7.570387e-01 -6.301736e-01 2.273466e+00
 6.413537e-01 -9.798720e-01 2.279398e+00
 4.474832e-01 -1.277758e+00 2.187057e+00
 2.101990e-01 -1.493777e+00 1.993644e+00
 -2.763388e-02 -1.597185e+00 1.721031e+00
 -2.337651e-01 -1.572718e+00 1.405845e+00
 -3.833187e-01 -1.421076e+00 1.093297e+00
 -5.662904e-01 -8.339097e-01 5.094846e-01
 -7.208201e-01 -5.448853e-01 3.078596e-01
 -9.394668e-01 -4.007154e-01 2.248400e-01
 -1.302531e+00 -3.207962e-01 6.294595e-02
 -1.636369e+00 -4.100424e-01 -1.809487e-01
 -1.846247e+00 -6.427828e-01 -5.281665e-01
 -1.837368e+00 -9.265857e-01 -9.267532e-01
 -1.604229e+00 -1.186801e+00 -1.273827e+00
 -1.197166e+00 -1.391224e+00 -1.476688e+00
 3.464376e-03 -1.638808e+00 -1.504460e+00
 3.496437e-01 -1.597757e+00 -1.492042e+00
 6.512343e-01 -1.460895e+00 -1.467240e+00
 8.819778e-01 -1.248001e+00 -1.430598e+00
 1.032968e+00 -9.610268e-01 -1.398592e+00
 1.064548e+00 -6.948209e-01 -1.383107e+00
 1.017679e+00 -3.491581e-01 -1.454359e+00
 9.738960e-01 6.462839e-02 -1.777039e+00
 8.325586e-01 4.295470e-01 -1.915742e+00
 6.813842e-01 8.402246e-01 -1.887654e+00
 3.474399e-01 1.828117e+00 -1.350433e+00
 2.068792e-01 2.042880e+00 -1.127474e+00
 2.793681e-02 2.168554e+00 -8.515858e-01
 -1.602504e-01 2.184108e+00 -5.495962e-01
 -3.282811e-01 2.085458e+00 -2.471589e-01
 -4.447529e-01 1.887580e+00 2.191065e-02
 -5.829005e-01 1.310169e+00 4.316104e-01
 -7.806041e-01 1.034284e+00 5.979464e-01
 -1.031607e+00 8.893867e-01 6.772762e-01
 -1.280714e+00 8.272019e-01 8.384155e-01
 -1.473005e+00 7.441842e-01 1.148756e+00
 -1.527583e+00 5.972746e-01 1.561080e+00
 -1.428250e+00 4.264423e-01 1.890248e+00
 -1.206430e+00 1.996561e-01 2.131636e+00
 -9.161793e-01 -6.497806e-02 2.231505e+00
 -5.950556e-01 -3.146056e-01 2.169260e+00
 -2.845677e-01 -5.028622e-01 1.951166e+00
 9.184138e-02 -6.052270e-01 1.480642e+00
 3.369669e-01 -7.114600e-01 1.344209e+00
 5.701563e-01 -7.254546e-01 1.267712e+00
 8.263558e-01 -6.615012e-01 1.168661e+00
 1.011405e+00 -5.627457e-01 1.089705e+00
 1.750824e+00 1.033196e-01 7.425863e-01
 1.918850e+00 3.438084e-01 5.309789e-01
 1.982548e+00 5.667817e-01 2.490640e-01
 1.932182e+00 7.405034e-01 -6.818466e-02
 1.769943e+00 8.487383e-01 -3.756805e-01
 1.521836e+00 8.701945e-01 -6.368485e-01
 1.223792e+00 7.830631e-01 -8.311058e-01
 9.019703e-01 6.339514e-01 -9.114026e-01
 5.740395e-01 3.971487e-01 -8.806681e-01
 3.352404e-01 2.151194e-01 -6.978128e-01
 1.457186e-02 1.799275e-01 -4.717492e-01
 -2.972242e-01 2.604699e-01 -2.758964e-01
 -6.422394e-01 4.388373e-01 -2.376839e-01
 -1.027299e+00 7.246648e-01 -3.485105e-01
 -1.285480e+00 1.069277e+00 -3.085998e-01
 -1.483476e+00 1.404924e+00 -8.647264e-02
 -1.546039e+00 1.670581e+00 2.570366e-01
 -1.438042e+00 1.843498e+00 6.817385e-01
 -1.220078e+00 1.824204e+00 1.106241e+00
 -9.448537e-01 1.597464e+00 1.449386e+00
 -6.721785e-01 1.226210e+00 1.605719e+00
 -5.023641e-01 7.889187e-01 1.564432e+00
 -5.212904e-01 3.633474e-01 1.386530e+00
 -7.050006e-01 6.022118e-02 1.202408e+00
 -1.166063e+00 -3.732080e-01 1.227200e+00
 -1.412181e+00 -6.858049e-01 1.083818e+00
