 9.050309e-01 2.049607e+00 -1.397452e+00
 7.286959e-01 2.456028e+00 -1.255583e+00
 4.442516e-01 2.724623e+00 -9.869305e-01
 1.263932e-01 2.789591e+00 -6.490400e-01
 -1.880374e-01 2.643992e+00 -3.123943e-01
 -4.588270e-01 2.259574e+00 -3.973932e-02
 -5.173368e-01 1.867490e+00 6.293865e-03
 -4.187827e-01 1.483445e+00 6.531069e-02
 -8.584211e-02 1.080507e+00 3.683208e-01
 9.684222e-02 7.792586e-01 5.957678e-01
 2.165440e-01 2.931639e-01 7.381053e-01
 3.720101e-01 -2.014745e-01 7.629602e-01
 3.916907e-01 -5.990342e-01 7.378578e-01
 3.357791e-01 -1.188673e+00 7.347860e-01
 4.138251e-01 -1.528213e+00 8.446671e-01
 3.984817e-01 -1.892149e+00 1.209635e+00
 2.887295e-01 -2.048410e+00 1.640182e+00
 1.118323e-01 -2.008354e+00 2.067151e+00
 -1.126532e-01 -1.783114e+00 2.406140e+00
 -3.503023e-01 -1.417431e+00 2.585191e+00
 -5.547571e-01 -9.868387e-01 2.557011e+00
 -6.864443e-01 -5.828122e-01 2.318046e+00
 -7.129532e-01 -2.977156e-01 1.897873e+00
 -6.244790e-01 -2.309321e-01 1.435548e+00
 -5.855819e-01 -3.706371e-01 1.071527e+00
 -6.381210e-01 -6.866564e-01 5.793676e-01
 -5.130081e-01 -9.404250e-01 2.188167e-01
 -2.552071e-01 -1.214609e+00 -1.322068e-01
 6.007204e-03 -1.466967e+00 -4.812289e-01
 3.446986e-01 -1.649893e+00 -7.826816e-01
 8.775616e-01 -1.770436e+00 -9.607760e-01
 1.121204e+00 -1.851520e+00 -1.151214e+00
 1.373668e+00 -1.788614e+00 -1.549529e+00
 1.508093e+00 -1.536074e+00 -1.946449e+00
 1.485324e+00 -1.168227e+00 -2.240834e+00
 1.311578e+00 -7.673725e-01 -2.385201e+00
 9.983343e-01 -3.683845e-01 -2.365552e+00
 6.545623e-01 -1.279593e-02 -2.284703e+00
 3.021160e-01 3.362321e-01 -2.173540e+00
 3.417935e-02 6.002828e-01 -1.923651e+00
 -1.284158e-01 7.951746e-01 -1.477857e+00
 -1.283299e-01 8.041285e-01 -1.000030e+00
 1.320733e-01 7.405508e-01 -5.711452e-01
 4.247399e-01 4.667561e-01 -3.039638e-01
 5.824770e-01 1.127007e-01 -2.050061e-01
 7.149723e-01 -4.428063e-01 -2.104125e-01
 8.132881e-01 -9.142934e-01 -1.690650e-01
 1.013146e+00 -1.393332e+00 -1.561902e-03
 1.016024e+00 -1.768168e+00 7.777386e-02
 9.360370e-01 -2.240025e+00 -3.718520e-02
 8.012202e-01 -2.583250e+00 -3.327532e-01
 6.449881e-01 -2.746500e+00 -7.310181e-01
 4.926853e-01 -2.704935e+00 -1.166118e+00
 3.766538e-01 -2.461549e+00 -1.547778e+00
 3.408962e-01 -2.065701e+00 -1.804807e+00
 4.123274e-01 -1.555835e+00 -1.884268e+00
 5.689174e-01 -1.108336e+00 -1.705630e+00
 8.196782e-01 -9.116762e-01 -1.492524e+00
 1.215134e+00 -7.735636e-01 -1.181948e+00
 1.598666e+00 -7.421691e-01 -7.909914e-01
 1.796871e+00 -7.189132e-01 -4.118007e-01
 1.831305e+00 -7.244827e-01 6.838887e-02
 1.680831e+00 -7.898733e-01 5.037553e-01
 1.427486e+00 -8.807832e-01 9.264660e-01
 1.148742e+00 -9.476244e-01 1.375857e+00
 8.207953e-01 -9.753316e-01 1.661708e+00
 2.573141e-01 -9.880158e-01 1.776880e+00
 -1.130201e-01 -1.098637e+00 1.630834e+00
 -4.411441e-01 -1.278147e+00 1.533906e+00
 -9.290465e-01 -1.250416e+00 1.512986e+00
 -1.340902e+00 -1.004560e+00 1.390711e+00
 -1.573455e+00 -6.424382e-01 1.227619e+00
 -1.724029e+00 -2.082676e-01 1.026078e+00
 -1.872050e+00 2.313011e-01 8.003612e-01
 -1.905866e+00 6.311989e-01 6.107702e-01
 -1.720660e+00 1.093486e+00 4.743370e-01
 -1.360167e+00 1.415449e+00 5.253797e-01
 -1.098844e+00 1.692034e+00 8.291253e-01
 -7.816797e-01 1.831721e+00 1.003925e+00
 -3.383050e-01 1.963351e+00 1.017694e+00
 9.697672e-02 2.032060e+00 8.249574e-01
 4.093155e-01 2.020223e+00 4.820846e-01
 5.347821e-01 1.924256e+00 1.492098e-02
 4.266502e-01 1.793021e+00 -4.599003e-01
 1.606377e-01 1.760117e+00 -7.520967e-01
 -2.553702e-01 1.832279e+00 -1.008969e+00
 -7.868237e-01 1.934349e+00 -9.958535e-01
 -1.149248e+00 2.023098e+00 -7.884660e-01
 -1.481557e+00 2.121900e+00 -3.855999e-01
 -1.772779e+00 2.200487e+00 3.589813e-03
 -2.007275e+00 2.197911e+00 3.986422e-01
 -2.123153e+00 2.050134e+00 8.089909e-01
 -2.090429e+00 1.785856e+00 1.184011e+00
 -1.908851e+00 1.440849e+00 1.441247e+00
 -1.598274e+00 1.092732e+00 1.521099e+00
 -1.220228e+00 8.030081e-01 1.385921e+00
 -9.240419e-01 6.328842e-01 1.028509e+00
 -8.739854e-01 4.543227e-01 5.629620e-01
 -7.546521e-01 2.439365e-01 1.935551e-01
 -5.705653e-01 2.613708e-02 -2.032125e-01
 -3.414150e-01 -1.845632e-01 -6.216315e-01
 -2.074635e-02 -2.376318e-01 -9.656764e-01
 2.883609e-01 -1.200848e-01 -1.177683e+00
 6.933794e-01 1.383771e-01 -1.251002e+00
 8.634615e-01 5.424773e-01 -1.274253e+00
 9.073028e-01 1.065829e+00 -1.337365e+00
 9.420725e-01 1.561779e+00 -1.399327e+00
