 6.829567e-01 -6.623457e-01 1.551257e+00
 9.407048e-01 -1.000560e+00 1.505411e+00
 1.097437e+00 -1.366534e+00 1.309391e+00
 1.131274e+00 -1.642280e+00 1.037872e+00
 1.050721e+00 -1.829717e+00 7.204933e-01
 8.663961e-01 -1.909366e+00 3.951015e-01
 5.852348e-01 -1.868932e+00 9.530398e-02
 2.993350e-01 -1.740888e+00 -8.604509e-02
 1.861266e-02 -1.528507e+00 -1.698757e-01
 -3.106620e-01 -1.177254e+00 -1.306001e-01
 -4.868271e-01 -1.051598e+00 -1.301810e-01
 -8.824545e-01 -7.758108e-01 -2.028414e-01
 -1.133241e+00 -4.643646e-01 -3.664610e-01
 -1.367908e+00 2.837921e-01 -9.090406e-01
 -1.302988e+00 7.797163e-01 -1.069851e+00
 -1.084985e+00 1.226997e+00 -1.031940e+00
 -7.405774e-01 1.527784e+00 -8.353951e-01
 -3.924777e-01 1.597532e+00 -5.585376e-01
 -4.417798e-02 1.511594e+00 -4.013751e-01
 1.699246e-01 1.367377e+00 -2.755983e-01
 3.671311e-01 1.153903e+00 -2.036577e-01
 5.631424e-01 9.048635e-01 -2.212554e-01
 7.167087e-01 6.794484e-01 -3.232856e-01
 7.864476e-01 4.796403e-01 -4.579060e-01
 8.453888e-01 3.375548e-01 -6.256187e-01
 9.881126e-01 2.198165e-01 -8.629085e-01
 1.317483e+00 1.539540e-01 -1.361341e+00
 1.385244e+00 6.630957e-02 -1.782736e+00
 1.276301e+00 -7.635431e-02 -2.182144e+00
 1.011736e+00 -2.515608e-01 -2.483684e+00
 6.426755e-01 -4.307338e-01 -2.631102e+00
 2.329278e-01 -5.631011e-01 -2.604100e+00
 -1.544182e-01 -6.105939e-01 -2.413063e+00
 -4.427914e-01 -5.911472e-01 -2.079986e+00
 -5.681147e-01 -5.173161e-01 -1.668406e+00
 -5.077531e-01 -4.298777e-01 -1.259042e+00
 -3.085617e-01 -4.019731e-01 -9.654302e-01
 -5.006451e-02 -3.776819e-01 -7.426485e-01
 6.164945e-02 -3.190686e-01 -5.553390e-01
 1.303503e-01 -1.970901e-01 -1.095430e-01
 1.805969e-01 -1.307317e-01 6.004364e-02
 2.757798e-01 -2.387119e-02 2.569369e-01
 7.715620e-01 3.345088e-01 8.452073e-01
 8.967115e-01 4.257447e-01 1.162563e+00
 9.343152e-01 4.373376e-01 1.513765e+00
 8.800748e-01 3.682750e-01 1.854996e+00
 7.333200e-01 2.195591e-01 2.162029e+00
 5.387680e-01 1.339386e-02 2.365050e+00
 3.133151e-01 -2.280492e-01 2.456330e+00
 6.791973e-02 -4.655670e-01 2.426901e+00
 -1.913716e-01 -6.668428e-01 2.280278e+00
 -4.063057e-01 -7.939893e-01 2.052709e+00
 -5.581823e-01 -8.563292e-01 1.758762e+00
 -6.520870e-01 -8.717381e-01 1.248199e+00
 -8.004225e-01 -1.013393e+00 9.325430e-01
 -1.065561e+00 -1.482796e+00 5.929916e-01
 -1.123603e+00 -1.707426e+00 3.211805e-01
 -1.109431e+00 -1.848084e+00 -1.762652e-02
 -1.017302e+00 -1.884004e+00 -3.780905e-01
 -8.282568e-01 -1.811026e+00 -7.509939e-01
 -6.046771e-01 -1.684886e+00 -9.921837e-01
 1.272628e-01 -1.227249e+00 -1.381824e+00
 2.940966e-01 -1.044044e+00 -1.474739e+00
 4.127770e-01 -8.096621e-01 -1.554363e+00
 4.717788e-01 -5.644778e-01 -1.603993e+00
 4.649221e-01 -3.809002e-01 -1.620869e+00
 3.707174e-01 -1.001206e-01 -1.677485e+00
 1.737110e-01 4.427306e-01 -2.081002e+00
 4.958386e-02 8.186590e-01 -2.177050e+00
 -4.331291e-02 1.213457e+00 -2.125431e+00
 -7.669564e-02 1.571211e+00 -1.938781e+00
 2.513603e-02 2.335116e+00 -1.105355e+00
 2.890457e-02 2.466151e+00 -8.596743e-01
 5.796516e-03 2.535446e+00 -5.818701e-01
 -3.881663e-02 2.530975e+00 -2.923051e-01
 -9.727781e-02 2.446812e+00 -1.029216e-02
 -1.592391e-01 2.283913e+00 2.408507e-01
 -2.122748e-01 2.058621e+00 4.324714e-01
 -2.567828e-01 1.723594e+00 5.801447e-01
 -2.926589e-01 9.008315e-01 7.076235e-01
 -3.368984e-01 7.095985e-01 7.220816e-01
 -4.119803e-01 5.465778e-01 7.378216e-01
 -5.310492e-01 3.647087e-01 7.245672e-01
 -7.924044e-01 1.459953e-01 7.924431e-01
 -1.366210e+00 -1.463343e-01 1.103013e+00
 -1.580533e+00 -4.250793e-01 1.301523e+00
 -1.659098e+00 -7.841557e-01 1.472144e+00
 -1.590773e+00 -1.164572e+00 1.583487e+00
 -1.351557e+00 -1.546292e+00 1.647039e+00
 -1.023689e+00 -1.785604e+00 1.625712e+00
 -6.477960e-01 -1.884395e+00 1.508982e+00
 -2.280471e-01 -1.815533e+00 1.287631e+00
 6.381255e-02 -1.592884e+00 1.046331e+00
 2.524312e-01 -1.155022e+00 7.544745e-01
 4.249517e-01 -9.985609e-01 6.099589e-01
 7.998079e-01 -8.653193e-01 4.406911e-01
 9.800223e-01 -7.551005e-01 3.569731e-01
 1.136981e+00 -6.075634e-01 2.725858e-01
 1.697257e+00 1.933730e-01 -9.280389e-02
 1.781955e+00 4.507809e-01 -2.434224e-01
 1.776381e+00 7.061406e-01 -4.236907e-01
 1.680038e+00 9.319686e-01 -6.200107e-01
 1.496403e+00 1.106946e+00 -8.253658e-01
 1.269168e+00 1.194264e+00 -1.005507e+00
 9.910948e-01 1.200382e+00 -1.154420e+00
 6.829838e-01 1.139361e+00 -1.232307e+00
 4.083468e-01 1.024086e+00 -1.228843e+00
 3.842207e-02 8.021325e-01 -1.123728e+00
 -2.079338e-01 6.281960e-01 -9.048929e-01
 -3.853421e-01 5.747098e-01 -6.449486e-01
 -4.944949e-01 5.881655e-01 -4.417048e-01
 -6.458218e-01 6.558526e-01 -2.616494e-01
 -9.639242e-01 8.337748e-01 -7.176125e-02
 -1.167978e+00 9.513452e-01 1.840138e-01
 -1.284798e+00 1.021525e+00 5.077819e-01
 -1.291682e+00 1.042821e+00 8.669191e-01
 -1.194046e+00 9.996195e-01 1.200736e+00
 -1.018767e+00 8.768266e-01 1.482505e+00
 -7.866125e-01 6.803167e-01 1.673445e+00
 -5.178643e-01 4.451037e-01 1.746835e+00
 -2.466191e-01 2.031147e-01 1.690071e+00
 -2.327553e-02 -1.004375e-02 1.517856e+00
 1.203144e-01 -1.710126e-01 1.443522e+00
 2.761391e-01 -3.469890e-01 1.432373e+00
