 4.682309e-01 3.295416e-01 -2.050958e+00
 8.081272e-01 1.036894e-01 -2.070866e+00
 1.079177e+00 -1.060901e-01 -1.948909e+00
 1.307753e+00 -2.647640e-01 -1.702991e+00
 1.453942e+00 -3.513663e-01 -1.364583e+00
 1.475658e+00 -3.865735e-01 -9.756921e-01
 1.373717e+00 -3.516729e-01 -6.040125e-01
 1.079736e+00 -2.017832e-01 -1.672969e-01
 8.924967e-01 9.663774e-02 6.542898e-01
 7.356040e-01 1.299008e-01 9.327614e-01
 5.451164e-01 1.334653e-01 1.077415e+00
 3.981710e-01 1.072032e-01 1.143746e+00
 1.900465e-01 2.791770e-02 1.284113e+00
 -2.008466e-01 -1.243707e-01 1.836609e+00
 -3.509372e-01 -2.352532e-01 2.007352e+00
 -5.154812e-01 -3.936103e-01 2.134115e+00
 -6.824974e-01 -5.909019e-01 2.203327e+00
 -8.397978e-01 -8.158096e-01 2.205534e+00
 -9.737541e-01 -1.052262e+00 2.135713e+00
 -1.086328e+00 -1.316941e+00 1.973770e+00
 -1.140948e+00 -1.508188e+00 1.775013e+00
 -1.151747e+00 -1.645865e+00 1.529430e+00
 -1.120185e+00 -1.717410e+00 1.257503e+00
 -1.042415e+00 -1.718763e+00 1.000043e+00
 -8.684262e-01 -1.659955e+00 7.112408e-01
 -7.152515e-01 -1.594035e+00 5.742251e-01
 -5.138077e-01 -1.545990e+00 4.840096e-01
 -3.055575e-01 -1.558331e+00 3.804929e-01
 3.041791e-03 -1.649377e+00 2.611528e-01
 2.558320e-01 -1.667547e+00 1.989569e-01
 5.143523e-01 -1.632061e+00 1.582352e-01
 7.576616e-01 -1.550339e+00 1.462696e-01
 9.736706e-01 -1.434088e+00 1.651797e-01
 1.753949e+00 -7.990548e-01 3.330872e-01
 1.973249e+00 -4.288509e-01 3.056845e-01
 2.035997e+00 -2.296748e-02 2.058738e-01
 1.928052e+00 3.649470e-01 7.370514e-02
 1.667073e+00 6.689111e-01 -6.294794e-02
 1.109358e+00 9.241148e-01 -2.388573e-01
 8.932455e-01 1.179170e+00 -3.702152e-01
 7.251598e-01 1.828319e+00 -5.559840e-01
 4.508158e-01 2.161031e+00 -6.364795e-01
 5.594314e-02 2.349684e+00 -6.925032e-01
 -3.874546e-01 2.357002e+00 -7.146600e-01
 -7.996928e-01 2.185197e+00 -6.825263e-01
 -1.088507e+00 1.872891e+00 -5.881552e-01
 -1.212759e+00 1.436164e+00 -4.950804e-01
 -1.144815e+00 1.007435e+00 -4.382265e-01
 -9.052313e-01 6.528262e-01 -3.902483e-01
 -3.930085e-01 3.113894e-01 -4.379089e-01
 -1.807806e-01 9.923599e-02 -3.774062e-01
 -3.798534e-02 -8.648762e-02 -2.664111e-01
 5.567577e-02 -2.914308e-01 -1.575093e-01
 8.615947e-02 -4.431372e-01 -4.205397e-02
 1.218606e-01 -5.871855e-01 2.002972e-01
 2.496680e-01 -7.070486e-01 5.159346e-01
 5.793895e-01 -8.969068e-01 9.359028e-01
 8.099461e-01 -8.060618e-01 1.440257e+00
 9.427252e-01 -4.374148e-01 1.851051e+00
 9.055645e-01 9.799531e-02 2.057059e+00
 6.820952e-01 6.274798e-01 2.002423e+00
 -4.396423e-02 1.411212e+00 1.346634e+00
 -1.703216e-01 1.543829e+00 1.155617e+00
 -2.679942e-01 1.661370e+00 8.822563e-01
 -3.136289e-01 1.719783e+00 5.846088e-01
 -3.160823e-01 1.710300e+00 3.137473e-01
 -2.839590e-01 1.637089e+00 5.384913e-02
 -1.956360e-01 1.407980e+00 -3.282500e-01
 -1.867627e-01 1.349535e+00 -6.281658e-01
 -2.794424e-01 1.334730e+00 -9.473207e-01
 -6.197842e-01 1.370698e+00 -1.464073e+00
 -7.982141e-01 1.251014e+00 -1.787649e+00
 -8.956266e-01 1.011233e+00 -2.081524e+00
 -8.915918e-01 6.880761e-01 -2.304509e+00
 -7.904989e-01 3.270443e-01 -2.419225e+00
 -6.174800e-01 -2.074114e-02 -2.399814e+00
 -4.027004e-01 -3.148970e-01 -2.241727e+00
 -1.671508e-01 -5.008231e-01 -1.967859e+00
 7.725853e-02 -5.348421e-01 -1.652312e+00
 2.801508e-01 -4.186098e-01 -1.355048e+00
 4.606669e-01 -1.763494e-01 -1.136217e+00
 6.024149e-01 1.434346e-01 -1.048935e+00
 7.798387e-01 3.707555e-01 -1.075897e+00
 1.169275e+00 6.903431e-01 -1.245046e+00
 1.468794e+00 9.810067e-01 -1.210594e+00
 1.690594e+00 1.285445e+00 -1.021874e+00
 1.812316e+00 1.562711e+00 -6.809094e-01
 1.797174e+00 1.718175e+00 -3.108005e-01
 1.652378e+00 1.763770e+00 5.844099e-02
 1.363600e+00 1.689491e+00 4.068490e-01
 1.036613e+00 1.519516e+00 6.031495e-01
 7.069769e-01 1.269728e+00 6.489019e-01
 4.382197e-01 1.017506e+00 5.398232e-01
 2.376399e-01 8.763733e-01 4.702217e-01
 -1.274873e-01 6.835560e-01 4.993563e-01
 -4.729249e-01 3.442149e-01 5.896323e-01
 -7.075901e-01 3.109254e-02 5.096390e-01
 -8.556044e-01 -1.868258e-01 3.228817e-01
 -1.016884e+00 -1.220947e+00 -3.561203e-01
 -9.661300e-01 -1.713186e+00 -4.297626e-01
 -8.256096e-01 -2.167399e+00 -2.832367e-01
 -6.319710e-01 -2.480093e+00 4.712854e-02
 -4.281546e-01 -2.581094e+00 4.794354e-01
 -2.395951e-01 -2.451407e+00 9.018973e-01
 -1.061867e-01 -2.129112e+00 1.227608e+00
 -8.670079e-02 -1.701759e+00 1.402708e+00
 -2.205975e-01 -1.252999e+00 1.427530e+00
 -3.919211e-01 -9.699985e-01 1.305049e+00
 -6.536600e-01 -7.837576e-01 1.190810e+00
 -1.152607e+00 -6.859065e-01 1.148493e+00
 -1.450624e+00 -6.479759e-01 1.011156e+00
 -1.714524e+00 -5.544875e-01 7.605865e-01
 -1.870758e+00 -4.331999e-01 4.430111e-01
 -1.902372e+00 -3.093995e-01 9.273013e-02
 -1.807977e+00 -2.082200e-01 -2.524558e-01
 -1.302899e+00 -6.124762e-02 -9.871086e-01
 -1.133987e+00 2.925161e-03 -1.158196e+00
 -9.466304e-01 9.134814e-02 -1.292575e+00
 -7.524070e-01 1.926066e-01 -1.382562e+00
 -3.222646e-01 3.933539e-01 -1.484371e+00
 -7.282378e-02 5.049939e-01 -1.709481e+00
 1.477742e-01 4.767831e-01 -1.899422e+00
