 -2.127881e+00 1.057558e-01 -6.045083e-01
 -1.876427e+00 -7.942867e-02 -7.525032e-01
 -1.586835e+00 -2.080590e-01 -8.157009e-01
 -1.273215e+00 -2.719746e-01 -8.029608e-01
 -1.130318e+00 -3.062872e-01 -8.186919e-01
 -1.008607e+00 -3.453821e-01 -8.498943e-01
 -9.056339e-01 -3.930360e-01 -8.913606e-01
 -7.604672e-01 -4.511720e-01 -9.882943e-01
 -6.334128e-01 -5.027689e-01 -1.112250e+00
 -4.366776e-01 -5.648088e-01 -1.374071e+00
 -2.014382e-01 -6.160782e-01 -1.547877e+00
 7.035351e-02 -6.756282e-01 -1.645242e+00
 3.771957e-01 -7.258772e-01 -1.661390e+00
 6.653335e-01 -7.460452e-01 -1.591986e+00
 9.183310e-01 -7.394997e-01 -1.440453e+00
 1.104514e+00 -7.121922e-01 -1.233457e+00
 1.211175e+00 -7.028671e-01 -9.800389e-01
 1.254490e+00 -7.714585e-01 -7.423989e-01
 1.327610e+00 -8.640486e-01 -5.726605e-01
 1.486532e+00 -1.083915e+00 -3.156443e-01
 1.546026e+00 -1.239394e+00 -2.210589e-02
 1.524666e+00 -1.323620e+00 3.071952e-01
 1.420862e+00 -1.324978e+00 6.433989e-01
 1.246034e+00 -1.235979e+00 9.458367e-01
 1.045842e+00 -1.080791e+00 1.154617e+00
 8.237980e-01 -8.742655e-01 1.268346e+00
 6.045148e-01 -6.334989e-01 1.276477e+00
 3.914729e-01 -3.894044e-01 1.171486e+00
 2.023707e-01 -1.805045e-01 9.607128e-01
 1.391282e-01 -4.921678e-02 7.657787e-01
 2.332398e-02 4.642195e-02 4.481008e-01
 -3.077505e-01 1.497063e-01 -4.651875e-02
 -4.692546e-01 5.047045e-01 -7.110728e-01
 -5.833959e-01 5.617622e-01 -1.014064e+00
 -7.366483e-01 5.210485e-01 -1.301815e+00
 -9.138807e-01 3.880513e-01 -1.543163e+00
 -1.095462e+00 1.754494e-01 -1.715119e+00
 -1.258003e+00 -9.345137e-02 -1.801761e+00
 -1.360684e+00 -3.748022e-01 -1.808442e+00
 -1.415250e+00 -6.472279e-01 -1.736979e+00
 -1.452951e+00 -8.991657e-01 -1.579234e+00
 -1.462506e+00 -1.102081e+00 -1.351558e+00
 -1.431206e+00 -1.236519e+00 -1.083386e+00
 -1.361372e+00 -1.293090e+00 -7.997810e-01
 -1.258366e+00 -1.269439e+00 -5.225769e-01
 -1.133358e+00 -1.169762e+00 -2.791420e-01
 -7.996982e-01 -6.769954e-01 2.958239e-01
 -7.924794e-01 -5.507677e-01 6.215997e-01
 -8.595825e-01 -1.777274e-01 1.020806e+00
 -6.888630e-01 2.344880e-01 1.315334e+00
 -3.557305e-01 5.910146e-01 1.402894e+00
 3.310093e-02 1.171558e+00 1.226433e+00
 2.094463e-01 1.363698e+00 1.274390e+00
 4.529399e-01 1.497531e+00 1.362239e+00
 7.591368e-01 1.547461e+00 1.467903e+00
 1.072327e+00 1.493366e+00 1.558902e+00
 1.364286e+00 1.343507e+00 1.591087e+00
 1.602126e+00 1.123079e+00 1.557966e+00
 1.769026e+00 8.533092e-01 1.453791e+00
 1.848977e+00 5.537228e-01 1.276404e+00
 1.813221e+00 2.736747e-01 1.075635e+00
 1.667994e+00 3.460070e-02 8.719345e-01
 9.936800e-01 -4.496243e-01 3.496502e-01
 8.696230e-01 -5.462704e-01 2.870039e-01
 7.909505e-01 -6.230539e-01 2.621100e-01
 6.903840e-01 -7.315104e-01 2.584634e-01
 5.821731e-01 -8.460752e-01 2.850118e-01
 5.192760e-01 -8.999922e-01 3.009959e-01
 4.381404e-01 -9.649398e-01 3.331507e-01
 -3.131565e-01 -1.479137e+00 7.019225e-01
 -6.686843e-01 -1.563159e+00 8.021475e-01
 -1.038856e+00 -1.520064e+00 8.529666e-01
 -1.369823e+00 -1.361084e+00 8.474567e-01
 -1.624732e+00 -1.120391e+00 7.706053e-01
 -1.777969e+00 -8.205620e-01 6.359712e-01
 -1.805722e+00 -4.903836e-01 4.827575e-01
 -1.704758e+00 -1.765689e-01 3.332290e-01
 -1.405806e+00 1.755886e-01 1.253701e-01
 -1.331161e+00 3.711993e-01 -2.305375e-02
 -1.343072e+00 6.362551e-01 -1.991215e-01
 -1.387424e+00 9.287521e-01 -2.593604e-01
 -1.423575e+00 1.248182e+00 -2.114067e-01
 -1.414249e+00 1.561859e+00 -5.089139e-02
 -1.345463e+00 1.812492e+00 2.015939e-01
 -1.223511e+00 1.966174e+00 5.216259e-01
 -1.084110e+00 1.991747e+00 8.495272e-01
 -5.499894e-01 1.656492e+00 1.911982e+00
 -3.010369e-01 1.476106e+00 2.153266e+00
 -7.850919e-03 1.244203e+00 2.264588e+00
 2.831940e-01 9.861213e-01 2.230869e+00
 5.289310e-01 7.415302e-01 2.054657e+00
 6.916778e-01 5.706433e-01 1.777503e+00
 7.879031e-01 5.112361e-01 1.455989e+00
 8.393138e-01 5.725903e-01 1.148585e+00
 8.962554e-01 7.067672e-01 8.996234e-01
 1.196223e+00 1.074116e+00 5.862296e-01
 1.328831e+00 1.240834e+00 2.946463e-01
 1.376757e+00 1.329146e+00 -5.322166e-02
 1.325063e+00 1.337182e+00 -4.082989e-01
 1.198770e+00 1.250506e+00 -7.247260e-01
 1.023529e+00 1.070372e+00 -9.711641e-01
 8.323055e-01 8.130486e-01 -1.121119e+00
 6.426486e-01 4.948584e-01 -1.157502e+00
 4.780887e-01 1.956855e-01 -1.065705e+00
 3.146514e-01 -3.219544e-01 -7.139392e-01
 2.634997e-01 -5.796871e-01 -6.401193e-01
 2.439483e-01 -8.872679e-01 -6.656579e-01
 3.482402e-01 -1.232116e+00 -7.485622e-01
 5.582050e-01 -1.502498e+00 -8.682733e-01
 8.507149e-01 -1.670805e+00 -9.931678e-01
 1.183324e+00 -1.722201e+00 -1.105005e+00
 1.513118e+00 -1.654603e+00 -1.189862e+00
 1.797273e+00 -1.497053e+00 -1.222050e+00
 2.026781e+00 -1.275277e+00 -1.188798e+00
 2.178673e+00 -9.993206e-01 -1.111088e+00
 2.234670e+00 -7.025180e-01 -1.005548e+00
 2.194558e+00 -4.161884e-01 -8.778774e-01
 2.066081e+00 -1.667952e-01 -7.384342e-01
 1.864087e+00 2.378377e-02 -6.032158e-01
 1.381517e+00 2.426942e-01 -3.746612e-01
 8.837440e-01 4.429396e-01 -1.583152e-01
 6.869856e-01 5.702759e-01 -1.418538e-01
 5.529248e-01 7.372647e-01 -1.324871e-01
 4.319580e-01 8.890225e-01 -6.104734e-02
 2.040475e-01 1.042294e+00 6.886060e-02
 -8.193571e-02 1.120122e+00 2.056971e-01
 -4.192959e-01 1.102292e+00 3.293046e-01
 -6.757919e-01 1.054761e+00 4.638864e-01
 -9.386683e-01 9.991781e-01 6.636960e-01
 -1.094890e+00 9.779546e-01 7.469055e-01
 -1.346527e+00 9.770405e-01 7.875943e-01
 -1.650879e+00 9.578559e-01 7.422957e-01
 -1.936750e+00 9.044713e-01 6.038209e-01
 -2.174880e+00 7.984118e-01 3.787083e-01
 -2.313076e+00 6.628201e-01 1.123251e-01
 -2.349786e+00 4.976561e-01 -1.544978e-01
 -2.288089e+00 3.058728e-01 -3.995523e-01
