 1.016250e+00 -7.355955e-01 6.453979e-02
 9.533802e-01 -7.839105e-01 4.668928e-01
 8.276932e-01 -1.041513e+00 8.382218e-01
 4.794522e-01 -1.457694e+00 1.050101e+00
 3.423723e-02 -1.778366e+00 9.807398e-01
 -4.166918e-01 -1.890701e+00 6.937818e-01
 -7.611368e-01 -1.767277e+00 2.516358e-01
 -8.588308e-01 -1.478268e+00 -2.031152e-01
 -6.617218e-01 -9.865075e-01 -6.543330e-01
 -6.116248e-01 -7.931835e-01 -1.030964e+00
 -5.064268e-01 -6.653455e-01 -1.258142e+00
 -3.532718e-01 -5.610455e-01 -1.435762e+00
 -1.552758e-01 -4.662305e-01 -1.566898e+00
 7.221323e-02 -3.809505e-01 -1.640585e+00
 3.144552e-01 -3.100075e-01 -1.652905e+00
 5.467242e-01 -2.452065e-01 -1.603841e+00
 7.597722e-01 -1.763785e-01 -1.496394e+00
 9.374482e-01 -1.088895e-01 -1.339677e+00
 1.227963e+00 4.710852e-02 -9.082001e-01
 1.474705e+00 1.280465e-01 -7.707908e-01
 1.649429e+00 2.513135e-01 -6.922613e-01
 1.800964e+00 4.664425e-01 -5.645872e-01
 1.875651e+00 7.160565e-01 -3.791572e-01
 1.854587e+00 9.298125e-01 -1.568292e-01
 1.732567e+00 1.114570e+00 1.252878e-01
 1.534296e+00 1.211825e+00 3.843868e-01
 1.274529e+00 1.221144e+00 6.075898e-01
 7.278052e-01 1.047201e+00 9.388458e-01
 5.438432e-01 9.873725e-01 1.139523e+00
 4.343522e-01 9.617385e-01 1.357920e+00
 2.702112e-01 1.031277e+00 1.579871e+00
 -1.512770e-03 1.141561e+00 1.751488e+00
 -3.122618e-01 1.241499e+00 1.814996e+00
 -6.325988e-01 1.307563e+00 1.773948e+00
 -9.490508e-01 1.341888e+00 1.622459e+00
 -1.879057e+00 1.312913e+00 7.526498e-01
 -2.069063e+00 1.213445e+00 4.849638e-01
 -2.172888e+00 1.039654e+00 2.097488e-01
 -2.178165e+00 8.179575e-01 -3.671921e-02
 -2.104585e+00 5.688975e-01 -2.138282e-01
 -1.996429e+00 3.520715e-01 -2.893612e-01
 -1.901628e+00 1.305765e-01 -2.793352e-01
 -1.867853e+00 -1.203885e-01 -2.660242e-01
 -1.818513e+00 -4.578485e-01 -3.996312e-01
 -1.598280e+00 -1.215434e+00 -1.028898e+00
 -1.389185e+00 -1.478258e+00 -1.205202e+00
 -1.062343e+00 -1.691705e+00 -1.305147e+00
 -6.823478e-01 -1.785946e+00 -1.326093e+00
 -2.931378e-01 -1.746213e+00 -1.277182e+00
 4.667323e-02 -1.575300e+00 -1.167574e+00
 2.854132e-01 -1.296153e+00 -1.015908e+00
 3.941142e-01 -9.210435e-01 -8.325592e-01
 3.281942e-01 -6.037685e-01 -6.742794e-01
 2.187212e-01 -2.833485e-01 -6.352996e-01
 1.168662e-01 1.759665e-01 -7.399913e-01
 -4.907377e-02 5.605635e-01 -6.675892e-01
 -2.437058e-01 8.105775e-01 -4.973722e-01
 -5.437988e-01 9.535505e-01 -2.805952e-01
 -8.486658e-01 9.515515e-01 -9.565321e-02
 -1.137178e+00 8.127255e-01 1.314098e-01
 -1.349394e+00 4.751745e-01 4.939088e-01
 -1.561468e+00 3.434165e-01 6.509338e-01
 -1.863473e+00 2.169935e-01 7.319388e-01
 -2.201889e+00 9.781352e-02 6.926518e-01
 -2.517285e+00 -1.779484e-03 5.240498e-01
 -2.751839e+00 -7.774248e-02 2.514658e-01
 -2.875672e+00 -1.286645e-01 -8.913621e-02
 -2.873481e+00 -1.461615e-01 -4.551612e-01
 -2.744130e+00 -1.275285e-01 -7.999654e-01
 -2.503394e+00 -7.467648e-02 -1.077113e+00
 -2.179456e+00 -5.598484e-03 -1.249634e+00
 -1.816044e+00 5.648252e-02 -1.290191e+00
 -1.468335e+00 9.191752e-02 -1.198337e+00
 -1.173195e+00 1.033835e-01 -9.925251e-01
 -1.013142e+00 1.065495e-01 -7.623779e-01
 -7.614978e-01 -7.075348e-02 -2.327952e-01
 -4.934268e-01 -1.959348e-02 7.720979e-02
 -2.944108e-01 7.426152e-02 1.955228e-01
 3.361230e-03 8.808852e-02 3.129978e-01
 4.717992e-01 -8.285484e-03 8.921548e-01
 8.120192e-01 6.096516e-03 1.150861e+00
 1.090858e+00 1.568165e-01 1.359673e+00
 1.292534e+00 4.227605e-01 1.543543e+00
 1.388680e+00 7.632175e-01 1.674135e+00
 1.366797e+00 1.127059e+00 1.738894e+00
 1.242892e+00 1.466165e+00 1.721295e+00
 1.034546e+00 1.744156e+00 1.626585e+00
 7.623412e-01 1.926419e+00 1.475991e+00
 4.608102e-01 1.990816e+00 1.289920e+00
 1.654632e-01 1.929370e+00 1.098256e+00
 -9.394077e-02 1.751049e+00 9.337258e-01
 -2.873138e-01 1.476764e+00 8.206608e-01
 -3.929388e-01 1.161265e+00 7.877198e-01
 -4.313878e-01 9.131505e-01 8.490348e-01
 -5.428578e-01 4.658595e-01 1.105462e+00
 -6.126938e-01 1.509925e-01 1.160780e+00
 -6.053908e-01 -2.169785e-01 1.119107e+00
 -5.145078e-01 -5.440065e-01 9.746208e-01
 -3.555458e-01 -7.932145e-01 7.349208e-01
 -6.132577e-02 -9.835575e-01 2.811068e-01
 7.328123e-02 -1.157729e+00 1.255548e-01
 1.939092e-01 -1.351570e+00 4.895979e-02
 4.014542e-01 -1.545155e+00 1.021579e-02
 6.476272e-01 -1.687436e+00 3.530779e-02
 9.395362e-01 -1.756682e+00 9.442279e-02
 1.242497e+00 -1.735609e+00 1.807008e-01
 1.507430e+00 -1.627564e+00 2.861728e-01
 1.731023e+00 -1.437284e+00 3.731128e-01
 1.891402e+00 -1.184792e+00 4.272258e-01
 1.972048e+00 -8.874285e-01 4.529018e-01
 1.962468e+00 -5.743755e-01 4.516648e-01
 1.858143e+00 -2.751175e-01 4.334808e-01
 1.667832e+00 -2.088548e-02 3.961948e-01
 1.443493e+00 1.381175e-01 3.469858e-01
 1.170083e+00 2.605315e-01 2.113758e-01
 9.336322e-01 4.641135e-01 1.241979e-02
 8.494282e-01 7.303075e-01 -2.221102e-01
 9.003672e-01 9.744385e-01 -5.888822e-01
 1.085400e+00 1.066201e+00 -1.000054e+00
 1.346842e+00 9.673715e-01 -1.367780e+00
 1.620175e+00 6.949505e-01 -1.622202e+00
 1.852460e+00 3.113965e-01 -1.708131e+00
 1.965399e+00 -1.112665e-01 -1.638916e+00
 1.937491e+00 -5.070635e-01 -1.435825e+00
 1.799686e+00 -7.918985e-01 -1.114745e+00
 1.578001e+00 -9.074405e-01 -7.422491e-01
