 -1.551953e-01 -2.534798e+00 -8.376845e-01
 1.580922e-03 -2.442310e+00 -1.202898e+00
 2.227853e-01 -2.217958e+00 -1.482894e+00
 4.412617e-01 -1.895878e+00 -1.622454e+00
 6.125958e-01 -1.510603e+00 -1.609108e+00
 7.116368e-01 -1.138027e+00 -1.437038e+00
 7.091304e-01 -8.415403e-01 -1.142449e+00
 5.706554e-01 -6.458765e-01 -7.872289e-01
 3.570244e-01 -5.917473e-01 -5.142292e-01
 1.153749e-01 -5.908663e-01 -3.768736e-01
 -1.420005e-01 -5.661964e-01 -2.986137e-01
 -1.035336e+00 -6.788964e-01 -2.715508e-01
 -1.439923e+00 -5.579353e-01 -2.698425e-01
 -1.759698e+00 -2.859583e-01 -2.718081e-01
 -1.942470e+00 8.828093e-02 -2.741794e-01
 -1.961313e+00 5.014815e-01 -2.842280e-01
 -1.815608e+00 8.846008e-01 -3.066178e-01
 -1.529307e+00 1.180720e+00 -3.511224e-01
 -1.165031e+00 1.334724e+00 -4.340742e-01
 -8.053570e-01 1.335465e+00 -5.672675e-01
 -5.794952e-01 1.261628e+00 -7.328522e-01
 -3.832850e-01 1.241285e+00 -9.775576e-01
 -1.102512e-01 1.369703e+00 -1.246618e+00
 1.919259e-01 1.608465e+00 -1.390752e+00
 5.043760e-01 1.890578e+00 -1.368289e+00
 7.773525e-01 2.143284e+00 -1.180528e+00
 9.781468e-01 2.317095e+00 -8.601608e-01
 1.081237e+00 2.376272e+00 -4.639194e-01
 1.071009e+00 2.313939e+00 -5.802233e-02
 9.505707e-01 2.142855e+00 2.928011e-01
 5.922811e-01 1.708654e+00 7.070599e-01
 4.492241e-01 1.600834e+00 9.048914e-01
 3.273783e-01 1.565618e+00 1.116105e+00
 2.866593e-01 1.488477e+00 1.405742e+00
 3.132385e-01 1.278555e+00 1.710546e+00
 3.812524e-01 9.757113e-01 1.919206e+00
 4.752627e-01 6.047200e-01 2.002849e+00
 5.899034e-01 2.532426e-01 1.948032e+00
 9.495978e-01 -7.048107e-01 1.372215e+00
 9.670399e-01 -9.448154e-01 1.167185e+00
 8.962015e-01 -1.154090e+00 9.303140e-01
 7.619525e-01 -1.286079e+00 6.986392e-01
 5.453059e-01 -1.358681e+00 4.694786e-01
 3.183952e-01 -1.362286e+00 3.347061e-01
 5.834845e-02 -1.355510e+00 2.890353e-01
 -2.560349e-01 -1.396370e+00 2.954085e-01
 -5.654078e-01 -1.557231e+00 3.814886e-01
 -8.118165e-01 -1.871273e+00 4.742393e-01
 -9.165295e-01 -2.274623e+00 5.308394e-01
 -8.610054e-01 -2.691177e+00 5.230460e-01
 -6.669300e-01 -3.045799e+00 4.413749e-01
 -3.694203e-01 -3.287285e+00 2.925677e-01
 -1.287132e-02 -3.376758e+00 1.065623e-01
 3.425640e-01 -3.299251e+00 -9.215704e-02
 6.290845e-01 -3.069914e+00 -2.853541e-01
 7.970505e-01 -2.726637e+00 -4.425585e-01
 8.145695e-01 -2.325699e+00 -5.483537e-01
 6.724823e-01 -1.945965e+00 -5.919615e-01
 4.140038e-01 -1.683170e+00 -6.118515e-01
 1.339185e-01 -1.564902e+00 -6.911137e-01
 -8.140231e-02 -1.462155e+00 -8.504741e-01
 -2.286275e-01 -1.273015e+00 -1.045991e+00
 -3.081650e-01 -9.818231e-01 -1.223511e+00
 -3.131679e-01 -6.815285e-01 -1.303113e+00
 -2.724766e-01 -3.306183e-01 -1.287216e+00
 -1.811187e-01 -2.296270e-03 -1.160191e+00
 -6.287811e-02 2.296090e-01 -9.556488e-01
 5.652190e-02 4.592315e-01 -5.073031e-01
 -1.756600e-02 6.993279e-01 -1.029751e-01
 -6.506768e-02 8.016429e-01 1.306840e-02
 -2.630079e-01 1.167376e+00 2.665635e-01
 -4.202485e-01 1.621726e+00 3.815808e-01
 -4.071342e-01 1.963927e+00 4.932120e-01
 -2.810757e-01 2.269848e+00 6.657784e-01
 -6.157204e-02 2.485896e+00 8.773444e-01
 2.237330e-01 2.583241e+00 1.096613e+00
 5.371898e-01 2.549291e+00 1.293054e+00
 8.402669e-01 2.391439e+00 1.430475e+00
 1.093198e+00 2.130580e+00 1.498410e+00
 1.258212e+00 1.794621e+00 1.495715e+00
 1.310281e+00 1.432478e+00 1.420627e+00
 1.234460e+00 1.085688e+00 1.298250e+00
 1.035084e+00 8.050148e-01 1.147469e+00
 7.623619e-01 6.415991e-01 1.014694e+00
 4.937190e-01 5.824182e-01 9.792272e-01
 8.680568e-03 5.130067e-01 1.014939e+00
 -2.577026e-01 4.181550e-01 9.743941e-01
 -5.281735e-01 2.962880e-01 7.943428e-01
 -7.677782e-01 2.412684e-01 5.035381e-01
 -9.214210e-01 2.718029e-01 1.563106e-01
 -9.549885e-01 3.437048e-01 -1.914834e-01
 -9.493611e-01 3.355568e-01 -4.002347e-01
 -1.031406e+00 3.342862e-01 -7.018973e-01
 -1.186589e+00 5.038298e-01 -1.063001e+00
 -1.294111e+00 8.203184e-01 -1.326812e+00
 -1.298002e+00 1.227137e+00 -1.470992e+00
 -1.200010e+00 1.639697e+00 -1.468658e+00
 -1.002240e+00 1.982695e+00 -1.342015e+00
 -7.353897e-01 2.204152e+00 -1.119209e+00
 -4.330384e-01 2.272226e+00 -8.478810e-01
 -1.405700e-01 2.175698e+00 -5.891281e-01
 1.249723e-01 1.937892e+00 -4.045753e-01
 3.050390e-01 1.708858e+00 -3.759339e-01
 4.826989e-01 1.541282e+00 -4.004212e-01
 7.769795e-01 1.301313e+00 -3.243882e-01
 9.711807e-01 9.581118e-01 -1.774074e-01
 1.004959e+00 5.720786e-01 -3.276787e-02
 7.935361e-01 -2.029115e-02 2.076587e-01
 6.115336e-01 -2.569179e-01 4.276861e-01
 2.316668e-01 -4.174223e-01 6.856220e-01
 2.565210e-02 -5.780570e-01 9.489612e-01
 -6.276339e-02 -8.976780e-01 1.197192e+00
 -5.917380e-02 -1.312025e+00 1.313786e+00
 -1.311101e-02 -1.739146e+00 1.244701e+00
 5.981319e-02 -2.104518e+00 9.989603e-01
 1.066783e-01 -2.317011e+00 6.511129e-01
 9.312513e-02 -2.368358e+00 2.953134e-01
 -1.633256e-02 -2.349925e+00 4.692595e-02
 -1.422191e-01 -2.389739e+00 -1.458896e-01
 -2.117450e-01 -2.497059e+00 -4.445278e-01
