 2.464139e-01 1.111433e+00 7.296159e-01
 2.264683e-01 8.475770e-01 4.983526e-01
 1.585519e-01 7.071293e-01 2.993862e-01
 -1.528012e-02 5.008474e-01 -1.157414e-01
 -1.992523e-01 2.743938e-01 -5.554786e-01
 -2.486465e-01 1.319022e-01 -9.023410e-01
 -1.743508e-01 8.639224e-02 -1.202411e+00
 -5.326398e-02 5.010885e-02 -1.420294e+00
 1.852308e-01 -3.977318e-02 -1.673188e+00
 5.453193e-01 -2.510771e-01 -1.825647e+00
 8.458789e-01 -5.319461e-01 -1.817476e+00
 1.063702e+00 -8.323240e-01 -1.671644e+00
 1.184691e+00 -1.104721e+00 -1.408930e+00
 1.190064e+00 -1.311217e+00 -1.071912e+00
 1.088954e+00 -1.416424e+00 -7.409930e-01
 8.896956e-01 -1.479303e+00 -3.372411e-01
 7.048247e-01 -1.533808e+00 3.317673e-02
 5.436396e-01 -1.551369e+00 3.555925e-01
 4.075999e-01 -1.479077e+00 6.186692e-01
 2.403301e-01 -1.297191e+00 8.587099e-01
 7.680471e-02 -1.086774e+00 9.821949e-01
 -2.034211e-01 -8.013678e-01 1.043614e+00
 -3.965174e-01 -3.943189e-01 8.970749e-01
 -6.530690e-01 -2.142813e-01 5.707394e-01
 -8.902482e-01 -1.766191e-01 3.502413e-01
 -1.108336e+00 -2.424551e-01 1.485136e-01
 -1.461381e+00 -4.960168e-01 -1.762783e-01
 -1.719157e+00 -7.156436e-01 -4.568884e-01
 -1.824964e+00 -8.878251e-01 -7.116466e-01
 -1.822826e+00 -1.071420e+00 -1.024900e+00
 -1.677858e+00 -1.243345e+00 -1.372440e+00
 -1.415218e+00 -1.343218e+00 -1.634980e+00
 -1.076952e+00 -1.360037e+00 -1.795371e+00
 -6.881615e-01 -1.308728e+00 -1.831543e+00
 -3.089172e-01 -1.223040e+00 -1.717150e+00
 -3.332109e-02 -1.109018e+00 -1.495229e+00
 2.205578e-01 -8.916197e-01 -1.084395e+00
 3.839994e-01 -7.079073e-01 -9.073374e-01
 5.989030e-01 -4.746589e-01 -8.188749e-01
 7.509234e-01 -1.037926e-01 -7.992774e-01
 7.794019e-01 3.061123e-01 -8.718879e-01
 6.475496e-01 6.671658e-01 -1.000251e+00
 3.834785e-01 9.311480e-01 -1.088508e+00
 2.211003e-01 1.168733e+00 -1.122738e+00
 1.803280e-01 1.542865e+00 -1.191891e+00
 2.705088e-01 1.926494e+00 -1.140882e+00
 4.142374e-01 2.223740e+00 -9.635629e-01
 5.861250e-01 2.414570e+00 -7.071384e-01
 7.588513e-01 2.495820e+00 -3.975662e-01
 9.189695e-01 2.460020e+00 -1.044058e-01
 1.057294e+00 2.316025e+00 1.691171e-01
 1.154355e+00 2.084651e+00 3.846078e-01
 1.210882e+00 1.759465e+00 5.448995e-01
 1.249751e+00 1.355909e+00 6.936830e-01
 1.241916e+00 9.568788e-01 8.405838e-01
 1.123020e+00 6.303270e-01 9.555472e-01
 9.569680e-01 3.997800e-01 1.026869e+00
 6.525332e-01 1.388799e-01 1.136041e+00
 5.330508e-01 -7.258857e-02 1.277937e+00
 4.544828e-01 -3.792360e-01 1.688449e+00
 3.509596e-01 -6.244541e-01 1.884830e+00
 1.886186e-01 -9.233653e-01 1.996792e+00
 -3.737875e-03 -1.236255e+00 1.988934e+00
 -1.864012e-01 -1.518697e+00 1.861425e+00
 -3.219542e-01 -1.728844e+00 1.654882e+00
 -4.160172e-01 -1.882939e+00 1.378988e+00
 -4.845352e-01 -2.018313e+00 9.745869e-01
 -5.363651e-01 -2.132704e+00 5.683189e-01
 -5.868793e-01 -2.177872e+00 2.310508e-01
 -6.457067e-01 -2.135358e+00 -8.493325e-02
 -7.120859e-01 -1.985567e+00 -3.820188e-01
 -7.776479e-01 -1.728367e+00 -6.304614e-01
 -8.205480e-01 -1.411399e+00 -7.865614e-01
 -8.168684e-01 -9.392732e-01 -8.698100e-01
 -8.643173e-01 -6.912474e-01 -1.029609e+00
 -1.032248e+00 -4.260783e-01 -1.337694e+00
 -1.066519e+00 -2.329407e-01 -1.564005e+00
 -9.945075e-01 6.708436e-02 -1.820372e+00
 -8.172502e-01 3.636861e-01 -2.012233e+00
 -5.781713e-01 5.800989e-01 -2.104166e+00
 -2.829374e-01 7.494710e-01 -2.132868e+00
 1.280394e-01 9.339189e-01 -2.131427e+00
 5.370785e-01 1.119276e+00 -2.089025e+00
 8.129546e-01 1.251167e+00 -1.958319e+00
 1.043910e+00 1.371805e+00 -1.725235e+00
 1.189229e+00 1.487022e+00 -1.384209e+00
 1.211908e+00 1.542186e+00 -9.998092e-01
 1.084530e+00 1.530542e+00 -6.136397e-01
 8.698552e-01 1.477127e+00 -3.887481e-01
 5.725583e-01 1.495562e+00 -2.283566e-01
 1.811683e-01 1.630305e+00 -1.567048e-01
 -1.511557e-01 1.606519e+00 -9.013593e-02
 -4.744890e-01 1.480616e+00 8.488137e-02
 -6.980387e-01 1.268579e+00 3.249986e-01
 -7.859203e-01 9.926996e-01 6.120175e-01
 -7.048134e-01 7.312572e-01 9.251645e-01
 -5.032481e-01 5.898755e-01 1.181425e+00
 -3.084315e-01 5.660081e-01 1.417638e+00
 4.671828e-02 6.663474e-01 1.776970e+00
 3.417723e-01 6.765998e-01 1.955484e+00
 7.318961e-01 5.830400e-01 2.060165e+00
 1.086045e+00 3.759863e-01 2.056030e+00
 1.352617e+00 9.951985e-02 1.927907e+00
 1.491738e+00 -1.851263e-01 1.685008e+00
 1.496818e+00 -4.229335e-01 1.364594e+00
 1.383881e+00 -5.721474e-01 9.949749e-01
 1.174632e+00 -6.176135e-01 6.860390e-01
 9.106132e-01 -5.758794e-01 4.593944e-01
 5.190916e-01 -5.336835e-01 2.197699e-01
 2.003390e-01 -6.167863e-01 9.455423e-02
 -7.799674e-02 -8.282550e-01 -1.485063e-02
 -3.687606e-01 -1.064007e+00 6.030523e-02
 -6.900455e-01 -1.170635e+00 2.226942e-01
 -9.348969e-01 -1.206116e+00 4.544428e-01
 -1.190483e+00 -1.074954e+00 7.636395e-01
 -1.333062e+00 -8.575708e-01 9.954077e-01
 -1.379400e+00 -6.403617e-01 1.147961e+00
 -1.379049e+00 -2.127031e-01 1.370001e+00
 -1.377753e+00 1.337021e-01 1.542896e+00
 -1.353910e+00 5.689736e-01 1.735268e+00
 -1.254317e+00 8.850333e-01 1.805594e+00
 -1.056186e+00 1.200584e+00 1.791353e+00
 -7.795976e-01 1.449351e+00 1.675040e+00
 -4.757758e-01 1.579133e+00 1.472833e+00
 -1.675949e-01 1.567333e+00 1.225058e+00
 1.064367e-01 1.395812e+00 9.606961e-01
