 8.565724e-01 1.941033e+00 -1.115968e+00
 6.691880e-01 2.016761e+00 -7.826475e-01
 4.767507e-01 1.943270e+00 -4.512469e-01
 2.342292e-01 1.649706e+00 -6.712288e-02
 8.930532e-02 1.597826e+00 1.506159e-01
 -1.268150e-01 1.680198e+00 5.572488e-01
 -2.817677e-01 1.633782e+00 8.621715e-01
 -4.502518e-01 1.485959e+00 1.124870e+00
 -6.041233e-01 1.256909e+00 1.314390e+00
 -7.125198e-01 9.736809e-01 1.418569e+00
 -7.658878e-01 6.604884e-01 1.433926e+00
 -7.590354e-01 3.430730e-01 1.357846e+00
 -6.855763e-01 4.916178e-02 1.193535e+00
 -4.988542e-01 -2.784779e-01 8.553938e-01
 -4.478432e-01 -5.976758e-01 7.188263e-01
 -5.367981e-01 -9.260551e-01 5.457366e-01
 -5.364207e-01 -1.148304e+00 3.919163e-01
 -4.934630e-01 -1.312758e+00 3.064424e-01
 -4.701550e-01 -1.487724e+00 2.438918e-01
 -5.028236e-01 -1.654088e+00 1.586332e-01
 -5.554179e-01 -1.804292e+00 3.707118e-02
 -6.128923e-01 -1.921847e+00 -1.252475e-01
 -6.640228e-01 -1.997890e+00 -3.057122e-01
 -7.201364e-01 -2.040147e+00 -5.505931e-01
 -7.561608e-01 -2.030952e+00 -7.629305e-01
 -7.842298e-01 -1.978410e+00 -9.642204e-01
 -8.030161e-01 -1.888393e+00 -1.147935e+00
 -8.085103e-01 -1.768530e+00 -1.308468e+00
 -7.626331e-01 -8.889868e-01 -2.125524e+00
 -6.961715e-01 -6.261178e-01 -2.271298e+00
 -5.872170e-01 -3.543349e-01 -2.338613e+00
 -4.512550e-01 -8.220339e-02 -2.324068e+00
 -3.201387e-01 1.511352e-01 -2.232847e+00
 -1.986439e-01 3.420485e-01 -2.078541e+00
 2.241877e-01 8.860560e-01 -1.283184e+00
 3.138717e-01 9.550770e-01 -1.149927e+00
 4.225233e-01 9.932612e-01 -9.833474e-01
 5.531243e-01 1.002069e+00 -8.476419e-01
 7.733681e-01 9.928053e-01 -7.158235e-01
 1.232234e+00 1.050178e+00 -6.047650e-01
 1.587145e+00 9.836194e-01 -4.056522e-01
 1.824697e+00 8.699423e-01 -1.074057e-01
 1.917968e+00 7.162748e-01 2.371175e-01
 1.858187e+00 5.202506e-01 5.717633e-01
 1.659101e+00 2.925392e-01 8.381663e-01
 1.356396e+00 4.948026e-02 9.809813e-01
 9.513581e-01 -1.450071e-01 9.992467e-01
 7.529267e-01 -2.622639e-01 1.077039e+00
 7.904605e-02 -6.331144e-01 1.615218e+00
 -2.039563e-01 -7.672015e-01 1.707454e+00
 -5.359417e-01 -8.620426e-01 1.708020e+00
 -8.491216e-01 -8.964965e-01 1.615792e+00
 -1.125419e+00 -8.698077e-01 1.440269e+00
 -1.336765e+00 -7.815987e-01 1.198603e+00
 -1.461333e+00 -6.361388e-01 9.041809e-01
 -1.468763e+00 -4.891186e-01 5.979109e-01
 -1.361723e+00 -3.553199e-01 3.039937e-01
 -1.170356e+00 -2.606742e-01 7.590702e-02
 -7.310580e-01 -8.428608e-02 -1.947757e-01
 -4.960393e-01 2.137457e-01 -4.089586e-01
 -4.481701e-01 5.031099e-01 -5.468167e-01
 -5.103231e-01 9.172500e-01 -5.835983e-01
 -6.848926e-01 1.644401e+00 -5.153495e-01
 -6.736135e-01 1.963831e+00 -4.213249e-01
 -5.722752e-01 2.247074e+00 -2.759428e-01
 -3.686428e-01 2.486922e+00 -8.136341e-02
 -1.251507e-01 2.613254e+00 9.914103e-02
 1.452194e-01 2.634894e+00 2.683118e-01
 4.173177e-01 2.551188e+00 4.145696e-01
 6.665180e-01 2.366742e+00 5.257840e-01
 8.718142e-01 2.080146e+00 6.014000e-01
 9.781894e-01 1.779265e+00 6.204498e-01
 1.002883e+00 1.467599e+00 5.823068e-01
 8.885967e-01 6.693255e-01 2.831467e-01
 8.982248e-01 4.795256e-01 1.765485e-01
 9.695130e-01 3.207872e-01 6.786850e-02
 1.293717e+00 -7.864070e-02 -1.172739e-01
 1.365827e+00 -5.022290e-01 -4.086068e-01
 1.195963e+00 -8.512658e-01 -7.952373e-01
 8.726883e-01 -9.799412e-01 -1.163039e+00
 4.567615e-01 -8.898684e-01 -1.435256e+00
 2.730422e-02 -6.153543e-01 -1.507513e+00
 -3.278923e-01 -3.495565e-01 -1.353285e+00
 -9.063218e-01 -1.095704e-01 -1.273765e+00
 -1.140370e+00 4.827995e-02 -1.174854e+00
 -1.322142e+00 2.256245e-01 -1.008943e+00
 -1.434183e+00 4.012083e-01 -7.883116e-01
 -1.475212e+00 5.772251e-01 -4.872458e-01
 -1.440958e+00 6.857932e-01 -2.522937e-01
 -1.347267e+00 7.539642e-01 -4.226945e-02
 -1.199295e+00 7.811978e-01 1.457776e-01
 -9.836330e-01 7.807605e-01 3.093493e-01
 -7.042080e-01 7.688706e-01 4.194748e-01
 -2.713722e-01 6.771263e-01 4.973424e-01
 -9.570507e-02 6.613244e-01 6.111972e-01
 4.785812e-01 6.263814e-01 1.481374e+00
 6.629202e-01 5.347392e-01 1.702473e+00
 8.526022e-01 3.692747e-01 1.872260e+00
 1.023556e+00 1.438763e-01 1.977039e+00
 1.173058e+00 -1.133924e-01 2.000141e+00
 1.293697e+00 -3.800485e-01 1.936646e+00
 1.381579e+00 -6.329218e-01 1.787683e+00
 1.437206e+00 -8.457591e-01 1.557525e+00
 1.428583e+00 -1.407527e+00 5.180576e-01
 1.313787e+00 -1.536354e+00 2.132993e-01
 1.088661e+00 -1.616379e+00 -6.364797e-02
 7.856794e-01 -1.630368e+00 -2.799353e-01
 3.037211e-01 -1.503742e+00 -5.132622e-01
 -3.528648e-02 -1.292028e+00 -6.582639e-01
 -2.463801e-01 -1.149249e+00 -6.860140e-01
 -6.031588e-01 -1.022371e+00 -6.597276e-01
 -9.680102e-01 -1.052713e+00 -5.598207e-01
 -1.293080e+00 -1.184388e+00 -3.191806e-01
 -1.478680e+00 -1.361044e+00 3.068620e-02
 -1.486467e+00 -1.542894e+00 4.187915e-01
 -1.314943e+00 -1.695154e+00 7.893261e-01
 -1.004346e+00 -1.789517e+00 1.063048e+00
 -6.123956e-01 -1.783840e+00 1.213611e+00
 -1.997992e-01 -1.675201e+00 1.219119e+00
 1.666057e-01 -1.493529e+00 1.067041e+00
 4.039365e-01 -1.287597e+00 7.931075e-01
 4.620436e-01 -1.097979e+00 5.490212e-01
 4.675609e-01 -8.203698e-01 2.705792e-01
 3.384661e-01 -4.508577e-01 -2.460678e-01
 3.395031e-01 -3.502528e-01 -4.411555e-01
 3.990479e-01 -1.893174e-01 -6.407556e-01
 5.380232e-01 -2.924926e-02 -8.348211e-01
 8.279867e-01 6.992271e-02 -1.172917e+00
 1.050307e+00 2.940773e-01 -1.408312e+00
 1.176579e+00 6.329852e-01 -1.588760e+00
 1.192511e+00 1.009123e+00 -1.662999e+00
 1.128696e+00 1.394463e+00 -1.602223e+00
 1.009813e+00 1.728862e+00 -1.401627e+00
