 1.264742e+00 -8.844703e-01 1.112804e-01
 1.485537e+00 -1.153463e+00 4.870523e-01
 1.745729e+00 -1.150662e+00 9.668393e-01
 1.866622e+00 -9.177621e-01 1.403424e+00
 1.831580e+00 -5.405930e-01 1.716109e+00
 1.693728e+00 -9.153282e-02 1.834391e+00
 1.482508e+00 3.258647e-01 1.745097e+00
 9.375381e-01 1.032857e+00 1.110643e+00
 8.678494e-01 1.213748e+00 9.276275e-01
 8.736283e-01 1.354205e+00 7.946196e-01
 8.773808e-01 1.543202e+00 6.840015e-01
 7.852435e-01 1.798684e+00 5.707300e-01
 5.700995e-01 2.042775e+00 4.427856e-01
 2.525367e-01 2.195550e+00 3.111362e-01
 -1.249256e-01 2.215048e+00 1.852675e-01
 -1.280953e+00 1.799918e+00 -7.059129e-02
 -1.503827e+00 1.649926e+00 -1.425105e-01
 -1.673337e+00 1.454021e+00 -2.336538e-01
 -1.783731e+00 1.194297e+00 -3.373566e-01
 -1.801374e+00 8.950232e-01 -4.495451e-01
 -1.715590e+00 6.442488e-01 -5.702783e-01
 -1.601061e+00 4.951399e-01 -7.239223e-01
 -1.544993e+00 3.683616e-01 -9.016624e-01
 -1.511353e+00 8.951176e-03 -1.559534e+00
 -1.293435e+00 -4.671103e-01 -1.861892e+00
 -9.600837e-01 -9.601965e-01 -1.840716e+00
 -6.007248e-01 -1.256655e+00 -1.568230e+00
 -3.072660e-01 -1.338888e+00 -1.099080e+00
 -2.635826e-01 -1.273774e+00 -6.467645e-01
 -3.825606e-01 -1.184647e+00 -3.271581e-01
 -5.865459e-01 -1.235633e+00 -2.550894e-02
 -6.632087e-01 -1.394495e+00 2.781481e-01
 -5.597321e-01 -1.574631e+00 6.700922e-01
 -3.144235e-01 -1.639955e+00 1.014785e+00
 2.566047e-02 -1.556542e+00 1.277372e+00
 3.848801e-01 -1.329625e+00 1.416683e+00
 6.982954e-01 -9.828707e-01 1.398595e+00
 9.654361e-01 -4.863758e-01 1.139808e+00
 1.091365e+00 -3.414158e-01 1.024128e+00
 1.270598e+00 -2.237736e-01 9.009543e-01
 1.535296e+00 -1.402377e-01 8.020964e-01
 1.851397e+00 -1.684248e-01 6.411703e-01
 2.131788e+00 -3.369922e-01 3.585566e-01
 2.250773e+00 -5.574452e-01 6.952192e-02
 2.228052e+00 -7.753675e-01 -2.241670e-01
 2.084952e+00 -9.490491e-01 -4.970442e-01
 1.849373e+00 -1.067378e+00 -7.125925e-01
 1.549099e+00 -1.128807e+00 -8.534156e-01
 1.226617e+00 -1.111021e+00 -9.228794e-01
 9.155457e-01 -1.009291e+00 -9.288204e-01
 6.341202e-01 -8.262053e-01 -8.623846e-01
 4.523816e-01 -5.766048e-01 -7.518050e-01
 3.799485e-01 -3.101088e-01 -6.446922e-01
 3.714475e-01 -1.135479e-01 -6.308532e-01
 3.694524e-01 2.818647e-01 -6.794979e-01
 2.955200e-01 6.550244e-01 -5.900757e-01
 2.320177e-01 9.663972e-01 -3.655329e-01
 1.548592e-01 1.169198e+00 -1.847072e-02
 -8.361736e-02 1.231237e+00 4.975384e-01
 -1.453010e-01 1.378158e+00 7.926243e-01
 -6.811773e-02 1.588674e+00 1.106771e+00
 1.280980e-01 1.771052e+00 1.354363e+00
 4.116314e-01 1.903789e+00 1.521645e+00
 7.535306e-01 1.966686e+00 1.605105e+00
 1.118879e+00 1.945332e+00 1.592795e+00
 1.467613e+00 1.844680e+00 1.468732e+00
 1.747621e+00 1.655636e+00 1.233816e+00
 1.890533e+00 1.383011e+00 9.252897e-01
 1.840812e+00 1.066961e+00 6.016071e-01
 1.590055e+00 7.810296e-01 3.248867e-01
 1.221850e+00 6.029280e-01 1.912272e-01
 5.458562e-01 2.855862e-01 3.342916e-01
 3.279928e-01 2.237785e-01 3.391444e-01
 1.225550e-01 2.037066e-01 3.156278e-01
 -1.146171e-01 1.832571e-01 2.220248e-01
 -3.527099e-01 1.123122e-02 7.043441e-02
 -6.473876e-01 -1.534029e-01 3.872787e-02
 -1.192201e+00 -2.232833e-01 6.257763e-02
 -1.883856e+00 -3.097844e-01 -1.702863e-01
 -2.196712e+00 -2.601451e-01 -3.861732e-01
 -2.433709e+00 -9.394447e-02 -6.573941e-01
 -2.550151e+00 1.682201e-01 -9.353965e-01
 -2.529885e+00 4.855544e-01 -1.168213e+00
 -2.374054e+00 7.921936e-01 -1.336744e+00
 -2.103907e+00 1.045277e+00 -1.429207e+00
 -1.765087e+00 1.227201e+00 -1.417955e+00
 -1.416787e+00 1.312197e+00 -1.302123e+00
 -1.108419e+00 1.303613e+00 -1.097221e+00
 -8.790745e-01 1.204461e+00 -8.244400e-01
 -7.693451e-01 1.045368e+00 -5.181050e-01
 -8.003067e-01 9.145498e-01 -2.471883e-01
 -9.613930e-01 8.128616e-01 2.268751e-01
 -9.522152e-01 7.004081e-01 5.390556e-01
 -8.993046e-01 5.050651e-01 7.931317e-01
 -8.054149e-01 2.344745e-01 9.746711e-01
 -6.476789e-01 -6.953939e-02 1.059234e+00
 -4.386306e-01 -3.634041e-01 1.029246e+00
 -1.986259e-01 -5.988473e-01 8.859286e-01
 1.414457e-01 -8.078021e-01 5.443536e-01
 3.268217e-01 -1.072793e+00 4.172951e-01
 3.973492e-01 -1.435488e+00 2.928314e-01
 2.940449e-01 -1.801128e+00 1.324118e-01
 5.416674e-02 -2.064974e+00 -3.698633e-02
 -2.605386e-01 -2.202156e+00 -2.025663e-01
 -5.672614e-01 -2.205632e+00 -3.584792e-01
 -8.276834e-01 -2.106761e+00 -4.964745e-01
 -1.033385e+00 -1.939515e+00 -6.116009e-01
 -1.184573e+00 -1.725171e+00 -6.894911e-01
 -1.271106e+00 -1.481711e+00 -7.464324e-01
 -1.292430e+00 -1.227863e+00 -7.791559e-01
 -1.247755e+00 -9.705232e-01 -8.026269e-01
 -1.136733e+00 -7.427066e-01 -8.429386e-01
 -1.007098e+00 -5.996667e-01 -8.622976e-01
 -7.383958e-01 -3.926963e-01 -9.447223e-01
 -1.096418e-01 -1.571387e-01 -1.564536e+00
 5.272744e-01 -9.465750e-02 -1.682612e+00
 1.109426e+00 -4.614420e-02 -1.391605e+00
 1.398859e+00 -8.590362e-02 -8.269493e-01
 1.350074e+00 -2.515630e-01 -3.324602e-01
 1.217732e+00 -5.425809e-01 -7.416201e-02
