 -3.557856e-01 2.075117e+00 -9.199755e-02
 -3.146392e-01 2.282971e+00 2.463382e-01
 -1.798989e-01 2.360916e+00 6.330062e-01
 2.502996e-02 2.286685e+00 9.890565e-01
 2.664311e-01 2.072382e+00 1.254444e+00
 5.070216e-01 1.755175e+00 1.383150e+00
 7.112642e-01 1.393540e+00 1.350396e+00
 8.664294e-01 1.059997e+00 1.156142e+00
 9.623773e-01 8.425801e-01 8.611157e-01
 1.042268e+00 7.823793e-01 5.698730e-01
 1.295692e+00 7.502397e-01 1.783515e-01
 1.382116e+00 7.370281e-01 -2.404504e-02
 1.515536e+00 6.763013e-01 -5.255134e-01
 1.558028e+00 5.442537e-01 -8.202876e-01
 1.555732e+00 3.320215e-01 -1.066433e+00
 1.506851e+00 6.301338e-02 -1.239935e+00
 1.416568e+00 -2.668230e-01 -1.329456e+00
 1.321971e+00 -5.306811e-01 -1.324483e+00
 1.199736e+00 -7.741683e-01 -1.242149e+00
 1.081394e+00 -9.626814e-01 -1.086529e+00
 1.001971e+00 -1.090475e+00 -8.695220e-01
 9.995655e-01 -1.228497e+00 -6.173783e-01
 1.160035e+00 -1.424584e+00 -2.753490e-01
 1.225355e+00 -1.485364e+00 -1.172553e-02
 1.199800e+00 -1.535097e+00 3.095257e-01
 1.076213e+00 -1.552523e+00 6.110433e-01
 8.725493e-01 -1.538106e+00 8.530883e-01
 6.285912e-01 -1.470605e+00 1.019898e+00
 3.536085e-01 -1.339624e+00 1.114988e+00
 1.008957e-01 -1.178170e+00 1.122883e+00
 -1.281174e-01 -9.844972e-01 1.048706e+00
 -4.963796e-01 -5.452755e-01 7.329424e-01
 -6.831319e-01 -2.880933e-01 6.609730e-01
 -8.129948e-01 -4.726782e-02 6.983622e-01
 -1.081665e+00 2.328073e-01 8.806295e-01
 -1.274635e+00 5.086271e-01 9.256512e-01
 -1.420676e+00 8.187169e-01 8.690622e-01
 -1.502673e+00 1.099200e+00 7.153710e-01
 -1.518019e+00 1.353311e+00 4.685465e-01
 -1.329040e+00 1.951512e+00 -5.264084e-01
 -1.234171e+00 2.060918e+00 -7.224282e-01
 -1.086722e+00 2.153547e+00 -8.969233e-01
 -8.713504e-01 2.223639e+00 -1.061154e+00
 -6.274887e-01 2.241883e+00 -1.180884e+00
 -3.617972e-01 2.206138e+00 -1.253344e+00
 -9.439303e-02 2.115592e+00 -1.270472e+00
 1.518084e-01 1.974735e+00 -1.228593e+00
 3.547101e-01 1.793320e+00 -1.129735e+00
 4.953645e-01 1.585807e+00 -9.818608e-01
 5.626376e-01 1.362846e+00 -7.925662e-01
 5.466304e-01 1.098718e+00 -5.559377e-01
 4.160101e-01 7.942968e-01 -3.050277e-01
 2.916400e-01 6.007815e-01 -1.039226e-01
 2.310428e-01 3.899881e-01 1.251947e-01
 1.877988e-01 3.008940e-01 3.342543e-01
 1.295636e-01 2.424340e-01 1.015372e+00
 -8.112820e-02 1.262190e-01 1.402051e+00
 -4.159638e-01 -6.760738e-02 1.647619e+00
 -7.390347e-01 -3.010664e-01 1.706394e+00
 -1.064216e+00 -5.340070e-01 1.590262e+00
 -1.370403e+00 -6.737593e-01 1.318038e+00
 -1.584228e+00 -6.943018e-01 9.438330e-01
 -1.646556e+00 -6.189000e-01 6.260770e-01
 -1.588546e+00 -5.984204e-01 2.706826e-01
 -1.636774e+00 -6.802711e-01 -3.855111e-02
 -1.686948e+00 -8.532471e-01 -2.763460e-01
 -1.675887e+00 -1.115372e+00 -4.687692e-01
 -1.579211e+00 -1.407446e+00 -5.912370e-01
 -1.399470e+00 -1.681058e+00 -6.341434e-01
 -1.153899e+00 -1.910389e+00 -6.019704e-01
 -8.688301e-01 -2.058369e+00 -5.120245e-01
 -6.100257e-01 -2.115821e+00 -3.845114e-01
 -3.687727e-01 -2.087446e+00 -2.439984e-01
 -1.419129e-01 -1.973422e+00 -1.068202e-01
 5.867820e-02 -1.767692e+00 3.973935e-03
 1.952269e-01 -1.502156e+00 7.758216e-02
 2.617293e-01 -1.171976e+00 1.204286e-01
 3.155564e-01 -1.050103e+00 1.403848e-01
 4.249873e-01 -8.915758e-01 1.955981e-01
 5.498495e-01 -7.229189e-01 3.338116e-01
 7.849785e-01 -5.429330e-01 5.629943e-01
 1.616750e+00 2.781058e-02 9.314847e-01
 1.820311e+00 2.801161e-01 9.936492e-01
 1.946510e+00 5.859235e-01 1.005805e+00
 1.978099e+00 9.128845e-01 9.708197e-01
 1.909634e+00 1.227992e+00 8.940794e-01
 1.746966e+00 1.497813e+00 7.801562e-01
 1.503790e+00 1.691660e+00 6.429620e-01
 1.202392e+00 1.787390e+00 5.111723e-01
 8.786812e-01 1.773180e+00 4.068633e-01
 5.784524e-01 1.662363e+00 3.613608e-01
 3.589159e-01 1.514336e+00 3.921921e-01
 6.777595e-02 1.353710e+00 5.232797e-01
 -2.166919e-01 1.227032e+00 5.277141e-01
 -4.968929e-01 1.045167e+00 4.053434e-01
 -6.916439e-01 8.356211e-01 1.612233e-01
 -8.273439e-01 7.439599e-01 3.095122e-02
 -1.025051e+00 6.306058e-01 -6.101261e-02
 -1.291020e+00 5.195298e-01 -1.000455e-01
 -2.103160e+00 2.439617e-01 1.098906e-02
 -2.369129e+00 3.656178e-02 8.138168e-02
 -2.548444e+00 -2.491041e-01 1.588938e-01
 -2.619510e+00 -5.805710e-01 2.316311e-01
 -2.574044e+00 -9.185511e-01 2.880296e-01
 -2.404624e+00 -1.243721e+00 3.403701e-01
 -2.148791e+00 -1.474017e+00 3.885102e-01
 -1.827349e+00 -1.603327e+00 4.146336e-01
 -1.481642e+00 -1.611844e+00 4.058423e-01
 -1.120313e+00 -1.502236e+00 3.330914e-01
 -8.887204e-01 -1.336849e+00 2.048608e-01
 -7.706230e-01 -1.189639e+00 1.881301e-02
 -6.879762e-01 -1.077697e+00 -2.295023e-01
 -5.514091e-01 -1.089093e+00 -5.062079e-01
 -2.390300e-01 -1.259952e+00 -8.480937e-01
 3.909422e-01 -1.835451e+00 -1.198016e+00
 7.054835e-01 -1.982144e+00 -1.264264e+00
 1.058508e+00 -2.025352e+00 -1.273506e+00
 1.404275e+00 -1.959527e+00 -1.223230e+00
 1.699676e+00 -1.794006e+00 -1.118989e+00
 1.927010e+00 -1.524837e+00 -9.711179e-01
 2.025258e+00 -1.221340e+00 -8.035022e-01
 1.993111e+00 -9.145414e-01 -6.171117e-01
 1.824432e+00 -6.323147e-01 -4.425860e-01
 1.516092e+00 -3.911561e-01 -3.170338e-01
 1.217815e+00 -2.723241e-01 -3.150402e-01
 9.170155e-01 -1.753618e-01 -4.323501e-01
 5.571161e-01 -1.341831e-01 -7.507915e-01
 3.035421e-01 -2.084759e-02 -9.159233e-01
 5.664081e-02 1.595935e-01 -1.011161e+00
 -1.543662e-01 3.884016e-01 -1.034481e+00
 -3.156142e-01 6.529457e-01 -9.922377e-01
 -4.127340e-01 9.281023e-01 -8.993552e-01
 -4.470258e-01 1.263960e+00 -7.410646e-01
 -4.323663e-01 1.425345e+00 -6.057185e-01
 -3.655374e-01 1.616287e+00 -4.194245e-01
