 1.072943e+00 1.334393e+00 -9.042768e-01
 1.334596e+00 1.303452e+00 -1.177838e+00
 1.567081e+00 1.127252e+00 -1.432773e+00
 1.753593e+00 8.362441e-01 -1.603435e+00
 1.848341e+00 4.726238e-01 -1.684906e+00
 1.827971e+00 9.274296e-02 -1.681817e+00
 1.701591e+00 -2.493401e-01 -1.595844e+00
 1.491862e+00 -5.104655e-01 -1.439680e+00
 1.230359e+00 -6.603263e-01 -1.233985e+00
 5.396517e-01 -7.236938e-01 -6.230208e-01
 3.444627e-01 -6.996061e-01 -3.535582e-01
 2.310455e-01 -6.286554e-01 -4.923840e-02
 1.464894e-01 -4.197883e-01 5.104678e-01
 1.790913e-01 -3.396749e-01 8.508942e-01
 2.506571e-01 -1.549594e-01 1.134344e+00
 3.028142e-01 1.345389e-01 1.346605e+00
 3.343836e-01 4.777011e-01 1.443786e+00
 3.495231e-01 8.289159e-01 1.417271e+00
 3.241929e-01 1.144893e+00 1.283690e+00
 2.426950e-01 1.393753e+00 1.069343e+00
 1.162506e-01 1.552667e+00 7.961020e-01
 -3.209095e-02 1.604728e+00 4.903403e-01
 -4.513283e-01 1.423116e+00 -4.237310e-01
 -5.156588e-01 1.339677e+00 -6.386572e-01
 -6.304806e-01 1.062332e+00 -1.044682e+00
 -6.041548e-01 8.492815e-01 -1.254981e+00
 -5.401466e-01 5.260607e-01 -1.400081e+00
 -5.085861e-01 1.417991e-01 -1.414977e+00
 -5.074682e-01 -2.172321e-01 -1.289226e+00
 -5.417356e-01 -5.107331e-01 -1.035836e+00
 -6.245099e-01 -6.925995e-01 -6.969334e-01
 -7.338796e-01 -7.302642e-01 -3.480115e-01
 -8.025287e-01 -6.144531e-01 1.196140e-01
 -8.328662e-01 -6.360564e-01 4.681010e-01
 -9.561751e-01 -7.958745e-01 8.083684e-01
 -1.021203e+00 -1.142836e+00 1.084077e+00
 -9.648571e-01 -1.565045e+00 1.221925e+00
 -7.719844e-01 -1.956467e+00 1.220535e+00
 -4.608802e-01 -2.245649e+00 1.113279e+00
 -8.976997e-02 -2.376051e+00 9.261568e-01
 2.723512e-01 -2.328265e+00 7.119544e-01
 5.807983e-01 -2.119032e+00 5.280921e-01
 7.830703e-01 -1.795020e+00 4.147256e-01
 8.886448e-01 -1.414782e+00 4.204143e-01
 9.240491e-01 -1.135744e+00 5.378456e-01
 9.819020e-01 -9.543121e-01 6.983339e-01
 1.119409e+00 -7.637771e-01 8.688010e-01
 1.372675e+00 -5.227183e-01 9.634213e-01
 1.650716e+00 -2.362174e-01 9.082076e-01
 1.870641e+00 2.876305e-02 7.071215e-01
 1.985341e+00 2.482783e-01 4.056828e-01
 1.976974e+00 4.018108e-01 4.756408e-02
 1.851683e+00 4.602370e-01 -3.188112e-01
 1.625252e+00 4.244616e-01 -6.279544e-01
 1.163692e+00 3.127279e-01 -9.180111e-01
 9.490550e-01 3.408440e-01 -1.203797e+00
 7.903556e-01 4.613970e-01 -1.395486e+00
 5.413133e-01 7.340604e-01 -1.560592e+00
 1.111185e-01 1.444793e+00 -1.667265e+00
 -1.901978e-01 1.750788e+00 -1.645249e+00
 -4.815281e-01 1.923962e+00 -1.565041e+00
 -7.841657e-01 2.008075e+00 -1.421915e+00
 -1.065710e+00 2.001104e+00 -1.222672e+00
 -1.293658e+00 1.909396e+00 -9.808354e-01
 -1.441469e+00 1.748256e+00 -7.142681e-01
 -1.490416e+00 1.542949e+00 -4.469070e-01
 -1.365889e+00 1.009036e+00 1.086047e-01
 -1.359280e+00 7.571014e-01 2.682929e-01
 -1.402101e+00 5.237890e-01 3.564160e-01
 -1.513058e+00 2.433759e-01 3.929511e-01
 -1.806778e+00 -3.696569e-01 2.841993e-01
 -1.824910e+00 -7.668217e-01 2.152936e-01
 -1.687287e+00 -1.141798e+00 1.614315e-01
 -1.421044e+00 -1.432838e+00 1.378859e-01
 -1.057504e+00 -1.611442e+00 1.634807e-01
 -6.884647e-01 -1.630850e+00 2.286195e-01
 -3.499667e-01 -1.532475e+00 3.742952e-01
 -1.457080e-01 -1.396229e+00 6.019819e-01
 -1.433205e-02 -1.342306e+00 8.886463e-01
 1.715283e-01 -1.408046e+00 1.176611e+00
 5.317245e-01 -1.556210e+00 1.398201e+00
 9.628844e-01 -1.677260e+00 1.429503e+00
 1.403299e+00 -1.695644e+00 1.275118e+00
 1.749373e+00 -1.587598e+00 9.745257e-01
 1.930245e+00 -1.359768e+00 6.069442e-01
 1.914704e+00 -1.051504e+00 2.584203e-01
 1.709972e+00 -7.334370e-01 1.539447e-03
 1.394879e+00 -4.448191e-01 -8.453806e-02
 1.162168e+00 -2.259461e-01 7.259416e-03
 9.440040e-01 1.581994e-01 1.815464e-01
 6.555928e-01 4.393568e-01 3.387645e-01
 4.046400e-01 5.664722e-01 4.263765e-01
 1.691398e-01 5.968527e-01 4.424920e-01
 -1.742683e-01 5.849319e-01 5.380259e-01
 -8.029283e-01 8.419344e-01 1.124506e+00
 -1.137265e+00 9.513108e-01 1.250379e+00
 -1.509795e+00 1.019385e+00 1.248073e+00
 -1.865043e+00 1.035284e+00 1.115749e+00
 -2.153590e+00 9.965314e-01 8.708750e-01
 -2.334509e+00 9.081739e-01 5.467071e-01
 -2.381263e+00 7.822531e-01 1.880678e-01
 -2.283921e+00 6.335731e-01 -1.610185e-01
 -2.075311e+00 4.977216e-01 -4.248985e-01
 -1.784892e+00 3.833633e-01 -5.870397e-01
 -1.426236e+00 2.894408e-01 -6.398030e-01
 -1.092625e+00 2.413657e-01 -5.735728e-01
 -7.208801e-01 2.882340e-01 -3.966560e-01
 -3.265056e-01 2.927633e-01 -4.152461e-01
 8.662992e-02 4.653454e-01 -5.653999e-01
 4.616972e-01 9.814676e-01 -5.532488e-01
 7.616844e-01 1.228953e+00 -6.811304e-01
