 -4.639139e-01 2.499787e+00 -4.959222e-01
 -8.959598e-01 2.527836e+00 -3.650006e-01
 -1.248894e+00 2.420390e+00 -1.149100e-01
 -1.467337e+00 2.183160e+00 1.718721e-01
 -1.520988e+00 1.862502e+00 4.567083e-01
 -1.400270e+00 1.536218e+00 6.998204e-01
 -1.145692e+00 1.261771e+00 8.544812e-01
 -6.877818e-01 9.706824e-01 9.063270e-01
 -4.492434e-01 7.115410e-01 8.770275e-01
 -3.342057e-01 5.137697e-01 8.468544e-01
 -2.995667e-01 3.494505e-01 8.269851e-01
 -3.224642e-01 1.639704e-01 7.918957e-01
 -3.755631e-01 -2.600264e-01 6.249158e-01
 -2.736177e-01 -7.679362e-01 5.392618e-01
 -3.960235e-01 -1.516456e+00 5.022108e-01
 -4.316421e-01 -1.855476e+00 3.590793e-01
 -4.233737e-01 -2.137311e+00 9.772888e-02
 -3.505162e-01 -2.313608e+00 -2.440423e-01
 -2.100434e-01 -2.350706e+00 -6.469994e-01
 -6.365727e-02 -2.232780e+00 -9.665579e-01
 1.239520e-01 -2.003250e+00 -1.188166e+00
 3.170258e-01 -1.862982e+00 -1.254680e+00
 5.321203e-01 -1.770529e+00 -1.361962e+00
 7.419856e-01 -1.582645e+00 -1.636931e+00
 8.118016e-01 -1.248360e+00 -1.938399e+00
 7.026524e-01 -8.422374e-01 -2.149998e+00
 4.522918e-01 -4.308814e-01 -2.190056e+00
 1.310021e-01 -1.038741e-01 -2.028037e+00
 -1.974673e-01 6.030828e-02 -1.699263e+00
 -4.691551e-01 9.213427e-03 -1.282914e+00
 -6.692372e-01 -3.377799e-01 -7.527924e-01
 -7.227440e-01 -3.874927e-01 -6.302274e-01
 -7.891637e-01 -4.183035e-01 -5.278948e-01
 -1.269026e+00 -7.219678e-01 2.137386e-01
 -1.306252e+00 -8.177264e-01 7.190652e-01
 -1.099436e+00 -8.385124e-01 1.181116e+00
 -7.233777e-01 -7.889541e-01 1.491160e+00
 -2.638938e-01 -6.711831e-01 1.596634e+00
 1.716878e-01 -5.205317e-01 1.481963e+00
 5.104615e-01 -3.375099e-01 1.172665e+00
 8.257382e-01 1.695192e-01 5.699625e-01
 9.757476e-01 2.554617e-01 3.627755e-01
 1.108820e+00 2.736657e-01 7.471075e-02
 1.172600e+00 2.236759e-01 -2.136773e-01
 1.166368e+00 1.300326e-01 -4.797681e-01
 1.102953e+00 1.282667e-02 -7.021928e-01
 1.002451e+00 -1.131479e-01 -8.719923e-01
 8.822701e-01 -2.376408e-01 -9.915894e-01
 7.528245e-01 -3.565126e-01 -1.068945e+00
 1.825300e-01 -8.029479e-01 -1.248915e+00
 -7.185010e-02 -9.493207e-01 -1.454126e+00
 -2.091362e-01 -1.133070e+00 -1.751561e+00
 -2.132816e-01 -1.488264e+00 -2.048678e+00
 -6.937651e-02 -1.891975e+00 -2.206360e+00
 1.607856e-01 -2.279280e+00 -2.183487e+00
 4.168691e-01 -2.580307e+00 -1.989847e+00
 6.518602e-01 -2.750216e+00 -1.662136e+00
 8.288047e-01 -2.756767e+00 -1.257246e+00
 9.097440e-01 -2.594731e+00 -8.442924e-01
 8.548612e-01 -2.297788e+00 -4.946890e-01
 6.634141e-01 -1.921454e+00 -2.890901e-01
 3.649010e-01 -1.566030e+00 -2.724049e-01
 3.336449e-02 -1.354682e+00 -4.075640e-01
 -2.920258e-01 -1.328996e+00 -5.250961e-01
 -6.733997e-01 -1.403315e+00 -7.614380e-01
 -9.839341e-01 -1.321272e+00 -9.615091e-01
 -1.286178e+00 -1.098443e+00 -1.104177e+00
 -1.511062e+00 -7.674635e-01 -1.160967e+00
 -1.620832e+00 -3.410848e-01 -1.130759e+00
 -1.559173e+00 1.497772e-01 -1.024387e+00
 -1.252771e+00 1.042950e+00 -7.425654e-01
 -1.053649e+00 1.334246e+00 -5.161540e-01
 -6.348411e-01 1.597440e+00 -3.032359e-03
 -5.345782e-01 1.738316e+00 1.928594e-01
 -5.039260e-01 1.871420e+00 3.226439e-01
 -4.390124e-01 2.054170e+00 4.325590e-01
 -2.569223e-01 2.271424e+00 5.462678e-01
 -1.465875e-02 2.413035e+00 6.526766e-01
 2.692456e-01 2.466394e+00 7.627397e-01
 5.752955e-01 2.414778e+00 8.718834e-01
 8.589314e-01 2.250192e+00 9.951474e-01
 1.068555e+00 1.989384e+00 1.111757e+00
 1.177998e+00 1.649073e+00 1.208285e+00
 1.155163e+00 1.292567e+00 1.284213e+00
 1.008243e+00 9.799581e-01 1.340221e+00
 8.087481e-01 7.926855e-01 1.386835e+00
 -1.173915e-01 3.695373e-01 1.858166e+00
 -6.870102e-01 2.321288e-01 1.791183e+00
 -1.162219e+00 1.535080e-01 1.402041e+00
 -1.353009e+00 1.710999e-01 8.902606e-01
 -1.281593e+00 2.715041e-01 4.102278e-01
 -1.002715e+00 4.274841e-01 6.086556e-02
 -6.282223e-01 4.889957e-01 -1.241995e-01
 -3.189537e-01 4.282107e-01 -1.885520e-01
 -5.934190e-02 2.612809e-01 -2.088160e-01
 1.694667e-01 -7.885787e-02 -2.100897e-01
 4.223510e-01 -4.773699e-01 -1.233967e-01
 7.778071e-01 -7.073100e-01 3.097075e-02
 1.080564e+00 -7.928986e-01 2.472660e-01
 1.320745e+00 -7.747572e-01 5.082849e-01
 1.477189e+00 -6.827624e-01 7.757142e-01
 1.551311e+00 -5.508416e-01 1.020546e+00
 1.559537e+00 -4.095403e-01 1.224253e+00
 1.366451e+00 4.061223e-01 2.158806e+00
 1.172069e+00 7.984498e-01 2.352473e+00
 9.097257e-01 1.181316e+00 2.346126e+00
 6.203073e-01 1.477240e+00 2.158507e+00
 3.512466e-01 1.627407e+00 1.839857e+00
 1.745107e-01 1.625427e+00 1.450846e+00
 1.434720e-01 1.519922e+00 1.117747e+00
 2.760134e-01 1.420282e+00 7.781489e-01
 4.387532e-01 1.483544e+00 4.647203e-01
 4.863108e-01 1.743665e+00 4.431398e-02
 3.176603e-01 2.062773e+00 -2.860687e-01
 -2.798917e-02 2.334576e+00 -4.738502e-01
