 3.766293e-01 1.269273e+00 1.355915e+00
 4.802250e-01 1.157721e+00 1.586063e+00
 5.908480e-01 9.964927e-01 1.757610e+00
 7.161553e-01 7.814619e-01 1.881936e+00
 1.290921e+00 -3.597540e-01 2.140088e+00
 1.397586e+00 -7.212178e-01 2.091251e+00
 1.430022e+00 -1.062856e+00 1.924068e+00
 1.387068e+00 -1.335345e+00 1.658269e+00
 1.277247e+00 -1.498595e+00 1.328524e+00
 1.124582e+00 -1.526737e+00 9.870779e-01
 9.079312e-01 -1.429574e+00 6.787819e-01
 6.748901e-01 -1.218526e+00 4.686870e-01
 4.895726e-01 -9.301153e-01 3.742776e-01
 4.149352e-01 -7.274973e-01 3.557277e-01
 4.181884e-01 -4.684777e-01 3.010875e-01
 5.029915e-01 -1.349252e-03 2.931826e-02
 4.423927e-01 4.105320e-01 -1.812124e-01
 3.156789e-01 6.706062e-01 -2.811450e-01
 1.313299e-01 8.511889e-01 -3.762467e-01
 -1.703928e-01 1.148064e+00 -4.814785e-01
 -3.980329e-01 1.427836e+00 -6.957499e-01
 -5.541228e-01 1.663854e+00 -1.011231e+00
 -6.472941e-01 1.780989e+00 -1.364952e+00
 -6.989142e-01 1.772275e+00 -1.714590e+00
 -7.139249e-01 1.649768e+00 -2.041164e+00
 -6.918296e-01 1.430395e+00 -2.309570e+00
 -6.484086e-01 1.152354e+00 -2.484285e+00
 -5.989839e-01 8.391051e-01 -2.558932e+00
 -5.509289e-01 5.234579e-01 -2.530926e+00
 -5.107476e-01 2.349126e-01 -2.407258e+00
 -3.895665e-01 -6.832939e-01 -1.606756e+00
 -2.716589e-01 -8.754660e-01 -1.313055e+00
 -8.633405e-02 -9.538722e-01 -1.025777e+00
 1.060751e-01 -9.136177e-01 -8.037393e-01
 3.230738e-01 -8.635993e-01 -6.755809e-01
 8.085647e-01 -8.267033e-01 -5.862144e-01
 1.104634e+00 -7.668970e-01 -4.152219e-01
 1.320574e+00 -6.771205e-01 -1.553084e-01
 1.425083e+00 -5.741168e-01 1.551530e-01
 1.414313e+00 -4.967318e-01 4.991261e-01
 1.291743e+00 -4.740452e-01 8.303009e-01
 1.071750e+00 -5.148985e-01 1.116325e+00
 8.392033e-01 -5.719312e-01 1.253141e+00
 6.610923e-01 -6.816030e-01 1.349488e+00
 4.288788e-01 -8.958365e-01 1.416552e+00
 -1.623829e-01 -1.760501e+00 1.406537e+00
 -3.635638e-01 -1.983834e+00 1.317545e+00
 -5.787949e-01 -2.145689e+00 1.155731e+00
 -7.900429e-01 -2.229068e+00 9.376227e-01
 -9.795086e-01 -2.224176e+00 6.851554e-01
 -1.124879e+00 -2.132786e+00 4.211483e-01
 -1.199061e+00 -1.973622e+00 1.594320e-01
 -1.192773e+00 -1.765418e+00 -7.258834e-02
 -1.118453e+00 -1.516055e+00 -2.476728e-01
 -9.775297e-01 -1.249356e+00 -3.435880e-01
 -8.150087e-01 -9.659202e-01 -3.351453e-01
 -6.821418e-01 -6.815461e-01 -2.057624e-01
 -5.818391e-01 -4.418145e-01 5.482641e-02
 -5.601489e-01 -2.296356e-01 2.157547e-01
 -5.063756e-01 -8.949688e-03 3.158333e-01
 -4.410406e-01 1.786849e-01 3.463092e-01
 -4.119894e-01 3.914017e-01 3.621786e-01
 -4.328996e-01 5.975554e-01 4.132411e-01
 -6.244372e-01 1.242820e+00 4.680763e-01
 -5.905026e-01 1.617795e+00 4.985726e-01
 -4.241430e-01 1.954814e+00 5.642216e-01
 -1.532347e-01 2.201321e+00 6.581148e-01
 1.814538e-01 2.326176e+00 7.693558e-01
 5.293165e-01 2.316657e+00 8.847804e-01
 8.524816e-01 2.181728e+00 9.700509e-01
 1.117954e+00 1.936841e+00 1.012257e+00
 1.286762e+00 1.611905e+00 1.018302e+00
 1.332708e+00 1.250241e+00 9.998865e-01
 1.250057e+00 9.020500e-01 9.675891e-01
 1.050013e+00 6.077521e-01 9.354016e-01
 7.926206e-01 4.301740e-01 9.244107e-01
 4.651130e-01 3.209927e-01 9.995292e-01
 -8.329625e-02 2.320002e-01 1.318343e+00
 -5.154567e-01 2.315934e-01 1.372484e+00
 -9.315168e-01 2.598870e-01 1.244231e+00
 -1.252862e+00 3.118940e-01 9.582794e-01
 -1.424082e+00 3.780337e-01 5.647900e-01
 -1.412777e+00 4.463776e-01 1.375017e-01
 -1.237483e+00 5.009864e-01 -2.248273e-01
 -9.970971e-01 4.705870e-01 -4.607255e-01
 -4.443388e-01 1.325412e-01 -7.869926e-01
 -2.391671e-01 6.562323e-02 -8.902801e-01
 9.833334e-02 5.943574e-02 -1.082285e+00
 3.398996e-01 -3.902741e-02 -1.277534e+00
 5.278010e-01 -2.433925e-01 -1.456576e+00
 6.548359e-01 -5.256790e-01 -1.591376e+00
 7.257044e-01 -8.521197e-01 -1.632033e+00
 7.419184e-01 -1.181359e+00 -1.571804e+00
 7.070071e-01 -1.477905e+00 -1.412088e+00
 6.094391e-01 -1.726564e+00 -1.154295e+00
 4.711693e-01 -1.861429e+00 -8.750778e-01
 2.996556e-01 -1.888053e+00 -5.818206e-01
 -2.231244e-01 -1.640090e+00 2.097559e-01
 -2.861763e-01 -1.569121e+00 3.347553e-01
 -4.218466e-01 -1.374143e+00 5.048168e-01
 -6.828371e-01 -1.248550e+00 6.607023e-01
 -9.431252e-01 -1.146935e+00 6.961398e-01
 -1.230910e+00 -9.932486e-01 6.207473e-01
 -1.488233e+00 -8.034315e-01 4.243484e-01
 -1.643459e+00 -6.479870e-01 1.713172e-01
 -1.706148e+00 -5.333736e-01 -1.102718e-01
 -1.593553e+00 -1.656943e-01 -1.018152e+00
 -1.410043e+00 1.445775e-01 -1.377233e+00
 -1.108265e+00 4.873314e-01 -1.557254e+00
 -7.947357e-01 7.224757e-01 -1.553121e+00
 -4.698134e-01 7.946655e-01 -1.545728e+00
 -2.856371e-01 8.477974e-01 -1.575668e+00
 3.560386e-02 9.894731e-01 -1.524939e+00
 3.535354e-01 1.201775e+00 -1.370351e+00
 5.907182e-01 1.417756e+00 -1.121992e+00
 7.155550e-01 1.556983e+00 -8.486117e-01
 7.660544e-01 1.636053e+00 -5.336554e-01
 7.428877e-01 1.644488e+00 -2.087042e-01
 6.524984e-01 1.578193e+00 1.002593e-01
 4.325984e-01 1.372169e+00 5.010864e-01
 3.603150e-01 1.319794e+00 7.108642e-01
 3.057031e-01 1.323224e+00 9.215300e-01
 3.139822e-01 1.321340e+00 1.115964e+00
