 3.717843e-01 -3.812609e-01 -1.508985e-01
 6.195689e-01 -4.573696e-01 -1.170378e-01
 8.635914e-01 -6.245561e-01 -4.681561e-02
 1.158586e+00 -8.540514e-01 2.462873e-01
 1.277008e+00 -1.002324e+00 5.821042e-01
 1.258178e+00 -1.062530e+00 9.556645e-01
 1.138284e+00 -1.026360e+00 1.310804e+00
 9.084270e-01 -8.823803e-01 1.644004e+00
 6.267745e-01 -6.868928e-01 1.832554e+00
 3.167327e-01 -4.523131e-01 1.878785e+00
 2.601505e-02 -2.163425e-01 1.776483e+00
 -3.162274e-01 1.432495e-01 1.409797e+00
 -4.537533e-01 4.160440e-01 1.269167e+00
 -5.482837e-01 6.921737e-01 1.241725e+00
 -5.236263e-01 1.011372e+00 1.228374e+00
 -4.288407e-01 1.274041e+00 1.140210e+00
 -2.873278e-01 1.501115e+00 9.483287e-01
 -1.395358e-01 1.629761e+00 7.201131e-01
 2.099867e-02 1.678616e+00 4.188021e-01
 1.606683e-01 1.625403e+00 1.230007e-01
 3.626818e-01 1.383490e+00 -2.999740e-01
 5.411909e-01 1.262548e+00 -4.924042e-01
 7.493992e-01 1.188961e+00 -6.292333e-01
 9.943622e-01 1.171655e+00 -7.345139e-01
 1.336419e+00 1.188608e+00 -7.529773e-01
 1.660081e+00 1.159220e+00 -6.505648e-01
 1.946422e+00 1.029894e+00 -4.380399e-01
 2.123901e+00 8.207060e-01 -1.725536e-01
 2.170484e+00 5.676546e-01 1.364000e-01
 2.071814e+00 3.388180e-01 4.282870e-01
 1.845045e+00 1.476059e-01 6.717484e-01
 1.525092e+00 2.382282e-02 8.340892e-01
 9.498663e-01 -7.989607e-02 9.030354e-01
 5.416915e-01 -2.911977e-01 8.821293e-01
 3.630215e-01 -5.127612e-01 8.569379e-01
 2.696732e-01 -8.681856e-01 7.785727e-01
 2.681422e-01 -1.180008e+00 6.526862e-01
 4.679729e-01 -1.807823e+00 3.313099e-01
 5.106850e-01 -2.041213e+00 1.166987e-01
 5.006619e-01 -2.212945e+00 -1.496353e-01
 4.445931e-01 -2.306868e+00 -4.453776e-01
 3.532326e-01 -2.313783e+00 -7.450565e-01
 2.402052e-01 -2.232903e+00 -1.023868e+00
 1.205481e-01 -2.071122e+00 -1.259687e+00
 -1.346668e-02 -1.789493e+00 -1.475585e+00
 -1.109363e-01 -1.459440e+00 -1.616412e+00
 -1.530241e-01 -1.101347e+00 -1.684303e+00
 -1.833151e-01 -5.399140e-01 -1.674172e+00
 -2.838094e-01 -2.545708e-01 -1.657198e+00
 -4.681149e-01 2.966954e-02 -1.539175e+00
 -6.779002e-01 2.302050e-01 -1.327355e+00
 -8.681355e-01 3.316216e-01 -1.034967e+00
 -1.014674e+00 3.171140e-01 -7.032343e-01
 -1.093184e+00 1.958927e-01 -3.882907e-01
 -1.065811e+00 2.934831e-02 -1.120368e-01
 -7.209240e-01 -2.171308e-01 3.430909e-01
 -6.441818e-01 -4.263700e-01 6.330431e-01
 -7.077646e-01 -6.409001e-01 9.019021e-01
 -8.830837e-01 -8.112574e-01 1.145420e+00
 -1.144792e+00 -8.977272e-01 1.360331e+00
 -1.453798e+00 -8.916807e-01 1.515628e+00
 -1.791173e+00 -7.843811e-01 1.605679e+00
 -2.077110e+00 -6.000277e-01 1.610078e+00
 -2.296748e+00 -3.357114e-01 1.552609e+00
 -2.412807e+00 -2.462799e-02 1.454332e+00
 -2.418051e+00 2.963004e-01 1.307017e+00
 -2.314809e+00 5.783072e-01 1.118362e+00
 -2.113794e+00 7.878707e-01 9.151268e-01
 -1.837436e+00 9.017942e-01 7.250516e-01
 -8.063634e-01 9.328186e-01 2.593643e-01
 -5.866649e-01 8.637253e-01 2.198764e-01
 -2.927337e-01 7.150327e-01 2.627607e-01
 -1.794068e-02 6.529171e-01 3.772835e-01
 2.271373e-01 6.902178e-01 5.580529e-01
 4.111620e-01 7.665890e-01 8.585672e-01
 4.827378e-01 8.113731e-01 1.204153e+00
 4.242578e-01 8.467035e-01 1.568167e+00
 2.579545e-01 8.612641e-01 1.867771e+00
 1.115869e-02 8.461467e-01 2.086852e+00
 -3.179287e-01 7.568482e-01 2.234368e+00
 -6.500631e-01 6.206646e-01 2.258840e+00
 -9.672546e-01 4.703851e-01 2.154981e+00
 -1.224529e+00 3.289670e-01 1.934560e+00
 -1.384335e+00 2.129305e-01 1.630059e+00
 -1.439350e+00 4.507015e-02 1.104008e+00
 -1.577648e+00 -9.574122e-02 8.743094e-01
 -1.664791e+00 -2.558147e-01 7.458309e-01
 -1.690844e+00 -4.589754e-01 6.219592e-01
 -1.634745e+00 -6.862181e-01 4.689963e-01
 -1.491991e+00 -9.004987e-01 3.012439e-01
 -1.307114e+00 -1.052316e+00 1.746461e-01
 -5.460623e-01 -1.402025e+00 -1.354763e-01
 -3.112512e-01 -1.451849e+00 -2.686559e-01
 -1.088744e-01 -1.436313e+00 -4.132916e-01
 2.744738e-01 -1.292775e+00 -6.278132e-01
 5.145407e-01 -1.077248e+00 -9.149349e-01
 6.341295e-01 -7.762041e-01 -1.083340e+00
 6.566796e-01 -3.990256e-01 -1.137456e+00
 5.645030e-01 -9.456908e-02 -1.142085e+00
 5.280449e-01 1.001616e-01 -1.182551e+00
 4.271542e-01 9.122014e-01 -1.554141e+00
 4.408406e-01 1.247900e+00 -1.598454e+00
 4.997243e-01 1.580626e+00 -1.537457e+00
 5.999590e-01 1.872064e+00 -1.373899e+00
 7.326474e-01 2.085070e+00 -1.122633e+00
 8.838729e-01 2.188504e+00 -8.108175e-01
 1.035220e+00 2.162996e+00 -4.778779e-01
 1.165722e+00 1.997466e+00 -1.426825e-01
 1.231947e+00 1.751636e+00 9.389096e-02
 1.233916e+00 1.428177e+00 2.430522e-01
 1.207448e+00 1.045841e+00 2.718070e-01
 1.167423e+00 7.415371e-01 1.773647e-01
 1.143146e+00 5.845377e-01 7.632557e-02
 1.196226e+00 3.788808e-01 -1.257758e-01
 1.332293e+00 1.971206e-01 -4.738694e-01
 1.517045e+00 1.525739e-01 -9.179129e-01
 1.548397e+00 1.377709e-01 -1.188903e+00
 1.504051e+00 9.892530e-02 -1.469245e+00
 1.385351e+00 4.127917e-02 -1.723500e+00
 1.192143e+00 -3.017252e-02 -1.940952e+00
 1.526931e-01 -3.060137e-01 -2.601396e+00
 -1.388058e-01 -3.891823e-01 -2.676598e+00
 -4.403472e-01 -4.814580e-01 -2.655523e+00
 -7.240845e-01 -5.731078e-01 -2.535957e+00
 -9.610572e-01 -6.535010e-01 -2.324288e+00
 -1.123178e+00 -7.117264e-01 -2.037925e+00
 -1.187777e+00 -7.395199e-01 -1.705550e+00
 -1.140229e+00 -7.406157e-01 -1.366700e+00
 -9.807092e-01 -7.229453e-01 -1.060167e+00
 -7.371300e-01 -6.641173e-01 -8.260508e-01
 -5.463208e-01 -5.878205e-01 -7.331601e-01
 -2.681357e-01 -4.173926e-01 -6.078353e-01
 2.689459e-02 -3.429947e-01 -3.186237e-01
