 9.692932e-01 2.203435e+00 -2.324686e-01
 6.079612e-01 2.115399e+00 -5.066313e-01
 2.966638e-01 1.813854e+00 -7.377229e-01
 1.132425e-01 1.381278e+00 -8.366087e-01
 8.259337e-02 9.119914e-01 -7.801643e-01
 2.017288e-01 3.575088e-01 -4.635478e-01
 2.176596e-01 1.131136e-01 -3.455178e-01
 2.785678e-01 -1.979275e-01 -3.390219e-01
 2.985657e-01 -5.471954e-01 -4.451233e-01
 1.633764e-01 -8.925794e-01 -6.582691e-01
 -1.296104e-01 -1.127700e+00 -9.118095e-01
 -1.232715e+00 -1.330344e+00 -1.578130e+00
 -1.553674e+00 -1.326449e+00 -1.662569e+00
 -1.876637e+00 -1.268612e+00 -1.653671e+00
 -2.167242e+00 -1.160096e+00 -1.557963e+00
 -2.397172e+00 -1.015894e+00 -1.387200e+00
 -2.545386e+00 -8.476272e-01 -1.164436e+00
 -2.600304e+00 -6.671516e-01 -9.177714e-01
 -2.560942e+00 -4.897546e-01 -6.708986e-01
 -2.434923e+00 -3.277368e-01 -4.495976e-01
 -2.224426e+00 -1.750172e-01 -2.673911e-01
 -1.967301e+00 -3.783007e-02 -1.641960e-01
 -1.719829e+00 8.712857e-02 -1.474702e-01
 -1.450769e+00 2.549970e-01 -2.135298e-01
 -1.132773e+00 5.086233e-01 -2.239684e-01
 -7.441163e-01 7.014808e-01 -6.447011e-02
 -3.907215e-01 7.857948e-01 2.452574e-01
 3.282178e-02 5.941124e-01 5.626441e-01
 2.603301e-01 5.781369e-01 7.997281e-01
 7.454961e-01 7.848380e-01 1.417818e+00
 1.029558e+00 8.673210e-01 1.593401e+00
 1.363727e+00 9.225256e-01 1.666180e+00
 1.709389e+00 9.429589e-01 1.625811e+00
 2.067949e+00 9.340737e-01 1.451943e+00
 2.320199e+00 8.868594e-01 1.183094e+00
 2.450273e+00 8.081671e-01 8.480536e-01
 2.442038e+00 6.982308e-01 4.829327e-01
 2.281958e+00 5.467931e-01 1.229324e-01
 1.996869e+00 4.114186e-01 -1.310303e-01
 1.585275e+00 3.092842e-01 -2.705592e-01
 1.425225e+00 2.650605e-01 -3.641588e-01
 1.320228e+00 2.295549e-01 -4.568407e-01
 1.202008e+00 1.760098e-01 -6.189533e-01
 1.090082e+00 1.034968e-01 -8.714075e-01
 9.786072e-01 4.867810e-02 -1.026881e+00
 8.354990e-01 -7.216852e-06 -1.158885e+00
 6.696307e-01 -3.860627e-02 -1.260569e+00
 4.902976e-01 -6.660894e-02 -1.327433e+00
 3.032705e-01 -9.208717e-02 -1.356497e+00
 1.145624e-01 -1.141888e-01 -1.347368e+00
 -7.204808e-02 -1.259442e-01 -1.301799e+00
 -2.352377e-01 -1.376548e-01 -1.224616e+00
 -3.988077e-01 -1.554066e-01 -1.103918e+00
 -5.186478e-01 -1.799885e-01 -9.743075e-01
 -6.041754e-01 -2.190100e-01 -8.419130e-01
 -6.795751e-01 -2.965126e-01 -6.497916e-01
 -7.170479e-01 -4.029721e-01 -4.623530e-01
 -7.774344e-01 -4.858310e-01 -3.101770e-01
 -8.641215e-01 -5.569084e-01 -1.606262e-01
 -9.682711e-01 -6.085754e-01 -4.227566e-02
 -1.056802e+00 -6.424331e-01 7.083760e-02
 -1.303937e+00 -7.090518e-01 3.599370e-01
 -1.412148e+00 -7.505968e-01 6.193421e-01
 -1.473149e+00 -7.207896e-01 9.334020e-01
 -1.470387e+00 -6.156255e-01 1.234682e+00
 -1.408800e+00 -4.446996e-01 1.493396e+00
 -1.298911e+00 -2.234944e-01 1.685913e+00
 -1.155239e+00 2.851396e-02 1.795916e+00
 -9.945752e-01 2.901053e-01 1.815346e+00
 -8.341956e-01 5.404977e-01 1.744148e+00
 -2.600278e-01 1.388324e+00 1.141416e+00
 -8.506639e-02 1.525498e+00 9.722777e-01
 1.069390e-01 1.590327e+00 7.811491e-01
 2.942646e-01 1.579173e+00 5.671769e-01
 4.616292e-01 1.489833e+00 3.518592e-01
 6.753251e-01 1.231289e+00 3.196138e-02
 8.435982e-01 1.169783e+00 -1.417002e-01
 9.687353e-01 1.170423e+00 -2.913339e-01
 1.174166e+00 1.231191e+00 -5.504059e-01
 1.397508e+00 1.187476e+00 -7.880020e-01
 1.618929e+00 1.044701e+00 -9.854956e-01
 1.817402e+00 8.148578e-01 -1.123690e+00
 1.973924e+00 5.175996e-01 -1.189099e+00
 2.060421e+00 2.211447e-01 -1.169928e+00
 2.079165e+00 -7.137177e-02 -1.075717e+00
 2.020299e+00 -3.612941e-01 -9.009619e-01
 1.892214e+00 -5.820772e-01 -6.751979e-01
 1.710674e+00 -7.084432e-01 -4.251715e-01
 1.492127e+00 -7.311026e-01 -1.729969e-01
 1.264828e+00 -6.488258e-01 4.894640e-02
 1.031728e+00 -4.304952e-01 2.819127e-01
 8.105653e-01 -3.012439e-01 5.685641e-01
 7.211400e-01 -3.123854e-01 9.076152e-01
 6.349431e-01 -4.053520e-01 1.141428e+00
 4.952325e-01 -5.760103e-01 1.332121e+00
 3.161736e-01 -7.757407e-01 1.444660e+00
 1.041059e-01 -9.807211e-01 1.473843e+00
 -1.226031e-01 -1.170123e+00 1.418930e+00
 -3.691561e-01 -1.343468e+00 1.269789e+00
 -5.465707e-01 -1.456524e+00 1.077310e+00
 -1.007243e+00 -1.673638e+00 2.614972e-01
 -1.158534e+00 -1.664834e+00 1.404144e-02
 -1.314708e+00 -1.580069e+00 -2.224980e-01
 -1.459840e+00 -1.418776e+00 -4.354671e-01
 -1.577127e+00 -1.183226e+00 -6.125770e-01
 -1.627309e+00 -9.511274e-01 -7.189296e-01
 -1.600956e+00 -7.792371e-01 -8.052514e-01
 -1.584670e+00 -6.861348e-01 -8.773106e-01
 -1.603715e+00 -4.232567e-01 -1.054596e+00
 -1.743691e+00 -4.667167e-02 -1.171773e+00
 -1.935374e+00 3.479623e-01 -1.123820e+00
 -2.076904e+00 6.849133e-01 -9.147944e-01
 -2.134101e+00 9.373284e-01 -5.774208e-01
 -2.092864e+00 1.059538e+00 -1.699511e-01
 -1.957245e+00 1.029623e+00 2.355329e-01
 -1.738613e+00 8.506003e-01 5.753436e-01
 -1.480314e+00 5.898588e-01 7.627276e-01
 -6.473847e-01 -9.697171e-02 8.418562e-01
 -4.518454e-01 -2.637856e-01 7.863972e-01
 -2.748854e-01 -4.498876e-01 6.783188e-01
 -7.711884e-02 -7.882225e-01 4.663752e-01
 7.992928e-02 -9.850603e-01 4.306546e-01
 2.866087e-01 -1.167966e+00 4.874152e-01
 5.902878e-01 -1.303951e+00 6.200524e-01
 8.968877e-01 -1.321514e+00 7.677180e-01
 1.177711e+00 -1.230490e+00 9.027906e-01
 1.403746e+00 -1.060820e+00 9.957030e-01
 1.600408e+00 -8.019616e-01 1.040994e+00
 1.711965e+00 -5.079988e-01 1.042031e+00
 1.737203e+00 -1.925562e-01 9.991057e-01
 1.672956e+00 1.143210e-01 9.132752e-01
 1.456927e+00 5.016418e-01 7.383558e-01
 1.427879e+00 7.686832e-01 6.533686e-01
 1.549987e+00 1.345695e+00 5.856962e-01
 1.502685e+00 1.760921e+00 3.824167e-01
 1.293757e+00 2.078293e+00 7.125408e-02
