 1.214199e+00 1.966824e+00 1.038922e-01
 9.182753e-01 1.902776e+00 2.747464e-01
 6.009816e-01 1.800130e+00 3.360877e-01
 2.725688e-01 1.698160e+00 2.797661e-01
 4.143090e-02 1.653403e+00 1.509391e-01
 -1.106372e-01 1.674658e+00 7.197398e-02
 -2.774572e-01 1.673391e+00 2.541547e-02
 -5.284234e-01 1.604446e+00 -2.460438e-02
 -7.640596e-01 1.478654e+00 -1.010900e-01
 -1.459320e+00 8.646043e-01 -4.554493e-01
 -1.645269e+00 5.464769e-01 -5.169265e-01
 -1.735586e+00 1.633736e-01 -4.993498e-01
 -1.703164e+00 -2.224905e-01 -4.125708e-01
 -1.545807e+00 -5.596577e-01 -2.822812e-01
 -9.523537e-01 -1.120735e+00 9.192495e-02
 -8.502852e-01 -1.359483e+00 3.204791e-01
 -8.439182e-01 -1.544342e+00 4.473920e-01
 -8.548559e-01 -1.858804e+00 5.309535e-01
 -8.673345e-01 -2.198031e+00 5.016149e-01
 -8.613258e-01 -2.522241e+00 3.533974e-01
 -8.234967e-01 -2.774749e+00 1.079633e-01
 -7.482258e-01 -2.929369e+00 -2.017332e-01
 -6.420191e-01 -2.965919e+00 -5.418108e-01
 -5.222115e-01 -2.873873e+00 -8.732818e-01
 -3.979616e-01 -2.659511e+00 -1.150738e+00
 -2.837845e-01 -2.348816e+00 -1.331190e+00
 -1.844543e-01 -1.988730e+00 -1.381858e+00
 -1.094947e-01 -1.628034e+00 -1.293996e+00
 -6.829337e-02 -1.315710e+00 -1.073561e+00
 -5.443810e-02 -1.109581e+00 -7.524734e-01
 -3.173133e-02 -1.028628e+00 -3.063556e-01
 1.712020e-01 -1.254725e+00 2.615667e-01
 1.941278e-01 -1.303350e+00 5.866260e-01
 2.034396e-01 -1.228729e+00 9.347048e-01
 2.015974e-01 -1.035139e+00 1.232959e+00
 1.828582e-01 -7.416453e-01 1.447710e+00
 1.172713e-01 -4.034046e-01 1.551694e+00
 1.577723e-04 -6.197185e-02 1.537560e+00
 -1.508080e-01 2.289019e-01 1.411215e+00
 -3.095449e-01 4.743604e-01 1.155889e+00
 -3.779750e-01 6.548931e-01 1.029207e+00
 -4.148397e-01 8.063642e-01 9.696685e-01
 -4.525832e-01 1.014147e+00 9.354526e-01
 -4.799250e-01 1.221492e+00 9.413478e-01
 -4.853910e-01 1.675271e+00 1.021240e+00
 -4.375902e-01 2.020077e+00 9.726304e-01
 -3.422021e-01 2.322407e+00 8.209599e-01
 -2.133193e-01 2.546053e+00 5.837505e-01
 -6.135274e-02 2.664038e+00 2.937627e-01
 1.040572e-01 2.663623e+00 -1.141282e-02
 2.602293e-01 2.545147e+00 -2.983064e-01
 4.032894e-01 2.322647e+00 -5.285037e-01
 5.214444e-01 2.026659e+00 -6.653390e-01
 6.235408e-01 1.687557e+00 -6.884949e-01
 7.226003e-01 1.392948e+00 -5.938956e-01
 8.968343e-01 1.141546e+00 -4.257882e-01
 1.026615e+00 9.569594e-01 -3.697596e-01
 1.075684e+00 8.494108e-01 -3.490573e-01
 1.103799e+00 7.286129e-01 -3.323756e-01
 1.109998e+00 6.011313e-01 -3.200313e-01
 1.083998e+00 4.034437e-01 -3.028133e-01
 1.051007e+00 2.470933e-01 -3.069264e-01
 9.802572e-01 -8.532547e-03 -3.449916e-01
 9.097307e-01 -2.234259e-01 -3.982949e-01
 8.781130e-01 -3.953779e-01 -4.189192e-01
 8.831319e-01 -5.956154e-01 -4.451704e-01
 9.663802e-01 -9.563807e-01 -4.952715e-01
 9.495735e-01 -1.260630e+00 -5.198459e-01
 8.510861e-01 -1.540803e+00 -5.268078e-01
 6.809941e-01 -1.777936e+00 -5.152418e-01
 4.564881e-01 -1.957778e+00 -4.754193e-01
 1.948546e-01 -2.061464e+00 -4.208486e-01
 -6.386775e-02 -2.077150e+00 -3.712785e-01
 -3.252258e-01 -2.015146e+00 -3.564202e-01
 -5.266380e-01 -1.953492e+00 -4.238735e-01
 -7.946126e-01 -1.951906e+00 -5.079268e-01
 -1.163032e+00 -1.970647e+00 -4.578462e-01
 -1.522571e+00 -1.909318e+00 -2.533038e-01
 -1.772175e+00 -1.754630e+00 5.490022e-02
 -1.865206e+00 -1.521084e+00 4.079880e-01
 -1.792179e+00 -1.228641e+00 7.103764e-01
 -1.574394e+00 -9.259463e-01 9.105545e-01
 -1.235985e+00 -6.819080e-01 9.954757e-01
 -8.651663e-01 -5.488051e-01 9.513290e-01
 -2.574064e-01 -3.880023e-01 5.932758e-01
 8.887150e-02 -2.572828e-01 5.244394e-01
 1.030179e+00 -4.133533e-01 6.051503e-01
 1.446925e+00 -5.101001e-01 4.348309e-01
 1.768371e+00 -5.310989e-01 8.355738e-02
 1.905775e+00 -4.806952e-01 -3.642020e-01
 1.827733e+00 -4.220327e-01 -8.198534e-01
 9.887019e-01 -1.921097e-01 -1.973030e+00
 4.794281e-01 1.594540e-01 -2.208443e+00
 2.105903e-02 5.836925e-01 -2.059818e+00
 -2.612767e-01 9.051389e-01 -1.580935e+00
 -2.817961e-01 9.873731e-01 -9.444812e-01
 1.004256e-01 6.380549e-01 4.652647e-03
 4.859640e-01 7.326922e-01 5.064093e-01
 5.955265e-01 8.880653e-01 8.096295e-01
 5.546919e-01 1.047018e+00 1.198755e+00
 3.486653e-01 1.155685e+00 1.557771e+00
 3.087573e-02 1.175544e+00 1.825959e+00
 -3.372914e-01 1.120900e+00 1.949554e+00
 -7.389450e-01 1.014665e+00 1.919787e+00
 -1.082358e+00 8.623340e-01 1.743269e+00
 -1.309544e+00 6.964494e-01 1.452918e+00
 -1.393613e+00 5.381268e-01 1.093245e+00
 -1.324550e+00 4.128799e-01 7.230049e-01
 -8.934794e-01 2.095490e-01 8.004958e-02
 -5.294228e-01 -1.564152e-01 -5.702567e-01
 8.810252e-02 -7.728868e-02 -1.067569e+00
 6.366413e-01 4.356617e-01 -1.200515e+00
 1.005455e+00 7.554573e-01 -1.368105e+00
 1.291276e+00 9.843602e-01 -1.359599e+00
 1.520221e+00 1.235536e+00 -1.236127e+00
 1.660342e+00 1.486671e+00 -1.020431e+00
 1.695456e+00 1.706492e+00 -7.424653e-01
 1.623706e+00 1.869847e+00 -4.379382e-01
 1.455965e+00 1.959341e+00 -1.441674e-01
