 -2.257363e+00 -7.580515e-01 -1.077149e+00
 -2.052636e+00 -1.061389e+00 -9.520205e-01
 -1.762890e+00 -1.253821e+00 -7.789351e-01
 -1.426728e+00 -1.307841e+00 -5.844212e-01
 -3.349705e-01 -1.008792e+00 -3.611712e-03
 9.927226e-02 -7.344268e-01 1.548630e-01
 4.233393e-01 -5.911948e-01 1.252547e-01
 7.794323e-01 -5.665044e-01 5.799851e-02
 1.130729e+00 -6.884726e-01 -6.925567e-02
 1.395496e+00 -8.993477e-01 -3.113600e-01
 1.507198e+00 -1.150965e+00 -6.149004e-01
 1.452643e+00 -1.392214e+00 -9.462678e-01
 1.244645e+00 -1.569299e+00 -1.258433e+00
 9.266042e-01 -1.652160e+00 -1.493100e+00
 5.527966e-01 -1.623027e+00 -1.630382e+00
 1.814987e-01 -1.490232e+00 -1.652806e+00
 -1.339994e-01 -1.283219e+00 -1.555132e+00
 -3.426448e-01 -1.016081e+00 -1.370786e+00
 -4.198682e-01 -7.325953e-01 -1.129268e+00
 -3.661886e-01 -4.935821e-01 -9.193165e-01
 -2.608777e-01 -3.349750e-01 -7.610560e-01
 -9.737161e-02 -1.703275e-01 -6.553527e-01
 1.411535e-01 1.585575e-02 -6.254594e-01
 4.495504e-01 1.315961e-01 -6.002634e-01
 6.016340e-01 2.256061e-01 -5.284992e-01
 7.567872e-01 3.897401e-01 -3.957941e-01
 8.476718e-01 5.678558e-01 -2.861567e-01
 8.825587e-01 7.753191e-01 -1.725932e-01
 8.482268e-01 1.057664e+00 -4.746644e-02
 7.324351e-01 1.452003e+00 -5.065393e-02
 5.277081e-01 1.768966e+00 -1.562521e-01
 2.536169e-01 1.982058e+00 -3.477456e-01
 -4.438227e-02 2.059574e+00 -6.067451e-01
 -3.221005e-01 1.986456e+00 -8.870058e-01
 -1.028102e+00 1.285419e+00 -1.730632e+00
 -1.193515e+00 1.027530e+00 -1.869968e+00
 -1.310847e+00 7.226040e-01 -1.922185e+00
 -1.378671e+00 3.998094e-01 -1.878006e+00
 -1.387372e+00 1.027067e-01 -1.739751e+00
 -1.360278e+00 -1.422686e-01 -1.506217e+00
 -1.337142e+00 -2.852569e-01 -1.214994e+00
 -1.353706e+00 -3.171356e-01 -8.972116e-01
 -1.442983e+00 -2.882858e-01 -6.332282e-01
 -1.752029e+00 -3.081727e-01 -2.697714e-01
 -1.899870e+00 -2.181104e-01 1.270483e-01
 -1.880256e+00 -5.196380e-02 5.274569e-01
 -1.684393e+00 1.580313e-01 8.761245e-01
 -1.371331e+00 3.485106e-01 1.078357e+00
 -1.007076e+00 5.166733e-01 1.103878e+00
 -8.120107e-01 6.751817e-01 1.016828e+00
 -6.461533e-01 8.796722e-01 9.680149e-01
 -2.509860e-01 1.121793e+00 1.039526e+00
 2.902257e-01 1.120844e+00 1.060494e+00
 7.793546e-01 8.418975e-01 9.646310e-01
 1.111705e+00 2.686551e-01 6.762312e-01
 1.307572e+00 7.234615e-02 6.334330e-01
 1.536146e+00 -1.714399e-01 6.947984e-01
 1.699256e+00 -4.196738e-01 8.578291e-01
 1.770675e+00 -6.615950e-01 1.089053e+00
 1.727834e+00 -8.844500e-01 1.347730e+00
 1.579203e+00 -1.060115e+00 1.603561e+00
 1.341701e+00 -1.178572e+00 1.809811e+00
 1.035693e+00 -1.241244e+00 1.941132e+00
 6.978650e-01 -1.252664e+00 1.975363e+00
 3.661896e-01 -1.212113e+00 1.907928e+00
 7.722775e-02 -1.117114e+00 1.748327e+00
 -6.356314e-01 -6.512231e-01 9.630239e-01
 -8.156826e-01 -4.030509e-01 6.489195e-01
 -8.622593e-01 -2.180362e-01 3.874372e-01
 -8.960423e-01 4.310834e-02 2.028652e-01
 -1.041250e+00 3.687064e-01 7.885234e-02
 -1.234443e+00 6.500146e-01 9.190119e-02
 -1.402289e+00 9.383975e-01 2.331108e-01
 -1.519716e+00 1.174676e+00 4.823044e-01
 -1.557702e+00 1.340179e+00 8.108999e-01
 -1.500549e+00 1.416696e+00 1.168035e+00
 -1.351361e+00 1.395759e+00 1.507268e+00
 -1.128936e+00 1.277614e+00 1.783103e+00
 -8.612652e-01 1.076498e+00 1.956608e+00
 -5.845418e-01 8.177561e-01 2.001344e+00
 -3.359923e-01 5.447737e-01 1.907306e+00
 -1.333370e-01 3.130383e-01 1.684266e+00
 -6.215373e-03 1.553136e-01 1.360430e+00
 3.201292e-02 1.037209e-01 9.957985e-01
 2.805629e-02 1.760773e-01 6.389247e-01
 4.004378e-02 3.933775e-01 3.564315e-01
 -1.376974e-01 8.024155e-01 -1.503097e-02
 -1.258078e-01 9.886324e-01 -4.162529e-01
 9.663751e-02 1.063457e+00 -7.771337e-01
 3.862374e-01 1.154948e+00 -9.786272e-01
 7.311905e-01 1.250150e+00 -1.062884e+00
 1.088433e+00 1.311280e+00 -1.020261e+00
 1.417222e+00 1.321935e+00 -8.611098e-01
 1.675003e+00 1.281370e+00 -6.060573e-01
 1.828676e+00 1.199386e+00 -2.863707e-01
 1.933722e+00 8.217996e-01 9.052743e-01
 1.914094e+00 7.337582e-01 1.101380e+00
 1.852503e+00 6.180704e-01 1.289433e+00
 1.741830e+00 4.854645e-01 1.455947e+00
 1.592064e+00 3.332735e-01 1.580392e+00
 1.412860e+00 1.704071e-01 1.648114e+00
 1.212433e+00 -2.653936e-03 1.651525e+00
 1.013165e+00 -1.817968e-01 1.579220e+00
 8.521450e-01 -3.647528e-01 1.435337e+00
 7.642291e-01 -5.443148e-01 1.248460e+00
 7.541473e-01 -7.302060e-01 1.091720e+00
 7.674722e-01 -1.058118e+00 9.654153e-01
 7.582973e-01 -1.284341e+00 7.974485e-01
 7.349266e-01 -1.456269e+00 5.740168e-01
 6.995717e-01 -1.559709e+00 3.120545e-01
 6.472545e-01 -1.587689e+00 1.636649e-02
 5.847232e-01 -1.536213e+00 -2.502379e-01
 5.233744e-01 -1.418701e+00 -4.771960e-01
 4.789751e-01 -1.211733e+00 -6.808258e-01
 4.945511e-01 -1.053376e+00 -7.858121e-01
 5.451572e-01 -9.281823e-01 -8.751252e-01
 6.092916e-01 -7.885893e-01 -1.037695e+00
 6.008232e-01 -6.350821e-01 -1.260956e+00
 5.120005e-01 -4.511916e-01 -1.451185e+00
 3.361176e-01 -2.010363e-01 -1.598450e+00
 1.040436e-01 3.731555e-02 -1.645904e+00
 -1.542615e-01 2.657417e-01 -1.579646e+00
 -3.988941e-01 4.297794e-01 -1.424238e+00
 -8.339085e-01 5.805914e-01 -1.004776e+00
 -1.164309e+00 6.832058e-01 -9.071814e-01
 -1.518950e+00 6.955092e-01 -9.094270e-01
 -1.867755e+00 5.788632e-01 -9.692432e-01
 -2.152760e+00 3.219068e-01 -1.051676e+00
 -2.322699e+00 -2.153332e-02 -1.109897e+00
 -2.355931e+00 -3.928455e-01 -1.123253e+00
