 8.495035e-02 5.271950e-01 -8.466305e-01
 -3.126503e-02 2.989517e-01 -8.180076e-01
 -1.210152e-01 -1.217775e-01 -7.784550e-01
 -1.825185e-02 -5.505000e-01 -5.869134e-01
 5.842659e-02 -8.343384e-01 -2.035410e-01
 -6.280520e-02 -1.380449e+00 1.136785e-01
 -2.884384e-02 -1.663216e+00 4.349764e-01
 6.087265e-02 -1.794820e+00 8.329700e-01
 2.076768e-01 -1.757560e+00 1.221982e+00
 4.227451e-01 -1.574929e+00 1.530163e+00
 6.836059e-01 -1.265026e+00 1.712452e+00
 9.193933e-01 -9.144593e-01 1.721839e+00
 1.091383e+00 -5.589736e-01 1.569810e+00
 1.275089e+00 2.211580e-01 8.412289e-01
 1.238134e+00 4.345858e-01 6.580440e-01
 1.137698e+00 6.931235e-01 5.251983e-01
 9.502229e-01 8.966404e-01 4.052887e-01
 6.542883e-01 1.041726e+00 2.483542e-01
 3.084702e-01 1.073538e+00 1.301637e-01
 -3.271869e-01 9.051905e-01 -8.691890e-03
 -6.290154e-01 7.606665e-01 -1.422595e-01
 -8.346961e-01 6.140150e-01 -2.960878e-01
 -9.566436e-01 4.311116e-01 -4.392525e-01
 -1.118005e+00 1.074371e-01 -7.088403e-01
 -1.379882e+00 -4.457608e-02 -1.037052e+00
 -1.717225e+00 7.048076e-03 -1.355259e+00
 -2.093707e+00 2.347195e-01 -1.546126e+00
 -2.425483e+00 5.686266e-01 -1.551984e+00
 -2.655050e+00 9.352094e-01 -1.370718e+00
 -2.730911e+00 1.263560e+00 -1.041531e+00
 -2.637980e+00 1.481417e+00 -6.283027e-01
 -2.413949e+00 1.523788e+00 -2.142459e-01
 -2.116868e+00 1.381011e+00 1.170058e-01
 -1.814122e+00 1.074916e+00 3.055872e-01
 -1.626809e+00 6.772047e-01 3.276835e-01
 -1.632108e+00 3.513636e-01 2.981659e-01
 -1.689175e+00 1.135105e-01 3.305752e-01
 -1.729661e+00 -1.913390e-01 5.062854e-01
 -1.653000e+00 -4.286464e-01 7.090886e-01
 -1.422721e+00 -6.543779e-01 9.137055e-01
 -1.076775e+00 -8.283401e-01 1.033889e+00
 -6.894965e-01 -8.892220e-01 1.062516e+00
 8.517213e-03 -7.797341e-01 9.615886e-01
 1.918403e-01 -7.811857e-01 9.171185e-01
 4.317213e-01 -8.245495e-01 8.235487e-01
 5.716239e-01 -8.996126e-01 7.577455e-01
 7.436870e-01 -1.037681e+00 7.119746e-01
 1.082059e+00 -1.421025e+00 6.758418e-01
 1.493897e+00 -1.646952e+00 4.465439e-01
 1.874748e+00 -1.643007e+00 8.935974e-02
 2.124730e+00 -1.412227e+00 -3.063311e-01
 2.199578e+00 -9.936471e-01 -6.182829e-01
 2.103664e+00 -4.985969e-01 -7.408916e-01
 1.927660e+00 -7.344415e-02 -6.202303e-01
 1.843782e+00 2.565153e-01 -2.853837e-01
 2.149633e+00 7.700018e-01 2.644781e-01
 2.110313e+00 1.009719e+00 7.606268e-01
 1.802704e+00 1.123318e+00 1.214038e+00
 1.315682e+00 1.074482e+00 1.486919e+00
 7.905944e-01 8.767581e-01 1.498845e+00
 3.834157e-01 5.891687e-01 1.246836e+00
 2.296707e-01 2.694471e-01 8.433280e-01
 3.164701e-01 4.489264e-02 3.027711e-01
 7.769766e-01 5.243241e-02 -2.590306e-01
 8.778968e-01 3.307449e-02 -4.608782e-01
 9.420796e-01 -9.613801e-02 -8.264016e-01
 7.887840e-01 -8.056152e-02 -1.352079e+00
 3.782521e-01 8.325501e-02 -1.757177e+00
 -1.434858e-01 3.382233e-01 -1.858627e+00
 -1.177811e+00 9.148940e-01 -1.359880e+00
 -1.428038e+00 9.821514e-01 -1.176461e+00
 -1.655838e+00 9.667272e-01 -9.693310e-01
 -1.806314e+00 8.800871e-01 -7.889893e-01
 -1.924224e+00 7.386534e-01 -6.615523e-01
 -2.086279e+00 6.023940e-01 -5.785615e-01
 -2.322354e+00 5.160512e-01 -4.328666e-01
 -2.547025e+00 4.750824e-01 -1.391613e-01
 -2.648319e+00 4.621874e-01 2.450214e-01
 -2.602956e+00 4.718335e-01 6.198836e-01
 -2.404276e+00 4.720830e-01 9.738805e-01
 -2.094373e+00 4.631892e-01 1.218776e+00
 -1.707468e+00 4.263291e-01 1.327133e+00
 -1.300929e+00 3.584277e-01 1.268870e+00
 -9.482889e-01 2.476468e-01 1.050144e+00
 -7.566478e-01 1.250279e-01 7.607264e-01
 -6.781192e-01 -1.262285e-01 3.631955e-01
 -9.816277e-01 -7.390987e-01 -1.479414e-01
 -9.250571e-01 -1.086983e+00 -5.070142e-01
 -6.468860e-01 -1.359987e+00 -8.081191e-01
 -2.092149e-01 -1.516246e+00 -9.697059e-01
 2.961755e-01 -1.514262e+00 -9.585849e-01
 7.520012e-01 -1.352961e+00 -7.650381e-01
 1.388295e+00 -7.266038e-01 -3.182048e-02
 1.554024e+00 -6.559549e-01 1.415783e-01
 1.823000e+00 -6.076707e-01 2.762777e-01
 2.134455e+00 -5.343531e-01 3.077843e-01
 2.432791e+00 -4.088056e-01 2.386361e-01
 2.678726e+00 -2.458982e-01 8.233147e-02
 2.830216e+00 -6.350937e-02 -1.212563e-01
 2.889972e+00 1.486477e-01 -3.349087e-01
 2.855328e+00 3.687676e-01 -5.401067e-01
 2.730096e+00 5.777374e-01 -7.236471e-01
 2.523945e+00 7.598887e-01 -8.687933e-01
 2.256424e+00 8.851894e-01 -9.726769e-01
 1.954194e+00 9.447976e-01 -1.020853e+00
 6.659992e-01 9.031324e-01 -9.711032e-01
 3.096071e-01 7.495460e-01 -9.188650e-01
