 -2.863855e-01 -7.011782e-02 -1.238620e+00
 -4.299585e-01 3.355507e-01 -1.372054e+00
 -6.478257e-01 7.647303e-01 -1.301615e+00
 -8.405606e-01 1.116501e+00 -1.005171e+00
 -9.570741e-01 1.296158e+00 -5.627218e-01
 -9.781516e-01 1.266214e+00 -7.702804e-02
 -8.791576e-01 1.046507e+00 3.515406e-01
 -6.927061e-01 7.643868e-01 5.742072e-01
 -2.094472e-01 4.273403e-01 7.259209e-01
 -5.142705e-03 2.886000e-01 8.605915e-01
 1.948812e-01 7.881793e-02 1.150239e+00
 4.132342e-01 -2.937955e-03 1.344308e+00
 7.332580e-01 -6.000111e-02 1.483527e+00
 1.065127e+00 -6.674525e-02 1.511555e+00
 1.387463e+00 -4.563701e-02 1.429045e+00
 1.668236e+00 -4.120134e-03 1.239970e+00
 1.873406e+00 3.260162e-02 9.612770e-01
 1.973286e+00 6.540328e-02 6.262795e-01
 1.952535e+00 1.060743e-01 2.683785e-01
 1.808531e+00 1.508945e-01 -6.435064e-02
 1.050668e+00 3.123124e-01 -8.537998e-01
 7.781020e-01 3.933577e-01 -9.643283e-01
 6.308066e-01 4.939860e-01 -1.040422e+00
 4.548086e-01 7.470328e-01 -1.152453e+00
 2.868982e-01 1.090826e+00 -1.125449e+00
 1.188500e-01 1.410879e+00 -9.258519e-01
 -1.293452e-02 1.642407e+00 -5.734095e-01
 -7.243505e-02 1.725102e+00 -1.930996e-01
 -7.092629e-02 1.606602e+00 6.271291e-01
 -1.156404e-01 1.427812e+00 1.139796e+00
 -1.880780e-01 1.228329e+00 1.387638e+00
 -1.827972e-01 9.566092e-01 1.591308e+00
 -1.728741e-01 6.811412e-01 1.870150e+00
 -3.638360e-01 3.512622e-01 2.179817e+00
 -6.698417e-01 7.446854e-02 2.348754e+00
 -9.821707e-01 -1.557969e-01 2.355201e+00
 -1.283970e+00 -3.605417e-01 2.215079e+00
 -1.528142e+00 -5.090367e-01 1.948536e+00
 -1.672099e+00 -5.901781e-01 1.592316e+00
 -1.685017e+00 -6.052931e-01 1.199655e+00
 -1.563537e+00 -5.562654e-01 8.314646e-01
 -1.317514e+00 -4.694262e-01 5.396919e-01
 -9.814005e-01 -4.078876e-01 3.620372e-01
 -5.601552e-01 -4.392679e-01 2.819085e-01
 -2.018729e-01 -4.206641e-01 1.702228e-01
 -9.510246e-03 -3.666416e-01 8.958202e-02
 1.556216e-01 -3.227262e-01 -5.080571e-02
 2.869902e-01 -3.097319e-01 -1.964600e-01
 4.649043e-01 -3.826200e-01 -3.605278e-01
 5.981472e-01 -5.106105e-01 -5.051575e-01
 6.497721e-01 -5.739416e-01 -5.935652e-01
 9.539762e-01 -1.234979e+00 -1.387628e+00
 9.506444e-01 -1.406545e+00 -1.703759e+00
 8.407613e-01 -1.518367e+00 -2.011061e+00
 6.447520e-01 -1.567477e+00 -2.277134e+00
 3.922713e-01 -1.554535e+00 -2.476892e+00
 1.136273e-01 -1.487032e+00 -2.597521e+00
 -1.622875e-01 -1.376891e+00 -2.635803e+00
 -4.127420e-01 -1.237610e+00 -2.596958e+00
 -6.245923e-01 -1.083443e+00 -2.488664e+00
 -7.837781e-01 -9.392491e-01 -2.325849e+00
 -1.308265e+00 -2.786737e-01 -1.290724e+00
 -1.276996e+00 -1.780775e-02 -8.787727e-01
 -1.037429e+00 1.762391e-01 -5.300707e-01
 -7.322366e-01 3.042718e-01 -3.720512e-01
 -5.186683e-01 3.806462e-01 -3.495408e-01
 -2.222871e-01 5.718700e-01 -3.448149e-01
 3.176957e-01 7.713351e-01 -1.057944e-01
 6.341257e-01 9.663899e-01 -1.424656e-01
 8.737526e-01 1.146468e+00 -2.824268e-01
 1.065608e+00 1.261437e+00 -4.849780e-01
 1.224650e+00 1.307760e+00 -7.587319e-01
 1.325373e+00 1.268880e+00 -1.069000e+00
 1.377702e+00 1.126381e+00 -1.375173e+00
 1.350249e+00 9.007773e-01 -1.645174e+00
 1.231915e+00 6.048196e-01 -1.856812e+00
 1.044876e+00 2.993659e-01 -1.950639e+00
 2.202560e-01 -6.906089e-01 -1.846413e+00
 1.399530e-01 -7.947482e-01 -1.815208e+00
 5.584501e-02 -9.244830e-01 -1.755698e+00
 -1.898596e-02 -1.083118e+00 -1.671585e+00
 -2.379915e-01 -1.430542e+00 -1.573836e+00
 -4.931198e-01 -1.663711e+00 -1.392011e+00
 -7.293661e-01 -1.807690e+00 -1.097366e+00
 -8.957960e-01 -1.844394e+00 -7.266570e-01
 -9.558675e-01 -1.777372e+00 -3.263838e-01
 -7.540648e-01 -1.291034e+00 8.400523e-01
 -7.001232e-01 -1.108867e+00 1.061880e+00
 -6.605041e-01 -8.566633e-01 1.230970e+00
 -6.617187e-01 -5.693727e-01 1.327559e+00
 -7.233945e-01 -2.794811e-01 1.359231e+00
 -8.168166e-01 -8.441152e-02 1.342759e+00
 -1.029280e+00 2.174897e-01 1.380458e+00
 -1.180122e+00 6.239411e-01 1.582940e+00
 -1.176546e+00 9.678956e-01 1.850926e+00
 -1.047694e+00 1.225662e+00 2.070692e+00
 -8.044576e-01 1.440208e+00 2.243404e+00
 -4.768591e-01 1.582755e+00 2.341884e+00
 -9.634747e-02 1.638666e+00 2.346414e+00
 2.628562e-01 1.606582e+00 2.245964e+00
 5.640218e-01 1.498661e+00 2.045646e+00
 7.629831e-01 1.332247e+00 1.769989e+00
 9.834811e-01 6.602056e-01 7.859522e-01
 9.899704e-01 3.332832e-01 5.585826e-01
 9.573996e-01 9.056747e-02 4.874240e-01
 1.006352e+00 -3.503653e-01 5.189307e-01
 9.276752e-01 -6.998508e-01 4.996688e-01
 7.615370e-01 -1.015968e+00 3.835953e-01
 5.134337e-01 -1.244929e+00 1.949727e-01
 2.527096e-01 -1.341906e+00 -3.194911e-02
 8.928321e-03 -1.311595e+00 -2.958663e-01
 -1.349176e-01 -1.199079e+00 -5.045122e-01
 -3.486684e-01 -9.284847e-01 -6.967675e-01
 -4.094900e-01 -6.302432e-01 -8.586787e-01
 -3.023337e-01 -3.249958e-01 -1.038758e+00
