 -5.731486e-01 -1.143967e+00 6.070924e-01
 -7.370585e-01 -1.112465e+00 9.094035e-01
 -8.351638e-01 -9.829276e-01 1.217707e+00
 -8.519692e-01 -7.720103e-01 1.495120e+00
 -7.833694e-01 -5.072539e-01 1.709801e+00
 -5.673310e-01 -8.835821e-02 1.899942e+00
 -1.222947e-01 6.672309e-01 2.151048e+00
 5.120945e-02 9.228704e-01 2.145730e+00
 2.336347e-01 1.157538e+00 2.048523e+00
 4.107863e-01 1.347376e+00 1.864510e+00
 5.626475e-01 1.472373e+00 1.605819e+00
 6.633526e-01 1.517989e+00 1.295355e+00
 6.908836e-01 1.481538e+00 9.634417e-01
 6.450816e-01 1.356962e+00 6.407655e-01
 5.328456e-01 1.150484e+00 3.748288e-01
 1.861204e-01 6.656136e-01 4.453743e-02
 1.051602e-01 5.105489e-01 -1.223460e-01
 6.825200e-02 1.878204e-01 -4.991102e-01
 2.592441e-02 6.427545e-02 -5.938740e-01
 -5.934403e-02 -7.222446e-02 -6.742349e-01
 -1.517351e-01 -1.849227e-01 -7.124407e-01
 -4.671717e-01 -5.300396e-01 -7.169743e-01
 -6.066024e-01 -7.601646e-01 -7.887892e-01
 -6.925516e-01 -1.009032e+00 -9.471195e-01
 -6.725543e-01 -1.278504e+00 -1.140776e+00
 -5.311966e-01 -1.542337e+00 -1.333869e+00
 -2.964802e-01 -1.756975e+00 -1.464809e+00
 -2.749192e-03 -1.902653e+00 -1.522455e+00
 3.210218e-01 -1.977753e+00 -1.499817e+00
 6.405653e-01 -1.988029e+00 -1.386852e+00
 9.107070e-01 -1.927037e+00 -1.204682e+00
 1.111710e+00 -1.805290e+00 -9.566836e-01
 1.208738e+00 -1.653029e+00 -6.772830e-01
 1.194091e+00 -1.498902e+00 -3.937598e-01
 1.083257e+00 -1.391186e+00 -1.401446e-01
 9.715175e-01 -1.378799e+00 4.280173e-02
 8.050924e-01 -1.402126e+00 5.216874e-01
 5.654851e-01 -1.140480e+00 9.551410e-01
 2.169908e-01 -7.118357e-01 1.136978e+00
 -4.232570e-02 -3.612247e-01 1.026234e+00
 -2.480027e-01 -2.158165e-01 8.727074e-01
 -3.595875e-01 -1.379181e-01 7.453035e-01
 -7.718743e-01 7.877786e-02 1.459585e-01
 -9.272182e-01 2.121173e-01 -1.694052e-01
 -9.530382e-01 2.770801e-01 -2.795229e-01
 -9.444245e-01 3.648033e-01 -4.112242e-01
 -8.052953e-01 6.548003e-01 -7.942815e-01
 -8.382183e-01 8.642296e-01 -1.061642e+00
 -1.017713e+00 1.063212e+00 -1.315405e+00
 -1.326470e+00 1.297499e+00 -1.470639e+00
 -1.695375e+00 1.499466e+00 -1.467843e+00
 -2.037670e+00 1.651415e+00 -1.306897e+00
 -2.302196e+00 1.735295e+00 -1.024772e+00
 -2.455528e+00 1.745256e+00 -6.696007e-01
 -2.484474e+00 1.681869e+00 -2.955847e-01
 -2.390935e+00 1.561214e+00 4.512740e-02
 -2.186342e+00 1.429987e+00 3.124102e-01
 -1.902449e+00 1.300857e+00 4.804487e-01
 -1.577004e+00 1.181920e+00 5.330457e-01
 -1.242046e+00 1.100547e+00 4.690352e-01
 -9.625791e-01 1.089729e+00 3.174899e-01
 -7.124201e-01 1.179203e+00 1.339341e-01
 -4.870161e-01 1.387874e+00 -1.822789e-01
 -2.934009e-01 1.440610e+00 -4.016349e-01
 -6.754796e-02 1.419725e+00 -5.869526e-01
 1.812315e-01 1.342233e+00 -7.137450e-01
 4.419859e-01 1.207096e+00 -7.799324e-01
 7.087745e-01 9.951000e-01 -7.872709e-01
 9.380734e-01 7.124713e-01 -7.396819e-01
 1.420781e+00 -6.791175e-03 -5.562340e-01
 1.557723e+00 -2.480495e-01 -4.026635e-01
 1.643592e+00 -4.489529e-01 -1.790668e-01
 1.664046e+00 -6.009964e-01 9.086619e-02
 1.621673e+00 -6.832590e-01 3.521778e-01
 1.537862e+00 -7.083165e-01 6.280423e-01
 1.406897e+00 -5.869204e-01 9.668662e-01
 1.185462e+00 -3.438602e-01 1.236494e+00
 9.453474e-01 -5.354208e-02 1.354824e+00
 6.114741e-01 3.478686e-01 1.309322e+00
 4.539023e-01 4.846635e-01 1.252671e+00
 7.723884e-02 6.896588e-01 1.158080e+00
 -6.439742e-02 8.155725e-01 1.140076e+00
 -1.992752e-01 1.006168e+00 1.116114e+00
 -4.540915e-01 1.604739e+00 1.044202e+00
 -6.557729e-01 1.891583e+00 8.829769e-01
 -8.892559e-01 2.070611e+00 6.252915e-01
 -1.118503e+00 2.111359e+00 3.052542e-01
 -1.333641e+00 1.991064e+00 -5.178994e-02
 -1.449676e+00 1.753457e+00 -3.216955e-01
 -1.497305e+00 1.457845e+00 -4.589102e-01
 -1.583737e+00 1.231559e+00 -4.821337e-01
 -1.726435e+00 1.038048e+00 -5.473137e-01
 -1.816543e+00 8.697495e-01 -6.721812e-01
 -1.842775e+00 6.413785e-01 -8.680786e-01
 -1.765723e+00 4.067766e-01 -1.078131e+00
 -1.566225e+00 1.654800e-01 -1.281416e+00
 -1.197813e+00 -4.181147e-02 -1.475020e+00
 -5.727992e-01 -3.225726e-01 -1.711744e+00
 -2.820183e-01 -4.903559e-01 -1.723976e+00
 -8.270314e-03 -6.733233e-01 -1.630806e+00
 2.042383e-01 -8.414193e-01 -1.441636e+00
 3.156863e-01 -9.783738e-01 -1.207143e+00
 3.247229e-01 -1.142187e+00 -9.145715e-01
 2.604444e-01 -1.293345e+00 -7.401165e-01
 1.876190e-01 -1.514866e+00 -5.985457e-01
 2.098744e-01 -1.818833e+00 -4.662793e-01
 3.582047e-01 -2.102789e+00 -3.221167e-01
 6.037279e-01 -2.304398e+00 -1.586264e-01
 8.987008e-01 -2.391621e+00 9.269988e-03
 1.203392e+00 -2.361672e+00 1.623773e-01
 1.483997e+00 -2.225463e+00 2.868304e-01
 2.142690e+00 -1.572425e+00 5.515729e-01
 2.414591e+00 -1.239788e+00 6.618444e-01
 2.525662e+00 -9.725132e-01 7.177800e-01
 2.557001e+00 -6.778860e-01 7.515733e-01
 2.503589e+00 -3.824237e-01 7.593397e-01
 2.369105e+00 -1.135655e-01 7.397828e-01
 2.165646e+00 1.039889e-01 6.944194e-01
 1.911847e+00 2.506251e-01 6.272015e-01
 1.606484e+00 3.200581e-01 5.322717e-01
 1.292010e+00 2.883743e-01 4.289711e-01
 1.030216e+00 1.724595e-01 3.629562e-01
 5.900386e-01 -3.390963e-01 2.221950e-01
 4.143714e-01 -5.146358e-01 1.285559e-01
 2.304040e-01 -6.540943e-01 8.838577e-02
 7.109734e-02 -7.876218e-01 1.056273e-01
 -1.147465e-01 -9.361297e-01 1.673449e-01
 -3.556249e-01 -1.082931e+00 3.510415e-01
