 -1.264714e+00 1.970061e+00 -1.422907e+00
 -1.543928e+00 2.012211e+00 -1.116882e+00
 -1.743596e+00 1.909622e+00 -7.639255e-01
 -1.820710e+00 1.687263e+00 -4.162273e-01
 -1.754382e+00 1.390510e+00 -1.285548e-01
 -1.553435e+00 1.077183e+00 5.419516e-02
 -1.256735e+00 7.931632e-01 1.025072e-01
 -9.536999e-01 5.999150e-01 1.418221e-02
 -5.942890e-01 5.052686e-01 -1.569542e-01
 -2.634630e-01 4.710447e-01 -2.969459e-01
 -2.055229e-02 4.151070e-01 -2.809752e-01
 1.942672e-01 4.179199e-01 -2.779060e-01
 6.077902e-01 5.113610e-01 -3.798433e-01
 9.577360e-01 5.980526e-01 -3.190655e-01
 1.349307e+00 5.655202e-01 -1.243899e-01
 1.637397e+00 4.069737e-01 1.678538e-01
 1.771565e+00 1.399354e-01 4.777564e-01
 1.753328e+00 -1.588737e-01 6.725913e-01
 1.735654e+00 -3.955918e-01 7.151149e-01
 1.790635e+00 -6.473649e-01 7.650663e-01
 1.854061e+00 -9.416400e-01 9.807126e-01
 1.768089e+00 -1.207669e+00 1.322871e+00
 1.513483e+00 -1.367335e+00 1.664357e+00
 1.142039e+00 -1.397271e+00 1.910107e+00
 7.017976e-01 -1.300671e+00 2.016436e+00
 3.011639e-01 -1.093168e+00 1.950747e+00
 -4.515044e-03 -8.549855e-01 1.700382e+00
 -1.583538e-01 -6.428424e-01 1.273436e+00
 -8.981357e-02 -5.022308e-01 7.385546e-01
 -2.097159e-01 -4.297057e-01 2.622842e-01
 -4.512297e-01 -5.101335e-01 -1.103677e-01
 -5.913175e-01 -6.216701e-01 -2.828588e-01
 -7.077328e-01 -8.558267e-01 -5.642341e-01
 -8.973162e-01 -9.649702e-01 -8.570140e-01
 -1.177523e+00 -9.618089e-01 -1.116021e+00
 -1.465665e+00 -8.127193e-01 -1.341617e+00
 -1.714251e+00 -5.289629e-01 -1.494032e+00
 -1.854585e+00 -1.714872e-01 -1.557494e+00
 -1.863056e+00 2.207028e-01 -1.543525e+00
 -1.753699e+00 5.922208e-01 -1.430323e+00
 -1.540783e+00 8.802138e-01 -1.233798e+00
 -1.073634e+00 1.132318e+00 -8.506608e-01
 -9.440248e-01 1.268358e+00 -7.506715e-01
 -8.508965e-01 1.414590e+00 -6.158464e-01
 -6.170931e-01 2.017042e+00 7.864118e-02
 -4.133208e-01 2.161747e+00 3.849597e-01
 -1.392449e-01 2.174667e+00 6.686843e-01
 1.601198e-01 2.051946e+00 8.926604e-01
 4.369189e-01 1.809977e+00 1.029430e+00
 6.473366e-01 1.482341e+00 1.064683e+00
 7.579129e-01 1.114485e+00 9.990425e-01
 7.364645e-01 1.572737e-01 5.944864e-01
 7.541810e-01 -3.205080e-03 4.939632e-01
 8.133537e-01 -2.258139e-01 2.948172e-01
 9.917692e-01 -3.940286e-01 1.519968e-02
 1.311059e+00 -5.004397e-01 -2.079037e-01
 1.708481e+00 -5.440536e-01 -2.945384e-01
 2.111397e+00 -5.356010e-01 -2.252717e-01
 2.454102e+00 -4.820541e-01 -1.014702e-02
 2.681570e+00 -4.053218e-01 3.126252e-01
 2.762750e+00 -3.275770e-01 6.929796e-01
 2.690423e+00 -2.612956e-01 1.072439e+00
 2.479438e+00 -2.144447e-01 1.396213e+00
 2.160830e+00 -1.947900e-01 1.621516e+00
 1.788230e+00 -2.231273e-01 1.717504e+00
 1.416892e+00 -3.021761e-01 1.678027e+00
 1.100087e+00 -4.332247e-01 1.510814e+00
 9.123376e-01 -6.078134e-01 1.278867e+00
 8.463478e-01 -8.068168e-01 1.116098e+00
 7.956898e-01 -9.803987e-01 1.037549e+00
 6.579496e-01 -1.218800e+00 9.895393e-01
 4.857518e-01 -1.417990e+00 9.857750e-01
 -1.242273e-01 -1.906142e+00 1.117771e+00
 -4.594053e-01 -2.084266e+00 1.101082e+00
 -7.550244e-01 -2.167467e+00 1.016384e+00
 -1.045102e+00 -2.175079e+00 8.710669e-01
 -1.299552e+00 -2.101621e+00 6.861527e-01
 -1.499302e+00 -1.951009e+00 4.843141e-01
 -1.630954e+00 -1.734160e+00 2.890984e-01
 -1.690332e+00 -1.454665e+00 1.147619e-01
 -1.636513e+00 -4.827750e-01 -3.137620e-01
 -1.489538e+00 -1.783747e-01 -5.219888e-01
 -1.280765e+00 -5.448105e-03 -7.300115e-01
 -1.056238e+00 3.837415e-02 -9.194949e-01
 -9.176142e-01 3.698761e-02 -1.177649e+00
 -8.083359e-01 3.763569e-02 -1.665896e+00
 -6.140771e-01 1.362670e-01 -1.997011e+00
 -3.219858e-01 2.945789e-01 -2.220302e+00
 1.496473e-02 4.876281e-01 -2.297951e+00
 3.298629e-01 7.017060e-01 -2.223969e+00
 5.687574e-01 9.446582e-01 -2.018491e+00
 6.867150e-01 1.170895e+00 -1.715088e+00
 6.754630e-01 1.335803e+00 -1.345996e+00
 3.673004e-01 1.487380e+00 -4.815327e-01
 2.538043e-01 1.449432e+00 -1.490262e-01
 1.567081e-01 1.343857e+00 1.154303e-01
 -1.314212e-01 1.126474e+00 4.880521e-01
 -2.526083e-01 9.256871e-01 7.136345e-01
 -4.251954e-01 6.605974e-01 8.804512e-01
 -6.270842e-01 4.073041e-01 9.514277e-01
 -1.011170e+00 -6.496694e-02 8.909520e-01
 -1.123818e+00 -4.529913e-01 8.079456e-01
 -1.069314e+00 -8.500606e-01 7.325121e-01
 -8.876442e-01 -1.142813e+00 6.507234e-01
 -6.207851e-01 -1.387740e+00 3.842091e-01
 -3.816154e-01 -1.474640e+00 2.259547e-01
 -1.053909e-01 -1.461989e+00 4.138361e-02
 1.309216e-01 -1.344510e+00 -1.884133e-01
 2.832634e-01 -1.141074e+00 -4.257907e-01
 3.296245e-01 -8.813639e-01 -6.527446e-01
 1.349842e-01 6.900613e-02 -1.239972e+00
 8.314465e-02 3.675317e-01 -1.282489e+00
 -3.499410e-02 5.920040e-01 -1.274926e+00
 -1.982936e-01 7.968938e-01 -1.332969e+00
 -3.863421e-01 1.205712e+00 -1.610348e+00
 -6.363950e-01 1.527143e+00 -1.693950e+00
 -9.469108e-01 1.796505e+00 -1.628305e+00
