 -1.676863e+00 -1.661617e+00 1.766152e+00
 -1.489869e+00 -1.922660e+00 1.811174e+00
 -1.243760e+00 -2.131845e+00 1.789725e+00
 -9.621870e-01 -2.267286e+00 1.706243e+00
 -6.724061e-01 -2.314457e+00 1.571384e+00
 -4.024640e-01 -2.267793e+00 1.400985e+00
 -1.246671e-01 -2.098107e+00 1.182368e+00
 1.195110e-01 -1.796907e+00 9.860670e-01
 3.110460e-01 -1.425126e+00 8.960770e-01
 4.649260e-01 -9.146997e-01 9.322060e-01
 5.713840e-01 -5.981817e-01 8.693220e-01
 7.153700e-01 -2.807167e-01 7.123830e-01
 8.139680e-01 -9.046774e-02 5.425959e-01
 8.676280e-01 2.482426e-02 3.761390e-01
 8.621850e-01 1.246383e-01 2.312836e-01
 7.454800e-01 3.344033e-01 -7.647661e-02
 5.753270e-01 4.776223e-01 -4.668427e-01
 5.633330e-01 5.952043e-01 -7.967264e-01
 6.614350e-01 6.420663e-01 -1.146098e+00
 8.268110e-01 5.769753e-01 -1.467626e+00
 1.004223e+00 3.906833e-01 -1.731029e+00
 1.154431e+00 1.049073e-01 -1.909071e+00
 1.245726e+00 -2.404607e-01 -1.984119e+00
 1.268743e+00 -5.987007e-01 -1.949419e+00
 1.214935e+00 -9.195087e-01 -1.820718e+00
 1.069223e+00 -1.183018e+00 -1.629282e+00
 8.508800e-01 -1.349317e+00 -1.408940e+00
 -1.308105e-02 -1.522580e+00 -5.616463e-01
 -2.443101e-01 -1.445598e+00 -1.988792e-01
 -3.677601e-01 -1.241899e+00 1.490721e-01
 -4.604031e-01 -8.246887e-01 4.810349e-01
 -4.609761e-01 -6.360847e-01 6.740150e-01
 -4.547200e-01 -5.493647e-01 7.542380e-01
 -4.615031e-01 -4.214297e-01 8.523100e-01
 -5.922291e-01 3.550553e-01 1.327104e+00
 -5.612670e-01 7.471253e-01 1.422167e+00
 -4.514181e-01 1.122798e+00 1.389132e+00
 -2.777521e-01 1.458520e+00 1.219253e+00
 -1.083720e-01 1.646113e+00 9.942930e-01
 4.414095e-02 1.724001e+00 7.033150e-01
 1.984610e-01 1.679245e+00 4.022676e-01
 3.398509e-01 1.564078e+00 2.119367e-01
 4.876930e-01 1.453704e+00 1.141014e-01
 6.623680e-01 1.390826e+00 1.775669e-02
 1.002431e+00 1.350978e+00 -1.407942e-01
 1.246532e+00 1.232451e+00 -2.870944e-01
 1.434693e+00 1.038336e+00 -4.366886e-01
 1.549147e+00 7.858273e-01 -5.755179e-01
 1.578267e+00 4.984903e-01 -6.902200e-01
 1.516655e+00 2.110183e-01 -7.758168e-01
 1.367893e+00 -4.394974e-02 -8.509696e-01
 1.146019e+00 -2.394487e-01 -9.316823e-01
 8.857140e-01 -3.531367e-01 -1.031937e+00
 6.704600e-01 -3.800217e-01 -1.149332e+00
 5.018899e-01 -3.921767e-01 -1.299134e+00
 1.587550e-01 -5.524727e-01 -1.803992e+00
 -3.423431e-01 -5.067057e-01 -2.094139e+00
 -8.638360e-01 -2.715777e-01 -2.127853e+00
 -1.264767e+00 5.704926e-02 -1.882353e+00
 -1.418745e+00 3.738563e-01 -1.433581e+00
 -1.271627e+00 6.341783e-01 -9.526709e-01
 -9.144210e-01 7.797273e-01 -6.578755e-01
 -4.188840e-01 9.585293e-01 -6.202557e-01
 1.039180e-01 1.756480e+00 -7.785529e-01
 3.305340e-01 2.064866e+00 -6.894599e-01
 5.871080e-01 2.290376e+00 -4.696485e-01
 8.213630e-01 2.389859e+00 -1.525688e-01
 1.001070e+00 2.342972e+00 2.060217e-01
 1.113959e+00 2.146555e+00 5.449730e-01
 1.125467e+00 1.831957e+00 8.226950e-01
 1.010849e+00 1.456157e+00 9.937390e-01
 7.971579e-01 1.093842e+00 1.018326e+00
 4.952610e-01 8.226263e-01 9.186970e-01
 1.935209e-01 6.941933e-01 7.247690e-01
 -5.893605e-02 6.863313e-01 5.190868e-01
 -4.199190e-01 8.583923e-01 3.923402e-01
 -6.472611e-01 1.059970e+00 3.578395e-01
 -7.687060e-01 1.271451e+00 2.916413e-01
 -8.988061e-01 1.516838e+00 1.070385e-01
 -9.986660e-01 1.695226e+00 -1.552210e-01
 -1.062776e+00 1.786211e+00 -4.648509e-01
 -1.078562e+00 1.786341e+00 -7.877812e-01
 -1.036495e+00 1.703782e+00 -1.084648e+00
 -9.320071e-01 1.556317e+00 -1.336564e+00
 -7.781950e-01 1.339948e+00 -1.529793e+00
 -6.180400e-01 1.068501e+00 -1.631898e+00
 -4.759661e-01 7.671603e-01 -1.632864e+00
 -3.796820e-01 4.733923e-01 -1.528210e+00
 -3.678351e-01 2.646693e-01 -1.383728e+00
 -4.443151e-01 6.864226e-02 -1.222270e+00
 -5.378130e-01 -1.078907e-01 -1.152012e+00
 -7.143830e-01 -3.382407e-01 -1.068138e+00
 -9.309980e-01 -6.083807e-01 -8.331418e-01
 -1.352485e+00 -1.126910e+00 -8.912411e-02
 -1.392090e+00 -1.295580e+00 1.983211e-01
 -1.326936e+00 -1.440465e+00 4.825354e-01
 -1.188359e+00 -1.514583e+00 7.516620e-01
 -1.014280e+00 -1.501890e+00 9.937540e-01
 -7.603570e-01 -1.303827e+00 1.373073e+00
 -4.396080e-01 -1.226446e+00 1.648348e+00
 -4.829505e-02 -1.249704e+00 1.851754e+00
 3.537660e-01 -1.318820e+00 1.920792e+00
 6.910710e-01 -1.376491e+00 1.861474e+00
 9.927950e-01 -1.415294e+00 1.691380e+00
 1.224647e+00 -1.426222e+00 1.429494e+00
 1.359778e+00 -1.403291e+00 1.105757e+00
 1.382037e+00 -1.344277e+00 7.578420e-01
 1.288100e+00 -1.251151e+00 4.275871e-01
 1.069434e+00 -1.115174e+00 1.287791e-01
 7.554900e-01 -9.244917e-01 -9.165511e-02
 1.352820e-01 -4.501757e-01 -2.894503e-01
 -2.268105e-02 -3.313187e-01 -2.932384e-01
 -2.237421e-01 -1.117787e-01 -1.923596e-01
 -5.061921e-01 -3.407742e-03 -1.241937e-01
 -8.202330e-01 1.163326e-02 -1.992841e-02
 -1.110483e+00 -6.135474e-02 1.480564e-01
 -1.330781e+00 -1.985047e-01 3.767521e-01
 -1.727868e+00 -7.754087e-01 1.208954e+00
 -1.809145e+00 -1.098305e+00 1.493427e+00
 -1.786611e+00 -1.376549e+00 1.657072e+00
