 4.679006e-02 -2.172731e+00 1.594884e+00
 1.638095e-01 -1.831435e+00 1.702671e+00
 2.646216e-01 -1.475595e+00 1.673776e+00
 3.574345e-01 -1.161573e+00 1.519211e+00
 4.546507e-01 -9.307261e-01 1.266461e+00
 5.403288e-01 -8.234349e-01 9.698509e-01
 6.561776e-01 -8.306567e-01 6.897870e-01
 8.136831e-01 -8.726652e-01 4.842345e-01
 1.118727e+00 -1.021337e+00 2.184033e-01
 1.314323e+00 -1.052677e+00 -2.887353e-02
 1.454511e+00 -1.010343e+00 -3.076373e-01
 1.526712e+00 -8.963101e-01 -6.103856e-01
 1.531493e+00 -7.433440e-01 -8.449571e-01
 1.475861e+00 -5.583481e-01 -1.032976e+00
 1.341357e+00 -3.328211e-01 -1.190920e+00
 1.162019e+00 -1.468202e-01 -1.278492e+00
 9.464735e-01 -1.941300e-03 -1.311883e+00
 7.410077e-01 6.243663e-02 -1.319196e+00
 5.174557e-01 7.070135e-02 -1.354248e+00
 2.610896e-01 1.029500e-01 -1.482784e+00
 -1.029291e-01 1.752147e-01 -1.813661e+00
 -3.389412e-01 2.521799e-01 -1.939693e+00
 -5.980309e-01 3.498093e-01 -1.994092e+00
 -8.570974e-01 4.626250e-01 -1.970307e+00
 -1.095987e+00 5.824451e-01 -1.868335e+00
 -1.295253e+00 7.002110e-01 -1.693678e+00
 -1.435918e+00 8.095668e-01 -1.458318e+00
 -1.500543e+00 9.054259e-01 -1.183072e+00
 -1.479089e+00 9.842411e-01 -8.953199e-01
 -1.373953e+00 1.036651e+00 -6.214298e-01
 -1.195377e+00 1.069218e+00 -3.933853e-01
 -9.958626e-01 1.085878e+00 -2.540473e-01
 -6.815979e-01 1.177610e+00 -1.255228e-01
 -4.879031e-01 1.241410e+00 3.166148e-02
 -3.405846e-01 1.247633e+00 2.069192e-01
 -1.672304e-01 1.149745e+00 4.742380e-01
 2.180707e-02 1.021856e+00 9.473491e-01
 2.811398e-01 1.055084e+00 1.215902e+00
 6.534743e-01 1.094580e+00 1.358964e+00
 1.060827e+00 1.080140e+00 1.346674e+00
 1.441333e+00 1.005176e+00 1.181959e+00
 1.702831e+00 8.776247e-01 9.169055e-01
 1.828319e+00 7.020117e-01 5.925055e-01
 1.803167e+00 4.712318e-01 2.674443e-01
 1.648161e+00 2.436426e-01 1.062368e-02
 1.374752e+00 5.247289e-02 -1.784128e-01
 9.411190e-01 -1.223190e-01 -2.785953e-01
 6.915611e-01 -3.283168e-01 -3.902758e-01
 5.766755e-01 -5.416337e-01 -5.172036e-01
 5.043234e-01 -8.093247e-01 -8.244426e-01
 5.147050e-01 -9.429198e-01 -1.222230e+00
 5.813812e-01 -9.125629e-01 -1.631123e+00
 6.653702e-01 -7.181630e-01 -1.989625e+00
 7.565483e-01 -3.967751e-01 -2.238276e+00
 8.277298e-01 -9.516792e-03 -2.334983e+00
 8.440732e-01 3.858340e-01 -2.282569e+00
 8.002133e-01 7.365537e-01 -2.087681e+00
 7.280255e-01 9.831023e-01 -1.773501e+00
 6.379607e-01 1.085540e+00 -1.393433e+00
 5.419325e-01 1.030648e+00 -1.009952e+00
 3.701967e-01 7.455220e-01 -5.396377e-01
 1.302697e-01 5.015444e-01 -2.790618e-01
 -1.046315e-02 3.666245e-01 -1.738997e-01
 -3.406100e-01 2.280608e-01 -3.305879e-02
 -6.952871e-01 1.652890e-01 3.636078e-02
 -1.075542e+00 1.324530e-01 1.282165e-01
 -1.497517e+00 1.364846e-01 3.584222e-01
 -1.747163e+00 2.028902e-01 6.040471e-01
 -1.903114e+00 3.363276e-01 8.786103e-01
 -1.959211e+00 5.235541e-01 1.154637e+00
 -1.914538e+00 7.449562e-01 1.400710e+00
 -1.778775e+00 9.782866e-01 1.590232e+00
 -1.570777e+00 1.201129e+00 1.704045e+00
 -1.287737e+00 1.419502e+00 1.733137e+00
 -1.020190e+00 1.584732e+00 1.667657e+00
 -8.796229e-02 2.028721e+00 1.114596e+00
 2.350070e-01 2.037330e+00 9.063417e-01
 5.258454e-01 1.908676e+00 6.987553e-01
 7.430283e-01 1.660677e+00 5.067321e-01
 8.575985e-01 1.321641e+00 3.694545e-01
 8.588845e-01 9.748622e-01 3.318193e-01
 8.181064e-01 6.698585e-01 4.288642e-01
 8.113720e-01 4.535841e-01 5.754939e-01
 9.633558e-01 1.699119e-01 7.891280e-01
 1.300636e+00 -1.166585e-01 1.019934e+00
 1.470799e+00 -3.963509e-01 1.123319e+00
 1.543393e+00 -7.310065e-01 1.188159e+00
 1.506901e+00 -1.075335e+00 1.207211e+00
 1.369782e+00 -1.391233e+00 1.171356e+00
 1.170079e+00 -1.633213e+00 1.070742e+00
 8.982286e-01 -1.796139e+00 9.175146e-01
 5.787256e-01 -1.842211e+00 7.698887e-01
 3.162283e-01 -1.783144e+00 6.867492e-01
 8.176526e-02 -1.683174e+00 6.928112e-01
 -1.308305e-01 -1.641669e+00 7.413889e-01
 -3.812146e-01 -1.647662e+00 7.344008e-01
 -6.337444e-01 -1.622099e+00 6.445743e-01
 -8.675019e-01 -1.532516e+00 4.883982e-01
 -1.057113e+00 -1.374807e+00 2.865742e-01
 -1.158127e+00 -1.193087e+00 7.501521e-02
 -1.174748e+00 -9.970459e-01 -1.477011e-01
 -9.963216e-01 -4.810611e-01 -6.935540e-01
 -9.286792e-01 -2.989253e-01 -8.266892e-01
 -8.566605e-01 -1.051891e-01 -9.184687e-01
 -7.682255e-01 1.223121e-01 -9.722415e-01
 -5.743730e-01 5.376288e-01 -9.929794e-01
 -4.977179e-01 7.461839e-01 -1.065412e+00
 -4.873683e-01 1.077312e+00 -1.146764e+00
 -5.861927e-01 1.473070e+00 -1.119229e+00
 -7.542315e-01 1.815092e+00 -9.451604e-01
 -9.404648e-01 2.041514e+00 -6.441277e-01
 -1.112255e+00 2.113217e+00 -2.680194e-01
 -1.240429e+00 2.018691e+00 1.200843e-01
 -1.302996e+00 1.774561e+00 4.545828e-01
 -1.290023e+00 1.441706e+00 6.673598e-01
 -1.120488e+00 1.020382e+00 8.071836e-01
 -9.505463e-01 7.030736e-01 1.010823e+00
 -8.082716e-01 4.503149e-01 1.075109e+00
 -6.094034e-01 2.073642e-02 1.054159e+00
 -4.746872e-01 -3.278580e-01 8.995192e-01
 -3.853399e-01 -5.829661e-01 6.490873e-01
 -1.820264e-01 -8.499434e-01 7.584361e-02
 -1.540093e-01 -1.223840e+00 -1.881783e-01
 -2.006311e-01 -1.583901e+00 -2.857826e-01
 -2.390657e-01 -1.980664e+00 -2.291903e-01
 -2.616740e-01 -2.319187e+00 -2.760992e-02
 -2.522905e-01 -2.557221e+00 2.841321e-01
 -2.231375e-01 -2.659605e+00 6.588120e-01
 -1.629845e-01 -2.619320e+00 1.036729e+00
 -6.720002e-02 -2.448541e+00 1.363132e+00
