 -1.385248e+00 5.602258e-01 1.748306e+00
 -1.283849e+00 8.875975e-01 1.540311e+00
 -1.118474e+00 1.097277e+00 1.252228e+00
 -7.325021e-01 1.218852e+00 7.630487e-01
 -4.631568e-01 1.522820e+00 5.756900e-01
 -1.378757e-01 1.741389e+00 5.609685e-01
 2.512572e-01 1.835364e+00 6.446209e-01
 6.656872e-01 1.752779e+00 7.707902e-01
 9.958310e-01 1.502484e+00 9.027373e-01
 1.199330e+00 1.118336e+00 9.865195e-01
 1.233370e+00 6.763109e-01 9.985524e-01
 1.092126e+00 2.644886e-01 9.388831e-01
 6.587906e-01 -1.852357e-01 8.072225e-01
 4.877391e-01 -4.941203e-01 8.611400e-01
 4.191877e-01 -8.624644e-01 9.972895e-01
 5.487916e-01 -1.265683e+00 1.151652e+00
 8.679935e-01 -1.599136e+00 1.234036e+00
 1.311016e+00 -1.788649e+00 1.197649e+00
 1.756315e+00 -1.797394e+00 1.030141e+00
 2.108495e+00 -1.638110e+00 7.549934e-01
 2.294347e+00 -1.344811e+00 4.392009e-01
 2.276436e+00 -9.830484e-01 1.408507e-01
 2.044384e+00 -6.350754e-01 -1.038849e-01
 1.653357e+00 -3.936093e-01 -2.294062e-01
 1.184412e+00 -3.246344e-01 -2.344184e-01
 7.538260e-01 -4.597653e-01 -1.535963e-01
 5.118131e-01 -7.098756e-01 -1.154920e-01
 3.202227e-01 -1.009648e+00 -1.635253e-01
 1.197253e-01 -1.312456e+00 -4.297912e-01
 -7.783632e-02 -1.453028e+00 -8.529655e-01
 -4.499678e-01 -1.267781e+00 -2.154654e+00
 -5.948386e-01 -1.062097e+00 -2.482266e+00
 -7.462361e-01 -7.403412e-01 -2.691036e+00
 -8.787950e-01 -3.555006e-01 -2.747847e+00
 -9.637966e-01 3.098236e-02 -2.646507e+00
 -9.762262e-01 3.635639e-01 -2.408020e+00
 -9.071302e-01 5.895980e-01 -2.075385e+00
 -7.487465e-01 6.829866e-01 -1.693534e+00
 -4.889723e-01 6.489459e-01 -1.354920e+00
 -1.921743e-01 5.602643e-01 -1.170993e+00
 7.856224e-02 5.664176e-01 -1.030151e+00
 4.168332e-01 6.144198e-01 -6.023608e-01
 5.340106e-01 7.184446e-01 -1.305396e-01
 4.353461e-01 8.242750e-01 3.423059e-01
 2.723749e-01 8.113521e-01 6.420895e-01
 2.205094e-01 8.222129e-01 8.812354e-01
 1.774996e-01 9.220622e-01 1.140394e+00
 9.193895e-02 1.123831e+00 1.371451e+00
 -5.547844e-02 1.391306e+00 1.527662e+00
 -2.700545e-01 1.680862e+00 1.581282e+00
 -5.013002e-01 1.924460e+00 1.518831e+00
 -7.595436e-01 2.089998e+00 1.372418e+00
 -1.018320e+00 2.156689e+00 1.160258e+00
 -1.246025e+00 2.117891e+00 8.978378e-01
 -1.418691e+00 1.970215e+00 6.164955e-01
 -1.507829e+00 1.729741e+00 3.473282e-01
 -1.488830e+00 7.798835e-01 -3.302983e-01
 -1.407371e+00 5.330540e-01 -4.926689e-01
 -1.255516e+00 3.028916e-01 -6.267603e-01
 -1.059116e+00 1.125711e-01 -7.111698e-01
 -8.011819e-01 -1.143808e-01 -7.341612e-01
 -5.872201e-01 -2.676540e-01 -7.501582e-01
 -3.455747e-01 -3.601045e-01 -7.901560e-01
 -1.694512e-01 -4.039311e-01 -8.488824e-01
 1.309044e-01 -4.489384e-01 -1.014434e+00
 3.415901e-01 -5.412589e-01 -1.100353e+00
 5.497835e-01 -6.832470e-01 -1.134418e+00
 7.388725e-01 -8.427132e-01 -1.102676e+00
 9.086431e-01 -9.969454e-01 -1.011761e+00
 1.060068e+00 -1.142515e+00 -8.592563e-01
 1.167415e+00 -1.247021e+00 -6.862179e-01
 1.243371e+00 -1.320349e+00 -4.809229e-01
 1.286005e+00 -1.355794e+00 -2.518719e-01
 1.298366e+00 -1.335657e+00 1.253102e-03
 1.288041e+00 -1.262818e+00 2.202680e-01
 1.284218e+00 -1.135212e+00 3.987564e-01
 1.320813e+00 -1.003625e+00 5.281519e-01
 1.403746e+00 -8.901635e-01 6.868087e-01
 1.459661e+00 -8.129331e-01 8.984695e-01
 1.438009e+00 -7.387366e-01 1.191129e+00
 1.335468e+00 -6.691859e-01 1.434624e+00
 1.154787e+00 -5.515330e-01 1.646592e+00
 9.240082e-01 -4.093964e-01 1.783751e+00
 6.474704e-01 -2.726745e-01 1.841349e+00
 3.865299e-01 -1.628760e-01 1.814048e+00
 1.465248e-01 -7.585385e-02 1.716307e+00
 -6.585852e-01 1.499159e-01 1.116163e+00
 -7.866666e-01 1.597342e-01 1.022380e+00
 -9.595533e-01 1.412311e-01 9.111501e-01
 -1.158364e+00 5.038172e-02 7.213268e-01
 -1.286973e+00 -7.159896e-02 5.255144e-01
 -1.538193e+00 -6.431540e-01 -2.214392e-01
 -1.560303e+00 -7.773776e-01 -5.490252e-01
 -1.508071e+00 -8.254081e-01 -8.977192e-01
 -1.381014e+00 -7.887617e-01 -1.222546e+00
 -1.183920e+00 -6.719704e-01 -1.493101e+00
 -9.383727e-01 -4.962277e-01 -1.677826e+00
 -7.285547e-01 -3.703480e-01 -1.737009e+00
 -5.661286e-01 -3.282134e-01 -1.769174e+00
 -2.821969e-01 -2.297458e-01 -1.903509e+00
 1.736331e-02 7.991387e-02 -2.071774e+00
 1.985372e-01 5.031811e-01 -2.128912e+00
 2.634894e-01 9.334722e-01 -2.023186e+00
 2.175291e-01 1.299484e+00 -1.769482e+00
 7.042373e-02 1.530647e+00 -1.417628e+00
 -1.375442e-01 1.581696e+00 -1.019589e+00
 -3.385205e-01 1.438270e+00 -6.473065e-01
 -4.896466e-01 1.115679e+00 -3.476121e-01
 -4.952713e-01 5.039467e-01 2.774383e-02
 -2.768636e-01 3.607209e-02 1.588674e-01
 -3.026144e-01 -2.377838e-01 2.268764e-01
 -3.981785e-01 -5.574097e-01 3.964007e-01
 -5.473485e-01 -7.788954e-01 6.959463e-01
 -7.708314e-01 -8.634209e-01 1.025221e+00
 -9.977584e-01 -7.861100e-01 1.352011e+00
 -1.193882e+00 -5.609381e-01 1.624131e+00
 -1.336646e+00 -2.246606e-01 1.794685e+00
 -1.403834e+00 1.695377e-01 1.837955e+00
