 1.362371e+00 -1.720769e-01 -1.897382e-02
 1.292979e+00 -4.421196e-02 -2.231620e-01
 1.199479e+00 4.312791e-02 -3.572739e-01
 4.799404e-01 6.034179e-01 -9.865845e-01
 2.705840e-01 6.858869e-01 -1.116013e+00
 3.092047e-02 7.126781e-01 -1.222384e+00
 -2.264841e-01 6.803976e-01 -1.294472e+00
 -4.837179e-01 5.854355e-01 -1.326677e+00
 -7.145717e-01 4.305124e-01 -1.318719e+00
 -9.275216e-01 2.122848e-01 -1.249081e+00
 -1.037622e+00 7.705590e-03 -1.135555e+00
 -1.087270e+00 -2.044394e-01 -1.059263e+00
 -1.071931e+00 -4.532668e-01 -9.646317e-01
 -9.952271e-01 -6.759396e-01 -8.627677e-01
 -8.624719e-01 -8.677668e-01 -7.600311e-01
 -2.041098e-01 -1.413742e+00 -3.939531e-01
 7.092638e-02 -1.609065e+00 -2.514071e-01
 2.645906e-01 -1.685933e+00 -1.680748e-01
 4.820221e-01 -1.716276e+00 -8.405566e-02
 6.730376e-01 -1.694388e+00 -8.161094e-03
 9.482181e-01 -1.600222e+00 6.955969e-02
 1.715188e+00 -1.269003e+00 -8.289599e-02
 2.080240e+00 -9.641161e-01 -1.267930e-01
 2.283884e+00 -6.588204e-01 -1.102690e-01
 2.379592e+00 -3.124375e-01 -5.659405e-02
 2.355584e+00 4.575682e-02 1.887582e-02
 2.211823e+00 3.729431e-01 9.592272e-02
 1.943765e+00 6.497967e-01 1.619370e-01
 1.586952e+00 8.352807e-01 1.943333e-01
 9.362902e-01 9.412336e-01 1.658873e-01
 6.695893e-01 9.631478e-01 2.196047e-01
 4.407871e-01 9.955365e-01 3.284201e-01
 3.061580e-01 1.019848e+00 4.596706e-01
 1.311802e-01 1.117211e+00 7.059391e-01
 -2.941818e-02 1.381168e+00 9.259991e-01
 -2.241924e-01 1.729243e+00 9.979251e-01
 -4.596737e-01 2.074785e+00 8.910117e-01
 -7.016696e-01 2.318805e+00 6.361614e-01
 -9.328951e-01 2.404745e+00 2.909836e-01
 -1.122106e+00 2.321988e+00 -7.440508e-02
 -1.247890e+00 2.079558e+00 -4.029415e-01
 -1.280457e+00 1.718754e+00 -6.319627e-01
 -1.253364e+00 1.317965e+00 -7.015235e-01
 -1.202939e+00 9.906983e-01 -6.245377e-01
 -1.211984e+00 7.548746e-01 -4.575334e-01
 -1.358207e+00 3.877184e-01 -2.374388e-01
 -1.331791e+00 -1.116649e-02 -9.709969e-02
 -1.113245e+00 -3.623346e-01 8.312250e-02
 -7.982082e-01 -5.532719e-01 3.285147e-01
 -5.301661e-01 -5.523774e-01 5.728212e-01
 -3.867416e-01 -4.734131e-01 8.873521e-01
 -3.155670e-01 -5.092799e-01 1.184686e+00
 -1.857270e-01 -6.976803e-01 1.514812e+00
 -3.864492e-02 -9.810033e-01 1.726695e+00
 1.359204e-01 -1.317642e+00 1.804544e+00
 3.204576e-01 -1.652768e+00 1.733821e+00
 4.941037e-01 -1.931991e+00 1.525990e+00
 9.851792e-01 -2.560754e+00 4.330296e-01
 1.081348e+00 -2.619301e+00 1.280225e-01
 1.146781e+00 -2.578425e+00 -1.892441e-01
 1.173463e+00 -2.441346e+00 -4.865318e-01
 1.156860e+00 -2.220789e+00 -7.323426e-01
 1.096903e+00 -1.938689e+00 -8.998084e-01
 9.986590e-01 -1.626448e+00 -9.685573e-01
 8.808310e-01 -1.302653e+00 -9.254479e-01
 7.691264e-01 -1.023921e+00 -7.728639e-01
 6.545554e-01 -8.057199e-01 -5.147685e-01
 4.961915e-01 -6.771377e-01 -1.349418e-01
 4.137612e-01 -5.136871e-01 5.104354e-02
 3.812424e-01 -3.274440e-01 2.042415e-01
 4.151974e-01 -1.250925e-01 3.959082e-01
 4.806495e-01 3.833581e-04 5.979211e-01
 7.054731e-01 1.945382e-01 8.998017e-01
 8.701920e-01 4.346973e-01 1.069133e+00
 9.863311e-01 7.586588e-01 1.170075e+00
 1.043269e+00 1.082751e+00 1.170473e+00
 1.046100e+00 1.398342e+00 1.069082e+00
 9.716482e-01 1.678719e+00 8.834511e-01
 8.165655e-01 1.889799e+00 6.385717e-01
 5.956379e-01 1.996942e+00 3.939441e-01
 3.327754e-01 1.998751e+00 1.796132e-01
 3.832203e-02 1.891927e+00 9.217787e-03
 -2.299815e-01 1.717580e+00 -5.028676e-02
 -4.838446e-01 1.520028e+00 5.624390e-03
 -6.929603e-01 1.405445e+00 1.483316e-01
 -9.596615e-01 1.375689e+00 3.015042e-01
 -1.284767e+00 1.376220e+00 3.456065e-01
 -1.657525e+00 1.337576e+00 2.526526e-01
 -1.976287e+00 1.238865e+00 2.353257e-02
 -2.175648e+00 1.072214e+00 -2.887787e-01
 -2.223447e+00 8.648411e-01 -6.308193e-01
 -1.850721e+00 1.395143e-01 -1.733752e+00
 -1.631090e+00 -7.389346e-02 -1.959759e+00
 -1.324301e+00 -2.720439e-01 -2.074091e+00
 -9.704984e-01 -4.240585e-01 -2.060110e+00
 -6.179503e-01 -5.043654e-01 -1.918583e+00
 -3.184318e-01 -4.968424e-01 -1.670342e+00
 -1.174836e-01 -4.122663e-01 -1.336910e+00
 -5.996906e-02 -2.838841e-01 -9.826074e-01
 -1.366954e-01 -1.483713e-01 -7.129208e-01
 -3.093221e-01 1.692668e-01 -3.418592e-01
 -3.684381e-01 3.493264e-01 -8.713675e-03
 -4.128910e-01 3.947802e-01 1.538408e-01
 -5.637127e-01 4.486248e-01 4.362466e-01
 -8.227887e-01 4.430609e-01 6.808860e-01
 -1.124620e+00 2.413134e-01 9.315123e-01
 -1.329556e+00 -1.131450e-01 1.098723e+00
 -1.372710e+00 -5.522437e-01 1.193153e+00
 -1.236431e+00 -9.833263e-01 1.203566e+00
 -9.508211e-01 -1.321911e+00 1.122724e+00
 -5.675119e-01 -1.501532e+00 9.794829e-01
 -1.536405e-01 -1.484063e+00 8.314100e-01
 1.285734e-01 -1.332297e+00 7.718532e-01
 7.371156e-01 -1.009296e+00 8.775487e-01
 1.055537e+00 -8.459027e-01 7.850469e-01
 1.329122e+00 -5.717714e-01 5.537809e-01
 1.405528e+00 -3.251039e-01 2.841308e-01
