 1.680119e+00 -1.107916e-01 1.655260e+00
 1.837593e+00 -3.774729e-01 1.377300e+00
 1.862130e+00 -5.808653e-01 1.015735e+00
 1.746646e+00 -6.898953e-01 6.028708e-01
 1.528728e+00 -6.616789e-01 2.547542e-01
 1.214472e+00 -5.317269e-01 1.731521e-02
 8.568110e-01 -3.394590e-01 -7.498923e-02
 6.212122e-01 -1.682507e-01 -2.779828e-02
 3.770223e-01 2.029765e-01 6.015601e-02
 2.052345e-01 6.171327e-01 3.916596e-02
 1.923719e-01 1.257455e+00 -2.957625e-02
 1.291450e-01 1.549815e+00 -1.613675e-01
 8.593675e-03 1.785231e+00 -3.825454e-01
 -1.072111e-01 1.930323e+00 -6.914755e-01
 -1.954751e-01 1.957442e+00 -1.036123e+00
 -2.398585e-01 1.868603e+00 -1.373220e+00
 -2.304019e-01 1.680152e+00 -1.665965e+00
 -1.747893e-01 1.412539e+00 -1.881646e+00
 -8.831693e-02 1.095912e+00 -1.993943e+00
 3.185473e-01 -1.502736e-01 -1.983190e+00
 4.032828e-01 -4.506949e-01 -1.879392e+00
 4.521582e-01 -7.038983e-01 -1.686982e+00
 4.483201e-01 -8.962343e-01 -1.429263e+00
 3.966031e-01 -1.006356e+00 -1.129954e+00
 1.622377e-01 -1.042544e+00 -2.764741e-01
 1.042521e-01 -1.026617e+00 -1.330040e-01
 -8.680651e-02 -8.961368e-01 2.258241e-01
 -2.519975e-01 -9.222779e-01 5.928587e-01
 -3.365236e-01 -1.086008e+00 9.206178e-01
 -4.138586e-01 -1.408714e+00 1.179005e+00
 -4.915203e-01 -1.815447e+00 1.280618e+00
 -5.548203e-01 -2.232006e+00 1.204536e+00
 -5.989014e-01 -2.584021e+00 9.629694e-01
 -6.367393e-01 -2.803924e+00 6.004500e-01
 -6.613049e-01 -2.855965e+00 1.812160e-01
 -6.685299e-01 -2.733032e+00 -2.239499e-01
 -6.580939e-01 -2.456882e+00 -5.456217e-01
 -6.493179e-01 -2.082051e+00 -7.263067e-01
 -6.802783e-01 -1.674708e+00 -7.424266e-01
 -7.280477e-01 -1.355033e+00 -6.177867e-01
 -8.823455e-01 -1.078028e+00 -3.953117e-01
 -1.340974e+00 -8.048637e-01 -2.174420e-02
 -1.546068e+00 -4.873430e-01 1.834433e-01
 -1.617671e+00 -9.270466e-02 3.072977e-01
 -1.542573e+00 3.550152e-01 3.333156e-01
 -1.317763e+00 7.078103e-01 2.694273e-01
 -1.036431e+00 8.827438e-01 1.316882e-01
 -8.334308e-01 9.908601e-01 -8.432224e-02
 -7.064591e-01 1.044531e+00 -4.589271e-01
 -5.014673e-01 9.724600e-01 -7.597570e-01
 -1.290995e-01 9.269346e-01 -9.623721e-01
 1.877792e-01 1.008045e+00 -1.018312e+00
 6.180971e-01 1.250793e+00 -1.144454e+00
 9.982750e-01 1.351596e+00 -1.195621e+00
 1.355389e+00 1.351365e+00 -1.162560e+00
 1.684620e+00 1.265286e+00 -1.047676e+00
 1.962968e+00 1.103272e+00 -8.433675e-01
 2.124088e+00 9.155193e-01 -5.872679e-01
 2.167377e+00 7.191917e-01 -2.908857e-01
 2.085718e+00 5.411913e-01 1.137255e-02
 1.882659e+00 4.033612e-01 2.905824e-01
 1.380569e+00 2.741789e-01 6.564721e-01
 1.131334e+00 1.205803e-01 8.090700e-01
 9.503462e-01 -1.048223e-01 9.259070e-01
 8.001764e-01 -4.735813e-01 9.699732e-01
 6.786850e-01 -1.305306e+00 8.133708e-01
 5.079401e-01 -1.624183e+00 6.695385e-01
 2.245808e-01 -1.846393e+00 4.996000e-01
 -7.312515e-02 -1.923493e+00 3.489621e-01
 -3.305474e-01 -1.886931e+00 2.560911e-01
 -5.617177e-01 -1.832084e+00 2.595734e-01
 -8.201387e-01 -1.844187e+00 2.797790e-01
 -1.102799e+00 -1.894648e+00 1.919072e-01
 -1.408879e+00 -1.906165e+00 -4.682410e-02
 -1.618717e+00 -1.818636e+00 -3.583418e-01
 -1.730065e+00 -1.603092e+00 -7.028945e-01
 -1.688354e+00 -1.325271e+00 -1.007958e+00
 -1.499884e+00 -1.030899e+00 -1.231875e+00
 -1.196574e+00 -7.684209e-01 -1.336486e+00
 -4.947828e-01 -3.793217e-01 -1.256656e+00
 -3.356939e-02 -7.820599e-02 -1.025916e+00
 2.457564e-01 -1.041108e-02 -9.716509e-01
 5.924099e-01 8.083401e-02 -1.008409e+00
 9.039691e-01 2.770646e-01 -9.087239e-01
 1.085133e+00 4.659370e-01 -6.721151e-01
 1.143326e+00 7.610271e-01 -3.423028e-01
 1.182347e+00 9.758029e-01 -1.821755e-01
 1.200102e+00 1.084895e+00 -4.770808e-02
 1.184741e+00 1.192840e+00 1.624596e-01
 8.623233e-01 1.649034e+00 1.118829e+00
 6.942653e-01 1.706580e+00 1.395790e+00
 4.556630e-01 1.674507e+00 1.660096e+00
 2.131616e-01 1.552558e+00 1.845711e+00
 -2.358057e-02 1.351674e+00 1.951968e+00
 -2.504984e-01 1.101579e+00 1.958086e+00
 -4.444137e-01 8.374298e-01 1.855624e+00
 -5.771509e-01 5.875965e-01 1.654108e+00
 -6.353556e-01 3.868943e-01 1.376057e+00
 -5.733781e-01 1.594742e-02 4.268692e-01
 -6.108722e-01 -4.503661e-02 9.685122e-02
 -7.438434e-01 -7.998467e-03 -2.824143e-01
 -1.055380e+00 7.800679e-02 -5.389808e-01
 -1.356745e+00 2.838045e-01 -6.792245e-01
 -1.593476e+00 5.981404e-01 -7.107332e-01
 -1.716299e+00 9.649988e-01 -6.470569e-01
 -1.718289e+00 1.372681e+00 -4.636531e-01
 -1.606548e+00 1.668017e+00 -2.119097e-01
 -1.391382e+00 1.847708e+00 7.914711e-02
 -1.106887e+00 1.883434e+00 3.632909e-01
 -7.978973e-01 1.770248e+00 5.958866e-01
 -9.435772e-02 1.175405e+00 9.467560e-01
 1.385885e-01 9.414731e-01 1.017087e+00
 3.242458e-01 7.659118e-01 1.181952e+00
 7.493131e-01 6.145615e-01 1.635614e+00
 1.086047e+00 4.313276e-01 1.796149e+00
 1.415107e+00 1.747553e-01 1.803232e+00
