 -1.636567e+00 -1.770916e+00 -1.368160e+00
 -1.691973e+00 -1.990308e+00 -1.147564e+00
 -1.717314e+00 -2.136018e+00 -8.673260e-01
 -1.710175e+00 -2.193528e+00 -5.463460e-01
 -1.666471e+00 -2.144744e+00 -2.011538e-01
 -1.591729e+00 -1.962719e+00 1.313939e-01
 -1.518440e+00 -1.640158e+00 3.818587e-01
 -1.509423e+00 -1.234861e+00 4.768616e-01
 -1.629252e+00 -9.065143e-01 4.566804e-01
 -1.865847e+00 -6.277905e-01 5.077132e-01
 -2.057610e+00 -3.504317e-01 7.503653e-01
 -2.079139e+00 -7.998766e-02 1.077393e+00
 -1.933741e+00 1.498488e-01 1.371745e+00
 -1.671680e+00 3.187875e-01 1.591985e+00
 -1.120671e+00 4.793900e-01 1.822093e+00
 -5.575776e-01 6.107091e-01 2.033186e+00
 -1.812123e-01 6.676713e-01 2.089402e+00
 2.400249e-01 6.675949e-01 1.991610e+00
 6.224505e-01 5.624352e-01 1.733567e+00
 8.321687e-01 3.582093e-01 1.414508e+00
 9.113532e-01 4.550715e-02 1.166571e+00
 1.056103e+00 -2.545110e-01 9.711304e-01
 1.264432e+00 -6.561832e-01 7.066130e-01
 1.404461e+00 -8.970888e-01 4.727855e-01
 1.529249e+00 -1.036172e+00 1.673499e-01
 1.618491e+00 -1.068281e+00 -2.104729e-01
 1.655857e+00 -9.646315e-01 -5.795314e-01
 1.628508e+00 -7.193869e-01 -9.023520e-01
 1.543923e+00 -3.676274e-01 -1.098403e+00
 1.470863e+00 4.366615e-02 -1.123865e+00
 1.537295e+00 3.916614e-01 -1.032227e+00
 1.819580e+00 8.783506e-01 -1.081527e+00
 1.953213e+00 1.246485e+00 -9.575159e-01
 1.981479e+00 1.554214e+00 -7.391038e-01
 1.921361e+00 1.783360e+00 -4.557066e-01
 1.769656e+00 1.916625e+00 -1.444779e-01
 1.519107e+00 1.946218e+00 1.480030e-01
 1.212055e+00 1.832299e+00 4.014582e-01
 9.279397e-01 1.563000e+00 5.726543e-01
 7.265371e-01 1.186582e+00 6.197236e-01
 6.666724e-01 8.627227e-01 5.581461e-01
 5.977673e-01 6.176391e-01 4.057078e-01
 4.179958e-01 3.467672e-01 3.066655e-01
 2.406860e-01 2.120586e-01 2.294663e-01
 -2.326216e-01 -6.030818e-02 7.045448e-02
 -7.117319e-01 -2.937893e-01 -8.818148e-02
 -9.081831e-01 -3.318756e-01 -1.458525e-01
 -1.139163e+00 -3.161508e-01 -1.964657e-01
 -1.462995e+00 -2.109165e-01 -3.184737e-01
 -1.688816e+00 -6.265440e-03 -4.738903e-01
 -1.822972e+00 2.815301e-01 -6.814874e-01
 -1.829425e+00 5.952455e-01 -8.577844e-01
 -1.720783e+00 8.969769e-01 -9.907525e-01
 -1.523976e+00 1.147977e+00 -1.071416e+00
 -1.273753e+00 1.328444e+00 -1.102349e+00
 -7.318648e-01 1.533242e+00 -1.079366e+00
 -1.661686e-01 1.718296e+00 -1.048636e+00
 1.699846e-01 1.782381e+00 -9.989633e-01
 5.254282e-01 1.743570e+00 -8.717066e-01
 8.530521e-01 1.563541e+00 -6.713581e-01
 1.159420e+00 1.092431e+00 -3.165661e-01
 1.409955e+00 9.572403e-01 -1.263405e-01
 1.570793e+00 9.220882e-01 9.539623e-02
 1.624025e+00 8.844189e-01 2.374529e-01
 1.752194e+00 6.260699e-01 7.413756e-01
 1.872829e+00 3.513530e-01 1.226351e+00
 1.874763e+00 1.915691e-01 1.466568e+00
 1.767069e+00 -1.584645e-02 1.726059e+00
 1.537654e+00 -2.206810e-01 1.937229e+00
 1.203520e+00 -3.850096e-01 2.057144e+00
 8.083557e-01 -4.724978e-01 2.055226e+00
 4.186042e-01 -4.587044e-01 1.924491e+00
 1.050475e-01 -3.418898e-01 1.688470e+00
 -9.140876e-02 -1.228104e-01 1.396288e+00
 -1.364133e-01 9.626149e-02 1.215549e+00
 -2.808053e-01 6.151586e-01 1.014709e+00
 -3.368605e-01 1.041461e+00 6.238384e-01
 -2.528057e-01 1.194608e+00 2.357960e-01
 -5.698511e-02 1.145701e+00 -1.644465e-01
 1.442730e-01 8.163782e-01 -6.062158e-01
 2.268285e-01 7.555531e-01 -8.028009e-01
 5.204332e-01 7.082100e-01 -1.259734e+00
 8.677091e-01 6.662124e-01 -1.741747e+00
 1.147403e+00 6.064842e-01 -1.952736e+00
 1.512061e+00 4.933738e-01 -2.060084e+00
 1.870799e+00 3.551710e-01 -2.016780e+00
 2.154129e+00 2.338535e-01 -1.857617e+00
 2.351440e+00 1.394700e-01 -1.628205e+00
 2.464119e+00 7.251542e-02 -1.359600e+00
 2.497075e+00 3.509464e-02 -1.077029e+00
 2.452964e+00 8.670344e-03 -7.998406e-01
 2.327760e+00 -1.732860e-02 -5.366723e-01
 2.118747e+00 -2.585151e-02 -3.079106e-01
 1.805177e+00 -4.795866e-02 -1.407256e-01
 1.462749e+00 -5.983225e-02 -1.073882e-01
 1.211571e+00 -1.005350e-01 -1.483542e-01
 8.484406e-01 -3.766854e-01 -3.061704e-01
 5.564032e-01 -5.768232e-01 -3.812106e-01
 1.983246e-01 -8.008240e-01 -4.599381e-01
 -2.033822e-01 -1.038280e+00 -5.410602e-01
 -4.877098e-01 -1.157363e+00 -5.731793e-01
 -7.926539e-01 -1.231683e+00 -5.811789e-01
 -1.213871e+00 -1.251336e+00 -5.563552e-01
 -1.383701e+00 -1.223804e+00 -5.458307e-01
 -1.736498e+00 -1.156330e+00 -5.351421e-01
 -2.137443e+00 -1.243068e+00 -3.774669e-01
 -2.417381e+00 -1.336889e+00 -4.029298e-02
 -2.523383e+00 -1.405068e+00 3.278959e-01
 -2.498461e+00 -1.420284e+00 6.824798e-01
 -2.377192e+00 -1.368702e+00 1.003669e+00
 -2.171316e+00 -1.257869e+00 1.263748e+00
 -1.882631e+00 -1.102147e+00 1.434539e+00
 -1.562395e+00 -8.953515e-01 1.477995e+00
 -1.278337e+00 -6.537132e-01 1.383659e+00
 -1.093280e+00 -4.143304e-01 1.175227e+00
 -1.055065e+00 -2.005207e-01 9.480877e-01
 -1.164332e+00 3.621210e-01 5.704506e-01
 -1.152211e+00 6.155866e-01 2.276997e-01
 -1.067349e+00 7.052404e-01 -7.962673e-02
 -9.210022e-01 6.703722e-01 -3.781913e-01
 -8.141344e-01 5.214197e-01 -6.860669e-01
 -8.342321e-01 2.864146e-01 -9.752669e-01
 -9.169559e-01 1.737131e-02 -1.148502e+00
 -1.273721e+00 -7.572662e-01 -1.464820e+00
 -1.441476e+00 -1.167867e+00 -1.559856e+00
 -1.553661e+00 -1.494568e+00 -1.511122e+00
