 4.584456e-01 -2.277782e+00 -1.261898e+00
 1.211303e-01 -2.213129e+00 -1.534654e+00
 -1.015751e+00 -1.552181e+00 -2.021555e+00
 -1.281475e+00 -1.271729e+00 -2.057821e+00
 -1.460909e+00 -9.308438e-01 -1.989417e+00
 -1.525042e+00 -5.768332e-01 -1.823358e+00
 -1.457443e+00 -2.629869e-01 -1.583456e+00
 -1.261254e+00 -3.728047e-02 -1.307936e+00
 -9.637704e-01 5.998801e-02 -1.051712e+00
 -6.701811e-01 3.966122e-02 -9.142811e-01
 -2.248159e-01 -2.616671e-02 -8.498329e-01
 2.344167e-01 -2.318843e-01 -6.895794e-01
 6.734359e-01 -2.647835e-01 -5.671174e-01
 8.736137e-01 -3.014608e-01 -4.644728e-01
 1.488859e+00 -5.408191e-01 1.896491e-02
 1.689195e+00 -5.980120e-01 3.589676e-01
 1.764499e+00 -5.773745e-01 7.495776e-01
 1.704013e+00 -4.811927e-01 1.130618e+00
 1.515123e+00 -3.303497e-01 1.445015e+00
 1.226409e+00 -1.495937e-01 1.646137e+00
 8.812388e-01 2.690889e-02 1.705328e+00
 8.647173e-02 4.237087e-01 1.491737e+00
 -1.858560e-01 7.759899e-01 1.306804e+00
 -2.603026e-01 1.123294e+00 1.241955e+00
 -2.396692e-01 1.445770e+00 1.269667e+00
 -1.215104e-01 1.725018e+00 1.296535e+00
 1.008934e-01 1.966556e+00 1.266130e+00
 3.890554e-01 2.124573e+00 1.184580e+00
 7.641960e-01 2.181968e+00 1.056071e+00
 1.075582e+00 2.117142e+00 9.282052e-01
 1.346245e+00 1.943130e+00 8.029471e-01
 1.543408e+00 1.677838e+00 6.938533e-01
 1.641487e+00 1.350252e+00 6.131176e-01
 1.625418e+00 9.988557e-01 5.702452e-01
 1.494392e+00 6.674958e-01 5.702773e-01
 9.420030e-01 2.342319e-02 6.739115e-01
 8.759891e-01 -7.670193e-02 6.900362e-01
 8.078557e-01 -2.145084e-01 7.137661e-01
 4.850340e-01 -9.409399e-01 9.967269e-01
 3.060821e-01 -1.297193e+00 9.776391e-01
 1.243356e-01 -1.611307e+00 8.080566e-01
 -3.510030e-02 -1.833063e+00 5.128697e-01
 -1.479382e-01 -1.926687e+00 1.358439e-01
 -1.953143e-01 -1.875059e+00 -2.614651e-01
 -1.507640e-01 -1.695349e+00 -6.232089e-01
 -4.063547e-02 -1.493267e+00 -8.198335e-01
 2.453057e-01 -1.232375e+00 -1.074196e+00
 4.653403e-01 -8.591062e-01 -1.459295e+00
 5.570424e-01 -5.220814e-01 -1.614724e+00
 6.148636e-01 -1.399544e-01 -1.635742e+00
 6.324446e-01 2.278507e-01 -1.516521e+00
 6.103546e-01 5.280411e-01 -1.273474e+00
 5.507475e-01 7.175217e-01 -9.422917e-01
 4.536309e-01 7.698763e-01 -5.762676e-01
 3.189408e-01 6.825928e-01 -2.279761e-01
 1.384402e-01 3.942100e-01 1.496395e-01
 -3.611315e-01 -1.518558e-01 7.858440e-01
 -5.321761e-01 -4.819325e-01 9.209486e-01
 -7.428491e-01 -8.628753e-01 8.863960e-01
 -9.346763e-01 -1.194400e+00 6.714464e-01
 -1.077896e+00 -1.410108e+00 3.167648e-01
 -1.143854e+00 -1.471987e+00 -1.126172e-01
 -1.116916e+00 -1.371688e+00 -5.366884e-01
 -9.065930e-01 -1.027533e+00 -1.061445e+00
 -6.252458e-01 -8.402617e-01 -1.403261e+00
 -5.331381e-01 -7.124737e-01 -1.598256e+00
 -4.453378e-01 -4.365668e-01 -1.797568e+00
 -3.906639e-01 -9.992266e-02 -1.893314e+00
 -3.618387e-01 2.572077e-01 -1.867290e+00
 -3.666280e-01 5.870492e-01 -1.721253e+00
 -3.972392e-01 8.461492e-01 -1.472955e+00
 -4.527134e-01 1.002910e+00 -1.155478e+00
 -5.300542e-01 1.040090e+00 -8.082722e-01
 -7.393321e-01 8.428600e-01 -4.341638e-02
 -7.902560e-01 8.330965e-01 1.458533e-01
 -1.220282e+00 8.339903e-01 1.025519e+00
 -1.232853e+00 8.860610e-01 1.471704e+00
 -1.057206e+00 9.705811e-01 1.874907e+00
 -7.277727e-01 1.066177e+00 2.159904e+00
 -3.087386e-01 1.149612e+00 2.275330e+00
 1.439377e-01 1.218727e+00 2.197919e+00
 5.227726e-01 1.253971e+00 1.939844e+00
 7.481623e-01 1.227166e+00 1.560007e+00
 7.602109e-01 1.156619e+00 1.120591e+00
 6.498010e-01 1.189953e+00 8.099853e-01
 5.031225e-01 1.308931e+00 5.738062e-01
 2.313034e-01 1.505164e+00 3.568390e-01
 -6.707803e-01 1.867254e+00 1.236878e-01
 -1.187131e+00 1.781553e+00 -1.255206e-02
 -1.585120e+00 1.440412e+00 -1.411940e-01
 -1.762399e+00 9.342394e-01 -2.112836e-01
 -1.669729e+00 4.005474e-01 -2.002293e-01
 -1.141949e+00 -2.449109e-01 -6.966725e-02
 -9.414296e-01 -4.095783e-01 -5.319101e-02
 -5.635526e-01 -6.245297e-01 -1.052477e-01
 -1.496900e-01 -8.700023e-01 -8.616198e-03
 1.224324e-01 -9.413351e-01 2.159439e-02
 3.734205e-01 -1.049542e+00 -1.328687e-02
 6.342202e-01 -1.277446e+00 -6.916786e-02
 8.238811e-01 -1.627511e+00 -2.659119e-01
 8.481520e-01 -1.956523e+00 -5.620709e-01
 7.175515e-01 -2.187009e+00 -9.177957e-01
