 -1.377619e+00 -5.767629e-01 2.083363e+00
 -1.682590e+00 -9.040107e-01 1.922702e+00
 -1.831069e+00 -1.224001e+00 1.609373e+00
 -1.789756e+00 -1.477097e+00 1.214257e+00
 -1.566196e+00 -1.613867e+00 8.212594e-01
 -1.219543e+00 -1.590735e+00 5.063826e-01
 -8.566409e-01 -1.395162e+00 3.151605e-01
 -5.399791e-01 -1.075519e+00 2.781839e-01
 -3.493255e-01 -7.012485e-01 3.815141e-01
 -2.788455e-01 -4.775175e-01 3.966958e-01
 -2.550331e-01 -2.347389e-01 4.391862e-01
 -2.499272e-01 1.241811e-01 4.482078e-01
 -2.192826e-01 4.267901e-01 3.945044e-01
 -1.682365e-01 7.060823e-01 2.899674e-01
 -1.196941e-01 8.887454e-01 1.721881e-01
 -6.469970e-02 1.036496e+00 2.191788e-02
 6.343518e-03 1.169327e+00 -1.912473e-01
 6.785307e-02 1.249386e+00 -3.993131e-01
 2.327975e-01 1.334504e+00 -8.080957e-01
 2.790908e-01 1.461935e+00 -1.026441e+00
 2.510545e-01 1.662249e+00 -1.236390e+00
 1.088784e-01 1.902594e+00 -1.450377e+00
 -1.180859e-01 2.094559e+00 -1.598755e+00
 -4.290566e-01 2.217404e+00 -1.695918e+00
 -7.793312e-01 2.234853e+00 -1.739392e+00
 -1.126988e+00 2.144205e+00 -1.718629e+00
 -1.426317e+00 1.967971e+00 -1.616484e+00
 -1.638955e+00 1.729674e+00 -1.442093e+00
 -1.736054e+00 1.456111e+00 -1.219528e+00
 -1.703137e+00 1.179996e+00 -9.803161e-01
 -1.290838e+00 5.367469e-01 -4.207569e-01
 -1.158337e+00 3.270777e-01 -3.210336e-01
 -1.014947e+00 9.097705e-02 -2.852950e-01
 -9.108626e-01 -1.138895e-01 -3.116888e-01
 -8.177138e-01 -3.775701e-01 -4.508036e-01
 -5.317183e-01 -6.214747e-01 -7.100009e-01
 -2.186870e-01 -6.436974e-01 -1.082046e+00
 1.587265e-01 -4.880087e-01 -1.308603e+00
 4.481187e-01 -1.775944e-01 -1.437744e+00
 7.591069e-01 2.114559e-01 -1.321443e+00
 9.953647e-01 5.254932e-01 -9.477621e-01
 9.809649e-01 9.635725e-01 -1.076397e-02
 1.120601e+00 1.049051e+00 2.546770e-01
 1.317171e+00 1.038980e+00 5.058933e-01
 1.524053e+00 9.194724e-01 7.360229e-01
 1.707673e+00 6.959265e-01 9.223246e-01
 1.840153e+00 3.917478e-01 1.041961e+00
 1.898343e+00 6.290260e-02 1.076173e+00
 1.868774e+00 -2.580800e-01 1.039805e+00
 1.734586e+00 -5.530451e-01 9.569483e-01
 1.487555e+00 -8.017551e-01 8.266206e-01
 1.186103e+00 -9.360139e-01 6.497222e-01
 8.684495e-01 -9.416075e-01 4.282081e-01
 7.430052e-01 -9.783206e-01 3.475031e-01
 6.019263e-01 -1.064675e+00 2.491274e-01
 5.183983e-01 -1.142072e+00 1.432260e-01
 4.020580e-01 -1.259899e+00 -8.603004e-02
 2.332625e-01 -1.552125e+00 -1.071000e+00
 1.453451e-01 -1.547249e+00 -1.396226e+00
 3.196772e-02 -1.444086e+00 -1.696561e+00
 -8.746298e-02 -1.250794e+00 -1.944795e+00
 -1.933570e-01 -9.846962e-01 -2.120206e+00
 -2.665891e-01 -6.750427e-01 -2.208334e+00
 -4.150268e-01 5.360940e-01 -2.173544e+00
 -5.264330e-01 9.281922e-01 -1.989329e+00
 -6.584456e-01 1.185533e+00 -1.681570e+00
 -7.181662e-01 1.357887e+00 -1.178552e+00
 -7.449974e-01 1.606644e+00 -9.333752e-01
 -6.895973e-01 1.827542e+00 -7.950043e-01
 -5.064521e-01 2.064848e+00 -6.474933e-01
 -2.259850e-01 2.233183e+00 -5.325942e-01
 1.223521e-01 2.295854e+00 -4.447742e-01
 5.095060e-01 2.232239e+00 -3.951577e-01
 1.562488e+00 1.683987e+00 -4.404218e-01
 1.818973e+00 1.420701e+00 -3.980349e-01
 1.969199e+00 1.098360e+00 -3.105573e-01
 1.994943e+00 7.496177e-01 -2.002227e-01
 1.889580e+00 4.202886e-01 -7.694721e-02
 1.674104e+00 1.696299e-01 4.841061e-02
 1.422129e+00 4.690845e-02 1.731600e-01
 1.183424e+00 3.772384e-02 3.386768e-01
 1.048091e+00 6.103234e-02 4.785992e-01
 9.683683e-01 6.138263e-02 6.330592e-01
 8.961642e-01 2.991239e-02 8.875836e-01
 8.834045e-01 -1.986403e-02 1.138566e+00
 9.374109e-01 -1.825736e-01 1.576558e+00
 8.723181e-01 -3.689841e-01 1.877255e+00
 7.040958e-01 -5.843215e-01 2.109862e+00
 4.565687e-01 -8.026750e-01 2.244993e+00
 1.624214e-01 -9.991294e-01 2.267110e+00
 -1.477424e-01 -1.149571e+00 2.175756e+00
 -4.064448e-01 -1.237575e+00 1.997161e+00
 -6.246259e-01 -1.246272e+00 1.748127e+00
 -7.662494e-01 -1.179051e+00 1.512825e+00
 -8.539002e-01 -1.055737e+00 1.327952e+00
 -9.302118e-01 -9.058463e-01 1.213160e+00
 -1.026337e+00 -7.903009e-01 1.138423e+00
 -1.102377e+00 -7.273025e-01 1.070804e+00
 -1.230481e+00 -6.429877e-01 9.135130e-01
 -1.352567e+00 -5.985433e-01 7.449020e-01
 -1.791573e+00 -5.562834e-01 -6.340411e-02
 -1.854850e+00 -4.853069e-01 -4.119995e-01
 -1.802868e+00 -3.617690e-01 -7.519800e-01
 -1.639971e+00 -2.159414e-01 -1.037254e+00
 -1.391077e+00 -7.193663e-02 -1.233393e+00
 -1.105918e+00 7.626814e-02 -1.313849e+00
 -8.013067e-01 2.368386e-01 -1.272695e+00
 -4.357900e-01 3.558905e-01 -1.098959e+00
 -1.995736e-01 3.748339e-01 -8.334484e-01
 4.043234e-02 2.324021e-01 -5.731363e-01
 2.519903e-01 2.272427e-02 -4.185290e-01
 4.983505e-01 -2.059725e-01 -3.851500e-01
 9.963431e-01 -5.429828e-01 -5.475824e-01
 1.268347e+00 -9.050064e-01 -5.312640e-01
 1.401228e+00 -1.318454e+00 -3.650365e-01
 1.359976e+00 -1.685703e+00 -8.563466e-02
 1.178511e+00 -1.917281e+00 2.640254e-01
 9.223188e-01 -1.954656e+00 6.463949e-01
 6.529720e-01 -1.788639e+00 9.800103e-01
 4.063416e-01 -1.445052e+00 1.199320e+00
 1.419119e-01 -7.781510e-01 1.263928e+00
 -1.736830e-02 -4.942505e-01 1.383955e+00
 -2.038869e-01 -2.984798e-01 1.607198e+00
 -5.556071e-01 -2.206154e-01 1.877593e+00
 -9.692861e-01 -3.274151e-01 2.063010e+00
