 -1.777419e+00 -1.933408e-01 -1.494703e+00
 -1.637597e+00 -5.872124e-01 -1.129051e+00
 -1.329360e+00 -7.976032e-01 -9.273248e-01
 -8.143183e-01 -1.102068e+00 -9.592137e-01
 -6.011730e-01 -1.234746e+00 -9.410760e-01
 -3.023343e-01 -1.391297e+00 -8.273684e-01
 -3.440342e-02 -1.437663e+00 -7.041750e-01
 2.396249e-01 -1.395704e+00 -5.939037e-01
 4.855009e-01 -1.273921e+00 -4.984393e-01
 6.948376e-01 -1.081860e+00 -4.307809e-01
 8.525834e-01 -8.284374e-01 -4.010995e-01
 9.465570e-01 -5.320863e-01 -4.241707e-01
 9.686878e-01 -2.465015e-01 -5.138045e-01
 9.370958e-01 8.702440e-03 -6.865449e-01
 9.137402e-01 1.519850e-01 -8.911940e-01
 9.598577e-01 2.871983e-01 -1.128204e+00
 1.097092e+00 5.506544e-01 -1.353851e+00
 1.242372e+00 8.743179e-01 -1.453700e+00
 1.360358e+00 1.198800e+00 -1.428412e+00
 1.436143e+00 1.484113e+00 -1.306139e+00
 1.471519e+00 1.705640e+00 -1.123914e+00
 1.471061e+00 1.870354e+00 -9.027716e-01
 1.437287e+00 1.971277e+00 -6.890775e-01
 1.086856e+00 2.282523e+00 5.002609e-01
 9.442101e-01 2.245245e+00 8.393141e-01
 7.791292e-01 2.089939e+00 1.123091e+00
 6.227315e-01 1.840029e+00 1.321208e+00
 5.012768e-01 1.539910e+00 1.411967e+00
 4.422973e-01 1.256478e+00 1.410060e+00
 4.494615e-01 1.072878e+00 1.374994e+00
 4.840442e-01 9.347937e-01 1.356123e+00
 5.136653e-01 7.707384e-01 1.365420e+00
 4.983686e-01 5.591186e-01 1.382431e+00
 1.712880e-01 -5.909837e-01 1.479503e+00
 3.457752e-02 -8.467059e-01 1.442746e+00
 -1.420861e-01 -1.045230e+00 1.362139e+00
 -3.437555e-01 -1.176656e+00 1.256314e+00
 -5.576885e-01 -1.238814e+00 1.146806e+00
 -7.369377e-01 -1.237331e+00 1.070845e+00
 -9.002467e-01 -1.222191e+00 1.044651e+00
 -1.143045e+00 -1.257641e+00 1.014060e+00
 -1.416295e+00 -1.366841e+00 8.776083e-01
 -1.638930e+00 -1.484701e+00 6.256421e-01
 -1.762884e+00 -1.568585e+00 2.918324e-01
 -1.766306e+00 -1.710831e+00 -9.685628e-01
 -1.721267e+00 -1.681080e+00 -1.251370e+00
 -1.624440e+00 -1.573373e+00 -1.534110e+00
 -1.467503e+00 -1.378687e+00 -1.779036e+00
 -1.255194e+00 -1.099612e+00 -1.935463e+00
 -1.008112e+00 -7.728708e-01 -1.947322e+00
 -8.005801e-01 -4.391277e-01 -1.787505e+00
 -7.113403e-01 -1.906217e-01 -1.510339e+00
 -7.964897e-01 2.430086e-02 -1.203233e+00
 -9.694072e-01 3.084046e-01 -1.015472e+00
 -1.011315e+00 7.899599e-01 -9.372617e-01
 -7.487894e-01 1.302456e+00 -8.979361e-01
 -2.559779e-01 1.590026e+00 -8.169270e-01
 3.318936e-01 1.554868e+00 -7.105804e-01
 9.416470e-01 1.098065e+00 -5.046949e-01
 1.169478e+00 1.016838e+00 -4.385384e-01
 1.417385e+00 9.132288e-01 -4.467918e-01
 1.655330e+00 7.311905e-01 -5.125029e-01
 1.821365e+00 5.183627e-01 -6.223984e-01
 1.911224e+00 2.929257e-01 -7.575768e-01
 1.927624e+00 7.250893e-02 -8.973407e-01
 1.880330e+00 -1.329140e-01 -1.028797e+00
 1.777864e+00 -3.165324e-01 -1.150454e+00
 1.626529e+00 -4.698503e-01 -1.262267e+00
 1.427736e+00 -5.913843e-01 -1.353343e+00
 1.183309e+00 -6.737461e-01 -1.412079e+00
 8.959997e-01 -7.066961e-01 -1.426129e+00
 6.027459e-01 -6.808854e-01 -1.376689e+00
 3.383895e-01 -5.997110e-01 -1.254508e+00
 1.277718e-01 -4.882148e-01 -1.046942e+00
 1.501933e-02 -4.263472e-01 -8.121863e-01
 -6.045831e-02 -4.262692e-01 -6.062606e-01
 -1.409704e-01 -4.289184e-01 2.024676e-01
 -1.730405e-01 -4.272116e-01 3.269476e-01
 -2.514526e-01 -4.064116e-01 4.883889e-01
 -3.217058e-01 -3.760532e-01 5.899984e-01
 -6.290666e-01 -2.485762e-01 9.175917e-01
 -7.318416e-01 -2.279305e-01 1.172013e+00
 -8.343361e-01 -3.047627e-01 1.475466e+00
 -9.177686e-01 -4.933445e-01 1.751090e+00
 -9.770814e-01 -7.699349e-01 1.950348e+00
 -1.011422e+00 -1.101422e+00 2.046929e+00
 -1.022690e+00 -1.448821e+00 2.028041e+00
 -1.006878e+00 -1.773994e+00 1.894194e+00
 -9.663298e-01 -2.038520e+00 1.655461e+00
 -9.162882e-01 -2.205083e+00 1.332546e+00
 -8.595673e-01 -2.243298e+00 9.569795e-01
 -7.990072e-01 -2.131067e+00 5.782816e-01
 -7.545231e-01 -1.868907e+00 2.642650e-01
 -7.590952e-01 -1.501005e+00 7.312164e-02
 -8.243178e-01 -1.212628e+00 4.205992e-02
 -1.081782e+00 -7.885383e-01 6.025919e-02
 -1.167171e+00 -4.138650e-01 4.589068e-03
 -1.014367e+00 8.874249e-01 6.980306e-02
 -8.031613e-01 1.266218e+00 1.028342e-01
 -4.116323e-01 1.532785e+00 1.697017e-01
 5.787430e-02 1.589787e+00 2.619374e-01
 8.459621e-01 1.287225e+00 4.788482e-01
 1.080937e+00 1.260521e+00 5.985068e-01
 1.317918e+00 1.240744e+00 8.633633e-01
 1.447018e+00 1.215460e+00 1.193715e+00
 1.452813e+00 1.172635e+00 1.548775e+00
 1.335434e+00 1.115550e+00 1.881252e+00
 1.110134e+00 1.041908e+00 2.151231e+00
 7.997900e-01 9.656199e-01 2.325337e+00
 4.400933e-01 8.852675e-01 2.376193e+00
 7.467558e-02 8.113302e-01 2.286434e+00
 -2.429799e-01 7.628077e-01 2.057670e+00
 -4.573810e-01 7.372600e-01 1.710079e+00
 -5.184365e-01 7.439299e-01 1.299091e+00
 -4.167734e-01 7.386128e-01 9.340645e-01
 -1.818872e-01 6.361787e-01 6.278868e-01
 -1.220734e-01 6.028465e-01 5.030502e-01
 -9.022488e-02 5.759070e-01 3.775439e-01
 -7.153762e-02 5.680398e-01 2.950720e-01
 -4.729809e-02 5.681716e-01 1.623211e-01
 -2.460851e-02 5.738539e-01 -6.932935e-01
 6.080052e-03 5.733421e-01 -8.672648e-01
 1.856773e-02 6.329753e-01 -1.159539e+00
 -1.059326e-01 7.216554e-01 -1.488320e+00
 -3.986812e-01 7.713317e-01 -1.786170e+00
 -8.018560e-01 7.484593e-01 -1.960420e+00
 -1.263841e+00 5.586320e-01 -1.985729e+00
 -1.626501e+00 2.128582e-01 -1.828490e+00
