 6.075765e-02 9.167641e-01 -9.392212e-01
 -1.272117e-01 6.693782e-01 -8.929276e-01
 -6.109967e-01 3.695580e-02 -5.421724e-01
 -7.350630e-01 -1.136860e-01 -4.814593e-01
 -1.299557e+00 -6.292715e-01 -5.078079e-01
 -1.659392e+00 -9.169497e-01 -2.770192e-01
 -1.876671e+00 -1.092279e+00 1.105236e-01
 -1.951791e+00 -1.111251e+00 5.475965e-01
 -1.906066e+00 -9.943097e-01 9.479152e-01
 -1.749521e+00 -8.031843e-01 1.252169e+00
 -1.535055e+00 -6.019879e-01 1.429394e+00
 -1.311491e+00 -4.227995e-01 1.498662e+00
 -7.837729e-01 -4.670341e-02 1.479936e+00
 -1.480237e-01 3.692934e-01 1.395017e+00
 1.719179e-01 5.528061e-01 1.203000e+00
 4.435375e-01 6.736279e-01 8.105743e-01
 5.294760e-01 6.360640e-01 3.946445e-01
 5.274350e-01 5.155030e-01 5.783958e-02
 6.105773e-01 3.814926e-01 -2.373062e-01
 8.178328e-01 2.785952e-01 -6.409619e-01
 8.786228e-01 9.813492e-02 -9.745715e-01
 9.113936e-01 -2.878280e-01 -1.264392e+00
 9.126395e-01 -7.716928e-01 -1.353751e+00
 8.434115e-01 -1.163088e+00 -1.237083e+00
 7.082687e-01 -1.459038e+00 -9.956344e-01
 5.547692e-01 -1.637711e+00 -6.498569e-01
 4.426871e-01 -1.657336e+00 -3.635025e-01
 4.313517e-01 -1.598007e+00 1.983784e-01
 6.089636e-01 -1.924706e+00 6.929649e-01
 1.137655e+00 -2.233384e+00 9.202386e-01
 1.657518e+00 -2.315846e+00 8.612668e-01
 1.997244e+00 -2.256974e+00 7.014817e-01
 2.176479e+00 -2.172991e+00 5.607371e-01
 2.274275e+00 -2.097527e+00 4.602632e-01
 2.341749e+00 -2.023639e+00 3.746692e-01
 2.401357e+00 -1.929398e+00 2.772885e-01
 2.450686e+00 -1.790489e+00 1.484515e-01
 2.459866e+00 -1.587263e+00 -2.045392e-02
 2.371240e+00 -1.318848e+00 -2.176152e-01
 2.117787e+00 -1.018161e+00 -3.928170e-01
 1.676403e+00 -7.773734e-01 -4.549101e-01
 9.516001e-01 -7.240321e-01 -3.203953e-01
 6.133699e-01 -6.630306e-01 -3.317798e-01
 3.870756e-01 -6.429849e-01 -4.465692e-01
 1.464108e-01 -6.690407e-01 -6.640789e-01
 -1.437676e-01 -6.737976e-01 -1.129410e+00
 -4.974384e-01 -4.931648e-01 -1.417607e+00
 -8.449602e-01 -2.130049e-01 -1.507895e+00
 -1.119014e+00 6.389958e-02 -1.428405e+00
 -1.330813e+00 3.077444e-01 -1.214861e+00
 -1.457388e+00 5.246270e-01 -8.602755e-01
 -1.428863e+00 6.573395e-01 -3.834759e-01
 -1.466190e+00 8.439982e-01 2.041090e-01
 -1.691478e+00 1.020954e+00 5.124806e-01
 -2.003197e+00 1.403284e+00 6.767113e-01
 -2.234512e+00 1.807845e+00 6.111253e-01
 -2.325172e+00 2.162989e+00 4.112981e-01
 -2.307368e+00 2.414930e+00 1.556766e-01
 -2.221533e+00 2.568028e+00 -1.055905e-01
 -2.083152e+00 2.647826e+00 -3.507500e-01
 -1.892899e+00 2.660861e+00 -5.857754e-01
 -1.637217e+00 2.585417e+00 -8.085565e-01
 -1.320824e+00 2.378071e+00 -9.765680e-01
 -9.981878e-01 2.023432e+00 -1.000130e+00
 -7.509659e-01 1.604055e+00 -7.806713e-01
 -6.392241e-01 1.326623e+00 -3.143414e-01
 -5.087162e-01 1.130673e+00 -5.138513e-02
 -4.584340e-01 9.222801e-01 1.337038e-01
 -4.825017e-01 3.434882e-01 4.106683e-01
 -2.105664e-01 -8.761981e-02 4.410412e-01
 1.344515e-01 -3.159684e-01 5.620933e-01
 6.290762e-01 -3.686303e-01 6.308621e-01
 1.071775e+00 -2.303072e-01 5.509052e-01
 1.438698e+00 4.985015e-02 2.604378e-01
 1.599131e+00 4.330216e-01 7.165069e-02
 1.503104e+00 1.263770e+00 -3.531013e-01
 1.340648e+00 1.774861e+00 -5.529747e-01
 1.125297e+00 2.103084e+00 -6.011022e-01
 8.294366e-01 2.333811e+00 -5.759989e-01
 5.049849e-01 2.447968e+00 -5.006419e-01
 1.697677e-01 2.456767e+00 -3.824859e-01
 -3.576180e-01 2.399448e+00 -1.670638e-01
 -8.782435e-01 2.303729e+00 2.001800e-03
 -1.244068e+00 2.119889e+00 1.522475e-02
 -1.443519e+00 1.910987e+00 -4.722800e-02
 -1.611859e+00 1.755373e+00 -2.132693e-01
 -1.859936e+00 1.641009e+00 -3.414744e-01
 -2.143141e+00 1.444643e+00 -3.541203e-01
 -2.366215e+00 1.147961e+00 -2.759795e-01
 -2.470371e+00 7.836552e-01 -1.213691e-01
 -2.394664e+00 3.683767e-01 7.524071e-02
 -2.079332e+00 -1.077414e-03 2.876783e-01
 -1.501090e+00 -1.883258e-01 4.477124e-01
 -1.213754e+00 -3.710681e-01 4.938169e-01
 -1.094498e+00 -5.557765e-01 5.088253e-01
 -9.990815e-01 -7.103727e-01 4.945624e-01
 -8.012951e-01 -1.214683e+00 3.852406e-01
 -6.440168e-01 -1.651366e+00 2.852673e-01
 -3.967685e-01 -2.192477e+00 1.599766e-01
 -1.342755e-01 -2.456683e+00 7.966553e-02
 1.943410e-01 -2.610875e+00 -4.760001e-03
 5.182952e-01 -2.638510e+00 -6.035620e-02
 7.833723e-01 -2.580413e+00 -8.587728e-02
 9.919289e-01 -2.475764e+00 -1.087576e-01
 1.147240e+00 -2.348287e+00 -1.226604e-01
 1.283452e+00 -2.182439e+00 -1.083171e-01
 1.384099e+00 -1.969107e+00 -6.779899e-02
 1.447399e+00 -1.678326e+00 5.794867e-02
 1.479992e+00 -1.509450e+00 2.503651e-01
 1.529242e+00 -1.416250e+00 3.543538e-01
 1.748177e+00 -1.032384e+00 6.641877e-01
 1.931754e+00 -6.177890e-01 9.591863e-01
 1.964328e+00 -2.778089e-01 1.108980e+00
 1.905140e+00 8.557816e-02 1.174906e+00
 1.773200e+00 4.262462e-01 1.143576e+00
 1.590398e+00 7.714628e-01 1.028746e+00
 1.295779e+00 1.257081e+00 7.442722e-01
 1.055862e+00 1.502689e+00 5.257361e-01
 7.790568e-01 1.613343e+00 3.134122e-01
 5.849134e-01 1.603380e+00 1.198730e-01
 4.394706e-01 1.512411e+00 -1.157088e-01
 3.727183e-01 1.356181e+00 -5.248705e-01
 2.218564e-01 1.120978e+00 -8.286312e-01
