 -4.688963e-01 5.418771e-01 1.665352e+00
 -1.328779e-01 5.428604e-01 1.314583e+00
 8.821546e-02 6.090119e-01 1.182727e+00
 3.730126e-01 6.691970e-01 1.142665e+00
 1.471279e+00 6.001641e-01 9.285820e-01
 1.873613e+00 3.786093e-01 6.819087e-01
 2.079110e+00 -8.472989e-03 3.435504e-01
 2.009926e+00 -4.237454e-01 3.529631e-02
 1.696499e+00 -7.756909e-01 -1.751519e-01
 1.203810e+00 -9.666851e-01 -2.589784e-01
 5.518190e-01 -8.920072e-01 -2.373853e-01
 2.626350e-01 -9.740883e-01 -3.030141e-01
 6.120517e-02 -1.055895e+00 -4.232572e-01
 -1.538306e-01 -1.101274e+00 -6.630225e-01
 -2.986310e-01 -1.080191e+00 -9.524131e-01
 -3.673691e-01 -9.837819e-01 -1.281472e+00
 -3.017879e-01 -4.796644e-01 -2.356821e+00
 -2.695036e-01 -2.002033e-01 -2.619166e+00
 -2.192332e-01 1.612083e-01 -2.762348e+00
 -1.493244e-01 5.224261e-01 -2.768747e+00
 -5.358735e-02 8.535825e-01 -2.651240e+00
 6.028587e-02 1.113299e+00 -2.430134e+00
 1.827395e-01 1.272127e+00 -2.137745e+00
 3.039849e-01 1.315051e+00 -1.812265e+00
 4.130537e-01 1.242353e+00 -1.498605e+00
 5.895836e-01 9.851855e-01 -1.106308e+00
 7.565585e-01 6.690587e-01 -9.152712e-01
 9.267322e-01 4.825851e-01 -7.675645e-01
 1.022884e+00 2.922624e-01 -5.266351e-01
 1.089420e+00 5.740427e-02 -1.061630e-02
 1.039273e+00 -1.025338e-01 3.006475e-01
 1.059533e+00 -2.309899e-01 4.568707e-01
 1.230754e+00 -5.115914e-01 7.397416e-01
 1.257607e+00 -7.427885e-01 9.815052e-01
 1.175326e+00 -9.576077e-01 1.231242e+00
 9.810054e-01 -1.143733e+00 1.467424e+00
 7.267968e-01 -1.252434e+00 1.631141e+00
 4.213012e-01 -1.284508e+00 1.734253e+00
 8.736488e-02 -1.226740e+00 1.775587e+00
 -2.321045e-01 -1.090258e+00 1.736340e+00
 -4.828944e-01 -9.021544e-01 1.624655e+00
 -6.530872e-01 -6.729227e-01 1.453672e+00
 -7.606669e-01 -2.984296e-01 1.135382e+00
 -8.882345e-01 -1.190473e-01 1.016335e+00
 -1.032726e+00 2.689624e-02 9.459030e-01
 -1.472028e+00 3.376923e-01 8.498149e-01
 -1.718636e+00 6.324703e-01 6.139889e-01
 -1.795315e+00 9.217772e-01 2.745969e-01
 -1.684103e+00 1.151508e+00 -9.602875e-02
 -1.416151e+00 1.257798e+00 -4.471546e-01
 -1.049928e+00 1.216882e+00 -7.060719e-01
 -6.530174e-01 1.034003e+00 -8.281547e-01
 -3.344753e-01 7.443389e-01 -7.998896e-01
 -2.311653e-01 4.952437e-01 -7.410276e-01
 -1.485788e-01 2.573950e-01 -7.565694e-01
 -5.752884e-02 9.870903e-02 -7.868713e-01
 3.136226e-02 -1.966284e-02 -8.301370e-01
 1.164410e-01 -1.130803e-01 -8.831948e-01
 1.862347e-01 -1.773339e-01 -9.297975e-01
 4.415898e-01 -3.735026e-01 -1.112924e+00
 5.974249e-01 -6.488692e-01 -1.227704e+00
 6.840470e-01 -1.022651e+00 -1.249439e+00
 7.081683e-01 -1.355181e+00 -1.158916e+00
 7.015883e-01 -1.643195e+00 -9.521625e-01
 6.752828e-01 -1.839832e+00 -6.586399e-01
 6.297100e-01 -1.925911e+00 -2.927001e-01
 5.651154e-01 -1.881679e+00 6.018510e-02
 4.758355e-01 -1.717431e+00 3.725665e-01
 3.766777e-01 -1.452735e+00 6.029753e-01
 2.542309e-01 -9.752996e-01 7.755929e-01
 2.373346e-01 -7.825935e-01 8.687296e-01
 2.555526e-01 -5.566015e-01 1.018719e+00
 3.206098e-01 -4.008573e-01 1.215315e+00
 4.528116e-01 -2.459516e-01 1.610085e+00
 4.954043e-01 -2.116496e-02 1.887830e+00
 4.946025e-01 2.810194e-01 2.077620e+00
 4.625081e-01 6.231364e-01 2.154330e+00
 3.820318e-01 9.528657e-01 2.118445e+00
 2.500292e-01 1.239114e+00 1.981245e+00
 7.173462e-02 1.445902e+00 1.769091e+00
 -1.451750e-01 1.553979e+00 1.494523e+00
 -3.415292e-01 1.538736e+00 1.197861e+00
 -4.982050e-01 1.406371e+00 9.087837e-01
 -7.967755e-01 7.091065e-01 1.693525e-01
 -8.341305e-01 6.040967e-01 8.841693e-02
 -8.970147e-01 4.975150e-01 1.398214e-02
 -9.973516e-01 3.841244e-01 -9.668207e-02
 -1.105974e+00 2.781860e-01 -2.868016e-01
 -1.169662e+00 1.988855e-01 -5.218384e-01
 -1.180882e+00 1.544692e-01 -7.681136e-01
 -1.135365e+00 1.370758e-01 -1.015032e+00
 -1.037450e+00 1.483826e-01 -1.245511e+00
 -8.921102e-01 1.863908e-01 -1.446362e+00
 -7.045147e-01 2.438951e-01 -1.605354e+00
 -4.908823e-01 3.079133e-01 -1.707619e+00
 -2.993397e-01 3.441654e-01 -1.746902e+00
 -7.336345e-02 3.246447e-01 -1.765211e+00
 6.061338e-01 2.767252e-01 -1.921883e+00
 1.222444e+00 5.568489e-01 -1.859748e+00
 1.581779e+00 9.262559e-01 -1.523108e+00
 1.634231e+00 1.246577e+00 -9.996975e-01
 1.367803e+00 1.393186e+00 -4.570208e-01
 9.112488e-01 1.283439e+00 -7.626828e-02
 3.359690e-01 8.134661e-01 1.087936e-01
 4.429037e-02 1.331125e-01 2.409006e-01
 -1.660214e-01 -1.764014e-01 1.766784e-01
 -6.839215e-01 -6.237365e-01 1.514050e-01
 -1.030433e+00 -8.035434e-01 2.701551e-01
 -1.347362e+00 -8.807923e-01 5.115100e-01
 -1.583756e+00 -8.465858e-01 8.341726e-01
 -1.705857e+00 -7.101320e-01 1.188164e+00
 -1.698206e+00 -4.902111e-01 1.530665e+00
 -1.571678e+00 -2.457452e-01 1.774916e+00
 -1.338332e+00 2.820207e-02 1.921380e+00
 -1.058735e+00 2.649400e-01 1.945235e+00
 -7.558467e-01 4.424141e-01 1.855306e+00
