 1.994123e-01 -2.686914e-01 2.291097e+00
 1.271243e-01 -6.109725e-01 2.148059e+00
 9.207795e-02 -8.854799e-01 1.886263e+00
 7.938164e-02 -1.047741e+00 1.538006e+00
 7.977351e-02 -1.069020e+00 1.155132e+00
 8.382987e-02 -9.458677e-01 7.965612e-01
 1.003966e-01 -7.053041e-01 5.117342e-01
 1.115649e-01 -2.888258e-01 2.839234e-01
 1.187681e-01 -1.257999e-01 1.319987e-01
 1.549416e-01 1.676141e-01 -2.669122e-01
 2.008488e-01 3.538092e-01 -4.462134e-01
 2.278570e-01 7.902130e-01 -6.756692e-01
 2.963927e-01 1.039741e+00 -9.456436e-01
 4.181099e-01 1.173516e+00 -1.275809e+00
 5.583093e-01 1.166983e+00 -1.623362e+00
 7.185788e-01 1.024744e+00 -1.938567e+00
 8.878677e-01 7.713136e-01 -2.165591e+00
 1.050846e+00 4.486385e-01 -2.270412e+00
 1.190931e+00 9.766104e-02 -2.238111e+00
 1.271398e+00 -2.382245e-01 -2.077412e+00
 1.278752e+00 -5.108260e-01 -1.812652e+00
 1.214311e+00 -6.819143e-01 -1.480742e+00
 1.094626e+00 -7.262007e-01 -1.142112e+00
 9.042105e-01 -5.719563e-01 -5.597298e-01
 9.255772e-01 -5.899700e-01 -2.434019e-01
 1.031661e+00 -6.096252e-01 1.545400e-02
 1.142713e+00 -4.685638e-01 3.058764e-01
 1.277268e+00 -2.397334e-01 5.373358e-01
 1.531799e+00 3.701562e-01 8.513754e-01
 1.589340e+00 7.474032e-01 9.019105e-01
 1.532901e+00 1.116810e+00 8.682829e-01
 1.366744e+00 1.422049e+00 7.766936e-01
 1.098881e+00 1.639378e+00 6.543155e-01
 7.261110e-01 1.747115e+00 4.960483e-01
 3.666726e-01 1.696379e+00 3.411342e-01
 -4.700161e-01 1.169288e+00 -5.425166e-02
 -6.406662e-01 9.942517e-01 -1.956626e-01
 -7.501960e-01 8.001262e-01 -3.670918e-01
 -8.006865e-01 5.519510e-01 -5.571576e-01
 -7.555050e-01 1.250256e-01 -7.505684e-01
 -7.898791e-01 -9.393921e-02 -8.880463e-01
 -9.295245e-01 -2.915623e-01 -1.094040e+00
 -1.220147e+00 -4.560261e-01 -1.309714e+00
 -1.600457e+00 -5.320274e-01 -1.423763e+00
 -2.004891e+00 -5.421354e-01 -1.387386e+00
 -2.361371e+00 -4.799966e-01 -1.215303e+00
 -2.617987e+00 -3.527393e-01 -9.371588e-01
 -2.738617e+00 -2.128581e-01 -5.770437e-01
 -2.706378e+00 -9.643018e-02 -2.012452e-01
 -2.530865e+00 -1.225990e-02 1.309030e-01
 -2.271011e+00 -5.327916e-03 3.689153e-01
 -2.010552e+00 -8.251822e-02 5.052475e-01
 -1.822990e+00 -2.471839e-01 6.015377e-01
 -1.707195e+00 -3.839505e-01 7.390810e-01
 -1.598871e+00 -4.451137e-01 8.644418e-01
 -1.403777e+00 -4.775865e-01 1.016505e+00
 -1.151113e+00 -4.655847e-01 1.150493e+00
 -9.002152e-01 -3.998210e-01 1.229422e+00
 -1.880412e-01 -8.572229e-02 1.292645e+00
 1.345206e-01 -4.481172e-02 1.295166e+00
 3.485133e-01 -9.601241e-02 1.292069e+00
 5.432256e-01 -1.477815e-01 1.335441e+00
 1.045664e+00 -3.382545e-01 1.558590e+00
 1.390453e+00 -4.155211e-01 1.588397e+00
 1.734775e+00 -4.384426e-01 1.512470e+00
 2.041381e+00 -3.983162e-01 1.344157e+00
 2.278108e+00 -2.938917e-01 1.107181e+00
 2.421172e+00 -1.313541e-01 8.328270e-01
 2.536322e+00 5.464261e-01 -1.103255e-01
 2.476155e+00 6.912213e-01 -4.164345e-01
 2.328595e+00 7.654322e-01 -7.187285e-01
 2.105300e+00 7.662031e-01 -9.815661e-01
 1.826331e+00 6.988619e-01 -1.173637e+00
 1.518562e+00 5.765814e-01 -1.271212e+00
 1.029156e+00 3.253511e-01 -1.255583e+00
 8.341966e-01 2.451597e-01 -1.289013e+00
 6.638260e-01 1.759709e-01 -1.366767e+00
 4.574897e-01 1.634793e-01 -1.455471e+00
 2.229441e-01 2.009675e-01 -1.528313e+00
 -6.454341e-01 5.249847e-01 -1.697981e+00
 -1.082272e+00 5.828861e-01 -1.616068e+00
 -1.481840e+00 5.448632e-01 -1.369461e+00
 -1.719230e+00 4.105894e-01 -1.042195e+00
 -1.780013e+00 2.297635e-01 -7.431014e-01
 -1.725275e+00 -6.359542e-02 -4.982780e-01
 -1.727104e+00 -3.774859e-01 -4.168745e-01
 -1.850024e+00 -6.748561e-01 -3.248815e-01
 -2.102668e+00 -9.242421e-01 -1.160953e-01
 -2.375999e+00 -1.030590e+00 2.332174e-01
 -2.574369e+00 -9.503456e-01 6.511838e-01
 -2.636210e+00 -7.038561e-01 1.050166e+00
 -2.536342e+00 -3.590680e-01 1.348867e+00
 -2.282249e+00 4.059421e-03 1.499005e+00
 -1.935715e+00 3.240869e-01 1.456940e+00
 -1.551864e+00 5.199268e-01 1.234391e+00
 -1.214137e+00 5.300530e-01 8.886600e-01
 -9.943479e-01 3.501650e-01 5.279294e-01
 -8.904960e-01 4.056071e-02 3.034462e-01
 -8.818984e-01 -3.492222e-01 1.230075e-01
 -8.039003e-01 -6.185764e-01 -3.358560e-02
 -6.256218e-01 -8.573602e-01 -2.076338e-01
 -3.501532e-01 -1.074662e+00 -3.217623e-01
 6.170449e-01 -1.549395e+00 -3.948139e-01
 9.325580e-01 -1.595057e+00 -4.049023e-01
 1.250725e+00 -1.539230e+00 -4.092046e-01
 1.572883e+00 -1.364665e+00 -4.149846e-01
 1.798088e+00 -1.110733e+00 -4.267790e-01
 1.919640e+00 -7.945035e-01 -4.468647e-01
 1.923698e+00 -4.374972e-01 -4.522024e-01
 1.800841e+00 -8.752490e-02 -4.254272e-01
 1.362941e+00 4.626962e-01 -2.389825e-01
 1.130595e+00 6.603721e-01 -7.968273e-02
 9.120923e-01 7.750083e-01 1.372268e-01
 7.269718e-01 7.373582e-01 3.320399e-01
 5.991547e-01 7.192188e-01 6.059085e-01
 5.300343e-01 8.996893e-01 1.200152e+00
 5.155739e-01 8.733887e-01 1.561948e+00
 4.680375e-01 7.132720e-01 1.903036e+00
 3.926200e-01 4.424718e-01 2.159927e+00
 2.979485e-01 9.911825e-02 2.295844e+00
