 -5.322383e-01 1.201600e+00 -1.184939e+00
 -7.815949e-01 1.049595e+00 -1.222003e+00
 -1.482518e+00 3.095592e-01 -1.220545e+00
 -1.779639e+00 -6.731932e-02 -1.003449e+00
 -1.916304e+00 -3.111244e-01 -7.188147e-01
 -1.901636e+00 -5.825257e-01 -4.083996e-01
 -1.849163e+00 -6.857727e-01 -8.334332e-02
 -1.740444e+00 -6.976281e-01 1.805584e-01
 -1.517678e+00 -6.847854e-01 4.319704e-01
 -1.216439e+00 -6.420486e-01 5.977185e-01
 -8.682130e-01 -5.877110e-01 6.488889e-01
 -3.452610e-01 -5.398541e-01 5.440924e-01
 4.200567e-02 -5.636656e-01 5.982207e-01
 2.359595e-01 -6.461166e-01 7.062441e-01
 3.935035e-01 -7.096683e-01 8.528511e-01
 5.668268e-01 -7.217587e-01 1.091389e+00
 6.890362e-01 -6.524595e-01 1.411497e+00
 7.556075e-01 -4.623089e-01 1.720414e+00
 7.474392e-01 -1.496153e-01 1.977561e+00
 7.147425e-01 2.146799e-01 2.085923e+00
 6.423081e-01 6.061720e-01 2.045441e+00
 5.125797e-01 9.543083e-01 1.858425e+00
 3.580749e-01 1.194717e+00 1.542298e+00
 2.167807e-01 1.272572e+00 1.182434e+00
 1.741818e-01 1.220452e+00 6.969940e-01
 2.645837e-01 1.298022e+00 3.022643e-01
 4.129775e-01 1.470436e+00 3.400355e-02
 7.065877e-01 1.660568e+00 -1.532427e-01
 1.050130e+00 1.780883e+00 -2.241871e-01
 1.419711e+00 1.834431e+00 -1.731902e-01
 1.768590e+00 1.785029e+00 -2.630232e-02
 2.040602e+00 1.648768e+00 2.025874e-01
 2.198445e+00 1.444567e+00 4.762005e-01
 2.228534e+00 1.191832e+00 7.427986e-01
 2.132653e+00 9.160419e-01 9.632116e-01
 1.922793e+00 6.584853e-01 1.118929e+00
 1.623994e+00 4.583316e-01 1.196130e+00
 1.280134e+00 3.392785e-01 1.181380e+00
 7.473774e-01 3.246973e-01 1.054121e+00
 3.844093e-01 2.746345e-01 1.095511e+00
 3.009978e-02 1.834015e-01 1.309618e+00
 -2.684291e-01 -2.498006e-01 1.558538e+00
 -3.635402e-01 -8.750565e-01 1.558190e+00
 -3.307523e-01 -1.370376e+00 1.213286e+00
 -2.083803e-01 -1.598288e+00 6.121427e-01
 3.809347e-02 -1.447179e+00 3.622947e-02
 8.794015e-02 -1.449563e+00 -1.343764e-01
 1.469603e-01 -1.497479e+00 -3.020020e-01
 2.857204e-01 -1.637928e+00 -6.005633e-01
 4.094825e-01 -1.652907e+00 -9.673831e-01
 4.899334e-01 -1.525735e+00 -1.330111e+00
 5.164941e-01 -1.257149e+00 -1.646505e+00
 4.680612e-01 -9.362513e-01 -1.841881e+00
 3.719564e-01 -5.863868e-01 -1.903205e+00
 2.453823e-01 -2.316345e-01 -1.816991e+00
 6.659884e-02 8.430858e-02 -1.576800e+00
 -1.013523e-01 2.542164e-01 -1.250789e+00
 -1.972388e-01 2.837094e-01 -9.053339e-01
 -2.387655e-01 3.603546e-01 -6.872137e-01
 -2.344468e-01 5.141677e-01 -3.786061e-01
 -2.144429e-01 5.127479e-01 -1.172602e-01
 -2.588620e-01 4.593955e-01 1.217907e-01
 -3.702087e-01 4.535598e-01 3.424951e-01
 -5.899847e-01 4.430386e-01 5.693079e-01
 -8.645103e-01 4.177195e-01 7.235577e-01
 -1.190926e+00 3.714725e-01 7.856048e-01
 -1.520402e+00 3.225670e-01 7.372076e-01
 -2.205081e+00 1.797943e-01 3.822005e-01
 -2.613398e+00 -1.738869e-02 8.496519e-02
 -2.838943e+00 -2.547363e-01 -1.900773e-01
 -2.915750e+00 -4.693587e-01 -4.251276e-01
 -2.888719e+00 -6.867376e-01 -6.672116e-01
 -2.761849e+00 -8.818931e-01 -8.942046e-01
 -2.549543e+00 -1.032734e+00 -1.086039e+00
 -2.274774e+00 -1.122320e+00 -1.226752e+00
 -1.966335e+00 -1.140523e+00 -1.306070e+00
 -7.122840e-01 -9.348717e-01 -1.342758e+00
 -3.779392e-01 -8.630575e-01 -1.229745e+00
 -4.342943e-03 -7.155893e-01 -9.333131e-01
 3.037199e-01 -6.232060e-01 -8.533064e-01
 8.636578e-01 -4.810817e-01 -9.628584e-01
 1.056046e+00 -4.094887e-01 -9.638667e-01
 1.252205e+00 -3.289117e-01 -9.186610e-01
 1.441765e+00 -2.261098e-01 -8.242452e-01
 1.600332e+00 -9.567847e-02 -6.871422e-01
 1.712453e+00 6.447027e-02 -5.142297e-01
 1.760900e+00 2.504270e-01 -3.203096e-01
 1.733466e+00 4.482305e-01 -1.212175e-01
 1.626581e+00 6.404849e-01 6.439176e-02
 1.350402e+00 8.971751e-01 3.024586e-01
 1.247002e+00 1.057058e+00 4.628635e-01
 1.219417e+00 1.197592e+00 6.117913e-01
 1.192566e+00 1.407359e+00 7.310375e-01
 1.070600e+00 1.733937e+00 8.037205e-01
 8.748995e-01 1.987508e+00 8.024012e-01
 5.823470e-01 2.168698e+00 7.635592e-01
 2.773482e-01 2.253048e+00 6.839862e-01
 -1.726807e-02 2.241342e+00 5.797022e-01
 -2.850642e-01 2.139875e+00 4.643368e-01
 -5.033995e-01 1.960391e+00 3.451431e-01
 -1.141762e+00 9.386914e-01 -1.323381e-01
 -1.228345e+00 6.240224e-01 -2.098426e-01
 -1.222113e+00 3.692504e-01 -2.315238e-01
 -1.158551e+00 1.339051e-01 -2.121793e-01
 -1.046068e+00 -6.578769e-02 -2.232343e-01
 -9.336649e-01 -2.719962e-01 -3.172874e-01
 -8.825821e-01 -5.292679e-01 -3.784060e-01
 -8.798396e-01 -9.224963e-01 -3.363684e-01
 -8.956911e-01 -1.588518e+00 -3.489076e-01
 -7.968476e-01 -1.909028e+00 -3.276958e-01
 -5.943303e-01 -2.193835e+00 -2.686900e-01
 -3.275425e-01 -2.385791e+00 -1.730761e-01
 -2.722639e-02 -2.470762e+00 -5.546038e-02
 2.780744e-01 -2.444012e+00 5.651417e-02
 5.625921e-01 -2.312232e+00 1.466883e-01
 8.056909e-01 -2.089742e+00 1.967855e-01
 9.655036e-01 -1.828663e+00 2.044679e-01
 1.044856e+00 -1.534298e+00 1.837343e-01
 1.019907e+00 -6.357933e-01 5.845450e-02
 8.543105e-01 -1.466865e-01 1.235127e-02
 7.401678e-01 1.669659e-01 -1.867074e-01
 7.723071e-01 5.294120e-01 -5.295038e-01
 6.994183e-01 7.780239e-01 -7.177148e-01
 5.349811e-01 9.909905e-01 -8.844424e-01
 3.094526e-01 1.165482e+00 -9.788912e-01
 4.082260e-02 1.263001e+00 -1.060814e+00
 -2.484557e-01 1.275237e+00 -1.131922e+00
