 1.650407e+00 -6.989987e-01 -1.809702e+00
 1.903117e+00 -8.125156e-01 -1.472416e+00
 1.996584e+00 -8.800885e-01 -1.051053e+00
 1.915463e+00 -8.852440e-01 -6.236873e-01
 1.333180e+00 -6.751209e-01 2.924044e-01
 1.158633e+00 -4.138012e-01 6.103722e-01
 1.122903e+00 -1.316293e-01 7.946820e-01
 1.105517e+00 2.587505e-01 8.658282e-01
 1.005912e+00 6.754012e-01 7.557220e-01
 8.811320e-01 9.844033e-01 5.008774e-01
 7.344730e-01 1.156091e+00 1.348967e-01
 5.784252e-01 1.157089e+00 -2.227074e-01
 3.864071e-01 1.043159e+00 -4.655728e-01
 -5.788751e-01 6.077458e-01 -9.664171e-01
 -8.455425e-01 2.159273e-01 -1.189133e+00
 -8.873836e-01 -2.689631e-01 -1.332506e+00
 -7.121523e-01 -7.005866e-01 -1.375813e+00
 -4.046892e-01 -1.038889e+00 -1.253099e+00
 -1.234058e-02 -1.374620e+00 -7.811495e-01
 2.505212e-01 -1.323984e+00 -4.422526e-01
 3.638032e-01 -1.109833e+00 2.574784e-02
 1.818028e-01 -6.514037e-01 6.332300e-01
 1.590186e-01 -3.080545e-01 1.021106e+00
 1.786495e-01 -2.653121e-02 1.175502e+00
 1.671395e-01 2.769078e-01 1.236985e+00
 1.010424e-01 5.895970e-01 1.209556e+00
 -5.137854e-02 8.559585e-01 1.140388e+00
 -2.686035e-01 1.032333e+00 1.053215e+00
 -4.836086e-01 1.133623e+00 1.053203e+00
 -6.553781e-01 1.278358e+00 1.069539e+00
 -8.573515e-01 1.547517e+00 9.976618e-01
 -1.003149e+00 1.831696e+00 8.034564e-01
 -1.064669e+00 2.059463e+00 5.193599e-01
 -1.028808e+00 2.209915e+00 1.828733e-01
 -8.982939e-01 2.264300e+00 -1.629954e-01
 -6.945749e-01 2.210409e+00 -4.731475e-01
 2.017460e-01 1.655591e+00 -1.304853e+00
 4.433129e-01 1.411994e+00 -1.439199e+00
 6.527842e-01 1.109932e+00 -1.460858e+00
 1.111935e+00 1.357973e-01 -1.175877e+00
 1.152792e+00 -8.748864e-02 -1.108790e+00
 1.082487e+00 -4.014311e-01 -9.889333e-01
 9.368895e-01 -8.024260e-01 -1.045686e+00
 7.371739e-01 -1.365313e+00 -1.474776e+00
 4.658286e-01 -1.650918e+00 -1.663021e+00
 8.816134e-02 -1.879504e+00 -1.726641e+00
 -3.331293e-01 -1.993633e+00 -1.669390e+00
 -7.396600e-01 -1.967958e+00 -1.521310e+00
 -1.074076e+00 -1.805044e+00 -1.328258e+00
 -1.375766e+00 -1.430300e+00 -1.064415e+00
 -1.586257e+00 -7.709354e-01 -6.516424e-01
 -1.551919e+00 -4.156941e-01 -1.203074e-01
 -1.434570e+00 -4.050572e-01 2.484837e-01
 -1.342289e+00 -5.989094e-01 6.148916e-01
 -1.250578e+00 -6.935727e-01 7.368071e-01
 -3.626220e-01 -1.156336e+00 1.356549e+00
 -9.642788e-02 -1.216328e+00 1.465594e+00
 1.924275e-01 -1.214583e+00 1.521383e+00
 7.596512e-01 -1.085757e+00 1.520494e+00
 1.599738e+00 -8.260599e-01 1.438744e+00
 1.933962e+00 -6.146494e-01 1.255360e+00
 2.126906e+00 -3.516378e-01 9.656051e-01
 2.142602e+00 -7.863224e-02 6.260656e-01
 1.977945e+00 1.515499e-01 2.903910e-01
 1.680130e+00 2.651355e-01 1.619648e-03
 1.249853e+00 2.788370e-01 -1.680027e-01
 8.061263e-01 1.631230e-01 -1.561862e-01
 4.963381e-01 1.486012e-01 4.222755e-02
 6.842406e-02 3.208859e-01 2.176815e-01
 -3.224871e-01 2.869780e-01 3.143895e-01
 -6.872092e-01 1.866331e-01 6.443588e-01
 -8.535562e-01 1.741829e-01 1.111712e+00
 -8.271152e-01 3.149383e-01 1.579641e+00
 -6.725160e-01 6.347619e-01 1.936331e+00
 -4.433963e-01 1.057202e+00 2.082959e+00
 -2.071836e-01 1.490540e+00 1.985309e+00
 -1.744405e-02 1.830219e+00 1.666500e+00
 8.178739e-02 1.994210e+00 1.203891e+00
 5.514521e-02 1.952972e+00 7.059770e-01
 -1.066611e-01 1.722940e+00 2.917891e-01
 -3.189305e-01 1.475663e+00 1.215247e-01
 -6.067011e-01 1.261758e+00 3.156317e-02
 -2.148808e+00 3.340678e-01 3.449265e-01
 -2.399122e+00 -5.934425e-02 4.023163e-01
 -2.456892e+00 -5.248609e-01 4.007542e-01
 -2.314445e+00 -9.631915e-01 3.351520e-01
 -1.966816e+00 -1.322558e+00 2.179558e-01
 -1.566290e+00 -1.472568e+00 1.315187e-01
 -1.129458e+00 -1.429677e+00 3.782398e-02
 -7.396019e-01 -1.118186e+00 -7.346957e-02
 -5.165939e-01 -6.050034e-01 -2.425653e-01
 -2.642935e-01 -3.256121e-01 -4.987063e-01
 6.297452e-02 -2.052880e-01 -8.235596e-01
 1.293511e-01 -1.417705e-01 -1.200229e+00
 1.975456e-01 -2.115368e-01 -1.500020e+00
 4.688733e-01 -3.137443e-01 -1.842126e+00
 8.429286e-01 -4.061603e-01 -2.028117e+00
 1.239664e+00 -5.352246e-01 -2.026306e+00
