 6.775841e-01 3.601044e-01 -1.305291e+00
 6.243758e-01 2.001968e-01 -1.030808e+00
 5.308835e-01 1.682059e-01 -7.090792e-01
 3.625733e-01 1.804248e-01 -4.325940e-01
 3.593130e-02 2.980577e-01 -1.043642e-02
 -8.913787e-02 3.053798e-01 2.974954e-01
 -1.047555e-01 3.504828e-01 5.399851e-01
 8.015090e-03 5.617658e-01 1.063145e+00
 8.705363e-02 5.422840e-01 1.491081e+00
 1.292209e-01 3.399611e-01 1.886156e+00
 1.094293e-01 -1.343008e-02 2.168080e+00
 4.727714e-03 -4.507713e-01 2.279910e+00
 -1.133445e-01 -8.971126e-01 2.176368e+00
 -1.728615e-01 -1.276200e+00 1.854342e+00
 -1.920993e-01 -1.463572e+00 1.358945e+00
 -2.486425e-01 -1.357793e+00 7.486060e-01
 -3.266236e-01 -1.421361e+00 4.543026e-01
 -4.787890e-01 -1.480913e+00 2.350816e-01
 -7.265203e-01 -1.483236e+00 3.184675e-02
 -1.045520e+00 -1.387128e+00 -1.284668e-01
 -1.347260e+00 -1.188048e+00 -2.059257e-01
 -1.577865e+00 -9.055291e-01 -2.015832e-01
 -1.705994e+00 -5.527008e-01 -1.214114e-01
 -1.695831e+00 -1.456657e-01 4.556233e-02
 -1.534408e+00 1.831660e-01 2.820801e-01
 -1.183234e+00 4.178763e-01 6.043597e-01
 -1.062628e+00 5.626575e-01 7.564887e-01
 -9.860538e-01 7.907390e-01 9.576999e-01
 -9.467327e-01 1.161579e+00 1.079382e+00
 -9.154389e-01 1.582664e+00 1.031066e+00
 -8.668291e-01 1.950628e+00 8.125941e-01
 -7.964392e-01 2.196562e+00 4.620475e-01
 -7.081099e-01 2.272290e+00 3.275212e-02
 -5.836914e-01 2.068326e+00 -6.826187e-01
 -4.888238e-01 1.826033e+00 -1.277071e+00
 -4.508838e-01 1.715142e+00 -1.454180e+00
 -3.938723e-01 1.511875e+00 -1.647341e+00
 -3.371358e-01 1.228834e+00 -1.786860e+00
 -2.933596e-01 8.721090e-01 -1.830046e+00
 -2.750970e-01 4.765042e-01 -1.728650e+00
 -2.966338e-01 1.111062e-01 -1.439232e+00
 -3.565010e-01 -1.333009e-02 -1.167673e+00
 -5.452094e-01 -1.958990e-01 -7.337164e-01
 -6.239457e-01 -3.045409e-01 -4.859781e-01
 -6.601618e-01 -3.713624e-01 -2.777719e-01
 -7.411148e-01 -4.917849e-01 2.811177e-01
 -8.856739e-01 -5.847364e-01 4.951306e-01
 -1.070734e+00 -7.429788e-01 6.720945e-01
 -1.203923e+00 -1.019473e+00 8.189452e-01
 -1.254315e+00 -1.300037e+00 8.860841e-01
 -1.226801e+00 -1.579212e+00 9.188809e-01
 -1.133996e+00 -1.837883e+00 9.203972e-01
 -1.000181e+00 -2.039554e+00 9.025165e-01
 -8.227735e-01 -2.203558e+00 8.669300e-01
 -5.951626e-01 -2.325141e+00 8.258291e-01
 -3.270196e-01 -2.384024e+00 7.821877e-01
 -2.360782e-02 -2.360486e+00 7.214741e-01
 2.832177e-01 -2.229528e+00 6.360559e-01
 5.495990e-01 -1.969974e+00 5.336985e-01
 7.051337e-01 -1.585292e+00 4.348768e-01
 6.705082e-01 -7.526765e-01 3.395522e-01
 7.053368e-01 -4.025934e-01 3.885662e-01
 8.408523e-01 -1.254507e-02 5.547844e-01
 9.202303e-01 3.030578e-01 5.158075e-01
 8.847077e-01 6.528195e-01 4.370078e-01
 7.015932e-01 9.864072e-01 3.547534e-01
 3.993428e-01 1.218553e+00 2.888254e-01
 1.304248e-02 1.318289e+00 2.242044e-01
 -7.261309e-01 1.242685e+00 8.500686e-02
 -9.728197e-01 1.271276e+00 3.258506e-02
 -1.364778e+00 1.326308e+00 1.331026e-01
 -1.736769e+00 1.267847e+00 4.127482e-01
 -1.959070e+00 1.079980e+00 7.551404e-01
 -2.016538e+00 7.976386e-01 1.068479e+00
 -1.913936e+00 4.957942e-01 1.323741e+00
 -1.684431e+00 2.212246e-01 1.491053e+00
 -1.364688e+00 5.804743e-03 1.554941e+00
 -7.885119e-01 -2.032563e-01 1.474790e+00
 -5.554137e-01 -2.817390e-01 1.410598e+00
 -2.373571e-01 -4.162497e-01 1.270220e+00
 7.902489e-02 -4.634952e-01 1.238022e+00
 5.433461e-01 -6.308462e-01 1.371340e+00
 8.808037e-01 -7.110921e-01 1.349734e+00
 1.170445e+00 -7.578138e-01 1.234540e+00
 1.618187e+00 -8.349825e-01 8.708513e-01
 2.149029e+00 -9.140428e-01 3.447969e-01
 2.333179e+00 -8.665081e-01 6.187385e-02
 2.443748e+00 -7.276329e-01 -2.489429e-01
 2.455475e+00 -5.060467e-01 -5.451054e-01
 2.350076e+00 -2.296208e-01 -7.879690e-01
 2.128538e+00 5.166059e-02 -9.407617e-01
 1.825579e+00 3.267152e-01 -9.573632e-01
 1.598738e+00 4.783836e-01 -8.500369e-01
 1.450580e+00 6.609875e-01 -6.889149e-01
 1.253181e+00 9.091180e-01 -6.163764e-01
 8.770170e-01 1.135878e+00 -6.339607e-01
 4.054168e-01 1.197806e+00 -7.293272e-01
 -3.819871e-01 9.323130e-01 -8.120582e-01
 -6.223447e-01 9.075185e-01 -8.572472e-01
 -8.526142e-01 8.435915e-01 -9.564627e-01
 -1.075534e+00 6.983150e-01 -1.089982e+00
 -1.241333e+00 4.818659e-01 -1.238232e+00
 -1.324404e+00 2.119849e-01 -1.384093e+00
 -1.311260e+00 -8.277237e-02 -1.510315e+00
 -1.201997e+00 -3.702452e-01 -1.602267e+00
 -1.007246e+00 -6.290777e-01 -1.644617e+00
 -7.477752e-01 -8.305596e-01 -1.624216e+00
 -4.645565e-01 -9.460507e-01 -1.546807e+00
 -1.999260e-01 -9.766198e-01 -1.433098e+00
 4.029834e-01 -8.770958e-01 -1.080991e+00
 7.929996e-01 -7.994046e-01 -8.377481e-01
 9.858415e-01 -7.325531e-01 -7.079516e-01
 1.434429e+00 -4.019979e-01 -3.044680e-01
 1.620581e+00 -1.542885e-01 -6.804291e-02
 1.815109e+00 4.524127e-02 5.141014e-02
 2.082866e+00 3.355484e-01 5.431723e-02
 2.288573e+00 6.641704e-01 -9.759509e-02
 2.380023e+00 9.553195e-01 -3.678597e-01
 2.335564e+00 1.180066e+00 -6.881863e-01
 2.181785e+00 1.309229e+00 -1.000878e+00
 1.955936e+00 1.340473e+00 -1.268828e+00
 1.689012e+00 1.281980e+00 -1.472953e+00
 1.403149e+00 1.140502e+00 -1.600934e+00
 1.120964e+00 9.198941e-01 -1.636568e+00
 8.716191e-01 6.428625e-01 -1.550498e+00
