 -1.079441e+00 -2.932260e-01 4.210194e-01
 -9.893267e-01 -3.833893e-01 1.322769e-01
 -9.492862e-01 -5.936364e-01 -1.382376e-01
 -8.330272e-01 -1.071075e+00 -4.791900e-01
 -6.535083e-01 -1.315537e+00 -6.995233e-01
 -3.823768e-01 -1.486058e+00 -8.799191e-01
 -3.677518e-02 -1.609848e+00 -9.689332e-01
 3.323810e-01 -1.686632e+00 -9.403124e-01
 1.460284e+00 -1.772160e+00 -4.678753e-01
 1.752170e+00 -1.690955e+00 -2.799166e-01
 1.982299e+00 -1.506996e+00 -4.501615e-02
 2.096885e+00 -1.256425e+00 1.881462e-01
 2.094813e+00 -9.576052e-01 3.795752e-01
 1.973166e+00 -6.399814e-01 5.131025e-01
 1.737554e+00 -3.546733e-01 5.837327e-01
 1.298254e+00 -8.764126e-02 6.036530e-01
 1.121524e+00 1.096725e-01 6.701390e-01
 1.015815e+00 2.652018e-01 7.851706e-01
 8.932080e-01 4.226225e-01 9.677193e-01
 7.237471e-01 5.729124e-01 1.095988e+00
 5.219862e-01 7.439453e-01 1.161677e+00
 3.214559e-01 9.033683e-01 1.155690e+00
 1.418397e-01 1.016597e+00 1.097648e+00
 -6.615976e-02 1.093152e+00 9.905772e-01
 -3.043830e-01 1.116971e+00 8.327730e-01
 -5.019535e-01 1.080041e+00 6.495319e-01
 -6.572203e-01 9.849881e-01 4.509895e-01
 -1.057578e+00 4.415527e-01 -4.332904e-01
 -1.126025e+00 2.415269e-01 -6.763003e-01
 -1.138205e+00 6.367509e-02 -8.803247e-01
 -1.014769e+00 -2.624696e-01 -1.122897e+00
 -7.076753e-01 -5.162394e-01 -1.324942e+00
 -2.926817e-01 -6.434040e-01 -1.414901e+00
 1.813904e-01 -6.021486e-01 -1.401251e+00
 5.784006e-01 -4.223934e-01 -1.251243e+00
 8.195854e-01 -1.529220e-01 -9.958004e-01
 8.854224e-01 8.146191e-02 -6.602327e-01
 1.028516e+00 2.312359e-01 -4.233586e-01
 1.469288e+00 5.920345e-01 -1.562897e-01
 1.701942e+00 7.098279e-01 8.485041e-02
 1.872018e+00 7.463669e-01 4.011984e-01
 1.954737e+00 6.942249e-01 7.492692e-01
 1.938393e+00 5.498888e-01 1.108973e+00
 1.834783e+00 3.358417e-01 1.384068e+00
 1.663921e+00 7.890915e-02 1.554047e+00
 1.416721e+00 -1.798518e-01 1.615294e+00
 1.113358e+00 -3.865485e-01 1.567072e+00
 8.107222e-01 -5.218218e-01 1.407472e+00
 4.949657e-01 -6.148848e-01 1.073692e+00
 2.869143e-01 -7.622643e-01 9.458373e-01
 1.147042e-01 -8.577656e-01 8.999673e-01
 -1.693845e-01 -9.426718e-01 8.692408e-01
 -3.851449e-01 -1.018108e+00 7.878973e-01
 -5.028613e-01 -1.081825e+00 7.081132e-01
 -6.168590e-01 -1.170008e+00 6.432991e-01
 -7.323747e-01 -1.245389e+00 6.099208e-01
 -9.290019e-01 -1.309689e+00 5.843445e-01
 -1.127394e+00 -1.321971e+00 5.499555e-01
 -1.344798e+00 -1.285033e+00 4.886485e-01
 -1.549382e+00 -1.200092e+00 4.120183e-01
 -1.721605e+00 -1.074546e+00 3.197867e-01
 -1.852539e+00 -9.206855e-01 2.112599e-01
 -1.938028e+00 -7.438931e-01 9.805643e-02
 -2.024587e+00 -3.162238e-01 -1.358756e-01
 -2.113776e+00 3.679429e-01 -5.068705e-01
 -2.067134e+00 6.104195e-01 -6.566048e-01
 -1.945562e+00 8.247847e-01 -8.046215e-01
 -1.759179e+00 9.967284e-01 -9.363714e-01
 -1.523054e+00 1.115791e+00 -1.039080e+00
 -1.041584e+00 1.226551e+00 -1.151367e+00
 -8.268516e-01 1.336669e+00 -1.241561e+00
 -6.647836e-01 1.484885e+00 -1.356366e+00
 -4.971195e-01 1.709716e+00 -1.391428e+00
 -2.425896e-01 1.965009e+00 -1.305639e+00
 2.502949e-02 2.146255e+00 -1.099222e+00
 2.616109e-01 2.211287e+00 -8.235647e-01
 4.638332e-01 2.145336e+00 -5.150319e-01
 6.130015e-01 1.953038e+00 -2.300170e-01
 6.821535e-01 1.662162e+00 -3.728728e-03
 6.583216e-01 1.310390e+00 1.368353e-01
 5.629072e-01 9.877731e-01 1.622257e-01
 2.657989e-01 5.786193e-01 1.539366e-01
 6.661364e-02 2.739618e-01 3.791694e-01
 -1.071848e-01 1.345780e-01 6.393148e-01
 -2.730453e-01 8.234621e-02 9.900482e-01
 -3.160563e-01 -2.458948e-02 1.310747e+00
 -2.996525e-01 -2.267395e-01 1.592523e+00
 -2.226312e-01 -4.922757e-01 1.793033e+00
 -9.868740e-02 -7.924338e-01 1.892170e+00
 7.723853e-02 -1.090269e+00 1.891163e+00
 2.797437e-01 -1.326182e+00 1.799632e+00
 4.988833e-01 -1.492909e+00 1.626023e+00
 7.278509e-01 -1.576541e+00 1.368826e+00
 9.058160e-01 -1.559877e+00 1.084442e+00
 1.023658e+00 -1.450465e+00 7.909397e-01
 1.128906e+00 -9.168154e-01 -2.035900e-02
 1.286483e+00 -7.783590e-01 -2.365652e-01
 1.612521e+00 -6.166817e-01 -4.854629e-01
 1.787985e+00 -4.059949e-01 -6.847072e-01
 1.859588e+00 -1.454229e-01 -8.972270e-01
 1.819373e+00 1.337779e-01 -1.085586e+00
 1.682930e+00 4.054521e-01 -1.210311e+00
 1.467948e+00 6.673728e-01 -1.253740e+00
 1.234296e+00 8.547690e-01 -1.218521e+00
 1.025902e+00 9.568182e-01 -1.147176e+00
 1.898763e-01 1.197497e+00 -7.644663e-01
 9.454653e-03 1.225047e+00 -6.519573e-01
 -1.857222e-01 1.355839e+00 -4.584294e-01
 -3.972672e-01 1.582280e+00 -3.537265e-01
 -6.549730e-01 1.832901e+00 -3.720070e-01
 -9.123463e-01 2.043671e+00 -5.154759e-01
 -1.149773e+00 2.176955e+00 -7.638611e-01
 -1.335916e+00 2.205079e+00 -1.067535e+00
 -1.452301e+00 2.133248e+00 -1.395111e+00
 -1.496778e+00 1.966956e+00 -1.695218e+00
 -1.471416e+00 1.721844e+00 -1.936477e+00
 -1.367798e+00 1.439317e+00 -2.099780e+00
 -1.204569e+00 1.151986e+00 -2.166712e+00
 -1.003646e+00 8.886240e-01 -2.133632e+00
 -7.853373e-01 6.775463e-01 -2.009672e+00
 -5.766185e-01 5.384822e-01 -1.811779e+00
 -2.021056e-01 3.818686e-01 -1.232568e+00
 -1.297386e-01 2.409019e-01 -8.937700e-01
 -1.318978e-01 9.007111e-02 -7.007195e-01
 -1.305151e-01 -1.530385e-02 -6.139569e-01
 -8.634309e-02 -1.835715e-01 -4.997998e-01
 8.971219e-02 -5.541994e-01 -3.033565e-01
 1.621259e-01 -1.435890e+00 3.498580e-02
 1.798885e-01 -1.678282e+00 2.481770e-01
 1.136264e-01 -1.875572e+00 5.450321e-01
 -3.520208e-02 -1.976800e+00 8.589738e-01
 -2.439367e-01 -1.967396e+00 1.151166e+00
 -4.810830e-01 -1.838712e+00 1.398903e+00
 -7.111644e-01 -1.609552e+00 1.559865e+00
 -9.166769e-01 -1.307002e+00 1.609865e+00
 -1.081305e+00 -9.934628e-01 1.539368e+00
 -1.183824e+00 -6.983620e-01 1.357639e+00
 -1.212469e+00 -4.618927e-01 1.088117e+00
 -1.172274e+00 -3.183267e-01 7.599549e-01
