 -2.107924e+00 -1.331608e+00 9.517285e-01
 -1.869182e+00 -1.778431e+00 7.464299e-01
 -1.484083e+00 -2.003482e+00 4.332406e-01
 -1.063931e+00 -1.941523e+00 1.140820e-01
 -6.726317e-01 -1.647200e+00 -5.858021e-02
 -4.377281e-01 -1.324464e+00 -1.270866e-02
 -1.463738e-01 -1.031574e+00 2.217538e-01
 3.285077e-01 -6.395024e-01 3.648989e-01
 5.168503e-01 -4.913172e-01 4.926543e-01
 8.796159e-01 -2.088889e-01 9.494555e-01
 1.167081e+00 1.420259e-01 1.101056e+00
 1.430997e+00 5.431135e-01 1.009954e+00
 1.679065e+00 8.392562e-01 7.165325e-01
 1.852232e+00 9.742111e-01 2.801806e-01
 1.910113e+00 9.118020e-01 -1.907312e-01
 1.894037e+00 6.787984e-01 -5.414752e-01
 1.906170e+00 4.156813e-01 -6.917815e-01
 1.971236e+00 2.443575e-01 -7.820644e-01
 2.053585e+00 3.820131e-02 -1.004719e+00
 1.975911e+00 -2.068911e-01 -1.354382e+00
 1.693143e+00 -4.317965e-01 -1.654472e+00
 1.269460e+00 -5.932861e-01 -1.799931e+00
 -4.889966e-02 -7.507937e-01 -1.691164e+00
 -3.412101e-01 -7.739430e-01 -1.573687e+00
 -6.165214e-01 -7.736472e-01 -1.351379e+00
 -8.013172e-01 -7.302314e-01 -1.071619e+00
 -8.882670e-01 -6.426401e-01 -7.526264e-01
 -8.660940e-01 -5.291638e-01 -4.548296e-01
 -7.777899e-01 -3.664014e-01 -2.228546e-01
 -6.606275e-01 -2.137928e-01 -6.999983e-02
 -2.579478e-01 1.565768e-01 2.116390e-01
 -1.252302e-01 2.748277e-01 3.713491e-01
 1.263552e-01 4.727879e-01 8.176845e-01
 3.677096e-01 7.380497e-01 9.929656e-01
 5.649843e-01 1.160035e+00 1.059148e+00
 5.825822e-01 1.652535e+00 9.789848e-01
 4.167693e-01 2.060179e+00 7.791605e-01
 1.026953e-01 2.308893e+00 5.215124e-01
 -2.875970e-01 2.355195e+00 2.680037e-01
 -6.727661e-01 2.199461e+00 6.881144e-02
 -9.764758e-01 1.880152e+00 -4.056746e-02
 -1.151803e+00 1.465533e+00 -3.061814e-02
 -1.176027e+00 1.047442e+00 1.110236e-01
 -1.103127e+00 7.958342e-01 3.161119e-01
 -1.019878e+00 4.894648e-01 8.167939e-01
 -8.836142e-01 7.696590e-02 1.067370e+00
 6.356137e-02 -9.262620e-01 1.324859e+00
 4.172103e-01 -1.218097e+00 1.218116e+00
 7.433786e-01 -1.370413e+00 9.729972e-01
 1.004691e+00 -1.382276e+00 6.352128e-01
 1.163655e+00 -1.252371e+00 2.624022e-01
 1.218000e+00 -6.464786e-01 -6.180254e-01
 1.006005e+00 -4.327539e-03 -9.806425e-01
 1.060967e+00 2.958946e-01 -1.263519e+00
 1.314453e+00 5.797803e-01 -1.515884e+00
 1.714029e+00 7.975709e-01 -1.626163e+00
 2.164094e+00 9.109142e-01 -1.555367e+00
 2.570839e+00 8.935776e-01 -1.318269e+00
 2.843123e+00 7.618299e-01 -9.607122e-01
 2.924563e+00 5.539622e-01 -5.567327e-01
 2.800802e+00 3.236144e-01 -1.795014e-01
 2.499829e+00 1.056820e-01 9.210345e-02
 2.089077e+00 -3.930560e-02 2.074513e-01
 1.676412e+00 -5.244593e-02 1.844938e-01
 1.420677e+00 4.051764e-02 1.071757e-01
 1.184135e+00 2.149370e-01 4.455389e-02
 5.259235e-01 1.017595e+00 8.156144e-03
 2.296215e-01 1.219587e+00 7.988779e-02
 -6.794504e-02 1.321787e+00 2.391549e-01
 -2.492214e-01 1.339912e+00 4.408899e-01
 -3.569112e-01 1.390626e+00 6.389699e-01
 -5.672214e-01 1.508003e+00 8.319055e-01
 -9.290432e-01 1.572299e+00 9.772235e-01
 -1.315487e+00 1.530681e+00 1.013113e+00
 -1.675996e+00 1.371251e+00 9.541320e-01
 -2.605665e+00 5.418623e-01 4.274648e-01
 -2.753673e+00 2.085954e-01 2.609773e-01
 -2.751047e+00 -1.675260e-01 1.075058e-01
 -2.590264e+00 -5.343898e-01 -5.387335e-03
 -2.283739e+00 -8.254725e-01 -6.098977e-02
 -1.888108e+00 -9.880726e-01 -1.669671e-02
 -1.528636e+00 -9.990779e-01 1.385270e-01
 -1.311767e+00 -9.674217e-01 3.763582e-01
 -1.170989e+00 -1.010739e+00 6.238978e-01
 -9.292716e-01 -1.248930e+00 9.044137e-01
 -6.029711e-01 -1.596512e+00 9.973466e-01
 -1.968046e-01 -1.910028e+00 8.339239e-01
 1.824224e-01 -2.029110e+00 4.601754e-01
 4.273206e-01 -1.918529e+00 -9.493144e-03
 4.681256e-01 -1.612460e+00 -4.542100e-01
 3.337223e-01 -1.221898e+00 -7.034904e-01
 1.177199e-01 -4.719933e-01 -7.092052e-01
 4.863917e-02 -2.264809e-01 -7.957968e-01
 -1.089657e-01 6.658720e-03 -9.019749e-01
 -3.772414e-01 2.352888e-01 -9.456168e-01
 -6.967224e-01 3.831343e-01 -9.106908e-01
 -1.026875e+00 4.333357e-01 -8.031656e-01
 -1.325774e+00 3.835976e-01 -6.376081e-01
 -1.547889e+00 2.596436e-01 -4.277276e-01
 -1.685321e+00 9.180237e-02 -1.264901e-01
 -1.796636e+00 -8.205506e-02 5.163970e-01
 -1.989438e+00 -3.084917e-01 8.048426e-01
 -2.135424e+00 -7.935764e-01 9.863948e-01
