 -5.860715e-01 -1.486465e+00 -1.552743e+00
 -2.531662e-01 -1.570164e+00 -1.468544e+00
 4.178317e-02 -1.572121e+00 -1.320354e+00
 2.855659e-01 -1.499124e+00 -1.122023e+00
 4.599598e-01 -1.359670e+00 -8.895625e-01
 6.196809e-01 -1.010995e+00 -4.546034e-01
 7.274995e-01 -7.610306e-01 -1.662696e-01
 9.014634e-01 -5.561034e-01 -2.311398e-02
 1.132040e+00 -4.295705e-01 1.129371e-01
 1.289725e+00 -2.907143e-01 3.074112e-01
 1.389439e+00 -5.400459e-02 5.274957e-01
 1.386157e+00 2.239457e-01 7.146075e-01
 1.285869e+00 5.266398e-01 8.406402e-01
 1.109747e+00 8.234009e-01 8.768143e-01
 8.789941e-01 1.077088e+00 8.166147e-01
 6.185168e-01 1.256333e+00 6.688065e-01
 3.609817e-01 1.341004e+00 4.488678e-01
 -2.431426e-03 1.301479e+00 4.841091e-02
 -1.797820e-01 1.305854e+00 -1.341121e-01
 -3.157156e-01 1.411419e+00 -3.393233e-01
 -3.868630e-01 1.566274e+00 -5.730140e-01
 -3.697597e-01 1.723724e+00 -8.302145e-01
 -2.677462e-01 1.862008e+00 -1.065650e+00
 -9.232079e-02 1.967322e+00 -1.273726e+00
 1.400640e-01 2.024723e+00 -1.440703e+00
 4.258910e-01 2.036238e+00 -1.554502e+00
 7.102570e-01 1.989752e+00 -1.598470e+00
 9.844298e-01 1.879919e+00 -1.581344e+00
 1.226930e+00 1.709336e+00 -1.504332e+00
 1.406126e+00 1.504883e+00 -1.371559e+00
 1.512497e+00 1.286488e+00 -1.184866e+00
 1.533122e+00 1.073921e+00 -9.615711e-01
 1.463588e+00 8.866039e-01 -7.229925e-01
 1.308750e+00 7.423534e-01 -4.931882e-01
 7.628339e-01 5.186016e-01 -3.223650e-02
 5.722356e-01 4.074984e-01 1.056223e-01
 4.479927e-01 3.053002e-01 3.020481e-01
 4.046440e-01 1.799383e-01 4.629646e-01
 3.555254e-01 6.323404e-02 5.686275e-01
 2.347454e-01 -7.664247e-02 7.254512e-01
 8.769976e-02 -1.682816e-01 8.655064e-01
 -8.403140e-02 -2.152324e-01 1.025922e+00
 -3.921545e-01 -2.991455e-01 1.353287e+00
 -7.320313e-01 -4.085240e-01 1.594636e+00
 -1.038241e+00 -4.808776e-01 1.687779e+00
 -1.362889e+00 -5.283384e-01 1.682794e+00
 -1.674820e+00 -5.406987e-01 1.581940e+00
 -1.944220e+00 -5.113559e-01 1.397290e+00
 -2.145697e+00 -4.379746e-01 1.149424e+00
 -2.260833e+00 -3.227139e-01 8.653024e-01
 -2.280046e+00 -1.719503e-01 5.754123e-01
 -2.203465e+00 4.323778e-03 3.108161e-01
 -1.685311e+00 6.203249e-01 -3.631227e-01
 -1.528444e+00 7.189688e-01 -5.152704e-01
 -1.315596e+00 7.757841e-01 -6.832565e-01
 -1.072772e+00 7.768690e-01 -8.265294e-01
 -8.328313e-01 7.273003e-01 -9.167985e-01
 -5.871453e-01 6.430262e-01 -9.491125e-01
 -3.451831e-01 5.301696e-01 -9.179907e-01
 -4.956237e-02 3.182456e-01 -8.034215e-01
 1.599408e-01 2.157948e-01 -7.973226e-01
 4.507430e-01 5.588539e-02 -8.796961e-01
 1.026869e+00 -2.120129e-01 -9.753325e-01
 1.256209e+00 -3.752440e-01 -9.580117e-01
 1.443180e+00 -5.678077e-01 -8.811873e-01
 1.576334e+00 -7.743942e-01 -7.489463e-01
 1.642131e+00 -9.820565e-01 -5.776813e-01
 1.641937e+00 -1.166979e+00 -3.729629e-01
 1.587415e+00 -1.307271e+00 -1.326243e-01
 1.481696e+00 -1.386540e+00 1.196101e-01
 1.336431e+00 -1.396042e+00 3.651973e-01
 1.167155e+00 -1.333237e+00 5.843237e-01
 8.533020e-01 -1.134122e+00 8.610301e-01
 6.234539e-01 -1.073675e+00 1.011167e+00
 4.269906e-01 -1.080817e+00 1.116983e+00
 1.420444e-01 -1.180796e+00 1.265756e+00
 -2.413559e-01 -1.394263e+00 1.267775e+00
 -5.983096e-01 -1.613511e+00 1.062579e+00
 -8.507911e-01 -1.753176e+00 6.922193e-01
 -9.557400e-01 -1.757862e+00 2.588928e-01
 -9.265041e-01 -1.607577e+00 -1.699919e-01
 -7.680346e-01 -1.329497e+00 -5.009375e-01
 -4.564824e-01 -9.387647e-01 -6.959347e-01
 -3.807658e-01 -7.993468e-01 -8.136028e-01
 -3.244878e-01 -6.649370e-01 -1.004108e+00
 -2.869698e-01 -5.236335e-01 -1.324100e+00
 -2.366142e-01 -3.753795e-01 -1.519714e+00
 -1.578401e-01 -1.921174e-01 -1.672215e+00
 -5.504543e-02 1.321871e-02 -1.771944e+00
 6.568521e-02 2.255503e-01 -1.812979e+00
 1.857144e-01 4.370382e-01 -1.792420e+00
 2.972273e-01 6.392197e-01 -1.711706e+00
 3.933361e-01 8.223477e-01 -1.574021e+00
 4.575048e-01 9.805125e-01 -1.388921e+00
 5.212189e-01 1.235467e+00 -9.173245e-01
 6.073698e-01 1.440169e+00 -7.489069e-01
 6.437594e-01 1.613293e+00 -6.597250e-01
 6.052562e-01 1.848861e+00 -5.459722e-01
 4.827636e-01 2.070339e+00 -3.949694e-01
 3.085263e-01 2.222470e+00 -2.329155e-01
 9.839914e-02 2.301919e+00 -6.299766e-02
 -1.446918e-01 2.302364e+00 1.143824e-01
 -3.758547e-01 2.218799e+00 2.776344e-01
 -5.879818e-01 2.060604e+00 4.071676e-01
 -1.279054e+00 1.229322e+00 7.133058e-01
 -1.375336e+00 1.054164e+00 7.652932e-01
 -1.438791e+00 8.545740e-01 8.134950e-01
 -1.461951e+00 6.434890e-01 8.515247e-01
 -1.440801e+00 4.306051e-01 8.755794e-01
 -1.384121e+00 2.320611e-01 8.713889e-01
 -1.159279e+00 -4.080497e-01 6.667829e-01
 -9.564072e-01 -6.334495e-01 5.725003e-01
 -6.035229e-01 -7.940774e-01 3.893427e-01
 -2.240159e-01 -9.843513e-01 3.206196e-01
 -8.038506e-02 -1.219497e+00 2.582889e-01
 2.228508e-02 -1.425199e+00 2.538763e-01
 1.467010e-01 -1.683954e+00 3.512970e-01
 2.677371e-01 -1.899042e+00 5.295466e-01
 3.844669e-01 -2.028900e+00 7.371186e-01
 5.171677e-01 -2.087965e+00 9.758750e-01
 6.506555e-01 -2.071520e+00 1.205408e+00
 7.672333e-01 -1.983826e+00 1.436093e+00
 8.519455e-01 -1.834367e+00 1.645263e+00
 9.026278e-01 -1.634738e+00 1.816645e+00
 9.176133e-01 -1.400115e+00 1.939419e+00
 8.969115e-01 -1.146730e+00 2.006945e+00
 8.442904e-01 -8.912886e-01 2.015190e+00
 6.401683e-01 -2.750632e-01 1.884329e+00
 4.312456e-01 2.879493e-01 1.732999e+00
 3.183679e-01 4.780882e-01 1.636948e+00
 1.778270e-01 6.328374e-01 1.503615e+00
 2.405399e-02 7.366343e-01 1.342445e+00
 -1.360137e-01 7.849643e-01 1.157948e+00
 -2.912610e-01 7.729164e-01 9.606883e-01
 -4.129175e-01 7.088280e-01 7.817494e-01
 -5.034955e-01 5.949680e-01 5.502868e-01
 -5.608079e-01 4.777796e-01 3.040259e-01
 -6.783630e-01 2.676591e-01 2.796513e-02
 -8.816898e-01 -2.230924e-02 -2.356789e-01
 -1.011690e+00 -1.388308e-01 -3.660205e-01
 -1.222094e+00 -2.664541e-01 -6.130045e-01
 -1.329310e+00 -4.396868e-01 -8.782051e-01
 -1.335163e+00 -6.672690e-01 -1.146963e+00
 -1.251343e+00 -9.076847e-01 -1.353608e+00
 -1.090486e+00 -1.142600e+00 -1.491284e+00
 -8.637534e-01 -1.341261e+00 -1.557488e+00
