 2.787962e-01 9.125556e-01 -4.645186e-02
 5.083406e-01 8.647139e-01 6.274193e-02
 7.239427e-01 6.834690e-01 2.438817e-01
 9.918621e-01 3.822760e-01 6.800996e-01
 1.069685e+00 1.402779e-01 9.236457e-01
 1.043102e+00 -1.230938e-01 1.164380e+00
 9.133600e-01 -3.710206e-01 1.382255e+00
 4.310959e-01 -8.178038e-01 1.786432e+00
 8.120579e-02 -1.097359e+00 2.000089e+00
 -2.057015e-01 -1.297397e+00 2.040959e+00
 -4.992529e-01 -1.459904e+00 1.969763e+00
 -7.735455e-01 -1.564137e+00 1.797290e+00
 -9.969263e-01 -1.603594e+00 1.537075e+00
 -1.153676e+00 -1.557096e+00 1.220546e+00
 -1.236058e+00 -1.408232e+00 9.004260e-01
 -1.225815e+00 -1.172943e+00 6.181922e-01
 -1.130175e+00 -8.945750e-01 4.282133e-01
 -9.906824e-01 -5.503185e-01 3.535546e-01
 -8.944992e-01 -2.702600e-01 4.083234e-01
 -8.855295e-01 8.010071e-02 5.346325e-01
 -8.519000e-01 2.930830e-01 6.230544e-01
 -7.835933e-01 5.077377e-01 7.251563e-01
 -6.895531e-01 6.856762e-01 8.099806e-01
 -5.772864e-01 8.175803e-01 8.511647e-01
 -4.319858e-01 9.260591e-01 8.648001e-01
 -2.502123e-01 1.002834e+00 8.611908e-01
 -3.493896e-02 1.063743e+00 8.972691e-01
 3.184865e-01 1.269661e+00 9.955339e-01
 7.655208e-01 1.458317e+00 9.260264e-01
 1.180345e+00 1.473317e+00 7.417388e-01
 1.518827e+00 1.319638e+00 4.873199e-01
 1.721525e+00 1.028140e+00 2.203200e-01
 1.760347e+00 6.575660e-01 -1.980094e-03
 1.628118e+00 2.230311e-01 -1.572678e-01
 1.223932e+00 -6.245547e-01 -3.803811e-01
 1.169394e+00 -8.490575e-01 -4.082407e-01
 1.178028e+00 -1.141290e+00 -4.320625e-01
 1.198779e+00 -1.508737e+00 -2.785409e-01
 1.109316e+00 -1.821064e+00 2.347898e-02
 8.794699e-01 -1.994726e+00 3.588763e-01
 5.663007e-01 -2.013713e+00 6.450876e-01
 2.244140e-01 -1.863396e+00 8.709395e-01
 -6.392641e-02 -1.574937e+00 9.889266e-01
 -3.105419e-01 -9.619334e-01 1.057795e+00
 -5.696901e-01 -7.087121e-01 1.278968e+00
 -9.111295e-01 -5.615170e-01 1.390217e+00
 -1.308941e+00 -4.319876e-01 1.337999e+00
 -1.636278e+00 -3.222316e-01 1.130064e+00
 -1.852203e+00 -2.060640e-01 7.965063e-01
 -1.909359e+00 -7.935666e-02 4.050592e-01
 -1.799701e+00 3.377809e-02 2.300183e-02
 -1.542758e+00 1.174582e-01 -2.875682e-01
 -6.513364e-01 1.780582e-01 -7.718610e-01
 -4.235649e-01 1.437478e-01 -1.007172e+00
 -2.858808e-01 7.629397e-02 -1.340218e+00
 -2.296227e-01 -1.415203e-01 -1.655418e+00
 -2.116252e-01 -5.174688e-01 -1.875255e+00
 -2.060494e-01 -9.451411e-01 -1.916965e+00
 -1.642882e-01 -1.334953e+00 -1.788082e+00
 -9.138493e-02 -1.641399e+00 -1.517427e+00
 -8.151206e-03 -1.809756e+00 -1.148277e+00
 7.194588e-02 -1.813731e+00 -7.376422e-01
 1.306671e-01 -1.654149e+00 -3.593906e-01
 2.118229e-01 -1.299585e+00 -1.861010e-02
 3.872345e-01 -1.090701e+00 2.071653e-01
 6.069852e-01 -1.005000e+00 4.225485e-01
 8.928519e-01 -9.657315e-01 5.587558e-01
 1.212291e+00 -9.626414e-01 5.986786e-01
 1.546826e+00 -9.782965e-01 5.274474e-01
 1.836978e+00 -9.899126e-01 3.501757e-01
 2.057394e+00 -9.985138e-01 7.857142e-02
 2.173133e+00 -9.780066e-01 -2.451685e-01
 2.172815e+00 -9.330161e-01 -5.935221e-01
 2.048892e+00 -8.897533e-01 -9.266133e-01
 1.814869e+00 -8.519439e-01 -1.197681e+00
 1.498678e+00 -8.246769e-01 -1.371436e+00
 1.139909e+00 -8.087588e-01 -1.424172e+00
 7.846103e-01 -8.035059e-01 -1.347991e+00
 2.242783e-01 -8.213374e-01 -9.906744e-01
 -2.739193e-02 -8.065269e-01 -9.053981e-01
 -3.220608e-01 -8.615785e-01 -8.888746e-01
 -6.370688e-01 -8.538422e-01 -9.899519e-01
 -9.491848e-01 -7.221368e-01 -1.179177e+00
 -1.160798e+00 -4.765106e-01 -1.385500e+00
 -1.261727e+00 -1.855274e-01 -1.523277e+00
 -1.281526e+00 1.614733e-01 -1.585590e+00
 -1.197249e+00 5.106924e-01 -1.577351e+00
 -1.006377e+00 8.150864e-01 -1.513483e+00
 -7.378300e-01 1.030275e+00 -1.398042e+00
 -4.151111e-01 1.143668e+00 -1.211817e+00
 -2.634070e-01 1.243042e+00 -1.081008e+00
 -1.389584e-01 1.388561e+00 -9.806006e-01
 -7.637486e-02 1.515237e+00 -8.772880e-01
 -3.871083e-02 1.661613e+00 -7.078723e-01
 -3.886171e-02 1.793418e+00 -4.760089e-01
 -7.622504e-02 1.874510e+00 -2.246123e-01
 -4.009741e-01 2.004121e+00 7.881575e-01
 -4.515945e-01 1.981649e+00 1.029118e+00
 -4.741901e-01 1.895888e+00 1.287133e+00
 -4.669831e-01 1.734225e+00 1.532516e+00
 -4.308955e-01 1.499329e+00 1.730463e+00
 -3.669148e-01 1.212645e+00 1.850410e+00
 -2.804325e-01 9.037882e-01 1.874417e+00
 -1.796497e-01 6.050929e-01 1.796762e+00
 -7.811025e-02 3.467508e-01 1.622030e+00
 9.155977e-03 1.598608e-01 1.369334e+00
 1.095207e-01 -1.352597e-01 5.493656e-01
 1.089573e-01 -1.217560e-01 2.318994e-01
 2.002992e-01 -1.275432e-01 -5.759242e-02
 3.284335e-01 -8.195611e-02 -2.958263e-01
 4.718276e-01 5.553377e-02 -5.547094e-01
 5.774870e-01 2.952372e-01 -8.127645e-01
 5.743175e-01 9.586717e-01 -1.589487e+00
 4.464180e-01 1.254117e+00 -1.816351e+00
 2.156892e-01 1.558950e+00 -1.929354e+00
 -8.426038e-02 1.828434e+00 -1.905365e+00
 -4.068099e-01 2.020366e+00 -1.741025e+00
 -7.016262e-01 2.095672e+00 -1.461571e+00
 -9.283483e-01 2.029389e+00 -1.115832e+00
 -1.048918e+00 1.821581e+00 -7.646783e-01
 -1.027654e+00 1.526847e+00 -4.647853e-01
 -8.625374e-01 1.218271e+00 -2.558341e-01
 -5.682149e-01 9.734573e-01 -1.437160e-01
 -1.637414e-01 8.265824e-01 -1.271072e-01
