 -7.551946e-01 1.898939e+00 -8.556334e-01
 -1.079528e+00 1.755187e+00 -8.034849e-01
 -1.359792e+00 1.459629e+00 -7.343501e-01
 -1.508352e+00 1.092197e+00 -6.786679e-01
 -1.507502e+00 7.083049e-01 -6.362726e-01
 -1.254811e+00 9.095921e-02 -5.128451e-01
 -1.175378e+00 -2.680837e-01 -2.633877e-01
 -1.223664e+00 -4.806757e-01 5.902543e-02
 -1.509412e+00 -7.701007e-01 3.808642e-01
 -1.592205e+00 -9.975398e-01 6.366899e-01
 -1.555190e+00 -1.213355e+00 9.072066e-01
 -1.406996e+00 -1.411133e+00 1.136412e+00
 -1.161844e+00 -1.588641e+00 1.295967e+00
 -8.218119e-01 -1.735949e+00 1.369007e+00
 -4.861713e-01 -1.809934e+00 1.338582e+00
 -1.586168e-01 -1.804910e+00 1.220009e+00
 6.139586e-01 -1.557822e+00 6.965256e-01
 8.565017e-01 -1.389744e+00 5.421164e-01
 1.064496e+00 -1.140400e+00 4.207867e-01
 1.205104e+00 -8.263201e-01 3.375625e-01
 1.244843e+00 -4.861611e-01 2.575943e-01
 1.145100e+00 -4.210761e-02 1.625180e-01
 1.130797e+00 6.937892e-02 1.520825e-01
 1.132188e+00 1.947738e-01 1.299085e-01
 1.155269e+00 3.458904e-01 8.665470e-02
 1.240165e+00 7.332587e-01 -8.517725e-02
 1.199321e+00 1.097129e+00 -1.583656e-01
 1.057519e+00 1.456248e+00 -1.230929e-01
 8.560607e-01 1.758562e+00 4.197156e-02
 6.406370e-01 1.953178e+00 3.225806e-01
 4.477768e-01 2.005446e+00 6.728069e-01
 3.091897e-01 1.909894e+00 1.032763e+00
 2.440055e-01 1.691511e+00 1.343342e+00
 2.540291e-01 1.399845e+00 1.560585e+00
 3.058162e-01 1.081900e+00 1.662411e+00
 3.923928e-01 7.808547e-01 1.664504e+00
 5.163871e-01 5.222377e-01 1.592951e+00
 6.428345e-01 3.593901e-01 1.497624e+00
 7.831194e-01 2.490042e-01 1.376269e+00
 9.750657e-01 1.762696e-01 1.252026e+00
 1.191509e+00 1.343390e-01 1.174019e+00
 1.532878e+00 1.579854e-01 1.073996e+00
 1.748567e+00 1.811955e-01 9.427659e-01
 1.930683e+00 1.884715e-01 7.554547e-01
 2.058642e+00 1.842501e-01 5.317550e-01
 2.132488e+00 1.756421e-01 2.737399e-01
 2.145736e+00 1.721795e-01 2.391459e-02
 2.117441e+00 1.773702e-01 -1.896023e-01
 2.062360e+00 1.917267e-01 -3.709399e-01
 1.994944e+00 2.124118e-01 -5.154554e-01
 1.464608e+00 3.545238e-01 -1.352271e+00
 1.149940e+00 3.492375e-01 -1.607358e+00
 7.630776e-01 2.983264e-01 -1.745751e+00
 4.231741e-01 2.452077e-01 -1.747930e+00
 -1.199242e-01 1.358335e-01 -1.563598e+00
 -4.880863e-01 2.015918e-03 -1.568879e+00
 -8.172237e-01 -3.718723e-01 -1.612932e+00
 -1.089460e+00 -1.473062e+00 -1.598715e+00
 -1.164845e+00 -1.829958e+00 -1.441717e+00
 -1.218488e+00 -2.102859e+00 -1.152177e+00
 -1.240503e+00 -2.245443e+00 -7.728708e-01
 -1.207790e+00 -2.240244e+00 -3.751073e-01
 -1.096555e+00 -2.097283e+00 -9.156857e-03
 -9.240060e-01 -1.839507e+00 2.558667e-01
 -6.232333e-01 -1.286423e+00 4.544591e-01
 -5.623106e-01 -1.052327e+00 6.591174e-01
 -6.300371e-01 -7.414422e-01 9.624301e-01
 -6.123097e-01 5.575394e-02 1.356884e+00
 -5.973761e-01 3.837893e-01 1.405200e+00
 -5.926561e-01 7.076820e-01 1.351125e+00
 -5.979219e-01 9.703025e-01 1.216334e+00
 -5.894683e-01 1.169549e+00 1.029896e+00
 -5.800239e-01 1.312675e+00 7.837737e-01
 -5.614739e-01 1.376653e+00 5.000524e-01
 -5.488330e-01 1.356477e+00 2.111017e-01
 -5.279671e-01 1.253282e+00 -6.817188e-02
 -4.991080e-01 9.985196e-01 -4.141020e-01
 -5.054899e-01 8.878969e-01 -6.974552e-01
 -5.352418e-01 8.829392e-01 -9.412510e-01
 -6.274748e-01 1.049307e+00 -1.494373e+00
 -5.924536e-01 9.554978e-01 -2.016693e+00
 -4.739605e-01 6.260296e-01 -2.422536e+00
 -3.050098e-01 1.472896e-01 -2.598813e+00
 -1.344046e-01 -3.479029e-01 -2.497657e+00
 2.562810e-02 -7.153075e-01 -2.154557e+00
 1.212018e-01 -8.629866e-01 -1.683940e+00
 4.322763e-02 -8.357164e-01 -1.221470e+00
 -9.725195e-02 -6.126772e-01 -8.261084e-01
 -1.080312e-01 -5.632629e-01 -5.695439e-01
 2.930772e-01 -4.627880e-01 6.046834e-01
 5.023557e-01 -7.671888e-01 1.406462e+00
 8.992514e-01 -6.465528e-01 1.928635e+00
 1.275649e+00 -1.725343e-01 2.210618e+00
 1.479303e+00 4.380670e-01 2.144921e+00
 1.460256e+00 9.480221e-01 1.780059e+00
 1.263891e+00 1.178358e+00 1.272611e+00
 9.821794e-01 1.126669e+00 8.666032e-01
 6.311879e-01 9.862209e-01 6.949499e-01
 -9.346545e-02 4.661190e-01 4.817663e-01
 -5.359701e-01 3.298790e-01 3.773646e-01
 -1.124804e+00 4.829143e-01 4.487648e-01
 -1.537836e+00 4.213842e-01 4.420091e-01
 -1.891702e+00 2.639082e-01 3.015155e-01
 -2.144839e+00 1.166222e-02 2.521722e-02
 -2.209651e+00 -3.084785e-01 -2.670845e-01
 -2.099924e+00 -6.665476e-01 -4.928118e-01
 -1.835679e+00 -9.922546e-01 -6.139941e-01
 -1.456766e+00 -1.207341e+00 -6.382965e-01
 -1.002538e+00 -1.259504e+00 -5.930189e-01
 -7.642025e-01 -1.345320e+00 -6.351067e-01
 -5.620234e-01 -1.488915e+00 -6.367774e-01
 -3.222401e-01 -1.579691e+00 -5.519863e-01
 5.026950e-02 -1.577770e+00 -4.737129e-01
 4.091806e-01 -1.455878e+00 -4.675855e-01
 7.018826e-01 -1.224633e+00 -5.188874e-01
 8.778086e-01 -9.189157e-01 -6.069401e-01
 9.268713e-01 -5.770878e-01 -7.027029e-01
 8.409974e-01 -2.295394e-01 -7.747266e-01
 6.243073e-01 1.534363e-01 -7.456837e-01
 5.610180e-01 3.510995e-01 -7.476093e-01
 4.530508e-01 1.181813e+00 -8.808967e-01
 2.761202e-01 1.514574e+00 -8.979045e-01
 -2.162214e-02 1.773213e+00 -8.921992e-01
 -3.986866e-01 1.910405e+00 -8.770761e-01
