 1.281049e+00 7.172579e-01 -6.459174e-01
 1.146993e+00 9.021281e-01 -6.556767e-01
 1.001869e+00 1.084032e+00 -6.106548e-01
 8.512393e-01 1.255612e+00 -5.097618e-01
 7.209544e-01 1.388076e+00 -3.706953e-01
 1.548331e-01 1.871573e+00 4.991199e-01
 8.343254e-03 1.916394e+00 7.234868e-01
 -1.463179e-01 1.886906e+00 9.671210e-01
 -2.840996e-01 1.785719e+00 1.182891e+00
 -4.025830e-01 1.620980e+00 1.360911e+00
 -4.966882e-01 1.403717e+00 1.490653e+00
 -5.562299e-01 1.143532e+00 1.567756e+00
 -5.618089e-01 8.623860e-01 1.593292e+00
 -5.168771e-01 5.849173e-01 1.558964e+00
 -3.469337e-01 1.181519e-01 1.389230e+00
 -3.234522e-01 -2.152439e-01 1.372890e+00
 -3.370737e-01 -7.675443e-01 1.578574e+00
 -2.883319e-01 -1.090942e+00 1.604325e+00
 -1.960284e-01 -1.399318e+00 1.533722e+00
 -7.002578e-02 -1.657675e+00 1.374633e+00
 8.905914e-02 -1.838391e+00 1.149803e+00
 2.816479e-01 -1.920742e+00 8.981957e-01
 4.937676e-01 -1.898045e+00 6.493044e-01
 1.151013e+00 -1.499684e+00 -5.446777e-02
 1.285089e+00 -1.325182e+00 -2.923775e-01
 1.339659e+00 -1.110227e+00 -5.329557e-01
 1.313449e+00 -8.732771e-01 -7.421534e-01
 1.206201e+00 -6.201356e-01 -9.044164e-01
 1.029528e+00 -3.661653e-01 -1.004932e+00
 7.181072e-01 -2.852567e-02 -1.032341e+00
 5.811579e-01 1.630652e-01 -1.106816e+00
 3.773911e-01 3.231490e-01 -1.253704e+00
 1.311612e-01 4.017390e-01 -1.404734e+00
 -1.443984e-01 3.965274e-01 -1.532532e+00
 -4.248895e-01 3.099176e-01 -1.617252e+00
 -6.841803e-01 1.508080e-01 -1.648228e+00
 -8.957224e-01 -7.042987e-02 -1.629268e+00
 -1.003664e+00 -2.626639e-01 -1.576102e+00
 -1.094273e+00 -4.058873e-01 -1.473759e+00
 -1.248149e+00 -5.435619e-01 -1.353423e+00
 -1.463997e+00 -6.539796e-01 -1.271780e+00
 -1.742450e+00 -6.789448e-01 -1.155639e+00
 -2.031864e+00 -5.912963e-01 -9.584321e-01
 -2.237683e+00 -3.923293e-01 -7.035357e-01
 -2.311133e+00 -1.353511e-01 -4.116891e-01
 -2.232984e+00 1.399699e-01 -1.244862e-01
 -2.017069e+00 4.038721e-01 9.304989e-02
 -1.500407e+00 7.601319e-01 2.729023e-01
 -1.262982e+00 8.872022e-01 3.355318e-01
 -1.030964e+00 9.727376e-01 4.014107e-01
 -7.959434e-01 1.021149e+00 4.679080e-01
 -6.008796e-01 1.025064e+00 5.197572e-01
 -4.335228e-01 9.987394e-01 5.595413e-01
 -1.815507e-01 9.174118e-01 6.513060e-01
 4.338671e-02 9.031793e-01 7.755485e-01
 3.458222e-01 9.680090e-01 1.070510e+00
 8.491138e-01 9.986339e-01 1.394261e+00
 1.149600e+00 8.874982e-01 1.571829e+00
 1.400576e+00 6.631046e-01 1.708275e+00
 1.572202e+00 3.476757e-01 1.796256e+00
 1.627396e+00 2.420937e-03 1.840734e+00
 1.575882e+00 -3.366208e-01 1.827538e+00
 1.432808e+00 -6.313930e-01 1.749421e+00
 1.219644e+00 -8.590882e-01 1.603508e+00
 9.771334e-01 -9.942050e-01 1.389713e+00
 7.307564e-01 -1.015044e+00 1.158453e+00
 4.420467e-01 -9.091596e-01 9.042011e-01
 2.412467e-01 -9.142344e-01 7.476807e-01
 -1.846798e-01 -9.880456e-01 5.448124e-01
 -7.936041e-01 -9.352510e-01 1.908202e-02
 -1.158115e+00 -6.096651e-01 -2.673003e-01
 -1.287492e+00 -2.308721e-01 -3.646594e-01
 -1.300882e+00 7.798312e-02 -5.591204e-01
 -1.431095e+00 2.558025e-01 -7.596844e-01
 -1.608289e+00 3.499916e-01 -1.017598e+00
 -1.792703e+00 3.313178e-01 -1.338747e+00
 -1.904787e+00 2.029357e-01 -1.641155e+00
 -1.927119e+00 -8.879839e-03 -1.916405e+00
 -1.862515e+00 -2.841211e-01 -2.132145e+00
 -1.734596e+00 -5.580376e-01 -2.251325e+00
 -1.565161e+00 -8.291702e-01 -2.276404e+00
 -1.369525e+00 -1.065509e+00 -2.213141e+00
 -1.169421e+00 -1.248431e+00 -2.073848e+00
 -9.854135e-01 -1.364607e+00 -1.879983e+00
 -3.823916e-01 -1.528608e+00 -1.039046e+00
 -1.331572e-01 -1.475253e+00 -7.499969e-01
 7.873018e-02 -1.337471e+00 -5.397451e-01
 2.635794e-01 -1.118266e+00 -3.855725e-01
 4.522729e-01 -7.222465e-01 -2.337382e-01
 6.140086e-01 -3.449740e-01 -4.215944e-02
 6.784751e-01 2.611313e-01 1.042514e-01
 7.899324e-01 5.243075e-01 2.178932e-01
 9.920934e-01 7.200823e-01 3.365445e-01
 1.204094e+00 8.686764e-01 3.655381e-01
 1.492649e+00 1.059094e+00 2.907908e-01
 1.736207e+00 1.189992e+00 1.327886e-01
 1.938630e+00 1.265244e+00 -9.615663e-02
 2.081760e+00 1.280199e+00 -3.720127e-01
 2.153786e+00 1.235967e+00 -6.675750e-01
 2.150279e+00 1.138801e+00 -9.564763e-01
 2.072548e+00 9.984757e-01 -1.214299e+00
 1.926891e+00 8.273651e-01 -1.419565e+00
 1.084689e+00 4.363117e-02 -1.979497e+00
 8.871627e-01 -1.290593e-01 -2.030367e+00
 6.735111e-01 -2.990533e-01 -2.010117e+00
 4.512097e-01 -4.470587e-01 -1.916819e+00
 2.372425e-01 -5.549237e-01 -1.752649e+00
 5.171720e-02 -6.076288e-01 -1.529776e+00
 -8.453995e-02 -5.903502e-01 -1.286465e+00
 -1.697955e-01 -5.153699e-01 -1.075929e+00
 -2.536103e-01 -3.942479e-01 -9.042217e-01
 -2.904491e-01 -1.943274e-01 -6.693434e-01
 -2.951693e-01 -1.092192e-02 -3.603094e-01
 -3.525285e-01 5.023573e-02 -8.793609e-02
 -4.736015e-01 6.018859e-02 1.711660e-01
 -6.627231e-01 2.804055e-02 4.003281e-01
 -1.030385e+00 -5.124387e-02 6.410269e-01
 -1.241674e+00 -8.780210e-02 9.240023e-01
 -1.342137e+00 -1.196742e-01 1.266664e+00
 -1.317345e+00 -1.434903e-01 1.622964e+00
 -1.164966e+00 -1.537724e-01 1.962571e+00
 -9.332961e-01 -1.362417e-01 2.209376e+00
 -6.465418e-01 -9.675349e-02 2.356622e+00
 -3.097469e-01 -6.505317e-02 2.399302e+00
 5.700874e-02 -4.900440e-02 2.319282e+00
 3.645158e-01 -3.089534e-02 2.118500e+00
 5.802582e-01 -1.463114e-02 1.821968e+00
 7.066219e-01 -1.186457e-02 1.362340e+00
 8.737064e-01 -1.767413e-03 1.135101e+00
 1.319820e+00 -1.368006e-01 8.123247e-01
 1.572790e+00 -1.144784e-01 4.723527e-01
 1.676995e+00 -3.413118e-03 8.871499e-02
 1.629027e+00 1.910339e-01 -2.840822e-01
 1.462273e+00 4.706398e-01 -5.574162e-01
