 1.106373e-01 -1.279513e+00 2.135454e+00
 3.545817e-01 -1.169441e+00 2.108116e+00
 5.958751e-01 -1.039534e+00 2.000517e+00
 8.070216e-01 -8.961080e-01 1.798624e+00
 9.441938e-01 -7.773389e-01 1.506678e+00
 9.953979e-01 -7.320802e-01 1.121186e+00
 9.705866e-01 -8.084123e-01 8.047918e-01
 9.786377e-01 -9.748696e-01 5.583394e-01
 1.085683e+00 -1.133353e+00 3.347581e-01
 1.311533e+00 -1.215520e+00 3.577883e-02
 1.554184e+00 -1.144431e+00 -2.623205e-01
 1.750476e+00 -9.318027e-01 -5.233516e-01
 1.942380e+00 -4.314433e-01 -8.150437e-01
 2.134157e+00 3.362335e-01 -1.173148e+00
 2.114566e+00 6.592530e-01 -1.263218e+00
 1.995226e+00 9.911974e-01 -1.292661e+00
 1.773585e+00 1.293713e+00 -1.242235e+00
 1.466506e+00 1.512728e+00 -1.098762e+00
 1.107302e+00 1.588479e+00 -8.774716e-01
 7.400187e-01 1.473518e+00 -5.994666e-01
 4.874901e-01 1.182377e+00 -3.675811e-01
 4.449787e-01 8.675077e-01 -2.070218e-01
 4.899678e-01 5.308650e-01 1.499146e-01
 3.736763e-01 2.106824e-01 3.905079e-01
 2.276812e-01 -2.400043e-01 4.262595e-01
 9.916734e-02 -5.865837e-01 2.632606e-01
 1.096879e-02 -7.267523e-01 1.424534e-01
 -7.896460e-01 -1.344876e+00 -6.069187e-01
 -1.070341e+00 -1.395679e+00 -8.550086e-01
 -1.332555e+00 -1.313777e+00 -1.086606e+00
 -1.544344e+00 -1.128634e+00 -1.276390e+00
 -1.690535e+00 -8.769502e-01 -1.409065e+00
 -1.766855e+00 -5.942898e-01 -1.481465e+00
 -1.776644e+00 -3.086572e-01 -1.498959e+00
 -1.720216e+00 -3.723820e-02 -1.476107e+00
 -1.603624e+00 2.063294e-01 -1.415010e+00
 -1.429019e+00 4.021903e-01 -1.330828e+00
 -1.171603e+00 5.526051e-01 -1.239122e+00
 -8.825255e-01 6.166865e-01 -1.182125e+00
 -6.456611e-01 6.177755e-01 -1.196600e+00
 -4.223094e-01 6.430085e-01 -1.256371e+00
 -1.568208e-01 6.782429e-01 -1.285207e+00
 2.017688e-01 6.886388e-01 -1.281477e+00
 6.646512e-01 6.176292e-01 -1.198749e+00
 8.989947e-01 5.750763e-01 -1.091927e+00
 1.132387e+00 5.598355e-01 -8.957257e-01
 1.269131e+00 5.840982e-01 -7.070868e-01
 1.399416e+00 6.697855e-01 -5.082085e-01
 1.464737e+00 8.486427e-01 -2.013172e-01
 1.415410e+00 1.059636e+00 7.692343e-02
 1.237297e+00 1.260917e+00 3.320823e-01
 8.916817e-01 1.449766e+00 5.574896e-01
 9.393959e-02 1.799111e+00 9.348330e-01
 -1.097916e-01 1.848901e+00 9.978425e-01
 -3.636347e-01 1.862305e+00 1.034389e+00
 -6.546650e-01 1.817119e+00 1.022917e+00
 -9.494071e-01 1.696166e+00 9.436337e-01
 -1.199744e+00 1.495837e+00 7.868833e-01
 -1.352951e+00 1.231419e+00 5.593310e-01
 -1.364294e+00 9.383016e-01 2.867935e-01
 -1.208909e+00 6.529371e-01 1.497342e-02
 -9.364255e-01 4.755202e-01 -1.787246e-01
 -4.440520e-01 2.476715e-01 -2.718375e-01
 -1.275154e-01 3.530467e-02 -5.072324e-01
 8.976463e-02 -4.268824e-02 -5.970134e-01
 3.596180e-01 -1.357865e-01 -6.092365e-01
 5.827677e-01 -2.172476e-01 -5.501085e-01
 8.479669e-01 -2.734689e-01 -3.960956e-01
 9.932338e-01 -2.763932e-01 -2.681717e-01
 1.211176e+00 -1.975178e-01 -4.561712e-02
 1.400331e+00 -1.830384e-01 8.679200e-02
 1.642212e+00 -2.644119e-01 2.581796e-01
 1.823358e+00 -4.126615e-01 4.142294e-01
 1.943076e+00 -6.181183e-01 5.802713e-01
 1.983721e+00 -8.586308e-01 7.391957e-01
 1.940761e+00 -1.105041e+00 8.884587e-01
 1.815293e+00 -1.343880e+00 1.016019e+00
 1.603746e+00 -1.554878e+00 1.119116e+00
 1.309751e+00 -1.705560e+00 1.189073e+00
 9.520396e-01 -1.764531e+00 1.206769e+00
 5.774700e-01 -1.687838e+00 1.178009e+00
 2.274635e-01 -1.438544e+00 1.129239e+00
 4.440803e-02 -1.114572e+00 1.126286e+00
 -4.410799e-02 -8.134524e-01 1.242193e+00
 -1.727828e-01 -6.073288e-01 1.423753e+00
 -4.305540e-01 -4.435686e-01 1.597118e+00
 -7.935060e-01 -3.263343e-01 1.672348e+00
 -1.173506e+00 -2.487365e-01 1.593728e+00
 -1.497799e+00 -1.960327e-01 1.373400e+00
 -1.714783e+00 -1.816725e-01 1.054121e+00
 -1.801198e+00 -2.049360e-01 6.915690e-01
 -1.759480e+00 -2.510546e-01 3.419040e-01
 -1.408593e+00 -3.929994e-01 -3.678157e-01
 -1.231851e+00 -3.970254e-01 -6.216811e-01
 -1.020686e+00 -3.766052e-01 -8.293594e-01
 -8.532313e-01 -4.031803e-01 -1.050458e+00
 -7.531669e-01 -3.761490e-01 -1.435730e+00
 -7.417304e-01 -1.882589e-01 -1.820006e+00
 -7.707206e-01 1.256164e-01 -2.084450e+00
 -8.008029e-01 4.932986e-01 -2.198073e+00
 -8.179524e-01 8.417917e-01 -2.176384e+00
 -8.149446e-01 1.134661e+00 -2.056745e+00
 -7.986485e-01 1.358089e+00 -1.874325e+00
 -7.715221e-01 1.512187e+00 -1.654906e+00
 -7.375428e-01 1.600357e+00 -1.414920e+00
 -6.943010e-01 1.625323e+00 -1.169465e+00
 -6.421212e-01 1.587571e+00 -9.127916e-01
 -4.230305e-01 1.314775e+00 8.043858e-02
 -3.745732e-01 1.205210e+00 2.568800e-01
 -3.472887e-01 1.026150e+00 4.529601e-01
 -4.038679e-01 8.205419e-01 6.364737e-01
 -5.107892e-01 5.281408e-01 7.611372e-01
 -6.273355e-01 2.310930e-01 7.778208e-01
 -7.683177e-01 -2.143701e-01 6.507081e-01
 -8.215302e-01 -4.872745e-01 6.535132e-01
 -9.092384e-01 -7.209746e-01 7.182092e-01
 -9.835580e-01 -9.606728e-01 8.824078e-01
 -9.883585e-01 -1.180633e+00 1.136823e+00
 -9.199756e-01 -1.321643e+00 1.403776e+00
 -7.787411e-01 -1.402892e+00 1.657267e+00
 -5.827393e-01 -1.429870e+00 1.864513e+00
 -3.601315e-01 -1.411916e+00 2.013260e+00
 -1.249528e-01 -1.363140e+00 2.101012e+00
