 5.017226e-01 -6.071837e-02 1.224543e+00
 6.508731e-01 -2.178242e-01 1.030435e+00
 7.073875e-01 -3.630340e-01 7.778379e-01
 6.617176e-01 -5.062532e-01 1.360026e-01
 7.576382e-01 -6.051841e-01 -1.485983e-01
 1.016089e+00 -8.345968e-01 -5.633169e-01
 1.070765e+00 -1.028884e+00 -8.578697e-01
 9.970887e-01 -1.238365e+00 -1.157473e+00
 8.233657e-01 -1.397781e+00 -1.405133e+00
 5.672810e-01 -1.508009e+00 -1.590011e+00
 2.552432e-01 -1.568886e+00 -1.685579e+00
 -8.630452e-02 -1.577981e+00 -1.679371e+00
 -4.144654e-01 -1.555264e+00 -1.560136e+00
 -6.999171e-01 -1.491879e+00 -1.331403e+00
 -8.829079e-01 -1.379737e+00 -1.037926e+00
 -1.001493e+00 -1.096158e+00 -4.409401e-01
 -1.012231e+00 -8.614626e-01 -1.252293e-01
 -1.050944e+00 -7.658163e-01 1.078559e-01
 -1.222493e+00 -6.881620e-01 4.353371e-01
 -1.284389e+00 -6.459359e-01 6.791520e-01
 -1.289213e+00 -5.952675e-01 9.310564e-01
 -1.230122e+00 -5.400440e-01 1.183399e+00
 -1.100413e+00 -4.792733e-01 1.458924e+00
 -9.277359e-01 -4.357697e-01 1.691114e+00
 -7.616158e-01 -4.200765e-01 1.837861e+00
 -6.399724e-02 -3.789067e-01 2.220421e+00
 2.877986e-01 -2.895725e-01 2.308506e+00
 6.393344e-01 -1.350166e-01 2.281911e+00
 9.544179e-01 5.685757e-02 2.141152e+00
 1.194265e+00 2.420578e-01 1.901469e+00
 1.327641e+00 3.751028e-01 1.619129e+00
 1.377797e+00 4.722673e-01 1.242992e+00
 1.342537e+00 5.029435e-01 8.611656e-01
 1.015396e+00 4.319897e-01 2.834205e-02
 8.484803e-01 4.302891e-01 -2.019851e-01
 6.084192e-01 3.757125e-01 -3.826996e-01
 2.818992e-01 2.311807e-01 -5.170106e-01
 -2.764111e-01 2.220044e-02 -5.613374e-01
 -5.158272e-01 -9.136786e-02 -6.520926e-01
 -6.218501e-01 -1.615211e-01 -7.330572e-01
 -8.117260e-01 -2.568230e-01 -9.724107e-01
 -1.037276e+00 -2.280757e-01 -1.243501e+00
 -1.309725e+00 -3.568913e-02 -1.492549e+00
 -1.507958e+00 2.629757e-01 -1.651755e+00
 -1.608334e+00 6.333753e-01 -1.723084e+00
 -1.601071e+00 1.019643e+00 -1.694744e+00
 -1.490589e+00 1.367341e+00 -1.571462e+00
 -1.296885e+00 1.628760e+00 -1.368504e+00
 -4.719635e-01 2.095693e+00 -5.130886e-01
 -3.127453e-01 2.134257e+00 -3.714436e-01
 -1.471585e-01 2.127341e+00 -2.371853e-01
 2.305704e-02 2.073722e+00 -1.125319e-01
 2.109908e-01 1.966625e+00 -3.736784e-03
 3.808337e-01 1.830639e+00 5.655230e-02
 4.975442e-01 1.712699e+00 6.411192e-02
 6.570734e-01 1.573498e+00 1.613528e-02
 8.736108e-01 1.473536e+00 -3.180254e-02
 1.337542e+00 1.377281e+00 -1.373095e-01
 1.604629e+00 1.230602e+00 -1.834924e-01
 1.820371e+00 1.012324e+00 -2.035253e-01
 1.966960e+00 7.430191e-01 -1.921812e-01
 2.033094e+00 4.475179e-01 -1.471286e-01
 2.014770e+00 1.526685e-01 -6.906249e-02
 1.733419e+00 -6.051392e-01 2.352893e-01
 1.567958e+00 -9.492506e-01 3.646481e-01
 1.376310e+00 -1.185622e+00 4.177977e-01
 1.141467e+00 -1.355191e+00 4.358181e-01
 8.655738e-01 -1.455872e+00 4.304438e-01
 5.718747e-01 -1.478710e+00 3.988780e-01
 1.164361e-01 -1.385245e+00 3.181547e-01
 -2.107870e-01 -1.443112e+00 2.860962e-01
 -6.799663e-01 -1.681893e+00 3.720937e-01
 -9.643500e-01 -1.743352e+00 3.805908e-01
 -1.251944e+00 -1.735420e+00 3.426971e-01
 -1.515608e+00 -1.663576e+00 2.588906e-01
 -1.735827e+00 -1.529910e+00 1.477742e-01
 -1.898354e+00 -1.342030e+00 2.497144e-02
 -1.995287e+00 -1.110248e+00 -9.681896e-02
 -2.022794e+00 -8.428741e-01 -2.017701e-01
 -1.975022e+00 -5.811210e-01 -2.837080e-01
 -1.500678e+00 3.713890e-01 -5.480686e-01
 -1.308484e+00 5.921356e-01 -6.771868e-01
 -1.100561e+00 7.269328e-01 -8.371676e-01
 -9.265858e-01 7.679905e-01 -9.705691e-01
 -7.458287e-01 7.567492e-01 -1.171059e+00
 -4.877576e-01 6.346964e-01 -1.363090e+00
 -2.725811e-01 4.386055e-01 -1.492126e+00
 -1.009967e-01 1.834527e-01 -1.554245e+00
 1.865636e-02 -8.967097e-02 -1.536356e+00
 9.865483e-02 -3.602252e-01 -1.432007e+00
 1.277928e-01 -6.266783e-01 -1.237889e+00
 4.589202e-02 -9.713238e-01 -8.578738e-01
 7.077818e-02 -1.195046e+00 -7.263612e-01
 1.419932e-01 -1.733977e+00 -6.497737e-01
 1.636633e-01 -2.088219e+00 -4.356397e-01
 1.537275e-01 -2.331129e+00 -9.985345e-02
 1.123633e-01 -2.424136e+00 3.075994e-01
 7.671414e-02 -2.356308e+00 6.933703e-01
 3.619287e-02 -2.150664e+00 1.009891e+00
 -3.904684e-02 -1.815710e+00 1.237604e+00
 -1.137072e-01 -1.452692e+00 1.317482e+00
 -1.760652e-01 -1.080741e+00 1.255745e+00
 -2.103304e-01 -8.121796e-01 1.093691e+00
 -2.893740e-01 -5.495641e-01 8.157871e-01
 -3.067087e-01 -2.950045e-01 6.458619e-01
 -2.527668e-01 -5.751752e-02 5.233171e-01
 -1.463208e-01 1.840216e-01 4.518553e-01
 -3.009530e-03 4.020324e-01 4.392524e-01
 1.260388e-01 5.824081e-01 4.856348e-01
 2.077318e-01 7.715042e-01 5.721013e-01
 4.857792e-01 1.119482e+00 9.056593e-01
 6.941804e-01 1.355840e+00 1.007394e+00
 8.999557e-01 1.626944e+00 1.002214e+00
 1.072875e+00 1.898132e+00 8.877893e-01
 1.191274e+00 2.140281e+00 6.766320e-01
 1.242630e+00 2.324858e+00 3.908091e-01
 1.219062e+00 2.429258e+00 6.430259e-02
 1.137461e+00 2.431978e+00 -2.647994e-01
 1.003568e+00 2.336207e+00 -5.663789e-01
 8.215492e-01 2.156117e+00 -8.014703e-01
 6.128589e-01 1.916741e+00 -9.384882e-01
 3.942011e-01 1.652140e+00 -9.610739e-01
 1.875991e-01 1.400964e+00 -8.664475e-01
 6.476760e-03 1.213724e+00 -6.760024e-01
 -1.683664e-01 1.124574e+00 -4.176620e-01
 -6.293226e-01 1.155541e+00 8.528052e-02
 -7.780494e-01 1.081140e+00 5.335939e-01
 -7.352862e-01 8.970995e-01 9.702040e-01
 -5.062486e-01 6.509424e-01 1.305735e+00
 -1.438641e-01 3.950244e-01 1.466335e+00
 1.992989e-01 1.956603e-01 1.420864e+00
