 -2.219100e+00 1.630714e+00 1.122595e+00
 -2.412839e+00 1.576536e+00 7.688741e-01
 -2.482388e+00 1.416467e+00 3.956621e-01
 -2.399209e+00 1.203265e+00 5.589669e-02
 -2.172360e+00 9.757967e-01 -2.005268e-01
 -1.839731e+00 7.584787e-01 -3.255357e-01
 -1.440215e+00 5.999481e-01 -2.987482e-01
 -1.067407e+00 5.454676e-01 -1.259289e-01
 -7.136649e-01 6.596437e-01 1.210926e-01
 -3.902806e-01 1.142171e+00 5.637421e-01
 3.414203e-02 1.292164e+00 8.480958e-01
 5.291331e-01 1.247659e+00 9.645332e-01
 9.770013e-01 1.026777e+00 8.941482e-01
 1.305723e+00 7.182725e-01 6.048518e-01
 1.404481e+00 4.664559e-01 2.076969e-01
 1.324930e+00 3.654594e-01 -1.689273e-01
 1.242303e+00 4.498304e-01 -5.051373e-01
 1.307581e+00 5.768806e-01 -8.170598e-01
 1.504010e+00 6.307506e-01 -1.106161e+00
 1.771246e+00 5.789318e-01 -1.364336e+00
 2.052409e+00 3.854056e-01 -1.553741e+00
 2.285786e+00 1.105590e-01 -1.639815e+00
 2.448167e+00 -2.259933e-01 -1.628309e+00
 2.515846e+00 -5.762231e-01 -1.521398e+00
 2.484994e+00 -8.921759e-01 -1.330651e+00
 2.364994e+00 -1.132076e+00 -1.078341e+00
 1.677726e+00 -1.614194e+00 -6.204448e-02
 1.431836e+00 -1.647528e+00 1.794314e-01
 1.134851e+00 -1.582683e+00 3.752090e-01
 8.590373e-01 -1.458016e+00 4.741880e-01
 5.921571e-01 -1.269266e+00 4.902790e-01
 4.184976e-01 -1.075066e+00 4.424089e-01
 3.071908e-01 -8.636874e-01 3.304618e-01
 1.996026e-01 -6.318620e-01 1.457511e-01
 1.066410e-01 -5.129293e-01 2.333317e-02
 -2.625365e-01 -2.244368e-01 -2.293140e-01
 -4.547709e-01 -1.841362e-01 -4.520646e-01
 -5.919288e-01 -1.382536e-01 -8.106155e-01
 -5.939937e-01 -5.884383e-02 -1.185353e+00
 -4.634818e-01 1.266415e-02 -1.490505e+00
 -2.171398e-01 4.003213e-02 -1.747509e+00
 1.339569e-01 1.966228e-02 -1.925075e+00
 5.082381e-01 -5.346632e-02 -1.972058e+00
 8.472492e-01 -1.559743e-01 -1.891941e+00
 1.123926e+00 -2.658717e-01 -1.700345e+00
 1.526435e+00 -4.087751e-01 -1.128659e+00
 1.852234e+00 -3.019563e-01 -7.906558e-01
 2.128601e+00 -8.495557e-02 -6.424864e-01
 2.291946e+00 3.115784e-01 -5.131025e-01
 2.251994e+00 7.510200e-01 -4.059783e-01
 2.001527e+00 1.143082e+00 -3.102902e-01
 1.648187e+00 1.365302e+00 -2.385907e-01
 1.196788e+00 1.417122e+00 -1.627253e-01
 8.080583e-01 1.288358e+00 -1.182806e-01
 5.290609e-01 1.029292e+00 -4.946179e-02
 4.072908e-01 7.210000e-01 6.267271e-02
 3.718214e-01 4.975658e-01 2.234009e-01
 2.598385e-01 2.942831e-01 6.167384e-01
 6.325164e-02 4.273228e-02 8.969205e-01
 -8.130239e-02 -2.448271e-01 1.039780e+00
 -2.163237e-01 -4.905722e-01 1.109687e+00
 -3.328159e-01 -7.467345e-01 1.102370e+00
 -4.201618e-01 -1.034701e+00 1.019648e+00
 -5.394622e-01 -1.686822e+00 6.534160e-01
 -6.442884e-01 -2.034564e+00 3.105965e-01
 -7.177496e-01 -2.216460e+00 -6.136915e-02
 -7.379743e-01 -2.254092e+00 -4.475355e-01
 -7.006151e-01 -2.161438e+00 -8.191495e-01
 -6.047198e-01 -1.957844e+00 -1.127145e+00
 -4.572076e-01 -1.676526e+00 -1.332929e+00
 -2.714997e-01 -1.359509e+00 -1.412674e+00
 -3.826648e-02 -1.011294e+00 -1.352449e+00
 3.035982e-01 -5.473079e-01 -1.092895e+00
 3.950149e-01 -3.347457e-01 -9.938390e-01
 4.303770e-01 -1.397785e-01 -9.598255e-01
 3.989488e-01 1.053153e-01 -9.352448e-01
 2.760956e-01 4.141236e-01 -9.073386e-01
 4.218050e-02 6.932891e-01 -8.856097e-01
 -5.719489e-01 1.347214e+00 -6.180185e-01
 -8.000020e-01 1.502064e+00 -4.601684e-01
 -1.035036e+00 1.573604e+00 -2.518246e-01
 -1.227396e+00 1.565023e+00 -1.973672e-02
 -1.376518e+00 1.480423e+00 2.360029e-01
 -1.458722e+00 1.328876e+00 4.461969e-01
 -1.520234e+00 1.103864e+00 5.943769e-01
 -1.631624e+00 9.136442e-01 6.654490e-01
 -1.797320e+00 7.526982e-01 8.022281e-01
 -1.893459e+00 6.214016e-01 9.905109e-01
 -1.917514e+00 4.603822e-01 1.237660e+00
 -1.845948e+00 3.002728e-01 1.490357e+00
 -1.672505e+00 1.368308e-01 1.734778e+00
 -1.434821e+00 1.581627e-02 1.906462e+00
 -1.144344e+00 -6.138781e-02 2.006418e+00
 -3.162232e-02 -1.706043e-01 2.061917e+00
 3.080301e-01 -2.212453e-01 1.975186e+00
 5.791605e-01 -2.737063e-01 1.806698e+00
 7.951787e-01 -3.256025e-01 1.548217e+00
 1.248237e+00 -4.802253e-01 4.966514e-01
 1.271012e+00 -5.823956e-01 1.507368e-01
 1.182318e+00 -7.122627e-01 -1.619150e-01
 1.026068e+00 -9.019663e-01 -4.089153e-01
 7.504400e-01 -1.243788e+00 -5.201890e-01
 3.887912e-01 -1.450049e+00 -5.123201e-01
 -6.410447e-03 -1.463219e+00 -4.297246e-01
 -4.739366e-01 -1.263025e+00 -3.423232e-01
 -6.825416e-01 -1.167821e+00 -2.354447e-01
 -8.907203e-01 -9.991641e-01 -2.016665e-02
 -9.881839e-01 -8.145986e-01 1.630334e-01
 -1.053352e+00 -2.619219e-01 5.856290e-01
 -1.052076e+00 -9.704262e-02 7.187114e-01
 -1.040383e+00 4.646938e-03 8.098667e-01
 -1.012472e+00 1.159843e-01 9.069592e-01
 -8.973174e-01 3.747541e-01 1.120144e+00
 -8.840155e-01 6.119891e-01 1.275225e+00
 -1.001756e+00 8.756303e-01 1.468453e+00
 -1.266002e+00 1.173745e+00 1.587852e+00
 -1.599263e+00 1.411093e+00 1.568399e+00
 -1.935262e+00 1.571602e+00 1.402824e+00
