 1.312782e+00 9.606754e-01 -1.036905e+00
 1.217346e+00 1.137964e+00 -8.093081e-01
 1.110167e+00 1.233598e+00 -5.310208e-01
 9.716165e-01 1.230652e+00 -2.242560e-01
 8.269781e-01 1.117277e+00 6.057931e-02
 6.584630e-01 9.231074e-01 2.657701e-01
 5.357264e-01 8.451028e-01 4.074956e-01
 1.634552e-01 7.458925e-01 7.503984e-01
 -2.792748e-02 5.775117e-01 1.044667e+00
 -2.048559e-01 3.203763e-01 1.399014e+00
 -2.952639e-01 1.548916e-01 1.547907e+00
 -3.905521e-01 -7.539708e-02 1.667730e+00
 -4.843229e-01 -4.001870e-01 1.744337e+00
 -5.359573e-01 -7.173846e-01 1.753154e+00
 -5.348708e-01 -1.045578e+00 1.689145e+00
 -5.060112e-01 -1.616903e+00 1.508330e+00
 -5.313927e-01 -1.883168e+00 1.349677e+00
 -5.983136e-01 -2.114704e+00 1.107564e+00
 -6.972765e-01 -2.267088e+00 7.907876e-01
 -8.049293e-01 -2.304175e+00 4.332451e-01
 -8.958658e-01 -2.209872e+00 7.274483e-02
 -9.447655e-01 -1.997526e+00 -2.410549e-01
 -9.349502e-01 -1.701707e+00 -4.726856e-01
 -8.567727e-01 -1.349552e+00 -6.101591e-01
 -6.299386e-01 -7.662309e-01 -6.615504e-01
 -5.761653e-01 -5.896579e-01 -6.652966e-01
 -5.312685e-01 -4.540392e-01 -6.436277e-01
 -4.335085e-01 -1.175655e-01 -5.292291e-01
 -3.476180e-01 4.038520e-01 -2.928081e-01
 -1.940178e-01 7.657348e-01 -2.771253e-01
 -4.506980e-02 1.090524e+00 -4.497600e-01
 -4.788511e-02 1.343405e+00 -6.342003e-01
 -1.555105e-01 1.602399e+00 -8.481635e-01
 -3.573692e-01 1.789481e+00 -1.060079e+00
 -6.355890e-01 1.884569e+00 -1.253959e+00
 -9.564334e-01 1.873477e+00 -1.403239e+00
 -1.278164e+00 1.757714e+00 -1.487357e+00
 -1.558075e+00 1.557418e+00 -1.497023e+00
 -1.764001e+00 1.306383e+00 -1.437085e+00
 -2.011378e+00 9.021126e-01 -1.299268e+00
 -2.297526e+00 4.311405e-01 -1.138991e+00
 -2.378597e+00 2.445898e-01 -1.063182e+00
 -2.418514e+00 5.977759e-03 -9.389859e-01
 -2.382678e+00 -2.456007e-01 -7.681535e-01
 -2.251333e+00 -4.730857e-01 -5.607905e-01
 -2.018459e+00 -6.354150e-01 -3.407725e-01
 -1.701308e+00 -6.899561e-01 -1.322651e-01
 -1.389370e+00 -6.167082e-01 3.254323e-03
 -1.178814e+00 -4.509816e-01 1.229336e-01
 -1.023574e+00 -3.337395e-01 2.619410e-01
 -7.315859e-01 -2.748422e-01 4.509550e-01
 -3.651660e-01 -3.385975e-01 6.339855e-01
 -9.728080e-02 -4.948207e-01 7.977959e-01
 6.742131e-02 -6.981640e-01 9.440514e-01
 2.474985e-01 -8.502665e-01 1.054907e+00
 5.427752e-01 -9.617462e-01 1.173607e+00
 8.674202e-01 -9.777090e-01 1.246927e+00
 1.177279e+00 -8.983624e-01 1.275154e+00
 1.443102e+00 -7.570360e-01 1.237862e+00
 1.659659e+00 -5.542499e-01 1.137530e+00
 1.798267e+00 -2.868452e-01 1.007220e+00
 1.837692e+00 3.659242e-02 8.583261e-01
 1.765833e+00 3.067866e-01 7.565726e-01
 1.602697e+00 6.137526e-01 7.354119e-01
 1.451252e+00 1.004694e+00 8.824751e-01
 1.323738e+00 1.217153e+00 9.742952e-01
 1.101969e+00 1.454317e+00 1.010323e+00
 8.232633e-01 1.648571e+00 9.615773e-01
 5.168900e-01 1.766110e+00 8.397598e-01
 2.660840e-01 1.792409e+00 7.102216e-01
 -2.029805e-01 1.715194e+00 4.369642e-01
 -6.814674e-01 1.609776e+00 1.379065e-01
 -8.575632e-01 1.537203e+00 -3.317528e-02
 -9.969924e-01 1.421798e+00 -2.623230e-01
 -1.063514e+00 1.258386e+00 -5.240984e-01
 -1.035383e+00 1.079741e+00 -7.620224e-01
 -9.040169e-01 9.168425e-01 -1.011793e+00
 -6.382673e-01 7.422823e-01 -1.219154e+00
 -3.159415e-01 6.080787e-01 -1.308483e+00
 -2.137715e-02 5.070145e-01 -1.280986e+00
 2.329850e-01 4.102020e-01 -1.159458e+00
 4.467602e-01 3.343541e-01 -9.534514e-01
 6.976823e-01 2.973204e-01 -5.674592e-01
 9.775585e-01 2.199180e-01 -3.967063e-01
 1.341290e+00 2.595261e-01 -2.830572e-01
 1.918799e+00 5.094597e-01 -2.388442e-01
 2.187738e+00 6.596763e-01 -1.113359e-01
 2.404039e+00 7.875552e-01 1.112238e-01
 2.543320e+00 8.783947e-01 4.049924e-01
 2.588632e+00 9.211702e-01 7.427817e-01
 2.529571e+00 9.078512e-01 1.087850e+00
 2.367558e+00 8.364625e-01 1.397611e+00
 2.118845e+00 7.131089e-01 1.630000e+00
 1.812064e+00 5.545776e-01 1.750873e+00
 1.476034e+00 4.039310e-01 1.740724e+00
 1.143914e+00 2.610285e-01 1.588105e+00
 9.022805e-01 1.288802e-01 1.308815e+00
 8.150711e-01 3.957934e-03 9.924132e-01
 8.336721e-01 -8.466130e-02 7.209622e-01
 9.313073e-01 -3.388179e-01 4.444271e-01
 1.208187e+00 -8.893446e-01 1.558847e-01
 1.244716e+00 -1.158161e+00 -1.371418e-02
 1.185204e+00 -1.409703e+00 -2.328625e-01
 1.026940e+00 -1.602507e+00 -4.750957e-01
 7.907140e-01 -1.700712e+00 -7.208432e-01
 5.210327e-01 -1.678091e+00 -9.544952e-01
 2.592346e-01 -1.531760e+00 -1.158805e+00
 -1.556418e-01 -1.187332e+00 -1.466972e+00
 -3.565429e-01 -1.020242e+00 -1.597937e+00
 -5.452225e-01 -8.634263e-01 -1.661647e+00
 -7.615748e-01 -6.801794e-01 -1.661007e+00
 -9.816686e-01 -4.832575e-01 -1.583868e+00
 -1.154683e+00 -3.099219e-01 -1.444496e+00
 -1.307145e+00 -1.245271e-01 -1.205009e+00
 -1.460562e+00 1.624843e-01 -6.394472e-01
 -1.563487e+00 2.853557e-01 -4.582159e-01
 -1.739812e+00 3.413615e-01 -1.925905e-01
 -1.884686e+00 2.854916e-01 1.479307e-01
 -1.949377e+00 1.165055e-01 4.815460e-01
 -1.912599e+00 -1.470311e-01 7.686219e-01
 -1.772266e+00 -4.717799e-01 9.582203e-01
 -1.544188e+00 -8.059420e-01 1.013221e+00
 -1.264669e+00 -1.092428e+00 9.187024e-01
 -1.034693e+00 -1.249166e+00 7.304140e-01
 -7.030037e-01 -1.293634e+00 4.954579e-01
 -3.207192e-01 -1.335632e+00 2.555586e-01
 -8.336772e-02 -1.248899e+00 9.772333e-02
 1.906871e-01 -1.042627e+00 -1.325713e-01
 3.903244e-01 -8.029921e-01 -4.408605e-01
 5.404607e-01 -7.132788e-01 -6.134803e-01
 8.044947e-01 -6.678826e-01 -8.992111e-01
 1.050322e+00 -5.077206e-01 -1.114596e+00
 1.247524e+00 -2.554840e-01 -1.257428e+00
 1.376876e+00 5.349766e-02 -1.319184e+00
 1.421973e+00 3.804696e-01 -1.307905e+00
 1.396451e+00 6.909342e-01 -1.215676e+00
