 -1.531173e+00 1.356261e-01 -2.277301e-01
 -1.061940e+00 2.917047e-01 -2.868280e-01
 -6.586756e-01 2.484578e-01 -4.797607e-01
 1.325318e-01 4.539005e-01 -9.033525e-01
 2.635012e-01 4.770773e-01 -1.000509e+00
 4.398930e-01 5.037793e-01 -1.208994e+00
 6.317844e-01 6.709139e-01 -1.513414e+00
 7.211936e-01 1.000885e+00 -1.804240e+00
 7.017780e-01 1.423598e+00 -1.958540e+00
 5.657955e-01 1.855131e+00 -1.952568e+00
 3.297290e-01 2.215366e+00 -1.784915e+00
 4.315084e-02 2.426783e+00 -1.473302e+00
 -2.451915e-01 2.434524e+00 -1.052557e+00
 -6.948946e-01 2.268164e+00 -2.867117e-01
 -7.815849e-01 2.221222e+00 -1.321378e-01
 -8.743090e-01 2.130963e+00 4.395740e-02
 -9.558860e-01 1.971628e+00 2.374163e-01
 -9.975528e-01 1.732332e+00 4.181227e-01
 -9.787861e-01 1.425576e+00 5.486736e-01
 -8.704460e-01 1.068002e+00 5.976310e-01
 -6.819436e-01 7.578601e-01 5.324277e-01
 -4.061137e-01 5.609194e-01 4.590020e-01
 -3.090704e-01 4.807691e-01 4.379635e-01
 -1.356963e-01 2.849574e-01 3.819464e-01
 1.436889e-01 -1.270191e-02 1.938091e-01
 4.727056e-01 -2.211860e-01 1.314806e-01
 8.598720e-01 -3.116023e-01 2.163476e-01
 1.300363e+00 -1.971355e-01 2.981959e-01
 1.605714e+00 5.371825e-02 3.352480e-01
 1.800539e+00 3.768338e-01 2.901556e-01
 1.873990e+00 7.028461e-01 1.815466e-01
 1.850855e+00 9.896233e-01 2.461004e-02
 1.746924e+00 1.221126e+00 -1.573467e-01
 1.568582e+00 1.395037e+00 -3.434431e-01
 1.333320e+00 1.497301e+00 -5.120771e-01
 1.025710e+00 1.525439e+00 -6.709099e-01
 2.395311e-01 1.496896e+00 -1.038635e+00
 8.546491e-02 1.456066e+00 -1.137461e+00
 -8.762487e-02 1.393671e+00 -1.284568e+00
 -2.987732e-01 1.145226e+00 -1.558044e+00
 -4.195341e-01 7.196152e-01 -1.745717e+00
 -3.913165e-01 2.338109e-01 -1.770156e+00
 -2.029897e-01 -2.041335e-01 -1.627599e+00
 9.704927e-02 -4.839961e-01 -1.337685e+00
 5.428907e-01 -5.498805e-01 -8.987241e-01
 7.545129e-01 -6.278174e-01 -7.550593e-01
 1.022434e+00 -7.665931e-01 -6.642514e-01
 1.212722e+00 -9.651330e-01 -6.365738e-01
 1.348865e+00 -1.313324e+00 -5.765182e-01
 1.350066e+00 -1.636505e+00 -5.146476e-01
 1.255650e+00 -1.923140e+00 -4.167630e-01
 1.101288e+00 -2.135312e+00 -2.979375e-01
 9.205092e-01 -2.274185e+00 -1.676416e-01
 7.213441e-01 -2.350274e+00 -2.943176e-02
 5.065274e-01 -2.365214e+00 1.004482e-01
 2.875230e-01 -2.315180e+00 2.279964e-01
 6.140969e-02 -2.182891e+00 3.628043e-01
 -1.329794e-01 -1.962367e+00 4.913163e-01
 -2.520376e-01 -1.654916e+00 5.929624e-01
 -2.476073e-01 -1.302072e+00 6.730480e-01
 -1.214841e-01 -1.028398e+00 7.249887e-01
 -3.969150e-02 -9.166018e-01 7.705196e-01
 2.789784e-01 -5.649328e-01 1.082838e+00
 4.817008e-01 -1.799382e-01 1.172709e+00
 6.322913e-01 1.583663e-01 1.098080e+00
 7.548161e-01 4.708582e-01 8.827921e-01
 8.060927e-01 6.487623e-01 6.264650e-01
 8.382296e-01 7.355810e-01 2.797840e-01
 8.807325e-01 6.978149e-01 -4.223629e-02
 9.449848e-01 5.991511e-01 -2.544816e-01
 1.306661e+00 3.292506e-01 -6.894811e-01
 1.419550e+00 -4.601385e-02 -1.311215e+00
 1.318623e+00 -4.552122e-01 -1.617519e+00
 1.108353e+00 -9.212982e-01 -1.693127e+00
 8.346161e-01 -1.321508e+00 -1.529704e+00
 5.498653e-01 -1.542346e+00 -1.196420e+00
 3.530237e-01 -1.574804e+00 -7.595460e-01
 3.273732e-01 -1.469471e+00 -3.572385e-01
 4.710106e-01 -1.353254e+00 -5.569582e-02
 6.801575e-01 -1.362601e+00 2.094571e-01
 7.774986e-01 -1.473221e+00 5.182108e-01
 7.289739e-01 -1.574194e+00 8.899314e-01
 5.813612e-01 -1.611873e+00 1.196019e+00
 3.369218e-01 -1.586731e+00 1.462979e+00
 -5.325032e-01 -1.397125e+00 2.179364e+00
 -8.327667e-01 -1.251856e+00 2.316352e+00
 -1.125369e+00 -1.039122e+00 2.343970e+00
 -1.372900e+00 -7.907152e-01 2.256455e+00
 -1.546530e+00 -5.412396e-01 2.064700e+00
 -1.627780e+00 -3.244090e-01 1.793617e+00
 -1.610604e+00 -1.674902e-01 1.476199e+00
 -1.493523e+00 -8.060947e-02 1.159751e+00
 -1.307085e+00 -6.649717e-02 9.010136e-01
 -1.123221e+00 -1.290830e-01 7.186934e-01
 -9.813100e-01 -2.504408e-01 5.758121e-01
 -9.109866e-01 -3.427504e-01 4.880383e-01
 -8.644196e-01 -4.567334e-01 3.679981e-01
 -8.461832e-01 -6.072729e-01 1.460796e-01
 -9.019718e-01 -7.326930e-01 -2.110260e-01
 -1.032326e+00 -7.153916e-01 -6.054332e-01
 -1.184057e+00 -4.982991e-01 -9.889824e-01
 -1.296673e+00 -8.668823e-02 -1.247144e+00
 -1.313300e+00 4.158746e-01 -1.298411e+00
 -1.222522e+00 8.668300e-01 -1.139003e+00
 -1.026434e+00 1.160176e+00 -8.597927e-01
 -7.546933e-01 1.275717e+00 -5.422999e-01
 -4.652895e-01 1.278302e+00 -3.196861e-01
 -2.298813e-01 1.363711e+00 -1.642476e-01
 -3.925058e-02 1.464615e+00 1.304124e-01
 6.294841e-02 1.469020e+00 4.602177e-01
 9.857396e-02 1.398128e+00 7.463918e-01
 8.704716e-02 1.268523e+00 9.991716e-01
 2.827816e-02 1.078513e+00 1.220081e+00
 -8.451070e-02 8.251756e-01 1.388382e+00
 -3.212840e-01 3.551028e-01 1.501029e+00
 -5.613651e-01 -2.774297e-01 1.553710e+00
 -6.513066e-01 -5.290157e-01 1.531021e+00
 -7.682296e-01 -7.449548e-01 1.437236e+00
 -1.013571e+00 -1.013207e+00 1.279771e+00
 -1.485559e+00 -1.105980e+00 9.264644e-01
 -1.834254e+00 -8.615936e-01 4.300167e-01
 -1.869107e+00 -3.582667e-01 5.607601e-03
