 -3.400984e-01 1.972330e+00 1.010421e+00
 7.187958e-03 1.814206e+00 8.959208e-01
 2.666717e-01 1.668758e+00 6.434162e-01
 4.167081e-01 1.647405e+00 3.666075e-01
 5.807158e-01 1.709333e+00 1.312152e-01
 8.405051e-01 1.780434e+00 -3.639226e-02
 1.159791e+00 1.792524e+00 -1.275766e-01
 1.497391e+00 1.709076e+00 -1.462150e-01
 1.802757e+00 1.519565e+00 -1.016058e-01
 2.016137e+00 1.254279e+00 -1.392639e-02
 2.120933e+00 9.411395e-01 9.412681e-02
 2.107717e+00 6.129218e-01 2.044197e-01
 1.978418e+00 3.091751e-01 3.098934e-01
 1.747478e+00 6.240494e-02 3.928201e-01
 1.441917e+00 -9.861728e-02 4.400453e-01
 8.645598e-01 -1.956793e-01 4.403684e-01
 3.238013e-01 -3.029960e-01 3.367810e-01
 2.468972e-01 -3.097306e-01 3.178857e-01
 9.806172e-02 -3.113579e-01 2.919861e-01
 -9.152983e-02 -2.950639e-01 2.945196e-01
 -4.690887e-01 -1.563365e-01 3.023306e-01
 -6.003000e-01 -1.160423e-01 2.873531e-01
 -7.026864e-01 -9.502330e-02 2.607138e-01
 -8.430709e-01 -8.431721e-02 2.171461e-01
 -1.041171e+00 -1.038231e-01 1.718403e-01
 -1.264416e+00 -1.876859e-01 1.037384e-01
 -1.450132e+00 -3.184613e-01 2.495665e-02
 -1.591129e+00 -4.835813e-01 -6.346623e-02
 -1.682424e+00 -6.669901e-01 -1.604335e-01
 -1.723903e+00 -8.555534e-01 -2.581101e-01
 -1.721757e+00 -1.057226e+00 -3.698496e-01
 -1.453658e+00 -2.119476e+00 -1.021418e+00
 -1.219795e+00 -2.410923e+00 -1.182757e+00
 -8.777379e-01 -2.606956e+00 -1.271878e+00
 -4.845759e-01 -2.678126e+00 -1.277815e+00
 -1.029646e-01 -2.617551e+00 -1.204123e+00
 2.223279e-01 -2.431422e+00 -1.066520e+00
 4.275251e-01 -2.167779e+00 -8.978486e-01
 5.045183e-01 -1.845245e+00 -7.012127e-01
 4.256481e-01 -1.562641e+00 -5.023082e-01
 3.009970e-01 -1.423936e+00 -2.976247e-01
 2.181497e-01 -1.325685e+00 -2.602599e-02
 1.295373e-01 -1.304343e+00 4.730646e-01
 9.355715e-02 -1.225315e+00 7.234151e-01
 6.148198e-02 -1.080044e+00 9.483702e-01
 3.657769e-02 -8.767076e-01 1.129502e+00
 2.165157e-02 -6.283397e-01 1.251391e+00
 1.889375e-02 -3.523878e-01 1.302404e+00
 2.961633e-02 -7.043508e-02 1.275980e+00
 4.614748e-02 1.964724e-01 1.170369e+00
 7.173044e-02 4.237724e-01 9.927207e-01
 1.089116e-01 5.917266e-01 7.560861e-01
 1.387584e-01 6.762986e-01 5.046610e-01
 1.101351e-01 7.076510e-01 9.728991e-02
 1.609623e-01 9.792341e-01 -4.315626e-01
 1.912906e-01 9.576683e-01 -9.294454e-01
 5.707627e-02 7.228697e-01 -1.393168e+00
 -1.926878e-01 3.326842e-01 -1.658473e+00
 -4.857330e-01 -1.120294e-01 -1.657363e+00
 -7.521173e-01 -4.849801e-01 -1.395197e+00
 -8.786016e-01 -6.979571e-01 -9.818019e-01
 -7.270181e-01 -8.605939e-01 -4.304147e-01
 -7.180619e-01 -9.859011e-01 -2.113898e-01
 -7.743730e-01 -1.075619e+00 1.232179e-02
 -8.470280e-01 -1.096800e+00 2.857015e-01
 -9.226666e-01 -1.036915e+00 5.549528e-01
 -9.865468e-01 -9.096570e-01 7.867413e-01
 -1.034753e+00 -7.310484e-01 9.714524e-01
 -1.063531e+00 -5.196923e-01 1.102449e+00
 -1.073684e+00 -2.929878e-01 1.177982e+00
 -1.067247e+00 -6.611032e-02 1.200801e+00
 -1.046889e+00 1.493252e-01 1.176540e+00
 -1.015382e+00 3.454209e-01 1.112074e+00
 -9.751772e-01 5.171731e-01 1.014011e+00
 -7.611905e-01 1.133915e+00 4.787392e-01
 -7.068919e-01 1.246291e+00 3.731051e-01
 -6.411502e-01 1.354679e+00 2.555917e-01
 -6.008271e-01 1.490691e+00 1.351191e-01
 -5.537377e-01 1.692228e+00 3.569090e-02
 -4.706891e-01 1.959164e+00 -1.186941e-02
 -3.532608e-01 2.206718e+00 1.247684e-02
 -1.716025e-01 2.427726e+00 9.246666e-02
 5.189456e-02 2.586472e+00 2.213008e-01
 3.037036e-01 2.662048e+00 3.819712e-01
 5.675022e-01 2.643761e+00 5.461551e-01
 8.255789e-01 2.528327e+00 6.919518e-01
 1.045592e+00 2.319156e+00 8.129652e-01
 1.207548e+00 2.030666e+00 8.846531e-01
 1.294073e+00 1.696253e+00 8.820878e-01
 1.294954e+00 1.366993e+00 7.968414e-01
 1.231424e+00 1.096632e+00 6.345847e-01
 1.140976e+00 8.984967e-01 3.908249e-01
 1.109381e+00 8.183403e-01 1.547775e-01
 1.126557e+00 7.576158e-01 -2.677773e-02
 1.126610e+00 6.819814e-01 -1.906116e-01
 9.753360e-01 2.398389e-01 -1.161494e+00
 9.032497e-01 7.424881e-02 -1.378117e+00
 8.095743e-01 -1.055423e-01 -1.526776e+00
 6.865565e-01 -3.085064e-01 -1.623402e+00
 5.410384e-01 -5.221465e-01 -1.658399e+00
 3.828635e-01 -7.311982e-01 -1.626180e+00
 -3.031765e-01 -1.502525e+00 -1.219042e+00
 -4.390696e-01 -1.647813e+00 -1.054536e+00
 -5.089530e-01 -1.750474e+00 -8.417638e-01
 -5.364248e-01 -1.885415e+00 -6.213101e-01
 -4.752507e-01 -2.074655e+00 -4.094999e-01
 -2.803203e-01 -2.245361e+00 -1.563434e-01
 2.860143e-03 -2.335845e+00 4.602635e-02
 3.201004e-01 -2.326061e+00 1.864931e-01
 6.401073e-01 -2.217668e+00 2.558987e-01
 9.110318e-01 -2.020638e+00 2.686060e-01
 1.104282e+00 -1.767551e+00 2.341973e-01
 1.223017e+00 -1.483045e+00 1.356305e-01
 1.252929e+00 -1.200508e+00 -1.348844e-02
 1.193342e+00 -9.482728e-01 -1.968716e-01
 1.049913e+00 -7.469660e-01 -3.830005e-01
 8.291360e-01 -5.936250e-01 -5.285792e-01
 4.389394e-01 -4.570837e-01 -6.544294e-01
 1.885292e-01 -2.738450e-01 -7.147038e-01
 -2.540492e-01 5.890150e-02 -6.615873e-01
 -3.620105e-01 1.232622e-01 -6.554563e-01
 -4.796113e-01 2.088980e-01 -6.701780e-01
 -6.152855e-01 3.464038e-01 -6.646413e-01
 -1.424744e+00 1.093665e+00 -3.498409e-01
 -1.595925e+00 1.411967e+00 -1.148281e-01
 -1.601195e+00 1.715082e+00 1.920438e-01
 -1.436554e+00 1.953556e+00 5.108739e-01
 -1.132346e+00 2.083105e+00 7.876363e-01
 -7.455426e-01 2.079906e+00 9.721535e-01
