 -5.218983e-01 1.228211e+00 -2.811606e+00
 -5.312491e-01 1.476496e+00 -2.668678e+00
 -4.900992e-01 1.706792e+00 -2.440733e+00
 -3.830444e-01 1.870088e+00 -2.132996e+00
 -1.900897e-01 1.916423e+00 -1.795583e+00
 7.732957e-03 1.837327e+00 -1.553433e+00
 1.959512e-01 1.758562e+00 -1.455253e+00
 4.175128e-01 1.729361e+00 -1.347047e+00
 6.390969e-01 1.716088e+00 -1.090442e+00
 7.658009e-01 1.627339e+00 -7.246465e-01
 7.380698e-01 1.305736e+00 5.621920e-02
 6.503204e-01 9.895489e-01 6.403712e-01
 5.130993e-01 6.977198e-01 8.963570e-01
 2.948707e-01 3.676594e-01 1.013649e+00
 7.153167e-02 9.367105e-02 9.777213e-01
 -9.440079e-02 -2.780895e-01 7.794799e-01
 -2.727453e-01 -4.451761e-01 4.429541e-01
 -3.605041e-01 -4.869008e-01 1.768735e-01
 -4.265477e-01 -4.462488e-01 -6.078357e-01
 -4.048807e-01 -3.444062e-01 -1.288672e+00
 -2.188582e-01 -2.145100e-01 -1.662810e+00
 6.685475e-02 -8.124927e-02 -1.892538e+00
 4.284418e-01 1.456098e-02 -2.006533e+00
 8.273443e-01 9.607628e-02 -1.957077e+00
 1.153608e+00 1.457882e-01 -1.774086e+00
 1.380471e+00 1.620289e-01 -1.511043e+00
 1.505783e+00 1.478777e-01 -1.209234e+00
 1.579586e+00 3.749445e-02 -3.735454e-01
 1.581996e+00 -4.860202e-02 1.720250e-01
 1.494535e+00 -1.172641e-01 4.646189e-01
 8.098522e-01 -4.390521e-01 1.426724e+00
 5.729477e-01 -4.854309e-01 1.636964e+00
 2.926667e-01 -5.243885e-01 1.751284e+00
 -7.474737e-02 -5.954406e-01 1.759638e+00
 -3.208854e-01 -6.996860e-01 1.809365e+00
 -6.126901e-01 -8.698329e-01 2.017113e+00
 -7.736653e-01 -1.179276e+00 2.349810e+00
 -7.146887e-01 -1.569961e+00 2.641384e+00
 -4.628442e-01 -1.949282e+00 2.804199e+00
 -7.851841e-02 -2.242065e+00 2.806346e+00
 3.548284e-01 -2.393115e+00 2.637236e+00
 7.377096e-01 -2.369025e+00 2.316441e+00
 9.689249e-01 -2.164542e+00 1.901153e+00
 9.676081e-01 -1.816772e+00 1.483605e+00
 6.994122e-01 -1.449231e+00 1.176237e+00
 2.651416e-01 -1.246570e+00 1.044408e+00
 -3.220618e-01 -1.293532e+00 9.924875e-01
 -5.861438e-01 -1.229342e+00 9.931906e-01
 -1.272426e+00 -7.842753e-01 1.048576e+00
 -1.748376e+00 -3.772879e-01 1.091698e+00
 -1.941647e+00 1.160174e-02 1.064893e+00
 -1.962311e+00 4.518823e-01 9.723618e-01
 -1.788930e+00 8.583680e-01 8.199688e-01
 -1.438502e+00 1.136628e+00 6.346499e-01
 -9.792795e-01 1.206826e+00 4.576203e-01
 -5.262888e-01 1.037847e+00 3.242905e-01
 -4.967316e-03 4.599522e-01 3.887990e-02
 1.978062e-01 3.480716e-01 -1.527284e-02
 5.332745e-01 7.824139e-02 2.281693e-02
 6.309244e-01 -3.539272e-01 -1.637974e-02
 6.252778e-01 -6.059249e-01 -1.992112e-02
 3.871739e-01 -1.628859e+00 9.839700e-02
 2.591279e-01 -2.010767e+00 3.502715e-01
 1.547990e-01 -2.235324e+00 7.226997e-01
 6.209091e-02 -2.281082e+00 1.143213e+00
 -2.092952e-02 -2.149593e+00 1.538718e+00
 -4.107309e-02 -1.904456e+00 1.806301e+00
 6.058754e-02 -1.651041e+00 1.967077e+00
 2.092060e-01 -1.494448e+00 2.142110e+00
 2.652709e-01 -1.297117e+00 2.440533e+00
 1.852668e-01 -9.724820e-01 2.690743e+00
 1.470815e-02 -5.523744e-01 2.783522e+00
 -1.846958e-01 -1.837793e-01 2.693805e+00
 -3.937112e-01 8.338013e-02 2.468644e+00
 -5.733866e-01 2.314359e-01 2.144222e+00
 -9.262272e-01 2.698578e-01 1.113853e+00
 -9.713719e-01 2.273988e-01 7.997129e-01
 -1.051819e+00 1.729207e-01 5.571016e-01
 -1.118717e+00 1.822853e-01 1.807696e-01
 -1.081948e+00 2.711242e-01 -2.170196e-01
 -9.234827e-01 4.775561e-01 -9.443175e-01
 -7.775947e-01 6.065580e-01 -1.382638e+00
 -5.587961e-01 7.343055e-01 -1.667108e+00
 -2.376998e-01 8.737101e-01 -1.865560e+00
 1.137837e-01 9.635083e-01 -2.064065e+00
 3.004007e-01 1.094795e+00 -2.220843e+00
 5.404780e-01 1.445876e+00 -2.377764e+00
 6.958046e-01 1.978102e+00 -2.344238e+00
 6.846959e-01 2.487946e+00 -2.030006e+00
 4.989090e-01 2.765050e+00 -1.520654e+00
 2.143236e-01 2.698191e+00 -9.846396e-01
 -8.053759e-02 2.314609e+00 -6.129919e-01
 -2.542893e-01 1.739326e+00 -5.120421e-01
 -2.362188e-01 1.269565e+00 -6.734025e-01
 2.790978e-01 5.843067e-01 -1.016882e+00
 5.125118e-01 4.076721e-02 -9.834119e-01
 5.947465e-01 -2.925179e-01 -1.013956e+00
 6.323257e-01 -7.191006e-01 -1.281555e+00
 5.638094e-01 -9.873371e-01 -1.712124e+00
 4.084456e-01 -1.021654e+00 -2.204017e+00
 2.015079e-01 -8.106518e-01 -2.628860e+00
 -6.403339e-03 -4.149361e-01 -2.875058e+00
 -3.873093e-01 6.876366e-01 -2.912862e+00
 -4.785509e-01 9.934449e-01 -2.883926e+00
