 1.636774e-01 -2.426595e+00 5.986053e-01
 -4.083595e-02 -2.255387e+00 7.404442e-01
 -2.060514e-01 -2.048579e+00 8.124839e-01
 -3.165194e-01 -1.855663e+00 8.257608e-01
 -5.405848e-01 -1.369776e+00 7.945078e-01
 -7.029405e-01 -1.058604e+00 7.648106e-01
 -8.972413e-01 -9.062815e-01 7.485370e-01
 -1.453046e+00 -7.338342e-01 7.863289e-01
 -1.807330e+00 -4.926655e-01 6.857118e-01
 -2.037104e+00 -1.460179e-01 4.703321e-01
 -2.079879e+00 1.927090e-01 1.741714e-01
 -1.956491e+00 4.341243e-01 -1.628794e-01
 -1.744068e+00 5.269787e-01 -4.729240e-01
 -1.535787e+00 5.068604e-01 -6.913884e-01
 -1.129999e+00 4.054561e-01 -1.023316e+00
 -7.679574e-01 3.586652e-01 -1.222305e+00
 -3.054128e-01 3.491364e-01 -1.314429e+00
 2.277129e-02 3.606022e-01 -1.261417e+00
 4.020741e-01 2.814392e-01 -1.104931e+00
 6.747180e-01 2.316061e-01 -8.384212e-01
 8.267778e-01 1.446872e-01 -5.048016e-01
 8.546891e-01 -4.752815e-03 -1.796132e-01
 7.963258e-01 -1.782390e-01 5.821805e-02
 6.926348e-01 -2.913556e-01 2.050628e-01
 3.321216e-01 -6.293958e-01 5.936678e-01
 2.985170e-01 -8.137618e-01 8.309877e-01
 3.532799e-01 -9.895600e-01 1.142427e+00
 4.560207e-01 -1.014737e+00 1.511159e+00
 5.594096e-01 -8.479263e-01 1.923551e+00
 6.171494e-01 -5.254163e-01 2.233162e+00
 6.339197e-01 -1.228511e-01 2.374936e+00
 6.141429e-01 2.785607e-01 2.351021e+00
 5.659933e-01 6.299020e-01 2.185188e+00
 4.776360e-01 9.640489e-01 1.821451e+00
 4.015027e-01 1.195490e+00 1.490801e+00
 3.135766e-01 1.462912e+00 1.105294e+00
 2.717034e-01 1.553722e+00 9.219301e-01
 2.196731e-01 1.607295e+00 6.750407e-01
 1.884802e-01 1.590576e+00 3.755442e-01
 2.290126e-01 1.400979e+00 -1.554845e-01
 1.582865e-01 1.429008e+00 -5.315074e-01
 6.372622e-02 1.661826e+00 -8.794482e-01
 1.093763e-01 1.954172e+00 -1.110910e+00
 2.805308e-01 2.283214e+00 -1.258326e+00
 5.048981e-01 2.572082e+00 -1.281236e+00
 7.485069e-01 2.776165e+00 -1.218607e+00
 9.923343e-01 2.904471e+00 -1.092905e+00
 1.224063e+00 2.961058e+00 -9.180079e-01
 1.433611e+00 2.943477e+00 -7.006986e-01
 1.602040e+00 2.845742e+00 -4.536891e-01
 1.705230e+00 2.670617e+00 -2.031337e-01
 1.728655e+00 2.434721e+00 2.100721e-02
 1.666093e+00 2.149263e+00 2.000324e-01
 1.469774e+00 1.758714e+00 3.268926e-01
 1.252527e+00 1.395976e+00 4.015852e-01
 9.768939e-01 9.497263e-01 4.910166e-01
 7.194233e-01 7.164734e-01 5.455865e-01
 4.070191e-01 6.084328e-01 5.554127e-01
 -5.951965e-02 5.887596e-01 6.667051e-01
 -3.090513e-01 4.760512e-01 7.227785e-01
 -6.961789e-01 2.564165e-01 6.318720e-01
 -9.840064e-01 1.064108e-01 3.829383e-01
 -1.106205e+00 -1.020442e-01 3.094990e-02
 -1.207665e+00 -2.889885e-01 -1.391428e-01
 -1.522668e+00 -4.977192e-01 -3.961427e-01
 -1.678915e+00 -7.356078e-01 -5.919770e-01
 -1.738942e+00 -1.052207e+00 -7.660232e-01
 -1.684100e+00 -1.393635e+00 -9.007361e-01
 -1.519364e+00 -1.705334e+00 -9.630111e-01
 -1.268781e+00 -1.950676e+00 -9.487071e-01
 -9.698526e-01 -2.105775e+00 -8.619338e-01
 -6.541617e-01 -2.168702e+00 -7.031245e-01
 -3.881578e-01 -2.128895e+00 -5.310269e-01
 -1.558733e-01 -1.994500e+00 -3.433157e-01
 8.348927e-02 -1.674738e+00 -8.863566e-02
 2.871587e-01 -1.564135e+00 6.538504e-02
 7.559758e-01 -1.507050e+00 2.496029e-01
 9.957247e-01 -1.396664e+00 3.811985e-01
 1.189798e+00 -1.213063e+00 5.494000e-01
 1.310325e+00 -9.729505e-01 7.536348e-01
 1.321264e+00 -7.076201e-01 9.639936e-01
 1.204289e+00 -4.055288e-01 1.143524e+00
 9.489854e-01 -1.363572e-01 1.268978e+00
 5.900921e-01 2.178431e-02 1.344756e+00
 2.622896e-01 8.789043e-03 1.423572e+00
 -4.320637e-02 -1.076130e-01 1.506693e+00
 -3.160928e-01 -3.372440e-01 1.596836e+00
 -7.442083e-01 -8.411001e-01 1.750300e+00
 -9.096991e-01 -1.045770e+00 1.762216e+00
 -1.125634e+00 -1.332223e+00 1.659835e+00
 -1.326903e+00 -1.596684e+00 1.411966e+00
 -1.444782e+00 -1.755755e+00 1.067376e+00
 -1.461310e+00 -1.793197e+00 6.857835e-01
 -1.381717e+00 -1.716512e+00 3.243863e-01
 -1.213268e+00 -1.570760e+00 3.621945e-02
 -8.807930e-01 -1.280239e+00 -2.531388e-01
 -7.630060e-01 -1.179316e+00 -4.712705e-01
 -6.828547e-01 -1.084565e+00 -9.303756e-01
 -5.900108e-01 -9.796990e-01 -1.175906e+00
 -3.513745e-01 -7.604415e-01 -1.494700e+00
 -5.021132e-02 -4.878830e-01 -1.831650e+00
 1.139226e-01 -3.243038e-01 -1.997996e+00
 2.869183e-01 -1.058092e-01 -2.121264e+00
 4.701302e-01 1.921377e-01 -2.162854e+00
 6.424495e-01 5.366207e-01 -2.082081e+00
 7.787463e-01 8.632168e-01 -1.853662e+00
 8.873610e-01 1.139491e+00 -1.555836e+00
 1.008333e+00 1.418035e+00 -1.246979e+00
 1.089849e+00 1.684964e+00 -9.477408e-01
 1.053583e+00 1.911073e+00 -6.992929e-01
 9.619835e-01 2.050760e+00 -5.296731e-01
 7.830626e-01 2.235909e+00 -3.477301e-01
 4.336663e-01 2.419348e+00 -2.468776e-01
 7.851632e-02 2.449329e+00 -2.169101e-01
 -2.513708e-01 2.347327e+00 -1.925363e-01
 -5.270673e-01 2.134601e+00 -1.786439e-01
 -7.500995e-01 1.759896e+00 -1.751167e-01
 -8.168197e-01 1.351943e+00 -1.864800e-01
 -6.966457e-01 9.133789e-01 -2.348901e-01
 -4.362102e-01 6.233147e-01 -2.983783e-01
 -2.805731e-01 4.315198e-01 -3.003467e-01
 -1.838331e-01 2.032561e-01 -2.691346e-01
 -1.570219e-01 -8.431628e-02 -3.193782e-01
 -8.541304e-02 -3.194404e-01 -4.316542e-01
 4.753389e-03 -4.609144e-01 -5.090446e-01
 5.009689e-01 -1.021703e+00 -7.716564e-01
 6.840141e-01 -1.340073e+00 -8.549697e-01
 8.041429e-01 -1.709059e+00 -8.160586e-01
 8.596408e-01 -2.073434e+00 -6.385026e-01
 8.312012e-01 -2.331623e+00 -3.892447e-01
 7.310839e-01 -2.487589e+00 -1.173266e-01
 5.829032e-01 -2.546354e+00 1.503591e-01
 3.893956e-01 -2.528010e+00 3.895279e-01
