 5.426903e-01 -2.022119e+00 -8.795515e-01
 4.506833e-01 -1.580054e+00 -1.093999e+00
 5.290526e-01 -1.140363e+00 -1.132732e+00
 8.669926e-01 -7.305616e-01 -1.122842e+00
 1.167615e+00 -2.914530e-01 -1.066381e+00
 1.261781e+00 -1.267976e-01 -1.010800e+00
 1.385094e+00 1.292647e-01 -8.769660e-01
 1.688308e+00 7.778417e-01 -5.103684e-01
 1.823946e+00 1.202867e+00 -1.364781e-01
 1.758926e+00 1.438083e+00 3.684783e-01
 1.535358e+00 1.445253e+00 8.353349e-01
 1.191767e+00 1.256207e+00 1.167051e+00
 8.515136e-01 8.733418e-01 1.320163e+00
 6.984540e-01 5.207576e-01 1.266394e+00
 7.487728e-01 8.868971e-02 1.232031e+00
 7.093079e-01 -3.015480e-01 1.381281e+00
 3.779186e-01 -6.888865e-01 1.528030e+00
 -4.688263e-02 -8.926766e-01 1.518080e+00
 -4.783084e-01 -9.654300e-01 1.318074e+00
 -8.345410e-01 -8.749508e-01 9.702685e-01
 -1.148869e+00 -4.301931e-01 4.340365e-01
 -1.338143e+00 -3.182809e-01 3.080342e-01
 -1.633741e+00 -1.697120e-01 2.114013e-01
 -1.971002e+00 1.253029e-01 2.712061e-01
 -2.153004e+00 4.159058e-01 4.476613e-01
 -2.192766e+00 7.138212e-01 6.382937e-01
 -2.127603e+00 9.626213e-01 8.078337e-01
 -1.990705e+00 1.164375e+00 9.583071e-01
 -1.780572e+00 1.331687e+00 1.090616e+00
 -1.476498e+00 1.449647e+00 1.200106e+00
 -1.065604e+00 1.480765e+00 1.237964e+00
 -6.269696e-01 1.353049e+00 1.154344e+00
 -3.267856e-01 1.121455e+00 9.404872e-01
 -1.766327e-01 8.995239e-01 6.046768e-01
 -1.758951e-01 7.434618e-01 2.483249e-01
 -2.349459e-01 8.630879e-01 -4.310095e-01
 -3.138173e-01 8.424249e-01 -7.793940e-01
 -4.230237e-01 7.449401e-01 -1.073996e+00
 -5.311575e-01 6.296915e-01 -1.256816e+00
 -7.887490e-01 3.408773e-01 -1.594858e+00
 -7.812798e-01 1.104913e-01 -1.961796e+00
 -5.926028e-01 -2.230426e-01 -2.233520e+00
 -3.163062e-01 -5.122290e-01 -2.337821e+00
 4.743901e-03 -7.441669e-01 -2.311433e+00
 7.061884e-01 -1.173358e+00 -2.143624e+00
 1.049973e+00 -1.379167e+00 -1.987068e+00
 1.318853e+00 -1.524786e+00 -1.692746e+00
 1.476799e+00 -1.587527e+00 -1.274722e+00
 1.461433e+00 -1.540932e+00 -7.762725e-01
 1.268845e+00 -1.380434e+00 -4.164973e-01
 7.495567e-01 -1.312257e+00 -1.002315e-01
 5.056140e-01 -1.223122e+00 1.209772e-01
 2.379140e-01 -9.310028e-01 4.071041e-01
 -9.315636e-03 -3.467534e-01 6.310313e-01
 -1.270371e-01 -1.362231e-01 7.747886e-01
 -2.371125e-01 -1.989651e-02 9.934779e-01
 -2.764544e-01 1.248634e-01 1.384793e+00
 -1.202345e-01 1.912409e-01 1.831551e+00
 2.433946e-01 2.135749e-01 2.153349e+00
 6.558587e-01 2.383606e-01 2.263396e+00
 1.006520e+00 2.537529e-01 2.220253e+00
 1.284163e+00 2.746189e-01 2.090140e+00
 1.504535e+00 2.976677e-01 1.893042e+00
 1.666838e+00 3.216449e-01 1.624781e+00
 1.742230e+00 3.435386e-01 1.283122e+00
 1.682421e+00 3.717815e-01 8.977089e-01
 1.456522e+00 4.439222e-01 5.514338e-01
 1.172705e+00 5.734535e-01 3.766096e-01
 9.661352e-01 7.475404e-01 2.820223e-01
 5.724290e-01 1.472118e+00 1.225933e-01
 1.242520e-01 1.761331e+00 1.173414e-01
 -3.841683e-01 1.795708e+00 1.259678e-01
 -8.266818e-01 1.589757e+00 1.379321e-01
 -1.158359e+00 1.134207e+00 2.612553e-01
 -1.182599e+00 7.507803e-01 4.828463e-01
 -1.177724e+00 5.508457e-01 8.027810e-01
 -1.362941e+00 3.435280e-01 1.115677e+00
 -1.687387e+00 -9.442920e-02 1.266539e+00
 -1.935865e+00 -5.482386e-01 1.137892e+00
 -1.981208e+00 -9.675453e-01 8.138682e-01
 -1.812152e+00 -1.243504e+00 3.405760e-01
 -1.530740e+00 -1.251883e+00 -7.743216e-02
 -8.142412e-01 -9.560467e-01 -8.708050e-01
 -6.351909e-01 -8.629081e-01 -1.053135e+00
 -4.010335e-01 -6.827452e-01 -1.229259e+00
 -3.151446e-02 -2.984436e-01 -1.377798e+00
 1.619158e-01 -1.203202e-01 -1.509852e+00
 2.543916e-01 2.145789e-01 -1.813364e+00
 1.288485e-01 5.867290e-01 -2.075760e+00
 -1.596970e-01 9.251943e-01 -2.206025e+00
 -5.401293e-01 1.172987e+00 -2.177927e+00
 -9.393530e-01 1.287656e+00 -2.003337e+00
 -1.284370e+00 1.249342e+00 -1.714116e+00
 -1.506430e+00 1.063998e+00 -1.361997e+00
 -1.555318e+00 7.709522e-01 -1.015820e+00
 -1.427107e+00 4.505485e-01 -7.523897e-01
 -1.197918e+00 1.948215e-01 -6.117238e-01
 -5.417755e-01 -1.120702e-01 -3.868329e-01
 -3.071171e-01 -1.691985e-01 -3.537248e-01
 1.557171e-01 -1.519226e-01 -3.718835e-01
 4.684158e-01 -1.630993e-01 -3.021693e-01
 7.434222e-01 -2.202067e-01 -1.565619e-01
 1.241160e+00 -4.474161e-01 1.501431e-01
 1.416129e+00 -6.406560e-01 3.581582e-01
 1.553108e+00 -1.005994e+00 5.406693e-01
 1.576212e+00 -1.455100e+00 5.907482e-01
 1.478162e+00 -1.887054e+00 4.805926e-01
 1.279603e+00 -2.216459e+00 2.219951e-01
 1.019941e+00 -2.369689e+00 -1.423564e-01
 7.544474e-01 -2.303625e+00 -5.394416e-01
