 1.951579e+00 -6.350408e-01 4.039192e-01
 1.873500e+00 -7.549642e-01 9.557037e-01
 1.544273e+00 -6.569322e-01 1.457864e+00
 1.089817e+00 -3.579079e-01 1.701464e+00
 7.040657e-01 6.582046e-02 1.632504e+00
 5.865114e-01 4.320440e-01 1.386020e+00
 6.828873e-01 7.512227e-01 1.249303e+00
 8.225523e-01 1.058143e+00 1.013961e+00
 8.585858e-01 1.687300e+00 4.415065e-01
 8.363696e-01 1.852008e+00 1.654471e-01
 8.082669e-01 1.919315e+00 -1.586537e-01
 7.796865e-01 1.880875e+00 -4.773930e-01
 7.522003e-01 1.748303e+00 -7.625083e-01
 7.219180e-01 1.539582e+00 -9.863990e-01
 6.998905e-01 1.298061e+00 -1.136030e+00
 7.168726e-01 8.463466e-01 -1.279727e+00
 8.275474e-01 3.396252e-01 -1.344234e+00
 9.969330e-01 -3.564757e-02 -1.352815e+00
 1.137850e+00 -2.407198e-01 -1.321674e+00
 1.359345e+00 -4.579307e-01 -1.245434e+00
 1.505013e+00 -7.008247e-01 -1.190774e+00
 1.582796e+00 -9.884333e-01 -1.134740e+00
 1.553510e+00 -1.395840e+00 -1.034360e+00
 1.398843e+00 -1.726919e+00 -9.025433e-01
 1.148976e+00 -1.962526e+00 -7.397795e-01
 8.617932e-01 -2.072857e+00 -5.691081e-01
 6.244586e-01 -2.074882e+00 -4.305953e-01
 -1.545986e-01 -1.909097e+00 2.479946e-02
 -4.862607e-01 -1.815360e+00 1.589337e-01
 -7.806706e-01 -1.651849e+00 1.982142e-01
 -9.706363e-01 -1.483317e+00 1.540213e-01
 -1.124023e+00 -1.371527e+00 4.883489e-02
 -1.327262e+00 -1.294164e+00 -4.921042e-02
 -1.575400e+00 -1.172942e+00 -6.637548e-02
 -1.805550e+00 -9.815607e-01 -1.909006e-02
 -2.370261e+00 -3.339379e-01 3.096998e-01
 -2.566456e+00 -3.481663e-02 4.474897e-01
 -2.639604e+00 2.403810e-01 5.410262e-01
 -2.634223e+00 5.108012e-01 6.109337e-01
 -2.559038e+00 7.732735e-01 6.573312e-01
 -2.410383e+00 1.021138e+00 6.780806e-01
 -2.182978e+00 1.231792e+00 6.744551e-01
 -1.887167e+00 1.371939e+00 6.406466e-01
 -1.547698e+00 1.412354e+00 5.612593e-01
 -1.241901e+00 1.343449e+00 4.473669e-01
 -1.053944e+00 1.209594e+00 3.129782e-01
 -9.288014e-01 1.110391e+00 1.351146e-01
 -7.691695e-01 1.084234e+00 -3.002051e-02
 -4.556692e-01 1.056401e+00 -1.769934e-01
 -1.412457e-01 1.045783e+00 -2.079021e-01
 7.238574e-01 9.062199e-01 -1.890782e-01
 9.396224e-01 9.081414e-01 -2.207812e-01
 1.211913e+00 8.962062e-01 -3.524227e-01
 1.365541e+00 8.629087e-01 -4.791273e-01
 1.646210e+00 7.122927e-01 -8.187164e-01
 1.837040e+00 5.374987e-01 -1.232325e+00
 1.895810e+00 3.987681e-01 -1.515999e+00
 1.903966e+00 3.032439e-01 -1.683634e+00
 1.887070e+00 1.921983e-01 -1.843071e+00
 1.836686e+00 5.406877e-02 -1.993524e+00
 1.750750e+00 -1.072897e-01 -2.121978e+00
 1.622080e+00 -2.963584e-01 -2.219013e+00
 1.442208e+00 -5.139440e-01 -2.262877e+00
 1.213019e+00 -7.448971e-01 -2.218034e+00
 9.565068e-01 -9.546770e-01 -2.050041e+00
 7.191158e-01 -1.092705e+00 -1.745454e+00
 5.712537e-01 -1.115216e+00 -1.341009e+00
 5.754315e-01 -1.054660e+00 -9.303811e-01
 8.094119e-01 -1.084670e+00 -2.151352e-01
 8.792373e-01 -9.961150e-01 1.066357e-01
 9.197574e-01 -7.807311e-01 4.187157e-01
 9.346048e-01 -4.615762e-01 6.070664e-01
 1.011319e+00 -2.106108e-01 6.722459e-01
 1.212124e+00 2.468147e-02 7.058635e-01
 1.403059e+00 1.705590e-01 8.239772e-01
 1.565055e+00 2.938738e-01 1.027055e+00
 1.651774e+00 4.491653e-01 1.351035e+00
 1.589430e+00 6.104157e-01 1.691516e+00
 1.391338e+00 7.545771e-01 1.986756e+00
 1.070468e+00 8.705375e-01 2.197057e+00
 6.670492e-01 9.215401e-01 2.285235e+00
 2.522656e-01 9.047671e-01 2.226067e+00
 -1.939248e-01 7.984973e-01 1.983420e+00
 -7.311620e-01 6.269749e-01 1.603021e+00
 -8.329906e-01 5.955589e-01 1.517356e+00
 -1.165748e+00 4.976026e-01 1.147938e+00
 -1.525702e+00 4.073606e-01 7.217286e-01
 -1.620535e+00 3.968930e-01 5.434274e-01
 -1.675149e+00 4.202654e-01 2.976702e-01
 -1.766793e+00 5.268147e-01 6.369602e-02
 -1.835473e+00 7.679946e-01 -1.869301e-01
 -1.812085e+00 1.100744e+00 -3.797667e-01
 -1.667255e+00 1.460993e+00 -4.796042e-01
 -1.416059e+00 1.786706e+00 -4.627206e-01
 -1.089783e+00 2.019022e+00 -3.217944e-01
 -7.460944e-01 2.106215e+00 -7.910205e-02
 -4.487513e-01 2.028711e+00 2.160119e-01
 -2.485947e-01 1.808202e+00 4.971303e-01
 -1.579384e-01 1.493006e+00 7.085120e-01
 -1.678398e-01 1.154771e+00 8.130960e-01
 -2.032318e-01 8.855387e-01 7.920462e-01
 -1.232866e-01 1.233715e-01 5.968057e-01
 -4.556917e-02 -3.102738e-01 4.771272e-01
 -5.831286e-02 -5.839849e-01 3.156667e-01
 -1.197775e-01 -8.051773e-01 7.037279e-02
 -3.189225e-01 -9.904297e-01 -4.503977e-01
 -4.488487e-01 -1.247746e+00 -7.121063e-01
 -6.623305e-01 -1.589653e+00 -8.339690e-01
 -8.993383e-01 -1.913142e+00 -7.868986e-01
 -1.163195e+00 -2.152048e+00 -6.071644e-01
 -1.395838e+00 -2.278368e+00 -3.330895e-01
 -1.575627e+00 -2.285924e+00 -2.120145e-02
 -1.698767e+00 -2.182802e+00 2.887457e-01
 -1.753519e+00 -1.988324e+00 5.661927e-01
 -1.736477e+00 -1.721478e+00 7.864673e-01
 -1.642183e+00 -1.400965e+00 9.267072e-01
 -1.476028e+00 -1.057161e+00 9.519070e-01
 -1.279252e+00 -7.260999e-01 8.263554e-01
 -1.102170e+00 -5.024894e-01 5.732706e-01
 -1.016155e+00 -3.179299e-01 1.324882e-01
 -9.534270e-01 -2.143543e-01 5.463856e-03
 -7.844817e-01 -5.829077e-02 -1.934601e-01
 -5.478715e-01 4.816578e-02 -3.506798e-01
 -2.444119e-01 8.120443e-02 -4.551145e-01
 1.329674e-01 2.941357e-02 -4.814630e-01
 6.433675e-01 -7.055587e-02 -4.033311e-01
 8.654964e-01 -8.203957e-02 -3.566250e-01
 1.180058e+00 -1.094537e-01 -3.141633e-01
 1.467188e+00 -2.287448e-01 -2.628194e-01
 1.793747e+00 -4.249848e-01 -9.364321e-03
