 5.273783e-01 -1.125221e+00 1.944249e+00
 1.567253e-01 -1.131791e+00 1.754446e+00
 -1.097277e-01 -1.127618e+00 1.428866e+00
 -2.207807e-01 -1.155956e+00 1.041550e+00
 -2.005977e-01 -1.262816e+00 7.136558e-01
 -1.570307e-01 -1.366155e+00 5.430831e-01
 -1.540807e-01 -1.532674e+00 3.518017e-01
 -2.442357e-01 -1.704824e+00 2.805423e-02
 -4.071047e-01 -1.777951e+00 -2.708674e-01
 -6.237777e-01 -1.750063e+00 -5.429370e-01
 -8.845507e-01 -1.605905e+00 -7.842251e-01
 -1.080064e+00 -1.397060e+00 -9.364571e-01
 -1.220116e+00 -1.120469e+00 -1.032416e+00
 -1.289187e+00 -8.084707e-01 -1.062300e+00
 -1.303729e+00 8.524625e-02 -9.219631e-01
 -1.421502e+00 4.483353e-01 -7.522973e-01
 -1.609872e+00 6.624833e-01 -5.702981e-01
 -1.842611e+00 7.663173e-01 -2.919026e-01
 -1.983478e+00 7.679783e-01 7.138834e-03
 -1.993934e+00 7.052373e-01 3.807505e-01
 -1.870192e+00 6.076533e-01 7.100243e-01
 -1.586897e+00 4.505113e-01 1.019448e+00
 -1.261082e+00 2.804143e-01 1.165683e+00
 -9.006087e-01 1.066863e-01 1.165246e+00
 -5.695737e-01 -3.849275e-02 1.021709e+00
 7.284027e-02 -3.661687e-01 3.375015e-01
 4.150503e-01 -6.618767e-01 6.431677e-02
 6.984593e-01 -1.160166e+00 -7.015797e-02
 9.801683e-01 -1.394837e+00 -1.685874e-01
 1.319866e+00 -1.509660e+00 -2.436694e-01
 1.683117e+00 -1.499173e+00 -2.852548e-01
 2.022878e+00 -1.365503e+00 -2.877428e-01
 2.295774e+00 -1.126444e+00 -2.505854e-01
 2.467046e+00 -8.130297e-01 -1.782411e-01
 2.515849e+00 -4.670537e-01 -7.366627e-02
 2.439239e+00 -1.381517e-01 6.418603e-02
 1.721727e+00 8.687253e-01 6.439019e-01
 1.363728e+00 1.091019e+00 7.442604e-01
 9.432093e-01 1.173284e+00 7.486300e-01
 5.377393e-01 1.107762e+00 6.518871e-01
 2.169323e-01 9.227423e-01 4.512542e-01
 3.856327e-02 6.675463e-01 1.602641e-01
 2.927027e-02 4.500183e-01 -2.589628e-01
 2.113403e-01 3.097733e-01 -6.543151e-01
 4.888023e-01 3.302853e-01 -9.733571e-01
 7.984203e-01 4.044883e-01 -1.141094e+00
 1.149205e+00 6.323293e-01 -1.228147e+00
 1.416676e+00 9.668193e-01 -1.195157e+00
 1.549271e+00 1.346511e+00 -1.051240e+00
 1.527094e+00 1.705153e+00 -8.268038e-01
 1.349417e+00 1.990037e+00 -5.748360e-01
 1.046992e+00 2.157578e+00 -3.419631e-01
 6.733723e-01 2.178569e+00 -1.593850e-01
 2.941003e-01 2.052393e+00 -5.887237e-02
 -4.240073e-02 1.816415e+00 -7.621557e-02
 -2.511897e-01 1.570207e+00 -2.015391e-01
 -3.716077e-01 1.406073e+00 -3.996664e-01
 -5.564497e-01 1.312744e+00 -6.303606e-01
 -1.178230e+00 1.299700e+00 -1.269576e+00
 -1.495066e+00 1.193605e+00 -1.455412e+00
 -1.817363e+00 9.904883e-01 -1.532321e+00
 -2.097857e+00 7.170353e-01 -1.482725e+00
 -2.291880e+00 4.135563e-01 -1.307798e+00
 -2.365945e+00 1.289263e-01 -1.030448e+00
 -2.305763e+00 -9.147175e-02 -6.891692e-01
 -2.119750e+00 -2.183967e-01 -3.544942e-01
 -1.845708e+00 -2.465987e-01 -1.086531e-01
 -1.536566e+00 -1.529017e-01 7.773990e-02
 -1.194806e+00 5.112925e-02 1.645411e-01
 -1.036015e+00 2.553033e-01 1.658378e-01
 -9.565357e-01 5.839883e-01 2.140678e-01
 -1.022023e+00 1.021452e+00 2.734114e-01
 -1.168373e+00 1.346544e+00 2.356039e-01
 -1.250005e+00 1.700717e+00 4.753303e-02
 -1.173629e+00 2.032589e+00 -2.191396e-01
 -9.503977e-01 2.259939e+00 -5.055040e-01
 -6.368627e-01 2.333713e+00 -7.716175e-01
 -2.828687e-01 2.249585e+00 -9.825621e-01
 6.497327e-02 2.030472e+00 -1.083413e+00
 3.529943e-01 1.733965e+00 -1.042034e+00
 5.281093e-01 1.441795e+00 -8.731051e-01
 6.011303e-01 1.289525e+00 -6.671958e-01
 6.941563e-01 1.205631e+00 -4.899506e-01
 8.631743e-01 1.057940e+00 -3.367111e-01
 1.004881e+00 8.061373e-01 -2.133003e-01
 1.043809e+00 5.305723e-01 -5.654427e-02
 1.002320e+00 3.361013e-01 1.308818e-01
 9.410793e-01 1.430963e-01 5.333443e-01
 9.371903e-01 -4.856575e-02 7.901122e-01
 8.750933e-01 -3.132997e-01 9.720176e-01
 8.098103e-01 -5.995157e-01 1.032278e+00
 7.827103e-01 -8.715017e-01 9.826883e-01
 8.051873e-01 -1.169143e+00 9.428421e-01
 7.505473e-01 -1.519912e+00 9.998624e-01
 5.664133e-01 -1.832147e+00 1.090482e+00
 2.733023e-01 -2.062267e+00 1.151319e+00
 -8.348073e-02 -2.182196e+00 1.151425e+00
 -4.537107e-01 -2.176684e+00 1.092878e+00
 -7.812507e-01 -2.062237e+00 9.641835e-01
 -1.025479e+00 -1.857812e+00 7.794294e-01
 -1.156261e+00 -1.588062e+00 5.642731e-01
 -1.155118e+00 -1.296412e+00 3.359188e-01
 -1.022560e+00 -1.029200e+00 1.209110e-01
 -6.881157e-01 -7.614057e-01 -2.140850e-01
 -2.467407e-01 -7.017637e-01 -7.213401e-01
 2.035743e-01 -6.867557e-01 -9.487221e-01
 6.617683e-01 -6.619057e-01 -9.862611e-01
 1.013488e+00 -5.570027e-01 -8.505531e-01
 1.296888e+00 -4.766407e-01 -5.694078e-01
 1.479958e+00 -4.867387e-01 -1.818884e-01
 1.523847e+00 -5.838907e-01 1.505733e-01
 1.787423e+00 -8.303807e-01 7.888435e-01
 1.788106e+00 -9.080517e-01 1.180492e+00
 1.625236e+00 -9.784787e-01 1.556975e+00
 1.327035e+00 -1.042225e+00 1.835044e+00
 9.402713e-01 -1.093761e+00 1.971997e+00
