 7.035218e-01 2.442058e-01 1.815648e+00
 7.691248e-01 5.633370e-01 1.932143e+00
 8.005222e-01 9.118247e-01 1.938809e+00
 7.933877e-01 1.246496e+00 1.832818e+00
 7.443195e-01 1.527702e+00 1.627408e+00
 6.551195e-01 1.722249e+00 1.348321e+00
 2.116822e-01 2.035329e+00 1.766603e-01
 1.204281e-01 2.022485e+00 -1.058328e-01
 5.745525e-02 1.939101e+00 -3.407723e-01
 -9.721997e-02 1.717176e+00 -6.592328e-01
 -2.664555e-01 1.681763e+00 -9.447313e-01
 -4.341383e-01 1.704881e+00 -1.118631e+00
 -7.225795e-01 1.722142e+00 -1.251664e+00
 -1.042099e+00 1.719316e+00 -1.281691e+00
 -1.356231e+00 1.678108e+00 -1.215290e+00
 -1.633448e+00 1.590390e+00 -1.063745e+00
 -1.842180e+00 1.468719e+00 -8.422191e-01
 -1.964091e+00 1.337139e+00 -5.644901e-01
 -2.039752e+00 8.707493e-01 4.830851e-01
 -1.973913e+00 6.707593e-01 7.591196e-01
 -1.821328e+00 4.255705e-01 9.676537e-01
 -1.594901e+00 1.672538e-01 1.088931e+00
 -1.332213e+00 -4.978503e-02 1.108073e+00
 -9.357366e-01 -2.759968e-01 1.005100e+00
 -7.299865e-01 -4.546141e-01 1.030346e+00
 -6.208043e-01 -6.525459e-01 1.053930e+00
 -5.780150e-01 -7.272454e-01 1.052966e+00
 -5.041293e-01 -8.274885e-01 1.049194e+00
 1.572008e-01 -1.552501e+00 9.790207e-01
 3.865706e-01 -1.747639e+00 8.643147e-01
 6.281923e-01 -1.883672e+00 6.613337e-01
 8.413197e-01 -1.919560e+00 4.270176e-01
 9.836526e-01 -1.882334e+00 1.813720e-01
 1.043351e+00 -1.809150e+00 -2.004728e-02
 1.028850e+00 -1.720302e+00 -2.573879e-01
 9.935003e-01 -1.709072e+00 -4.892876e-01
 1.052555e+00 -1.714234e+00 -7.815284e-01
 1.172153e+00 -1.631798e+00 -1.037148e+00
 1.310954e+00 -1.432047e+00 -1.275114e+00
 1.443238e+00 -1.120750e+00 -1.443010e+00
 1.532866e+00 -7.921187e-01 -1.493146e+00
 1.580926e+00 -4.546897e-01 -1.434897e+00
 1.578630e+00 -1.480178e-01 -1.276285e+00
 1.388663e+00 6.394812e-01 -5.041329e-01
 1.190375e+00 8.619054e-01 -2.601759e-01
 8.930187e-01 1.017666e+00 -9.599927e-02
 5.368535e-01 1.082254e+00 -1.960189e-02
 -1.502186e-02 9.754311e-01 9.789997e-02
 -5.138672e-01 6.937994e-01 3.423997e-01
 -8.545104e-01 5.049462e-01 3.394261e-01
 -1.104495e+00 4.169010e-01 2.366506e-01
 -1.256565e+00 3.313579e-01 1.271052e-01
 -1.408730e+00 2.239441e-01 -3.549187e-02
 -1.513889e+00 7.263874e-02 -2.777935e-01
 -1.528469e+00 -1.001029e-01 -5.169602e-01
 -1.448276e+00 -3.018504e-01 -7.500072e-01
 -1.276483e+00 -4.958190e-01 -9.441236e-01
 -1.035965e+00 -6.541481e-01 -1.074900e+00
 -7.438931e-01 -7.633413e-01 -1.136644e+00
 -4.284170e-01 -8.126590e-01 -1.121505e+00
 6.539186e-01 -7.572835e-01 -7.959218e-01
 7.239930e-01 -7.507029e-01 -7.689509e-01
 7.913343e-01 -7.403915e-01 -7.385456e-01
 9.834345e-01 -7.032583e-01 -6.336549e-01
 1.212426e+00 -7.254551e-01 -5.257832e-01
 1.495822e+00 -8.218513e-01 -4.619742e-01
 1.797633e+00 -1.071215e+00 -4.443112e-01
 1.984387e+00 -1.417307e+00 -4.544643e-01
 2.023414e+00 -1.808099e+00 -4.657818e-01
 1.913378e+00 -2.180455e+00 -4.745631e-01
 1.668183e+00 -2.486066e+00 -4.849884e-01
 1.321545e+00 -2.679181e+00 -4.873489e-01
 9.283440e-01 -2.728531e+00 -4.553351e-01
 5.482087e-01 -2.624349e+00 -3.923920e-01
 2.363001e-01 -2.376584e+00 -3.077802e-01
 4.944047e-02 -2.020711e+00 -2.215157e-01
 2.261582e-02 -1.624545e+00 -1.213254e-01
 1.382929e-01 -1.294580e+00 -2.754231e-02
 3.638506e-01 -1.040356e+00 1.188328e-01
 8.557196e-01 -8.564485e-01 4.083429e-01
 1.147075e+00 -5.143413e-01 5.034682e-01
 1.239167e+00 -3.426112e-02 6.448784e-01
 1.071899e+00 4.289361e-01 7.734483e-01
 7.082784e-01 7.400112e-01 9.117837e-01
 3.535055e-01 8.084593e-01 1.024225e+00
 7.243398e-02 7.717796e-01 1.204395e+00
 -1.756888e-01 6.295057e-01 1.405999e+00
 -6.464823e-01 2.399177e-02 1.938478e+00
 -8.501039e-01 -2.687536e-01 2.029665e+00
 -1.060441e+00 -5.641329e-01 1.989190e+00
 -1.268225e+00 -8.156686e-01 1.824634e+00
 -1.434701e+00 -9.941954e-01 1.558586e+00
 -1.523588e+00 -1.090343e+00 1.221008e+00
 -1.509355e+00 -1.107650e+00 8.527601e-01
 -1.383761e+00 -1.050963e+00 5.065842e-01
 -1.170251e+00 -9.134121e-01 2.292883e-01
 -6.743782e-01 -4.887413e-01 -1.072121e-01
 -5.394454e-01 -2.516090e-01 -2.776175e-01
 -5.110377e-01 -6.331118e-02 -4.330451e-01
 -5.529345e-01 2.038028e-01 -6.021741e-01
 -6.715450e-01 5.629079e-01 -6.798579e-01
 -8.448299e-01 9.089717e-01 -6.190501e-01
 -9.513440e-01 1.106059e+00 -4.806701e-01
 -9.858645e-01 1.361072e+00 -2.922989e-01
 -1.031259e+00 1.676336e+00 -2.450998e-01
 -1.008404e+00 2.031415e+00 -3.089053e-01
 -8.769516e-01 2.374646e+00 -4.752115e-01
 -6.617238e-01 2.596760e+00 -6.806079e-01
 -3.727281e-01 2.699902e+00 -8.890169e-01
 -3.071211e-02 2.669132e+00 -1.078450e+00
 2.831742e-01 2.503451e+00 -1.220756e+00
 5.295538e-01 2.222986e+00 -1.308835e+00
 6.742055e-01 1.867303e+00 -1.327284e+00
 6.972729e-01 1.487091e+00 -1.270579e+00
 4.698180e-01 6.729990e-01 -9.626790e-01
 4.312606e-01 4.742507e-01 -8.307521e-01
 4.376989e-01 3.133158e-01 -6.863243e-01
 4.648824e-01 1.817474e-01 -5.000429e-01
 4.717002e-01 6.603364e-02 -1.969833e-01
 2.365477e-01 -2.003720e-02 3.729911e-01
 1.948322e-01 -8.044056e-02 5.571305e-01
 2.047043e-01 -1.574919e-01 7.598784e-01
 3.028554e-01 -2.187428e-01 1.052466e+00
 4.562457e-01 -1.733391e-01 1.355299e+00
 5.957755e-01 -2.159929e-02 1.599040e+00
