 1.649549e+00 -5.443182e-01 -1.484889e+00
 1.598749e+00 -1.806982e-01 -1.362995e+00
 1.543469e+00 2.192175e-02 -1.181259e+00
 1.569719e+00 1.893318e-01 -8.914205e-01
 1.846429e+00 5.989218e-01 -4.901765e-01
 1.935349e+00 7.794918e-01 -1.202715e-01
 1.900369e+00 8.552118e-01 2.837005e-01
 1.739629e+00 8.278318e-01 6.576805e-01
 1.477249e+00 7.033318e-01 9.456165e-01
 1.160239e+00 4.979318e-01 1.095207e+00
 8.610887e-01 2.310918e-01 1.092831e+00
 6.418287e-01 -8.314825e-02 9.631215e-01
 5.843687e-01 -3.133882e-01 8.033955e-01
 7.553587e-01 -9.176582e-01 5.085985e-01
 7.164787e-01 -1.285208e+00 9.492454e-02
 4.416087e-01 -1.474498e+00 -3.339515e-01
 2.210787e-01 -1.746348e+00 -6.898715e-01
 6.293868e-02 -1.826338e+00 -1.033442e+00
 -1.354413e-01 -1.759018e+00 -1.370030e+00
 -3.502413e-01 -1.556268e+00 -1.634428e+00
 -5.478113e-01 -1.249518e+00 -1.786845e+00
 -6.976713e-01 -8.862682e-01 -1.805728e+00
 -7.799513e-01 -5.206082e-01 -1.689211e+00
 -7.927113e-01 -2.123882e-01 -1.453883e+00
 -6.343313e-01 4.208018e-01 -4.754335e-01
 -5.676613e-01 4.966618e-01 -2.481945e-01
 -4.703313e-01 5.063318e-01 3.389854e-02
 -3.895513e-01 5.025918e-01 3.273845e-01
 -3.004813e-01 4.531618e-01 1.189542e+00
 -4.351713e-01 4.551018e-01 1.596338e+00
 -7.164313e-01 5.185218e-01 1.915924e+00
 -1.090231e+00 6.312418e-01 2.089356e+00
 -1.489591e+00 7.728618e-01 2.089928e+00
 -1.845961e+00 9.188618e-01 1.921677e+00
 -2.100351e+00 1.044802e+00 1.617132e+00
 -2.223041e+00 1.120692e+00 1.213364e+00
 -2.199541e+00 1.107572e+00 8.300475e-01
 -2.008931e+00 1.068802e+00 4.578135e-01
 -1.753441e+00 1.044742e+00 2.513205e-01
 -1.373911e+00 1.111872e+00 1.103955e-01
 -9.787513e-01 1.381452e+00 4.548354e-02
 -7.672913e-01 1.470822e+00 4.688254e-02
 -5.113313e-01 1.513082e+00 4.458454e-02
 -2.557513e-01 1.492332e+00 4.189354e-02
 -1.119132e-02 1.411112e+00 4.176654e-02
 2.074887e-01 1.274342e+00 4.811254e-02
 8.833087e-01 5.811518e-01 1.005265e-01
 9.807887e-01 4.469918e-01 8.940854e-02
 1.133659e+00 1.673418e-01 1.032525e-01
 1.383449e+00 -2.837825e-02 2.230435e-01
 1.569629e+00 -1.895282e-01 4.432245e-01
 1.649239e+00 -3.568282e-01 7.745305e-01
 1.567199e+00 -5.216182e-01 1.140751e+00
 1.320459e+00 -6.762282e-01 1.451542e+00
 9.548187e-01 -7.922482e-01 1.640895e+00
 5.260987e-01 -8.339982e-01 1.683698e+00
 1.079287e-01 -7.828082e-01 1.576767e+00
 -7.145013e-01 -4.562882e-01 9.730105e-01
 -8.237413e-01 -4.015982e-01 8.579065e-01
 -9.213513e-01 -3.439182e-01 7.116445e-01
 -1.043231e+00 -2.519582e-01 4.389995e-01
 -1.495051e+00 5.483175e-02 -9.704346e-02
 -1.716611e+00 3.408518e-01 -5.025745e-01
 -1.840041e+00 6.323218e-01 -6.907475e-01
 -1.931321e+00 9.843418e-01 -7.633605e-01
 -1.977781e+00 1.350942e+00 -7.081935e-01
 -1.972291e+00 1.682412e+00 -5.298125e-01
 -1.914561e+00 1.932292e+00 -2.496055e-01
 -1.811621e+00 2.063042e+00 9.551754e-02
 -1.678191e+00 2.052912e+00 4.554165e-01
 -1.505391e+00 1.899542e+00 7.871225e-01
 -1.332241e+00 1.646282e+00 9.990535e-01
 -1.215441e+00 1.277992e+00 1.117212e+00
 -1.200971e+00 9.610118e-01 1.113544e+00
 -1.328961e+00 5.966018e-01 1.071518e+00
 -1.730771e+00 1.644318e-01 1.085080e+00
 -1.916631e+00 -1.830282e-01 9.804345e-01
 -1.976441e+00 -5.042082e-01 8.079535e-01
 -1.928461e+00 -7.821282e-01 5.694055e-01
 -1.781591e+00 -9.786582e-01 2.941605e-01
 -1.559051e+00 -1.066648e+00 1.755054e-02
 -6.592613e-01 -9.937382e-01 -7.362975e-01
 -2.895513e-01 -8.827382e-01 -8.692885e-01
 -1.367913e-01 -8.211882e-01 -9.499425e-01
 1.517587e-01 -7.928482e-01 -1.081574e+00
 4.484387e-01 -7.863382e-01 -1.084804e+00
 7.330587e-01 -7.513282e-01 -9.726235e-01
 1.016439e+00 -6.875082e-01 -6.952345e-01
 1.304549e+00 -7.237082e-01 -5.077115e-01
 1.668559e+00 -7.314282e-01 -4.623505e-01
 2.040979e+00 -6.477382e-01 -5.394295e-01
 2.347759e+00 -4.516882e-01 -7.086395e-01
 2.531789e+00 -1.789482e-01 -9.422855e-01
 2.564499e+00 1.369418e-01 -1.190844e+00
 2.447599e+00 4.511718e-01 -1.395112e+00
 2.203439e+00 7.297718e-01 -1.520195e+00
 1.861209e+00 9.270318e-01 -1.557661e+00
 1.473289e+00 1.006352e+00 -1.507787e+00
 1.097919e+00 9.524118e-01 -1.382033e+00
 7.929487e-01 7.773018e-01 -1.192778e+00
 3.776687e-01 1.913118e-01 -6.805205e-01
 3.075487e-01 6.862175e-02 -5.515945e-01
 1.960687e-01 -2.206482e-01 -2.036825e-01
 -6.726132e-02 -4.357082e-01 -1.000465e-03
 -1.375713e-01 -5.472882e-01 6.503854e-02
 -3.198713e-01 -1.174728e+00 3.214415e-01
 -2.630213e-01 -1.579098e+00 4.287145e-01
 -6.475132e-02 -1.957258e+00 4.333345e-01
 2.370787e-01 -2.240408e+00 3.296675e-01
 5.875987e-01 -2.381408e+00 1.321355e-01
 9.285187e-01 -2.357908e+00 -1.342055e-01
 1.172569e+00 -2.193908e+00 -4.217585e-01
 1.559549e+00 -1.313308e+00 -1.317809e+00
 1.641049e+00 -9.424182e-01 -1.470875e+00
