 1.276311e-01 -2.356142e-02 -5.316628e-02
 5.113707e-01 4.572505e-02 -5.063650e-01
 8.042001e-01 7.408058e-02 -6.897414e-01
 1.170110e+00 -3.800847e-02 -7.957841e-01
 1.493547e+00 -3.473698e-01 -8.755054e-01
 1.656584e+00 -7.775045e-01 -9.085059e-01
 1.616306e+00 -1.233145e+00 -9.242297e-01
 1.385772e+00 -1.624054e+00 -9.217978e-01
 1.011317e+00 -1.873889e+00 -9.187884e-01
 5.621135e-01 -1.933334e+00 -9.361689e-01
 1.302493e-01 -1.791958e+00 -1.006172e+00
 -1.125375e-01 -1.563752e+00 -1.147704e+00
 -2.569547e-01 -1.378299e+00 -1.397709e+00
 -4.481304e-01 -1.326501e+00 -1.688665e+00
 -8.637833e-01 -1.374715e+00 -1.939292e+00
 -1.343313e+00 -1.441291e+00 -1.959816e+00
 -1.784675e+00 -1.455946e+00 -1.749338e+00
 -2.089460e+00 -1.397506e+00 -1.360748e+00
 -2.181802e+00 -1.259881e+00 -9.071377e-01
 -2.064614e+00 -1.053441e+00 -4.896654e-01
 -1.768496e+00 -8.157056e-01 -2.082533e-01
 -1.394018e+00 -5.590104e-01 -1.395806e-01
 -1.164652e+00 -3.356304e-01 -2.430540e-01
 -1.040858e+00 -3.476617e-02 -3.548777e-01
 -9.464273e-01 3.059677e-01 -3.163674e-01
 -7.761645e-01 6.486740e-01 -1.077160e-01
 -5.407716e-01 8.531181e-01 2.396885e-01
 -2.836060e-01 8.527584e-01 5.880147e-01
 2.446696e-02 6.926363e-01 8.017799e-01
 3.664576e-01 4.424030e-01 9.113990e-01
 6.610997e-01 2.681431e-01 1.118737e+00
 8.558776e-01 1.467771e-01 1.517486e+00
 8.968567e-01 1.505970e-01 1.968697e+00
 8.152254e-01 3.132631e-01 2.387969e+00
 6.443157e-01 6.143284e-01 2.686215e+00
 4.114292e-01 9.880662e-01 2.803549e+00
 1.585129e-01 1.359313e+00 2.717974e+00
 -3.558562e-02 1.668082e+00 2.449623e+00
 -1.314715e-01 1.859361e+00 2.056238e+00
 -1.180228e-01 1.895449e+00 1.620407e+00
 1.697378e-02 1.805009e+00 1.242983e+00
 2.548010e-01 1.660329e+00 9.872103e-01
 5.469142e-01 1.559875e+00 8.770062e-01
 8.397079e-01 1.579873e+00 7.775769e-01
 1.112292e+00 1.678822e+00 5.403716e-01
 1.273851e+00 1.725736e+00 1.712612e-01
 1.298766e+00 1.657634e+00 -2.768998e-01
 1.184323e+00 1.508137e+00 -6.484882e-01
 9.497181e-01 1.298886e+00 -9.187184e-01
 1.979003e-01 7.175704e-01 -1.219399e+00
 -6.293373e-02 4.169768e-01 -1.254751e+00
 -2.176265e-01 1.264523e-01 -1.206010e+00
 -3.058862e-01 -2.146940e-01 -1.064024e+00
 -3.158015e-01 -5.229653e-01 -8.564437e-01
 -3.202427e-01 -8.916406e-01 -4.253155e-01
 -2.429517e-01 -1.075093e+00 -1.001311e-01
 -1.583083e-01 -1.154380e+00 2.790542e-01
 -1.020087e-01 -1.112928e+00 6.073856e-01
 -6.653357e-02 -9.498110e-01 9.450536e-01
 -6.861496e-02 -6.923083e-01 1.237352e+00
 -1.644514e-01 2.515014e-02 1.691575e+00
 -1.244354e-01 3.272515e-01 1.802029e+00
 4.566272e-05 6.419305e-01 1.847224e+00
 1.340486e-01 8.406469e-01 1.821652e+00
 3.183051e-01 9.816958e-01 1.773569e+00
 5.096662e-01 1.088577e+00 1.784121e+00
 6.865460e-01 1.260737e+00 1.837621e+00
 8.301556e-01 1.552891e+00 1.855917e+00
 9.045047e-01 1.912948e+00 1.767968e+00
 8.887272e-01 2.261009e+00 1.551533e+00
 8.032889e-01 2.496414e+00 1.239085e+00
 6.765396e-01 2.590028e+00 8.696651e-01
 5.246016e-01 2.531425e+00 5.150360e-01
 3.861993e-01 2.329143e+00 2.099859e-01
 2.945870e-01 1.990520e+00 -1.619346e-02
 2.825777e-01 1.595542e+00 -1.103913e-01
 3.600808e-01 1.263273e+00 -7.592459e-02
 5.687111e-01 9.758639e-01 2.399957e-03
 9.299830e-01 7.332101e-01 1.263035e-01
 1.112998e+00 4.498190e-01 2.131201e-01
 1.178824e+00 1.772487e-01 2.612284e-01
 1.187718e+00 -1.306391e-01 2.426348e-01
 1.136809e+00 -4.310953e-01 1.485137e-01
 1.027470e+00 -6.742141e-01 -1.205128e-03
 8.910074e-01 -8.436655e-01 -1.996101e-01
 7.547070e-01 -9.367586e-01 -4.408986e-01
 6.657494e-01 -9.431648e-01 -6.484028e-01
 6.303253e-01 -9.039709e-01 -9.199894e-01
 6.695843e-01 -9.142228e-01 -1.180187e+00
 7.221421e-01 -1.086853e+00 -1.525940e+00
 6.888703e-01 -1.363186e+00 -1.789964e+00
 5.446297e-01 -1.685316e+00 -1.955053e+00
 3.001877e-01 -1.991046e+00 -2.005009e+00
 -1.904463e-02 -2.233356e+00 -1.931221e+00
 -3.647289e-01 -2.353088e+00 -1.753698e+00
 -6.816147e-01 -2.328665e+00 -1.520250e+00
 -9.403196e-01 -2.159852e+00 -1.265336e+00
 -1.098136e+00 -1.859622e+00 -1.042451e+00
 -1.152559e+00 -1.467267e+00 -9.212698e-01
 -1.155285e+00 -1.155512e+00 -9.658508e-01
 -1.218730e+00 -8.941820e-01 -1.092030e+00
 -1.392303e+00 -6.474309e-01 -1.187259e+00
 -1.664515e+00 -3.525080e-01 -1.138667e+00
 -1.896673e+00 -8.154200e-02 -9.296767e-01
 -2.023843e+00 1.195931e-01 -6.137840e-01
 -2.022923e+00 2.525455e-01 -2.348263e-01
 -1.877820e+00 3.057598e-01 1.511056e-01
 -1.601823e+00 2.598839e-01 4.764490e-01
 -1.236907e+00 1.308501e-01 6.679795e-01
 -8.533367e-01 -2.618606e-02 6.813204e-01
 -5.720592e-01 -1.355065e-01 5.570139e-01
 -3.205199e-01 -1.560636e-01 3.533370e-01
