 -1.706987e+00 9.365676e-01 -1.369228e+00
 -1.494399e+00 5.850096e-01 -1.437080e+00
 -1.225949e+00 2.634620e-01 -1.338198e+00
 -1.024533e+00 6.744728e-03 -1.075744e+00
 -8.695412e-01 -2.273364e-01 -4.719934e-01
 -6.465024e-01 -4.298015e-01 -2.480104e-01
 -5.135092e-01 -8.043147e-01 -9.479535e-02
 -6.105966e-01 -1.244136e+00 1.579019e-01
 -5.817573e-01 -1.583569e+00 2.554949e-01
 -4.305683e-01 -1.894102e+00 3.277773e-01
 -1.724003e-01 -2.157811e+00 3.360009e-01
 1.391886e-01 -2.325658e+00 2.718192e-01
 4.750460e-01 -2.383631e+00 1.446670e-01
 1.627537e+00 -2.160652e+00 -4.789900e-01
 1.973391e+00 -1.902144e+00 -6.348166e-01
 2.204196e+00 -1.515511e+00 -6.934060e-01
 2.275944e+00 -1.074778e+00 -6.456793e-01
 2.169733e+00 -6.476911e-01 -5.057269e-01
 1.899842e+00 -3.431572e-01 -2.847713e-01
 1.595116e+00 -2.456013e-01 1.197975e-02
 1.438785e+00 -2.925430e-01 3.171043e-01
 1.412015e+00 -2.915223e-01 6.590152e-01
 1.377278e+00 -1.043749e-01 1.001430e+00
 1.277823e+00 2.429731e-01 1.278820e+00
 1.163449e+00 6.716177e-01 1.373896e+00
 1.043798e+00 1.046782e+00 1.283658e+00
 6.951284e-01 1.486850e+00 9.628751e-01
 1.271804e-01 1.688621e+00 8.401370e-01
 -2.760342e-01 1.724555e+00 9.721597e-01
 -6.074461e-01 1.607883e+00 1.157396e+00
 -8.815747e-01 1.312540e+00 1.363918e+00
 -9.910088e-01 9.349795e-01 1.534916e+00
 -9.244230e-01 5.233769e-01 1.670228e+00
 -4.400590e-01 -2.756345e-01 1.787967e+00
 -2.660600e-01 -5.373377e-01 1.740372e+00
 -1.083044e-01 -7.749157e-01 1.602691e+00
 6.260739e-02 -1.019809e+00 1.337218e+00
 2.053098e-01 -1.181935e+00 1.008215e+00
 3.960842e-01 -1.292344e+00 3.429013e-01
 4.030653e-01 -1.351658e+00 8.635876e-02
 3.261834e-01 -1.441467e+00 -2.332145e-01
 1.394898e-01 -1.624448e+00 -4.805932e-01
 -5.100293e-01 -2.032466e+00 -9.013739e-01
 -8.728872e-01 -2.108350e+00 -1.122157e+00
 -1.221496e+00 -2.037863e+00 -1.308886e+00
 -1.546486e+00 -1.837260e+00 -1.439439e+00
 -1.811771e+00 -1.538733e+00 -1.482123e+00
 -1.980144e+00 -1.199234e+00 -1.423437e+00
 -2.062953e+00 -7.620723e-01 -1.226818e+00
 -1.960202e+00 7.954591e-02 -6.178352e-01
 -1.730603e+00 4.636590e-01 -4.347510e-01
 -1.402259e+00 7.224989e-01 -4.010795e-01
 -1.063984e+00 8.906132e-01 -5.406905e-01
 -8.622776e-01 1.105017e+00 -7.987010e-01
 -7.590138e-01 1.409940e+00 -9.664660e-01
 -6.600775e-01 1.775219e+00 -1.001234e+00
 -5.599407e-01 2.124843e+00 -8.876405e-01
 -4.514595e-01 2.396296e+00 -6.579916e-01
 -3.422530e-01 2.558788e+00 -3.532698e-01
 4.932128e-02 2.722459e+00 9.906511e-01
 1.537742e-01 2.566868e+00 1.418518e+00
 2.081272e-01 2.233871e+00 1.741516e+00
 1.971368e-01 1.792915e+00 1.894215e+00
 1.201718e-01 1.324027e+00 1.844769e+00
 4.377658e-02 9.349806e-01 1.610139e+00
 5.352490e-03 7.541406e-01 1.293696e+00
 -1.424900e-01 7.017128e-01 9.957323e-01
 -3.186162e-01 7.412328e-01 6.212978e-01
 -3.488638e-01 6.130252e-01 2.195229e-01
 -1.551108e-01 4.729393e-01 -3.407332e-01
 -8.615238e-02 4.250603e-01 -9.111093e-01
 1.215073e-01 2.839124e-01 -1.278567e+00
 4.321673e-01 9.888953e-02 -1.491112e+00
 7.738706e-01 -1.720938e-01 -1.525111e+00
 1.043342e+00 -5.040917e-01 -1.390058e+00
 1.198592e+00 -8.301762e-01 -1.093749e+00
 1.259267e+00 -1.143109e+00 -4.642063e-01
 1.387174e+00 -1.237028e+00 -1.018139e-01
 1.677912e+00 -1.286543e+00 1.756385e-01
 2.057147e+00 -1.113631e+00 4.174032e-01
 2.349476e+00 -7.322078e-01 5.721270e-01
 2.445913e+00 -2.724018e-01 6.165765e-01
 2.327989e+00 1.912840e-01 5.973940e-01
 2.019881e+00 5.506901e-01 5.308774e-01
 1.610005e+00 7.213103e-01 4.058852e-01
 1.167241e+00 6.922319e-01 3.379662e-01
 7.420333e-01 4.803359e-01 4.012430e-01
 3.752486e-01 -5.979877e-02 5.068178e-01
 2.093545e-02 -2.587033e-01 6.360665e-01
 -4.291348e-01 -2.870857e-01 7.741673e-01
 -7.864638e-01 -3.478853e-01 7.987076e-01
 -1.200004e+00 -4.960007e-01 6.378518e-01
 -1.480115e+00 -6.689954e-01 3.190241e-01
 -1.571234e+00 -8.746261e-01 -7.956745e-02
 -1.463091e+00 -1.072684e+00 -4.422586e-01
 -1.214953e+00 -1.153937e+00 -7.527885e-01
 -8.653313e-01 -1.085734e+00 -1.062768e+00
 -3.497875e-01 -9.266022e-01 -1.123144e+00
 4.769355e-02 -7.533131e-01 -9.706680e-01
 4.397327e-01 -4.069522e-01 -5.283116e-01
 7.431127e-01 -7.993143e-02 -4.851016e-01
 9.033210e-01 3.259550e-01 -6.051762e-01
 8.729756e-01 6.963294e-01 -6.481383e-01
 6.547390e-01 1.130461e+00 -4.769754e-01
 1.196105e-01 1.496663e+00 -1.974306e-01
 -5.928210e-01 1.633185e+00 2.809288e-02
 -9.309561e-01 1.766738e+00 1.874181e-03
 -1.299791e+00 1.835734e+00 -1.895471e-01
 -1.598228e+00 1.782157e+00 -4.973833e-01
 -1.780889e+00 1.587930e+00 -8.438937e-01
 -1.813215e+00 1.291973e+00 -1.158934e+00
