 3.140619e-01 -1.148070e+00 -9.102027e-01
 2.563468e-01 -1.161966e+00 -5.608454e-01
 2.002062e-01 -1.056864e+00 -2.239751e-01
 1.317473e-01 -9.162504e-01 -3.098418e-02
 4.541936e-02 -6.697994e-01 1.282618e-01
 3.462058e-02 -3.260617e-01 2.320659e-01
 1.421356e-01 1.001546e-02 2.915855e-01
 3.551205e-01 3.183225e-01 2.675576e-01
 5.395009e-01 4.895433e-01 1.666284e-01
 7.447775e-01 6.104045e-01 7.388747e-02
 1.062306e+00 6.712394e-01 -1.192958e-01
 1.400624e+00 5.746129e-01 -3.386138e-01
 1.731882e+00 2.644673e-01 -5.760928e-01
 2.155820e+00 -3.026983e-01 -9.081312e-01
 2.254207e+00 -5.098524e-01 -1.036721e+00
 2.300718e+00 -7.736593e-01 -1.199679e+00
 2.246511e+00 -1.066602e+00 -1.369618e+00
 2.068487e+00 -1.361017e+00 -1.517715e+00
 1.773464e+00 -1.607574e+00 -1.602740e+00
 1.383810e+00 -1.773562e+00 -1.594138e+00
 4.776888e-01 -2.020117e+00 -1.469420e+00
 2.046744e-01 -2.034260e+00 -1.441560e+00
 -8.263278e-02 -1.967723e+00 -1.404926e+00
 -3.563520e-01 -1.799519e+00 -1.357721e+00
 -5.098872e-01 -1.603430e+00 -1.336130e+00
 -6.147756e-01 -1.384033e+00 -1.389762e+00
 -7.727434e-01 -1.194811e+00 -1.495063e+00
 -1.032622e+00 -1.013033e+00 -1.517441e+00
 -1.324600e+00 -7.991090e-01 -1.392920e+00
 -1.535014e+00 -6.117735e-01 -1.158757e+00
 -1.765430e+00 -3.557344e-01 -5.772359e-01
 -1.943359e+00 -1.376644e-01 -1.398408e-02
 -1.960070e+00 -4.851426e-02 1.972205e-01
 -1.918807e+00 4.635358e-02 4.241505e-01
 -1.804756e+00 1.401981e-01 6.538891e-01
 -1.608580e+00 2.168206e-01 8.663605e-01
 -1.335451e+00 2.497719e-01 1.034878e+00
 -1.000472e+00 2.139658e-01 1.135406e+00
 -6.952882e-01 1.285626e-01 1.123399e+00
 -4.754217e-01 -5.079007e-02 1.107165e+00
 -2.071459e-01 -3.347477e-01 1.221386e+00
 8.105049e-02 -5.785778e-01 1.216106e+00
 4.666032e-01 -8.772352e-01 1.036012e+00
 8.113278e-01 -1.147569e+00 6.837206e-01
 1.006145e+00 -1.302675e+00 3.549045e-01
 1.147486e+00 -1.370681e+00 -1.967764e-02
 1.261934e+00 -1.278298e+00 -4.800880e-01
 1.322849e+00 -1.102100e+00 -8.166955e-01
 1.286734e+00 -7.686459e-01 -1.174067e+00
 1.260289e+00 -4.875698e-01 -1.354705e+00
 1.205330e+00 -1.349478e-01 -1.432983e+00
 1.048051e+00 2.847705e-01 -1.381718e+00
 7.943269e-01 6.486565e-01 -1.190653e+00
 3.160098e-01 9.630499e-01 -7.796050e-01
 7.548427e-02 1.077380e+00 -5.295920e-01
 -1.066613e-01 1.145623e+00 -2.463781e-01
 -1.997247e-01 1.153067e+00 -3.011132e-03
 -3.488099e-01 1.049675e+00 4.726135e-01
 -5.921747e-01 1.059244e+00 7.378918e-01
 -8.759634e-01 1.222271e+00 9.943651e-01
 -1.052709e+00 1.578410e+00 1.235695e+00
 -1.036168e+00 1.990233e+00 1.418683e+00
 -8.419432e-01 2.365077e+00 1.531976e+00
 -5.251384e-01 2.636556e+00 1.564027e+00
 -1.544470e-01 2.769769e+00 1.529268e+00
 2.112633e-01 2.762848e+00 1.451200e+00
 5.303039e-01 2.633929e+00 1.344274e+00
 7.736917e-01 2.404947e+00 1.221491e+00
 9.162953e-01 2.101738e+00 1.093715e+00
 9.395902e-01 1.758906e+00 9.853437e-01
 8.471777e-01 1.404371e+00 9.370451e-01
 6.504134e-01 1.113451e+00 9.595618e-01
 4.393723e-01 9.188066e-01 1.074285e+00
 2.712165e-01 7.603507e-01 1.260770e+00
 -6.130863e-02 5.221825e-01 1.853351e+00
 -3.427856e-01 2.561006e-01 2.087282e+00
 -6.553926e-01 -7.119565e-02 2.133483e+00
 -9.367054e-01 -4.032750e-01 1.974455e+00
 -1.106200e+00 -6.775485e-01 1.645763e+00
 -1.175292e+00 -8.017371e-01 1.202025e+00
 -1.157802e+00 -7.247310e-01 7.249580e-01
 -1.034310e+00 -4.898881e-01 3.670268e-01
 -9.349135e-01 -9.653079e-02 1.410647e-01
 -1.000177e+00 2.645974e-01 3.831555e-02
 -1.245389e+00 9.269137e-01 -5.784082e-02
 -1.228718e+00 1.384177e+00 -4.232925e-03
 -1.052737e+00 1.751313e+00 1.171143e-01
 -7.907431e-01 1.974301e+00 2.833939e-01
 -4.814109e-01 2.068985e+00 5.226048e-01
 -2.279565e-01 2.024615e+00 7.808283e-01
 -8.449038e-02 1.896733e+00 1.000767e+00
 -5.214362e-02 1.802780e+00 1.202571e+00
 1.996867e-02 1.752550e+00 1.488902e+00
 3.095178e-01 1.646959e+00 1.798332e+00
 6.711488e-01 1.418549e+00 1.952687e+00
 9.681721e-01 1.101296e+00 1.941527e+00
 1.150637e+00 7.874155e-01 1.801466e+00
 1.236558e+00 5.335436e-01 1.579614e+00
 1.251062e+00 1.047927e-01 9.862553e-01
 1.200726e+00 -2.888146e-01 3.061769e-01
 1.062983e+00 -3.570026e-01 -3.315498e-02
 9.222706e-01 -3.346659e-01 -2.859968e-01
 6.993032e-01 -2.238933e-01 -5.524636e-01
 3.094181e-01 -1.402684e-01 -7.449232e-01
 -9.467127e-02 -1.995876e-01 -7.815372e-01
 -4.989949e-01 -4.600507e-01 -7.228573e-01
 -8.848199e-01 -1.034934e+00 -4.630199e-01
 -1.195137e+00 -1.378080e+00 -5.406325e-01
 -1.424720e+00 -1.683431e+00 -8.302494e-01
 -1.499588e+00 -1.893563e+00 -1.244910e+00
 -1.402626e+00 -1.991608e+00 -1.666762e+00
 -1.176951e+00 -1.981830e+00 -2.014989e+00
 -8.801073e-01 -1.882076e+00 -2.248684e+00
 -5.610015e-01 -1.719058e+00 -2.354347e+00
 -2.579634e-01 -1.518968e+00 -2.333421e+00
 4.993755e-03 -1.320629e+00 -2.192725e+00
 1.961965e-01 -1.149254e+00 -1.952847e+00
 3.032601e-01 -1.035440e+00 -1.646171e+00
 3.289154e-01 -1.019613e+00 -1.332139e+00
