 1.800315e+00 -8.558239e-01 2.384305e-01
 1.949631e+00 -6.491344e-01 4.266739e-02
 2.007405e+00 -3.945782e-01 -1.356696e-01
 1.952400e+00 -1.048203e-01 -2.967246e-01
 1.751325e+00 2.089083e-01 -4.308204e-01
 1.430202e+00 4.584335e-01 -5.055418e-01
 1.005468e+00 5.892890e-01 -4.989329e-01
 7.859055e-01 6.576836e-01 -5.396559e-01
 6.223178e-01 7.323113e-01 -6.059725e-01
 4.649544e-01 8.322669e-01 -7.164398e-01
 2.099008e-01 1.085373e+00 -1.112316e+00
 -1.653750e-01 1.263524e+00 -1.330463e+00
 -5.770205e-01 1.348253e+00 -1.382500e+00
 -9.759353e-01 1.334911e+00 -1.283366e+00
 -1.302019e+00 1.237400e+00 -1.048972e+00
 -1.483967e+00 1.132062e+00 -7.486522e-01
 -1.544526e+00 1.062244e+00 -4.465431e-01
 -1.519587e+00 1.021092e+00 -1.961110e-01
 -1.458137e+00 1.026234e+00 -5.155574e-03
 -1.389928e+00 1.053871e+00 1.547037e-01
 -1.308415e+00 1.100601e+00 2.964090e-01
 -1.200952e+00 1.174369e+00 4.362063e-01
 -7.645434e-01 1.481184e+00 8.072717e-01
 -5.891123e-01 1.550198e+00 9.233573e-01
 -3.859725e-01 1.576520e+00 1.035123e+00
 -1.817232e-01 1.553649e+00 1.133579e+00
 2.223383e-03 1.488581e+00 1.215094e+00
 1.698711e-01 1.393696e+00 1.270608e+00
 3.238288e-01 1.286233e+00 1.290303e+00
 4.575985e-01 1.154897e+00 1.286629e+00
 5.673373e-01 9.997390e-01 1.256357e+00
 6.349666e-01 8.430848e-01 1.211433e+00
 6.727450e-01 6.502870e-01 1.159160e+00
 6.656178e-01 4.758237e-01 1.132497e+00
 6.162167e-01 2.023205e-01 1.177473e+00
 6.629739e-01 -5.974726e-02 1.278122e+00
 7.937589e-01 -3.126468e-01 1.407463e+00
 1.228967e+00 -7.444103e-01 1.664128e+00
 1.488725e+00 -1.100208e+00 1.656456e+00
 1.646352e+00 -1.452470e+00 1.500366e+00
 1.688611e+00 -1.747530e+00 1.248887e+00
 1.627990e+00 -1.955352e+00 9.555219e-01
 1.499663e+00 -2.057171e+00 6.571305e-01
 1.329561e+00 -2.052942e+00 3.681735e-01
 1.127180e+00 -1.949838e+00 1.209235e-01
 8.920631e-01 -1.765719e+00 -5.548918e-02
 6.554324e-01 -1.520505e+00 -1.281025e-01
 4.628563e-01 -1.300528e+00 -8.426506e-02
 2.697498e-01 -1.100357e+00 4.839795e-02
 3.965781e-02 -8.768608e-01 3.890173e-01
 -1.555313e-01 -6.916283e-01 5.401431e-01
 -3.928323e-01 -4.955630e-01 6.054639e-01
 -6.509513e-01 -3.103406e-01 5.750377e-01
 -8.606083e-01 -1.476620e-01 4.607875e-01
 -1.042013e+00 -8.923099e-03 2.626498e-01
 -1.190168e+00 6.002592e-02 1.307867e-02
 -1.301032e+00 4.578273e-02 -2.306318e-01
 -1.421672e+00 -5.245928e-02 -5.104154e-01
 -1.541571e+00 -5.164145e-01 -1.134923e+00
 -1.503672e+00 -7.591787e-01 -1.494394e+00
 -1.373815e+00 -9.328386e-01 -1.798705e+00
 -1.151126e+00 -1.073301e+00 -2.061449e+00
 -8.553671e-01 -1.171310e+00 -2.232116e+00
 -5.149575e-01 -1.226867e+00 -2.298809e+00
 -1.791009e-01 -1.241074e+00 -2.257609e+00
 1.129285e-01 -1.222451e+00 -2.125181e+00
 3.379269e-01 -1.182364e+00 -1.928188e+00
 9.165132e-01 -9.560863e-01 -1.031952e+00
 1.040317e+00 -7.878218e-01 -7.394382e-01
 1.064657e+00 -6.026376e-01 -4.988910e-01
 9.804853e-01 -4.193423e-01 -1.834919e-01
 9.766674e-01 -2.572869e-01 8.099254e-02
 1.099478e+00 -9.588405e-02 3.008994e-01
 1.371634e+00 2.754573e-02 5.378537e-01
 1.499816e+00 6.685206e-02 7.003748e-01
 1.603925e+00 1.320175e-01 9.369707e-01
 1.644196e+00 2.169046e-01 1.205032e+00
 1.597176e+00 3.142950e-01 1.502368e+00
 1.425050e+00 3.907779e-01 1.807801e+00
 1.103199e+00 4.397758e-01 2.064117e+00
 6.508473e-01 4.730567e-01 2.175147e+00
 1.651605e-01 4.912844e-01 2.061913e+00
 -2.218587e-01 5.026482e-01 1.709156e+00
 -3.772151e-01 5.271877e-01 1.188410e+00
 -2.559627e-01 6.156702e-01 7.258079e-01
 -4.543166e-02 7.909637e-01 4.548440e-01
 5.359455e-01 1.449558e+00 1.101848e-01
 7.758608e-01 1.616204e+00 -1.230205e-01
 1.000371e+00 1.665814e+00 -4.343021e-01
 1.172130e+00 1.577211e+00 -7.925879e-01
 1.261538e+00 1.321184e+00 -1.174552e+00
 1.223804e+00 9.579927e-01 -1.432107e+00
 1.049702e+00 5.452795e-01 -1.530987e+00
 7.491309e-01 1.620559e-01 -1.453870e+00
 4.508311e-01 -5.924422e-02 -1.230674e+00
 1.494321e-01 -2.232022e-01 -7.369756e-01
 -8.741020e-02 -3.464795e-01 -5.367786e-01
 -3.292858e-01 -4.261693e-01 -4.550671e-01
 -4.648268e-01 -5.117322e-01 -4.152864e-01
 -6.367942e-01 -7.084233e-01 -3.608118e-01
 -8.774103e-01 -8.892842e-01 -2.482286e-01
 -1.193753e+00 -9.623835e-01 -7.641316e-02
 -1.518560e+00 -9.094223e-01 6.026688e-02
 -1.791377e+00 -7.578195e-01 1.553837e-01
 -1.989771e+00 -5.494855e-01 2.144198e-01
 -2.116199e+00 -3.199175e-01 2.412332e-01
 -2.302353e+00 3.396762e-01 2.433042e-01
 -2.437034e+00 9.496973e-01 2.356530e-01
 -2.428576e+00 1.218167e+00 2.137480e-01
 -2.342390e+00 1.495171e+00 1.692785e-01
 -2.162747e+00 1.754934e+00 9.890445e-02
 -1.885533e+00 1.954164e+00 3.726657e-03
 -1.528824e+00 2.042548e+00 -1.080393e-01
 -1.133853e+00 1.975644e+00 -2.241431e-01
 -7.560002e-01 1.724047e+00 -3.039046e-01
 -5.308643e-01 1.315370e+00 -3.517710e-01
 -5.365201e-01 9.517041e-01 -4.180934e-01
 -5.780080e-01 6.987761e-01 -5.469565e-01
 -6.592353e-01 2.819242e-01 -1.103714e+00
 -6.635536e-01 8.390469e-02 -1.268967e+00
 -6.255959e-01 -1.815587e-01 -1.403985e+00
 -5.552684e-01 -4.059190e-01 -1.455253e+00
 -4.620769e-01 -6.739692e-01 -1.423845e+00
 -4.217308e-01 -1.163536e+00 -1.243448e+00
 -3.679205e-01 -1.449450e+00 -1.006336e+00
 -3.347364e-01 -1.887860e+00 -2.657755e-01
 -2.938185e-01 -1.968685e+00 -3.848160e-02
 -1.961095e-01 -2.009297e+00 2.168106e-01
 -4.166121e-02 -1.989313e+00 4.683998e-01
 1.636859e-01 -1.898877e+00 6.874346e-01
 4.268201e-01 -1.727654e+00 8.535718e-01
 6.573794e-01 -1.522582e+00 9.178252e-01
 8.229765e-01 -1.329876e+00 8.862077e-01
 1.048340e+00 -1.121696e+00 7.233716e-01
 1.550200e+00 -1.004945e+00 4.717981e-01
