 -1.162574e-01 -1.500536e+00 1.296354e+00
 -2.483820e-01 -1.395229e+00 1.586213e+00
 -4.170517e-01 -1.212978e+00 1.806875e+00
 -6.045399e-01 -9.765840e-01 1.936639e+00
 -7.921978e-01 -7.132314e-01 1.964886e+00
 -9.621143e-01 -4.517498e-01 1.892113e+00
 -1.116166e+00 -2.113643e-01 1.719076e+00
 -1.243548e+00 -3.788233e-02 1.467769e+00
 -1.343369e+00 4.089511e-02 1.199210e+00
 -1.492754e+00 2.889736e-02 8.302210e-01
 -1.687843e+00 9.779508e-02 4.576174e-01
 -1.701507e+00 1.984590e-01 -2.774238e-02
 -1.212711e+00 2.370286e-01 -1.187207e+00
 -1.028248e+00 2.646682e-01 -1.414174e+00
 -7.904607e-01 3.234814e-01 -1.580367e+00
 -5.121219e-01 4.018240e-01 -1.669740e+00
 -2.223591e-01 4.743949e-01 -1.671087e+00
 6.264160e-02 5.248519e-01 -1.585856e+00
 2.892063e-01 5.386983e-01 -1.440634e+00
 6.965461e-01 4.141774e-01 -1.081972e+00
 7.584096e-01 2.882182e-01 -6.641041e-01
 7.517304e-01 -6.364041e-03 -3.820061e-01
 8.324152e-01 -3.622332e-01 -2.243995e-01
 9.291472e-01 -1.152303e+00 -2.160695e-01
 8.720312e-01 -1.455609e+00 -2.240153e-01
 7.240975e-01 -1.730208e+00 -2.216436e-01
 4.864838e-01 -1.960209e+00 -2.086631e-01
 1.704164e-01 -2.119472e+00 -1.698774e-01
 -1.344591e-01 -2.159833e+00 -1.284316e-01
 -4.294821e-01 -2.096251e+00 -8.031801e-02
 -7.062766e-01 -1.925301e+00 -3.575328e-02
 -9.478463e-01 -1.636425e+00 -2.116240e-02
 -1.071913e+00 -1.300751e+00 -2.201902e-02
 -1.074699e+00 -9.530850e-01 -3.693611e-02
 -9.360674e-01 -5.578155e-01 -3.024556e-02
 -7.915335e-01 -2.862170e-01 5.514382e-02
 -6.343906e-01 1.646949e-01 2.955216e-01
 -5.943279e-01 3.642246e-01 5.276138e-01
 -5.106414e-01 4.898903e-01 8.715741e-01
 -3.910996e-01 5.014685e-01 1.136279e+00
 -1.654397e-01 4.485137e-01 1.381845e+00
 1.644527e-01 3.264092e-01 1.551314e+00
 5.283962e-01 2.147424e-01 1.571755e+00
 8.831015e-01 1.206662e-01 1.448710e+00
 1.183629e+00 8.265213e-02 1.201506e+00
 1.373171e+00 1.109877e-01 8.803251e-01
 1.442696e+00 2.155181e-01 5.470699e-01
 1.413633e+00 4.024375e-01 2.626505e-01
 1.361683e+00 6.678914e-01 7.372832e-02
 1.329241e+00 1.016359e+00 -2.150687e-02
 1.222155e+00 1.548016e+00 2.040545e-02
 1.015923e+00 1.876538e+00 8.052174e-03
 7.169091e-01 2.111807e+00 -7.511021e-02
 3.710392e-01 2.218003e+00 -2.196565e-01
 3.066043e-02 2.180473e+00 -4.093407e-01
 -2.520487e-01 2.003598e+00 -6.078706e-01
 -4.548549e-01 1.706981e+00 -7.605248e-01
 -5.594412e-01 1.352096e+00 -8.186004e-01
 -5.551990e-01 9.602128e-01 -7.792925e-01
 -4.077381e-01 5.777394e-01 -6.691862e-01
 -3.372345e-01 3.324580e-01 -6.690209e-01
 -2.556060e-01 2.752756e-03 -7.487201e-01
 -8.131820e-02 -2.916852e-01 -9.206092e-01
 8.390137e-02 -4.166490e-01 -1.063123e+00
 3.555295e-01 -5.470812e-01 -1.139212e+00
 6.043900e-01 -6.006386e-01 -1.204525e+00
 9.108897e-01 -5.769646e-01 -1.229827e+00
 1.200978e+00 -4.915390e-01 -1.174432e+00
 1.447139e+00 -3.725283e-01 -1.051477e+00
 2.272005e+00 3.428589e-01 -2.953361e-01
 2.385131e+00 5.617239e-01 -2.705250e-02
 2.370544e+00 7.750683e-01 2.686909e-01
 2.229242e+00 9.558316e-01 5.535844e-01
 1.978385e+00 1.080877e+00 7.903746e-01
 1.631039e+00 1.135874e+00 9.569337e-01
 1.243258e+00 1.119700e+00 1.003527e+00
 8.819539e-01 1.021324e+00 9.120536e-01
 5.964243e-01 8.138526e-01 7.425725e-01
 4.675776e-01 5.426477e-01 5.922979e-01
 4.165012e-01 2.163476e-01 5.390670e-01
 3.369456e-01 -6.433043e-02 6.009134e-01
 1.073204e-01 -3.498584e-01 7.818733e-01
 -1.774844e-01 -4.769991e-01 9.478461e-01
 -4.545235e-01 -5.803736e-01 9.934301e-01
 -7.718540e-01 -7.780584e-01 9.424647e-01
 -1.054464e+00 -9.256124e-01 9.780392e-01
 -1.451620e+00 -9.797539e-01 1.096017e+00
 -1.801438e+00 -8.868043e-01 1.214006e+00
 -2.095129e+00 -6.667672e-01 1.305346e+00
 -2.293926e+00 -3.544628e-01 1.355594e+00
 -2.375773e+00 5.652880e-03 1.357260e+00
 -2.334776e+00 3.656088e-01 1.309501e+00
 -2.180724e+00 6.794814e-01 1.217774e+00
 -1.919990e+00 9.297150e-01 1.070712e+00
 -9.119762e-01 1.336502e+00 4.541804e-01
 -6.796703e-01 1.360578e+00 3.377737e-01
 -3.192274e-02 1.251888e+00 5.710542e-02
 1.836705e-01 1.215669e+00 -1.147435e-01
 2.977477e-01 1.200132e+00 -2.636145e-01
 3.959735e-01 1.219589e+00 -4.859489e-01
 6.199968e-01 1.416198e+00 -8.795831e-01
 7.946513e-01 1.443609e+00 -1.180464e+00
 9.414616e-01 1.357640e+00 -1.490549e+00
 1.035006e+00 1.168689e+00 -1.776255e+00
 1.057345e+00 9.004371e-01 -2.008696e+00
 9.992261e-01 5.862681e-01 -2.165677e+00
 8.618921e-01 2.670924e-01 -2.233677e+00
 2.181989e-01 -6.488579e-01 -2.145906e+00
 4.592586e-02 -9.063859e-01 -2.031963e+00
 -7.991876e-02 -1.107580e+00 -1.858526e+00
 -1.708769e-01 -1.264222e+00 -1.620919e+00
 -2.218353e-01 -1.361336e+00 -1.336268e+00
 -2.318251e-01 -1.384355e+00 -1.030327e+00
 -2.050877e-01 -1.327572e+00 -7.298284e-01
 -1.220244e-01 -1.165733e+00 -3.935725e-01
 -8.389530e-02 -1.118050e+00 -1.843067e-01
 -6.669403e-02 -1.124874e+00 -1.451886e-02
 -3.746888e-02 -1.198920e+00 2.211778e-01
 -6.937879e-03 -1.417777e+00 5.954100e-01
 -3.498300e-02 -1.513975e+00 9.681972e-01
