 -1.184268e+00 3.617167e-02 -2.199507e-01
 -1.230913e+00 5.363534e-02 -5.265028e-01
 -1.187123e+00 -8.300662e-02 -9.361632e-01
 -1.014357e+00 -3.285130e-01 -1.263045e+00
 -7.129952e-01 -6.145617e-01 -1.443296e+00
 -3.576992e-01 -8.914669e-01 -1.432550e+00
 -1.458596e-02 -1.103706e+00 -1.235777e+00
 2.623931e-01 -1.201046e+00 -8.929708e-01
 4.638441e-01 -1.143011e+00 -3.546471e-01
 6.283823e-01 -1.188709e+00 -1.378390e-01
 8.879786e-01 -1.440253e+00 1.971336e-01
 1.121135e+00 -1.494930e+00 5.267302e-01
 1.337919e+00 -1.388763e+00 8.519015e-01
 1.511804e+00 -1.129459e+00 1.135435e+00
 1.625456e+00 -7.818350e-01 1.291294e+00
 1.654893e+00 -4.029417e-01 1.317986e+00
 1.557484e+00 -2.417568e-03 1.242126e+00
 1.365395e+00 3.096956e-01 1.063797e+00
 1.118573e+00 4.977472e-01 7.933901e-01
 7.527230e-01 5.358656e-01 3.954839e-01
 4.048817e-01 8.490079e-01 -1.356449e-01
 2.792517e-02 9.343081e-01 -3.861419e-01
 -2.906414e-01 7.528158e-01 -5.865843e-01
 -4.500293e-01 6.567014e-01 -8.778723e-01
 -4.599980e-01 5.453567e-01 -1.264642e+00
 -3.263605e-01 3.687512e-01 -1.607601e+00
 -6.797048e-02 1.891618e-01 -1.851727e+00
 2.667341e-01 3.117759e-02 -1.970023e+00
 6.322621e-01 -7.767127e-02 -1.960416e+00
 1.776113e+00 -2.573298e-01 -1.527615e+00
 2.018791e+00 -3.084320e-01 -1.337435e+00
 2.207733e+00 -3.771384e-01 -1.050107e+00
 2.283647e+00 -4.634381e-01 -7.067143e-01
 2.220989e+00 -5.442792e-01 -3.395859e-01
 2.022086e+00 -5.793859e-01 -5.549798e-03
 1.717235e+00 -5.580662e-01 2.382635e-01
 1.179893e+00 -4.662093e-01 4.054621e-01
 9.613937e-01 -4.844710e-01 5.559529e-01
 8.048089e-01 -4.955150e-01 7.473693e-01
 6.325269e-01 -5.135437e-01 1.095207e+00
 3.181616e-01 -5.260958e-01 1.420651e+00
 -3.958027e-01 -5.201099e-01 1.998034e+00
 -7.317050e-01 -4.200008e-01 2.145167e+00
 -1.063728e+00 -2.414660e-01 2.177213e+00
 -1.349399e+00 -1.505144e-02 2.088956e+00
 -1.554799e+00 2.229673e-01 1.893106e+00
 -1.661448e+00 4.409628e-01 1.611695e+00
 -1.670877e+00 6.399498e-01 1.202772e+00
 -1.503453e+00 8.094188e-01 4.151947e-01
 -1.473209e+00 8.959462e-01 2.132849e-01
 -1.394984e+00 1.030011e+00 1.554608e-02
 -8.842898e-01 1.575417e+00 -6.148225e-01
 -6.553325e-01 1.674841e+00 -8.237361e-01
 -3.824674e-01 1.675962e+00 -1.026924e+00
 -8.658809e-02 1.559110e+00 -1.208320e+00
 2.086513e-01 1.329681e+00 -1.317757e+00
 4.473772e-01 1.021996e+00 -1.313769e+00
 5.745944e-01 6.731759e-01 -1.210256e+00
 5.636899e-01 3.789675e-01 -1.053788e+00
 3.683264e-01 4.303773e-02 -9.147140e-01
 1.999219e-01 -1.262411e-01 -7.922721e-01
 -1.886130e-01 -3.290076e-01 -5.743174e-01
 -3.484412e-01 -4.710044e-01 -4.909060e-01
 -4.747948e-01 -6.430012e-01 -4.394117e-01
 -7.024336e-01 -8.474567e-01 -4.226704e-01
 -1.089096e+00 -9.765245e-01 -4.165688e-01
 -1.489200e+00 -9.389797e-01 -3.996510e-01
 -1.837345e+00 -7.563042e-01 -3.494267e-01
 -2.084818e+00 -4.680260e-01 -2.556326e-01
 -2.482457e+00 7.391130e-01 1.646993e-01
 -2.486063e+00 1.017089e+00 2.738608e-01
 -2.398756e+00 1.289277e+00 3.938882e-01
 -2.216045e+00 1.529739e+00 5.142022e-01
 -1.945860e+00 1.704761e+00 6.218886e-01
 -1.614556e+00 1.781916e+00 7.041151e-01
 -1.262341e+00 1.744665e+00 7.451584e-01
 -9.355261e-01 1.594844e+00 7.341989e-01
 -6.796628e-01 1.352550e+00 6.721970e-01
 -5.421199e-01 1.095110e+00 5.662969e-01
 -4.455443e-01 5.642619e-01 4.242210e-01
 -2.416009e-01 1.678711e-01 3.669268e-01
 -1.480932e-01 -1.475752e-01 4.536616e-01
 -2.228486e-01 -7.001623e-01 5.460966e-01
 -2.164242e-01 -1.492341e+00 3.387985e-01
 -1.450882e-01 -1.779523e+00 1.731503e-01
 1.085234e-02 -2.005212e+00 -4.554015e-02
 2.546615e-01 -2.141858e+00 -2.865569e-01
 5.642947e-01 -2.163706e+00 -4.965703e-01
 8.781694e-01 -2.051218e+00 -6.617116e-01
 1.151006e+00 -1.802681e+00 -7.797125e-01
 1.323946e+00 -1.450963e+00 -8.453103e-01
 1.365966e+00 -1.035396e+00 -8.409140e-01
 1.256611e+00 -5.200806e-01 -6.879917e-01
 1.272005e+00 -3.058121e-01 -6.492242e-01
 1.367290e+00 3.310882e-03 -5.688678e-01
 1.536498e+00 8.393394e-01 -2.103934e-01
 1.492070e+00 1.137039e+00 -1.519906e-02
 1.341749e+00 1.372237e+00 2.122894e-01
 1.098234e+00 1.514849e+00 4.715612e-01
 8.256595e-01 1.520252e+00 7.319135e-01
 5.625700e-01 1.386843e+00 9.700732e-01
 1.976311e-03 7.647278e-01 1.385885e+00
 -3.235636e-01 4.788533e-01 1.444536e+00
 -6.515732e-01 2.355002e-01 1.362503e+00
 -8.476403e-01 -5.849952e-03 1.192345e+00
 -1.103956e+00 -1.632275e-01 8.659752e-01
 -1.199799e+00 -2.010146e-01 3.937435e-01
