 -8.536926e-01 -2.490844e+00 1.500686e+00
 -5.872874e-01 -2.589892e+00 1.276938e+00
 -3.243410e-01 -2.563361e+00 1.027981e+00
 -9.807905e-02 -2.414714e+00 7.859446e-01
 5.918544e-02 -2.168069e+00 5.843339e-01
 2.875893e-01 -1.343634e+00 2.557607e-01
 5.000213e-01 -9.852091e-01 2.228192e-01
 7.297113e-01 -8.056718e-01 2.856084e-01
 9.068075e-01 -7.223131e-01 2.760247e-01
 9.806539e-01 -6.758527e-01 2.608350e-01
 1.830102e+00 3.666471e-02 -2.151704e-02
 1.969998e+00 2.254235e-01 -1.061253e-01
 2.057596e+00 4.454544e-01 -2.126199e-01
 2.079873e+00 6.859495e-01 -3.375849e-01
 2.025680e+00 9.287937e-01 -4.736707e-01
 1.891403e+00 1.150560e+00 -6.100342e-01
 1.683706e+00 1.327075e+00 -7.341332e-01
 1.419892e+00 1.437873e+00 -8.338549e-01
 1.119205e+00 1.469527e+00 -9.031826e-01
 4.802670e-01 1.353100e+00 -9.766218e-01
 3.090977e-01 1.351322e+00 -1.001782e+00
 1.523551e-01 1.377647e+00 -1.025737e+00
 -5.606572e-05 1.425487e+00 -1.067094e+00
 -4.433212e-01 1.643943e+00 -1.230429e+00
 -8.151543e-01 1.690136e+00 -1.291211e+00
 -1.184520e+00 1.621889e+00 -1.279891e+00
 -1.493206e+00 1.450726e+00 -1.208829e+00
 -1.713839e+00 1.189251e+00 -1.113307e+00
 -1.820155e+00 8.826666e-01 -9.899296e-01
 -1.803300e+00 5.682529e-01 -8.450082e-01
 -1.656020e+00 2.601935e-01 -6.593576e-01
 -1.430250e+00 6.900058e-02 -4.652672e-01
 -1.174920e+00 7.266556e-03 -2.813039e-01
 -9.542903e-01 8.126985e-02 -5.858262e-02
 -7.464435e-01 2.173093e-01 1.857021e-01
 -6.078459e-01 2.768340e-01 3.725624e-01
 -4.690753e-01 2.747643e-01 4.869302e-01
 -1.988264e-01 2.005375e-01 6.071564e-01
 2.435476e-01 9.844725e-02 6.613288e-01
 4.977758e-01 4.931142e-02 7.698743e-01
 7.242513e-01 2.253170e-02 9.526833e-01
 8.961374e-01 -4.725815e-02 1.250645e+00
 9.591309e-01 -1.980760e-01 1.594793e+00
 8.870116e-01 -4.251573e-01 1.927641e+00
 7.050872e-01 -6.736467e-01 2.151227e+00
 4.480282e-01 -9.467836e-01 2.247453e+00
 1.718774e-01 -1.214794e+00 2.195390e+00
 -9.295592e-02 -1.428309e+00 2.003457e+00
 -3.079519e-01 -1.556642e+00 1.697834e+00
 -4.821186e-01 -1.570930e+00 1.260782e+00
 -6.139155e-01 -1.589424e+00 1.077373e+00
 -8.293238e-01 -1.658888e+00 8.962397e-01
 -1.173816e+00 -1.601417e+00 7.412545e-01
 -1.521427e+00 -1.328060e+00 5.794163e-01
 -1.732118e+00 -9.360968e-01 4.942528e-01
 -1.832584e+00 1.232006e-01 4.869474e-01
 -1.787457e+00 4.359577e-01 4.214922e-01
 -1.676645e+00 7.110290e-01 2.877573e-01
 -1.488233e+00 9.378485e-01 8.970912e-02
 -1.268100e+00 1.053718e+00 -1.245848e-01
 -1.053310e+00 1.053540e+00 -3.401883e-01
 -8.822215e-01 9.548084e-01 -5.618915e-01
 -7.795664e-01 7.491516e-01 -8.683143e-01
 -9.146106e-01 5.818467e-01 -1.499591e+00
 -8.407101e-01 4.226009e-01 -1.869454e+00
 -6.355609e-01 2.028600e-01 -2.153031e+00
 -3.225129e-01 -1.493969e-02 -2.308391e+00
 5.697074e-02 -1.612284e-01 -2.329283e+00
 4.431875e-01 -2.138170e-01 -2.213686e+00
 7.767697e-01 -1.670943e-01 -1.975655e+00
 1.004106e+00 -2.274195e-02 -1.652362e+00
 1.125346e+00 3.081767e-01 -1.073728e+00
 1.128120e+00 4.425408e-01 -7.736550e-01
 1.090527e+00 5.353769e-01 -5.114068e-01
 1.061911e+00 6.466565e-01 -2.789050e-01
 1.010716e+00 7.889211e-01 8.073663e-02
 8.894790e-01 9.358267e-01 4.230163e-01
 6.743366e-01 1.051632e+00 7.760883e-01
 4.687812e-01 1.020733e+00 1.079303e+00
 2.750083e-01 8.628866e-01 1.348815e+00
 1.199227e-01 6.013486e-01 1.547738e+00
 1.684748e-03 2.593303e-01 1.646932e+00
 -6.249680e-02 -8.069658e-02 1.621721e+00
 -4.858543e-02 -4.043489e-01 1.504548e+00
 5.829880e-02 -6.497193e-01 1.351798e+00
 2.510312e-01 -8.398007e-01 1.227064e+00
 5.974198e-01 -1.173293e+00 1.234205e+00
 8.802816e-01 -1.386539e+00 1.107371e+00
 1.097483e+00 -1.559714e+00 8.643621e-01
 1.236601e+00 -1.663124e+00 5.155746e-01
 1.278116e+00 -1.659807e+00 1.335198e-01
 1.234554e+00 -1.548958e+00 -2.192603e-01
 1.130323e+00 -1.333659e+00 -5.057540e-01
 9.727874e-01 -1.048942e+00 -6.854618e-01
 7.824698e-01 -7.349169e-01 -7.358150e-01
 5.991204e-01 -4.384100e-01 -6.544165e-01
 2.893904e-01 -5.697536e-02 -3.528084e-01
 1.184040e-01 2.496999e-01 -3.576706e-01
 6.011328e-02 5.769410e-01 -3.263817e-01
 1.828421e-02 1.043412e+00 -7.262781e-02
 6.570399e-02 1.411620e+00 -9.765525e-03
 1.413779e-01 1.780875e+00 -8.861763e-02
 2.271361e-01 2.090078e+00 -2.993384e-01
 3.108504e-01 2.295816e+00 -6.103578e-01
 3.809267e-01 2.370430e+00 -9.761035e-01
 4.391868e-01 2.304013e+00 -1.345773e+00
 4.641424e-01 2.107077e+00 -1.669245e+00
 4.428793e-01 1.811308e+00 -1.903186e+00
 3.925022e-01 1.453612e+00 -2.014526e+00
 3.191226e-01 1.084156e+00 -1.988093e+00
 2.319302e-01 7.538403e-01 -1.828014e+00
 1.005568e-01 4.199082e-01 -1.459192e+00
 1.518194e-02 1.434979e-01 -1.353953e+00
 -2.588088e-01 -2.006064e-01 -1.244311e+00
 -4.621325e-01 -4.819744e-01 -9.422560e-01
 -5.070336e-01 -7.707314e-01 -3.845930e-01
 -5.262299e-01 -8.372916e-01 -4.798375e-02
 -5.928308e-01 -7.971534e-01 3.177454e-01
 -7.815475e-01 -6.330028e-01 7.929688e-01
 -9.300927e-01 -6.260745e-01 1.063904e+00
 -1.118062e+00 -7.449130e-01 1.334651e+00
 -1.273871e+00 -9.835284e-01 1.557910e+00
 -1.363973e+00 -1.297568e+00 1.705188e+00
 -1.367989e+00 -1.653828e+00 1.769593e+00
 -1.278699e+00 -1.993203e+00 1.751038e+00
 -1.096917e+00 -2.281837e+00 1.664080e+00
