 -1.323676e+00 9.780899e-01 -1.551512e+00
 -1.692697e+00 1.265701e+00 -1.423089e+00
 -1.887939e+00 1.455852e+00 -1.273060e+00
 -2.030971e+00 1.683759e+00 -9.894807e-01
 -2.033473e+00 1.889867e+00 -6.009711e-01
 -1.843506e+00 2.015568e+00 -1.752997e-01
 -1.455850e+00 2.005352e+00 1.800275e-01
 -9.324576e-01 1.827225e+00 3.355011e-01
 -5.878285e-01 1.585428e+00 2.387800e-01
 -3.320746e-01 1.486220e+00 3.137230e-02
 9.808010e-02 1.519393e+00 -1.519566e-01
 3.736801e-01 1.559470e+00 -3.451237e-01
 8.321583e-01 1.568556e+00 -7.192609e-01
 1.071791e+00 1.471795e+00 -9.224944e-01
 1.314712e+00 1.248059e+00 -1.145653e+00
 1.464351e+00 9.727500e-01 -1.317190e+00
 1.514708e+00 6.732120e-01 -1.436141e+00
 1.467398e+00 2.836808e-01 -1.526311e+00
 1.333795e+00 -6.260768e-02 -1.568216e+00
 1.137870e+00 -3.059542e-01 -1.575780e+00
 6.659080e-01 -6.280446e-01 -1.640988e+00
 4.374679e-01 -8.389695e-01 -1.573394e+00
 2.119567e-01 -1.049326e+00 -1.391296e+00
 -2.033443e-02 -1.218855e+00 -1.084319e+00
 -1.777512e-01 -1.269814e+00 -7.739412e-01
 -3.339500e-01 -1.186816e+00 -2.782624e-01
 -4.454700e-01 -1.074196e+00 1.728614e-01
 -4.320873e-01 -9.564299e-01 5.759541e-01
 -4.339566e-01 -7.757915e-01 9.494137e-01
 -5.718932e-01 -6.173239e-01 1.214302e+00
 -8.246407e-01 -5.583774e-01 1.585817e+00
 -1.031960e+00 -7.359214e-01 1.993932e+00
 -1.083805e+00 -1.049212e+00 2.319150e+00
 -1.006600e+00 -1.409959e+00 2.514900e+00
 -8.386976e-01 -1.760463e+00 2.577056e+00
 -6.083048e-01 -2.046541e+00 2.526543e+00
 -3.353896e-01 -2.242906e+00 2.386916e+00
 -5.240299e-02 -2.328890e+00 2.178524e+00
 2.052453e-01 -2.296599e+00 1.921110e+00
 4.094780e-01 -2.142597e+00 1.646031e+00
 5.329792e-01 -1.880397e+00 1.404852e+00
 5.747075e-01 -1.538372e+00 1.249056e+00
 5.319565e-01 -1.216533e+00 1.211201e+00
 4.732941e-01 -6.848802e-01 1.376507e+00
 3.457985e-01 -2.879361e-01 1.490923e+00
 1.712965e-01 -1.458120e-02 1.548082e+00
 -1.134061e-01 2.241443e-01 1.571393e+00
 -4.935521e-01 4.142315e-01 1.531720e+00
 -7.030658e-01 5.288634e-01 1.440218e+00
 -9.459962e-01 6.833521e-01 1.249719e+00
 -1.098282e+00 7.803064e-01 1.059924e+00
 -1.251887e+00 8.707940e-01 7.428759e-01
 -1.347680e+00 8.881739e-01 3.863274e-01
 -1.366712e+00 9.257637e-01 4.720056e-02
 -1.302596e+00 1.068977e+00 -2.930368e-01
 -1.180446e+00 1.290449e+00 -5.406626e-01
 -1.046660e+00 1.579187e+00 -6.895221e-01
 -9.064810e-01 1.885274e+00 -7.120497e-01
 -7.046782e-01 2.196826e+00 -6.067035e-01
 -4.478568e-01 2.429836e+00 -3.656919e-01
 -2.115407e-01 2.519605e+00 -7.789312e-03
 -1.146813e-02 2.428490e+00 3.645530e-01
 1.410934e-01 2.169271e+00 6.695376e-01
 2.048667e-01 1.803638e+00 8.621073e-01
 1.834470e-01 1.400256e+00 9.152084e-01
 8.622398e-02 1.008159e+00 8.311935e-01
 -2.357193e-01 5.044029e-01 5.236939e-01
 -5.995710e-01 1.448590e-01 4.166621e-01
 -1.124892e+00 -1.762557e-01 4.568628e-01
 -1.362485e+00 -4.950005e-01 5.722797e-01
 -1.449149e+00 -8.302038e-01 7.295222e-01
 -1.396227e+00 -1.160354e+00 9.208608e-01
 -1.196353e+00 -1.446472e+00 1.147203e+00
 -8.519238e-01 -1.606722e+00 1.415975e+00
 -4.639198e-01 -1.555364e+00 1.629389e+00
 -2.550024e-01 -1.389260e+00 1.820685e+00
 -7.551522e-02 -1.308608e+00 2.048453e+00
 3.004405e-01 -1.306896e+00 2.241173e+00
 8.031508e-01 -1.272544e+00 2.227992e+00
 1.224551e+00 -1.200698e+00 1.989414e+00
 1.468017e+00 -1.091839e+00 1.627800e+00
 1.542565e+00 -9.580616e-01 1.169156e+00
 1.546666e+00 -8.147505e-01 6.997595e-01
 1.526203e+00 -6.394622e-01 1.605139e-01
 1.434601e+00 -5.560315e-01 -1.074184e-01
 1.238624e+00 -4.802199e-01 -3.704919e-01
 9.330291e-01 -4.360738e-01 -5.911969e-01
 5.693745e-01 -4.481145e-01 -6.489421e-01
 2.562364e-01 -3.682355e-01 -6.032017e-01
 -1.076611e-01 -9.616347e-02 -5.244678e-01
 -3.199162e-01 3.630986e-01 -5.630695e-01
 -3.365535e-01 7.947837e-01 -7.518034e-01
 -2.137056e-01 1.143698e+00 -1.058103e+00
 5.073421e-03 1.283798e+00 -1.476737e+00
 2.393746e-01 1.215203e+00 -1.835264e+00
 4.425714e-01 1.019252e+00 -2.088595e+00
 6.031940e-01 7.607236e-01 -2.239867e+00
 8.220473e-01 3.100870e-01 -2.411753e+00
 1.042315e+00 -1.603959e-01 -2.573962e+00
 1.156182e+00 -4.212914e-01 -2.595061e+00
 1.270867e+00 -7.265954e-01 -2.518268e+00
 1.351132e+00 -1.009808e+00 -2.337980e+00
 1.379196e+00 -1.233597e+00 -2.078238e+00
 1.347654e+00 -1.376032e+00 -1.774179e+00
 1.241271e+00 -1.442498e+00 -1.415905e+00
 1.026339e+00 -1.456152e+00 -9.203360e-01
 7.958472e-01 -1.428258e+00 -3.760048e-01
 6.691728e-01 -1.278035e+00 -3.941804e-02
 5.565506e-01 -9.663966e-01 2.420219e-01
 5.096717e-01 -5.424566e-01 3.738346e-01
 5.743307e-01 -1.476857e-01 3.553128e-01
 6.606762e-01 2.751763e-01 1.095313e-01
 7.044703e-01 5.246433e-01 -2.760939e-01
 6.884218e-01 5.675803e-01 -6.687715e-01
 6.274825e-01 5.165169e-01 -9.729924e-01
 4.926365e-01 3.966430e-01 -1.240008e+00
 2.177044e-01 2.600156e-01 -1.447832e+00
 -1.363734e-01 2.596352e-01 -1.623852e+00
 -5.164846e-01 3.896667e-01 -1.711580e+00
 -9.604280e-01 6.894697e-01 -1.658292e+00
