 1.052736e+00 -5.077725e-02 -6.422976e-01
 8.513177e-01 3.023784e-01 -7.288419e-01
 7.812561e-01 8.331056e-01 -9.274210e-01
 7.019563e-01 1.125678e+00 -9.499989e-01
 5.555978e-01 1.395500e+00 -9.097667e-01
 3.561330e-01 1.611835e+00 -8.098463e-01
 1.270164e-01 1.751835e+00 -6.608106e-01
 -1.297092e-01 1.802277e+00 -4.966555e-01
 -3.909431e-01 1.757706e+00 -3.377452e-01
 -6.316463e-01 1.621338e+00 -1.969952e-01
 -1.095744e+00 1.122494e+00 4.446766e-02
 -1.210728e+00 9.545456e-01 1.589843e-01
 -1.312336e+00 7.402668e-01 3.522504e-01
 -1.345630e+00 5.788840e-01 5.252275e-01
 -1.332065e+00 4.232162e-01 6.771737e-01
 -1.224752e+00 6.346442e-02 9.343097e-01
 -1.001800e+00 -1.195193e-01 1.174769e+00
 -6.233858e-01 -2.942677e-01 1.304825e+00
 -2.167773e-01 -4.408483e-01 1.251863e+00
 1.161740e-01 -5.250242e-01 1.045101e+00
 3.752082e-01 -4.581060e-01 7.729465e-01
 7.123803e-01 -9.713399e-02 4.278949e-01
 1.260054e+00 2.661177e-01 2.976501e-01
 1.461527e+00 4.602020e-01 1.458403e-01
 1.654568e+00 6.089129e-01 -1.272607e-01
 1.785623e+00 6.645721e-01 -4.708225e-01
 1.834241e+00 6.132914e-01 -8.376514e-01
 1.773878e+00 5.025077e-01 -1.160728e+00
 1.595495e+00 3.085146e-01 -1.451736e+00
 1.367639e+00 3.263000e-02 -1.615726e+00
 1.181621e+00 -2.463530e-01 -1.628490e+00
 1.089081e+00 -5.920430e-01 -1.542056e+00
 1.170083e+00 -1.051478e+00 -1.463399e+00
 1.163465e+00 -1.358091e+00 -1.302406e+00
 1.031496e+00 -1.641692e+00 -1.092447e+00
 7.929484e-01 -1.837032e+00 -8.804722e-01
 4.628340e-01 -1.917732e+00 -6.608809e-01
 1.341924e-01 -1.842137e+00 -4.731494e-01
 -1.862767e-01 -1.632130e+00 -3.714157e-01
 -4.401284e-01 -1.368187e+00 -4.112132e-01
 -6.552993e-01 -1.154430e+00 -5.968269e-01
 -9.758421e-01 -1.049409e+00 -9.235682e-01
 -1.130825e+00 -8.563072e-01 -1.226817e+00
 -1.214933e+00 -5.222385e-01 -1.471561e+00
 -1.218859e+00 -1.199081e-01 -1.582241e+00
 -1.131421e+00 2.723283e-01 -1.551841e+00
 -9.388746e-01 5.971347e-01 -1.405904e+00
 -6.514519e-01 8.159059e-01 -1.147886e+00
 -3.828634e-01 8.653200e-01 -8.732118e-01
 -1.590766e-01 7.770289e-01 -5.333594e-01
 -1.968110e-02 8.114030e-01 -2.914582e-01
 3.470818e-01 9.652987e-01 4.785488e-02
 5.306846e-01 1.001513e+00 3.598272e-01
 6.023657e-01 9.736422e-01 6.663601e-01
 6.166613e-01 8.359993e-01 9.261727e-01
 5.102179e-01 3.462720e-01 1.387045e+00
 4.866692e-01 2.067837e-01 1.645094e+00
 4.299154e-01 1.644255e-01 1.998520e+00
 3.050395e-01 2.477408e-01 2.350950e+00
 1.259682e-01 4.471442e-01 2.632159e+00
 -9.731284e-02 7.172244e-01 2.791852e+00
 -3.302956e-01 1.015004e+00 2.811382e+00
 -5.422057e-01 1.301287e+00 2.692446e+00
 -7.054325e-01 1.537685e+00 2.453890e+00
 -7.987537e-01 1.693937e+00 2.129910e+00
 -8.182158e-01 1.745679e+00 1.768210e+00
 -7.879118e-01 1.674843e+00 1.416787e+00
 -7.046525e-01 1.495869e+00 1.113229e+00
 -5.646444e-01 1.247039e+00 9.007959e-01
 -4.337530e-01 9.697073e-01 8.092123e-01
 -3.024804e-01 4.388204e-01 6.495177e-01
 -3.211885e-01 2.390748e-01 4.848110e-01
 -4.206812e-01 -2.151579e-02 3.088397e-01
 -5.404869e-01 -3.435337e-01 2.808430e-01
 -1.083516e+00 -9.757084e-01 3.112251e-01
 -1.253831e+00 -1.254282e+00 2.256045e-01
 -1.349546e+00 -1.530454e+00 5.632775e-02
 -1.358689e+00 -1.774677e+00 -1.765106e-01
 -1.279116e+00 -1.961352e+00 -4.459248e-01
 -1.118945e+00 -2.071061e+00 -7.202541e-01
 -8.954058e-01 -2.087893e+00 -9.822786e-01
 -6.563776e-01 -2.001761e+00 -1.199652e+00
 -4.239776e-01 -1.827354e+00 -1.348258e+00
 -2.181336e-01 -1.603531e+00 -1.406825e+00
 6.138046e-03 -1.319787e+00 -1.355921e+00
 1.723887e-01 -1.081909e+00 -1.192894e+00
 2.998128e-01 -9.329970e-01 -9.499612e-01
 4.671446e-01 -8.833497e-01 -6.568312e-01
 6.858871e-01 -9.626475e-01 -2.856824e-01
 1.111122e+00 -9.949272e-01 1.552953e-01
 1.258799e+00 -9.539932e-01 3.421508e-01
 1.370811e+00 -8.674998e-01 5.418010e-01
 1.466094e+00 -6.936705e-01 8.041989e-01
 1.506510e+00 -4.971265e-01 1.001844e+00
 1.500233e+00 4.136253e-01 1.615348e+00
 1.386324e+00 6.875054e-01 1.786058e+00
 1.169307e+00 9.198207e-01 1.924118e+00
 8.798193e-01 1.088315e+00 1.998700e+00
 5.530958e-01 1.184514e+00 1.990315e+00
 2.281213e-01 1.179493e+00 1.925192e+00
 -2.055032e-02 1.085996e+00 1.838690e+00
 -1.903019e-01 9.468008e-01 1.799171e+00
 -4.234687e-01 7.753709e-01 1.811508e+00
 -1.352302e+00 6.453735e-01 1.764259e+00
 -1.670092e+00 5.765979e-01 1.683018e+00
 -1.881140e+00 4.981378e-01 1.577501e+00
 -2.060038e+00 3.974558e-01 1.424987e+00
 -2.193142e+00 2.813937e-01 1.228994e+00
 -2.267155e+00 1.598801e-01 9.980814e-01
 -2.272594e+00 4.515328e-02 7.459679e-01
 -2.206220e+00 -4.994045e-02 4.898838e-01
 -2.071772e+00 -1.137786e-01 2.481072e-01
 -1.866428e+00 -1.387154e-01 2.384905e-02
 -1.150313e+00 -7.473067e-02 -4.879134e-01
 -9.392897e-01 -6.478434e-02 -5.984081e-01
 -8.425316e-01 -6.599759e-02 -6.347527e-01
 -6.210673e-01 -1.185083e-01 -7.219105e-01
 -4.034350e-01 -1.700189e-01 -9.439177e-01
 -2.153426e-01 -1.386130e-01 -1.301565e+00
 -9.971260e-02 -1.720590e-01 -1.533086e+00
 3.947244e-01 -4.395863e-01 -2.279610e+00
 6.579571e-01 -5.434614e-01 -2.472231e+00
 9.745062e-01 -6.362243e-01 -2.563255e+00
 1.308856e+00 -7.058998e-01 -2.542835e+00
 1.623751e+00 -7.431346e-01 -2.413527e+00
 1.883956e+00 -7.421057e-01 -2.189845e+00
 2.058156e+00 -7.015449e-01 -1.899731e+00
 2.128783e+00 -6.459002e-01 -1.549602e+00
 2.073549e+00 -5.898540e-01 -1.214094e+00
 1.911691e+00 -5.196651e-01 -9.300358e-01
 1.629864e+00 -4.003601e-01 -6.936260e-01
 1.322968e+00 -2.400591e-01 -6.053599e-01
