 -1.587065e+00 3.254113e-01 -3.674168e-01
 -1.709072e+00 2.707341e-02 -2.503400e-01
 -1.713857e+00 -2.911727e-01 -1.058437e-01
 -1.593140e+00 -5.967309e-01 4.969276e-02
 -1.370485e+00 -8.403061e-01 1.627586e-01
 -1.056706e+00 -1.009283e+00 2.203426e-01
 -5.749064e-01 -1.087238e+00 2.612258e-01
 -3.238644e-01 -1.246165e+00 3.652409e-01
 -1.005289e-01 -1.371641e+00 5.895262e-01
 6.588901e-02 -1.385588e+00 8.326371e-01
 2.346658e-01 -1.297481e+00 1.084388e+00
 3.903350e-01 -1.115046e+00 1.293219e+00
 5.178627e-01 -8.480097e-01 1.446511e+00
 5.899922e-01 -5.620623e-01 1.518467e+00
 5.997276e-01 -2.562741e-01 1.526907e+00
 5.481461e-01 3.883110e-02 1.468696e+00
 2.924177e-01 6.806100e-01 1.162660e+00
 2.306801e-01 8.684303e-01 1.029080e+00
 1.935607e-01 1.035100e+00 8.692039e-01
 1.890836e-01 1.326405e+00 5.276251e-01
 1.639436e-01 1.641845e+00 4.080101e-01
 9.051327e-02 1.918427e+00 3.868812e-01
 -6.568407e-02 2.188845e+00 4.225619e-01
 -3.067284e-01 2.413262e+00 5.183193e-01
 -5.812415e-01 2.536223e+00 6.379151e-01
 -8.651996e-01 2.557076e+00 7.569575e-01
 -1.144744e+00 2.479369e+00 8.648390e-01
 -1.402200e+00 2.316465e+00 9.321023e-01
 -1.609220e+00 2.084161e+00 9.560431e-01
 -1.739607e+00 1.803288e+00 9.521879e-01
 -1.783090e+00 1.502712e+00 9.236413e-01
 -1.740262e+00 1.209351e+00 8.711248e-01
 -1.618420e+00 9.475776e-01 7.971951e-01
 -1.013272e+00 2.674308e-01 4.796493e-01
 -8.676316e-01 9.598432e-02 3.224669e-01
 -7.435797e-01 -3.777225e-02 1.058895e-01
 -7.009939e-01 -1.181513e-01 -1.301672e-01
 -7.300906e-01 -2.441744e-01 -3.794801e-01
 -8.113602e-01 -4.316136e-01 -5.930369e-01
 -1.224414e+00 -1.167691e+00 -1.090026e+00
 -1.284913e+00 -1.467163e+00 -1.208624e+00
 -1.255375e+00 -1.787530e+00 -1.275499e+00
 -1.137287e+00 -2.094517e+00 -1.285188e+00
 -9.432448e-01 -2.353217e+00 -1.238788e+00
 -6.814235e-01 -2.558845e+00 -1.118722e+00
 -4.061698e-01 -2.656255e+00 -9.488004e-01
 -1.371703e-01 -2.641010e+00 -7.479853e-01
 1.081787e-01 -2.509998e+00 -5.334690e-01
 3.099569e-01 -2.258657e+00 -3.426148e-01
 4.240306e-01 -1.944039e+00 -2.306403e-01
 4.539044e-01 -1.627214e+00 -2.097801e-01
 4.499983e-01 -1.313814e+00 -2.994269e-01
 4.437399e-01 -1.072808e+00 -5.086596e-01
 5.142342e-01 -8.724192e-01 -7.268192e-01
 7.248873e-01 -4.757741e-01 -9.760360e-01
 9.506959e-01 -7.169867e-02 -1.054428e+00
 1.048705e+00 2.461349e-01 -9.683236e-01
 1.104050e+00 4.818354e-01 -7.584384e-01
 1.172420e+00 5.801768e-01 -6.489099e-01
 1.255983e+00 7.131555e-01 -5.516065e-01
 1.306025e+00 9.663470e-01 -3.879896e-01
 1.302479e+00 1.227492e+00 -1.045328e-01
 1.130525e+00 1.664844e+00 7.670175e-01
 9.488962e-01 1.792296e+00 1.052206e+00
 6.698871e-01 1.883725e+00 1.262912e+00
 2.967738e-01 1.923427e+00 1.386745e+00
 -6.882325e-02 1.876685e+00 1.395930e+00
 -3.832287e-01 1.764224e+00 1.300533e+00
 -6.045184e-01 1.637974e+00 1.119795e+00
 -7.575434e-01 1.535818e+00 8.347349e-01
 -8.458350e-01 1.543299e+00 5.253412e-01
 -1.052727e+00 1.751575e+00 1.192028e-01
 -1.091177e+00 1.844345e+00 -2.534239e-01
 -1.056296e+00 1.809012e+00 -6.430959e-01
 -9.521333e-01 1.652166e+00 -9.772763e-01
 -8.059961e-01 1.385640e+00 -1.218406e+00
 -6.436742e-01 1.059425e+00 -1.325074e+00
 -4.402279e-01 7.291638e-01 -1.289126e+00
 -2.060200e-01 4.604431e-01 -1.117652e+00
 1.127402e-02 2.932001e-01 -8.207496e-01
 1.403745e-01 2.644611e-01 -5.228821e-01
 2.467229e-01 3.108153e-01 -2.486196e-01
 4.801708e-01 4.317033e-01 6.580424e-02
 9.017349e-01 4.443156e-01 3.994733e-01
 1.123250e+00 3.780447e-01 5.704411e-01
 1.358998e+00 2.143910e-01 7.128907e-01
 1.562960e+00 -1.423603e-02 7.855309e-01
 1.716215e+00 -2.838977e-01 7.862183e-01
 1.807840e+00 -5.661387e-01 7.177258e-01
 1.845163e+00 -8.277769e-01 5.803278e-01
 1.827264e+00 -1.048179e+00 3.903717e-01
 1.759189e+00 -1.212277e+00 1.638309e-01
 1.295690e+00 -1.611064e+00 -7.988684e-01
 1.068462e+00 -1.707600e+00 -1.023894e+00
 7.418815e-01 -1.775148e+00 -1.185367e+00
 3.916280e-01 -1.775490e+00 -1.241031e+00
 7.293542e-02 -1.726038e+00 -1.187417e+00
 -1.800168e-01 -1.666015e+00 -1.043543e+00
 -3.524135e-01 -1.637958e+00 -8.257423e-01
 -4.916614e-01 -1.679741e+00 -6.005247e-01
 -7.484996e-01 -1.923586e+00 -2.926752e-01
 -8.698296e-01 -2.038355e+00 6.416391e-03
 -9.540542e-01 -2.048340e+00 3.490489e-01
 -9.920268e-01 -1.946333e+00 6.798068e-01
 -9.939125e-01 -1.742649e+00 9.586396e-01
 -9.488592e-01 -1.464244e+00 1.156963e+00
 -8.510063e-01 -1.149864e+00 1.250682e+00
 -6.761125e-01 -8.122482e-01 1.239393e+00
 -4.613179e-01 -5.523881e-01 1.123645e+00
 -2.249072e-01 -3.867223e-01 9.223503e-01
 5.686702e-02 -3.445253e-01 6.568764e-01
 5.614694e-01 -5.549221e-01 4.128473e-01
 8.955365e-01 -5.633837e-01 2.357654e-01
 1.067725e+00 -4.855660e-01 2.936784e-02
 1.201640e+00 -3.955376e-01 -8.270209e-02
 1.730688e+00 -2.183072e-01 -3.517565e-01
 1.946019e+00 -7.315398e-02 -5.751924e-01
 2.063247e+00 1.291063e-01 -8.305190e-01
 2.068894e+00 3.704283e-01 -1.077517e+00
 1.966646e+00 6.305063e-01 -1.281523e+00
 1.771266e+00 8.801004e-01 -1.415490e+00
 1.509321e+00 1.094620e+00 -1.461190e+00
 1.210510e+00 1.249864e+00 -1.415659e+00
 9.089579e-01 1.330675e+00 -1.284071e+00
 5.046205e-01 1.339444e+00 -9.676635e-01
 -3.462159e-02 1.283027e+00 -5.181534e-01
 -3.398773e-01 1.143494e+00 -3.380362e-01
 -5.482420e-01 9.768165e-01 -3.059519e-01
 -6.981042e-01 8.993801e-01 -3.165477e-01
 -1.076488e+00 7.931658e-01 -3.974863e-01
 -1.364252e+00 5.924047e-01 -4.263781e-01
