 9.622249e-01 -7.796552e-02 5.356422e-01
 7.816419e-01 -3.194203e-02 7.628574e-01
 5.690538e-01 -4.753986e-02 9.349960e-01
 3.043742e-01 -1.019243e-01 1.053503e+00
 4.799204e-02 -1.884481e-01 1.098987e+00
 -1.969956e-01 -3.150097e-01 1.082389e+00
 -3.735083e-01 -4.391648e-01 1.016459e+00
 -7.058106e-01 -6.170489e-01 7.820973e-01
 -1.114548e+00 -7.459297e-01 5.167064e-01
 -1.292120e+00 -8.887411e-01 4.442233e-01
 -1.448435e+00 -1.166714e+00 3.326738e-01
 -1.494494e+00 -1.508223e+00 2.071961e-01
 -1.422708e+00 -1.814697e+00 7.334201e-02
 -1.249454e+00 -2.058739e+00 -7.870297e-02
 -1.005347e+00 -2.215356e+00 -2.375509e-01
 -7.174996e-01 -2.269998e+00 -3.932743e-01
 -4.076538e-01 -2.219002e+00 -5.206179e-01
 -1.120337e-01 -2.067770e+00 -6.051948e-01
 1.389123e-01 -1.837040e+00 -6.302724e-01
 5.327957e-01 -1.182249e+00 -5.814788e-01
 6.651246e-01 -9.150661e-01 -6.406634e-01
 8.026035e-01 -6.875110e-01 -8.029530e-01
 1.156478e+00 -4.911299e-01 -9.692310e-01
 2.059330e+00 -3.362493e-01 -1.084519e+00
 2.392479e+00 -2.008228e-01 -1.025162e+00
 2.660032e+00 1.551700e-02 -8.837769e-01
 2.820492e+00 2.890587e-01 -6.809700e-01
 2.848125e+00 5.820068e-01 -4.390157e-01
 2.733247e+00 8.557160e-01 -1.951286e-01
 2.488778e+00 1.062164e+00 2.509815e-02
 2.138934e+00 1.161491e+00 1.990317e-01
 1.730202e+00 1.137691e+00 2.805575e-01
 1.342286e+00 1.009421e+00 2.306592e-01
 1.060130e+00 8.217405e-01 7.440136e-02
 8.977491e-01 6.669821e-01 -1.665972e-01
 7.626979e-01 4.775178e-01 -7.563337e-01
 4.759065e-01 3.496662e-01 -1.204786e+00
 -2.327555e-01 2.206524e-01 -1.659166e+00
 -6.422433e-01 3.273394e-03 -1.755217e+00
 -9.674390e-01 -3.288641e-01 -1.687975e+00
 -1.144947e+00 -7.008021e-01 -1.465221e+00
 -1.132712e+00 -1.040850e+00 -1.139917e+00
 -9.661277e-01 -1.244411e+00 -7.530355e-01
 -5.463419e-01 -1.264497e+00 -1.499050e-01
 -4.618731e-01 -1.466830e+00 1.854891e-01
 -5.095002e-01 -1.594160e+00 4.788996e-01
 -6.497520e-01 -1.655849e+00 7.640623e-01
 -8.584921e-01 -1.618247e+00 1.035727e+00
 -1.087681e+00 -1.478224e+00 1.252896e+00
 -1.305583e+00 -1.249765e+00 1.394669e+00
 -1.491977e+00 -9.610460e-01 1.442307e+00
 -1.631764e+00 -6.472328e-01 1.386119e+00
 -1.858772e+00 4.141056e-01 8.857928e-01
 -1.789940e+00 7.624778e-01 7.594195e-01
 -1.644015e+00 1.003400e+00 7.384704e-01
 -1.561231e+00 1.189781e+00 7.768420e-01
 -1.522382e+00 1.436408e+00 7.792061e-01
 -1.471955e+00 1.732386e+00 6.694114e-01
 -1.389196e+00 1.987040e+00 4.531309e-01
 -1.262951e+00 2.150738e+00 1.598299e-01
 -1.098729e+00 2.195977e+00 -1.623777e-01
 -9.105540e-01 2.113065e+00 -4.672030e-01
 -7.194860e-01 1.912090e+00 -7.114401e-01
 -5.584808e-01 1.616900e+00 -8.637144e-01
 -4.362816e-01 1.289159e+00 -8.918880e-01
 -3.224591e-01 9.639092e-01 -7.858700e-01
 -2.481253e-01 7.198115e-01 -5.834126e-01
 -1.338616e-01 4.728179e-01 -2.096743e-01
 -1.027349e-01 4.001594e-01 -1.388271e-01
 -4.008120e-02 2.549992e-01 -4.845710e-02
 2.525281e-02 5.601689e-02 2.153735e-02
 1.226260e-01 -5.553280e-01 1.336437e-01
 3.142163e-01 -8.632519e-01 3.686556e-01
 4.991810e-01 -9.999235e-01 5.893223e-01
 7.812066e-01 -1.054998e+00 7.961443e-01
 1.099024e+00 -9.982338e-01 9.566236e-01
 1.391325e+00 -8.621816e-01 1.030032e+00
 1.658651e+00 -6.690295e-01 1.009788e+00
 1.876998e+00 -4.497936e-01 8.955057e-01
 2.029300e+00 -2.350117e-01 6.951629e-01
 2.092769e+00 -3.889948e-02 4.338952e-01
 2.064913e+00 1.094440e-01 1.416690e-01
 1.912751e+00 2.406692e-01 -2.038091e-01
 1.842618e+00 3.751287e-01 -3.924104e-01
 1.832184e+00 5.637060e-01 -5.839547e-01
 1.792939e+00 7.922533e-01 -6.892247e-01
 1.660885e+00 1.085526e+00 -7.455077e-01
 1.429404e+00 1.356391e+00 -7.291404e-01
 1.104451e+00 1.553662e+00 -6.472326e-01
 7.854115e-01 1.631334e+00 -5.023788e-01
 -6.626774e-02 1.520858e+00 4.068632e-02
 -4.074756e-01 1.430666e+00 1.341798e-01
 -6.599174e-01 1.324342e+00 1.273440e-01
 -8.342337e-01 1.229991e+00 5.803319e-02
 -1.086958e+00 1.164956e+00 -1.143941e-01
 -1.412052e+00 1.216548e+00 -2.356929e-01
 -1.795451e+00 1.322459e+00 -2.196108e-01
 -2.148332e+00 1.427823e+00 -4.250577e-02
 -2.411752e+00 1.489410e+00 2.707615e-01
 -2.540506e+00 1.491840e+00 6.647628e-01
 -2.511557e+00 1.435643e+00 1.077025e+00
 -2.333874e+00 1.319924e+00 1.435659e+00
 -2.041634e+00 1.151856e+00 1.679375e+00
 -1.681658e+00 9.578687e-01 1.767352e+00
 -1.312024e+00 7.771734e-01 1.683478e+00
 -1.001694e+00 6.183750e-01 1.435909e+00
 -8.300865e-01 4.857165e-01 1.077080e+00
 -8.147741e-01 4.258558e-01 7.443017e-01
 -1.090855e+00 1.518984e-01 4.337364e-02
 -9.424743e-01 -1.588904e-01 -4.411974e-01
 -4.377466e-01 -3.465913e-01 -8.058587e-01
 -2.492344e-01 -5.260452e-01 -9.446189e-01
 -1.029217e-01 -7.990129e-01 -1.305812e+00
 1.331738e-01 -1.015757e+00 -1.516139e+00
 4.483389e-01 -1.223987e+00 -1.603453e+00
 7.872578e-01 -1.386453e+00 -1.552820e+00
 1.106194e+00 -1.484053e+00 -1.378220e+00
 1.360017e+00 -1.507484e+00 -1.105639e+00
 1.530608e+00 -1.437802e+00 -7.721930e-01
 1.597077e+00 -1.274875e+00 -4.470909e-01
 1.566187e+00 -1.037725e+00 -1.851096e-01
 1.450424e+00 -7.501475e-01 -2.316755e-03
 1.192932e+00 -4.154947e-01 1.183063e-01
 1.094603e+00 -2.094291e-01 2.931595e-01
