 1.465452e+00 -4.894311e-01 1.084219e+00
 1.131720e+00 -2.770622e-01 8.926027e-01
 7.070398e-01 -8.430521e-02 8.882918e-01
 1.811721e-01 6.903625e-03 1.169004e+00
 -1.873026e-01 7.302259e-02 1.197350e+00
 -5.664919e-01 2.875730e-01 1.102841e+00
 -8.101049e-01 5.915593e-01 9.069933e-01
 -8.809282e-01 9.335352e-01 6.724684e-01
 -7.774632e-01 1.272331e+00 3.906625e-01
 -6.675986e-01 1.447572e+00 1.211274e-01
 -5.659215e-01 1.564744e+00 -2.200088e-01
 -3.945126e-01 1.669438e+00 -6.737241e-01
 -3.458363e-01 1.651384e+00 -1.001649e+00
 -2.394991e-01 1.491625e+00 -1.347573e+00
 -7.063989e-02 1.233439e+00 -1.593363e+00
 1.434435e-01 9.072430e-01 -1.700018e+00
 3.524167e-01 5.571333e-01 -1.644773e+00
 7.293409e-01 -1.046287e-01 -1.189419e+00
 7.787520e-01 -2.899670e-01 -1.060838e+00
 7.751946e-01 -4.923390e-01 -9.379569e-01
 7.105144e-01 -7.371230e-01 -8.226569e-01
 6.315102e-01 -8.816680e-01 -7.681868e-01
 4.889430e-01 -1.079004e+00 -7.450022e-01
 2.469394e-01 -1.734152e+00 -8.478278e-01
 -8.522843e-02 -2.069476e+00 -8.497359e-01
 -4.796195e-01 -2.241007e+00 -7.496893e-01
 -8.749561e-01 -2.234617e+00 -5.594717e-01
 -1.218023e+00 -2.042441e+00 -3.442337e-01
 -1.458477e+00 -1.680417e+00 -1.815662e-01
 -1.534631e+00 -1.235616e+00 -1.127658e-01
 -1.457587e+00 -8.225695e-01 -1.721188e-01
 -1.305930e+00 -5.108067e-01 -3.682911e-01
 -1.209524e+00 -3.480085e-01 -6.386010e-01
 -1.228690e+00 -1.849524e-01 -9.441151e-01
 -1.341196e+00 1.733004e-01 -1.201852e+00
 -1.409386e+00 6.459877e-01 -1.270255e+00
 -1.357928e+00 1.919269e+00 -8.693338e-01
 -1.282042e+00 2.161674e+00 -7.543989e-01
 -1.136476e+00 2.371394e+00 -6.196831e-01
 -9.260301e-01 2.526826e+00 -4.717028e-01
 -6.628348e-01 2.605470e+00 -3.200747e-01
 -3.690403e-01 2.587972e+00 -1.776210e-01
 -7.717445e-02 2.464300e+00 -5.915806e-02
 1.746570e-01 2.239221e+00 2.175232e-02
 4.518406e-01 1.760312e+00 7.164161e-02
 6.008522e-01 1.593329e+00 1.135539e-01
 7.630493e-01 1.485698e+00 1.554619e-01
 9.084944e-01 1.389033e+00 2.510954e-01
 1.046312e+00 1.263420e+00 4.127102e-01
 1.125932e+00 1.150184e+00 5.825304e-01
 1.160454e+00 1.045369e+00 7.594386e-01
 1.126159e+00 5.726289e-01 1.559454e+00
 1.054418e+00 2.410005e-01 1.811413e+00
 9.384547e-01 -1.571149e-01 1.913374e+00
 7.824378e-01 -5.088003e-01 1.864589e+00
 6.662201e-01 -7.385010e-01 1.717221e+00
 6.237924e-01 -9.234782e-01 1.494630e+00
 6.660520e-01 -1.096273e+00 1.340622e+00
 6.750170e-01 -1.307363e+00 1.236616e+00
 6.001869e-01 -1.523403e+00 1.125705e+00
 4.988519e-01 -1.666549e+00 1.012221e+00
 3.735412e-01 -1.773724e+00 8.594335e-01
 1.969417e-01 -1.847559e+00 6.504774e-01
 2.184103e-02 -1.847259e+00 4.487951e-01
 -1.458223e-01 -1.778530e+00 2.538227e-01
 -2.897508e-01 -1.651022e+00 8.329518e-02
 -4.280971e-01 -1.412497e+00 -1.264080e-01
 -5.271540e-01 -1.278519e+00 -3.405110e-01
 -5.802490e-01 -1.241510e+00 -4.906718e-01
 -6.840651e-01 -1.236662e+00 -7.160641e-01
 -8.796227e-01 -1.260416e+00 -9.320000e-01
 -1.147502e+00 -1.268355e+00 -1.072206e+00
 -1.504325e+00 -1.185802e+00 -1.144381e+00
 -1.866422e+00 -9.912391e-01 -1.105592e+00
 -2.123573e+00 -7.020791e-01 -9.731691e-01
 -2.236062e+00 -3.569796e-01 -7.872007e-01
 -2.182672e+00 -2.419647e-03 -5.779030e-01
 -1.963901e+00 3.008877e-01 -3.765017e-01
 -1.618824e+00 5.082310e-01 -2.521539e-01
 -1.228222e+00 5.949376e-01 -2.425155e-01
 -9.299775e-01 5.885865e-01 -3.459525e-01
 -4.204731e-01 6.478466e-01 -7.200228e-01
 -8.277239e-02 6.982696e-01 -7.231151e-01
 1.409907e-01 8.093137e-01 -6.702491e-01
 3.767693e-01 9.816468e-01 -7.015280e-01
 7.098447e-01 1.308596e+00 -8.586390e-01
 9.401295e-01 1.620717e+00 -8.487307e-01
 1.130276e+00 1.927520e+00 -6.944821e-01
 1.252183e+00 2.178594e+00 -4.177525e-01
 1.289245e+00 2.335050e+00 -5.888774e-02
 1.228852e+00 2.378289e+00 3.281006e-01
 1.069719e+00 2.306880e+00 6.818896e-01
 8.383225e-01 2.129803e+00 9.511824e-01
 5.772459e-01 1.863126e+00 1.097722e+00
 3.380517e-01 1.549790e+00 1.096655e+00
 1.791087e-01 1.236747e+00 9.671282e-01
 1.456503e-01 9.596049e-01 7.666192e-01
 1.286347e-01 7.749910e-01 5.063084e-01
 3.985030e-02 5.833115e-01 3.259743e-01
 -7.233869e-02 4.304666e-02 7.607332e-02
 -1.667080e-01 -2.857911e-01 -3.331680e-01
 -2.373975e-01 -3.733341e-01 -9.723638e-01
 -1.835704e-01 -5.481304e-01 -1.312618e+00
 4.758371e-02 -7.624730e-01 -1.616248e+00
 3.945296e-01 -9.926439e-01 -1.767832e+00
 7.906019e-01 -1.210568e+00 -1.729733e+00
 1.135055e+00 -1.402302e+00 -1.497334e+00
 1.355573e+00 -1.530211e+00 -1.107681e+00
 1.414107e+00 -1.541192e+00 -6.376673e-01
 1.293629e+00 -1.425504e+00 -1.894185e-01
 1.018039e+00 -1.212240e+00 1.331490e-01
 3.966406e-01 -8.740983e-01 3.487851e-01
 3.979887e-03 -8.334261e-01 6.052793e-01
 -2.688120e-01 -9.704801e-01 9.320140e-01
 -3.597366e-01 -1.210546e+00 1.343360e+00
 -2.297974e-01 -1.451288e+00 1.728719e+00
 8.896144e-02 -1.625352e+00 2.024577e+00
 5.223016e-01 -1.681717e+00 2.184710e+00
 9.849696e-01 -1.615246e+00 2.174307e+00
 1.379454e+00 -1.431630e+00 2.000809e+00
 1.618990e+00 -1.135768e+00 1.726850e+00
 1.651690e+00 -8.000865e-01 1.392742e+00
