 -2.780555e-01 1.539046e+00 -1.342666e+00
 -5.356008e-01 1.439777e+00 -1.368887e+00
 -7.599814e-01 1.294953e+00 -1.335335e+00
 -9.738920e-01 1.058207e+00 -1.244089e+00
 -1.088099e+00 7.965522e-01 -1.130097e+00
 -1.109803e+00 4.974789e-01 -1.003481e+00
 -1.040761e+00 2.593972e-01 -9.328422e-01
 -8.787164e-01 -2.841915e-02 -9.343992e-01
 -7.877382e-01 -3.772526e-01 -1.082576e+00
 -7.126370e-01 -5.330832e-01 -1.143809e+00
 -9.797158e-02 -1.488961e+00 -1.371848e+00
 6.350228e-02 -1.736705e+00 -1.343973e+00
 2.175514e-01 -1.968557e+00 -1.229949e+00
 3.520868e-01 -2.162772e+00 -1.035869e+00
 4.556549e-01 -2.298839e+00 -7.745323e-01
 5.177570e-01 -2.358492e+00 -4.681544e-01
 5.316146e-01 -2.330235e+00 -1.456687e-01
 4.954377e-01 -2.211828e+00 1.585204e-01
 4.134540e-01 -2.011759e+00 4.104147e-01
 2.952102e-01 -1.742424e+00 5.840877e-01
 1.899001e-01 -1.348382e+00 7.000866e-01
 1.844021e-01 -1.200018e+00 7.782382e-01
 1.392897e-01 -1.012193e+00 9.115782e-01
 6.031164e-02 -7.808964e-01 9.677555e-01
 -3.388928e-02 -4.896584e-01 9.278516e-01
 -1.991105e-01 -1.618804e-01 7.916400e-01
 -4.014710e-01 9.918710e-02 5.869388e-01
 -6.803383e-01 3.344826e-01 2.303471e-01
 -9.776305e-01 5.296799e-01 8.989150e-02
 -1.308262e+00 6.424230e-01 4.928532e-02
 -1.666793e+00 6.412278e-01 5.688950e-02
 -2.002836e+00 5.158446e-01 8.559433e-02
 -2.270442e+00 2.847242e-01 1.198546e-01
 -2.440836e+00 -2.177830e-02 1.478355e-01
 -2.495169e+00 -3.624792e-01 1.695128e-01
 -2.435284e+00 -6.984849e-01 1.624420e-01
 -2.272743e+00 -9.973205e-01 1.122005e-01
 -2.025705e+00 -1.223314e+00 2.158995e-02
 -1.068869e+00 -1.622863e+00 -3.537194e-01
 -7.367929e-01 -1.678391e+00 -4.091876e-01
 -3.943084e-01 -1.658976e+00 -4.021014e-01
 -1.704123e-01 -1.588885e+00 -3.611143e-01
 1.931465e-01 -1.386173e+00 -3.656700e-01
 4.375306e-01 -1.250963e+00 -2.995140e-01
 5.836091e-01 -1.134877e+00 -2.099121e-01
 6.923214e-01 -9.862091e-01 -8.956159e-02
 7.704434e-01 -7.071594e-01 1.235886e-01
 8.106666e-01 -5.440794e-01 3.300220e-01
 8.825531e-01 -4.090388e-01 5.023327e-01
 1.055578e+00 -2.473671e-01 6.776594e-01
 1.663353e+00 7.763565e-02 1.012991e+00
 1.887767e+00 2.991164e-01 1.102033e+00
 2.045000e+00 5.838330e-01 1.141271e+00
 2.117248e+00 9.017870e-01 1.130192e+00
 2.096639e+00 1.220926e+00 1.073786e+00
 1.989435e+00 1.503323e+00 9.782486e-01
 1.816510e+00 1.726981e+00 8.329220e-01
 1.599465e+00 1.866466e+00 6.542339e-01
 1.348331e+00 1.911657e+00 4.691521e-01
 1.065295e+00 1.853255e+00 2.949436e-01
 8.180160e-01 1.721421e+00 1.906290e-01
 5.966366e-01 1.540285e+00 1.594765e-01
 4.329851e-01 1.355948e+00 2.095429e-01
 2.584002e-01 1.160491e+00 3.652787e-01
 1.488012e-02 1.070955e+00 5.769491e-01
 -2.676255e-01 1.089237e+00 8.354286e-01
 -4.935849e-01 1.056601e+00 9.673897e-01
 -7.312603e-01 9.596067e-01 1.065108e+00
 -9.540638e-01 8.076567e-01 1.115004e+00
 -1.146478e+00 6.126085e-01 1.112760e+00
 -1.294648e+00 3.901745e-01 1.057991e+00
 -1.403793e+00 1.407219e-01 9.377022e-01
 -1.459154e+00 -7.284207e-02 7.661645e-01
 -1.477715e+00 -2.404846e-01 5.433462e-01
 -1.479449e+00 -3.413973e-01 2.835610e-01
 -1.482202e+00 -3.616691e-01 5.919629e-02
 -1.511486e+00 -3.540862e-01 -1.082917e-01
 -1.575310e+00 -3.556962e-01 -2.678291e-01
 -1.769219e+00 -4.061550e-01 -5.945667e-01
 -1.842168e+00 -3.923100e-01 -9.864208e-01
 -1.781218e+00 -3.032514e-01 -1.369544e+00
 -1.594928e+00 -1.588185e-01 -1.684618e+00
 -1.305575e+00 4.667280e-03 -1.887943e+00
 -9.525727e-01 1.558008e-01 -1.954326e+00
 -5.843680e-01 2.908518e-01 -1.867901e+00
 -2.778396e-01 4.115774e-01 -1.634411e+00
 -9.634406e-02 5.180474e-01 -1.304184e+00
 -8.333117e-02 6.073238e-01 -9.938449e-01
 -1.464033e-01 6.924544e-01 -7.594643e-01
 -2.574651e-01 9.240358e-01 -5.201898e-01
 -4.643992e-01 1.330538e+00 -3.269474e-01
 -5.039709e-01 1.620327e+00 -1.357729e-01
 -4.513071e-01 1.863538e+00 1.166548e-01
 -3.101864e-01 2.028244e+00 3.894630e-01
 -1.011306e-01 2.093516e+00 6.650211e-01
 1.216573e-01 2.041422e+00 9.071019e-01
 3.796883e-01 1.874170e+00 1.101670e+00
 6.256461e-01 1.638298e+00 1.190957e+00
 8.464957e-01 1.361414e+00 1.167475e+00
 1.021187e+00 1.122227e+00 1.034343e+00
 1.129392e+00 9.726113e-01 8.473581e-01
 1.286797e+00 8.830095e-01 5.209840e-01
 1.618144e+00 9.375909e-01 1.937427e-01
 1.772865e+00 9.734558e-01 -1.342316e-01
 1.838432e+00 9.133336e-01 -5.029837e-01
 1.803702e+00 7.712799e-01 -8.267431e-01
 1.658326e+00 5.897842e-01 -1.085839e+00
 1.413604e+00 3.642049e-01 -1.260990e+00
 1.110399e+00 1.075276e-01 -1.308932e+00
 8.286121e-01 -9.234053e-02 -1.232009e+00
 5.855695e-01 -2.342765e-01 -1.055900e+00
 3.037300e-02 -3.393949e-01 -4.933989e-01
 -8.978606e-02 -3.971694e-01 -3.567481e-01
 -1.970750e-01 -4.604696e-01 -2.703735e-01
 -4.077793e-01 -5.991667e-01 -1.617873e-01
 -5.061328e-01 -6.873144e-01 -4.185821e-02
 -7.968851e-01 -1.130645e+00 5.283167e-01
 -8.258052e-01 -1.296552e+00 7.538130e-01
 -7.779274e-01 -1.447991e+00 9.848563e-01
 -6.589085e-01 -1.572724e+00 1.202279e+00
 -4.804354e-01 -1.663430e+00 1.388301e+00
 -2.585541e-01 -1.718809e+00 1.527407e+00
 -1.113101e-02 -1.738019e+00 1.612277e+00
 2.440152e-01 -1.721610e+00 1.640915e+00
 4.899590e-01 -1.674868e+00 1.613791e+00
 7.119264e-01 -1.606957e+00 1.534113e+00
 9.020995e-01 -1.526324e+00 1.405756e+00
 1.634278e+00 -1.091086e+00 5.734669e-01
 1.754713e+00 -9.185400e-01 3.504343e-01
 1.796263e+00 -6.911937e-01 1.294993e-01
 1.747899e+00 -4.470919e-01 -4.931489e-02
 1.614898e+00 -2.036639e-01 -1.866047e-01
 1.404312e+00 5.904847e-03 -2.787614e-01
 1.085180e+00 2.261764e-01 -2.961286e-01
 9.514442e-01 3.845228e-01 -3.380485e-01
 8.435463e-01 6.777681e-01 -4.632860e-01
 8.047961e-01 1.027245e+00 -6.774645e-01
 6.951517e-01 1.254373e+00 -8.326245e-01
 5.149736e-01 1.432476e+00 -9.892021e-01
 2.807873e-01 1.544006e+00 -1.135901e+00
 1.464727e-02 1.579672e+00 -1.257117e+00
