 1.312322e+00 1.011179e+00 3.011552e-01
 1.069209e+00 7.563593e-01 4.826151e-02
 9.258740e-01 6.541654e-01 -2.762823e-01
 7.325413e-01 7.039285e-01 -5.842179e-01
 4.101192e-01 8.900303e-01 -8.261515e-01
 5.441595e-02 1.136371e+00 -8.884980e-01
 -3.129875e-01 1.334411e+00 -7.620731e-01
 -6.279933e-01 1.441443e+00 -4.754970e-01
 -7.626550e-01 1.463930e+00 -1.924431e-01
 -9.209674e-01 1.327391e+00 1.654521e-01
 -1.188951e+00 1.294252e+00 3.908441e-01
 -1.466358e+00 1.255507e+00 4.833359e-01
 -1.797003e+00 1.136159e+00 4.827407e-01
 -2.095330e+00 9.511538e-01 3.709166e-01
 -2.308642e+00 7.088245e-01 1.668724e-01
 -2.402703e+00 4.719959e-01 -9.174246e-02
 -2.377666e+00 2.629633e-01 -3.883344e-01
 -1.964422e+00 -2.092005e-01 -1.217566e+00
 -1.777229e+00 -3.675218e-01 -1.418416e+00
 -1.555657e+00 -5.207486e-01 -1.535320e+00
 -1.262403e+00 -6.896137e-01 -1.580285e+00
 -9.548501e-01 -8.292033e-01 -1.538908e+00
 -6.826919e-01 -9.096330e-01 -1.422430e+00
 -3.028687e-01 -9.749994e-01 -1.121520e+00
 -8.406641e-02 -1.096214e+00 -9.356219e-01
 1.004266e-01 -1.299090e+00 -7.936888e-01
 2.768179e-01 -1.789904e+00 -6.198516e-01
 4.364311e-01 -2.057082e+00 -3.680748e-01
 6.367724e-01 -2.189682e+00 -4.405867e-02
 8.513649e-01 -2.165086e+00 2.922897e-01
 1.043260e+00 -1.986423e+00 5.996031e-01
 1.174689e+00 -1.675931e+00 8.323026e-01
 1.229550e+00 -1.288245e+00 9.406082e-01
 1.231621e+00 -8.975798e-01 8.946224e-01
 1.218563e+00 -6.090658e-01 7.341380e-01
 1.250957e+00 -4.412977e-01 5.238498e-01
 1.349382e+00 -2.847581e-01 3.280569e-01
 1.764675e+00 2.884587e-02 -8.238445e-02
 1.905268e+00 2.713812e-01 -2.717096e-01
 1.950408e+00 5.656601e-01 -4.354358e-01
 1.892351e+00 8.774010e-01 -5.592497e-01
 1.736682e+00 1.172365e+00 -6.291715e-01
 1.506278e+00 1.417849e+00 -6.282746e-01
 1.231990e+00 1.600192e+00 -5.425583e-01
 9.481318e-01 1.688028e+00 -3.916850e-01
 6.753327e-01 1.669976e+00 -2.062111e-01
 4.114199e-01 1.529348e+00 -9.398816e-03
 2.271921e-01 1.322791e+00 1.095972e-01
 1.343490e-01 1.144083e+00 1.414875e-01
 -7.192919e-03 8.322127e-01 1.282343e-01
 -2.415605e-01 5.670168e-01 -8.078568e-02
 -4.098355e-01 2.847523e-01 -4.347326e-01
 -5.694560e-01 3.275575e-02 -6.008531e-01
 -8.017762e-01 -1.866326e-01 -6.807118e-01
 -1.005488e+00 -3.175698e-01 -6.679031e-01
 -1.199787e+00 -4.417904e-01 -5.924341e-01
 -1.413099e+00 -5.988874e-01 -4.348807e-01
 -1.562712e+00 -7.561003e-01 -1.656892e-01
 -1.593615e+00 -9.203372e-01 1.421120e-01
 -1.497249e+00 -1.081762e+00 4.364068e-01
 -1.284379e+00 -1.223903e+00 6.849712e-01
 -9.810107e-01 -1.357832e+00 8.414867e-01
 -6.265365e-01 -1.444058e+00 8.865227e-01
 -2.568897e-01 -1.458259e+00 8.223013e-01
 7.209282e-02 -1.398184e+00 6.568626e-01
 4.986966e-01 -1.203072e+00 2.165063e-01
 7.121790e-01 -1.171273e+00 6.348956e-02
 9.561168e-01 -1.207917e+00 -7.029917e-02
 1.309353e+00 -1.249792e+00 -9.373583e-02
 1.701997e+00 -1.214079e+00 2.511127e-02
 2.021673e+00 -1.068248e+00 2.587793e-01
 2.210015e+00 -8.143626e-01 5.423098e-01
 2.239974e+00 -4.999883e-01 8.054154e-01
 2.109752e+00 -1.684544e-01 1.017771e+00
 1.834624e+00 1.138888e-01 1.156618e+00
 1.465892e+00 3.043280e-01 1.187648e+00
 9.248950e-01 4.283023e-01 1.045911e+00
 7.034218e-01 5.879012e-01 1.003165e+00
 5.101381e-01 7.490495e-01 1.026781e+00
 2.764414e-01 1.025980e+00 1.130786e+00
 1.381385e-01 1.203919e+00 1.145998e+00
 -1.408192e-03 1.380200e+00 1.110509e+00
 -6.211588e-01 2.117469e+00 7.290688e-01
 -8.614274e-01 2.273122e+00 5.427043e-01
 -1.119579e+00 2.322580e+00 3.200119e-01
 -1.370006e+00 2.257178e+00 8.990655e-02
 -1.582867e+00 2.080124e+00 -1.299739e-01
 -1.712172e+00 1.823029e+00 -3.224986e-01
 -1.744991e+00 1.511047e+00 -4.701881e-01
 -1.686622e+00 1.183967e+00 -5.347368e-01
 -1.566511e+00 8.977961e-01 -5.100028e-01
 -1.441041e+00 6.650718e-01 -3.904017e-01
 -1.397079e+00 5.216073e-01 -2.433671e-01
 -1.302572e+00 3.119008e-01 8.937086e-02
 -1.061935e+00 2.439362e-02 3.192800e-01
 -7.616250e-01 -3.424178e-01 3.439682e-01
 -5.715478e-01 -7.075426e-01 1.733075e-01
 -5.476250e-01 -9.388605e-01 -4.816417e-03
 -7.054656e-01 -1.339120e+00 -1.666763e-01
 -7.998737e-01 -1.549821e+00 -3.609991e-01
 -8.151792e-01 -1.750349e+00 -6.460108e-01
 -7.253667e-01 -1.897352e+00 -9.768580e-01
 -5.499680e-01 -1.956577e+00 -1.271099e+00
 -3.008025e-01 -1.921500e+00 -1.515216e+00
 6.307930e-03 -1.780430e+00 -1.696308e+00
 2.827960e-01 -1.567783e+00 -1.770138e+00
 5.273138e-01 -1.305437e+00 -1.731766e+00
 7.061338e-01 -1.026005e+00 -1.583852e+00
 7.940584e-01 -7.647328e-01 -1.343991e+00
 7.773091e-01 -5.552686e-01 -1.042357e+00
 4.970941e-01 -2.559756e-01 -2.864774e-01
 4.410581e-01 -2.204316e-01 -1.170770e-01
 3.082163e-01 -2.108487e-01 2.670611e-01
 1.586311e-01 -2.756738e-01 1.026439e+00
 1.693864e-01 -1.830556e-01 1.410718e+00
 2.710214e-01 1.998909e-02 1.737561e+00
 4.517173e-01 3.033882e-01 1.956202e+00
 6.872859e-01 6.238203e-01 2.030448e+00
 9.358562e-01 9.298790e-01 1.945084e+00
 1.133134e+00 1.194742e+00 1.712043e+00
 1.268933e+00 1.354113e+00 1.376195e+00
 1.368101e+00 1.366649e+00 9.783415e-01
 1.384709e+00 1.232810e+00 5.843530e-01
