 -6.205823e-01 -1.332430e+00 -1.858780e+00
 -9.180858e-01 -1.186542e+00 -1.596376e+00
 -1.077417e+00 -9.432003e-01 -1.303145e+00
 -1.086710e+00 -6.401293e-01 -1.047806e+00
 -9.906689e-01 -3.782510e-01 -9.170169e-01
 -8.815467e-01 -1.016631e-01 -9.101383e-01
 -8.572146e-01 1.171462e-01 -9.315922e-01
 -8.740242e-01 3.420761e-01 -9.794834e-01
 -1.074743e+00 1.013143e+00 -1.155124e+00
 -1.170055e+00 1.381639e+00 -1.104590e+00
 -1.230581e+00 1.710937e+00 -9.199964e-01
 -1.245946e+00 1.956008e+00 -6.296783e-01
 -1.218567e+00 2.087858e+00 -2.602305e-01
 -1.183865e+00 2.080012e+00 1.016735e-01
 -1.131874e+00 1.943816e+00 4.360392e-01
 -1.070856e+00 1.709470e+00 6.780228e-01
 -9.551789e-01 1.413264e+00 8.222443e-01
 -7.547609e-01 1.075133e+00 8.524257e-01
 -5.508015e-01 7.211394e-01 7.187187e-01
 -4.604188e-01 5.600642e-01 7.154237e-01
 -3.865481e-01 3.362845e-01 7.567562e-01
 -3.690638e-01 1.533371e-01 8.112255e-01
 -3.633961e-01 -7.990864e-01 1.123878e+00
 -3.028205e-01 -1.090413e+00 1.152785e+00
 -1.721753e-01 -1.367275e+00 1.128898e+00
 1.432253e-02 -1.599257e+00 1.049556e+00
 2.425395e-01 -1.759366e+00 9.339446e-01
 5.365487e-01 -1.852889e+00 7.545491e-01
 7.991637e-01 -1.834807e+00 5.651464e-01
 1.021915e+00 -1.717168e+00 3.733042e-01
 1.178690e+00 -1.517221e+00 2.093831e-01
 1.284343e+00 -1.233136e+00 1.115119e-01
 1.396178e+00 -9.411296e-01 1.280151e-01
 1.540327e+00 -7.191308e-01 2.431677e-01
 1.591522e+00 -5.128271e-01 3.726623e-01
 1.619721e+00 3.416764e-01 6.006340e-01
 1.555789e+00 5.965342e-01 6.785765e-01
 1.426362e+00 8.195279e-01 7.708519e-01
 1.196189e+00 1.037798e+00 8.741536e-01
 9.432643e-01 1.160918e+00 9.556373e-01
 7.017262e-01 1.181980e+00 1.011110e+00
 4.456898e-01 1.112239e+00 1.097493e+00
 2.571968e-01 1.056600e+00 1.249847e+00
 3.715038e-02 9.155555e-01 1.532677e+00
 -2.172384e-01 7.356857e-01 1.691290e+00
 -5.341954e-01 5.615021e-01 1.738092e+00
 -8.578984e-01 4.236571e-01 1.660023e+00
 -1.127866e+00 3.152653e-01 1.467861e+00
 -1.314964e+00 2.249483e-01 1.177872e+00
 -1.391105e+00 1.547728e-01 8.211171e-01
 -1.342527e+00 1.425485e-01 3.114327e-01
 -1.413981e+00 1.007594e-01 3.555588e-02
 -1.507822e+00 8.873476e-02 -1.263655e-01
 -1.751590e+00 1.287429e-01 -4.286727e-01
 -1.866071e+00 1.488609e-01 -7.774175e-01
 -1.857968e+00 1.211799e-01 -1.142368e+00
 -1.726877e+00 6.976506e-02 -1.470451e+00
 -1.486699e+00 1.306719e-02 -1.729282e+00
 -1.170088e+00 -6.350180e-02 -1.888094e+00
 -8.240556e-01 -1.615845e-01 -1.924362e+00
 -5.045017e-01 -2.743837e-01 -1.836909e+00
 -2.621940e-01 -3.925193e-01 -1.657704e+00
 -1.403263e-01 -5.019855e-01 -1.468345e+00
 1.086305e-02 -1.058160e+00 -8.399637e-01
 7.399105e-02 -1.182254e+00 -5.493514e-01
 1.610062e-01 -1.208701e+00 -2.439859e-01
 2.419907e-01 -1.128840e+00 7.730728e-02
 3.464670e-01 -9.294192e-01 3.555479e-01
 4.968185e-01 -8.168606e-01 5.944975e-01
 6.597479e-01 -8.406474e-01 8.364184e-01
 9.660931e-01 -9.543892e-01 1.060772e+00
 1.297448e+00 -1.116511e+00 1.150288e+00
 1.628460e+00 -1.270419e+00 1.093130e+00
 1.920087e+00 -1.392635e+00 9.070984e-01
 2.154705e+00 -1.465020e+00 5.957723e-01
 2.267864e+00 -1.477446e+00 2.590973e-01
 2.266351e+00 -1.444954e+00 -9.474659e-02
 2.151218e+00 -1.370439e+00 -4.219676e-01
 1.937672e+00 -1.261999e+00 -6.825849e-01
 1.216029e+00 -9.137441e-01 -1.097809e+00
 1.036584e+00 -7.565744e-01 -1.207577e+00
 9.073190e-01 -5.675605e-01 -1.303489e+00
 8.356520e-01 -2.697535e-01 -1.402807e+00
 6.877874e-01 1.362345e-01 -1.327201e+00
 6.088247e-01 4.865235e-01 -1.089112e+00
 5.796777e-01 7.141012e-01 -7.250186e-01
 5.751260e-01 7.715247e-01 -2.762244e-01
 5.644257e-01 6.392010e-01 1.327599e-01
 5.887680e-01 2.981198e-01 4.968856e-01
 6.408501e-01 1.661526e-01 7.979464e-01
 7.482711e-01 1.380628e-01 1.129790e+00
 8.940257e-01 2.824333e-01 1.503968e+00
 9.916630e-01 5.899996e-01 1.802911e+00
 9.907052e-01 9.547407e-01 1.966747e+00
 8.820428e-01 1.348210e+00 2.007829e+00
 7.123851e-01 1.712289e+00 1.893844e+00
 5.045056e-01 1.978173e+00 1.645281e+00
 2.929208e-01 2.101852e+00 1.303772e+00
 1.139230e-01 2.062897e+00 9.268100e-01
 -1.728938e-01 1.634686e+00 1.906987e-01
 -3.548425e-01 1.452022e+00 -1.503826e-02
 -6.088960e-01 1.275986e+00 -1.514995e-01
 -8.061127e-01 1.154927e+00 -1.721761e-01
 -1.066838e+00 1.068187e+00 -1.299206e-01
 -1.492820e+00 1.105900e+00 -5.429629e-02
 -1.802484e+00 1.045270e+00 9.476510e-02
 -2.088669e+00 8.454670e-01 2.552404e-01
 -2.284329e+00 5.482578e-01 3.667346e-01
 -2.371596e+00 2.012690e-01 4.116334e-01
 -2.326548e+00 -1.610177e-01 4.252779e-01
 -2.146001e+00 -4.978698e-01 4.198315e-01
 -1.882921e+00 -7.357443e-01 3.833748e-01
 -1.561511e+00 -8.683078e-01 3.158598e-01
 -1.221540e+00 -8.816980e-01 2.255188e-01
 -9.036799e-01 -7.763656e-01 1.229598e-01
 -3.195309e-01 -3.022336e-01 -1.048689e-01
 -1.122995e-01 -2.133930e-01 -2.282907e-01
 2.077620e-01 -1.911877e-01 -3.499414e-01
 4.513082e-01 -2.458381e-01 -3.901432e-01
 7.060588e-01 -2.574283e-01 -3.685177e-01
 9.353428e-01 -1.830912e-01 -3.674653e-01
 1.237391e+00 -6.071011e-02 -4.734229e-01
 1.543731e+00 -2.700105e-02 -6.965032e-01
 1.754050e+00 -4.733985e-02 -1.008405e+00
 1.852294e+00 -1.513773e-01 -1.345452e+00
 1.830401e+00 -3.130443e-01 -1.674387e+00
 1.685793e+00 -4.955041e-01 -1.959985e+00
 1.442638e+00 -6.839997e-01 -2.160116e+00
 1.135800e+00 -8.565812e-01 -2.250274e+00
 4.826283e-01 -1.122127e+00 -2.192846e+00
 -2.367251e-01 -1.348047e+00 -2.044604e+00
