 -9.966018e-01 1.792058e+00 1.189928e+00
 -1.245082e+00 1.682189e+00 1.168231e+00
 -1.457912e+00 1.518214e+00 1.107932e+00
 -1.618597e+00 1.313879e+00 1.008150e+00
 -1.715955e+00 1.082591e+00 8.727780e-01
 -1.742173e+00 8.505913e-01 7.057314e-01
 -1.693344e+00 6.340643e-01 5.237859e-01
 -1.349715e+00 9.885385e-02 2.551609e-02
 -1.203631e+00 -1.357152e-01 -1.074656e-01
 -1.121591e+00 -3.899117e-01 -1.475747e-01
 -1.133858e+00 -8.189888e-01 -1.659964e-01
 -1.040405e+00 -1.142207e+00 -1.529165e-01
 -8.257261e-01 -1.450322e+00 -1.455154e-01
 -5.184803e-01 -1.688705e+00 -1.336062e-01
 -1.375843e-01 -1.834105e+00 -9.537424e-02
 1.961943e-01 -1.850380e+00 -2.470220e-02
 5.040460e-01 -1.766016e+00 8.858721e-02
 1.047935e+00 -1.370833e+00 3.077179e-01
 1.424058e+00 -9.173298e-01 2.739200e-01
 1.559198e+00 -7.895130e-01 2.282714e-01
 1.720752e+00 -6.148323e-01 7.359609e-02
 1.812600e+00 -4.334012e-01 -1.368868e-01
 1.815305e+00 -2.193822e-01 -3.752248e-01
 1.722044e+00 -2.656845e-02 -6.035274e-01
 1.546971e+00 1.334452e-01 -7.934637e-01
 1.305722e+00 2.672079e-01 -9.198116e-01
 1.013104e+00 3.638047e-01 -9.728675e-01
 7.242670e-01 4.252276e-01 -9.377198e-01
 4.519607e-01 4.559277e-01 -8.205649e-01
 1.272235e-01 4.073108e-01 -5.955807e-01
 -1.557799e-01 3.997065e-01 -4.965692e-01
 -5.115832e-01 5.512512e-01 -4.304340e-01
 -7.983879e-01 7.348935e-01 -5.151804e-01
 -1.058446e+00 8.495098e-01 -6.892713e-01
 -1.273888e+00 8.956921e-01 -9.402988e-01
 -1.431073e+00 8.563198e-01 -1.231007e+00
 -1.512759e+00 7.410736e-01 -1.526224e+00
 -1.520971e+00 5.612265e-01 -1.788100e+00
 -1.473898e+00 3.284080e-01 -1.985808e+00
 -1.375378e+00 6.023257e-02 -2.109139e+00
 -1.223188e+00 -2.082163e-01 -2.153609e+00
 -1.040472e+00 -4.529575e-01 -2.112693e+00
 -2.550556e-01 -1.270696e+00 -1.620074e+00
 -5.214524e-02 -1.395900e+00 -1.467731e+00
 1.619691e-01 -1.448533e+00 -1.289950e+00
 3.716014e-01 -1.423422e+00 -1.098409e+00
 5.551255e-01 -1.322528e+00 -9.021189e-01
 6.930569e-01 -1.157069e+00 -7.221654e-01
 7.917566e-01 -9.369186e-01 -5.875156e-01
 8.460713e-01 -7.119063e-01 -5.337645e-01
 8.378396e-01 -4.985534e-01 -4.333298e-01
 8.026061e-01 -3.084098e-01 -2.439865e-01
 8.516113e-01 -9.781611e-02 -5.798437e-02
 9.754987e-01 2.542176e-01 4.666216e-02
 1.141870e+00 1.320178e+00 -2.373318e-02
 1.073773e+00 1.671671e+00 -4.884182e-02
 8.904449e-01 1.979250e+00 -5.890415e-02
 6.165364e-01 2.205150e+00 -4.497966e-02
 2.661167e-01 2.327998e+00 -1.711324e-02
 -9.048943e-02 2.317418e+00 1.606570e-02
 -4.145263e-01 2.180249e+00 4.744221e-02
 -6.912785e-01 1.909585e+00 9.408674e-02
 -8.450772e-01 1.567186e+00 1.957693e-01
 -8.516358e-01 1.265039e+00 3.309779e-01
 -7.473135e-01 9.856907e-01 5.666106e-01
 -6.957037e-01 8.315925e-01 1.000073e+00
 -6.001822e-01 7.253386e-01 1.213671e+00
 -4.549326e-01 5.135817e-01 1.428796e+00
 -3.084661e-01 3.021735e-01 1.539055e+00
 -1.542589e-01 7.580483e-02 1.567335e+00
 -2.739907e-02 -1.110264e-01 1.519075e+00
 1.458405e-01 -2.968816e-01 1.385079e+00
 2.688424e-01 -3.641433e-01 1.297016e+00
 4.579808e-01 -4.178502e-01 1.208126e+00
 7.557468e-01 -5.638345e-01 1.171863e+00
 1.351535e+00 -9.800125e-01 1.292909e+00
 1.597268e+00 -1.168043e+00 1.248896e+00
 1.818405e+00 -1.342555e+00 1.112545e+00
 1.994565e+00 -1.485707e+00 8.965660e-01
 2.109560e+00 -1.582555e+00 6.215524e-01
 2.153179e+00 -1.622668e+00 3.143363e-01
 2.121960e+00 -1.598109e+00 -1.668023e-02
 2.016720e+00 -1.490079e+00 -3.591183e-01
 1.600542e+00 -9.807699e-01 -1.189152e+00
 1.446022e+00 -8.504312e-01 -1.353093e+00
 1.245303e+00 -7.286305e-01 -1.469703e+00
 1.010692e+00 -6.246814e-01 -1.530525e+00
 7.597635e-01 -5.391540e-01 -1.527199e+00
 5.081443e-01 -4.732279e-01 -1.456183e+00
 2.882841e-01 -4.343134e-01 -1.326580e+00
 7.849570e-02 -4.462147e-01 -1.141138e+00
 -1.083611e-01 -5.433084e-01 -8.669040e-01
 -1.766199e-01 -6.210278e-01 -5.371401e-01
 -1.271548e-01 -7.073384e-01 -2.215033e-01
 6.599268e-03 -8.703034e-01 1.994047e-01
 -1.197466e-02 -9.592322e-01 4.258269e-01
 -2.593124e-02 -1.037436e+00 5.509337e-01
 3.059425e-03 -1.267584e+00 8.832375e-01
 8.367811e-02 -1.367112e+00 1.219287e+00
 2.007823e-01 -1.345946e+00 1.560630e+00
 3.452930e-01 -1.206137e+00 1.862659e+00
 5.017730e-01 -9.633835e-01 2.084971e+00
 6.597398e-01 -6.500513e-01 2.192053e+00
 7.901468e-01 -3.155880e-01 2.173860e+00
 8.649198e-01 2.666313e-02 2.032843e+00
 8.693309e-01 3.099063e-01 1.790389e+00
 7.872419e-01 5.066419e-01 1.482808e+00
 6.251700e-01 5.875639e-01 1.150198e+00
 3.985512e-01 5.407888e-01 8.426854e-01
 1.215682e-01 3.627491e-01 5.936494e-01
 -1.446433e-01 1.166553e-01 5.032864e-01
 -4.379135e-01 -5.539016e-02 5.832812e-01
 -7.567743e-01 -2.814545e-01 8.042791e-01
 -1.089325e+00 -4.322863e-01 8.736342e-01
 -1.471761e+00 -5.547922e-01 8.047418e-01
 -1.806162e+00 -6.108667e-01 6.022679e-01
 -2.042275e+00 -6.035321e-01 2.934514e-01
 -2.145141e+00 -5.521648e-01 -9.215219e-02
 -2.084172e+00 -4.787773e-01 -5.119794e-01
 -1.869951e+00 -3.769892e-01 -8.557269e-01
 -1.537875e+00 -2.563932e-01 -1.077650e+00
 -1.061350e+00 -9.091620e-02 -1.153200e+00
 -8.629572e-01 8.601131e-03 -1.227821e+00
 -6.836351e-01 1.673840e-01 -1.364560e+00
 -5.127251e-01 4.465637e-01 -1.461769e+00
 -3.552776e-01 7.592906e-01 -1.439463e+00
 -2.352481e-01 1.062039e+00 -1.298332e+00
 -1.433683e-01 1.270359e+00 -1.081031e+00
 -3.902645e-02 1.396017e+00 -7.730593e-01
 5.980688e-02 1.410982e+00 -4.501079e-01
 1.134627e-01 1.324958e+00 -1.477431e-01
 1.323284e-01 1.303878e+00 8.831339e-02
 1.655504e-01 1.372470e+00 3.270296e-01
 1.458570e-01 1.476792e+00 5.410745e-01
 2.217526e-02 1.618563e+00 7.816718e-01
 -2.065950e-01 1.752743e+00 9.845068e-01
 -4.476279e-01 1.828743e+00 1.097505e+00
 -7.243524e-01 1.843878e+00 1.168117e+00
