 -9.449288e-02 4.513194e-02 -9.812441e-01
 -1.887393e-01 1.388096e-01 -1.114099e+00
 -3.114836e-01 2.090327e-01 -1.301432e+00
 -5.100044e-01 2.058633e-01 -1.550802e+00
 -7.371668e-01 1.148767e-01 -1.758798e+00
 -9.696449e-01 -5.568616e-02 -1.900540e+00
 -1.187260e+00 -2.519748e-01 -1.947496e+00
 -1.386757e+00 -4.657344e-01 -1.908914e+00
 -1.542830e+00 -6.932266e-01 -1.795196e+00
 -1.642189e+00 -9.079885e-01 -1.616262e+00
 -1.674817e+00 -1.095406e+00 -1.392281e+00
 -1.640937e+00 -1.240012e+00 -1.143033e+00
 -1.546632e+00 -1.330570e+00 -8.860073e-01
 -9.104765e-01 -1.459596e+00 1.820119e-01
 -7.010989e-01 -1.442138e+00 3.967356e-01
 -4.625971e-01 -1.376751e+00 5.482901e-01
 -2.080563e-01 -1.264370e+00 6.335605e-01
 -1.885775e-02 -1.145589e+00 6.443873e-01
 3.420622e-01 -7.317830e-01 6.633923e-01
 5.006722e-01 -5.056446e-01 5.805898e-01
 6.053432e-01 -2.454312e-01 3.698560e-01
 7.707365e-01 -4.315892e-02 2.254311e-01
 1.032168e+00 1.693383e-01 -7.094223e-03
 1.435149e+00 7.999238e-01 -4.589017e-01
 1.486287e+00 1.062974e+00 -6.638024e-01
 1.429709e+00 1.315246e+00 -8.804392e-01
 1.284456e+00 1.512120e+00 -1.085671e+00
 1.065585e+00 1.643692e+00 -1.269462e+00
 7.906895e-01 1.708348e+00 -1.400827e+00
 4.814864e-01 1.703440e+00 -1.465730e+00
 1.648057e-01 1.640064e+00 -1.447077e+00
 -1.336780e-01 1.524834e+00 -1.337416e+00
 -3.558424e-01 1.367821e+00 -1.167816e+00
 -6.772512e-01 9.134588e-01 -6.761101e-01
 -7.988912e-01 6.310121e-01 -4.540885e-01
 -9.323544e-01 5.105919e-01 -2.464313e-01
 -1.193445e+00 3.929442e-01 -2.886848e-02
 -1.369061e+00 1.754794e-01 2.058211e-01
 -1.419058e+00 -8.849915e-02 4.711184e-01
 -1.326597e+00 -3.581938e-01 7.401679e-01
 -1.123385e+00 -5.521877e-01 9.730338e-01
 -8.393099e-01 -6.463913e-01 1.177654e+00
 -5.211513e-01 -6.214023e-01 1.341240e+00
 -3.062014e-01 -5.183270e-01 1.434264e+00
 -1.390615e-01 -4.053118e-01 1.568296e+00
 1.358695e-01 -2.380877e-01 1.973008e+00
 3.564761e-01 -2.822312e-02 2.171829e+00
 5.898420e-01 2.416573e-01 2.256823e+00
 7.980278e-01 5.369115e-01 2.217292e+00
 9.723283e-01 8.087887e-01 2.055044e+00
 1.098797e+00 1.021333e+00 1.786521e+00
 1.151398e+00 1.145460e+00 1.446661e+00
 1.115460e+00 1.171915e+00 1.090958e+00
 9.754228e-01 1.117549e+00 7.469033e-01
 7.648835e-01 1.022768e+00 5.160381e-01
 5.536354e-01 9.507992e-01 4.174163e-01
 2.551582e-01 8.862455e-01 3.583433e-01
 -1.048187e-01 1.009657e+00 2.890115e-01
 -6.028205e-01 1.322285e+00 2.767614e-01
 -9.026679e-01 1.431317e+00 1.865471e-01
 -1.194541e+00 1.450983e+00 3.400156e-02
 -1.442655e+00 1.390792e+00 -1.797754e-01
 -1.615744e+00 1.254687e+00 -4.173222e-01
 -1.716539e+00 1.035830e+00 -6.477072e-01
 -1.739846e+00 7.560914e-01 -8.287758e-01
 -1.678450e+00 4.490389e-01 -9.441448e-01
 -1.539533e+00 1.506515e-01 -9.822632e-01
 -1.149801e+00 -3.184550e-01 -9.249851e-01
 -9.164110e-01 -5.491328e-01 -9.988826e-01
 -7.267570e-01 -7.336561e-01 -1.178716e+00
 -4.293005e-01 -8.119643e-01 -1.417982e+00
 -1.132159e-01 -7.437491e-01 -1.631338e+00
 1.962823e-01 -5.438109e-01 -1.776753e+00
 4.447358e-01 -2.474890e-01 -1.821796e+00
 6.123319e-01 9.030346e-02 -1.743528e+00
 6.941655e-01 4.150686e-01 -1.539659e+00
 6.704992e-01 6.773399e-01 -1.241994e+00
 5.140481e-01 8.648002e-01 -8.937309e-01
 4.794892e-01 9.579315e-01 -7.614619e-01
 4.682555e-01 1.099879e+00 -6.296701e-01
 4.466592e-01 1.497655e+00 -4.451157e-01
 4.162522e-01 1.750079e+00 -1.977919e-01
 3.618765e-01 1.900185e+00 1.105668e-01
 2.979394e-01 1.934908e+00 4.643623e-01
 2.261889e-01 1.848006e+00 7.789663e-01
 1.508637e-01 1.639626e+00 1.061053e+00
 1.172154e-01 1.347442e+00 1.259412e+00
 1.326400e-01 1.054647e+00 1.353021e+00
 2.032208e-01 7.746496e-01 1.367894e+00
 3.096928e-01 5.600301e-01 1.321688e+00
 5.193778e-01 3.493873e-01 1.235387e+00
 9.506121e-01 1.302412e-01 1.258995e+00
 1.229469e+00 -4.770984e-02 1.159374e+00
 1.455065e+00 -2.827667e-01 9.485990e-01
 1.830376e+00 -9.842162e-01 3.700888e-02
 1.853541e+00 -1.140244e+00 -1.572843e-01
 1.816450e+00 -1.298356e+00 -3.466802e-01
 1.715195e+00 -1.453393e+00 -5.276940e-01
 1.548551e+00 -1.589768e+00 -6.905424e-01
 1.324155e+00 -1.690164e+00 -8.214581e-01
 1.057421e+00 -1.742657e+00 -9.060985e-01
 7.696560e-01 -1.739884e+00 -9.343238e-01
 4.853711e-01 -1.679902e+00 -9.014035e-01
 2.294746e-01 -1.566233e+00 -8.083683e-01
 1.637868e-02 -1.398728e+00 -6.573300e-01
 -1.180179e-01 -1.198983e+00 -4.849850e-01
 -2.471072e-01 -8.667573e-01 -3.002706e-01
 -3.467644e-01 -6.672984e-01 -1.833260e-01
 -3.974610e-01 -4.872241e-01 -5.251000e-02
 -4.258232e-01 -3.218699e-01 1.174720e-01
 -3.913105e-01 5.245523e-02 5.636352e-01
 -5.100715e-01 2.588353e-01 8.160090e-01
 -6.675235e-01 3.636562e-01 1.075306e+00
 -8.126847e-01 3.643963e-01 1.394322e+00
 -9.143381e-01 2.529284e-01 1.709575e+00
 -9.539586e-01 4.505784e-02 1.988269e+00
 -9.283175e-01 -2.346181e-01 2.195908e+00
 -8.358262e-01 -5.474065e-01 2.310069e+00
 -6.724171e-01 -8.474034e-01 2.328580e+00
 -4.435804e-01 -1.108785e+00 2.251722e+00
 -2.010708e-01 -1.286864e+00 2.092527e+00
 6.721981e-01 -1.622551e+00 1.228439e+00
 8.526609e-01 -1.645425e+00 9.006471e-01
 9.387317e-01 -1.584315e+00 5.405419e-01
 9.266481e-01 -1.438477e+00 1.957984e-01
 8.552765e-01 -1.249147e+00 -3.488506e-02
 8.437891e-01 -1.116106e+00 -1.381289e-01
 8.582899e-01 -9.742810e-01 -2.716726e-01
 8.186718e-01 -8.148558e-01 -4.391332e-01
 6.847156e-01 -5.761736e-01 -6.373034e-01
 4.241974e-01 -2.608614e-01 -7.683179e-01
 3.362382e-02 -4.590556e-02 -8.932071e-01
