 5.582053e-01 1.905732e+00 -9.503073e-01
 3.749138e-01 1.890530e+00 -6.577841e-01
 2.280913e-01 1.759498e+00 -3.653822e-01
 8.254488e-02 1.478636e+00 -7.020995e-02
 -4.963480e-02 1.367680e+00 1.111203e-01
 -2.217629e-01 1.338761e+00 3.035086e-01
 -4.720981e-01 1.393865e+00 5.247694e-01
 -8.351369e-01 1.530818e+00 7.215278e-01
 -1.222423e+00 1.514164e+00 8.487668e-01
 -1.580087e+00 1.339558e+00 9.431294e-01
 -1.845233e+00 1.037000e+00 9.955624e-01
 -1.979256e+00 6.684399e-01 9.751898e-01
 -1.989173e+00 2.809395e-01 8.525382e-01
 -1.882347e+00 -4.707333e-02 6.309916e-01
 -1.657332e+00 -2.681554e-01 3.670538e-01
 -1.216565e+00 -3.934635e-01 4.780801e-02
 -8.847548e-01 -4.621164e-01 -5.431214e-02
 -6.834498e-01 -5.674524e-01 -1.001977e-01
 -5.417785e-01 -6.679215e-01 -1.100647e-01
 -4.317521e-01 -7.357701e-01 -1.054619e-01
 -2.743939e-01 -8.007092e-01 -7.582660e-02
 -9.419787e-02 -8.600958e-01 3.592433e-03
 9.221788e-02 -9.242186e-01 1.646808e-01
 2.165335e-01 -9.875135e-01 2.558004e-01
 3.338538e-01 -1.074771e+00 3.371278e-01
 7.963693e-01 -1.472583e+00 6.184282e-01
 1.150214e+00 -1.596858e+00 7.244250e-01
 1.534860e+00 -1.593533e+00 7.647786e-01
 1.894036e+00 -1.464128e+00 7.401878e-01
 2.176957e+00 -1.229946e+00 6.613206e-01
 2.350624e+00 -9.354684e-01 5.274928e-01
 2.403217e+00 -6.244133e-01 3.395279e-01
 2.325024e+00 -3.397883e-01 1.384340e-01
 2.121956e+00 -8.807925e-02 -3.736752e-02
 1.833403e+00 9.603626e-02 -1.410445e-01
 1.522136e+00 1.986714e-01 -1.420935e-01
 1.257107e+00 2.490225e-01 -3.658032e-02
 1.074687e+00 3.099835e-01 1.074814e-01
 9.078565e-01 5.048709e-01 3.054039e-01
 8.039414e-01 7.685931e-01 4.844528e-01
 7.522783e-01 1.366112e+00 7.330691e-01
 6.400735e-01 1.694419e+00 7.811762e-01
 4.446066e-01 1.990508e+00 7.474053e-01
 1.924269e-01 2.215966e+00 6.303542e-01
 -1.180844e-01 2.353467e+00 4.269544e-01
 -3.761754e-01 2.361755e+00 2.204672e-01
 -5.984162e-01 2.260778e+00 1.065220e-03
 -7.636998e-01 2.049605e+00 -2.071014e-01
 -8.546513e-01 1.719441e+00 -4.076564e-01
 -8.381258e-01 1.402211e+00 -5.276112e-01
 -7.339006e-01 1.008025e+00 -5.658690e-01
 -7.283768e-01 8.430244e-01 -5.994267e-01
 -7.693990e-01 6.814687e-01 -6.558048e-01
 -9.008212e-01 4.330656e-01 -7.569569e-01
 -1.128092e+00 -1.482251e-01 -9.799438e-01
 -1.195862e+00 -3.747447e-01 -1.008739e+00
 -1.248264e+00 -6.074338e-01 -9.833838e-01
 -1.282583e+00 -8.330433e-01 -9.039836e-01
 -1.297041e+00 -1.038432e+00 -7.735739e-01
 -1.289294e+00 -1.219893e+00 -5.897133e-01
 -1.255499e+00 -1.352334e+00 -3.813075e-01
 -1.173286e+00 -1.457835e+00 -1.020877e-01
 -1.050267e+00 -1.496665e+00 1.653929e-01
 -8.906298e-01 -1.473176e+00 4.022173e-01
 -6.642794e-01 -1.437720e+00 5.969528e-01
 -4.367833e-01 -1.452815e+00 8.579896e-01
 -2.805627e-01 -1.331252e+00 1.292347e+00
 -2.523628e-01 -1.014047e+00 1.679315e+00
 -3.391006e-01 -5.733196e-01 1.893641e+00
 -5.048046e-01 -1.055559e-01 1.883444e+00
 -7.068443e-01 2.822474e-01 1.652039e+00
 -8.942220e-01 5.024126e-01 1.254958e+00
 -1.031450e+00 5.305726e-01 5.815479e-01
 -1.165202e+00 6.332977e-01 3.237760e-01
 -1.525782e+00 7.571650e-01 2.843295e-02
 -1.716743e+00 8.690870e-01 -3.095129e-01
 -1.765816e+00 9.618085e-01 -6.509042e-01
 -1.689097e+00 1.037609e+00 -9.783937e-01
 -1.498771e+00 1.090050e+00 -1.259739e+00
 -1.212305e+00 1.116591e+00 -1.466020e+00
 -8.436213e-01 1.120372e+00 -1.573487e+00
 -4.873019e-01 1.096647e+00 -1.553993e+00
 -1.646534e-01 1.048656e+00 -1.418640e+00
 3.534942e-01 9.102819e-01 -9.422699e-01
 5.900062e-01 8.828222e-01 -7.411074e-01
 7.459205e-01 9.258949e-01 -6.501228e-01
 1.063586e+00 1.131583e+00 -5.004943e-01
 1.300408e+00 1.225835e+00 -3.081841e-01
 1.551830e+00 1.224143e+00 -4.982515e-02
 1.725849e+00 1.129218e+00 2.172126e-01
 1.816026e+00 9.465358e-01 4.854867e-01
 1.827343e+00 6.521796e-01 7.271989e-01
 1.768138e+00 3.123586e-01 8.589511e-01
 1.643428e+00 -5.517055e-02 8.710511e-01
 1.494443e+00 -3.736741e-01 7.420067e-01
 1.383576e+00 -5.990643e-01 4.982060e-01
 1.383424e+00 -7.594894e-01 1.842677e-01
 1.621774e+00 -1.076383e+00 -2.599004e-01
 1.669858e+00 -1.168545e+00 -7.912049e-01
 1.467591e+00 -1.117369e+00 -1.296742e+00
 1.055147e+00 -9.701027e-01 -1.621698e+00
 5.577522e-01 -7.351032e-01 -1.682154e+00
 1.618748e-01 -4.156562e-01 -1.475109e+00
 -3.537242e-02 -1.196742e-01 -1.051148e+00
 5.367416e-02 1.704068e-01 -1.987894e-01
 -4.147791e-02 1.402362e-01 2.864042e-01
 -1.928776e-01 -9.485250e-02 6.772484e-01
 -4.197288e-01 -3.501862e-01 8.494024e-01
 -7.938917e-01 -4.959107e-01 9.637365e-01
 -9.866083e-01 -5.943959e-01 1.074313e+00
 -1.190817e+00 -8.310008e-01 1.224818e+00
 -1.316155e+00 -1.133436e+00 1.319207e+00
 -1.360017e+00 -1.464289e+00 1.340924e+00
 -1.322536e+00 -1.784904e+00 1.292301e+00
 -1.213101e+00 -2.063312e+00 1.183360e+00
 -1.049305e+00 -2.275048e+00 1.027694e+00
 -8.563112e-01 -2.404118e+00 8.424300e-01
 -6.606083e-01 -2.449137e+00 6.459223e-01
 -4.849090e-01 -2.421946e+00 4.584223e-01
 -3.365330e-01 -2.340777e+00 2.910807e-01
 2.887170e-01 -1.716085e+00 -4.400205e-01
 4.221564e-01 -1.544727e+00 -5.607303e-01
 5.392531e-01 -1.340355e+00 -6.398623e-01
 6.247002e-01 -1.117475e+00 -6.731917e-01
 6.935497e-01 -8.305520e-01 -6.541544e-01
 7.621015e-01 -6.680901e-01 -6.665550e-01
 8.666727e-01 -5.132461e-01 -7.070487e-01
 9.496146e-01 -3.482292e-01 -7.947869e-01
 9.947860e-01 -2.422997e-01 -8.811031e-01
 1.189603e+00 3.818470e-01 -1.387971e+00
 1.211930e+00 6.663602e-01 -1.515400e+00
 1.181739e+00 9.795128e-01 -1.565476e+00
 1.082454e+00 1.318590e+00 -1.532987e+00
 9.327442e-01 1.602636e+00 -1.410774e+00
 7.504968e-01 1.805552e+00 -1.210001e+00
