 -1.657067e-01 6.942839e-01 -1.872997e+00
 4.764326e-02 8.436649e-01 -1.719497e+00
 3.032733e-01 9.133749e-01 -1.534528e+00
 5.156353e-01 8.989639e-01 -1.364700e+00
 7.027103e-01 8.130989e-01 -1.194845e+00
 8.166653e-01 7.000719e-01 -1.094522e+00
 1.002640e+00 4.661459e-01 -1.017787e+00
 1.509922e+00 1.754579e-01 -1.017969e+00
 1.765243e+00 -1.508081e-01 -9.744325e-01
 1.877405e+00 -5.373181e-01 -8.722609e-01
 1.827737e+00 -9.486821e-01 -7.066485e-01
 1.630444e+00 -1.263391e+00 -5.186604e-01
 1.318428e+00 -1.450135e+00 -3.436598e-01
 9.675643e-01 -1.472341e+00 -2.023401e-01
 6.667543e-01 -1.394262e+00 -1.587738e-01
 4.089893e-01 -1.316301e+00 -2.106957e-01
 1.697983e-01 -1.251509e+00 -3.574994e-01
 -4.060667e-01 -8.928321e-01 -9.393522e-01
 -1.005301e+00 -3.148391e-01 -1.133815e+00
 -1.097821e+00 -1.456391e-01 -1.200637e+00
 -1.158757e+00 9.006589e-02 -1.247377e+00
 -1.194627e+00 3.612609e-01 -1.234446e+00
 -1.191502e+00 6.234079e-01 -1.159568e+00
 -1.144713e+00 8.589069e-01 -1.031878e+00
 -1.057297e+00 1.050603e+00 -8.624152e-01
 -9.367877e-01 1.185280e+00 -6.642424e-01
 -7.929187e-01 1.254770e+00 -4.520221e-01
 -6.377217e-01 1.256110e+00 -2.421553e-01
 -1.609087e-01 1.044505e+00 4.149895e-01
 3.252623e-04 8.543079e-01 7.572595e-01
 5.609426e-02 4.848389e-01 1.069330e+00
 1.876126e-02 3.168999e-01 1.330374e+00
 3.470826e-02 2.311359e-01 1.635495e+00
 -2.742174e-02 2.698639e-01 2.033000e+00
 -1.863377e-01 4.394519e-01 2.376545e+00
 -4.401717e-01 6.931009e-01 2.601733e+00
 -7.518457e-01 9.756999e-01 2.664034e+00
 -1.074358e+00 1.229086e+00 2.552231e+00
 -1.350191e+00 1.411593e+00 2.284144e+00
 -1.533240e+00 1.488703e+00 1.904987e+00
 -1.588015e+00 1.447811e+00 1.479506e+00
 -1.512462e+00 1.285600e+00 1.086344e+00
 -1.328258e+00 1.027867e+00 8.020515e-01
 -1.093716e+00 7.009369e-01 6.774785e-01
 -9.272397e-01 4.348959e-01 7.209805e-01
 -8.544417e-01 1.616919e-01 7.968145e-01
 -8.090947e-01 -1.516441e-01 9.958095e-01
 -7.046437e-01 -3.621261e-01 1.138729e+00
 -4.598997e-01 -6.161851e-01 1.389445e+00
 3.179126e-02 -8.911341e-01 1.767204e+00
 3.922763e-01 -1.024350e+00 1.857148e+00
 7.723713e-01 -1.120643e+00 1.798711e+00
 1.116620e+00 -1.155313e+00 1.603078e+00
 1.373181e+00 -1.119595e+00 1.300190e+00
 1.501293e+00 -1.019140e+00 9.375505e-01
 1.489335e+00 -8.496441e-01 5.757195e-01
 1.263750e+00 -5.457921e-01 1.302965e-01
 1.141754e+00 -4.693181e-01 -8.663779e-02
 9.854963e-01 -4.595411e-01 -3.758454e-01
 8.852253e-01 -5.058241e-01 -5.855604e-01
 8.623443e-01 -5.992121e-01 -7.744263e-01
 8.293463e-01 -9.138051e-01 -1.079803e+00
 7.616713e-01 -1.301299e+00 -1.203812e+00
 6.176533e-01 -1.764718e+00 -1.132583e+00
 4.438003e-01 -2.147376e+00 -8.359874e-01
 2.989903e-01 -2.332406e+00 -4.050428e-01
 2.110043e-01 -2.296076e+00 7.669551e-02
 1.995433e-01 -2.046466e+00 4.993645e-01
 2.667403e-01 -1.640689e+00 7.666455e-01
 4.992173e-01 -8.081271e-01 8.585715e-01
 5.840303e-01 -5.434511e-01 9.627625e-01
 9.537653e-01 -6.812911e-02 1.193111e+00
 1.041971e+00 2.955159e-01 1.361015e+00
 9.693483e-01 6.629519e-01 1.521647e+00
 7.486693e-01 9.737109e-01 1.654527e+00
 4.140003e-01 1.184099e+00 1.734503e+00
 1.421326e-02 1.264092e+00 1.744548e+00
 -3.788177e-01 1.188915e+00 1.695085e+00
 -6.641967e-01 9.993989e-01 1.635725e+00
 -8.056927e-01 8.094749e-01 1.652516e+00
 -9.614857e-01 6.532549e-01 1.707329e+00
 -1.253772e+00 4.904449e-01 1.689788e+00
 -1.569372e+00 3.222889e-01 1.522101e+00
 -1.793962e+00 1.669079e-01 1.215277e+00
 -1.876199e+00 4.703489e-02 8.391035e-01
 -1.810649e+00 -1.255211e-02 4.454795e-01
 -1.607034e+00 -2.035107e-03 9.350951e-02
 -1.293791e+00 6.905689e-02 -1.583325e-01
 -8.113047e-01 2.301249e-01 -3.040519e-01
 -6.392387e-01 2.575359e-01 -3.934704e-01
 -4.992317e-01 2.842239e-01 -5.015215e-01
 -3.741327e-01 2.823809e-01 -6.090167e-01
 -2.305457e-01 2.434549e-01 -7.308263e-01
 -8.844174e-02 1.736759e-01 -8.754252e-01
 2.034326e-02 8.874089e-02 -1.011053e+00
 1.461153e-01 -5.369911e-02 -1.238858e+00
 3.112883e-01 -1.136641e-01 -1.480313e+00
 4.938053e-01 -7.607511e-02 -1.706788e+00
 7.080613e-01 5.571189e-02 -1.900544e+00
 9.518003e-01 2.465629e-01 -2.011914e+00
 1.183193e+00 4.781669e-01 -2.025891e+00
 1.382303e+00 7.279719e-01 -1.942039e+00
 1.542232e+00 9.505929e-01 -1.760998e+00
 1.645217e+00 1.123430e+00 -1.502988e+00
 1.682470e+00 1.227465e+00 -1.191674e+00
 1.645413e+00 1.252034e+00 -8.550754e-01
 1.523100e+00 1.202184e+00 -5.357702e-01
 1.331593e+00 1.078232e+00 -2.737708e-01
 1.095060e+00 8.894699e-01 -9.922429e-02
 3.810323e-01 1.966469e-01 9.641251e-02
 1.305343e-01 -1.428121e-01 1.588755e-01
 -1.445967e-01 -4.033831e-01 1.924975e-01
 -5.410317e-01 -6.317601e-01 1.568225e-01
 -8.008727e-01 -7.924971e-01 4.969291e-02
 -1.185295e+00 -1.092108e+00 -2.613892e-01
 -1.367261e+00 -1.251677e+00 -6.010424e-01
 -1.436952e+00 -1.316859e+00 -1.013724e+00
 -1.389170e+00 -1.261376e+00 -1.437202e+00
 -1.239614e+00 -1.078586e+00 -1.802366e+00
 -1.023786e+00 -7.847251e-01 -2.047108e+00
 -7.651157e-01 -3.718811e-01 -2.139246e+00
 -3.406897e-01 4.765489e-01 -1.983719e+00
