 -2.239109e+00 6.120840e-01 -2.709441e-01
 -1.956250e+00 5.771110e-01 -7.338440e-01
 -1.552964e+00 4.908399e-01 -9.706185e-01
 -1.158908e+00 3.892036e-01 -1.007872e+00
 -4.578119e-01 1.035681e-01 -7.987591e-01
 -8.743515e-02 -2.874211e-01 -9.268518e-01
 3.658782e-02 -8.755590e-01 -9.375932e-01
 -1.368619e-01 -1.428383e+00 -7.748868e-01
 -4.147406e-01 -1.661887e+00 -5.461403e-01
 -5.630546e-01 -1.821181e+00 -1.740932e-01
 -5.806043e-01 -2.215269e+00 9.614067e-02
 -3.649497e-01 -2.617865e+00 2.693149e-01
 -1.576744e-03 -2.857016e+00 3.618179e-01
 4.256515e-01 -2.925276e+00 4.059477e-01
 7.797801e-01 -2.864607e+00 3.824076e-01
 1.078426e+00 -2.707861e+00 3.068418e-01
 1.296521e+00 -2.476519e+00 1.959336e-01
 1.415739e+00 -2.202774e+00 7.061523e-02
 1.436537e+00 -1.925015e+00 -4.731065e-02
 1.271433e+00 -1.179785e+00 -2.938288e-01
 1.223589e+00 -8.609890e-01 -2.936039e-01
 1.200905e+00 -5.736475e-01 -2.184621e-01
 1.189948e+00 -4.432689e-01 -1.394091e-01
 1.216245e+00 -3.005705e-01 -7.993529e-04
 1.265156e+00 -1.790097e-01 8.245054e-02
 1.386885e+00 1.592289e-01 1.787226e-01
 1.696444e+00 9.388032e-01 1.032205e-01
 1.738406e+00 1.199563e+00 7.131072e-02
 1.686832e+00 1.538104e+00 4.688278e-02
 1.505178e+00 1.864962e+00 4.759840e-02
 1.215656e+00 2.108048e+00 8.060811e-02
 8.349914e-01 2.238973e+00 1.306562e-01
 5.281251e-01 2.215855e+00 2.027307e-01
 2.980900e-01 2.127077e+00 3.301548e-01
 1.386626e-01 2.090531e+00 4.972784e-01
 -1.134700e-01 2.127860e+00 6.658916e-01
 -4.257527e-01 2.107372e+00 7.277473e-01
 -7.442790e-01 1.982272e+00 7.272351e-01
 -1.001734e+00 1.780952e+00 6.782573e-01
 -1.198179e+00 1.510764e+00 5.629368e-01
 -1.296560e+00 1.179039e+00 3.846958e-01
 -1.236410e+00 7.084564e-01 1.036642e-01
 -1.248241e+00 4.393948e-01 1.282200e-02
 -1.297687e+00 2.395627e-01 -7.720649e-03
 -1.391834e+00 4.299997e-02 -2.080129e-02
 -1.655862e+00 -2.902791e-01 -6.346205e-03
 -1.786401e+00 -5.979509e-01 -2.617176e-02
 -1.822845e+00 -9.262319e-01 -9.477690e-02
 -1.782034e+00 -1.197957e+00 -1.942399e-01
 -1.530976e+00 -1.815742e+00 -5.320926e-01
 -1.357334e+00 -2.149698e+00 -7.120515e-01
 -1.148789e+00 -2.370192e+00 -8.066214e-01
 -8.841963e-01 -2.529530e+00 -8.544678e-01
 -5.991541e-01 -2.620910e+00 -8.494739e-01
 -2.967091e-01 -2.642862e+00 -7.927494e-01
 1.800490e-02 -2.571761e+00 -6.889139e-01
 2.985765e-01 -2.393841e+00 -4.975178e-01
 4.324866e-01 -2.157170e+00 -2.813488e-01
 4.275407e-01 -1.921319e+00 8.945464e-02
 3.251101e-01 -1.891082e+00 5.506629e-01
 2.220064e-01 -1.835592e+00 7.546580e-01
 1.035652e-01 -1.648186e+00 1.028931e+00
 3.867753e-02 -1.352041e+00 1.242154e+00
 3.918407e-02 -1.030992e+00 1.343885e+00
 1.298750e-01 -3.571039e-01 1.365880e+00
 1.840792e-01 2.150198e-01 1.334103e+00
 1.449137e-01 5.100644e-01 1.253104e+00
 4.648288e-02 7.865356e-01 1.103380e+00
 -8.449170e-02 9.813096e-01 9.048668e-01
 -1.840029e-01 1.092120e+00 6.822053e-01
 -3.170062e-01 1.233735e+00 1.035557e-01
 -4.705126e-01 1.675472e+00 -2.317220e-01
 -5.249551e-01 2.200373e+00 -2.958131e-01
 -4.317661e-01 2.646860e+00 -1.682679e-01
 -2.528277e-01 2.939951e+00 5.593155e-02
 -4.354948e-02 3.083109e+00 3.058887e-01
 1.539237e-01 3.108875e+00 5.439465e-01
 3.340985e-01 3.052605e+00 7.512221e-01
 5.075272e-01 2.930334e+00 9.263420e-01
 6.843927e-01 2.727167e+00 1.069871e+00
 8.484207e-01 2.415106e+00 1.156240e+00
 9.446751e-01 2.001193e+00 1.130369e+00
 9.346066e-01 1.563032e+00 9.189088e-01
 8.140877e-01 1.281639e+00 5.791369e-01
 7.207086e-01 1.199149e+00 1.566354e-01
 6.199018e-01 1.308081e+00 -2.817021e-01
 4.644368e-01 1.321033e+00 -5.655017e-01
 3.159853e-01 1.233088e+00 -8.348181e-01
 7.358214e-02 8.832427e-01 -1.313169e+00
 -1.750172e-01 4.885558e-01 -1.707430e+00
 -3.758737e-01 1.878088e-01 -1.833911e+00
 -5.745132e-01 -9.885820e-02 -1.831183e+00
 -7.474669e-01 -3.506859e-01 -1.720452e+00
 -8.866481e-01 -5.447615e-01 -1.529639e+00
 -9.866470e-01 -6.853323e-01 -1.268982e+00
 -1.019337e+00 -7.741489e-01 -9.469462e-01
 -9.701231e-01 -7.853325e-01 -6.262640e-01
 -7.895259e-01 -7.577239e-01 -2.685763e-01
 -6.006674e-01 -7.814905e-01 -8.297698e-02
 5.521816e-01 -9.144873e-01 4.768275e-01
 8.082729e-01 -9.857954e-01 6.438590e-01
 1.237154e+00 -1.014494e+00 7.334656e-01
 1.732075e+00 -9.567352e-01 6.212092e-01
 2.149179e+00 -7.438379e-01 2.112627e-01
 2.227249e+00 -3.441114e-01 -3.274705e-01
 1.897874e+00 3.741613e-02 -7.434654e-01
 1.377136e+00 2.708514e-01 -8.675675e-01
 8.921605e-01 3.536924e-01 -7.262043e-01
 6.099121e-01 3.192598e-01 -5.120656e-01
 4.056462e-01 2.979827e-01 -2.215312e-01
 -4.665671e-01 8.563372e-02 5.629154e-01
 -7.924471e-01 1.025529e-01 8.981427e-01
 -1.369890e+00 2.171832e-01 1.037716e+00
 -1.935367e+00 3.795773e-01 8.174246e-01
 -2.249560e+00 5.399077e-01 3.279317e-01
