 1.094656e+00 -2.253372e-01 -1.519680e+00
 1.174647e+00 -2.116361e-01 -1.193248e+00
 1.294353e+00 -2.642297e-02 -8.364232e-01
 1.815181e+00 1.941035e-01 -4.968853e-01
 1.975059e+00 2.579486e-01 -3.230127e-01
 2.088954e+00 3.218915e-01 -1.062343e-01
 2.144222e+00 3.799557e-01 1.351487e-01
 2.136387e+00 4.284231e-01 3.863403e-01
 2.065315e+00 4.636994e-01 6.291770e-01
 1.939220e+00 4.718429e-01 8.494649e-01
 1.764981e+00 4.469328e-01 1.038115e+00
 1.550278e+00 3.921921e-01 1.181195e+00
 1.309629e+00 3.081656e-01 1.267325e+00
 6.101909e-01 -6.077943e-04 1.328522e+00
 4.192735e-01 -7.902079e-02 1.332785e+00
 2.519299e-01 -1.297636e-01 1.319756e+00
 8.118384e-02 -1.650044e-01 1.288567e+00
 -3.233078e-01 -2.136704e-01 1.168087e+00
 -5.850857e-01 -3.039239e-01 1.177837e+00
 -1.020544e+00 -5.952271e-01 1.354677e+00
 -1.412542e+00 -7.472607e-01 1.350394e+00
 -1.802684e+00 -7.733767e-01 1.238701e+00
 -2.109299e+00 -7.159048e-01 1.017918e+00
 -2.318059e+00 -5.764498e-01 6.957753e-01
 -2.387354e+00 -3.276022e-01 3.385447e-01
 -2.292467e+00 -2.847832e-02 4.646684e-02
 -2.097479e+00 2.807912e-01 -1.002492e-01
 -1.882162e+00 5.431302e-01 -9.009552e-02
 -1.702106e+00 8.133230e-01 7.260261e-02
 -1.681084e+00 1.064684e+00 2.067936e-01
 -1.687893e+00 1.296928e+00 4.138600e-01
 -1.536254e+00 1.538487e+00 7.388927e-01
 -1.227072e+00 1.698116e+00 1.008482e+00
 -8.183495e-01 1.744717e+00 1.162303e+00
 -3.939871e-01 1.657617e+00 1.177452e+00
 -4.114614e-02 1.425384e+00 1.098015e+00
 1.779331e-01 1.095629e+00 9.580647e-01
 2.409947e-01 7.352841e-01 7.443587e-01
 7.836750e-02 1.982278e-01 2.824429e-01
 3.911626e-01 -2.033145e-01 -3.828513e-01
 3.776929e-01 -7.738328e-01 -8.728521e-01
 5.642676e-01 -1.196416e+00 -1.063528e+00
 8.413811e-01 -1.597846e+00 -1.027554e+00
 1.166580e+00 -1.885203e+00 -7.882063e-01
 1.488401e+00 -1.972457e+00 -4.161919e-01
 1.743398e+00 -1.831587e+00 -2.263881e-02
 1.882788e+00 -1.498053e+00 3.058156e-01
 1.855732e+00 -1.053484e+00 5.141099e-01
 1.668277e+00 -6.009585e-01 5.524766e-01
 1.201016e+00 -1.869635e-02 3.123277e-01
 1.128012e+00 3.809963e-01 2.333495e-01
 1.019206e+00 6.696582e-01 -1.521465e-02
 6.620679e-01 9.195786e-01 -2.684104e-01
 2.343408e-01 1.000032e+00 -3.596608e-01
 -3.001519e-01 8.054882e-01 -5.454356e-01
 -5.167501e-01 8.104318e-01 -6.225826e-01
 -7.565393e-01 8.674557e-01 -6.886185e-01
 -1.529146e+00 1.240322e+00 -8.329502e-01
 -1.876508e+00 1.347470e+00 -7.772248e-01
 -2.209143e+00 1.380265e+00 -6.157936e-01
 -2.479790e+00 1.334999e+00 -3.681870e-01
 -2.650468e+00 1.222262e+00 -6.233617e-02
 -2.698276e+00 1.054598e+00 2.636826e-01
 -2.611742e+00 8.515256e-01 5.756868e-01
 -2.384444e+00 6.416461e-01 8.239760e-01
 -2.072290e+00 4.378510e-01 9.442512e-01
 -1.780305e+00 2.685939e-01 9.245661e-01
 -1.563926e+00 1.211409e-01 8.019593e-01
 -1.393117e+00 -1.016641e-01 5.338496e-01
 -1.350441e+00 -4.356686e-01 3.656774e-01
 -1.378684e+00 -8.895743e-01 2.860468e-01
 -1.317667e+00 -1.156494e+00 2.376302e-01
 -1.184405e+00 -1.398993e+00 1.676413e-01
 -9.906294e-01 -1.591047e+00 8.505103e-02
 -7.511318e-01 -1.718101e+00 -1.562095e-03
 -4.661736e-01 -1.774929e+00 -8.489610e-02
 -1.695301e-01 -1.754806e+00 -1.371472e-01
 1.062757e-01 -1.668918e+00 -1.398035e-01
 5.939998e-01 -1.380562e+00 -4.885347e-02
 7.196526e-01 -1.301335e+00 -4.752797e-02
 8.667138e-01 -1.203799e+00 -7.257425e-02
 1.009797e+00 -1.106305e+00 -1.282536e-01
 1.092620e+00 -1.050120e+00 -1.810942e-01
 1.182781e+00 -9.961400e-01 -2.652653e-01
 1.271395e+00 -9.651944e-01 -3.300129e-01
 1.397159e+00 -9.447974e-01 -4.200724e-01
 1.668397e+00 -9.458258e-01 -6.109800e-01
 1.892166e+00 -8.656194e-01 -8.298990e-01
 2.056493e+00 -7.100210e-01 -1.048049e+00
 2.150296e+00 -4.950031e-01 -1.243784e+00
 2.167760e+00 -2.407885e-01 -1.402264e+00
 2.108909e+00 3.235902e-02 -1.510936e+00
 1.977579e+00 3.017012e-01 -1.560813e+00
 1.778595e+00 5.342047e-01 -1.563258e+00
 1.525288e+00 7.031413e-01 -1.527597e+00
 1.244227e+00 7.935223e-01 -1.451880e+00
 9.511892e-01 7.918014e-01 -1.355384e+00
 7.116690e-01 7.031886e-01 -1.265699e+00
 5.152052e-01 5.582124e-01 -1.228915e+00
 9.499465e-02 2.389824e-01 -1.282485e+00
 -1.651695e-01 8.693470e-02 -1.246199e+00
 -3.666923e-01 -4.082217e-02 -1.132803e+00
 -5.398361e-01 -1.844725e-01 -9.161483e-01
 -6.250661e-01 -3.742767e-01 -6.438304e-01
 -5.963395e-01 -5.704540e-01 -3.675963e-01
 -4.536671e-01 -7.432523e-01 -9.346061e-02
 -3.536456e-01 -7.975784e-01 1.708091e-01
 -2.935773e-01 -8.866053e-01 3.782857e-01
 -1.826406e-01 -1.127984e+00 7.130643e-01
 -1.200845e-01 -1.219693e+00 1.100203e+00
 -1.204673e-01 -1.160927e+00 1.536768e+00
 -1.783276e-01 -9.723870e-01 1.877956e+00
 -2.775240e-01 -6.805570e-01 2.107598e+00
 -4.033462e-01 -3.210324e-01 2.198553e+00
 -5.519199e-01 9.789838e-02 2.125317e+00
 -6.796726e-01 4.247777e-01 1.898081e+00
 -7.713973e-01 6.345950e-01 1.552293e+00
 -7.938017e-01 7.543940e-01 8.793245e-01
 -7.657916e-01 8.739288e-01 6.033186e-01
 -6.857573e-01 1.046404e+00 3.954460e-01
 -6.451093e-01 1.484641e+00 1.429193e-01
 -5.700295e-01 1.726440e+00 -1.594094e-01
 -4.555649e-01 1.832321e+00 -5.181889e-01
 -3.302095e-01 1.782942e+00 -8.872738e-01
 8.179871e-02 1.123157e+00 -1.956227e+00
 2.323175e-01 8.985525e-01 -2.147794e+00
 4.238162e-01 6.393832e-01 -2.243574e+00
 6.275036e-01 3.636625e-01 -2.227078e+00
 8.144754e-01 9.928613e-02 -2.093030e+00
 9.756233e-01 -1.109416e-01 -1.848416e+00
