 4.736971e-01 -2.028597e+00 1.005628e+00
 4.301009e-01 -2.226700e+00 6.834658e-01
 3.902978e-01 -2.293784e+00 2.984579e-01
 3.598099e-01 -2.217125e+00 -6.889163e-02
 3.243527e-01 -2.016484e+00 -3.890813e-01
 2.970961e-01 -1.711541e+00 -6.207739e-01
 2.899456e-01 -1.373415e+00 -7.166842e-01
 2.981415e-01 -9.652312e-01 -7.316055e-01
 3.088679e-01 -5.714179e-01 -7.363290e-01
 3.195844e-01 -1.449561e-01 -7.960223e-01
 2.545523e-01 1.359599e-01 -9.541638e-01
 4.201957e-02 4.620934e-01 -1.141050e+00
 -5.331131e-02 7.008265e-01 -1.156966e+00
 -1.056463e-01 1.073250e+00 -1.064209e+00
 4.358193e-02 1.472319e+00 -1.095031e+00
 3.098985e-01 1.750540e+00 -1.155028e+00
 6.608321e-01 1.921652e+00 -1.203664e+00
 1.038256e+00 1.951496e+00 -1.243324e+00
 1.411071e+00 1.834661e+00 -1.281339e+00
 1.688457e+00 1.601920e+00 -1.309769e+00
 1.900919e+00 1.254304e+00 -1.330907e+00
 2.080186e+00 9.126299e-01 -1.348836e+00
 2.271909e+00 5.446113e-01 -1.367123e+00
 2.381725e+00 2.077005e-01 -1.340389e+00
 2.383420e+00 -1.633216e-01 -1.234515e+00
 2.257352e+00 -4.935618e-01 -1.075965e+00
 2.026359e+00 -7.339378e-01 -8.778469e-01
 1.713954e+00 -8.470127e-01 -6.644655e-01
 1.377810e+00 -7.932256e-01 -4.400205e-01
 1.149030e+00 -5.559514e-01 -1.943729e-01
 1.087340e+00 -3.506889e-01 1.131210e-01
 1.154649e+00 -2.125209e-01 4.708378e-01
 1.271938e+00 -1.322500e-01 8.276482e-01
 1.260138e+00 -8.197539e-02 1.200412e+00
 1.110901e+00 -7.403983e-02 1.551631e+00
 8.584495e-01 -1.126385e-01 1.826161e+00
 5.102595e-01 -1.952457e-01 2.000313e+00
 1.527570e-01 -3.210573e-01 2.038884e+00
 -1.788638e-01 -4.583962e-01 1.934019e+00
 -4.707386e-01 -5.829684e-01 1.662834e+00
 -6.401256e-01 -5.851239e-01 1.310432e+00
 -7.105040e-01 -5.556503e-01 1.000013e+00
 -6.217317e-01 -5.259645e-01 5.363697e-01
 -5.439036e-01 -4.995232e-01 2.245346e-01
 -5.261292e-01 -3.062798e-01 -2.121746e-01
 -6.312048e-01 2.539637e-02 -4.799484e-01
 -7.735686e-01 2.613487e-01 -5.923701e-01
 -8.965586e-01 5.714738e-01 -6.118428e-01
 -9.341450e-01 9.597168e-01 -4.727502e-01
 -1.044734e+00 1.217231e+00 -2.450614e-01
 -1.175209e+00 1.365861e+00 7.634449e-02
 -1.265895e+00 1.394632e+00 4.459322e-01
 -1.333590e+00 1.368207e+00 8.299126e-01
 -1.393763e+00 1.335552e+00 1.215233e+00
 -1.471490e+00 1.256545e+00 1.601393e+00
 -1.542899e+00 1.090937e+00 1.919658e+00
 -1.590298e+00 8.044323e-01 2.168827e+00
 -1.603241e+00 4.434567e-01 2.300391e+00
 -1.580687e+00 9.024127e-02 2.293989e+00
 -1.525542e+00 -2.859891e-01 2.165504e+00
 -1.467961e+00 -6.376377e-01 2.007609e+00
 -1.411222e+00 -9.948268e-01 1.837312e+00
 -1.302516e+00 -1.282808e+00 1.646080e+00
 -1.101726e+00 -1.486035e+00 1.400437e+00
 -8.449504e-01 -1.568807e+00 1.135347e+00
 -5.622511e-01 -1.550674e+00 8.572574e-01
 -2.788141e-01 -1.469137e+00 5.775992e-01
 1.859926e-02 -1.334923e+00 3.774190e-01
 3.799017e-01 -1.255177e+00 2.852987e-01
 7.424688e-01 -1.322261e+00 3.204517e-01
 1.046674e+00 -1.358308e+00 4.388924e-01
 1.422835e+00 -1.253354e+00 5.074382e-01
 1.737319e+00 -1.062609e+00 4.917087e-01
 1.982535e+00 -8.161177e-01 3.904565e-01
 2.106882e+00 -5.168133e-01 2.392676e-01
 2.105013e+00 -2.069530e-01 3.705341e-02
 1.985996e+00 4.371799e-02 -2.105725e-01
 1.773850e+00 1.961152e-01 -4.884531e-01
 1.561200e+00 2.008743e-01 -7.316453e-01
 1.365048e+00 3.340796e-02 -1.061923e+00
 1.166147e+00 -1.543666e-01 -1.364331e+00
 9.388229e-01 -3.061178e-01 -1.595780e+00
 6.182425e-01 -4.238450e-01 -1.740567e+00
 2.511686e-01 -4.842594e-01 -1.771545e+00
 -9.725139e-02 -5.041695e-01 -1.684485e+00
 -4.533846e-01 -5.146854e-01 -1.513080e+00
 -7.932344e-01 -5.296845e-01 -1.337025e+00
 -1.152320e+00 -5.505748e-01 -1.128419e+00
 -1.400299e+00 -5.172051e-01 -8.813607e-01
 -1.561034e+00 -4.034242e-01 -5.448941e-01
 -1.589934e+00 -2.313035e-01 -2.087851e-01
 -1.468109e+00 1.823868e-02 1.477041e-01
 -1.215960e+00 2.777311e-01 3.227354e-01
 -9.607607e-01 4.235969e-01 4.041391e-01
 -6.695716e-01 5.223138e-01 4.152251e-01
 -3.033173e-01 6.435058e-01 2.790528e-01
 2.335018e-02 7.338066e-01 4.880885e-02
 3.351860e-01 8.145312e-01 -1.660769e-01
 6.584653e-01 8.997274e-01 -4.102471e-01
 8.778950e-01 9.613861e-01 -7.462097e-01
 9.361165e-01 9.384426e-01 -1.156798e+00
 8.948411e-01 9.422656e-01 -1.446592e+00
 6.888793e-01 1.031389e+00 -1.776141e+00
 3.829125e-01 1.099399e+00 -1.992781e+00
 2.793631e-02 1.149882e+00 -2.087051e+00
 -3.402517e-01 1.185257e+00 -2.050277e+00
 -6.695863e-01 1.190458e+00 -1.900554e+00
 -9.919924e-01 1.175672e+00 -1.675648e+00
 -1.298966e+00 1.151365e+00 -1.448196e+00
 -1.621601e+00 1.114607e+00 -1.197637e+00
 -1.832657e+00 1.064545e+00 -9.391330e-01
 -1.971351e+00 9.941181e-01 -5.898176e-01
 -2.037184e+00 9.224249e-01 -2.095358e-01
 -2.084969e+00 8.481286e-01 1.699757e-01
 -2.097558e+00 7.515373e-01 5.404002e-01
 -2.018686e+00 6.038435e-01 8.592128e-01
 -1.808969e+00 4.035301e-01 1.145604e+00
 -1.552640e+00 2.875945e-01 1.269190e+00
 -1.181922e+00 2.842556e-01 1.373990e+00
 -8.238458e-01 4.086486e-01 1.436063e+00
 -4.229208e-01 4.212428e-01 1.391304e+00
 -1.073884e-01 2.941226e-01 1.239552e+00
 1.576537e-01 2.562959e-02 1.063807e+00
 2.812301e-01 -2.999643e-01 9.921154e-01
 3.653373e-01 -5.956587e-01 1.063842e+00
 4.503238e-01 -9.377573e-01 1.258911e+00
 4.587982e-01 -1.347474e+00 1.315147e+00
 4.795972e-01 -1.732797e+00 1.219728e+00
