 -4.916701e-02 2.094227e-01 1.645857e+00
 -2.765505e-01 1.582703e-01 1.470925e+00
 -4.416578e-01 1.002205e-01 1.243106e+00
 -5.992436e-01 -4.261879e-02 8.187833e-01
 -7.617592e-01 -2.106728e-01 5.711126e-01
 -9.265446e-01 -3.778317e-01 4.463695e-01
 -1.354291e+00 -6.685110e-01 3.709621e-01
 -1.596247e+00 -8.820716e-01 2.031875e-01
 -1.746605e+00 -1.084458e+00 -5.290778e-02
 -1.795687e+00 -1.240962e+00 -3.709665e-01
 -1.734480e+00 -1.332272e+00 -7.246232e-01
 -1.375178e+00 -1.367380e+00 -1.435187e+00
 -1.037889e+00 -1.361183e+00 -1.970981e+00
 -7.870111e-01 -1.325423e+00 -2.181409e+00
 -4.836874e-01 -1.260997e+00 -2.302232e+00
 -1.598464e-01 -1.176979e+00 -2.317899e+00
 1.524746e-01 -1.079942e+00 -2.223753e+00
 4.127623e-01 -9.726270e-01 -2.029429e+00
 5.918161e-01 -8.636241e-01 -1.752057e+00
 6.633353e-01 -7.694377e-01 -1.420375e+00
 6.273500e-01 -7.244914e-01 -1.082056e+00
 5.106074e-01 -7.594077e-01 -8.260601e-01
 3.242215e-01 -7.875815e-01 -5.899383e-01
 2.115467e-01 -7.544528e-01 -4.326275e-01
 1.271714e-01 -6.850595e-01 -1.716242e-01
 3.312738e-02 -7.475465e-01 1.357047e-01
 -1.213528e-01 -1.010981e+00 5.665385e-01
 -3.270582e-01 -1.081363e+00 9.006604e-01
 -6.143745e-01 -1.029118e+00 1.177837e+00
 -9.488302e-01 -8.468822e-01 1.365202e+00
 -1.249863e+00 -5.677140e-01 1.421706e+00
 -1.464391e+00 -2.443453e-01 1.334775e+00
 -1.593514e+00 6.408459e-02 1.111223e+00
 -1.618957e+00 3.265214e-01 7.566902e-01
 -1.503756e+00 4.749698e-01 3.682269e-01
 -1.209337e+00 4.966533e-01 -7.618177e-02
 -1.085099e+00 6.060669e-01 -3.615889e-01
 -1.067206e+00 8.145152e-01 -6.667490e-01
 -1.120280e+00 1.121540e+00 -8.893233e-01
 -1.208505e+00 1.486297e+00 -9.793916e-01
 -1.300703e+00 1.852941e+00 -9.225291e-01
 -1.389317e+00 2.167321e+00 -7.325072e-01
 -1.460704e+00 2.391758e+00 -4.360019e-01
 -1.477431e+00 2.503156e+00 -7.948854e-02
 -1.440550e+00 2.489441e+00 2.871353e-01
 -1.354239e+00 2.355996e+00 6.180394e-01
 -1.237262e+00 2.119523e+00 8.711488e-01
 -1.093374e+00 1.818725e+00 1.013235e+00
 -9.331316e-01 1.500489e+00 1.031514e+00
 -7.648239e-01 1.215983e+00 9.301875e-01
 -5.947952e-01 9.945463e-01 7.230722e-01
 -4.465490e-01 8.772889e-01 4.532865e-01
 -2.932780e-01 8.720473e-01 1.979150e-01
 -1.236452e-01 9.490760e-01 -2.819739e-02
 1.341107e-01 1.164003e+00 -2.846766e-01
 3.779008e-01 1.235446e+00 -4.809980e-01
 6.321373e-01 1.203184e+00 -6.829480e-01
 8.657371e-01 1.070219e+00 -8.649758e-01
 1.076561e+00 8.384338e-01 -1.006825e+00
 1.241429e+00 5.629517e-01 -1.059686e+00
 1.364513e+00 2.625049e-01 -1.019243e+00
 1.431453e+00 -3.050301e-02 -8.895470e-01
 1.441469e+00 -2.836972e-01 -6.792823e-01
 1.356431e+00 -5.443969e-01 -3.236748e-01
 1.263167e+00 -6.687011e-01 -1.657619e-01
 1.112184e+00 -9.058280e-01 2.613204e-02
 9.604618e-01 -1.211443e+00 1.004091e-01
 7.214636e-01 -1.506500e+00 4.578146e-02
 3.794471e-01 -1.698464e+00 -8.328982e-02
 2.112524e-02 -1.728519e+00 -2.104397e-01
 -3.344017e-01 -1.608705e+00 -3.021467e-01
 -6.380289e-01 -1.339858e+00 -3.815216e-01
 -7.955470e-01 -1.019170e+00 -4.365218e-01
 -8.986102e-01 -7.707006e-01 -5.331039e-01
 -1.064512e+00 -5.612283e-01 -6.236213e-01
 -1.716311e+00 -1.071397e-01 -7.380207e-01
 -1.928507e+00 1.434091e-01 -7.193227e-01
 -2.058755e+00 4.388652e-01 -6.476959e-01
 -2.092561e+00 7.482414e-01 -5.287523e-01
 -2.013360e+00 1.076864e+00 -3.600246e-01
 -1.835536e+00 1.319420e+00 -1.822123e-01
 -1.603863e+00 1.448788e+00 -3.031359e-02
 -1.303058e+00 1.505393e+00 5.426167e-02
 -1.066205e+00 1.567225e+00 2.683365e-02
 -8.488830e-01 1.702229e+00 1.551650e-02
 -6.070955e-01 1.842590e+00 1.131915e-01
 -2.980229e-01 1.899837e+00 3.250295e-01
 -5.027233e-04 1.808074e+00 5.320453e-01
 2.905648e-01 1.556130e+00 6.957855e-01
 4.689544e-01 1.222008e+00 7.889677e-01
 5.264273e-01 8.357776e-01 8.106046e-01
 4.290329e-01 3.740289e-01 7.626945e-01
 4.495208e-01 5.381097e-02 7.579914e-01
 4.636284e-01 -1.780010e-01 8.640462e-01
 5.466019e-01 -4.371363e-01 1.062791e+00
 7.513324e-01 -6.390064e-01 1.301856e+00
 1.036943e+00 -7.286816e-01 1.514319e+00
 1.379631e+00 -7.100297e-01 1.663476e+00
 1.736660e+00 -5.876359e-01 1.718138e+00
 2.050594e+00 -3.894454e-01 1.664028e+00
 2.289521e+00 -1.446668e-01 1.501357e+00
 2.420088e+00 9.525943e-02 1.247567e+00
 2.426087e+00 3.093786e-01 9.395674e-01
 2.300548e+00 4.785420e-01 6.258990e-01
 2.061467e+00 5.770988e-01 3.506770e-01
 1.742484e+00 5.899959e-01 1.501881e-01
 9.345723e-01 3.916395e-01 -1.005833e-01
 6.255996e-01 2.310498e-01 -2.810275e-01
 2.504235e-01 2.176273e-01 -7.335512e-01
 7.354859e-02 1.584255e-01 -8.893540e-01
 -1.030250e-01 1.930812e-02 -1.055757e+00
 -2.405076e-01 -1.838403e-01 -1.199010e+00
 -3.228801e-01 -4.415861e-01 -1.317922e+00
 -3.577250e-01 -7.724817e-01 -1.380698e+00
 -3.220787e-01 -1.054494e+00 -1.322521e+00
 -2.502790e-01 -1.247966e+00 -1.300465e+00
 -3.819703e-02 -1.500190e+00 -1.257331e+00
 2.518091e-01 -1.678591e+00 -1.184206e+00
 5.657331e-01 -1.745380e+00 -1.091452e+00
 1.285877e+00 -1.663509e+00 -7.891982e-01
 1.708461e+00 -1.565930e+00 -5.015061e-01
 1.947927e+00 -1.437256e+00 -2.183811e-01
 2.060694e+00 -1.290601e+00 1.673137e-02
 2.096908e+00 -1.094611e+00 2.512973e-01
 2.047234e+00 -8.629128e-01 4.611047e-01
 1.911042e+00 -6.159274e-01 6.205795e-01
 1.612565e+00 -2.820569e-01 7.431186e-01
 1.486919e+00 -9.308079e-02 8.598758e-01
 1.435695e+00 6.468819e-02 9.864834e-01
 1.383283e+00 1.657315e-01 1.128450e+00
 1.250021e+00 2.598523e-01 1.357054e+00
 1.045302e+00 3.039892e-01 1.570962e+00
 8.009919e-01 3.131516e-01 1.706442e+00
 5.078857e-01 3.016349e-01 1.769480e+00
 2.200419e-01 2.621435e-01 1.748515e+00
