 2.407554e+00 -7.514213e-02 5.339883e-01
 2.372669e+00 1.213359e-01 2.204450e-01
 2.201305e+00 3.264624e-01 -5.695012e-02
 1.914768e+00 4.837618e-01 -2.587734e-01
 1.554774e+00 5.518063e-01 -3.652204e-01
 1.199197e+00 5.006325e-01 -3.749588e-01
 8.724533e-01 4.538872e-01 -2.620202e-01
 6.485877e-01 4.769452e-01 -2.418294e-01
 3.921963e-01 4.828982e-01 -2.899426e-01
 6.238631e-03 4.894978e-01 -4.868783e-01
 -3.167478e-01 5.565167e-01 -5.338363e-01
 -6.372977e-01 6.783358e-01 -4.632260e-01
 -9.089737e-01 8.799120e-01 -3.426361e-01
 -1.087520e+00 1.193128e+00 -1.104132e-01
 -1.096764e+00 1.496674e+00 1.669346e-01
 -9.594318e-01 1.743927e+00 4.269834e-01
 -7.292273e-01 1.904501e+00 6.395459e-01
 -4.533314e-01 1.981007e+00 7.906319e-01
 1.342293e-01 1.989913e+00 9.663110e-01
 7.462199e-01 1.975598e+00 1.127207e+00
 9.971076e-01 1.925436e+00 1.178974e+00
 1.276021e+00 1.784304e+00 1.200389e+00
 1.514849e+00 1.559729e+00 1.172876e+00
 1.670036e+00 1.269781e+00 1.108316e+00
 1.722952e+00 9.479351e-01 1.005730e+00
 1.666696e+00 6.384870e-01 8.689805e-01
 1.414859e+00 2.157188e-01 5.920235e-01
 1.387683e+00 -7.096572e-02 4.496134e-01
 1.431801e+00 -2.983485e-01 2.188311e-01
 1.502266e+00 -4.423652e-01 -8.998039e-02
 1.635573e+00 -5.169250e-01 -7.749334e-01
 1.602879e+00 -5.634700e-01 -1.081795e+00
 1.464378e+00 -6.327507e-01 -1.397771e+00
 1.238175e+00 -6.889902e-01 -1.651705e+00
 9.761158e-01 -7.011767e-01 -1.818474e+00
 6.792515e-01 -6.604302e-01 -1.913546e+00
 3.805846e-01 -5.678234e-01 -1.927849e+00
 1.100444e-01 -4.306308e-01 -1.863686e+00
 -3.531731e-01 -6.746638e-02 -1.581751e+00
 -7.135952e-01 1.817105e-01 -1.374090e+00
 -1.009876e+00 2.825549e-01 -1.303268e+00
 -1.309976e+00 2.763557e-01 -1.238588e+00
 -1.616224e+00 1.653166e-01 -1.122102e+00
 -1.853562e+00 -3.517449e-02 -9.660422e-01
 -1.988302e+00 -2.851501e-01 -7.895007e-01
 -2.014175e+00 -5.351562e-01 -5.994606e-01
 -1.941365e+00 -7.608891e-01 -3.980263e-01
 -1.788420e+00 -9.369960e-01 -2.032746e-01
 -1.585992e+00 -1.049128e+00 -3.706915e-02
 -1.047468e+00 -1.201900e+00 2.178872e-01
 -8.577852e-01 -1.360968e+00 3.648427e-01
 -6.262238e-01 -1.588536e+00 4.259768e-01
 -2.876685e-01 -1.805824e+00 3.601774e-01
 4.063723e-02 -1.890212e+00 1.975960e-01
 3.771115e-01 -1.820783e+00 -2.399675e-02
 6.165371e-01 -1.634335e+00 -2.579872e-01
 7.422116e-01 -1.354411e+00 -5.041997e-01
 7.349198e-01 -1.029537e+00 -7.104039e-01
 6.078327e-01 -6.144853e-01 -8.399120e-01
 6.070801e-01 -3.231622e-01 -9.288273e-01
 6.819692e-01 7.988611e-02 -1.185995e+00
 6.934126e-01 4.083236e-01 -1.271315e+00
 6.967703e-01 7.501371e-01 -1.234892e+00
 7.092714e-01 1.064666e+00 -1.080835e+00
 7.659529e-01 1.315866e+00 -8.260345e-01
 8.507502e-01 1.456463e+00 -5.113802e-01
 9.063219e-01 1.472546e+00 -1.777350e-01
 9.181908e-01 1.376861e+00 1.569686e-01
 8.734987e-01 1.202074e+00 4.399256e-01
 7.349499e-01 1.030878e+00 7.624353e-01
 6.983749e-01 9.665670e-01 1.013079e+00
 7.427466e-01 8.815252e-01 1.544300e+00
 7.350495e-01 6.470344e-01 1.915175e+00
 6.506260e-01 3.309831e-01 2.156802e+00
 5.158539e-01 -1.987896e-02 2.253163e+00
 3.765994e-01 -3.575361e-01 2.197801e+00
 2.600833e-01 -6.514234e-01 2.010340e+00
 1.828979e-01 -8.908156e-01 1.698047e+00
 1.524305e-01 -9.995784e-01 1.348554e+00
 1.652564e-01 -9.851898e-01 9.031765e-01
 1.521667e-01 -8.846312e-01 3.613424e-01
 3.334223e-02 -8.595305e-01 9.105803e-02
 -1.696933e-01 -9.466586e-01 -2.478515e-01
 -2.764985e-01 -1.180069e+00 -4.717727e-01
 -4.988151e-01 -1.479545e+00 -5.976894e-01
 -7.381436e-01 -1.753697e+00 -5.836645e-01
 -9.949640e-01 -1.974060e+00 -4.516669e-01
 -1.242592e+00 -2.107192e+00 -2.244081e-01
 -1.447042e+00 -2.140348e+00 6.693825e-02
 -1.593790e+00 -2.065473e+00 3.775937e-01
 -1.676557e+00 -1.888525e+00 6.657402e-01
 -1.679919e+00 -1.635667e+00 9.049615e-01
 -1.596879e+00 -1.346568e+00 1.072239e+00
 -1.443101e+00 -1.056849e+00 1.149692e+00
 -1.241250e+00 -7.971164e-01 1.133575e+00
 -1.016374e+00 -5.909797e-01 1.030670e+00
 -6.498304e-01 -3.446447e-01 7.200521e-01
 -4.696444e-01 -9.617314e-02 5.268133e-01
 -3.978367e-01 1.342745e-01 4.450565e-01
 -2.499967e-01 6.942771e-01 4.971678e-01
 -1.848244e-01 1.058551e+00 3.688786e-01
 -9.794915e-02 1.255667e+00 1.809637e-01
 -8.875686e-02 1.422742e+00 -2.477815e-02
 -1.237862e-01 1.546861e+00 -2.991345e-01
 -1.790839e-01 1.578074e+00 -5.931975e-01
 -2.540005e-01 1.539676e+00 -8.414585e-01
 -4.916616e-01 1.289598e+00 -1.423727e+00
 -7.294033e-01 1.012037e+00 -1.967174e+00
 -8.470808e-01 8.203629e-01 -2.161874e+00
 -9.751097e-01 5.548198e-01 -2.293376e+00
 -1.100483e+00 2.290781e-01 -2.326639e+00
 -1.202919e+00 -1.184622e-01 -2.231863e+00
 -1.261325e+00 -4.306134e-01 -2.002708e+00
 -1.244931e+00 -6.546195e-01 -1.667929e+00
 -1.155202e+00 -7.440333e-01 -1.277859e+00
 -1.046673e+00 -6.702150e-01 -9.054114e-01
 -9.903915e-01 -4.861905e-01 -6.408778e-01
 -1.020465e+00 -2.856771e-01 -4.185423e-01
 -1.332818e+00 3.961078e-02 1.835036e-02
 -1.399170e+00 2.076747e-01 2.465884e-01
 -1.387969e+00 3.566001e-01 5.302293e-01
 -1.286923e+00 4.543220e-01 8.361347e-01
 -1.086052e+00 4.837258e-01 1.140385e+00
 -8.179320e-01 4.381287e-01 1.357941e+00
 -4.882967e-01 3.327130e-01 1.472733e+00
 -1.295582e-01 1.972304e-01 1.449493e+00
 3.039924e-01 5.973574e-03 1.226636e+00
 4.817214e-01 -4.783132e-02 1.202919e+00
 6.860930e-01 -1.266217e-01 1.238555e+00
 1.050151e+00 -3.034123e-01 1.398934e+00
 1.419534e+00 -3.740701e-01 1.435520e+00
 1.787827e+00 -3.816614e-01 1.345433e+00
 2.099863e+00 -3.279098e-01 1.143052e+00
 2.315300e+00 -2.232766e-01 8.570359e-01
