0.7591339859441769 0.2515836902097142 2.021379262401017
0.9601126585165465 0.1780883733568519 1.647362637172016
1.008622761379544 0.0103679134765668 1.267720394794197
0.916155101688898 -0.2207911775707709 0.9532054083538752
0.7557604374329265 -0.4610111776155792 0.7845174581490351
0.6326140335072208 -0.7153607737177415 0.7246189822144103
0.236648433919732 -1.372745190917189 0.81628855544959
-0.112908902568 -1.617488350304879 0.8429692387382266
-0.5281418375475526 -1.713130513186896 0.7981563739038173
-0.9304974170569938 -1.649260022782393 0.6753742697109975
-1.245503448817228 -1.432852066853141 0.5223009011781882
-1.447145170911012 -1.07940888157928 0.3915871725569166
-1.497283332132445 -0.6437607403540739 0.3273730980841612
-1.370595970158894 -0.2240149887651033 0.322861125264061
-0.7050451104768785 0.5497103765525941 0.4286985359338749
-0.6147734189557922 0.6631551654920549 0.4593219466883743
-0.4751263819292581 0.9485851789872084 0.5344548051501674
-0.3738611757666455 1.415142479613636 0.4428457563625425
-0.2810930523615897 1.799841026071916 0.1076675377913527
-0.2072915826608635 1.970804597700671 -0.3646631405553349
-0.1378560888689153 1.891906492510823 -0.8606071797773774
-0.08907000229935921 1.596439755854759 -1.246159842869589
0.05215852064252819 1.024988497418422 -1.510916198151789
0.168899525622225 0.8105994917229454 -1.812382290297122
0.4250693246924959 0.740602553429546 -2.16329498935522
0.8124432447873711 0.7861450957776209 -2.389059084865727
1.253311334255444 0.9072688708303268 -2.422493280921767
1.65608467795893 1.033176477158993 -2.252292136958647
1.944998663288258 1.151133505704406 -1.926939527380317
2.061538397387452 1.257947388256796 -1.543159810188203
2.020482349921178 1.34098415399557 -1.162498129075953
1.508945190627728 1.441358010405284 -0.1359947593037909
1.217119253253432 1.314409556611841 0.2601150615980686
0.9324854211623478 1.082480923324676 0.4770000579787311
0.6516012081420544 0.7842697748534636 0.5393001781057016
0.4089057042514381 0.4770742462036378 0.447256983732252
0.2294220713468097 0.1693355873772168 0.2063577358979029
0.02427269087133754 0.02136418118615312 -0.01342915672945751
-0.2532938683186408 -0.06444582981215231 -0.3720379946997232
-0.3878033722361049 -0.05373674287642127 -0.634036371287843
-0.5440626911576256 0.07163367352911143 -0.9423793976369744
-0.8830764231164252 0.6403366884938048 -1.67391003824835
-0.8679577360527537 0.954360318414407 -1.964463173418419
-0.6935157185616941 1.263658775339114 -2.187737586411621
-0.3982956126955929 1.51033698518352 -2.317019271801791
-0.009230220917599178 1.69350149402729 -2.325535124114186
0.3774377785724888 1.766945557198755 -2.202758832275291
0.7036921841107981 1.722547163993598 -1.968460627037025
0.9099769595597742 1.566876568849719 -1.711937976778357
1.030489208605355 1.298128992258171 -1.476504081363608
1.068992645575906 1.058510945178588 -1.391937606915637
1.137056549999224 0.6991474633285395 -1.417681318933421
1.042451393563548 0.3789674537301098 -1.42177554936941
0.8771458281722424 0.00368006661066271 -1.25366630602925
0.6258424690012042 -0.5114360932220401 -0.6562822963383642
0.6147237961491051 -0.8126648737228955 -0.3044603825697648
0.7392455014204669 -1.165016458050001 -0.1898122012055213
0.9969818719521174 -1.450574641790492 -0.1184400783644895
1.363091439262244 -1.637997105427509 -0.1190117525873906
1.753824568157984 -1.662683809369311 -0.1345857263694415
2.149680513971859 -1.51886790369988 -0.1423119714013019
2.444721495161396 -1.248989831311958 -0.1786986583286414
2.611905301200669 -0.8866171212111256 -0.2218460571088851
2.62555389537452 -0.4928627425403946 -0.2667632112342697
2.495106298717177 -0.1403401585579198 -0.3072948405417653
2.273256981356042 0.1149207172465302 -0.3384558698504825
2.023962002451352 0.2652107579740438 -0.3594978787480845
1.06258651110673 0.5387965491694191 -0.398118236330458
0.652571035918181 0.7854468740181333 -0.5066068328978837
0.3915456592592791 0.8835129349687684 -0.5103805421865011
-0.05317575165747272 0.948044404785811 -0.4376094791288523
-0.2746590920208347 0.9394855453555958 -0.4739412178396904
-0.5704805949976702 1.000717360547233 -0.5081873217762426
-0.9483513456413384 1.134909204465667 -0.3867277060032421
-1.252562084677573 1.227917550990269 -0.1120584752238394
-1.440799757847872 1.238855036821117 0.2599550309276437
-1.488776223669687 1.162224180777055 0.6595608973160297
-1.398116833454108 1.008941103503403 1.021665837152513
-1.188563315413566 0.8036707778834319 1.293129022312088
-0.8938416463787577 0.5795368918211128 1.436519402166631
-0.199579058196691 0.1123512653664965 1.424604574515414
0.01382812581364393 -0.1679029514085825 1.448996874766496
0.1285048972819478 -0.4618812386969534 1.579498847200089
0.4407623376982602 -0.7128791285504623 1.764955984707233
0.9276321210885954 -0.9570297063296836 1.705332134982865
1.386794081376339 -1.082494778224645 1.352905220040043
1.660216055698112 -0.979868597149429 0.8464175545713909
1.619996004099079 -0.6320118064016476 0.0265114035698896
1.619156045729915 -0.6617570548383395 -0.3591111818298565
1.619889370761857 -0.7725981100382532 -0.6291849388281471
1.494488192740334 -0.9933593310654719 -0.9083921291811454
1.215672538356972 -1.225063444514963 -1.103030716070954
0.8389632847426574 -1.368430672662649 -1.187229090247119
0.4430544771627007 -1.415102618480614 -1.143513435600922
0.09962937019239616 -1.397163014171471 -0.9773294025914465
-0.146665482255314 -1.329074086921981 -0.7392566327725401
-0.2920780720894917 -1.225401708806092 -0.4782099005588675
-0.4409877528861511 -0.9000151029228437 0.1698970453984249
-0.4790008394428869 -0.7339611541454468 0.4494623797839094
-0.5382097775790199 -0.6890161887141047 0.7174585818935909
-0.843596853903973 -0.7081983995745575 1.232362450046939
-0.8912188668657218 -0.611398609418904 1.730328477184299
-0.7351871656827337 -0.4077034381567318 2.149275062506967
-0.4143650510888682 -0.1451144114329567 2.406329601768083
0.00632291898750887 0.08144274313693643 2.459977435934822
0.4260543261554949 0.2179329711996642 2.316031534495408
