 -2.168914e+00 2.182029e+00 -2.922772e-01
 -2.180333e+00 1.854223e+00 -4.357294e-01
 -2.082147e+00 1.553389e+00 -5.385304e-01
 -1.896587e+00 1.294293e+00 -5.992965e-01
 -1.642838e+00 1.100316e+00 -6.174603e-01
 -1.344319e+00 9.938090e-01 -6.125282e-01
 -9.858282e-01 9.901189e-01 -6.113180e-01
 -4.683754e-01 1.230533e+00 -6.297119e-01
 -1.366832e-01 1.242829e+00 -5.920944e-01
 1.964310e-01 1.132362e+00 -5.645737e-01
 4.320131e-01 9.550515e-01 -5.847099e-01
 7.492359e-01 5.123903e-01 -5.386840e-01
 1.217286e+00 2.460505e-01 -5.036127e-01
 1.426789e+00 4.519259e-02 -4.355203e-01
 1.576007e+00 -1.422503e-01 -3.181606e-01
 1.671141e+00 -2.964167e-01 -1.800313e-01
 1.964774e+00 -1.076322e+00 6.038136e-01
 1.826961e+00 -1.505155e+00 9.248802e-01
 1.458941e+00 -1.837946e+00 1.117289e+00
 1.039859e+00 -1.983348e+00 1.132734e+00
 7.401283e-01 -2.051914e+00 9.715095e-01
 5.567131e-01 -2.191399e+00 8.238212e-01
 2.612797e-01 -2.389564e+00 7.733842e-01
 -1.441724e-01 -2.432214e+00 7.520696e-01
 -5.952828e-01 -2.265080e+00 7.058861e-01
 -8.909237e-01 -1.969938e+00 6.834008e-01
 -1.037092e+00 -1.614581e+00 6.546053e-01
 -1.047671e+00 -1.273139e+00 6.299320e-01
 -9.676914e-01 -9.985544e-01 6.147164e-01
 -5.984026e-01 -3.872503e-01 5.375395e-01
 -4.352964e-01 -1.167118e-01 3.716428e-01
 -3.585213e-01 8.047227e-02 1.551855e-01
 -3.251348e-01 1.922505e-01 -6.547111e-02
 -2.829900e-01 2.363252e-01 -3.015911e-01
 -2.641241e-01 2.095444e-01 -7.552518e-01
 -2.209301e-01 3.418122e-01 -1.052509e+00
 -9.736267e-02 4.301505e-01 -1.358920e+00
 -4.135150e-02 3.272175e-01 -1.805919e+00
 6.915132e-02 -6.626543e-03 -2.170495e+00
 1.976169e-01 -4.198470e-01 -2.326001e+00
 2.873679e-01 -8.645207e-01 -2.281240e+00
 3.263878e-01 -1.242700e+00 -2.058847e+00
 3.165608e-01 -1.490921e+00 -1.717363e+00
 2.342207e-01 -1.651406e+00 -1.042180e+00
 1.214364e-01 -1.737706e+00 -2.549580e-01
 5.659751e-02 -1.670894e+00 4.621646e-02
 -3.002868e-02 -1.438169e+00 4.497772e-01
 -4.989231e-02 -1.383706e+00 7.800467e-01
 -9.785337e-02 -1.461658e+00 1.148796e+00
 -7.378595e-02 -1.742090e+00 1.520118e+00
 7.203456e-02 -2.102921e+00 1.748711e+00
 3.133809e-01 -2.475922e+00 1.802742e+00
 6.030087e-01 -2.798088e+00 1.668309e+00
 9.035574e-01 -2.989073e+00 1.381325e+00
 1.155463e+00 -3.005798e+00 1.009595e+00
 1.323667e+00 -2.847607e+00 6.400337e-01
 1.386491e+00 -2.555001e+00 3.394200e-01
 1.340552e+00 -2.190640e+00 1.512434e-01
 1.228445e+00 -1.818999e+00 1.074423e-01
 1.085213e+00 -1.512185e+00 1.861974e-01
 9.592040e-01 -1.245236e+00 3.844340e-01
 8.581893e-01 -9.455379e-01 9.227135e-01
 5.911381e-01 -6.768890e-01 1.185626e+00
 2.994505e-01 -2.246970e-01 1.250902e+00
 1.574022e-01 2.956917e-01 1.069145e+00
 2.235169e-01 6.364509e-01 7.546692e-01
 4.349043e-01 8.769207e-01 5.504837e-01
 1.032599e+00 1.206795e+00 2.368103e-01
 1.298097e+00 1.302099e+00 -9.538435e-02
 1.422861e+00 1.307391e+00 -4.572414e-01
 1.450077e+00 1.216208e+00 -8.601594e-01
 1.403179e+00 1.041163e+00 -1.166033e+00
 1.304177e+00 7.962897e-01 -1.388559e+00
 1.169382e+00 5.094246e-01 -1.510023e+00
 1.020109e+00 2.176891e-01 -1.521153e+00
 6.312570e-01 -3.309481e-01 -1.333651e+00
 2.314611e-01 -5.544276e-01 -1.283126e+00
 -2.195766e-01 -6.366855e-01 -1.382964e+00
 -6.910067e-01 -4.519688e-01 -1.527239e+00
 -1.029422e+00 -1.562771e-02 -1.611114e+00
 -1.162884e+00 1.048322e+00 -1.616636e+00
 -1.168674e+00 1.297209e+00 -1.574463e+00
 -1.175629e+00 1.572884e+00 -1.442710e+00
 -1.182906e+00 1.824616e+00 -1.196640e+00
 -1.186209e+00 1.996729e+00 -8.300931e-01
 -1.168819e+00 2.010165e+00 -4.531960e-01
 -1.186862e+00 1.895501e+00 -1.803152e-01
 -1.272940e+00 1.808209e+00 2.267520e-02
 -1.360823e+00 1.803544e+00 2.842962e-01
 -1.354696e+00 1.808651e+00 5.361775e-01
 -1.219589e+00 1.767331e+00 8.932604e-01
 -9.691098e-01 1.702944e+00 1.176723e+00
 -6.791137e-01 1.614574e+00 1.325783e+00
 5.079690e-03 1.391353e+00 1.477956e+00
 5.208754e-01 1.193534e+00 1.553504e+00
 7.957934e-01 1.016610e+00 1.512584e+00
 9.938499e-01 8.232517e-01 1.409670e+00
 1.120846e+00 6.303975e-01 1.265521e+00
 1.179694e+00 4.437036e-01 1.101504e+00
 1.180941e+00 2.740717e-01 9.090930e-01
 1.110944e+00 1.158674e-01 6.788291e-01
 9.764811e-01 5.357938e-03 4.805007e-01
 7.164686e-01 -1.620600e-01 2.822507e-01
 2.891468e-01 -6.602927e-01 -2.580135e-01
 -3.558873e-01 -8.136569e-01 -4.071877e-01
 -9.226062e-01 -5.950923e-01 -4.508001e-01
 -1.327347e+00 -1.212826e-01 -2.136417e-01
 -1.367904e+00 3.239267e-01 1.582427e-01
 -1.129793e+00 7.196840e-01 3.820012e-01
 -5.406324e-01 1.173101e+00 3.783531e-01
 -3.126414e-01 1.624606e+00 3.627678e-01
 -3.823145e-01 2.191313e+00 4.224287e-01
 -7.454920e-01 2.639775e+00 3.989659e-01
 -1.234756e+00 2.832211e+00 2.560878e-01
 -1.690106e+00 2.759741e+00 6.779597e-02
 -2.013563e+00 2.506998e+00 -1.188066e-01
