 -1.923093e+00 1.900725e+00 1.087303e+00
 -2.002394e+00 1.655362e+00 1.482636e+00
 -1.969945e+00 1.276889e+00 1.753489e+00
 -1.846696e+00 8.422745e-01 1.842845e+00
 -1.653404e+00 4.425647e-01 1.742377e+00
 -1.444601e+00 1.557175e-01 1.478277e+00
 -1.293843e+00 1.720109e-02 1.118362e+00
 -1.270730e+00 3.568325e-03 8.440556e-01
 -1.403698e+00 2.128286e-02 1.910000e-01
 -1.256096e+00 3.054575e-02 -2.369842e-01
 -9.291708e-01 1.360704e-01 -5.739034e-01
 -5.242247e-01 3.792524e-01 -7.381839e-01
 1.236335e-01 8.125503e-01 -6.508609e-01
 4.052107e-01 1.066822e+00 -8.280724e-01
 6.090640e-01 1.218191e+00 -1.110983e+00
 7.940433e-01 1.228511e+00 -1.478076e+00
 9.249723e-01 1.071114e+00 -1.865493e+00
 9.745286e-01 7.841646e-01 -2.153230e+00
 9.773749e-01 3.820233e-01 -2.311503e+00
 9.390255e-01 -2.869700e-02 -2.301849e+00
 8.352057e-01 -3.999743e-01 -2.141064e+00
 6.860882e-01 -6.654989e-01 -1.854032e+00
 5.203064e-01 -7.797596e-01 -1.489336e+00
 2.087942e-01 -6.599425e-01 -5.380518e-01
 2.532382e-01 -6.437767e-01 -1.092226e-01
 4.973826e-01 -7.291579e-01 3.143064e-01
 8.602263e-01 -8.034645e-01 5.404808e-01
 1.294381e+00 -9.894158e-01 5.962958e-01
 1.660680e+00 -1.263170e+00 4.537140e-01
 1.865659e+00 -1.587606e+00 1.612527e-01
 1.860872e+00 -1.890391e+00 -2.158461e-01
 1.648819e+00 -2.106594e+00 -5.890774e-01
 1.274254e+00 -2.206510e+00 -8.645912e-01
 8.150660e-01 -2.175195e+00 -9.825204e-01
 3.743997e-01 -2.012855e+00 -9.245683e-01
 2.451960e-02 -1.780287e+00 -6.740149e-01
 -1.189170e-01 -1.592072e+00 -3.323573e-01
 -1.404234e-01 -1.557440e+00 1.217052e-02
 -2.091972e-01 -1.613651e+00 2.967177e-01
 -4.191263e-01 -1.652536e+00 5.682946e-01
 -7.120465e-01 -1.606837e+00 7.730800e-01
 -1.065849e+00 -1.437221e+00 9.033058e-01
 -2.080247e+00 -6.317232e-01 9.063655e-01
 -2.282135e+00 -2.108582e-01 8.982151e-01
 -2.283591e+00 2.435295e-01 8.718879e-01
 -2.094714e+00 6.413810e-01 8.260063e-01
 -1.791706e+00 8.888435e-01 8.094775e-01
 -1.526799e+00 9.756557e-01 8.667609e-01
 -1.287575e+00 1.069776e+00 1.000457e+00
 -6.265257e-01 1.783730e+00 1.223167e+00
 -3.271324e-01 1.995180e+00 1.254782e+00
 -4.395646e-02 2.101552e+00 1.236250e+00
 2.522089e-01 2.133128e+00 1.169485e+00
 5.344079e-01 2.087279e+00 1.056465e+00
 7.757870e-01 1.968569e+00 9.036459e-01
 9.524500e-01 1.788971e+00 7.217100e-01
 1.046362e+00 1.567213e+00 5.248052e-01
 1.056164e+00 6.790454e-01 -1.675355e-01
 1.001697e+00 3.952181e-01 -2.895257e-01
 1.001349e+00 1.463059e-01 -2.978625e-01
 1.042427e+00 -1.989549e-02 -3.172893e-01
 1.225860e+00 -4.166281e-01 -4.066177e-01
 1.226328e+00 -8.688605e-01 -4.382032e-01
 1.069159e+00 -1.236079e+00 -3.957063e-01
 9.308502e-01 -1.439188e+00 -2.710017e-01
 8.752615e-01 -1.593016e+00 -1.242241e-01
 8.334607e-01 -1.862049e+00 8.142454e-03
 6.496599e-01 -2.208801e+00 5.971068e-02
 3.191462e-01 -2.473766e+00 4.062438e-02
 -7.937387e-02 -2.586560e+00 -2.654534e-02
 -4.864401e-01 -2.528291e+00 -8.316248e-02
 -8.332949e-01 -2.313426e+00 -1.275388e-01
 -1.066531e+00 -1.979745e+00 -1.603278e-01
 -1.152648e+00 -1.577772e+00 -1.536898e-01
 -1.083054e+00 -1.196885e+00 -1.023060e-01
 -9.233424e-01 -9.051349e-01 2.889409e-02
 -7.121184e-01 -7.337229e-01 2.307693e-01
 -4.006396e-01 -5.251750e-01 7.443182e-01
 -3.119960e-01 -2.695734e-01 1.056421e+00
 -2.908258e-01 3.478430e-02 1.237371e+00
 -2.241043e-01 3.997527e-01 1.302329e+00
 -1.175332e-01 7.471350e-01 1.232639e+00
 1.091226e-02 1.010854e+00 1.059753e+00
 9.634265e-02 1.173741e+00 8.282857e-01
 2.180907e-02 1.517837e+00 2.715525e-01
 -1.565702e-01 1.713293e+00 -2.069410e-01
 -3.652042e-01 1.735476e+00 -6.126571e-01
 -4.630176e-01 1.606366e+00 -1.010628e+00
 -4.288762e-01 1.362450e+00 -1.363748e+00
 -2.619505e-01 1.022762e+00 -1.622804e+00
 -5.182251e-02 6.887554e-01 -1.700905e+00
 1.663476e-01 4.145290e-01 -1.625772e+00
 4.232749e-01 2.548478e-01 -1.455251e+00
 7.303101e-01 2.144191e-01 -1.311273e+00
 1.255765e+00 2.348510e-01 -1.283778e+00
 1.625695e+00 2.984223e-01 -1.101622e+00
 1.896107e+00 3.195932e-01 -7.852745e-01
 2.018343e+00 3.010168e-01 -3.887026e-01
 1.972360e+00 2.417886e-01 2.432972e-02
 1.767269e+00 1.761192e-01 3.799587e-01
 1.430268e+00 1.520114e-01 6.303359e-01
 1.019810e+00 1.682541e-01 7.253053e-01
 6.152768e-01 2.225894e-01 6.492261e-01
 5.699422e-02 2.952310e-01 2.804020e-01
 -3.946956e-01 4.482246e-01 2.885920e-01
 -6.010295e-01 6.501284e-01 2.599204e-01
 -9.699333e-01 1.157540e+00 2.450686e-02
 -1.190335e+00 1.526074e+00 6.142928e-02
 -1.486617e+00 1.823758e+00 2.871029e-01
 -1.747418e+00 1.956395e+00 6.533502e-01
