 1.149114e-01 3.057730e+00 1.040977e+00
 4.522286e-02 2.905729e+00 1.382391e+00
 -8.991845e-03 2.626790e+00 1.651651e+00
 -3.810624e-02 2.255126e+00 1.800496e+00
 -6.254227e-02 1.845939e+00 1.792368e+00
 -7.396295e-02 1.468781e+00 1.618204e+00
 -8.614693e-02 1.188173e+00 1.297849e+00
 -9.659596e-02 1.082530e+00 9.432536e-01
 -1.756309e-01 1.079726e+00 6.177495e-01
 -5.429173e-01 1.320996e+00 3.885715e-02
 -6.266673e-01 1.374920e+00 -3.235706e-01
 -6.330858e-01 1.299712e+00 -7.345596e-01
 -5.506983e-01 1.111828e+00 -1.070477e+00
 -4.288133e-01 8.195265e-01 -1.298539e+00
 -2.667766e-01 4.640687e-01 -1.379870e+00
 -4.460379e-02 9.635915e-02 -1.298754e+00
 2.380807e-01 -2.481004e-01 -1.012741e+00
 4.369144e-01 -4.193013e-01 -8.866842e-01
 6.391126e-01 -6.454958e-01 -7.795793e-01
 7.519679e-01 -9.454441e-01 -6.145948e-01
 7.396748e-01 -1.303882e+00 -4.662400e-01
 5.982221e-01 -1.622126e+00 -3.506858e-01
 3.713724e-01 -1.832583e+00 -3.014419e-01
 1.813777e-01 -2.012170e+00 -3.420615e-01
 -6.241479e-02 -2.157828e+00 -4.570634e-01
 -2.866237e-01 -2.230219e+00 -6.200457e-01
 -9.446271e-01 -2.206030e+00 -1.138962e+00
 -1.439053e+00 -2.055823e+00 -1.397476e+00
 -1.756516e+00 -1.840741e+00 -1.500617e+00
 -1.983546e+00 -1.548410e+00 -1.525059e+00
 -2.107718e+00 -1.212625e+00 -1.481770e+00
 -2.120506e+00 -8.763622e-01 -1.385483e+00
 -2.028029e+00 -5.760120e-01 -1.254982e+00
 -1.845992e+00 -3.385856e-01 -1.109559e+00
 -1.026727e+00 1.722167e-01 -6.442036e-01
 -8.035740e-01 2.796143e-01 -5.154240e-01
 -5.797891e-01 3.262221e-01 -4.112066e-01
 -3.037898e-01 4.027100e-01 -3.540495e-01
 -9.446820e-02 4.967722e-01 -3.544048e-01
 1.132754e-01 6.616720e-01 -4.444458e-01
 5.799884e-01 9.165550e-01 -7.717630e-01
 9.354902e-01 1.136745e+00 -8.184619e-01
 1.245795e+00 1.412656e+00 -6.991999e-01
 1.437101e+00 1.701683e+00 -4.432387e-01
 1.472001e+00 1.959159e+00 -1.040977e-01
 1.351654e+00 2.134779e+00 2.618030e-01
 1.104625e+00 2.200229e+00 5.871591e-01
 7.666915e-01 2.173142e+00 8.071338e-01
 4.166187e-01 2.091097e+00 8.764177e-01
 1.711996e-01 2.058459e+00 8.208040e-01
 -4.485497e-02 2.082683e+00 7.790537e-01
 -3.910396e-01 2.077563e+00 8.427987e-01
 -6.950107e-01 1.943733e+00 9.406790e-01
 -9.504452e-01 1.665733e+00 1.023339e+00
 -1.101107e+00 1.297114e+00 1.038302e+00
 -1.117110e+00 8.846970e-01 9.840981e-01
 -9.821707e-01 5.161899e-01 8.922035e-01
 -6.725154e-01 1.885014e-01 7.946000e-01
 -4.990255e-01 -3.565129e-02 8.134026e-01
 -4.181664e-01 -2.318775e-01 8.637206e-01
 -3.674166e-01 -3.607150e-01 9.300500e-01
 -3.196220e-01 -4.766186e-01 1.021129e+00
 -2.036404e-01 -6.739664e-01 1.231440e+00
 -6.636341e-03 -9.675197e-01 1.369640e+00
 2.036588e-01 -1.279874e+00 1.369534e+00
 3.963050e-01 -1.564073e+00 1.236339e+00
 8.628005e-01 -2.157124e+00 5.540581e-01
 1.039280e+00 -2.380905e+00 2.256301e-01
 1.104668e+00 -2.486609e+00 -5.505222e-02
 1.106377e+00 -2.529103e+00 -3.581086e-01
 1.046192e+00 -2.503866e+00 -6.562092e-01
 9.310889e-01 -2.412251e+00 -9.233598e-01
 7.724207e-01 -2.260893e+00 -1.136288e+00
 5.825606e-01 -2.062892e+00 -1.275658e+00
 3.802291e-01 -1.835191e+00 -1.326696e+00
 1.738547e-01 -1.601983e+00 -1.281812e+00
 -1.549363e-02 -1.403352e+00 -1.148530e+00
 -1.777704e-01 -1.259711e+00 -9.287677e-01
 -2.618803e-01 -1.114264e+00 -6.573210e-01
 -4.719968e-01 -6.898199e-01 -3.682756e-01
 -1.227324e+00 -5.724434e-01 3.423421e-01
 -1.377875e+00 -5.678393e-01 7.088616e-01
 -1.372552e+00 -4.815012e-01 1.147896e+00
 -1.195847e+00 -3.178831e-01 1.529268e+00
 -9.184047e-01 -9.563883e-02 1.757663e+00
 -5.421686e-01 1.233358e-01 1.826113e+00
 -1.242078e-01 2.392035e-01 1.732964e+00
 2.425770e-01 2.502480e-01 1.479723e+00
 4.491574e-01 2.501499e-01 1.111316e+00
 5.349337e-01 1.609539e-01 3.738347e-01
 7.520835e-01 9.396180e-02 8.580099e-02
 1.197961e+00 1.591640e-01 -4.801716e-01
 1.289783e+00 1.583454e-01 -8.747470e-01
 1.236953e+00 6.876448e-02 -1.294840e+00
 1.049499e+00 -1.111034e-01 -1.649302e+00
 7.033573e-01 -3.633810e-01 -1.927720e+00
 3.482841e-01 -5.399119e-01 -2.027614e+00
 1.534438e-04 -6.335118e-01 -2.006582e+00
 -9.652422e-01 -9.004835e-01 -1.545818e+00
 -1.245650e+00 -1.165151e+00 -9.363126e-01
 -1.274767e+00 -1.287927e+00 -7.303330e-01
 -1.225168e+00 -1.439850e+00 -5.245136e-01
 -1.095834e+00 -1.580009e+00 -2.769379e-01
 -8.979316e-01 -1.648347e+00 -6.013544e-02
 -6.472072e-01 -1.621035e+00 1.518698e-01
 -3.738997e-01 -1.494621e+00 3.112192e-01
 -1.284278e-01 -1.296662e+00 3.883529e-01
 1.340281e-01 -1.089683e+00 3.630246e-01
 2.979120e-01 -9.942138e-01 3.959138e-01
 4.214206e-01 -9.357683e-01 4.350045e-01
 9.570961e-01 -7.255412e-01 6.754959e-01
 1.196268e+00 -5.374793e-01 7.567546e-01
 1.379611e+00 -2.910349e-01 7.877244e-01
 1.484734e+00 -8.333354e-03 7.816548e-01
 1.505870e+00 2.893699e-01 7.391832e-01
 1.439866e+00 5.783258e-01 6.637791e-01
 1.288804e+00 8.347436e-01 5.588522e-01
 8.929537e-01 1.185390e+00 3.062046e-01
 6.547820e-01 1.389671e+00 1.482226e-01
 5.368477e-01 1.548001e+00 3.068242e-02
 4.676729e-01 1.740534e+00 -9.431043e-02
 4.124463e-01 2.058054e+00 -1.650550e-01
 3.678487e-01 2.404503e+00 -1.145416e-01
 3.199013e-01 2.722657e+00 6.240533e-02
 2.624093e-01 2.954279e+00 3.391111e-01
 1.913759e-01 3.071836e+00 6.779556e-01
