 1.665536e+00 -6.500952e-01 -1.840196e+00
 1.839499e+00 -9.909139e-01 -1.678345e+00
 1.899856e+00 -1.290450e+00 -1.398003e+00
 1.837067e+00 -1.499667e+00 -1.045479e+00
 1.661877e+00 -1.584258e+00 -6.793440e-01
 1.411242e+00 -1.526384e+00 -3.568383e-01
 1.135094e+00 -1.326853e+00 -1.199957e-01
 8.812545e-01 -1.017472e+00 -1.314363e-02
 7.457906e-01 -7.301805e-01 -3.538161e-02
 7.851945e-01 4.525281e-03 -3.174899e-02
 7.136631e-01 3.997171e-01 -1.784751e-01
 5.509357e-01 6.634169e-01 -3.990574e-01
 3.036997e-01 8.128324e-01 -5.500969e-01
 1.091110e-01 1.003727e+00 -6.038837e-01
 -8.778795e-02 1.407943e+00 -7.733300e-01
 -4.057969e-01 1.665916e+00 -8.802615e-01
 -8.496877e-01 1.837826e+00 -8.593319e-01
 -1.255905e+00 1.839635e+00 -7.274763e-01
 -1.597623e+00 1.682912e+00 -5.043777e-01
 -1.817392e+00 1.384850e+00 -2.015037e-01
 -1.836586e+00 1.020878e+00 8.240078e-02
 -1.657141e+00 6.580528e-01 3.052379e-01
 -1.246331e+00 2.986339e-01 4.347707e-01
 -1.114163e+00 5.621854e-02 5.645435e-01
 -1.081857e+00 -4.760441e-01 8.567234e-01
 -9.363001e-01 -7.560409e-01 1.042326e+00
 -6.781459e-01 -9.604345e-01 1.194438e+00
 -3.506074e-01 -1.050750e+00 1.332173e+00
 -2.536676e-02 -1.010176e+00 1.471848e+00
 1.683371e-01 -9.025654e-01 1.554257e+00
 3.255181e-01 -7.455531e-01 1.707987e+00
 5.002539e-01 -6.685297e-01 1.852443e+00
 8.357891e-01 -5.815428e-01 1.956722e+00
 1.187216e+00 -5.220087e-01 1.934399e+00
 1.506577e+00 -4.649504e-01 1.790091e+00
 1.753532e+00 -4.271661e-01 1.550194e+00
 1.907100e+00 -4.142591e-01 1.246153e+00
 1.953918e+00 -4.197936e-01 9.129343e-01
 1.710638e+00 -5.157513e-01 -3.872030e-01
 1.529984e+00 -5.598693e-01 -6.917164e-01
 1.299156e+00 -6.391469e-01 -8.795961e-01
 1.152221e+00 -7.433615e-01 -9.586936e-01
 1.026495e+00 -8.657390e-01 -1.062987e+00
 8.555421e-01 -9.585744e-01 -1.269098e+00
 6.263425e-01 -9.596578e-01 -1.514651e+00
 2.042002e-01 -7.495735e-01 -1.957211e+00
 -2.015642e-01 -5.052512e-01 -2.338598e+00
 -4.812296e-01 -3.291608e-01 -2.474197e+00
 -7.361605e-01 -1.470176e-01 -2.500918e+00
 -9.710582e-01 4.796400e-02 -2.434510e+00
 -1.162612e+00 2.394807e-01 -2.283933e+00
 -1.292709e+00 4.122565e-01 -2.065915e+00
 -1.349897e+00 5.537642e-01 -1.802066e+00
 -1.329107e+00 6.545230e-01 -1.516806e+00
 -9.405094e-01 8.924153e-01 -4.521954e-01
 -8.741642e-01 9.762946e-01 -2.802709e-01
 -8.206179e-01 1.123136e+00 -1.035318e-01
 -7.651004e-01 1.536968e+00 1.602128e-01
 -6.149049e-01 1.778055e+00 4.331267e-01
 -4.267953e-01 1.881273e+00 7.607258e-01
 -2.024075e-01 1.842176e+00 1.052363e+00
 4.812881e-02 1.673412e+00 1.277595e+00
 3.114710e-01 1.373898e+00 1.412167e+00
 5.032340e-01 1.065953e+00 1.413226e+00
 8.479347e-01 1.011958e-01 1.107834e+00
 9.167980e-01 -3.904498e-01 9.552568e-01
 9.672869e-01 -6.553430e-01 9.415033e-01
 1.042067e+00 -9.350617e-01 1.001938e+00
 1.068189e+00 -1.270842e+00 1.222848e+00
 9.879208e-01 -1.519456e+00 1.533240e+00
 8.002828e-01 -1.647113e+00 1.874093e+00
 5.214734e-01 -1.642241e+00 2.176456e+00
 1.991481e-01 -1.504259e+00 2.390864e+00
 -1.143168e-01 -1.255547e+00 2.483137e+00
 -3.671085e-01 -9.348387e-01 2.439950e+00
 -5.169908e-01 -5.925705e-01 2.269638e+00
 -5.411383e-01 -2.852776e-01 1.998201e+00
 -4.476740e-01 -7.763818e-02 1.667509e+00
 -2.927956e-01 -1.536539e-02 1.347494e+00
 -1.340390e-01 -9.590652e-02 1.011656e+00
 -6.861606e-02 -2.932152e-01 6.859273e-01
 -2.912357e-01 -9.002262e-01 6.527051e-03
 -3.595295e-01 -1.031716e+00 -3.106379e-01
 -4.390123e-01 -1.057124e+00 -6.080677e-01
 -5.167376e-01 -9.897697e-01 -8.855705e-01
 -5.809041e-01 -8.349934e-01 -1.131758e+00
 -6.322208e-01 -6.055877e-01 -1.321308e+00
 -6.475945e-01 -3.143691e-01 -1.443187e+00
 -5.946733e-01 -8.804717e-02 -1.494776e+00
 -2.689521e-01 4.614719e-01 -1.642897e+00
 -4.720049e-03 7.541823e-01 -1.661524e+00
 4.644331e-01 1.045886e+00 -1.581678e+00
 7.180413e-01 1.218154e+00 -1.417481e+00
 8.915869e-01 1.389894e+00 -1.160780e+00
 9.600239e-01 1.535101e+00 -8.455129e-01
 9.197220e-01 1.627809e+00 -5.072150e-01
 7.860768e-01 1.641491e+00 -1.803024e-01
 5.931793e-01 1.555275e+00 1.055460e-01
 3.828670e-01 1.370748e+00 3.190268e-01
 6.008386e-02 1.000715e+00 4.826415e-01
 -1.711206e-01 8.587746e-01 6.671648e-01
 -6.145044e-01 8.756081e-01 1.006230e+00
 -9.403620e-01 8.023868e-01 1.268787e+00
 -1.264706e+00 6.554353e-01 1.394588e+00
 -1.578428e+00 4.477150e-01 1.395893e+00
 -1.862377e+00 1.975191e-01 1.261470e+00
 -2.047855e+00 -2.324175e-02 1.024072e+00
 -2.115759e+00 -2.053576e-01 7.217715e-01
 -2.056905e+00 -3.432194e-01 3.894213e-01
 -1.861547e+00 -4.185899e-01 3.655179e-02
 -1.601581e+00 -4.023663e-01 -2.219706e-01
 -1.295412e+00 -3.097775e-01 -3.843080e-01
 -5.368104e-01 -2.911515e-02 -4.742618e-01
 -2.459094e-01 -3.985254e-02 -5.458602e-01
 -2.376986e-02 -1.367279e-01 -6.583406e-01
 2.021122e-01 -1.922587e-01 -8.632336e-01
 5.655170e-01 2.805399e-02 -1.238716e+00
 7.954691e-01 5.925321e-02 -1.478899e+00
 1.103611e+00 -6.633113e-02 -1.721638e+00
 1.405533e+00 -3.223335e-01 -1.856002e+00
