 -1.040625e+00 -1.787313e+00 -2.231262e-01
 -1.966068e+00 -9.853162e-01 -6.650961e-02
 -2.119882e+00 -7.512141e-01 -9.091357e-03
 -2.201162e+00 -4.844124e-01 6.270183e-02
 -2.202774e+00 -2.061308e-01 1.292085e-01
 -2.125278e+00 6.951289e-02 1.763011e-01
 -1.973286e+00 3.166845e-01 2.017679e-01
 -1.609361e+00 6.511226e-01 2.079762e-01
 -1.478125e+00 8.516484e-01 2.287246e-01
 -1.410194e+00 1.071257e+00 2.545412e-01
 -1.336093e+00 1.287632e+00 3.726619e-01
 -1.169938e+00 1.506890e+00 6.045668e-01
 -9.608677e-01 1.613379e+00 8.308034e-01
 -6.882983e-01 1.621308e+00 1.031862e+00
 -3.980815e-01 1.541094e+00 1.166300e+00
 -1.157132e-01 1.373685e+00 1.232244e+00
 1.317610e-01 1.133278e+00 1.219783e+00
 3.991894e-01 7.572812e-01 1.071503e+00
 6.097403e-01 5.856038e-01 1.059896e+00
 1.018947e+00 3.157663e-01 1.239209e+00
 1.308652e+00 1.063489e-01 1.239782e+00
 1.568181e+00 -1.132272e-01 1.119455e+00
 1.743327e+00 -3.143622e-01 9.092053e-01
 1.826011e+00 -4.827546e-01 6.297664e-01
 1.826622e+00 -5.846366e-01 2.914476e-01
 1.755548e+00 -5.883154e-01 -6.101044e-02
 1.628493e+00 -4.862171e-01 -3.716443e-01
 1.493619e+00 -3.395553e-01 -5.539664e-01
 1.377631e+00 -1.568392e-01 -6.878263e-01
 1.313814e+00 1.603652e-01 -8.257634e-01
 1.330894e+00 9.643320e-01 -9.231679e-01
 1.233838e+00 1.308319e+00 -8.954500e-01
 1.032203e+00 1.595936e+00 -8.198466e-01
 7.563020e-01 1.787905e+00 -7.100663e-01
 4.539014e-01 1.863045e+00 -5.730522e-01
 1.567649e-01 1.824932e+00 -3.897304e-01
 -8.227032e-02 1.684133e+00 -1.768608e-01
 -2.421671e-01 1.451976e+00 2.937246e-02
 -3.296249e-01 1.023586e+00 2.911681e-01
 -4.813981e-01 7.226810e-01 5.063847e-01
 -7.052576e-01 6.177941e-01 8.530900e-01
 -9.883254e-01 6.168641e-01 1.085815e+00
 -1.307573e+00 6.951574e-01 1.218735e+00
 -1.646139e+00 8.209619e-01 1.230451e+00
 -1.953665e+00 9.749735e-01 1.121578e+00
 -2.200742e+00 1.118591e+00 9.009524e-01
 -2.351709e+00 1.237002e+00 6.044544e-01
 -2.402214e+00 1.298205e+00 2.667416e-01
 -2.346856e+00 1.296822e+00 -8.210987e-02
 -2.180028e+00 1.249814e+00 -3.968871e-01
 -1.923419e+00 1.158894e+00 -6.336551e-01
 -1.608941e+00 1.037314e+00 -7.618868e-01
 -1.278108e+00 8.962168e-01 -7.662266e-01
 -8.190042e-01 6.657639e-01 -5.865024e-01
 -6.746090e-01 5.493911e-01 -5.232520e-01
 -4.783381e-01 3.250228e-01 -4.602307e-01
 -3.015841e-01 8.667360e-02 -5.186705e-01
 7.684955e-02 -1.387123e-01 -6.509240e-01
 3.983710e-01 -4.372087e-01 -6.112007e-01
 6.432006e-01 -8.430429e-01 -3.891670e-01
 7.612159e-01 -9.983081e-01 -3.249188e-01
 9.314392e-01 -1.236753e+00 -3.311184e-01
 1.049587e+00 -1.550124e+00 -4.202007e-01
 1.075866e+00 -1.852986e+00 -5.879804e-01
 9.960812e-01 -2.121230e+00 -8.058859e-01
 8.131652e-01 -2.321845e+00 -1.036553e+00
 5.477694e-01 -2.431706e+00 -1.246460e+00
 2.318321e-01 -2.436602e+00 -1.410918e+00
 -9.662565e-02 -2.335647e+00 -1.508485e+00
 -3.965279e-01 -2.139635e+00 -1.527508e+00
 -6.309259e-01 -1.870761e+00 -1.464884e+00
 -7.703480e-01 -1.565066e+00 -1.320944e+00
 -7.991870e-01 -1.277072e+00 -1.111758e+00
 -7.291217e-01 -1.053767e+00 -8.599530e-01
 -6.146678e-01 -9.505213e-01 -6.364254e-01
 -3.689937e-01 -8.974947e-01 -6.993553e-02
 -2.275924e-01 -6.563070e-01 1.870681e-01
 -1.985982e-01 -4.833749e-01 3.138000e-01
 -2.032240e-01 -2.859335e-01 5.738039e-01
 -3.599385e-02 -7.388499e-02 1.480730e+00
 4.697433e-02 4.848965e-02 1.715492e+00
 1.676929e-01 2.210121e-01 1.904796e+00
 3.261188e-01 4.426734e-01 2.036399e+00
 5.024034e-01 6.619964e-01 2.087408e+00
 6.932452e-01 8.751076e-01 2.058145e+00
 8.713306e-01 1.072347e+00 1.944344e+00
 1.021722e+00 1.238002e+00 1.749972e+00
 1.126135e+00 1.360353e+00 1.483471e+00
 1.161254e+00 1.435553e+00 1.155875e+00
 1.126621e+00 1.440215e+00 8.524843e-01
 1.034691e+00 1.373683e+00 5.661418e-01
 7.168215e-01 1.074770e+00 2.252312e-02
 5.880799e-01 9.016055e-01 -2.147888e-01
 4.272893e-01 8.435544e-01 -4.536145e-01
 2.699083e-01 8.720603e-01 -8.905244e-01
 7.067341e-02 7.561129e-01 -1.216336e+00
 -2.060641e-01 5.400627e-01 -1.436533e+00
 -5.113432e-01 2.848587e-01 -1.500258e+00
 -8.224858e-01 4.363515e-02 -1.401986e+00
 -1.092666e+00 -1.362201e-01 -1.161085e+00
 -1.279249e+00 -2.073466e-01 -8.428367e-01
 -1.326033e+00 -2.408286e-01 -5.196523e-01
 -1.197013e+00 -3.015298e-01 1.836162e-03
 -1.208354e+00 -4.178349e-01 3.041558e-01
 -1.186774e+00 -6.182504e-01 5.365463e-01
 -1.040952e+00 -8.569523e-01 7.664297e-01
 -7.883455e-01 -1.049180e+00 9.397080e-01
 -4.626039e-01 -1.177086e+00 1.028512e+00
 -1.088037e-01 -1.221718e+00 1.023859e+00
 2.321962e-01 -1.158117e+00 9.476998e-01
 5.261260e-01 -9.807774e-01 8.322838e-01
 7.252191e-01 -7.184365e-01 6.942490e-01
 8.803091e-01 -1.964766e-01 3.617525e-01
 1.016691e+00 3.714696e-02 2.524182e-01
 1.163031e+00 1.924609e-01 2.383255e-01
 1.376132e+00 3.326272e-01 2.094837e-01
 1.698955e+00 4.281337e-01 9.080961e-02
 1.987753e+00 4.283383e-01 -9.357932e-02
 2.195259e+00 3.684987e-01 -3.401853e-01
 2.324588e+00 2.399469e-01 -6.339375e-01
 2.354689e+00 6.933558e-02 -9.065901e-01
 2.295322e+00 -1.320144e-01 -1.143366e+00
 2.157064e+00 -3.427259e-01 -1.324271e+00
 1.956878e+00 -5.424521e-01 -1.436243e+00
 1.714271e+00 -7.146209e-01 -1.473647e+00
 6.214623e-01 -1.272167e+00 -1.308767e+00
 3.702909e-01 -1.410102e+00 -1.181048e+00
 2.134104e-01 -1.494108e+00 -1.022533e+00
 1.399584e-01 -1.576634e+00 -8.686483e-01
 5.975852e-02 -1.702662e+00 -7.214874e-01
 -1.239088e-01 -1.851125e+00 -5.786761e-01
 -4.051068e-01 -1.938565e+00 -4.328815e-01
 -7.219111e-01 -1.921538e+00 -3.137450e-01
