 -3.476267e-01 -1.736953e+00 -1.930404e+00
 -2.830782e-01 -1.968512e+00 -1.654019e+00
 -1.917099e-01 -2.090586e+00 -1.299222e+00
 -9.443887e-02 -2.073980e+00 -9.558149e-01
 1.294518e-02 -1.925797e+00 -6.389100e-01
 1.001749e-01 -1.659879e+00 -3.857849e-01
 1.225827e-01 -1.329103e+00 -2.344631e-01
 8.032337e-02 -1.044739e+00 -2.045151e-01
 -4.700419e-02 -7.169558e-01 -2.173934e-01
 -2.396440e-01 -4.892466e-01 -3.304460e-01
 -4.233287e-01 -3.609129e-01 -3.728934e-01
 -7.231480e-01 -1.065512e-01 -3.408223e-01
 -1.076581e+00 2.324318e-01 -1.681825e-01
 -1.188100e+00 4.091722e-01 -5.522012e-02
 -1.230756e+00 5.787889e-01 7.803827e-02
 -1.247313e+00 7.832810e-01 3.173305e-01
 -1.335733e+00 1.180892e+00 6.243003e-01
 -1.216980e+00 1.501810e+00 8.922894e-01
 -9.394562e-01 1.703436e+00 1.201121e+00
 -5.689136e-01 1.723510e+00 1.474414e+00
 -1.856278e-01 1.553512e+00 1.664599e+00
 1.327242e-01 1.231775e+00 1.730721e+00
 3.104540e-01 8.104591e-01 1.684146e+00
 2.965098e-01 4.052039e-01 1.574454e+00
 1.263334e-01 9.775018e-02 1.510993e+00
 -4.032123e-02 -1.456731e-01 1.561307e+00
 -1.195564e-01 -4.192008e-01 1.674363e+00
 -8.427271e-02 -7.436214e-01 1.777072e+00
 4.608123e-02 -1.051352e+00 1.811232e+00
 2.350969e-01 -1.322356e+00 1.750937e+00
 4.526111e-01 -1.530692e+00 1.599925e+00
 6.616732e-01 -1.656719e+00 1.376835e+00
 8.406678e-01 -1.692449e+00 1.105548e+00
 9.741793e-01 -1.637142e+00 8.177389e-01
 1.049975e+00 -1.499919e+00 5.395912e-01
 1.077931e+00 -8.907191e-01 -1.939971e-01
 1.019209e+00 -7.310849e-01 -3.924463e-01
 8.256003e-01 -5.281012e-01 -7.411519e-01
 8.191953e-01 -3.891783e-01 -1.000995e+00
 8.852424e-01 -3.115836e-01 -1.383770e+00
 8.458405e-01 -1.914705e-01 -1.693796e+00
 7.146056e-01 1.313394e-02 -1.984185e+00
 5.467404e-01 2.265344e-01 -2.151451e+00
 3.479082e-01 4.361832e-01 -2.216839e+00
 1.221905e-01 6.396652e-01 -2.189399e+00
 -1.168509e-01 8.485112e-01 -2.051052e+00
 -3.065560e-01 1.008983e+00 -1.833305e+00
 -4.414706e-01 1.104523e+00 -1.556089e+00
 -5.121008e-01 1.129238e+00 -1.240346e+00
 -5.116510e-01 1.078964e+00 -9.224225e-01
 -3.903538e-01 9.230745e-01 -4.951702e-01
 -3.080355e-01 8.952860e-01 -1.547028e-01
 -2.619245e-01 9.713544e-01 2.222777e-01
 -2.759973e-01 1.003558e+00 4.821948e-01
 -3.123497e-01 9.691305e-01 7.011627e-01
 -3.903828e-01 8.776712e-01 9.123358e-01
 -5.147691e-01 7.707689e-01 1.075445e+00
 -6.444571e-01 7.142923e-01 1.272932e+00
 -7.153162e-01 6.686648e-01 1.551768e+00
 -6.854304e-01 5.990859e-01 1.868685e+00
 -5.494624e-01 5.086652e-01 2.163474e+00
 -3.363043e-01 3.788669e-01 2.385721e+00
 -7.881043e-02 2.180729e-01 2.513240e+00
 2.027619e-01 4.528779e-02 2.535147e+00
 4.783132e-01 -1.204073e-01 2.447784e+00
 7.114072e-01 -2.802428e-01 2.255497e+00
 8.625892e-01 -4.202666e-01 1.987190e+00
 9.125167e-01 -5.296605e-01 1.672073e+00
 8.570548e-01 -5.995818e-01 1.376646e+00
 6.907994e-01 -6.766232e-01 1.093360e+00
 4.770243e-01 -7.563142e-01 9.240336e-01
 2.465975e-01 -9.052375e-01 8.198701e-01
 -1.615627e-01 -1.098221e+00 7.748369e-01
 -4.336671e-01 -1.180869e+00 6.582872e-01
 -6.709874e-01 -1.252020e+00 4.451623e-01
 -8.332783e-01 -1.296569e+00 1.635277e-01
 -9.036292e-01 -1.306816e+00 -1.576749e-01
 -8.710981e-01 -1.287705e+00 -4.877993e-01
 -7.162182e-01 -1.228770e+00 -8.400498e-01
 -4.978276e-01 -1.142317e+00 -1.059271e+00
 -2.487760e-01 -1.076168e+00 -1.157590e+00
 4.231579e-02 -1.081095e+00 -1.230069e+00
 4.958016e-01 -1.289221e+00 -1.352152e+00
 8.300293e-01 -1.354909e+00 -1.347959e+00
 1.178746e+00 -1.305745e+00 -1.304452e+00
 1.484375e+00 -1.143171e+00 -1.240205e+00
 1.709432e+00 -8.923899e-01 -1.150086e+00
 1.824862e+00 -5.906115e-01 -1.030295e+00
 1.823234e+00 -2.728868e-01 -8.723948e-01
 1.705942e+00 7.281793e-03 -6.833681e-01
 1.487155e+00 2.176080e-01 -5.121660e-01
 9.421739e-01 5.042042e-01 -3.401808e-01
 7.340921e-01 7.907482e-01 -2.731072e-01
 6.305716e-01 1.253221e+00 -2.712104e-01
 4.937978e-01 1.500759e+00 -2.929852e-01
 2.809043e-01 1.709760e+00 -2.971019e-01
 2.886959e-03 1.856751e+00 -2.832842e-01
 -2.868898e-01 1.915990e+00 -2.650052e-01
 -6.518641e-01 1.886844e+00 -2.579005e-01
 -1.591073e+00 1.521768e+00 -3.282252e-01
 -1.831821e+00 1.370469e+00 -2.916128e-01
 -2.033574e+00 1.180765e+00 -1.961183e-01
 -2.187370e+00 9.411303e-01 -3.855887e-02
 -2.247816e+00 7.054212e-01 1.314909e-01
 -2.220309e+00 4.638709e-01 3.120041e-01
 -2.102907e+00 2.385629e-01 4.844021e-01
 -1.903874e+00 5.084575e-02 6.300003e-01
 -1.641737e+00 -8.099733e-02 7.321057e-01
 -1.316691e+00 -1.523706e-01 7.813920e-01
 -8.666206e-01 -1.680279e-01 7.489150e-01
 -4.229267e-01 -1.285952e-01 6.296186e-01
 -3.012476e-02 1.941497e-02 5.176129e-01
 1.231405e-01 7.970881e-02 5.037181e-01
 3.274800e-01 1.775293e-01 5.290342e-01
 8.353584e-01 4.648808e-01 6.953745e-01
 1.142168e+00 6.839089e-01 6.646066e-01
 1.405043e+00 9.023622e-01 4.997740e-01
 1.587308e+00 1.088384e+00 2.231785e-01
 1.670686e+00 1.232396e+00 -1.667978e-01
 1.633394e+00 1.282598e+00 -5.122895e-01
 1.502151e+00 1.247007e+00 -8.290414e-01
 1.272333e+00 1.137510e+00 -1.092513e+00
 9.435090e-01 9.743503e-01 -1.264988e+00
 6.250037e-01 7.912014e-01 -1.290623e+00
 3.128112e-01 5.166207e-01 -1.184938e+00
 1.437374e-01 3.565961e-01 -1.196683e+00
 -1.768884e-02 1.827836e-01 -1.286210e+00
 -1.749783e-01 -3.833956e-02 -1.478778e+00
 -3.215448e-01 -4.012737e-01 -1.920335e+00
 -3.722249e-01 -7.079116e-01 -2.102216e+00
 -3.949427e-01 -1.063397e+00 -2.168403e+00
 -3.864651e-01 -1.421581e+00 -2.108986e+00
