 1.727061e+00 -6.873648e-01 -1.433692e+00
 1.768285e+00 -3.996172e-01 -1.537694e+00
 1.743745e+00 -8.339184e-02 -1.581052e+00
 1.640594e+00 2.423021e-01 -1.555125e+00
 1.442407e+00 5.458502e-01 -1.448998e+00
 1.130361e+00 7.768015e-01 -1.252791e+00
 5.561949e-01 8.967515e-01 -8.768796e-01
 3.463288e-01 1.003754e+00 -6.392939e-01
 2.752539e-01 1.114139e+00 -4.715104e-01
 2.040413e-01 1.338699e+00 -2.662084e-01
 4.787254e-02 1.688523e+00 -1.538761e-01
 -2.267548e-01 2.002516e+00 -1.725464e-01
 -5.515215e-01 2.193658e+00 -2.896803e-01
 -8.747337e-01 2.249076e+00 -4.595665e-01
 -1.146889e+00 2.188703e+00 -6.373426e-01
 -1.354533e+00 2.050361e+00 -7.936007e-01
 -1.753724e+00 1.540221e+00 -1.181872e+00
 -2.071882e+00 1.007616e+00 -1.510792e+00
 -2.143403e+00 6.108006e-01 -1.609982e+00
 -2.089717e+00 2.124269e-01 -1.604853e+00
 -1.925167e+00 -1.312855e-01 -1.507446e+00
 -1.676293e+00 -3.764274e-01 -1.337012e+00
 -1.380254e+00 -4.902152e-01 -1.124204e+00
 -1.096169e+00 -4.655542e-01 -8.885674e-01
 -8.986429e-01 -3.441413e-01 -6.713213e-01
 -7.748559e-01 -1.508994e-01 -4.876613e-01
 -5.728262e-01 2.272513e-01 -3.259704e-01
 -3.719891e-01 4.353384e-01 -8.819689e-02
 -2.548560e-01 6.030407e-01 2.490486e-01
 -2.081311e-01 6.444410e-01 5.807253e-01
 -2.909302e-01 5.970985e-01 1.251878e+00
 -3.355842e-01 4.599191e-01 1.770814e+00
 -2.827907e-01 2.105645e-01 2.112275e+00
 -1.740685e-01 -8.000041e-02 2.310063e+00
 -5.406939e-02 -3.710923e-01 2.383251e+00
 4.910805e-02 -6.416868e-01 2.361369e+00
 1.429873e-01 -8.686914e-01 2.269283e+00
 2.418412e-01 -1.053260e+00 2.117361e+00
 3.267301e-01 -1.182263e+00 1.927605e+00
 4.568435e-01 -1.267281e+00 1.656548e+00
 5.829927e-01 -1.261159e+00 1.418762e+00
 7.119895e-01 -1.181096e+00 1.232623e+00
 9.270999e-01 -1.059102e+00 1.094323e+00
 1.106346e+00 -8.808113e-01 9.443075e-01
 1.238213e+00 -7.337596e-01 7.381814e-01
 1.360403e+00 -5.792175e-01 3.808299e-01
 1.452990e+00 -4.218332e-01 -9.910639e-02
 1.409654e+00 -3.096436e-01 -4.043761e-01
 1.278428e+00 -2.238318e-01 -6.151536e-01
 8.636800e-01 -1.923274e-01 -1.044932e+00
 7.548109e-01 -1.692524e-01 -1.135860e+00
 6.268097e-01 -1.326960e-01 -1.209887e+00
 5.141419e-01 -9.038784e-02 -1.248756e+00
 2.169712e-01 3.208009e-02 -1.301072e+00
 -7.297241e-01 4.156332e-01 -1.365444e+00
 -1.183127e+00 5.217114e-01 -1.168662e+00
 -1.411534e+00 5.180571e-01 -9.023151e-01
 -1.582651e+00 4.241099e-01 -7.056410e-01
 -1.701127e+00 2.674585e-01 -5.105973e-01
 -1.758329e+00 9.566049e-02 -3.558755e-01
 -1.788349e+00 -4.954898e-01 1.853372e-01
 -1.696406e+00 -7.379532e-01 5.616231e-01
 -1.533470e+00 -8.532915e-01 8.729151e-01
 -1.306020e+00 -8.852361e-01 1.135366e+00
 -1.035458e+00 -8.490630e-01 1.329177e+00
 -7.581727e-01 -7.647049e-01 1.434918e+00
 -4.883385e-01 -6.483440e-01 1.457512e+00
 6.479811e-02 -3.826352e-01 1.331459e+00
 4.430857e-01 -2.296192e-01 1.503397e+00
 8.247229e-01 -2.861296e-01 1.765979e+00
 1.146928e+00 -5.591705e-01 1.964971e+00
 1.363639e+00 -9.564617e-01 2.018032e+00
 1.472998e+00 -1.350878e+00 1.912313e+00
 1.470563e+00 -1.676078e+00 1.710694e+00
 1.377484e+00 -1.906948e+00 1.477606e+00
 1.249635e+00 -2.031743e+00 1.267128e+00
 1.062906e+00 -2.115000e+00 1.014287e+00
 4.038815e-01 -2.265857e+00 1.236403e-01
 1.396252e-01 -2.076462e+00 -2.706428e-01
 -2.490528e-02 -1.727167e+00 -5.295473e-01
 -7.785164e-02 -1.317154e+00 -6.393033e-01
 -2.207893e-02 -9.207983e-01 -6.164805e-01
 1.117442e-01 -6.152342e-01 -4.960793e-01
 2.376482e-01 -3.716305e-01 -2.706721e-01
 4.385622e-01 -1.634967e-01 -3.210405e-02
 6.338325e-01 1.526143e-01 7.787767e-02
 1.088299e+00 7.360721e-01 1.060270e-02
 1.217429e+00 1.038372e+00 -9.680786e-02
 1.241748e+00 1.355687e+00 -2.649884e-01
 1.171647e+00 1.610839e+00 -4.716753e-01
 1.013818e+00 1.792239e+00 -6.969984e-01
 7.831520e-01 1.895770e+00 -8.998654e-01
 5.114163e-01 1.916257e+00 -1.057478e+00
 2.168016e-01 1.870741e+00 -1.150467e+00
 -5.308259e-02 1.770446e+00 -1.172642e+00
 -3.135476e-01 1.621948e+00 -1.122380e+00
 -5.217943e-01 1.454377e+00 -9.967145e-01
 -6.533942e-01 1.317816e+00 -8.237926e-01
 -7.493907e-01 1.250039e+00 -6.239976e-01
 -9.872522e-01 1.207940e+00 -2.862837e-01
 -1.155410e+00 1.083351e+00 -7.673709e-02
 -1.269066e+00 8.527124e-01 1.775343e-01
 -1.277102e+00 5.749792e-01 3.921513e-01
 -1.188202e+00 3.154817e-01 5.442699e-01
 -1.056825e+00 8.018628e-02 6.045779e-01
 -9.239624e-01 -7.868477e-02 6.044007e-01
 -7.314237e-01 -3.031705e-01 5.325649e-01
 -5.552059e-01 -5.713812e-01 4.287384e-01
 -1.165283e-01 -1.024130e+00 4.436487e-01
 2.582525e-01 -1.214075e+00 3.365103e-01
 6.021160e-01 -1.247775e+00 1.477171e-01
 1.055663e+00 -1.289748e+00 -4.407704e-01
 1.289011e+00 -1.233717e+00 -7.973363e-01
 1.493089e+00 -1.105917e+00 -1.079926e+00
 1.630833e+00 -9.289989e-01 -1.277093e+00
