 -2.249836e+00 4.616129e-01 4.261665e-02
 -2.439551e+00 1.606683e-01 1.375194e-01
 -2.508068e+00 -1.797773e-01 2.790543e-01
 -2.450150e+00 -4.948016e-01 4.294400e-01
 -2.274392e+00 -7.737359e-01 5.637404e-01
 -2.002686e+00 -9.799710e-01 6.655460e-01
 -1.668229e+00 -1.087776e+00 7.233729e-01
 -1.321410e+00 -1.083461e+00 7.308595e-01
 -7.386662e-01 -8.625412e-01 7.248573e-01
 -4.106486e-01 -8.431335e-01 8.527256e-01
 -2.396530e-01 -8.145255e-01 9.867163e-01
 9.568928e-03 -6.629082e-01 1.106220e+00
 4.083302e-01 -5.195742e-01 1.093605e+00
 6.948982e-01 -5.180736e-01 1.004721e+00
 9.470732e-01 -5.948010e-01 9.304778e-01
 1.167486e+00 -7.058519e-01 7.816716e-01
 1.331379e+00 -8.743422e-01 6.048471e-01
 1.605485e+00 -1.503310e+00 -2.730295e-02
 1.653404e+00 -1.653105e+00 -3.049955e-01
 1.657907e+00 -1.718934e+00 -6.176327e-01
 1.618651e+00 -1.694170e+00 -9.327600e-01
 1.520593e+00 -1.573983e+00 -1.252237e+00
 1.382493e+00 -1.385816e+00 -1.483638e+00
 1.219729e+00 -1.151485e+00 -1.616049e+00
 1.057483e+00 -8.340419e-01 -1.654347e+00
 9.866453e-01 -5.642438e-01 -1.603206e+00
 1.012761e+00 -2.521544e-01 -1.486092e+00
 1.191466e+00 1.114304e-01 -1.449512e+00
 1.325330e+00 4.024465e-01 -1.292991e+00
 1.359160e+00 7.174134e-01 -1.010363e+00
 1.271866e+00 9.406019e-01 -7.113852e-01
 1.082214e+00 1.064597e+00 -4.223552e-01
 8.366408e-01 1.080913e+00 -1.912652e-01
 5.339158e-01 9.903299e-01 -2.404484e-02
 1.241807e-01 6.630530e-01 1.349413e-01
 -6.615906e-03 1.972262e-01 1.950114e-01
 8.286281e-03 -1.588438e-01 1.601669e-01
 2.430412e-01 -6.928095e-01 7.276480e-02
 3.572250e-01 -1.026202e+00 2.026889e-01
 4.110049e-01 -1.209338e+00 3.225763e-01
 4.537380e-01 -1.384805e+00 5.148317e-01
 5.162552e-01 -1.512794e+00 8.160548e-01
 5.985094e-01 -1.529678e+00 1.146483e+00
 6.961968e-01 -1.436431e+00 1.455963e+00
 8.027164e-01 -1.244617e+00 1.712558e+00
 8.962036e-01 -9.722075e-01 1.891857e+00
 9.616321e-01 -6.492807e-01 1.974863e+00
 1.080512e+00 6.349407e-01 1.887476e+00
 1.061385e+00 8.953717e-01 1.811457e+00
 9.982198e-01 1.127575e+00 1.683226e+00
 8.970907e-01 1.312584e+00 1.512787e+00
 7.536208e-01 1.440462e+00 1.324676e+00
 -5.334199e-02 1.728181e+00 3.932251e-01
 -2.053423e-01 1.686562e+00 8.477076e-02
 -3.544953e-01 1.548595e+00 -1.166209e-01
 -5.386321e-01 1.483260e+00 -2.737564e-01
 -7.603805e-01 1.479460e+00 -5.732544e-01
 -9.518599e-01 1.364352e+00 -8.226330e-01
 -1.175240e+00 1.154507e+00 -1.004001e+00
 -1.391412e+00 8.891691e-01 -1.077007e+00
 -1.556216e+00 5.905761e-01 -1.046081e+00
 -1.637185e+00 2.830520e-01 -9.255241e-01
 -1.648490e+00 -1.207348e-02 -6.929472e-01
 -1.606630e+00 -1.990234e-01 -4.036146e-01
 -1.547618e+00 -2.745025e-01 -9.201705e-02
 -1.492788e+00 -2.408249e-01 1.664656e-01
 -1.492720e+00 -1.021294e-01 4.769209e-01
 -1.658171e+00 9.997411e-02 8.181712e-01
 -1.687869e+00 3.703021e-01 1.096158e+00
 -1.545887e+00 6.256848e-01 1.422128e+00
 -1.266705e+00 7.865554e-01 1.678139e+00
 -8.892637e-01 8.710694e-01 1.803523e+00
 -4.008143e-01 8.594923e-01 1.777387e+00
 -3.822200e-03 7.380152e-01 1.600344e+00
 2.800265e-01 5.429597e-01 1.271087e+00
 4.356656e-01 4.987790e-01 1.113265e+00
 8.442319e-01 4.704542e-01 8.554972e-01
 1.059785e+00 3.407789e-01 5.746969e-01
 1.089785e+00 1.702749e-01 2.580390e-01
 9.969430e-01 6.735136e-02 -1.182336e-01
 8.268407e-01 7.975646e-02 -4.063992e-01
 6.410776e-01 1.178564e-01 -5.909952e-01
 5.026499e-01 2.026530e-01 -7.096591e-01
 4.180612e-01 3.466006e-01 -8.274630e-01
 3.211963e-01 6.659227e-01 -9.697487e-01
 2.651993e-01 8.851266e-01 -1.011799e+00
 1.422817e-01 1.784914e+00 -9.828325e-01
 4.000541e-03 2.098750e+00 -8.959667e-01
 -2.068972e-01 2.338082e+00 -7.425544e-01
 -4.599816e-01 2.473116e+00 -5.355942e-01
 -7.219306e-01 2.488863e+00 -2.923798e-01
 -9.417039e-01 2.388025e+00 -3.344660e-02
 -1.087199e+00 2.186887e+00 2.208837e-01
 -1.135479e+00 1.915017e+00 4.439852e-01
 -1.078088e+00 1.609446e+00 6.119090e-01
 -7.994164e-01 1.011296e+00 7.678400e-01
 -7.041875e-01 5.457027e-01 8.259172e-01
 -6.586809e-01 1.803262e-01 1.026152e+00
 -8.022113e-01 -1.090472e-01 1.447720e+00
 -8.981745e-01 -3.729140e-01 1.626231e+00
 -9.284481e-01 -7.227124e-01 1.732248e+00
 -8.812053e-01 -1.082818e+00 1.731639e+00
 -7.847137e-01 -1.415695e+00 1.611729e+00
 -6.839721e-01 -1.676511e+00 1.378215e+00
 -5.883156e-01 -1.833668e+00 1.058564e+00
 -3.443554e-01 -1.905157e+00 1.721711e-01
 -1.701873e-01 -1.866036e+00 -1.804362e-01
 9.586151e-03 -1.786009e+00 -4.044985e-01
 2.509147e-01 -1.638202e+00 -5.967251e-01
 4.745294e-01 -1.462808e+00 -7.009657e-01
 6.777438e-01 -1.260204e+00 -7.262939e-01
 1.007714e+00 -9.085449e-01 -6.342106e-01
 1.338276e+00 -7.496631e-01 -6.631904e-01
 1.559095e+00 -6.896756e-01 -7.482275e-01
 1.783189e+00 -6.245832e-01 -9.389825e-01
 1.954955e+00 -5.580161e-01 -1.223897e+00
 2.015665e+00 -5.016805e-01 -1.521920e+00
 1.976877e+00 -4.341210e-01 -1.827475e+00
 1.844789e+00 -3.391115e-01 -2.101581e+00
 1.638559e+00 -2.309265e-01 -2.310990e+00
 1.374326e+00 -1.241595e-01 -2.441225e+00
 1.073740e+00 -2.998889e-02 -2.481162e+00
 7.655624e-01 4.424053e-02 -2.424824e+00
 4.803241e-01 8.352313e-02 -2.279005e+00
 -3.483773e-01 1.076434e-01 -1.483740e+00
 -4.721667e-01 1.304823e-01 -1.304736e+00
 -5.563759e-01 1.729315e-01 -1.108979e+00
 -6.697421e-01 3.436571e-01 -5.941392e-01
 -8.135385e-01 4.673814e-01 -3.419056e-01
 -1.008201e+00 5.849408e-01 -1.590991e-01
 -1.293822e+00 7.397984e-01 -7.268528e-02
 -1.612106e+00 7.747748e-01 -2.535854e-02
 -1.963620e+00 6.759814e-01 -2.436841e-03
