 -1.128224e+00 -3.373955e-01 1.506435e+00
 -9.494543e-01 -6.179749e-01 1.706478e+00
 -6.795692e-01 -9.174413e-01 1.781545e+00
 -3.759146e-01 -1.153266e+00 1.715071e+00
 -4.898987e-02 -1.293401e+00 1.527510e+00
 2.473623e-01 -1.292388e+00 1.260286e+00
 4.705460e-01 -1.156008e+00 9.498550e-01
 5.793429e-01 -8.828630e-01 5.326305e-01
 7.097884e-01 -8.155663e-01 3.249476e-01
 7.870098e-01 -8.069297e-01 1.558219e-01
 8.400916e-01 -8.345431e-01 -7.764149e-02
 8.860239e-01 -9.893971e-01 -1.182117e+00
 8.115356e-01 -9.383056e-01 -1.544149e+00
 6.576738e-01 -7.916833e-01 -1.849901e+00
 4.439943e-01 -5.714158e-01 -2.058722e+00
 1.977618e-01 -3.089266e-01 -2.143824e+00
 -5.023850e-02 -4.033714e-02 -2.095239e+00
 -2.689002e-01 1.973912e-01 -1.920615e+00
 -6.463739e-01 5.610927e-01 -1.317430e+00
 -8.477950e-01 8.052044e-01 -1.178460e+00
 -1.080205e+00 9.417078e-01 -1.122102e+00
 -1.444131e+00 9.937312e-01 -1.031141e+00
 -1.785271e+00 9.157866e-01 -9.371851e-01
 -2.076106e+00 7.201358e-01 -8.477802e-01
 -2.659020e+00 -1.005604e-01 -6.098846e-01
 -2.812622e+00 -4.742400e-01 -4.022159e-01
 -2.822406e+00 -7.736922e-01 -1.509996e-01
 -2.703647e+00 -1.017016e+00 1.279005e-01
 -2.470875e+00 -1.179315e+00 3.888769e-01
 -2.154315e+00 -1.248336e+00 5.908750e-01
 -1.793977e+00 -1.225155e+00 7.030301e-01
 -8.008594e-01 -9.243235e-01 7.280592e-01
 -5.418375e-01 -7.747660e-01 7.797068e-01
 -4.145655e-01 -6.476241e-01 8.273201e-01
 -2.767445e-01 -4.459668e-01 9.499590e-01
 -3.753973e-02 -2.885868e-01 1.256032e+00
 4.350999e-01 -3.045621e-01 1.839604e+00
 8.122246e-01 -2.675043e-01 2.036843e+00
 1.226904e+00 -1.550833e-01 2.074502e+00
 1.597961e+00 1.468073e-02 1.946444e+00
 1.880047e+00 1.895950e-01 1.658374e+00
 2.006334e+00 3.330954e-01 1.264635e+00
 1.936668e+00 4.725978e-01 8.715870e-01
 1.770681e+00 6.143914e-01 6.593186e-01
 1.669422e+00 7.756330e-01 5.383630e-01
 1.622319e+00 9.642316e-01 3.229332e-01
 1.559906e+00 1.062378e+00 4.569606e-02
 1.423130e+00 1.060332e+00 -2.874493e-01
 1.261172e+00 9.562253e-01 -5.790486e-01
 1.090587e+00 7.612917e-01 -7.990262e-01
 8.175737e-01 3.462988e-01 -1.001525e+00
 6.083628e-01 1.061281e-01 -1.079127e+00
 2.985170e-01 -1.557379e-01 -1.131452e+00
 7.484636e-02 -3.450767e-01 -1.125876e+00
 -5.068022e-01 -6.692511e-01 -1.140294e+00
 -1.016636e+00 -9.600444e-01 -7.862702e-01
 -1.343678e+00 -9.689740e-01 -4.812404e-01
 -1.672654e+00 -7.807389e-01 -2.305046e-01
 -1.963279e+00 -2.854122e-01 1.296656e-01
 -2.040165e+00 1.835809e-02 2.077115e-01
 -2.019368e+00 3.150931e-01 2.452758e-01
 -1.888462e+00 6.188822e-01 3.046565e-01
 -1.662266e+00 8.592229e-01 3.621349e-01
 -1.362380e+00 1.013689e+00 4.072320e-01
 -1.019214e+00 1.063268e+00 4.399340e-01
 1.126518e-01 8.548011e-01 4.995312e-01
 4.443834e-01 7.276100e-01 4.123358e-01
 6.508849e-01 5.934907e-01 2.797390e-01
 9.558190e-01 2.002466e-01 6.271270e-02
 1.320618e+00 5.050526e-02 -8.319669e-02
 1.709644e+00 7.260889e-02 -2.140332e-01
 2.108451e+00 2.398453e-01 -2.313072e-01
 2.423222e+00 4.970542e-01 -1.194559e-01
 2.613140e+00 7.949624e-01 1.083413e-01
 2.643403e+00 1.089792e+00 4.074700e-01
 2.516112e+00 1.320310e+00 7.361425e-01
 2.265576e+00 1.435156e+00 1.044198e+00
 1.939886e+00 1.414244e+00 1.290329e+00
 1.584025e+00 1.273272e+00 1.428765e+00
 1.265718e+00 1.036444e+00 1.444049e+00
 1.030497e+00 6.957401e-01 1.361671e+00
 9.553392e-01 3.513117e-01 1.206184e+00
 1.025312e+00 6.886952e-02 1.089711e+00
 1.128051e+00 -1.602214e-01 1.046046e+00
 1.436314e+00 -5.866022e-01 1.027645e+00
 1.544555e+00 -1.022021e+00 8.931446e-01
 1.468125e+00 -1.418769e+00 6.655098e-01
 1.214736e+00 -1.705891e+00 4.118861e-01
 8.365956e-01 -1.833957e+00 1.992552e-01
 4.164455e-01 -1.766527e+00 2.841076e-02
 6.503051e-02 -1.509394e+00 -1.005496e-01
 -1.478141e-01 -1.112841e+00 -1.666784e-01
 -1.763730e-01 -7.610682e-01 -1.529375e-01
 -1.222956e-01 -3.650840e-01 -1.179429e-01
 -7.036149e-02 5.087908e-02 -1.981536e-01
 -1.091342e-01 3.801722e-01 -3.714561e-01
 5.311433e-02 9.375040e-01 -6.760339e-01
 1.024681e-01 1.171043e+00 -9.614732e-01
 2.704719e-02 1.343408e+00 -1.316123e+00
 -1.639561e-01 1.412161e+00 -1.656982e+00
 -4.397183e-01 1.373155e+00 -1.932140e+00
 -7.573149e-01 1.239194e+00 -2.102133e+00
 -1.057475e+00 1.025152e+00 -2.155383e+00
 -1.297200e+00 7.479247e-01 -2.101268e+00
 -1.457380e+00 4.549047e-01 -1.938840e+00
 -1.532488e+00 2.011040e-01 -1.681800e+00
 -1.512356e+00 2.351191e-02 -1.368939e+00
 -1.423637e+00 -4.506165e-02 -1.046054e+00
 -1.339150e+00 1.002192e-02 -7.923570e-01
 -1.144379e+00 1.289465e-01 -4.328656e-01
 -1.068680e+00 1.589981e-01 -8.368744e-02
 -9.972734e-01 5.663443e-02 2.684657e-01
 -1.185964e+00 2.726405e-02 8.322396e-01
 -1.212617e+00 -1.114405e-01 1.201979e+00
