 1.389831e+00 4.942379e-01 6.375563e-01
 1.155570e+00 4.911013e-01 8.458857e-01
 8.705326e-01 5.203629e-01 9.769241e-01
 5.665625e-01 5.650201e-01 1.014786e+00
 -7.000740e-01 7.450902e-01 7.743773e-01
 -9.517874e-01 7.459520e-01 6.518967e-01
 -1.255516e+00 6.286389e-01 4.559053e-01
 -1.458065e+00 5.753201e-01 3.800054e-01
 -1.809503e+00 6.067890e-01 2.458649e-01
 -2.144611e+00 8.285019e-01 -3.542038e-03
 -2.295142e+00 1.154574e+00 -3.194274e-01
 -2.222996e+00 1.493501e+00 -6.512662e-01
 -1.943830e+00 1.771344e+00 -9.245978e-01
 -1.519227e+00 1.928860e+00 -1.079089e+00
 -1.041295e+00 1.933664e+00 -1.080959e+00
 -6.132593e-01 1.786226e+00 -9.292810e-01
 -3.296812e-01 1.519406e+00 -6.612777e-01
 -2.440728e-01 1.159699e+00 -3.650974e-01
 -3.395366e-01 8.583968e-01 -2.064807e-01
 -4.193928e-01 4.655697e-01 -1.617403e-01
 -5.966254e-01 -2.838139e-01 8.118358e-02
 -6.309665e-01 -4.517161e-01 1.004183e-01
 -6.985232e-01 -7.547750e-01 7.515274e-02
 -8.513814e-01 -1.011950e+00 -2.478724e-02
 -1.022439e+00 -1.258594e+00 -3.073344e-01
 -1.104472e+00 -1.406226e+00 -7.407682e-01
 -1.022338e+00 -1.421469e+00 -1.183986e+00
 -7.878733e-01 -1.339754e+00 -1.550752e+00
 -4.557082e-01 -1.178918e+00 -1.775473e+00
 -5.769215e-02 -9.695584e-01 -1.827956e+00
 3.269966e-01 -7.879040e-01 -1.682894e+00
 6.181905e-01 -6.881987e-01 -1.385710e+00
 7.712977e-01 -7.320253e-01 -1.081919e+00
 1.072081e+00 -1.022466e+00 -6.036904e-01
 1.270282e+00 -1.036069e+00 -2.480678e-01
 1.333603e+00 -8.763619e-01 1.794922e-01
 1.192277e+00 -6.932733e-01 5.757962e-01
 8.823073e-01 -5.472976e-01 8.674811e-01
 4.763626e-01 -4.764429e-01 1.002225e+00
 7.723707e-02 -5.384849e-01 1.000910e+00
 -1.822257e-01 -7.117112e-01 9.628447e-01
 -4.187269e-01 -9.587916e-01 1.023009e+00
 -7.201077e-01 -1.123320e+00 1.236587e+00
 -1.098413e+00 -1.102111e+00 1.504507e+00
 -1.448313e+00 -8.863664e-01 1.703638e+00
 -1.725331e+00 -5.297688e-01 1.773219e+00
 -1.866045e+00 -1.003764e-01 1.708491e+00
 -1.794302e+00 1.183550e+00 1.138311e+00
 -1.703151e+00 1.479220e+00 8.190464e-01
 -1.558401e+00 1.607611e+00 4.200530e-01
 -1.386783e+00 1.544500e+00 1.019326e-02
 -1.268444e+00 1.359129e+00 -2.385406e-01
 -1.272003e+00 1.096697e+00 -4.999540e-01
 -1.214204e+00 9.734206e-01 -7.206917e-01
 -1.012891e+00 7.995413e-01 -9.738332e-01
 -7.202821e-01 6.661766e-01 -1.140875e+00
 -3.856673e-01 5.704995e-01 -1.196146e+00
 8.825528e-01 2.612506e-01 -9.388762e-01
 1.115363e+00 1.770951e-01 -8.084633e-01
 1.495223e+00 -9.365512e-02 -5.665059e-01
 1.798858e+00 -1.835015e-01 -4.517891e-01
 2.170199e+00 -1.212258e-01 -2.761210e-01
 2.468954e+00 1.008528e-01 -6.656959e-02
 2.621407e+00 4.284094e-01 1.766934e-01
 2.593919e+00 8.001270e-01 4.051879e-01
 2.389346e+00 1.149154e+00 5.763612e-01
 2.043078e+00 1.411664e+00 6.562548e-01
 1.618403e+00 1.537872e+00 6.269173e-01
 1.195781e+00 1.503002e+00 4.911261e-01
 8.563680e-01 1.307354e+00 2.872794e-01
 6.577630e-01 9.816140e-01 8.374972e-02
 6.211877e-01 6.610166e-01 -6.277491e-03
 5.497388e-01 2.945207e-01 1.964050e-02
 4.877959e-01 -5.740427e-02 -9.341926e-03
 3.575227e-01 -5.757550e-01 -2.477623e-02
 2.977509e-01 -9.013489e-01 7.785476e-02
 3.480886e-01 -1.185662e+00 2.300993e-01
 4.267955e-01 -1.419655e+00 5.432549e-01
 4.602902e-01 -1.512893e+00 9.596023e-01
 4.305567e-01 -1.448875e+00 1.356329e+00
 3.020383e-01 -1.258847e+00 1.700050e+00
 8.624966e-02 -9.924301e-01 1.924285e+00
 -1.704645e-01 -6.807174e-01 1.994225e+00
 -4.318858e-01 -3.776181e-01 1.898482e+00
 -6.874142e-01 -1.636969e-01 1.664570e+00
 -8.875808e-01 -8.709424e-02 1.353191e+00
 -1.036265e+00 -1.548203e-01 1.094573e+00
 -1.488877e+00 -4.143488e-01 6.488655e-01
 -1.657241e+00 -4.156815e-01 2.779388e-01
 -1.616840e+00 -3.375161e-01 -2.206691e-01
 -1.320953e+00 -3.257516e-01 -6.653147e-01
 -8.759525e-01 -4.038553e-01 -9.026904e-01
 -4.482646e-01 -5.951119e-01 -9.116586e-01
 -2.101590e-01 -8.814162e-01 -8.110265e-01
 -7.930633e-02 -1.219506e+00 -8.041649e-01
 1.339431e-01 -1.537743e+00 -9.808261e-01
 4.526681e-01 -1.712373e+00 -1.233130e+00
 8.376283e-01 -1.698836e+00 -1.462130e+00
 1.209521e+00 -1.511404e+00 -1.608377e+00
 1.502853e+00 -1.183518e+00 -1.651521e+00
 2.023618e+00 1.163632e-01 -1.431863e+00
 2.085508e+00 5.116436e-01 -1.173396e+00
 2.014795e+00 7.809072e-01 -7.944615e-01
 1.841210e+00 8.644645e-01 -3.628324e-01
 1.664983e+00 7.640569e-01 -5.904909e-02
 1.604123e+00 5.944422e-01 1.957260e-01
 1.553289e+00 5.415941e-01 3.799533e-01
