 2.406135e+00 2.393555e-01 2.392269e-01
 2.267722e+00 4.791932e-01 -3.744374e-02
 2.020916e+00 6.616861e-01 -2.337269e-01
 1.687357e+00 7.637945e-01 -3.591793e-01
 1.304605e+00 7.497859e-01 -4.161841e-01
 9.722434e-01 6.219989e-01 -4.093615e-01
 7.656207e-01 4.443602e-01 -3.628521e-01
 6.213889e-01 2.569372e-01 -3.753798e-01
 4.377219e-01 7.346416e-02 -4.905348e-01
 3.178660e-01 -2.599134e-02 -5.312808e-01
 -2.928110e-01 -6.041937e-01 -6.003103e-01
 -5.935804e-01 -8.962776e-01 -5.702934e-01
 -7.360564e-01 -1.185267e+00 -6.013539e-01
 -7.661176e-01 -1.542885e+00 -6.363504e-01
 -6.715061e-01 -1.888655e+00 -6.424388e-01
 -4.703681e-01 -2.180263e+00 -6.108370e-01
 -1.892013e-01 -2.387234e+00 -5.322470e-01
 1.370113e-01 -2.482469e+00 -4.143329e-01
 4.693082e-01 -2.451297e+00 -2.841629e-01
 7.625941e-01 -2.299464e+00 -1.461115e-01
 9.780708e-01 -2.041954e+00 1.523337e-03
 1.083762e+00 -1.723372e+00 1.250638e-01
 1.074257e+00 -1.375253e+00 2.069337e-01
 9.548451e-01 -1.051693e+00 2.358399e-01
 6.066482e-01 -6.431085e-01 2.620711e-01
 4.014025e-01 -3.314920e-01 4.291966e-01
 7.383168e-02 -9.937772e-02 6.059649e-01
 -2.448398e-01 6.369483e-02 9.480441e-01
 -4.671058e-01 2.366955e-01 1.300343e+00
 -6.477706e-01 4.721750e-01 1.500986e+00
 -8.404071e-01 7.795858e-01 1.594474e+00
 -1.020435e+00 1.081427e+00 1.562453e+00
 -1.162591e+00 1.355270e+00 1.419711e+00
 -1.240891e+00 1.583127e+00 1.185283e+00
 -1.246959e+00 1.743667e+00 8.796610e-01
 -1.164113e+00 1.825591e+00 5.055106e-01
 -1.029161e+00 1.800991e+00 1.916395e-01
 -8.488218e-01 1.680845e+00 -7.475436e-02
 -3.800887e-01 1.216731e+00 -5.051832e-01
 -2.374017e-01 1.050659e+00 -6.284571e-01
 -3.505051e-02 9.444584e-01 -7.854607e-01
 2.283266e-01 8.547377e-01 -1.126525e+00
 5.254250e-01 6.336577e-01 -1.344330e+00
 8.401265e-01 3.517799e-01 -1.391239e+00
 1.121163e+00 6.293173e-02 -1.259697e+00
 1.354890e+00 -1.541972e-01 -9.677617e-01
 1.488528e+00 -2.631326e-01 -5.636945e-01
 1.504053e+00 -2.276365e-01 -1.255242e-01
 1.440342e+00 -7.915313e-02 1.784049e-01
 1.388575e+00 8.122699e-02 3.473628e-01
 1.428456e+00 3.193860e-01 5.343659e-01
 1.560602e+00 7.218916e-01 7.187298e-01
 1.511975e+00 1.102822e+00 8.701018e-01
 1.299744e+00 1.434896e+00 1.013085e+00
 9.586598e-01 1.655943e+00 1.122124e+00
 5.504494e-01 1.726901e+00 1.176519e+00
 1.394680e-01 1.653262e+00 1.131917e+00
 -1.978857e-01 1.471711e+00 9.711810e-01
 -5.019592e-01 1.056086e+00 6.660540e-01
 -7.337472e-01 9.004522e-01 5.747615e-01
 -1.255924e+00 7.034801e-01 5.989993e-01
 -1.594474e+00 4.903485e-01 4.693090e-01
 -1.808143e+00 2.228626e-01 2.348135e-01
 -1.863076e+00 -4.379224e-02 -6.261157e-02
 -1.762500e+00 -2.538603e-01 -4.061403e-01
 -1.523005e+00 -3.544225e-01 -7.610933e-01
 -1.214864e+00 -2.848162e-01 -1.063152e+00
 -9.720890e-01 -1.371171e-01 -1.182565e+00
 -8.261325e-01 5.963604e-02 -1.298621e+00
 -7.283821e-01 3.530188e-01 -1.425365e+00
 -7.103375e-01 9.492292e-01 -1.567937e+00
 -6.244900e-01 1.274023e+00 -1.563898e+00
 -4.608434e-01 1.559804e+00 -1.489483e+00
 -2.403124e-01 1.772906e+00 -1.352223e+00
 5.781946e-03 1.893622e+00 -1.159434e+00
 2.277453e-01 1.919525e+00 -9.186513e-01
 3.973634e-01 1.857612e+00 -6.430652e-01
 4.937846e-01 1.718382e+00 -3.622575e-01
 5.270213e-01 1.234603e+00 2.560225e-01
 5.566652e-01 9.078079e-01 5.315670e-01
 5.378599e-01 7.848442e-01 7.709874e-01
 5.757586e-01 6.986323e-01 1.037690e+00
 6.058762e-01 5.192684e-01 1.294754e+00
 5.539259e-01 2.383363e-01 1.560691e+00
 2.187184e-01 -5.285781e-01 2.059950e+00
 1.060711e-01 -8.934614e-01 2.153639e+00
 3.157977e-02 -1.227741e+00 2.124492e+00
 -1.839739e-02 -1.539172e+00 1.985167e+00
 -4.250875e-02 -1.791277e+00 1.749802e+00
 -4.241677e-02 -1.954040e+00 1.443871e+00
 -2.264393e-02 -2.007523e+00 1.101431e+00
 1.050004e-02 -1.933525e+00 7.037969e-01
 7.544424e-02 -1.532735e+00 -2.443763e-02
 1.752941e-01 -1.473836e+00 -2.585881e-01
 2.522134e-01 -1.468025e+00 -4.570462e-01
 2.540231e-01 -1.468201e+00 -7.537993e-01
 1.510272e-01 -1.410400e+00 -1.074916e+00
 -3.575219e-02 -1.293759e+00 -1.340083e+00
 -9.388465e-01 -7.258482e-01 -2.002614e+00
 -1.151631e+00 -5.503544e-01 -2.087100e+00
 -1.359126e+00 -3.306230e-01 -2.097792e+00
 -1.538545e+00 -8.416195e-02 -2.025161e+00
 -1.668237e+00 1.655821e-01 -1.867480e+00
 -1.736090e+00 3.866179e-01 -1.630858e+00
 -1.734057e+00 5.410106e-01 -1.348638e+00
 -1.631840e+00 6.500342e-01 -1.038194e+00
 -1.443202e+00 6.832758e-01 -7.686209e-01
 -1.182713e+00 5.948139e-01 -4.969333e-01
 -9.904357e-01 4.290316e-01 -3.517466e-01
 -8.484798e-01 2.123741e-01 -2.264007e-01
 -8.437381e-01 -1.387395e-01 1.099300e-01
 -8.689043e-01 -4.318670e-01 2.873540e-01
 -7.712814e-01 -7.032033e-01 4.700260e-01
 -5.745187e-01 -9.073032e-01 7.096517e-01
 -3.270323e-01 -9.893649e-01 9.408304e-01
 -2.068189e-02 -9.866757e-01 1.102086e+00
 3.607553e-01 -1.030184e+00 1.178572e+00
 7.051141e-01 -9.554871e-01 1.246918e+00
 9.500923e-01 -8.681306e-01 1.245553e+00
 1.985523e+00 -4.651729e-01 9.677486e-01
 2.252464e+00 -2.603829e-01 7.786265e-01
 2.399828e+00 -1.571352e-02 5.211064e-01
