 -7.693798e-01 2.612422e+00 -1.550351e-02
 -3.939412e-01 2.630650e+00 -1.776903e-01
 -4.621007e-02 2.486183e+00 -3.512115e-01
 2.114062e-01 2.200253e+00 -5.109181e-01
 3.264066e-01 1.835470e+00 -6.367890e-01
 2.761358e-01 1.444951e+00 -7.543239e-01
 1.175397e-01 1.174333e+00 -7.958826e-01
 -1.128373e-01 9.760698e-01 -8.906363e-01
 -4.799769e-01 8.247610e-01 -1.183989e+00
 -9.149083e-01 7.152092e-01 -1.270989e+00
 -1.392609e+00 5.372610e-01 -1.137463e+00
 -2.176994e+00 1.412208e-01 -3.918109e-01
 -2.333992e+00 -5.172215e-02 -1.117707e-01
 -2.373123e+00 -2.922583e-01 1.648529e-01
 -2.288855e+00 -5.488100e-01 4.179731e-01
 -2.087587e+00 -7.835227e-01 6.246363e-01
 -1.790840e+00 -9.601167e-01 7.669865e-01
 -1.434587e+00 -1.048658e+00 8.349173e-01
 -8.905182e-01 -1.038217e+00 8.062549e-01
 -5.865840e-01 -1.127407e+00 7.899046e-01
 -3.548158e-01 -1.284426e+00 7.864008e-01
 -1.697209e-02 -1.693237e+00 9.366429e-01
 2.604994e-01 -1.897105e+00 9.514732e-01
 5.736431e-01 -2.025174e+00 8.873189e-01
 8.945468e-01 -2.061709e+00 7.516621e-01
 1.182236e+00 -1.993696e+00 5.800311e-01
 1.410318e+00 -1.830346e+00 3.920683e-01
 1.555139e+00 -1.588102e+00 1.944245e-01
 1.584389e+00 -1.328006e+00 2.161427e-02
 1.506480e+00 -1.071217e+00 -1.370521e-01
 1.358730e+00 -8.804823e-01 -2.740992e-01
 1.203250e+00 -7.900121e-01 -3.955322e-01
 1.044031e+00 -7.443709e-01 -5.556099e-01
 8.914116e-01 -7.510334e-01 -7.041260e-01
 -1.391301e-01 -8.507968e-01 -1.193937e+00
 -4.846499e-01 -8.426890e-01 -1.236825e+00
 -8.178566e-01 -8.086155e-01 -1.166709e+00
 -1.101377e+00 -7.422795e-01 -9.992352e-01
 -1.306333e+00 -6.631317e-01 -7.538956e-01
 -1.415795e+00 -5.873467e-01 -4.487911e-01
 -1.419320e+00 -4.964583e-01 -1.597534e-01
 -1.283633e+00 -1.770054e-01 3.273894e-01
 -1.106770e+00 -6.132761e-02 5.387733e-01
 -8.108768e-01 1.679533e-01 6.970926e-01
 -5.400157e-01 4.363497e-01 7.072787e-01
 -3.361019e-01 6.287521e-01 6.028493e-01
 7.602093e-02 8.002104e-01 2.774466e-01
 3.465627e-01 9.814186e-01 1.625427e-01
 6.282135e-01 1.217857e+00 1.630094e-01
 9.819169e-01 1.398186e+00 3.192986e-01
 1.328456e+00 1.420101e+00 5.622902e-01
 1.628759e+00 1.271443e+00 8.262487e-01
 1.839973e+00 9.738357e-01 1.048380e+00
 1.924736e+00 5.806936e-01 1.189254e+00
 1.869436e+00 1.611507e-01 1.225131e+00
 1.684939e+00 -2.124683e-01 1.150894e+00
 8.425028e-01 -1.010526e+00 6.311114e-01
 7.538030e-01 -1.073109e+00 5.476511e-01
 6.026715e-01 -1.169189e+00 3.256966e-01
 5.354709e-01 -1.329452e+00 1.415721e-01
 5.774028e-01 -1.547288e+00 -1.257684e-01
 7.476698e-01 -1.716833e+00 -4.262576e-01
 9.849872e-01 -1.765267e+00 -6.823173e-01
 1.263656e+00 -1.676616e+00 -9.222075e-01
 1.532225e+00 -1.454100e+00 -1.103298e+00
 1.748965e+00 -1.160174e+00 -1.176292e+00
 1.895065e+00 -8.333353e-01 -1.144066e+00
 1.962661e+00 -5.104280e-01 -1.014143e+00
 1.945676e+00 -2.291797e-01 -8.067176e-01
 1.847905e+00 -1.961971e-02 -5.490514e-01
 1.272777e+00 3.826499e-01 3.850482e-01
 1.024159e+00 4.423435e-01 7.017034e-01
 8.926466e-01 5.561286e-01 9.193371e-01
 7.043872e-01 7.813873e-01 1.102047e+00
 5.013792e-01 1.056141e+00 1.177634e+00
 2.943889e-01 1.333631e+00 1.130813e+00
 7.804289e-02 1.563019e+00 9.698773e-01
 -1.472563e-01 1.698400e+00 7.226992e-01
 -3.395953e-01 1.724689e+00 4.140112e-01
 -4.963477e-01 1.621560e+00 -1.575001e-02
 -5.773253e-01 1.621071e+00 -2.179498e-01
 -6.814137e-01 1.673387e+00 -4.159314e-01
 -7.120957e-01 1.771468e+00 -6.569180e-01
 -6.345846e-01 1.854902e+00 -1.022086e+00
 -4.763492e-01 1.861697e+00 -1.305977e+00
 -2.617688e-01 1.772919e+00 -1.553669e+00
 -2.503180e-02 1.597235e+00 -1.722436e+00
 2.333391e-01 1.335419e+00 -1.796204e+00
 4.291551e-01 1.067942e+00 -1.763570e+00
 5.833225e-01 7.991122e-01 -1.627662e+00
 6.746547e-01 5.601696e-01 -1.401852e+00
 6.898887e-01 3.782986e-01 -1.110681e+00
 5.505407e-01 1.595697e-01 -4.369629e-01
 5.260343e-01 1.055000e-01 -3.231636e-01
 4.750531e-01 -9.202922e-02 -6.644210e-03
 4.377530e-01 -1.400844e-01 1.069648e-01
 2.126471e-01 -2.232386e-01 5.756684e-01
 -2.893716e-02 -5.060763e-01 1.384168e+00
 -1.944577e-01 -7.443204e-01 1.655364e+00
 -4.085969e-01 -1.051366e+00 1.795448e+00
 -6.391537e-01 -1.379217e+00 1.780570e+00
 -8.547503e-01 -1.694738e+00 1.603582e+00
 -9.869099e-01 -1.921831e+00 1.319936e+00
 -1.031426e+00 -2.046656e+00 9.700780e-01
 -1.021546e+00 -2.033374e+00 5.648583e-01
 -9.637372e-01 -1.882260e+00 2.058495e-01
 -8.347121e-01 -1.625323e+00 -6.853765e-02
 -6.593999e-01 -1.303738e+00 -2.119787e-01
 -4.696062e-01 -8.872593e-01 -2.078864e-01
 -4.080345e-01 -5.784043e-01 -2.501269e-01
 -4.383529e-01 -2.912631e-01 -3.698798e-01
 -5.514793e-01 1.333281e-01 -3.635059e-01
 -8.025931e-01 4.761096e-01 -2.771241e-01
 -8.956011e-01 5.731824e-01 -2.372650e-01
 -1.330356e+00 9.776246e-01 2.740656e-02
 -1.483789e+00 1.334251e+00 1.537297e-01
 -1.495109e+00 1.738558e+00 2.177969e-01
 -1.361687e+00 2.125782e+00 2.090202e-01
 -1.107412e+00 2.433834e+00 1.237418e-01
