 4.292488e-01 1.649154e+00 -1.225998e+00
 2.196956e-01 1.385532e+00 -1.209655e+00
 9.384198e-02 1.065140e+00 -1.133959e+00
 8.257071e-02 8.167261e-01 -1.053685e+00
 1.518665e-01 5.688784e-01 -9.553159e-01
 2.359749e-01 3.430655e-01 -7.503220e-01
 3.623809e-01 1.541421e-01 -4.053901e-01
 4.721131e-01 -3.116136e-02 -2.126069e-01
 5.687835e-01 -2.372759e-01 -1.056858e-01
 7.101470e-01 -4.677419e-01 -7.816068e-02
 9.691478e-01 -7.299427e-01 -7.822124e-02
 1.124606e+00 -1.059318e+00 -2.945963e-02
 1.157903e+00 -1.418006e+00 6.412255e-02
 1.074860e+00 -1.743998e+00 2.002549e-01
 8.882046e-01 -1.999975e+00 3.588902e-01
 6.172422e-01 -2.160524e+00 5.095587e-01
 2.875459e-01 -2.211890e+00 6.315308e-01
 -9.733168e-02 -2.140074e+00 7.118495e-01
 -4.275324e-01 -1.943619e+00 7.316830e-01
 -6.682357e-01 -1.650321e+00 6.919111e-01
 -8.310057e-01 -1.145671e+00 5.929210e-01
 -9.891494e-01 -9.454154e-01 5.930882e-01
 -1.119247e+00 -7.762589e-01 6.520415e-01
 -1.220135e+00 -5.253338e-01 7.897859e-01
 -1.218337e+00 -2.521566e-01 8.993666e-01
 -1.095681e+00 9.402677e-02 9.798695e-01
 -8.901959e-01 3.437380e-01 1.017202e+00
 -4.974266e-01 6.419904e-01 9.460846e-01
 -3.642431e-01 8.638321e-01 9.335892e-01
 -3.104554e-01 1.119188e+00 9.142867e-01
 -3.212264e-01 1.434469e+00 8.103937e-01
 -3.836126e-01 1.667454e+00 6.470075e-01
 -4.716854e-01 1.847160e+00 3.830746e-01
 -5.579630e-01 1.930121e+00 4.906609e-02
 -6.419162e-01 1.907557e+00 -2.598262e-01
 -7.289684e-01 1.790441e+00 -5.394445e-01
 -8.105899e-01 1.590779e+00 -7.676571e-01
 -8.765737e-01 1.330666e+00 -9.227059e-01
 -9.249548e-01 7.951483e-01 -1.061788e+00
 -8.866522e-01 5.428003e-01 -1.115533e+00
 -7.382509e-01 1.636975e-01 -1.186077e+00
 -7.080758e-01 -3.049547e-02 -1.246839e+00
 -6.980332e-01 -4.529723e-01 -1.495718e+00
 -6.439289e-01 -8.198453e-01 -1.567948e+00
 -5.406452e-01 -1.151440e+00 -1.527868e+00
 -4.007200e-01 -1.428895e+00 -1.387017e+00
 -2.434057e-01 -1.626765e+00 -1.160070e+00
 -8.759557e-02 -1.724057e+00 -8.712341e-01
 3.401057e-02 -1.716349e+00 -5.481255e-01
 1.017134e-01 -1.607242e+00 -2.312212e-01
 1.484427e-01 -1.293198e+00 1.815347e-01
 2.122747e-01 -1.214250e+00 4.057372e-01
 4.137503e-01 -1.176579e+00 7.707794e-01
 7.588750e-01 -9.673194e-01 1.420906e+00
 9.444841e-01 -7.737529e-01 1.653247e+00
 1.138614e+00 -5.069595e-01 1.787891e+00
 1.322131e+00 -2.006129e-01 1.805189e+00
 1.463338e+00 1.064854e-01 1.704882e+00
 1.529035e+00 3.928443e-01 1.502329e+00
 1.520178e+00 6.195443e-01 1.208116e+00
 1.462858e+00 7.296389e-01 8.609311e-01
 1.385719e+00 7.098889e-01 5.151152e-01
 1.331028e+00 5.875810e-01 2.608634e-01
 1.353584e+00 4.095925e-01 5.914359e-02
 1.462889e+00 2.289101e-01 -2.135197e-01
 1.445880e+00 9.010526e-02 -5.188363e-01
 1.302058e+00 -6.066983e-02 -8.067354e-01
 1.079785e+00 -2.523186e-01 -1.005560e+00
 8.169970e-01 -4.595337e-01 -1.088317e+00
 5.209483e-01 -6.145541e-01 -1.065586e+00
 1.979318e-01 -7.021590e-01 -9.387835e-01
 -1.478033e-01 -7.240986e-01 -6.764971e-01
 -3.147261e-01 -7.554955e-01 -6.022732e-01
 -5.187028e-01 -8.600052e-01 -5.554741e-01
 -1.213810e+00 -1.327050e+00 -3.316582e-01
 -1.438431e+00 -1.473746e+00 -1.573516e-01
 -1.610435e+00 -1.578848e+00 9.205849e-02
 -1.713856e+00 -1.629678e+00 3.926117e-01
 -1.738906e+00 -1.618558e+00 7.138003e-01
 -1.676870e+00 -1.553386e+00 1.024937e+00
 -1.526469e+00 -1.453921e+00 1.293076e+00
 -1.308560e+00 -1.324187e+00 1.487226e+00
 -1.044718e+00 -1.157181e+00 1.592405e+00
 -7.654502e-01 -9.705437e-01 1.593536e+00
 -5.209222e-01 -7.756062e-01 1.489718e+00
 -3.305730e-01 -5.896763e-01 1.288694e+00
 -2.173326e-01 -4.280484e-01 1.007387e+00
 -1.914519e-01 -3.271635e-01 6.824389e-01
 -2.734679e-01 -2.525496e-01 4.390294e-01
 -5.164568e-01 -1.017975e-01 1.561951e-01
 -8.738012e-01 -5.834524e-02 -5.488724e-02
 -1.437981e+00 -1.368250e-01 -5.163047e-01
 -1.602529e+00 -1.456189e-01 -7.521906e-01
 -1.700279e+00 -1.215828e-01 -1.023485e+00
 -1.722500e+00 -6.552348e-02 -1.307582e+00
 -1.666744e+00 1.920229e-02 -1.581205e+00
 -1.537082e+00 1.246865e-01 -1.819933e+00
 -1.341930e+00 2.284448e-01 -2.004861e+00
 -1.091667e+00 3.153772e-01 -2.126718e+00
 -7.911480e-01 3.845445e-01 -2.174514e+00
 -1.071316e-01 4.767597e-01 -2.082999e+00
 4.941367e-01 5.618273e-01 -1.944614e+00
 7.653215e-01 6.363962e-01 -1.784551e+00
 9.728808e-01 7.353538e-01 -1.545446e+00
 1.088276e+00 8.349202e-01 -1.256548e+00
 1.100665e+00 9.350131e-01 -9.470355e-01
 1.028608e+00 9.981523e-01 -7.062227e-01
 8.753778e-01 1.119265e+00 -4.710174e-01
 5.601634e-01 1.172335e+00 -2.176520e-01
 1.565081e-01 1.127399e+00 -7.676752e-02
 -2.821476e-01 9.569593e-01 -9.197642e-02
 -5.766414e-01 9.110272e-01 -5.016681e-02
 -8.654795e-01 9.519889e-01 4.654628e-02
 -1.134481e+00 1.078726e+00 2.728434e-01
 -1.289203e+00 1.203817e+00 5.683034e-01
 -1.328424e+00 1.284130e+00 9.149444e-01
 -1.251057e+00 1.292837e+00 1.266849e+00
 -1.079707e+00 1.221632e+00 1.577076e+00
 -8.138229e-01 1.065613e+00 1.828924e+00
 -5.125985e-01 8.859198e-01 1.944918e+00
 -1.994372e-01 6.915647e-01 1.928257e+00
 8.425752e-02 5.075455e-01 1.781609e+00
 5.743635e-01 1.593669e-01 1.196370e+00
 7.383317e-01 -9.239605e-03 9.828154e-01
 9.599572e-01 -1.571120e-01 8.412599e-01
 1.243175e+00 -2.844710e-01 7.865141e-01
 1.521835e+00 -3.042833e-01 7.577349e-01
 1.829908e+00 -2.158766e-01 7.002886e-01
 2.099186e+00 -2.733701e-02 5.944692e-01
 2.281012e+00 2.252566e-01 4.365288e-01
 2.352941e+00 5.079049e-01 2.498523e-01
 2.309010e+00 7.898424e-01 5.531646e-02
 1.739515e+00 1.712126e+00 -6.173072e-01
 1.535373e+00 1.870877e+00 -7.845021e-01
 1.279341e+00 1.951861e+00 -9.446796e-01
 9.900118e-01 1.944641e+00 -1.080016e+00
 6.956954e-01 1.842797e+00 -1.177469e+00
