 -1.307451e+00 1.401837e+00 3.881596e-01
 -1.497118e+00 1.318755e+00 2.900727e-01
 -1.716668e+00 1.193200e+00 2.600155e-01
 -1.932295e+00 9.715750e-01 2.849147e-01
 -2.070189e+00 7.099438e-01 3.450346e-01
 -2.122833e+00 4.274876e-01 4.280570e-01
 -2.088833e+00 1.407728e-01 5.321391e-01
 -1.637526e+00 -8.771579e-01 9.541324e-01
 -1.436568e+00 -1.136538e+00 1.011359e+00
 -1.192203e+00 -1.326172e+00 1.016244e+00
 -9.138259e-01 -1.438947e+00 9.848623e-01
 -6.320000e-01 -1.467292e+00 9.249076e-01
 -1.825367e-01 -1.405836e+00 7.297649e-01
 1.164147e-01 -1.503650e+00 5.832278e-01
 3.695680e-01 -1.733169e+00 4.264315e-01
 6.141075e-01 -2.195953e+00 2.094283e-01
 7.415303e-01 -2.397427e+00 1.056904e-02
 8.731414e-01 -2.522375e+00 -2.484265e-01
 9.964303e-01 -2.554174e+00 -5.413997e-01
 1.100270e+00 -2.486467e+00 -8.393304e-01
 1.175022e+00 -2.322633e+00 -1.111377e+00
 1.213224e+00 -2.077856e+00 -1.326044e+00
 1.192987e+00 -1.772982e+00 -1.470395e+00
 1.103344e+00 -1.462049e+00 -1.526993e+00
 9.757762e-01 -1.165503e+00 -1.481974e+00
 8.213930e-01 -8.784195e-01 -1.312128e+00
 7.127107e-01 -6.795304e-01 -1.056983e+00
 6.803091e-01 -5.892474e-01 -7.876816e-01
 7.037900e-01 -5.533863e-01 -5.557510e-01
 7.955268e-01 -4.889612e-01 -3.693306e-01
 9.338663e-01 -4.234235e-01 -1.929744e-01
 1.504763e+00 -1.576131e-01 2.759886e-01
 1.681774e+00 1.277525e-02 4.296586e-01
 1.804513e+00 2.441340e-01 5.675021e-01
 1.859919e+00 5.168665e-01 6.742809e-01
 1.835712e+00 8.014833e-01 7.526264e-01
 1.729456e+00 1.074601e+00 8.054385e-01
 1.555670e+00 1.309830e+00 8.143275e-01
 1.326619e+00 1.494953e+00 7.747057e-01
 1.069874e+00 1.605463e+00 6.854976e-01
 8.281500e-01 1.644237e+00 5.458256e-01
 6.123109e-01 1.631445e+00 3.439540e-01
 4.993710e-01 1.585819e+00 1.437506e-01
 4.585273e-01 1.584789e+00 -1.276749e-01
 4.452871e-01 1.561283e+00 -2.770578e-01
 3.989792e-01 1.507211e+00 -5.096796e-01
 3.420560e-01 1.458629e+00 -6.796076e-01
 1.324124e-01 1.275160e+00 -1.117167e+00
 2.945740e-02 1.074283e+00 -1.349584e+00
 -6.014127e-02 7.471333e-01 -1.552003e+00
 -1.196146e-01 4.290928e-01 -1.632548e+00
 -1.710202e-01 9.996327e-02 -1.612888e+00
 -2.185342e-01 -2.086362e-01 -1.494104e+00
 -2.657676e-01 -4.617167e-01 -1.291311e+00
 -3.126696e-01 -7.133495e-01 -9.079611e-01
 -2.801324e-01 -9.012085e-01 -6.256444e-01
 -2.980058e-01 -1.136319e+00 -3.994046e-01
 -3.428362e-01 -1.281611e+00 -3.123447e-01
 -4.990466e-01 -1.669962e+00 -2.223412e-01
 -5.351248e-01 -2.004301e+00 -3.947214e-02
 -4.915246e-01 -2.276968e+00 2.588010e-01
 -3.750588e-01 -2.424881e+00 5.865520e-01
 -2.048901e-01 -2.429413e+00 9.251155e-01
 -1.371033e-03 -2.281368e+00 1.247081e+00
 1.859288e-01 -2.047297e+00 1.452974e+00
 3.472101e-01 -1.738281e+00 1.555760e+00
 4.627091e-01 -1.394962e+00 1.542300e+00
 5.190489e-01 -1.061491e+00 1.414800e+00
 5.105848e-01 -7.817970e-01 1.191202e+00
 3.342093e-01 -3.772719e-01 6.190899e-01
 1.527440e-01 -8.486772e-02 3.949336e-01
 -1.136329e-02 1.460080e-01 3.628909e-01
 -1.002357e-01 3.706058e-01 3.835964e-01
 -1.353341e-01 6.989704e-01 3.211086e-01
 -3.132863e-01 9.842654e-01 1.443074e-01
 -5.241538e-01 1.229317e+00 -2.265914e-01
 -6.372381e-01 1.428335e+00 -3.737833e-01
 -8.345248e-01 1.688376e+00 -4.623944e-01
 -1.064035e+00 1.938597e+00 -4.374290e-01
 -1.302033e+00 2.144727e+00 -3.034476e-01
 -1.530358e+00 2.277236e+00 -7.911996e-02
 -1.730581e+00 2.310900e+00 2.025828e-01
 -1.882276e+00 2.238849e+00 5.048966e-01
 -1.966653e+00 2.070630e+00 7.939775e-01
 -1.975725e+00 1.824775e+00 1.035617e+00
 -1.906624e+00 1.529970e+00 1.203461e+00
 -1.766418e+00 1.226748e+00 1.278355e+00
 -1.584010e+00 9.309472e-01 1.244601e+00
 -1.385780e+00 6.843266e-01 1.101428e+00
 -1.207641e+00 5.156174e-01 8.705919e-01
 -1.121565e+00 4.447749e-01 6.410125e-01
 -1.094141e+00 3.248986e-01 8.661378e-02
 -8.797747e-01 2.233150e-01 -2.633673e-01
 -5.663700e-01 2.111322e-01 -5.083688e-01
 -2.773380e-01 2.898506e-01 -6.128653e-01
 2.297397e-01 3.552027e-01 -6.469736e-01
 6.121534e-01 4.349852e-01 -7.677857e-01
 9.245753e-01 3.958436e-01 -8.630252e-01
 1.223865e+00 2.609371e-01 -9.074701e-01
 1.469936e+00 3.078440e-02 -9.324480e-01
 1.637275e+00 -2.610668e-01 -9.161951e-01
 1.703956e+00 -5.632717e-01 -8.461023e-01
 1.663877e+00 -8.917768e-01 -7.279395e-01
 1.492897e+00 -1.197428e+00 -5.973763e-01
 1.219389e+00 -1.428503e+00 -5.141006e-01
 9.581000e-01 -1.526883e+00 -5.047146e-01
 6.182886e-01 -1.599722e+00 -6.190798e-01
 3.085625e-01 -1.756489e+00 -9.258196e-01
 4.486453e-02 -1.762554e+00 -1.128026e+00
 -2.932737e-01 -1.716508e+00 -1.246525e+00
 -6.335017e-01 -1.635809e+00 -1.245861e+00
 -9.261222e-01 -1.504896e+00 -1.146482e+00
 -1.152026e+00 -1.323692e+00 -9.555648e-01
 -1.284982e+00 -1.126830e+00 -6.815301e-01
 -1.296573e+00 -9.254972e-01 -3.492346e-01
 -1.182839e+00 -7.736934e-01 -3.969490e-02
 -9.091647e-01 -6.528505e-01 2.861420e-01
 -8.290476e-01 -5.938539e-01 4.036402e-01
 -7.538110e-01 -5.274571e-01 5.710626e-01
 -6.711889e-01 -4.070610e-01 9.339565e-01
 -4.765630e-01 -1.402397e-01 1.229691e+00
 -1.516238e-01 1.337600e-01 1.381791e+00
 2.099932e-01 3.360767e-01 1.357948e+00
 5.525721e-01 4.856246e-01 1.164975e+00
 8.003639e-01 5.837443e-01 8.289991e-01
 9.190061e-01 6.669117e-01 2.781353e-01
 1.085299e+00 7.657189e-01 6.962568e-02
 1.282493e+00 9.795345e-01 -1.092776e-01
 1.418233e+00 1.267376e+00 -2.146409e-01
 1.466632e+00 1.603265e+00 -2.530994e-01
 1.399087e+00 1.951365e+00 -2.408288e-01
 1.224726e+00 2.249129e+00 -1.901190e-01
 9.706314e-01 2.465123e+00 -1.122358e-01
 6.663785e-01 2.581038e+00 -2.050179e-02
 3.489441e-01 2.589118e+00 8.685861e-02
 5.243001e-02 2.493123e+00 2.022416e-01
 -7.750360e-01 1.867857e+00 5.446883e-01
 -1.037688e+00 1.648467e+00 5.510226e-01
 -1.174285e+00 1.507663e+00 4.942987e-01
