 -2.218898e+00 8.457346e-01 9.614040e-01
 -2.216067e+00 5.416994e-01 7.203260e-01
 -2.062823e+00 2.723407e-01 4.789202e-01
 -1.769335e+00 6.641430e-02 2.849326e-01
 -1.444464e+00 -5.337343e-02 2.157810e-01
 -1.193733e+00 -1.080496e-01 2.683681e-01
 -9.900608e-01 -1.459145e-01 3.617776e-01
 -8.537056e-01 -2.326809e-01 4.588962e-01
 -6.713703e-01 -4.718396e-01 6.167999e-01
 -1.265375e-01 -1.558286e+00 9.787792e-01
 3.041534e-02 -1.781826e+00 9.958977e-01
 2.143182e-01 -1.980481e+00 9.493216e-01
 4.136854e-01 -2.138367e+00 8.429962e-01
 6.154970e-01 -2.242256e+00 6.855303e-01
 8.071277e-01 -2.283071e+00 4.888353e-01
 9.756263e-01 -2.255855e+00 2.686724e-01
 1.109828e+00 -2.160984e+00 4.276692e-02
 1.221377e+00 -1.972644e+00 -2.096798e-01
 1.399835e+00 -1.242985e+00 -8.370546e-01
 1.384522e+00 -1.051033e+00 -1.059956e+00
 1.330306e+00 -9.687639e-01 -1.241249e+00
 1.308224e+00 -9.073853e-01 -1.440677e+00
 1.349543e+00 -7.586939e-01 -1.685351e+00
 1.413325e+00 -4.965063e-01 -1.893474e+00
 1.463429e+00 -1.643124e-01 -1.999547e+00
 1.471329e+00 1.867755e-01 -1.992572e+00
 1.440594e+00 5.234440e-01 -1.869931e+00
 1.387004e+00 7.919831e-01 -1.645106e+00
 1.262308e+00 1.101623e+00 -1.106150e+00
 1.101707e+00 1.370561e+00 -5.088143e-01
 9.449630e-01 1.435392e+00 -1.869504e-01
 7.853777e-01 1.409060e+00 6.093206e-02
 6.143833e-01 1.303267e+00 2.774464e-01
 4.505122e-01 1.129752e+00 4.426511e-01
 2.116275e-01 8.026180e-01 5.842372e-01
 -7.503201e-02 6.271572e-01 7.604412e-01
 -2.128961e-01 4.979071e-01 1.037506e+00
 -3.133180e-01 4.779289e-01 1.405364e+00
 -4.012230e-01 6.155992e-01 1.765502e+00
 -4.478803e-01 8.727124e-01 2.042183e+00
 -4.737617e-01 1.215427e+00 2.206824e+00
 -4.743055e-01 1.589020e+00 2.236429e+00
 -4.584798e-01 1.938423e+00 2.137195e+00
 -4.490168e-01 2.221752e+00 1.926931e+00
 -4.527937e-01 2.411033e+00 1.636698e+00
 -4.619907e-01 2.490838e+00 1.297552e+00
 -4.633327e-01 2.453220e+00 9.473481e-01
 -4.664563e-01 2.306061e+00 6.393438e-01
 -4.705801e-01 2.067954e+00 3.988373e-01
 -4.821879e-01 1.127709e+00 -6.493499e-02
 -5.306492e-01 9.135971e-01 -1.153264e-01
 -6.244789e-01 7.434225e-01 -2.062793e-01
 -7.286360e-01 5.981134e-01 -3.434485e-01
 -1.262208e+00 1.566021e-01 -8.419120e-01
 -1.409932e+00 -1.013922e-01 -9.934998e-01
 -1.460177e+00 -4.233466e-01 -1.131810e+00
 -1.400938e+00 -7.597832e-01 -1.225289e+00
 -1.232367e+00 -1.100812e+00 -1.254889e+00
 -9.970482e-01 -1.390223e+00 -1.188149e+00
 -7.503829e-01 -1.595014e+00 -1.022326e+00
 -5.208139e-01 -1.706041e+00 -7.741755e-01
 -2.214786e-01 -1.698216e+00 -3.553260e-01
 1.278307e-01 -1.578504e+00 -4.699016e-02
 5.981317e-01 -1.313213e+00 2.539974e-01
 7.849231e-01 -1.208423e+00 2.942016e-01
 1.008606e+00 -1.030312e+00 2.708059e-01
 1.173297e+00 -8.037403e-01 2.238193e-01
 1.265287e+00 -5.455120e-01 1.554126e-01
 1.276200e+00 -2.915713e-01 7.576030e-02
 1.197981e+00 -5.828742e-03 8.132866e-04
 1.073363e+00 1.957186e-01 -4.533398e-02
 8.652863e-01 3.847111e-01 -1.499241e-01
 5.077502e-01 5.348021e-01 -4.010996e-01
 1.250269e-01 9.167423e-01 -8.916585e-01
 -1.424998e-01 1.098339e+00 -1.038349e+00
 -4.707570e-01 1.260952e+00 -1.076075e+00
 -7.988425e-01 1.372693e+00 -9.989531e-01
 -1.094581e+00 1.419447e+00 -8.200958e-01
 -1.326412e+00 1.394227e+00 -5.629931e-01
 -1.466478e+00 1.312595e+00 -2.498591e-01
 -1.490467e+00 1.199018e+00 8.617569e-02
 -1.406508e+00 1.085657e+00 3.611223e-01
 -1.208741e+00 8.266253e-01 6.762242e-01
 -1.215084e+00 6.421762e-01 9.504441e-01
 -1.283306e+00 4.472310e-01 1.132189e+00
 -1.395776e+00 1.400396e-01 1.248777e+00
 -1.506655e+00 -2.060415e-01 1.240389e+00
 -1.581324e+00 -5.554236e-01 1.100036e+00
 -1.596817e+00 -8.157341e-01 8.828318e-01
 -1.541361e+00 -1.001279e+00 6.081256e-01
 -1.415764e+00 -1.096435e+00 3.038439e-01
 -1.228223e+00 -1.092162e+00 2.473542e-02
 -1.008379e+00 -9.848532e-01 -2.193592e-01
 -7.492879e-01 -7.586506e-01 -4.205953e-01
 -6.063145e-01 -6.436563e-01 -5.895552e-01
 -4.459151e-01 -4.424096e-01 -9.166085e-01
 -3.013180e-01 -2.790396e-01 -1.078526e+00
 -3.201528e-02 -1.255874e-01 -1.230479e+00
 2.876473e-01 -3.979919e-02 -1.306889e+00
 6.032368e-01 -6.467145e-03 -1.286574e+00
 1.165462e+00 5.050911e-03 -1.035894e+00
 1.391193e+00 7.040156e-03 -9.858780e-01
 1.707886e+00 -5.285134e-02 -1.014058e+00
 2.012633e+00 -2.283025e-01 -1.103340e+00
 2.229956e+00 -4.928374e-01 -1.236991e+00
 2.328675e+00 -8.157227e-01 -1.379925e+00
 2.297994e+00 -1.156795e+00 -1.507051e+00
 2.143565e+00 -1.475295e+00 -1.596160e+00
 1.884536e+00 -1.728257e+00 -1.639825e+00
 1.553933e+00 -1.883654e+00 -1.632062e+00
 1.193613e+00 -1.920436e+00 -1.575848e+00
 8.551683e-01 -1.837495e+00 -1.469250e+00
 5.886543e-01 -1.659346e+00 -1.311551e+00
 4.192766e-01 -1.404599e+00 -1.127694e+00
 3.727008e-01 -1.133270e+00 -9.576215e-01
 4.780204e-01 -7.303656e-01 -5.905338e-01
 4.097214e-01 -5.314243e-01 -3.846466e-01
 2.578003e-01 -4.313125e-01 -1.009316e-01
 2.471585e-01 -3.591801e-01 1.669396e-01
 3.432081e-01 -2.750968e-01 4.933373e-01
 5.564743e-01 -1.654310e-01 8.125924e-01
 6.886750e-01 4.134365e-03 1.039283e+00
 7.478288e-01 2.327129e-01 1.247213e+00
 7.348704e-01 5.037509e-01 1.406987e+00
 6.609078e-01 7.912096e-01 1.494503e+00
 5.236051e-01 1.052868e+00 1.515769e+00
 3.181350e-01 1.286971e+00 1.475308e+00
 6.431215e-02 1.447803e+00 1.367856e+00
 -2.011291e-01 1.500512e+00 1.252990e+00
 -4.396622e-01 1.474629e+00 1.220601e+00
 -6.290510e-01 1.484974e+00 1.232393e+00
 -1.065942e+00 1.599794e+00 1.333156e+00
 -1.455172e+00 1.564959e+00 1.351133e+00
 -1.810135e+00 1.409082e+00 1.288584e+00
 -2.074121e+00 1.154844e+00 1.161277e+00
