 8.290451e-01 2.523087e+00 -2.973071e-02
 6.912287e-01 2.492647e+00 -3.875871e-01
 5.536201e-01 2.326268e+00 -6.991291e-01
 3.097012e-01 1.906800e+00 -1.046654e+00
 1.241130e-01 1.802922e+00 -1.310107e+00
 -6.007569e-02 1.763386e+00 -1.439979e+00
 -3.481556e-01 1.690594e+00 -1.521008e+00
 -6.599909e-01 1.582393e+00 -1.502082e+00
 -9.657863e-01 1.422467e+00 -1.373832e+00
 -1.183424e+00 1.276422e+00 -1.162625e+00
 -1.605642e+00 8.006968e-01 -2.408024e-01
 -1.647325e+00 4.573656e-01 7.946125e-02
 -1.539484e+00 4.494907e-02 2.679078e-01
 -1.299060e+00 -3.245331e-01 3.030716e-01
 -1.107712e+00 -5.411624e-01 1.879990e-01
 -9.784788e-01 -7.768136e-01 -1.748917e-02
 -1.000879e+00 -1.206986e+00 -1.867730e-01
 -1.215743e+00 -2.157568e+00 -1.914490e-01
 -1.172795e+00 -2.559423e+00 -9.395266e-02
 -9.838180e-01 -2.899773e+00 6.506182e-02
 -6.743179e-01 -3.119744e+00 2.539431e-01
 -2.938017e-01 -3.179531e+00 4.338843e-01
 7.661451e-02 -3.064596e+00 5.915624e-01
 3.745780e-01 -2.789030e+00 7.220989e-01
 5.567514e-01 -2.385314e+00 7.783838e-01
 5.929527e-01 -1.952583e+00 7.140532e-01
 4.872942e-01 -1.599150e+00 5.670032e-01
 3.311029e-01 -1.370805e+00 3.238189e-01
 2.433930e-02 -1.203418e+00 -2.683349e-01
 -1.084984e-01 -9.273702e-01 -6.253244e-01
 -1.195723e-01 -5.791815e-01 -8.687172e-01
 3.145820e-02 1.431640e-01 -1.061988e+00
 -7.941572e-02 7.385761e-01 -9.705660e-01
 -3.628965e-01 1.312624e+00 -5.457751e-01
 -4.976909e-01 1.642767e+00 -4.827970e-01
 -5.973865e-01 2.013719e+00 -5.758362e-01
 -5.675819e-01 2.390482e+00 -7.948926e-01
 -4.038433e-01 2.666009e+00 -1.102081e+00
 -1.287018e-01 2.792926e+00 -1.399195e+00
 2.214080e-01 2.775661e+00 -1.626130e+00
 5.852453e-01 2.606806e+00 -1.765274e+00
 8.837081e-01 2.307627e+00 -1.806848e+00
 1.068716e+00 1.934507e+00 -1.739552e+00
 1.114803e+00 1.554032e+00 -1.571853e+00
 9.259421e-01 8.141757e-01 -9.636388e-01
 9.275163e-01 5.836117e-01 -5.594625e-01
 1.079351e+00 5.187765e-01 -2.785130e-01
 1.283405e+00 4.045956e-01 -7.689538e-02
 1.518727e+00 8.350742e-02 9.492022e-02
 1.620423e+00 -3.486623e-01 1.772619e-01
 1.565955e+00 -8.017595e-01 1.394441e-01
 1.098626e+00 -1.735490e+00 -2.557828e-01
 8.648083e-01 -1.984070e+00 -3.118356e-01
 5.520370e-01 -2.185163e+00 -2.820905e-01
 2.437402e-01 -2.274557e+00 -1.993448e-01
 -3.040299e-02 -2.274148e+00 -6.407619e-02
 -1.980553e-01 -2.221241e+00 7.655872e-02
 -3.549954e-01 -2.135577e+00 3.618019e-01
 -5.543944e-01 -2.245137e+00 9.144299e-01
 -6.583129e-01 -2.182687e+00 1.268409e+00
 -7.635416e-01 -1.988321e+00 1.576199e+00
 -8.602485e-01 -1.689865e+00 1.788093e+00
 -9.394806e-01 -1.327688e+00 1.872872e+00
 -9.710355e-01 -9.550472e-01 1.818698e+00
 -9.252315e-01 -5.925106e-01 1.629111e+00
 -7.952011e-01 -3.374905e-01 1.357554e+00
 -6.352255e-01 -2.309777e-01 1.065772e+00
 -3.981101e-01 -2.257554e-01 8.235537e-01
 -4.071083e-03 -3.356051e-01 5.884885e-01
 2.709073e-01 -3.447147e-01 3.794739e-01
 4.526791e-01 -3.184413e-01 1.595045e-01
 8.309020e-01 -4.608714e-01 -5.005156e-01
 1.152386e+00 -3.940239e-01 -7.548478e-01
 1.446975e+00 -2.399815e-01 -8.824408e-01
 1.703660e+00 2.961314e-02 -9.411363e-01
 1.877271e+00 3.725406e-01 -9.127200e-01
 1.940206e+00 7.029717e-01 -8.067924e-01
 1.890186e+00 1.007208e+00 -6.572092e-01
 1.718824e+00 1.279064e+00 -4.911628e-01
 1.461542e+00 1.457800e+00 -3.482013e-01
 1.136807e+00 1.541910e+00 -2.371102e-01
 6.858568e-01 1.496091e+00 -1.190449e-01
 4.251984e-01 1.585595e+00 1.490882e-02
 2.098653e-01 1.669373e+00 2.550099e-01
 3.202681e-02 1.627844e+00 6.303208e-01
 -8.234651e-02 1.391630e+00 1.020173e+00
 -8.149397e-02 1.049698e+00 1.291454e+00
 1.980092e-01 -1.090877e-02 1.633173e+00
 2.098518e-01 -3.699732e-01 1.640902e+00
 1.272430e-01 -7.272682e-01 1.556882e+00
 -6.919692e-03 -9.946225e-01 1.399195e+00
 -1.898072e-01 -1.170446e+00 1.190800e+00
 -4.007010e-01 -1.226840e+00 1.002152e+00
 -6.636329e-01 -1.230648e+00 8.705444e-01
 -1.154132e+00 -1.335897e+00 8.417317e-01
 -1.530813e+00 -1.312720e+00 7.034551e-01
 -1.814708e+00 -1.226387e+00 4.550429e-01
 -1.981801e+00 -1.080092e+00 1.181354e-01
 -1.995213e+00 -8.682956e-01 -2.289017e-01
 -1.859738e+00 -5.962837e-01 -5.227941e-01
 -1.609295e+00 -3.207752e-01 -6.953072e-01
 -1.283952e+00 -1.026874e-01 -7.311966e-01
 -9.181543e-01 1.129689e-01 -5.918383e-01
 -5.371874e-01 3.533596e-01 -7.857361e-02
 -3.947598e-01 4.587620e-01 5.643696e-02
 -2.646368e-01 5.396400e-01 1.300507e-01
 5.338396e-02 6.430695e-01 2.763098e-01
 4.191786e-01 6.725646e-01 4.637383e-01
 6.908902e-01 8.126025e-01 6.383923e-01
 8.832005e-01 1.062139e+00 7.858103e-01
 1.023552e+00 1.413266e+00 8.444986e-01
 1.082634e+00 1.819555e+00 7.804324e-01
 1.048679e+00 2.160124e+00 6.012994e-01
 9.505462e-01 2.407659e+00 3.185505e-01
