 8.507018e-01 -2.413547e-01 1.616667e+00
 1.012358e+00 3.573777e-03 1.566558e+00
 1.155346e+00 2.852398e-01 1.407263e+00
 1.229579e+00 5.160499e-01 1.175898e+00
 1.232280e+00 6.822068e-01 9.078126e-01
 1.161172e+00 7.869218e-01 6.220608e-01
 9.407359e-01 8.591033e-01 2.233184e-01
 8.640671e-01 9.897544e-01 1.106940e-02
 8.655908e-01 1.147066e+00 -2.292870e-01
 9.408699e-01 1.242820e+00 -5.300267e-01
 1.044578e+00 1.234277e+00 -8.297726e-01
 1.137056e+00 1.112741e+00 -1.136203e+00
 1.201997e+00 9.117839e-01 -1.371237e+00
 1.218219e+00 6.393336e-01 -1.547500e+00
 1.170444e+00 3.308241e-01 -1.647733e+00
 1.061141e+00 2.032431e-02 -1.660433e+00
 9.008660e-01 -2.485567e-01 -1.589969e+00
 6.885890e-01 -5.242458e-01 -1.387133e+00
 5.936764e-01 -7.850387e-01 -1.254596e+00
 5.875784e-01 -1.114060e+00 -1.186692e+00
 6.827968e-01 -1.374411e+00 -1.089326e+00
 8.559869e-01 -1.590569e+00 -9.221615e-01
 1.065557e+00 -1.726988e+00 -6.766747e-01
 1.257469e+00 -1.752277e+00 -4.076053e-01
 1.411061e+00 -1.676744e+00 -1.305305e-01
 1.502056e+00 -1.510469e+00 1.430631e-01
 1.509780e+00 -1.279243e+00 3.838395e-01
 1.438353e+00 -1.003266e+00 5.596188e-01
 1.296443e+00 -7.080473e-01 6.501133e-01
 1.110208e+00 -4.479281e-01 6.453604e-01
 8.166339e-01 -2.242760e-01 5.866466e-01
 5.489377e-01 -2.607402e-02 6.345063e-01
 4.018241e-01 1.182696e-01 7.441266e-01
 2.358839e-01 2.383057e-01 9.430911e-01
 7.662046e-02 3.095007e-01 1.250398e+00
 -8.463405e-02 2.667606e-01 1.700133e+00
 -3.155171e-01 1.983306e-01 1.974774e+00
 -6.342668e-01 1.293894e-01 2.149292e+00
 -1.027175e+00 7.526446e-02 2.202592e+00
 -1.385211e+00 6.397698e-02 2.122970e+00
 -1.678596e+00 7.151101e-02 1.924891e+00
 -1.880985e+00 9.048870e-02 1.627714e+00
 -1.972940e+00 1.182175e-01 1.225962e+00
 -1.921951e+00 1.432438e-01 8.632509e-01
 -1.745716e+00 1.756417e-01 5.434810e-01
 -1.362931e+00 2.416429e-01 2.183435e-01
 -1.193916e+00 3.267730e-01 -6.214447e-03
 -1.086898e+00 4.557654e-01 -3.192553e-01
 -9.762902e-01 4.842818e-01 -6.002734e-01
 -7.563878e-01 4.528033e-01 -8.761820e-01
 -4.768362e-01 4.284745e-01 -1.051497e+00
 -1.660390e-01 4.310575e-01 -1.124661e+00
 1.498840e-01 4.175543e-01 -1.087257e+00
 4.211933e-01 3.953280e-01 -9.515969e-01
 6.574455e-01 2.963547e-01 -7.581898e-01
 9.196554e-01 2.194210e-01 -6.657924e-01
 1.259402e+00 2.609540e-01 -5.802998e-01
 1.543522e+00 4.122638e-01 -4.828306e-01
 1.761443e+00 6.548293e-01 -3.503368e-01
 1.868432e+00 9.419518e-01 -1.939919e-01
 1.861067e+00 1.240475e+00 -2.647749e-02
 1.746251e+00 1.503418e+00 1.399594e-01
 1.543413e+00 1.699674e+00 2.985540e-01
 1.274654e+00 1.811412e+00 4.471147e-01
 9.694047e-01 1.822687e+00 5.834143e-01
 6.697166e-01 1.739084e+00 6.727967e-01
 -1.727727e-01 1.260955e+00 7.380779e-01
 -5.047048e-01 1.152404e+00 6.674959e-01
 -7.036248e-01 1.136259e+00 5.548843e-01
 -8.743838e-01 1.158652e+00 4.864880e-01
 -1.180986e+00 1.264622e+00 3.723687e-01
 -1.453442e+00 1.276353e+00 2.326826e-01
 -1.701632e+00 1.203436e+00 7.078286e-02
 -1.904253e+00 1.052446e+00 -9.630337e-02
 -2.042600e+00 8.388802e-01 -2.554835e-01
 -2.116762e+00 5.652968e-01 -3.892733e-01
 -2.144782e+00 -6.295438e-01 -6.797177e-01
 -2.057167e+00 -9.239452e-01 -7.409579e-01
 -1.879351e+00 -1.184184e+00 -7.907959e-01
 -1.624992e+00 -1.381766e+00 -8.239362e-01
 -1.316480e+00 -1.493355e+00 -8.343421e-01
 -9.833944e-01 -1.505347e+00 -8.114522e-01
 -6.634855e-01 -1.411701e+00 -7.551334e-01
 -3.992894e-01 -1.220828e+00 -6.787129e-01
 -2.190754e-01 -9.513031e-01 -6.155062e-01
 -1.583477e-01 -7.148315e-01 -5.934161e-01
 -1.312012e-01 -5.091162e-01 -5.143638e-01
 -1.231011e-01 -2.073360e-01 -3.359149e-01
 -1.407630e-01 4.177766e-02 -1.626027e-01
 -1.096100e-01 3.603625e-01 -8.038761e-02
 -8.573315e-02 6.440239e-01 -1.147321e-01
 -1.226937e-01 9.809358e-01 -2.639940e-01
 -1.663428e-01 1.301627e+00 -2.914982e-01
 -2.621500e-01 1.614869e+00 -2.225362e-01
 -3.810125e-01 1.878648e+00 -5.686019e-02
 -5.131672e-01 2.068729e+00 1.974961e-01
 -6.479963e-01 2.151978e+00 5.001677e-01
 -7.831561e-01 2.122396e+00 8.081910e-01
 -9.234438e-01 1.985631e+00 1.079106e+00
 -1.042226e+00 1.752710e+00 1.294348e+00
 -1.115924e+00 1.451638e+00 1.431300e+00
 -1.137477e+00 1.116914e+00 1.474265e+00
 -1.104001e+00 7.856129e-01 1.419644e+00
 -9.719145e-01 3.397610e-01 1.198425e+00
 -9.450089e-01 1.722435e-02 1.175202e+00
 -1.070720e+00 -5.260634e-01 1.295001e+00
 -1.070790e+00 -8.457974e-01 1.291739e+00
 -1.003565e+00 -1.144502e+00 1.216783e+00
 -8.681692e-01 -1.394953e+00 1.086178e+00
 -6.791998e-01 -1.574110e+00 9.100970e-01
 -4.465105e-01 -1.665924e+00 7.101025e-01
 -1.888463e-01 -1.660390e+00 5.178437e-01
 6.383918e-02 -1.556323e+00 3.464829e-01
 5.707161e-01 -1.096750e+00 7.286152e-04
 7.875533e-01 -8.542641e-01 -2.245112e-01
 1.051415e+00 -7.418470e-01 -3.501924e-01
 1.274602e+00 -7.394799e-01 -5.007759e-01
 1.467881e+00 -7.891456e-01 -7.374989e-01
 1.580375e+00 -8.809549e-01 -1.013864e+00
 1.597819e+00 -9.818453e-01 -1.312229e+00
 1.523167e+00 -1.080054e+00 -1.591203e+00
 1.371698e+00 -1.142626e+00 -1.833157e+00
 1.158948e+00 -1.159462e+00 -2.030677e+00
 8.923145e-01 -1.152957e+00 -2.163732e+00
 6.023013e-01 -1.120642e+00 -2.217250e+00
 3.117296e-01 -1.058137e+00 -2.189841e+00
 4.399014e-02 -9.739196e-01 -2.082113e+00
 -5.938564e-01 -6.878815e-01 -1.565762e+00
 -8.815778e-01 -5.600181e-01 -1.289420e+00
 -1.035533e+00 -5.078447e-01 -1.051081e+00
 -1.121373e+00 -4.965494e-01 -8.020709e-01
 -1.143343e+00 -5.152745e-01 -5.896169e-01
 -1.144152e+00 -6.415374e-01 -2.761514e-01
 -8.353813e-01 -7.184935e-01 2.308020e-01
 -3.705744e-01 -6.641002e-01 5.652576e-01
 -2.677280e-01 -6.582110e-01 6.844352e-01
 -7.919246e-02 -7.404374e-01 1.007310e+00
 1.527916e-01 -7.362150e-01 1.248443e+00
 4.357411e-01 -6.339997e-01 1.446997e+00
 6.764295e-01 -4.537543e-01 1.575028e+00
