 -8.668970e-01 -1.379615e+00 1.903040e+00
 -4.778723e-01 -1.555090e+00 1.911548e+00
 -7.328354e-02 -1.616151e+00 1.783373e+00
 2.747428e-01 -1.551551e+00 1.538864e+00
 5.097677e-01 -1.370862e+00 1.203580e+00
 5.844869e-01 -1.089820e+00 8.774428e-01
 4.680240e-01 -7.433544e-01 5.983454e-01
 1.902726e-01 -4.444752e-01 4.338265e-01
 -2.355249e-01 -3.577900e-01 2.644676e-01
 -7.173880e-01 -4.712036e-01 1.844330e-01
 -9.785130e-01 -5.191441e-01 3.163485e-02
 -1.209671e+00 -4.439173e-01 -1.321163e-01
 -1.376147e+00 -3.792696e-01 -3.732790e-01
 -1.457577e+00 -2.624516e-01 -7.191074e-01
 -1.410308e+00 -1.499518e-01 -1.066566e+00
 -1.240247e+00 -4.832163e-02 -1.370832e+00
 -2.389845e-01 2.466201e-01 -2.206883e+00
 5.703051e-02 2.847609e-01 -2.329887e+00
 3.901304e-01 2.851123e-01 -2.360258e+00
 7.284637e-01 2.439759e-01 -2.282293e+00
 1.040673e+00 1.560325e-01 -2.084133e+00
 1.235145e+00 3.742450e-02 -1.812229e+00
 1.299910e+00 -9.542644e-02 -1.560744e+00
 1.298365e+00 -2.669104e-01 -1.395926e+00
 1.344399e+00 -4.716458e-01 -1.252844e+00
 1.504868e+00 -6.594213e-01 -9.673854e-01
 1.608299e+00 -7.154195e-01 -5.996220e-01
 1.598880e+00 -6.481544e-01 -1.592819e-01
 1.484735e+00 -4.523158e-01 2.028308e-01
 1.137192e+00 2.327840e-02 6.041968e-01
 8.279493e-01 2.485835e-01 8.315559e-01
 7.206578e-01 4.247805e-01 9.817668e-01
 6.386102e-01 7.199348e-01 1.336938e+00
 3.924432e-01 1.020928e+00 1.570191e+00
 3.363938e-02 1.287585e+00 1.641621e+00
 -3.918215e-01 1.474457e+00 1.534886e+00
 -7.313861e-01 1.548707e+00 1.285875e+00
 -9.622637e-01 1.499425e+00 9.551393e-01
 -1.089259e+00 1.296245e+00 5.620374e-01
 -1.055615e+00 1.022821e+00 2.331506e-01
 -8.134516e-01 5.448929e-01 -9.122870e-02
 -5.961872e-01 2.693059e-01 -5.360390e-01
 -4.446854e-01 -3.392725e-02 -7.119966e-01
 -4.398890e-01 -3.888530e-01 -8.138296e-01
 -5.313143e-01 -6.745161e-01 -8.746498e-01
 -6.876749e-01 -9.817128e-01 -8.328016e-01
 -8.911002e-01 -1.219391e+00 -7.154162e-01
 -1.127691e+00 -1.373866e+00 -5.347855e-01
 -1.371328e+00 -1.428919e+00 -3.102657e-01
 -1.593360e+00 -1.379774e+00 -6.746619e-02
 -2.280252e+00 -8.073060e-01 8.578140e-01
 -2.367823e+00 -5.696299e-01 1.128849e+00
 -2.328721e+00 -3.053015e-01 1.372248e+00
 -2.166999e+00 -4.104740e-02 1.564994e+00
 -1.908156e+00 2.017377e-01 1.668939e+00
 -1.588302e+00 3.905636e-01 1.665535e+00
 -1.251600e+00 4.999889e-01 1.554296e+00
 -6.214109e-01 5.411986e-01 1.127255e+00
 -3.963147e-01 6.319618e-01 9.401833e-01
 -2.260285e-01 7.792387e-01 7.838861e-01
 -1.146525e-01 9.740292e-01 6.650641e-01
 2.605592e-02 1.472244e+00 5.403821e-01
 1.679824e-01 1.767133e+00 3.088230e-01
 3.781173e-01 1.934403e+00 -7.467689e-03
 5.855669e-01 1.933154e+00 -3.530102e-01
 7.320781e-01 1.772927e+00 -7.108351e-01
 7.604559e-01 1.492487e+00 -1.025086e+00
 6.797718e-01 1.134090e+00 -1.228316e+00
 3.181021e-01 1.119418e-01 -1.343900e+00
 2.928129e-01 -2.524077e-01 -1.483778e+00
 3.492488e-01 -5.032314e-01 -1.689138e+00
 5.720971e-01 -7.488195e-01 -1.926694e+00
 9.121807e-01 -8.908452e-01 -2.107178e+00
 1.319172e+00 -9.174054e-01 -2.186844e+00
 1.720742e+00 -8.320829e-01 -2.142348e+00
 2.053934e+00 -6.570141e-01 -1.974582e+00
 2.264091e+00 -4.173893e-01 -1.713806e+00
 2.317360e+00 -1.533484e-01 -1.399006e+00
 2.202634e+00 9.397193e-02 -1.083655e+00
 1.944955e+00 2.618224e-01 -8.091290e-01
 1.586240e+00 3.136724e-01 -6.047611e-01
 1.227173e+00 2.545639e-01 -5.292338e-01
 8.416890e-01 7.931983e-03 -4.818493e-01
 4.442943e-01 -7.549557e-01 -4.990618e-01
 2.569282e-01 -1.057931e+00 -3.865196e-01
 2.792254e-02 -1.269324e+00 -1.832110e-01
 -1.658631e-01 -1.389632e+00 1.157570e-01
 -3.490665e-01 -1.382216e+00 5.207250e-01
 -4.419946e-01 -1.220065e+00 8.443253e-01
 -4.403154e-01 -9.999437e-01 1.041817e+00
 -3.576465e-01 -7.958302e-01 1.222415e+00
 -1.653170e-01 -6.170095e-01 1.411751e+00
 7.218337e-02 -4.857937e-01 1.533482e+00
 9.357687e-01 -2.375643e-01 1.727729e+00
 1.242035e+00 -7.927150e-02 1.705359e+00
 1.489005e+00 1.444200e-01 1.603984e+00
 1.643399e+00 4.085447e-01 1.438519e+00
 1.690533e+00 6.655020e-01 1.217507e+00
 1.632536e+00 8.822792e-01 9.488402e-01
 1.484131e+00 1.019634e+00 6.592774e-01
 1.261015e+00 1.060344e+00 3.859459e-01
 4.904736e-01 9.235550e-01 -1.962076e-01
 3.242890e-01 9.354079e-01 -2.856125e-01
 1.352971e-01 1.000038e+00 -3.668139e-01
 -1.791351e-01 1.240606e+00 -5.888054e-01
 -5.752738e-01 1.322770e+00 -7.543239e-01
 -1.035662e+00 1.240649e+00 -8.374094e-01
 -1.388354e+00 1.078365e+00 -7.939780e-01
 -1.674570e+00 8.653873e-01 -6.251458e-01
 -1.850367e+00 6.383997e-01 -3.526833e-01
 -1.889662e+00 4.406428e-01 -2.267762e-02
 -1.686364e+00 1.078028e-01 5.860451e-01
 -1.417416e+00 -2.641484e-01 9.012740e-01
 -1.356994e+00 -4.130101e-01 1.065205e+00
 -1.344218e+00 -8.220751e-01 1.514188e+00
 -1.173039e+00 -1.120458e+00 1.761775e+00
