 -1.635655e+00 -6.921830e-01 -1.408660e+00
 -1.502706e+00 -9.743099e-01 -1.377862e+00
 -1.301719e+00 -1.194065e+00 -1.291926e+00
 -1.067233e+00 -1.319690e+00 -1.184290e+00
 -7.829113e-01 -1.359121e+00 -1.085753e+00
 -5.457329e-01 -1.337296e+00 -1.064031e+00
 -3.111542e-01 -1.306531e+00 -1.127709e+00
 -2.182764e-01 -1.274380e+00 -1.151774e+00
 -9.363274e-02 -1.205667e+00 -1.170923e+00
 4.275450e-02 -1.127581e+00 -1.171861e+00
 1.751999e-01 -1.055646e+00 -1.152853e+00
 8.785135e-01 -6.577979e-01 -9.272561e-01
 1.096522e+00 -4.121762e-01 -7.777276e-01
 1.224031e+00 -8.047616e-02 -5.495186e-01
 1.218814e+00 1.914324e-01 -3.109146e-01
 1.114628e+00 3.930507e-01 -6.539115e-02
 8.387807e-01 6.158884e-01 2.070769e-01
 7.117682e-01 8.513630e-01 3.866478e-01
 7.176350e-01 1.079071e+00 5.950005e-01
 8.049197e-01 1.338982e+00 7.696684e-01
 1.004055e+00 1.634828e+00 8.734956e-01
 1.262624e+00 1.915542e+00 8.477921e-01
 1.538891e+00 2.129135e+00 6.953761e-01
 1.797162e+00 2.247737e+00 4.371036e-01
 1.986440e+00 2.265823e+00 1.000375e-01
 2.075254e+00 2.180221e+00 -2.673454e-01
 2.045553e+00 2.005550e+00 -6.149413e-01
 1.902388e+00 1.760064e+00 -8.897657e-01
 1.662507e+00 1.481666e+00 -1.047892e+00
 1.351176e+00 1.226325e+00 -1.067207e+00
 9.987528e-01 1.053086e+00 -9.513718e-01
 7.354925e-01 1.012674e+00 -7.627882e-01
 4.198377e-01 1.123557e+00 -5.540351e-01
 -9.997320e-02 1.501424e+00 -3.625060e-01
 -3.983412e-01 1.594014e+00 -2.317300e-01
 -6.954467e-01 1.579501e+00 -7.530074e-02
 -9.624683e-01 1.460231e+00 8.062699e-02
 -1.167138e+00 1.252856e+00 2.345613e-01
 -1.284278e+00 9.752511e-01 3.735380e-01
 -1.309683e+00 6.357509e-01 4.686452e-01
 -1.233958e+00 2.962212e-01 4.999167e-01
 -1.069288e+00 -5.359045e-03 4.630950e-01
 -5.900624e-01 -4.455301e-01 3.228577e-01
 -4.874486e-01 -7.784162e-01 1.907854e-01
 -3.817733e-01 -9.705348e-01 -1.235923e-02
 -1.752813e-01 -1.125973e+00 -1.461477e-01
 1.013814e-01 -1.322952e+00 -1.894974e-01
 2.967153e-01 -1.512360e+00 -1.500858e-01
 4.547855e-01 -1.762980e+00 -2.485153e-02
 5.595262e-01 -1.996233e+00 1.956599e-01
 5.972020e-01 -2.171607e+00 4.846830e-01
 5.633785e-01 -2.267900e+00 8.101841e-01
 4.577089e-01 -2.276700e+00 1.135201e+00
 2.881057e-01 -2.199529e+00 1.422329e+00
 -5.254433e-01 -1.610378e+00 2.246462e+00
 -7.385882e-01 -1.335830e+00 2.396682e+00
 -9.008234e-01 -9.957671e-01 2.435753e+00
 -9.929801e-01 -6.370529e-01 2.356454e+00
 -1.007192e+00 -3.126708e-01 2.167757e+00
 -9.291012e-01 -5.704166e-02 1.901602e+00
 -7.655183e-01 8.883061e-02 1.594687e+00
 -5.435536e-01 1.110591e-01 1.325717e+00
 -2.827979e-01 6.427753e-02 1.179879e+00
 -1.431057e-01 4.854241e-02 1.134917e+00
 1.256940e-01 7.445450e-02 1.096790e+00
 9.761223e-01 2.541139e-01 1.173606e+00
 1.314431e+00 4.098900e-01 1.096500e+00
 1.570214e+00 6.206334e-01 9.227109e-01
 1.717266e+00 8.720415e-01 6.684220e-01
 1.731506e+00 1.097117e+00 3.987059e-01
 1.644345e+00 1.253854e+00 1.667478e-01
 1.444474e+00 1.406590e+00 -4.026088e-02
 1.271689e+00 1.559845e+00 -1.064961e-01
 1.136794e+00 1.769076e+00 -1.981398e-01
 1.007343e+00 1.959804e+00 -4.182077e-01
 8.233397e-01 2.054066e+00 -7.477373e-01
 6.126969e-01 1.996630e+00 -1.077044e+00
 3.876834e-01 1.806817e+00 -1.333646e+00
 1.816806e-01 1.512597e+00 -1.485430e+00
 3.239374e-02 1.150640e+00 -1.515511e+00
 -3.673598e-02 7.750009e-01 -1.417168e+00
 -1.449941e-02 4.428580e-01 -1.203826e+00
 1.564549e-01 3.976489e-02 -6.811023e-01
 2.257186e-01 -1.428421e-01 -2.970892e-01
 4.652543e-01 -3.861800e-01 1.721477e-01
 4.788294e-01 -6.768395e-01 5.196558e-01
 3.330272e-01 -9.886207e-01 7.590058e-01
 1.160168e-01 -1.322918e+00 8.338315e-01
 -2.467126e-01 -1.620821e+00 7.697781e-01
 -4.911151e-01 -2.020529e+00 3.583865e-01
 -5.418199e-01 -2.352880e+00 -1.000637e+00
 -5.365396e-01 -2.318846e+00 -1.344191e+00
 -5.448099e-01 -2.166792e+00 -1.664346e+00
 -5.690819e-01 -1.911763e+00 -1.915598e+00
 -5.952158e-01 -1.554151e+00 -2.074656e+00
 -6.168115e-01 -1.171002e+00 -2.090278e+00
 -6.309931e-01 -7.979216e-01 -1.953082e+00
 -6.367938e-01 -5.230477e-01 -1.693732e+00
 -6.767181e-01 -3.537267e-01 -1.316129e+00
 -7.464224e-01 -3.473132e-01 -9.797405e-01
 -8.738413e-01 -4.197768e-01 -7.250307e-01
 -1.255358e+00 -5.853568e-01 -4.600808e-01
 -1.454415e+00 -8.193951e-01 -1.771950e-01
 -1.493931e+00 -1.008970e+00 2.873165e-01
 -1.312832e+00 -1.070397e+00 7.625414e-01
 -7.025602e-01 -9.369436e-01 1.378563e+00
 -2.834830e-01 -8.367696e-01 1.629590e+00
 -1.167645e-01 -7.028203e-01 1.835160e+00
 3.791251e-02 -3.848453e-01 2.041340e+00
 1.107358e-01 1.416646e-02 2.127502e+00
 1.049034e-01 4.094423e-01 2.067765e+00
 5.891044e-02 7.387607e-01 1.877688e+00
 -1.472607e-02 9.750445e-01 1.565467e+00
 -1.358930e-01 1.074288e+00 1.188121e+00
 -2.599022e-01 1.017190e+00 8.228717e-01
 -2.992463e-01 7.061503e-01 2.910029e-01
 -3.942032e-01 6.025602e-01 6.155523e-03
 -5.262682e-01 5.826893e-01 -1.788522e-01
 -6.117879e-01 5.710456e-01 -2.718135e-01
 -6.938852e-01 5.673094e-01 -3.447417e-01
 -1.157348e+00 5.552779e-01 -6.692218e-01
 -1.406341e+00 4.376685e-01 -8.792261e-01
 -1.588814e+00 2.248394e-01 -1.083094e+00
 -1.684499e+00 -6.535047e-02 -1.264818e+00
 -1.694305e+00 -3.776278e-01 -1.377169e+00
