 -1.502931e+00 -6.502191e-01 -1.735718e+00
 -1.767018e+00 -6.002070e-01 -1.557704e+00
 -1.969707e+00 -5.005007e-01 -1.308261e+00
 -2.082151e+00 -3.428627e-01 -1.040852e+00
 -2.098672e+00 -1.376486e-01 -7.823944e-01
 -2.017400e+00 9.033781e-02 -5.611631e-01
 -1.570494e+00 6.322977e-01 -1.166330e-01
 -1.315339e+00 7.674532e-01 1.047927e-01
 -8.925505e-01 8.090752e-01 3.737246e-01
 -7.746425e-01 7.845479e-01 4.817817e-01
 -6.086242e-01 6.942770e-01 6.408490e-01
 -4.608504e-01 5.779244e-01 7.391648e-01
 -2.483277e-01 3.821797e-01 8.036993e-01
 -6.418679e-02 1.537304e-01 7.962950e-01
 1.250116e-01 -1.812218e-01 6.897680e-01
 2.697777e-01 -6.778968e-01 5.549001e-01
 2.900022e-01 -1.099211e+00 5.377331e-01
 2.438769e-01 -1.401474e+00 6.209034e-01
 2.288779e-01 -1.705782e+00 8.390773e-01
 2.610481e-01 -1.918404e+00 1.150025e+00
 3.349789e-01 -2.007410e+00 1.518679e+00
 4.198765e-01 -1.953367e+00 1.884437e+00
 5.124955e-01 -1.757609e+00 2.206591e+00
 6.233720e-01 -1.446241e+00 2.428362e+00
 7.401880e-01 -1.058622e+00 2.509689e+00
 8.422220e-01 -6.722438e-01 2.426009e+00
 9.218282e-01 -3.427859e-01 2.187745e+00
 9.722340e-01 -1.337641e-01 1.831638e+00
 1.007511e+00 -8.655324e-02 1.431695e+00
 1.052171e+00 -1.917899e-01 1.107592e+00
 1.172517e+00 -3.565472e-01 8.821187e-01
 1.333888e+00 -4.442535e-01 7.202963e-01
 1.518160e+00 -4.528768e-01 5.234981e-01
 1.688490e+00 -3.751353e-01 2.783697e-01
 1.790953e+00 -2.236172e-01 1.715738e-02
 1.801870e+00 -2.455595e-02 -2.303980e-01
 1.727170e+00 1.765736e-01 -4.373678e-01
 1.555248e+00 3.770684e-01 -6.223802e-01
 1.314465e+00 5.469808e-01 -7.400459e-01
 9.962479e-01 6.922725e-01 -7.823235e-01
 8.081588e-01 7.970249e-01 -8.514203e-01
 6.288010e-01 9.411976e-01 -9.921322e-01
 4.270907e-01 1.340164e+00 -1.266365e+00
 1.764120e-01 1.537013e+00 -1.467229e+00
 -1.581805e-01 1.625196e+00 -1.638963e+00
 -5.084128e-01 1.599586e+00 -1.743031e+00
 -8.329372e-01 1.467602e+00 -1.777222e+00
 -1.099700e+00 1.245501e+00 -1.744054e+00
 -1.280193e+00 9.569833e-01 -1.648067e+00
 -1.351732e+00 6.246825e-01 -1.499942e+00
 -1.304890e+00 3.246683e-01 -1.330469e+00
 -1.080440e+00 -6.122474e-02 -9.746364e-01
 -1.042268e+00 -6.937300e-01 -7.530186e-01
 -9.435751e-01 -9.801839e-01 -5.223202e-01
 -8.413987e-01 -1.160049e+00 -1.798238e-01
 -7.583268e-01 -1.191703e+00 2.084384e-01
 -7.176316e-01 -1.074362e+00 5.869926e-01
 -6.870714e-01 -8.479116e-01 8.548046e-01
 -7.199903e-01 -6.265054e-01 1.006116e+00
 -8.343560e-01 -3.865748e-01 1.142621e+00
 -1.172976e+00 9.141630e-02 1.264628e+00
 -1.358452e+00 4.648863e-01 1.280620e+00
 -1.458140e+00 8.419137e-01 1.226215e+00
 -1.483777e+00 1.164136e+00 1.114177e+00
 -1.463366e+00 1.397060e+00 9.724114e-01
 -1.410418e+00 1.583296e+00 7.884846e-01
 -1.331515e+00 1.714415e+00 5.730895e-01
 -1.234759e+00 1.783258e+00 3.400355e-01
 -1.128863e+00 1.786947e+00 1.033528e-01
 -1.022618e+00 1.726502e+00 -1.234515e-01
 -9.276298e-01 1.610244e+00 -3.214041e-01
 -4.385776e-01 8.105520e-01 -1.093367e+00
 -3.831797e-01 7.282275e-01 -1.201411e+00
 -3.463137e-01 6.691262e-01 -1.333984e+00
 -3.028247e-01 5.647735e-01 -1.776891e+00
 -1.816904e-01 3.587533e-01 -2.099870e+00
 2.344948e-02 3.905374e-02 -2.329874e+00
 2.184297e-01 -2.799040e-01 -2.376441e+00
 4.210772e-01 -5.844954e-01 -2.271314e+00
 6.391783e-01 -8.118343e-01 -2.036140e+00
 8.441316e-01 -9.352220e-01 -1.673771e+00
 9.557421e-01 -9.161192e-01 -1.273662e+00
 9.643984e-01 -7.656148e-01 -8.909256e-01
 7.768889e-01 -9.989803e-02 -1.422306e-01
 8.357549e-01 1.245042e-01 5.231962e-02
 9.174945e-01 3.138071e-01 1.721562e-01
 1.119429e+00 4.908484e-01 3.216101e-01
 1.392871e+00 5.748485e-01 5.189774e-01
 1.655579e+00 5.413790e-01 7.281729e-01
 1.873693e+00 3.970547e-01 9.586403e-01
 2.006141e+00 1.686309e-01 1.181515e+00
 2.039650e+00 -1.133892e-01 1.373630e+00
 1.974469e+00 -4.084131e-01 1.513526e+00
 1.819698e+00 -6.925727e-01 1.589785e+00
 1.594887e+00 -9.198923e-01 1.613776e+00
 1.318312e+00 -1.072828e+00 1.586139e+00
 1.031301e+00 -1.129044e+00 1.527380e+00
 7.922295e-01 -1.091861e+00 1.484103e+00
 6.241403e-01 -1.030543e+00 1.491598e+00
 4.671576e-01 -9.852944e-01 1.526345e+00
 1.702018e-01 -9.953862e-01 1.605936e+00
 -4.660773e-01 -1.217165e+00 1.793669e+00
 -7.981634e-01 -1.276396e+00 1.785670e+00
 -1.122474e+00 -1.271281e+00 1.685056e+00
 -1.401059e+00 -1.202812e+00 1.501623e+00
 -1.601836e+00 -1.079459e+00 1.254737e+00
 -1.701047e+00 -9.165538e-01 9.720609e-01
 -1.688896e+00 -7.191764e-01 6.832734e-01
 -1.563510e+00 -5.101676e-01 4.311781e-01
 -1.341188e+00 -3.292512e-01 2.507558e-01
 -1.090376e+00 -2.213831e-01 1.582609e-01
 -7.576088e-01 -1.552624e-01 8.332340e-02
 -5.052955e-01 -2.003949e-03 -1.062325e-01
 -3.071171e-01 2.024020e-01 -2.015641e-01
 -1.132839e-01 4.201516e-01 -2.058607e-01
 2.676963e-01 1.130679e+00 -4.817387e-02
 5.235547e-01 1.404537e+00 -7.803725e-02
 8.114279e-01 1.604827e+00 -2.238246e-01
 1.089481e+00 1.700287e+00 -4.643573e-01
 1.319454e+00 1.676954e+00 -7.651785e-01
 1.467402e+00 1.539866e+00 -1.100782e+00
 1.489531e+00 1.328120e+00 -1.412633e+00
 1.407090e+00 1.050506e+00 -1.650641e+00
 1.256071e+00 7.158707e-01 -1.772799e+00
 1.042886e+00 3.927490e-01 -1.762224e+00
 8.037164e-01 1.449518e-01 -1.631270e+00
 4.521528e-01 -2.225445e-02 -1.389792e+00
 2.619884e-01 -1.634965e-01 -1.332369e+00
 1.926849e-02 -3.367928e-01 -1.364595e+00
 -2.143460e-01 -4.667317e-01 -1.466605e+00
 -5.640599e-01 -5.982999e-01 -1.719245e+00
 -8.662976e-01 -6.489342e-01 -1.821526e+00
 -1.191241e+00 -6.670945e-01 -1.827412e+00
