 -1.983882e+00 9.769407e-01 1.366209e-01
 -2.023225e+00 2.787682e-02 9.972853e-01
 -1.941279e+00 -2.013279e-01 1.190125e+00
 -1.785914e+00 -3.960264e-01 1.342782e+00
 -1.563794e+00 -5.472025e-01 1.459803e+00
 -1.287394e+00 -6.489055e-01 1.526143e+00
 -9.846469e-01 -6.989046e-01 1.521637e+00
 -6.847538e-01 -6.857955e-01 1.448731e+00
 -3.932711e-01 -6.072501e-01 1.297929e+00
 -1.999700e-01 -5.954637e-01 1.218220e+00
 1.468964e-03 -6.115631e-01 1.181596e+00
 2.851735e-01 -7.277941e-01 1.124160e+00
 9.701726e-01 -1.300607e+00 1.008435e+00
 1.212371e+00 -1.520066e+00 8.335337e-01
 1.389435e+00 -1.689521e+00 5.509266e-01
 1.478953e+00 -1.785694e+00 1.862622e-01
 1.484550e+00 -1.772337e+00 -1.755832e-01
 1.397280e+00 -1.665934e+00 -5.098869e-01
 1.217535e+00 -1.479297e+00 -7.765922e-01
 9.409783e-01 -1.246553e+00 -9.451544e-01
 6.333824e-01 -1.042415e+00 -9.691776e-01
 3.826150e-01 -9.366771e-01 -8.913167e-01
 1.459089e-01 -8.954577e-01 -7.939863e-01
 -3.503576e-01 -9.599864e-01 -7.779863e-01
 -6.536524e-01 -9.426281e-01 -6.887398e-01
 -9.139327e-01 -8.701120e-01 -5.307263e-01
 -1.102714e+00 -7.588164e-01 -3.150997e-01
 -1.206493e+00 -6.280031e-01 -5.156172e-02
 -1.212509e+00 -4.849455e-01 2.478422e-01
 -1.103850e+00 -2.555888e-01 5.773208e-01
 -1.027207e+00 1.023615e-02 7.976733e-01
 -1.012546e+00 1.635259e-01 9.696942e-01
 -1.093657e+00 4.287017e-01 1.452680e+00
 -1.029100e+00 5.897719e-01 1.745923e+00
 -8.546876e-01 7.625917e-01 2.000796e+00
 -6.079837e-01 9.330148e-01 2.163257e+00
 -3.157356e-01 1.066920e+00 2.228403e+00
 -2.797531e-04 1.142464e+00 2.200313e+00
 3.102239e-01 1.151921e+00 2.081384e+00
 5.984982e-01 1.075046e+00 1.887011e+00
 7.905567e-01 9.441295e-01 1.668865e+00
 8.954694e-01 7.737176e-01 1.419927e+00
 9.126789e-01 2.937019e-01 7.738725e-01
 8.839385e-01 1.923681e-01 5.797769e-01
 8.196623e-01 1.205080e-01 3.446739e-01
 6.819561e-01 6.758274e-02 -8.028818e-02
 6.991499e-01 -4.237720e-02 -4.490176e-01
 8.863334e-01 -5.954973e-02 -8.691526e-01
 1.054479e+00 -1.514623e-01 -1.332957e+00
 1.067686e+00 -1.869179e-01 -1.646364e+00
 9.890043e-01 -1.862175e-01 -1.953642e+00
 8.254729e-01 -1.556392e-01 -2.221278e+00
 5.958449e-01 -9.776808e-02 -2.423909e+00
 3.231465e-01 -2.475960e-02 -2.543196e+00
 3.014017e-02 4.330994e-02 -2.570209e+00
 -2.610787e-01 9.677225e-02 -2.504870e+00
 -5.404155e-01 1.289751e-01 -2.344820e+00
 -7.499322e-01 1.382249e-01 -2.121246e+00
 -1.262578e+00 1.280657e-01 -1.062906e+00
 -1.322101e+00 1.727066e-01 -7.778200e-01
 -1.309446e+00 2.648445e-01 -4.945335e-01
 -1.229952e+00 3.825126e-01 -2.563390e-01
 -1.127301e+00 4.885355e-01 -1.040303e-01
 -9.644652e-01 6.695886e-01 4.440620e-02
 -6.120149e-01 7.690249e-01 2.021491e-01
 -8.420015e-02 8.007496e-01 2.354767e-01
 1.232757e-01 8.612946e-01 2.853932e-01
 3.233436e-01 1.000187e+00 3.667680e-01
 5.338690e-01 1.201382e+00 3.922163e-01
 7.591414e-01 1.491989e+00 2.925626e-01
 9.334316e-01 1.743353e+00 6.590490e-02
 1.045046e+00 1.897471e+00 -2.412030e-01
 1.090962e+00 1.943746e+00 -5.992472e-01
 1.084054e+00 1.863674e+00 -9.708893e-01
 1.018479e+00 1.684834e+00 -1.276046e+00
 8.859991e-01 1.434396e+00 -1.500532e+00
 7.081477e-01 1.142535e+00 -1.614330e+00
 1.416533e-01 2.378711e-01 -1.582292e+00
 8.244967e-02 3.944042e-02 -1.549563e+00
 4.582512e-02 -1.891815e-01 -1.567129e+00
 -5.543679e-02 -6.322398e-01 -1.764014e+00
 -7.295211e-02 -9.927946e-01 -1.800342e+00
 -5.592791e-02 -1.339998e+00 -1.713820e+00
 -2.164550e-02 -1.635678e+00 -1.510462e+00
 2.636047e-02 -1.835982e+00 -1.221422e+00
 1.053026e-01 -1.921499e+00 -8.800254e-01
 2.230742e-01 -1.881859e+00 -5.311203e-01
 3.487707e-01 -1.732072e+00 -2.465808e-01
 5.147644e-01 -1.479128e+00 -2.901638e-02
 6.438172e-01 -1.217059e+00 3.924906e-02
 8.115368e-01 -9.952264e-01 4.143585e-02
 1.269597e+00 -7.686476e-01 1.831674e-02
 1.514335e+00 -5.483154e-01 -6.670727e-02
 1.671423e+00 -2.302669e-01 -1.506612e-01
 1.700601e+00 1.289556e-01 -2.359397e-01
 1.596800e+00 4.703852e-01 -3.217882e-01
 1.379702e+00 7.439275e-01 -4.196118e-01
 1.117149e+00 8.966847e-01 -5.300503e-01
 6.241488e-01 1.006311e+00 -6.063408e-01
 3.953730e-01 1.195441e+00 -6.289791e-01
 1.954999e-01 1.426529e+00 -5.667462e-01
 -4.250497e-02 1.644862e+00 -3.480604e-01
 -2.102109e-01 1.777646e+00 -3.661218e-02
 -3.104962e-01 1.799769e+00 3.309925e-01
 -3.492833e-01 1.693066e+00 6.861799e-01
 -3.486887e-01 1.464447e+00 9.795590e-01
 -2.835584e-01 1.140765e+00 1.184078e+00
 -1.134886e-01 6.584527e-01 1.288454e+00
 -6.388830e-02 4.232698e-01 1.449555e+00
 4.664070e-02 1.385127e-01 1.884370e+00
 8.324300e-02 -1.847380e-01 2.111554e+00
 8.974035e-02 -5.721282e-01 2.201236e+00
 6.546886e-02 -9.626706e-01 2.139754e+00
 3.733990e-03 -1.301881e+00 1.937008e+00
 -1.022813e-01 -1.521096e+00 1.653955e+00
 -2.125665e-01 -1.615791e+00 1.289956e+00
 -2.847343e-01 -1.559420e+00 8.929059e-01
 -3.351686e-01 -1.359660e+00 5.564818e-01
 -3.298374e-01 -1.047787e+00 3.105257e-01
 -2.131468e-01 -6.950713e-01 1.927801e-01
 -2.072975e-01 -4.187559e-01 8.999642e-02
 -2.998500e-01 -1.554598e-01 -1.445821e-01
 -3.087694e-01 -2.448673e-02 -3.857720e-01
 -2.772026e-01 2.058569e-01 -6.139560e-01
 -3.743922e-01 5.703091e-01 -7.879599e-01
 -5.537803e-01 8.385938e-01 -8.790024e-01
 -8.140692e-01 1.073459e+00 -8.857735e-01
 -1.114714e+00 1.237754e+00 -7.999667e-01
 -1.411074e+00 1.318642e+00 -6.239758e-01
 -1.672145e+00 1.298979e+00 -3.885311e-01
 -1.871392e+00 1.179334e+00 -1.253810e-01
