 -1.598567e+00 1.039626e+00 1.794442e-01
 -1.433113e+00 7.651331e-01 4.534230e-01
 -1.111619e+00 5.433866e-01 6.392452e-01
 -8.270533e-01 4.699822e-01 6.996987e-01
 -4.958361e-01 5.087048e-01 7.528301e-01
 -1.615273e-01 7.280174e-01 8.784713e-01
 1.359781e-01 1.110402e+00 9.872404e-01
 3.602421e-01 1.351901e+00 9.528645e-01
 6.361853e-01 1.544572e+00 8.226266e-01
 9.077736e-01 1.634234e+00 6.319754e-01
 1.153848e+00 1.617141e+00 4.073979e-01
 1.326085e+00 1.516602e+00 1.626782e-01
 1.411137e+00 1.349514e+00 -1.026128e-01
 1.393340e+00 1.103592e+00 -3.931442e-01
 1.278522e+00 8.606272e-01 -6.004978e-01
 8.796827e-01 4.010108e-01 -8.694060e-01
 7.015262e-01 3.686081e-02 -1.339424e+00
 5.823534e-01 -2.075565e-01 -1.502242e+00
 3.486568e-01 -4.826023e-01 -1.596879e+00
 5.810991e-02 -6.963392e-01 -1.584174e+00
 -2.896788e-01 -8.251500e-01 -1.468953e+00
 -5.914974e-01 -8.533313e-01 -1.255488e+00
 -8.098938e-01 -8.189373e-01 -9.442658e-01
 -9.007430e-01 -7.347828e-01 -5.867579e-01
 -8.519484e-01 -5.592250e-01 -1.609152e-01
 -9.105164e-01 -4.695704e-01 5.819157e-02
 -1.068001e+00 -4.335066e-01 3.341277e-01
 -1.541222e+00 -5.386816e-01 9.092819e-01
 -1.652686e+00 -6.075446e-01 1.288262e+00
 -1.608151e+00 -6.481338e-01 1.688754e+00
 -1.398227e+00 -6.605796e-01 2.068402e+00
 -1.104178e+00 -6.470289e-01 2.307952e+00
 -7.487291e-01 -6.120519e-01 2.414683e+00
 -3.701326e-01 -5.448873e-01 2.377747e+00
 -1.415873e-02 -4.312113e-01 2.193355e+00
 2.254018e-01 -3.165207e-01 1.902125e+00
 3.330867e-01 -2.186795e-01 1.538663e+00
 2.898610e-01 -1.557558e-01 1.023165e+00
 3.284394e-01 -1.838938e-01 6.502529e-01
 5.233563e-01 -3.128515e-01 3.347439e-01
 8.335911e-01 -3.258920e-01 9.015937e-02
 9.873562e-01 -3.420769e-01 -1.425897e-01
 1.116250e+00 -4.759582e-01 -4.337387e-01
 1.116799e+00 -6.523522e-01 -7.132362e-01
 1.126021e+00 -9.235850e-01 -9.025883e-01
 1.081842e+00 -1.250449e+00 -1.001685e+00
 9.894222e-01 -1.577291e+00 -9.955855e-01
 8.563018e-01 -1.864835e+00 -8.932310e-01
 7.036220e-01 -2.082471e+00 -7.156323e-01
 5.478142e-01 -2.217708e+00 -4.881211e-01
 4.047050e-01 -2.269143e+00 -2.331435e-01
 -1.294955e-01 -2.137890e+00 9.032920e-01
 -2.935698e-01 -2.001727e+00 1.162336e+00
 -4.503948e-01 -1.765913e+00 1.361775e+00
 -5.635132e-01 -1.469555e+00 1.475589e+00
 -6.264788e-01 -1.139271e+00 1.495530e+00
 -6.220471e-01 -5.914183e-01 1.378533e+00
 -6.793405e-01 -3.035759e-01 1.416722e+00
 -7.897875e-01 1.113973e-01 1.658476e+00
 -8.473536e-01 4.349251e-01 1.722035e+00
 -8.881912e-01 7.651487e-01 1.676256e+00
 -9.086370e-01 1.065643e+00 1.524889e+00
 -9.045448e-01 1.334680e+00 1.251532e+00
 -8.459334e-01 1.495847e+00 9.087807e-01
 -7.630144e-01 1.524055e+00 6.260887e-01
 -6.526457e-01 1.430289e+00 3.087838e-01
 -5.866155e-01 1.209573e+00 1.477454e-02
 -5.861382e-01 9.962718e-01 -1.369179e-01
 -6.991439e-01 7.075870e-01 -2.863526e-01
 -1.004581e+00 4.495760e-01 -4.331211e-01
 -1.429650e+00 2.267821e-01 -4.804749e-01
 -1.695199e+00 -3.046112e-02 -4.260412e-01
 -1.861407e+00 -3.881968e-01 -3.212321e-01
 -1.874647e+00 -7.583645e-01 -2.105403e-01
 -1.748552e+00 -1.086008e+00 -9.178260e-02
 -1.506691e+00 -1.325430e+00 4.991768e-02
 -1.147321e+00 -1.457150e+00 2.289496e-01
 -7.855938e-01 -1.435390e+00 3.736723e-01
 -2.786750e-01 -1.197523e+00 5.193290e-01
 -4.122148e-02 -1.145078e+00 6.652055e-01
 2.730410e-01 -1.180793e+00 8.616120e-01
 5.948025e-01 -1.138371e+00 9.579954e-01
 9.285029e-01 -9.603264e-01 1.020242e+00
 1.170588e+00 -6.848304e-01 1.034378e+00
 1.302519e+00 -3.154958e-01 1.014522e+00
 1.296959e+00 4.936203e-02 9.327843e-01
 1.185673e+00 3.739905e-01 7.604972e-01
 9.925249e-01 5.975945e-01 5.222220e-01
 6.634154e-01 7.204821e-01 2.041906e-01
 5.166071e-01 8.572412e-01 7.703198e-02
 4.148188e-01 1.096118e+00 -7.953545e-02
 3.722637e-01 1.762368e+00 -4.496005e-01
 3.145101e-01 2.009589e+00 -7.598316e-01
 2.008512e-01 2.120561e+00 -1.131719e+00
 4.518358e-02 2.071155e+00 -1.532299e+00
 -9.588792e-02 1.892968e+00 -1.831719e+00
 -2.173218e-01 1.607460e+00 -2.034635e+00
 -3.199845e-01 1.243428e+00 -2.113377e+00
 -4.099801e-01 8.455574e-01 -2.040943e+00
 -4.466983e-01 5.111119e-01 -1.835143e+00
 -4.221524e-01 2.696518e-01 -1.526106e+00
 -2.895075e-01 1.119097e-01 -1.054414e+00
 -1.322727e-01 -6.601732e-02 -7.636914e-01
 7.335873e-02 -3.686647e-01 -6.152600e-01
 1.271215e-01 -7.349949e-01 -5.277269e-01
 1.991694e-01 -9.723723e-01 -3.886516e-01
 4.143274e-01 -1.210468e+00 -2.272472e-01
 6.881446e-01 -1.317074e+00 -4.567653e-02
 1.025233e+00 -1.391944e+00 1.301273e-02
 1.392893e+00 -1.369931e+00 -1.715519e-02
 1.724700e+00 -1.251165e+00 -1.343371e-01
 1.977294e+00 -1.043270e+00 -3.172316e-01
 2.114358e+00 -7.754631e-01 -5.388888e-01
 2.118871e+00 -4.866538e-01 -7.738762e-01
 1.677319e+00 4.519335e-01 -1.533565e+00
 1.522854e+00 6.594209e-01 -1.645255e+00
 1.320995e+00 8.467232e-01 -1.695753e+00
 1.081936e+00 1.000225e+00 -1.683594e+00
 8.228163e-01 1.103415e+00 -1.612130e+00
 5.630704e-01 1.142755e+00 -1.490716e+00
 1.248137e-01 1.089517e+00 -1.195987e+00
 -1.442160e-01 1.154267e+00 -1.094977e+00
 -6.649838e-01 1.372806e+00 -1.094002e+00
 -1.065669e+00 1.447743e+00 -9.304239e-01
 -1.385455e+00 1.420533e+00 -6.307168e-01
 -1.586854e+00 1.278403e+00 -2.117568e-01
