 2.274824e-01 -4.652990e-01 2.259787e+00
 1.621835e-01 -8.403908e-01 2.095643e+00
 7.998080e-02 -1.115264e+00 1.798943e+00
 -3.285968e-03 -1.247235e+00 1.418006e+00
 -1.016321e-01 -1.202850e+00 8.471956e-01
 -1.541353e-01 -1.259093e+00 6.146402e-01
 -1.681705e-01 -1.352728e+00 4.504691e-01
 -1.323077e-01 -1.440230e+00 2.130202e-01
 -1.031943e-01 -1.561857e+00 -7.105287e-01
 -7.739350e-02 -1.549742e+00 -9.255413e-01
 -2.618669e-02 -1.502532e+00 -1.130512e+00
 3.835056e-01 -1.055720e+00 -2.166936e+00
 4.995162e-01 -8.445772e-01 -2.391616e+00
 6.045171e-01 -5.656957e-01 -2.534076e+00
 6.856780e-01 -2.482999e-01 -2.578900e+00
 7.436244e-01 7.200980e-02 -2.517923e+00
 7.736635e-01 3.617350e-01 -2.355252e+00
 7.734733e-01 5.893113e-01 -2.104931e+00
 7.540192e-01 7.242854e-01 -1.791491e+00
 7.204212e-01 7.472610e-01 -1.454948e+00
 6.963294e-01 6.551320e-01 -1.127754e+00
 7.182043e-01 4.847962e-01 -8.721666e-01
 1.025325e+00 -8.419716e-03 -2.750017e-01
 1.033384e+00 -2.132071e-01 -3.763944e-02
 9.321891e-01 -4.231457e-01 1.482180e-01
 8.242319e-01 -6.012017e-01 2.275568e-01
 7.713425e-01 -8.408422e-01 2.914715e-01
 8.534831e-01 -1.355337e+00 4.894192e-01
 7.767201e-01 -1.685021e+00 6.400426e-01
 5.753557e-01 -1.965927e+00 7.768757e-01
 2.786283e-01 -2.158843e+00 8.792899e-01
 -6.576366e-02 -2.230430e+00 9.507632e-01
 -4.203818e-01 -2.170657e+00 1.001968e+00
 -7.585465e-01 -1.977353e+00 1.015216e+00
 -9.994471e-01 -1.697102e+00 9.779053e-01
 -1.423691e+00 -5.837520e-01 6.909964e-01
 -1.499309e+00 -2.606130e-01 4.745584e-01
 -1.488110e+00 -4.424330e-02 2.036486e-01
 -1.445590e+00 3.755232e-02 -5.557312e-02
 -1.444209e+00 4.589697e-02 -3.841251e-01
 -1.255049e+00 -9.251178e-02 -8.946933e-01
 -9.379409e-01 -1.764768e-01 -1.325593e+00
 -6.343167e-01 -2.005682e-01 -1.562894e+00
 -2.903822e-01 -2.031173e-01 -1.694821e+00
 4.806192e-02 -1.950396e-01 -1.709873e+00
 3.050908e-01 -1.870447e-01 -1.639272e+00
 4.829522e-01 -2.329016e-01 -1.577799e+00
 7.164191e-01 -2.759028e-01 -1.560239e+00
 1.041203e+00 -2.261713e-01 -1.529189e+00
 1.323970e+00 -8.207713e-02 -1.470969e+00
 1.554962e+00 1.406653e-01 -1.357526e+00
 1.694945e+00 3.877782e-01 -1.188469e+00
 1.739099e+00 6.326187e-01 -9.720924e-01
 1.684641e+00 8.477621e-01 -7.296546e-01
 1.112933e+00 1.483772e+00 2.256559e-01
 9.298358e-01 1.584691e+00 4.047143e-01
 6.987389e-01 1.647800e+00 5.407463e-01
 4.383205e-01 1.666886e+00 6.230273e-01
 1.753330e-01 1.648465e+00 6.410842e-01
 -5.788342e-02 1.610352e+00 5.951870e-01
 -2.859496e-01 1.600714e+00 4.891788e-01
 -6.863124e-01 1.687430e+00 3.651243e-01
 -9.850382e-01 1.660605e+00 3.097704e-01
 -1.272825e+00 1.535017e+00 2.484495e-01
 -2.248777e+00 6.551643e-01 -6.788707e-03
 -2.407969e+00 3.592983e-01 -7.652054e-02
 -2.459462e+00 2.586012e-02 -1.404161e-01
 -2.398093e+00 -3.057679e-01 -1.904935e-01
 -2.231837e+00 -5.979417e-01 -2.254799e-01
 -1.979550e+00 -8.192399e-01 -2.516531e-01
 -1.668870e+00 -9.463822e-01 -2.656445e-01
 -1.335348e+00 -9.653172e-01 -2.599602e-01
 -1.040084e+00 -8.908549e-01 -2.109142e-01
 -7.798927e-01 -7.193806e-01 -1.058961e-01
 -3.664072e-01 -2.964055e-01 2.905919e-01
 2.180589e-02 -5.909268e-03 3.010922e-01
 2.127067e-01 2.925487e-01 2.574518e-01
 2.984667e-01 5.826546e-01 1.858548e-01
 3.272227e-01 8.138185e-01 4.733234e-02
 2.762509e-01 1.131502e+00 -2.406352e-01
 2.592312e-01 1.479147e+00 -3.690650e-01
 2.266496e-01 1.845790e+00 -3.627658e-01
 1.525012e-01 2.189876e+00 -2.254567e-01
 3.383772e-02 2.453955e+00 1.904183e-02
 -1.132282e-01 2.600223e+00 3.352499e-01
 -2.676186e-01 2.609286e+00 6.795744e-01
 -4.068823e-01 2.481269e+00 1.003663e+00
 -5.253136e-01 2.235769e+00 1.258081e+00
 -8.644541e-01 1.073689e+00 1.780291e+00
 -8.845036e-01 7.637010e-01 1.837490e+00
 -8.380889e-01 4.451368e-01 1.819999e+00
 -7.167495e-01 1.478402e-01 1.729227e+00
 -5.244573e-01 -8.148071e-02 1.575597e+00
 -2.688725e-01 -2.137788e-01 1.396900e+00
 -3.427884e-02 -2.322431e-01 1.290879e+00
 1.598152e-01 -2.436522e-01 1.263239e+00
 1.124790e+00 -4.814220e-01 1.196508e+00
 1.458920e+00 -6.062537e-01 1.028488e+00
 1.706035e+00 -7.450430e-01 7.310747e-01
 1.805998e+00 -8.757870e-01 4.016495e-01
 1.770035e+00 -9.928099e-01 5.995047e-02
 1.604105e+00 -1.067792e+00 -2.632292e-01
 1.333779e+00 -1.075226e+00 -5.278375e-01
 1.015053e+00 -1.005143e+00 -6.924444e-01
 6.718172e-01 -8.712553e-01 -7.412553e-01
 2.907872e-01 -6.151906e-01 -6.668228e-01
 1.265691e-01 -4.458173e-01 -6.599223e-01
 -8.291591e-02 -1.243543e-01 -7.058708e-01
 -1.933465e-01 9.959179e-02 -6.910817e-01
 -4.023726e-01 3.546184e-01 -5.641197e-01
 -6.004989e-01 5.848937e-01 -3.094589e-01
 -6.929947e-01 7.002980e-01 -9.297346e-03
 -7.466428e-01 6.717892e-01 4.268669e-01
 -5.843170e-01 6.731936e-01 7.885329e-01
 -1.121921e-01 7.669991e-01 1.155926e+00
 5.846447e-02 7.748511e-01 1.442626e+00
 1.962212e-01 6.190961e-01 1.813889e+00
 2.578875e-01 3.320070e-01 2.103392e+00
 2.643566e-01 -5.253209e-02 2.261994e+00
