 1.206857e-02 8.465003e-01 9.126956e-01
 -1.476797e-01 8.980776e-01 8.812810e-01
 -8.410743e-01 1.029445e+00 7.189466e-01
 -1.049464e+00 1.060976e+00 6.159694e-01
 -1.234280e+00 1.081517e+00 4.631084e-01
 -1.394274e+00 1.090785e+00 2.488465e-01
 -1.501834e+00 1.078905e+00 6.325362e-03
 -1.546189e+00 1.041741e+00 -2.378157e-01
 -1.526411e+00 9.924042e-01 -4.692246e-01
 -1.463939e+00 9.557523e-01 -6.318123e-01
 -1.314672e+00 9.574449e-01 -8.396549e-01
 -1.215986e+00 1.023713e+00 -1.041350e+00
 -1.098928e+00 1.199913e+00 -1.340575e+00
 -9.295184e-01 1.291024e+00 -1.576744e+00
 -7.044028e-01 1.308884e+00 -1.793638e+00
 -4.493403e-01 1.255296e+00 -1.955741e+00
 -1.950983e-01 1.124906e+00 -2.063564e+00
 3.637074e-02 9.304987e-01 -2.106149e+00
 2.272025e-01 6.889763e-01 -2.075243e+00
 3.637191e-01 4.390832e-01 -1.969687e+00
 4.518524e-01 1.988640e-01 -1.782102e+00
 4.646933e-01 1.536529e-03 -1.549902e+00
 4.234960e-01 -1.265751e-01 -1.283829e+00
 3.327702e-01 -1.702961e-01 -9.653589e-01
 1.034045e-01 -1.419338e-01 -6.041503e-01
 1.454390e-02 -1.997081e-01 -3.440087e-01
 9.049071e-03 -2.370610e-01 -9.911381e-02
 1.360451e-02 -1.442484e-01 1.692543e-01
 -1.302894e-01 -7.878130e-02 4.710177e-01
 -5.803302e-01 -5.959734e-02 9.644577e-01
 -7.281826e-01 -1.214773e-01 1.196554e+00
 -8.062621e-01 -2.204529e-01 1.475450e+00
 -7.950796e-01 -3.436129e-01 1.755828e+00
 -6.956366e-01 -4.809818e-01 2.011533e+00
 -5.097899e-01 -6.231959e-01 2.227168e+00
 -2.767217e-01 -7.289647e-01 2.371598e+00
 -6.228411e-03 -8.059650e-01 2.443788e+00
 2.783354e-01 -8.550292e-01 2.433010e+00
 5.587838e-01 -8.835477e-01 2.335682e+00
 8.277757e-01 -8.957554e-01 2.139245e+00
 1.022050e+00 -8.663193e-01 1.881202e+00
 1.127981e+00 -7.992360e-01 1.585028e+00
 1.151165e+00 -6.173880e-01 1.108842e+00
 1.301693e+00 -5.244344e-01 8.270339e-01
 1.750446e+00 -2.911513e-01 5.195152e-01
 1.913219e+00 -1.285569e-01 3.079229e-01
 1.989481e+00 4.260211e-02 5.075107e-02
 1.968282e+00 2.057514e-01 -2.220175e-01
 1.851373e+00 3.472253e-01 -4.812987e-01
 1.622430e+00 4.833014e-01 -7.236540e-01
 1.347077e+00 5.954837e-01 -8.625618e-01
 5.491396e-01 8.297114e-01 -9.677801e-01
 3.577713e-01 8.480518e-01 -1.000143e+00
 1.742386e-01 8.313957e-01 -1.039602e+00
 -1.180238e-02 7.779674e-01 -1.089287e+00
 -1.774896e-01 6.925917e-01 -1.146180e+00
 -2.750508e-01 6.151534e-01 -1.191831e+00
 -3.905768e-01 4.754239e-01 -1.291435e+00
 -4.990827e-01 3.825006e-01 -1.434975e+00
 -6.526487e-01 2.702526e-01 -1.707870e+00
 -8.001027e-01 6.024058e-02 -1.923689e+00
 -9.717810e-01 -2.098436e-01 -2.042996e+00
 -1.128211e+00 -5.094020e-01 -2.050222e+00
 -1.234140e+00 -8.203118e-01 -1.950483e+00
 -1.264893e+00 -1.107828e+00 -1.764496e+00
 -1.208296e+00 -1.344423e+00 -1.518401e+00
 -1.077534e+00 -1.495947e+00 -1.234622e+00
 -8.927066e-01 -1.541997e+00 -9.495446e-01
 -6.522872e-01 -1.499721e+00 -7.130449e-01
 -4.042621e-01 -1.386105e+00 -5.708384e-01
 -1.699872e-01 -1.270710e+00 -5.360806e-01
 3.078094e-01 -1.151927e+00 -5.464942e-01
 6.596663e-01 -1.002204e+00 -4.441774e-01
 8.765802e-01 -7.643128e-01 -3.034585e-01
 1.007390e+00 -4.296721e-01 -2.028784e-01
 1.012238e+00 -1.642052e-01 -1.641713e-01
 9.497665e-01 2.295005e-01 2.268058e-02
 1.080039e+00 7.283033e-01 1.550127e-01
 1.126262e+00 9.876378e-01 3.157615e-01
 1.131851e+00 1.196306e+00 5.443889e-01
 1.097763e+00 1.333770e+00 8.202543e-01
 1.013465e+00 1.395094e+00 1.136071e+00
 9.060151e-01 1.365835e+00 1.410178e+00
 7.804527e-01 1.254746e+00 1.649263e+00
 6.435072e-01 1.070772e+00 1.835296e+00
 4.993803e-01 8.082167e-01 1.961044e+00
 3.824375e-01 5.389697e-01 1.997961e+00
 2.923651e-01 2.636893e-01 1.954535e+00
 2.351715e-01 2.530675e-03 1.834546e+00
 2.031954e-01 -3.598248e-01 1.533831e+00
 1.260523e-01 -6.515017e-01 1.425524e+00
 3.332726e-02 -1.202275e+00 1.462253e+00
 -4.660187e-03 -1.502662e+00 1.387570e+00
 -2.815501e-02 -1.766987e+00 1.224557e+00
 -3.545595e-02 -1.968682e+00 9.907872e-01
 -1.633527e-02 -2.096130e+00 7.000924e-01
 1.828101e-01 -2.236563e+00 -6.070594e-01
 1.686609e-01 -2.112642e+00 -1.028061e+00
 8.494582e-02 -1.839546e+00 -1.358172e+00
 -3.129117e-02 -1.462524e+00 -1.536804e+00
 -1.992957e-01 -1.052375e+00 -1.538220e+00
 -3.843002e-01 -7.445626e-01 -1.379703e+00
 -5.801248e-01 -6.047676e-01 -1.190691e+00
 -8.177709e-01 -5.157035e-01 -1.057797e+00
 -1.185001e+00 -3.138799e-01 -1.040093e+00
 -1.912812e+00 2.922402e-01 -1.316439e+00
 -2.088530e+00 5.736701e-01 -1.371472e+00
 -2.181611e+00 9.030846e-01 -1.368727e+00
 -2.176684e+00 1.240822e+00 -1.308943e+00
 -2.076253e+00 1.550135e+00 -1.190262e+00
 -1.894156e+00 1.790429e+00 -1.022326e+00
 -1.637783e+00 1.936362e+00 -8.428190e-01
 -1.327035e+00 1.969448e+00 -6.672176e-01
 -1.003623e+00 1.869182e+00 -4.997968e-01
 -7.315934e-01 1.644238e+00 -3.660314e-01
 -5.550025e-01 1.330934e+00 -2.762216e-01
 -5.006231e-01 9.948873e-01 -2.386855e-01
 -5.783710e-01 6.529975e-01 -2.009846e-01
 -9.307087e-01 1.922436e-01 -1.268458e-01
 -1.014048e+00 -2.646552e-01 -5.067790e-02
 -8.991972e-01 -6.767400e-01 8.196510e-02
 -6.808389e-01 -9.393369e-01 2.943122e-01
 -3.359615e-01 -1.085309e+00 4.484031e-01
 1.623593e-01 -1.124007e+00 4.557579e-01
 3.717879e-01 -1.174622e+00 5.020747e-01
 9.834550e-01 -1.497216e+00 6.273263e-01
 1.288055e+00 -1.556649e+00 7.355493e-01
 1.584954e+00 -1.514293e+00 8.730743e-01
 1.843358e+00 -1.373101e+00 1.022574e+00
 2.045265e+00 -1.135181e+00 1.184090e+00
 2.140079e+00 -8.636840e-01 1.339893e+00
 2.136024e+00 -5.699818e-01 1.464470e+00
 2.035624e+00 -2.788783e-01 1.539258e+00
 1.847526e+00 -4.312975e-03 1.548038e+00
 1.568252e+00 2.488495e-01 1.464400e+00
 1.256431e+00 3.820700e-01 1.321352e+00
 8.409720e-01 3.873530e-01 1.097393e+00
 6.526356e-01 4.444444e-01 1.027046e+00
 4.877602e-01 5.364048e-01 9.819602e-01
 3.041988e-01 6.878917e-01 9.565735e-01
 1.657797e-01 7.745203e-01 9.387784e-01
