 4.020770e-02 1.536343e-01 7.681692e-01
 2.584897e-01 1.194476e-01 8.247340e-01
 6.242098e-01 1.332804e-01 8.451280e-01
 1.809138e+00 5.825683e-01 6.960595e-01
 2.104992e+00 7.478057e-01 5.272396e-01
 2.308412e+00 9.178618e-01 2.499466e-01
 2.392589e+00 1.085968e+00 -1.333409e-01
 2.329299e+00 1.183048e+00 -5.079771e-01
 2.134210e+00 1.196066e+00 -8.560914e-01
 1.837605e+00 1.133803e+00 -1.096180e+00
 1.409297e+00 1.039382e+00 -1.210620e+00
 1.081576e+00 1.006190e+00 -1.144943e+00
 5.275330e-01 1.219337e+00 -8.951456e-01
 1.114191e-01 1.233753e+00 -7.875970e-01
 -1.196070e-01 1.157446e+00 -7.131607e-01
 -3.756996e-01 9.527335e-01 -6.233645e-01
 -5.386439e-01 7.713547e-01 -6.313166e-01
 -6.476828e-01 6.826457e-01 -6.389332e-01
 -8.041125e-01 5.450038e-01 -6.231921e-01
 -1.472343e+00 -2.303552e-01 -4.928952e-01
 -1.652330e+00 -4.878662e-01 -3.369907e-01
 -1.764617e+00 -7.066537e-01 -8.904951e-02
 -1.792261e+00 -8.828849e-01 2.461501e-01
 -1.731101e+00 -9.544186e-01 5.604756e-01
 -1.619795e+00 -9.248414e-01 8.474388e-01
 -1.569618e+00 -8.121813e-01 1.054862e+00
 -1.575755e+00 -7.220309e-01 1.282766e+00
 -1.523073e+00 -7.205886e-01 1.599035e+00
 -1.318913e+00 -7.769664e-01 1.942732e+00
 -1.008592e+00 -8.743303e-01 2.175112e+00
 -6.248355e-01 -9.714617e-01 2.265007e+00
 -2.360032e-01 -1.015912e+00 2.199746e+00
 1.103196e-01 -1.021988e+00 1.983055e+00
 3.482617e-01 -1.008177e+00 1.645639e+00
 4.384953e-01 -9.624403e-01 1.244200e+00
 2.940469e-01 -8.276394e-01 4.405552e-01
 2.712479e-01 -8.630464e-01 1.214216e-01
 2.970817e-01 -1.047858e+00 -2.108306e-01
 4.960050e-01 -1.226877e+00 -4.915462e-01
 8.574879e-01 -1.312603e+00 -7.313948e-01
 1.292955e+00 -1.230346e+00 -8.771872e-01
 1.672119e+00 -9.701127e-01 -9.244908e-01
 1.917416e+00 -5.902930e-01 -8.687663e-01
 1.986406e+00 -1.638801e-01 -7.177077e-01
 1.865421e+00 2.182005e-01 -5.079060e-01
 1.473754e+00 6.101333e-01 -2.780797e-01
 1.389828e+00 8.586937e-01 -1.958423e-01
 1.364085e+00 1.183904e+00 -1.665987e-01
 1.355041e+00 1.522493e+00 -2.713088e-01
 1.336674e+00 1.799551e+00 -4.916526e-01
 1.287136e+00 1.978697e+00 -7.973903e-01
 1.211017e+00 2.040314e+00 -1.140973e+00
 1.099700e+00 1.980199e+00 -1.483437e+00
 9.772887e-01 1.799380e+00 -1.780364e+00
 8.597629e-01 1.522874e+00 -1.991803e+00
 5.221623e-01 3.902030e-01 -2.329321e+00
 3.669854e-01 6.066999e-02 -2.312487e+00
 1.686599e-01 -2.407544e-01 -2.171113e+00
 -9.779765e-03 -4.493260e-01 -1.932320e+00
 -1.502620e-01 -5.610756e-01 -1.615973e+00
 -2.325256e-01 -5.633592e-01 -1.261967e+00
 -2.438897e-01 -4.576276e-01 -9.147407e-01
 -1.850436e-01 -2.725644e-01 -6.378698e-01
 8.231525e-02 6.466892e-02 -2.756048e-01
 3.892326e-01 4.787780e-01 -1.473124e-01
 4.448269e-01 9.029579e-01 1.632585e-01
 4.530692e-01 1.097029e+00 5.062747e-01
 3.733106e-01 1.141394e+00 9.313784e-01
 1.973813e-01 1.004487e+00 1.339695e+00
 -2.926341e-02 7.088035e-01 1.634884e+00
 -2.466233e-01 3.238357e-01 1.743185e+00
 -4.241109e-01 -8.439764e-02 1.655196e+00
 -5.267866e-01 -5.411259e-01 1.329675e+00
 -5.695859e-01 -8.031785e-01 1.242078e+00
 -6.156621e-01 -1.106603e+00 1.249291e+00
 -8.087954e-01 -1.438661e+00 1.323860e+00
 -1.156569e+00 -1.673040e+00 1.426431e+00
 -1.596557e+00 -1.741198e+00 1.492199e+00
 -2.032911e+00 -1.627728e+00 1.481459e+00
 -2.378634e+00 -1.358403e+00 1.393518e+00
 -2.571491e+00 -9.864972e-01 1.237398e+00
 -2.573012e+00 -5.780214e-01 1.049461e+00
 -2.379576e+00 -2.117021e-01 8.563209e-01
 -2.028544e+00 2.758233e-02 6.860784e-01
 -1.602034e+00 8.368791e-02 5.591204e-01
 -1.226778e+00 -3.826497e-02 4.914357e-01
 -9.244544e-01 -3.265151e-01 3.902544e-01
 -7.784564e-01 -6.966090e-01 2.602229e-01
 -6.623874e-01 -1.242894e+00 2.476720e-01
 -4.455606e-01 -1.564150e+00 3.424375e-01
 -8.688499e-02 -1.787262e+00 4.210857e-01
 3.305006e-01 -1.861147e+00 4.252616e-01
 7.315542e-01 -1.765538e+00 3.898755e-01
 1.068219e+00 -1.502415e+00 3.231473e-01
 1.262874e+00 -1.126905e+00 2.051971e-01
 1.284968e+00 -7.526247e-01 3.619036e-02
 1.176466e+00 -4.896908e-01 -1.551282e-01
 1.019658e+00 -3.539802e-01 -3.939098e-01
 9.463721e-01 -2.566688e-01 -7.189731e-01
 7.817699e-01 -4.355543e-02 -1.039020e+00
 5.338222e-01 1.516957e-01 -1.248890e+00
 1.733445e-01 3.815347e-01 -1.359014e+00
 -1.914030e-01 6.070026e-01 -1.574383e+00
 -4.502757e-01 8.415571e-01 -1.644292e+00
 -7.170339e-01 1.079282e+00 -1.586461e+00
 -9.545988e-01 1.285407e+00 -1.407061e+00
 -1.132800e+00 1.433830e+00 -1.128597e+00
 -1.228774e+00 1.505563e+00 -7.861460e-01
 -1.233085e+00 1.487767e+00 -4.234473e-01
 -1.148996e+00 1.377602e+00 -8.642063e-02
 -9.846312e-01 1.190530e+00 1.813059e-01
 -4.052798e-01 5.438361e-01 6.118256e-01
 -1.699802e-01 2.637623e-01 7.123814e-01
