 3.358315e-01 1.648471e+00 -1.597432e+00
 1.691845e-01 1.335455e+00 -1.837228e+00
 -3.077714e-02 9.686565e-01 -1.925871e+00
 -5.737688e-01 1.453821e-02 -1.727524e+00
 -6.423337e-01 -3.232767e-01 -1.586812e+00
 -5.788225e-01 -6.546221e-01 -1.403677e+00
 -4.177744e-01 -8.902344e-01 -1.232356e+00
 -1.925923e-01 -1.031152e+00 -1.105925e+00
 5.422258e-02 -1.196916e+00 -1.082229e+00
 4.964673e-01 -1.463842e+00 -1.185180e+00
 8.521317e-01 -1.571264e+00 -1.157794e+00
 1.196309e+00 -1.589743e+00 -1.028553e+00
 1.486419e+00 -1.513976e+00 -8.207368e-01
 1.681868e+00 -1.367966e+00 -5.561287e-01
 1.766200e+00 -1.160170e+00 -2.882899e-01
 1.753580e+00 -8.901725e-01 -6.350271e-02
 1.643618e+00 -6.087020e-01 9.227447e-02
 1.453157e+00 -3.322604e-01 1.644761e-01
 1.231168e+00 -7.503294e-02 1.255510e-01
 1.001882e+00 1.153530e-01 -7.778594e-03
 8.538977e-01 3.431539e-01 -2.796650e-01
 6.291859e-01 7.576623e-01 -6.548906e-01
 2.690788e-01 9.255326e-01 -8.539437e-01
 -1.956511e-01 1.030198e+00 -9.200651e-01
 -6.835879e-01 8.702845e-01 -9.108298e-01
 -1.110856e+00 5.705235e-01 -5.927315e-01
 -1.234469e+00 3.006204e-01 -1.158146e-01
 -1.027884e+00 -1.788482e-02 3.433872e-01
 -1.045757e+00 -2.948793e-01 5.591788e-01
 -1.103234e+00 -6.408051e-01 6.551358e-01
 -1.133618e+00 -9.914185e-01 6.192995e-01
 -1.122523e+00 -1.309503e+00 4.713720e-01
 -1.079024e+00 -1.551810e+00 2.434778e-01
 -1.016904e+00 -1.706600e+00 -5.206721e-02
 -6.898244e-01 -1.897557e+00 -1.313050e+00
 -5.281952e-01 -1.823319e+00 -1.663660e+00
 -3.206935e-01 -1.634247e+00 -1.932957e+00
 -1.055226e-01 -1.358600e+00 -2.085406e+00
 1.040201e-01 -1.041880e+00 -2.099323e+00
 2.867254e-01 -7.205225e-01 -1.963818e+00
 3.829307e-01 -4.366025e-01 -1.708299e+00
 3.683181e-01 -2.295087e-01 -1.393573e+00
 2.362371e-01 -1.049362e-01 -1.093280e+00
 2.153033e-02 -7.023332e-02 -8.004117e-01
 -9.247534e-02 3.201603e-03 -6.100636e-01
 -1.662675e-01 1.180748e-01 -4.105195e-01
 -1.832745e-01 2.323906e-01 -2.416570e-01
 -1.876500e-01 4.037212e-01 -9.467672e-02
 -2.135923e-01 5.233072e-01 -3.062455e-02
 -6.868776e-01 1.546524e+00 4.245150e-01
 -7.706186e-01 1.795408e+00 6.411042e-01
 -8.081769e-01 1.966564e+00 9.185514e-01
 -7.942532e-01 2.053151e+00 1.233674e+00
 -7.302579e-01 2.047575e+00 1.552207e+00
 -6.233857e-01 1.953132e+00 1.840384e+00
 -4.853809e-01 1.783137e+00 2.069633e+00
 -3.303288e-01 1.557850e+00 2.220029e+00
 -1.727519e-01 1.301146e+00 2.281001e+00
 -7.935914e-03 1.018722e+00 2.247392e+00
 6.119374e-01 -7.069634e-03 1.736148e+00
 7.173535e-01 -2.692550e-01 1.465844e+00
 7.155180e-01 -4.579080e-01 1.121232e+00
 5.985263e-01 -5.433062e-01 7.621801e-01
 4.285613e-01 -5.370754e-01 5.287735e-01
 1.879824e-01 -5.291341e-01 3.580249e-01
 -1.414889e-01 -7.049052e-01 1.622222e-01
 -2.599298e-01 -7.587152e-01 6.843604e-02
 -3.875946e-01 -7.933277e-01 -4.882431e-02
 -4.877906e-01 -7.983860e-01 -1.412861e-01
 -6.225004e-01 -7.731476e-01 -2.362000e-01
 -8.890378e-01 -7.412835e-01 -3.580471e-01
 -1.215650e+00 -7.426131e-01 -3.742658e-01
 -1.522994e+00 -7.071713e-01 -2.804878e-01
 -1.782275e+00 -6.022473e-01 -1.065331e-01
 -1.959078e+00 -4.437272e-01 1.151568e-01
 -2.044798e+00 -2.308367e-01 3.573607e-01
 -2.026712e+00 1.474066e-02 5.879773e-01
 -1.899509e+00 2.586875e-01 7.938823e-01
 -1.674607e+00 4.693721e-01 9.546493e-01
 -8.010461e-01 9.205413e-01 1.233041e+00
 -6.123633e-01 1.013748e+00 1.283400e+00
 -4.871406e-01 1.075047e+00 1.300277e+00
 -3.850854e-01 1.124396e+00 1.299088e+00
 -1.389013e-01 1.256727e+00 1.259799e+00
 3.483823e-01 1.460555e+00 1.331695e+00
 7.122412e-01 1.506010e+00 1.314646e+00
 1.039918e+00 1.478362e+00 1.205235e+00
 1.309498e+00 1.390994e+00 1.018659e+00
 1.495850e+00 1.261617e+00 7.766200e-01
 1.853933e+00 6.281367e-01 -2.987337e-01
 1.841006e+00 3.433167e-01 -5.842459e-01
 1.697599e+00 2.499557e-02 -7.819755e-01
 1.449378e+00 -2.611539e-01 -8.668422e-01
 1.142889e+00 -5.222450e-01 -8.053339e-01
 8.969772e-01 -7.061653e-01 -6.116327e-01
 7.909904e-01 -8.764490e-01 -3.985365e-01
 7.120578e-01 -1.249986e+00 -1.630702e-01
 5.522487e-01 -1.484453e+00 1.551808e-01
 3.414296e-01 -1.555693e+00 5.093427e-01
 1.012580e-01 -1.457525e+00 8.355094e-01
 -1.247485e-01 -1.208124e+00 1.079589e+00
 -2.702224e-01 -8.478354e-01 1.224285e+00
 -3.088284e-01 -4.356263e-01 1.251776e+00
 -2.351237e-01 -3.748956e-02 1.154359e+00
 -7.992312e-02 2.109657e-01 1.000200e+00
 3.538489e-01 4.970332e-01 8.069121e-01
 5.114253e-01 6.929764e-01 6.633358e-01
 5.756218e-01 9.070839e-01 5.066732e-01
 5.956778e-01 1.506750e+00 3.975171e-02
 5.831941e-01 1.795770e+00 -4.015010e-01
 5.437024e-01 1.908228e+00 -8.353835e-01
 4.614193e-01 1.852083e+00 -1.242660e+00
