 1.604333e-01 8.327659e-01 -1.006776e+00
 -1.581729e-01 1.078770e+00 -1.073415e+00
 -4.878026e-01 1.317924e+00 -9.775713e-01
 -7.369663e-01 1.508805e+00 -7.569918e-01
 -8.917366e-01 1.638046e+00 -4.419426e-01
 -9.445393e-01 1.673069e+00 -7.540746e-02
 -8.850752e-01 1.611699e+00 3.312616e-01
 -7.369992e-01 1.476188e+00 6.388146e-01
 -4.823954e-01 1.165663e+00 9.329401e-01
 -4.241552e-01 1.031165e+00 1.198102e+00
 -4.737444e-01 8.340182e-01 1.487906e+00
 -6.305841e-01 5.368899e-01 1.702135e+00
 -8.477030e-01 1.789777e-01 1.766147e+00
 -1.053604e+00 -1.774216e-01 1.656967e+00
 -1.196207e+00 -4.606643e-01 1.402525e+00
 -1.239662e+00 -6.565753e-01 1.040111e+00
 -1.162338e+00 -7.382596e-01 6.350857e-01
 -9.882201e-01 -6.866956e-01 2.743880e-01
 -7.462525e-01 -4.104548e-01 -1.432762e-01
 -7.114974e-01 -2.977565e-01 -5.795319e-01
 -9.914259e-01 -1.732919e-01 -1.154555e+00
 -1.056145e+00 -2.128038e-01 -1.547232e+00
 -9.639535e-01 -3.111728e-01 -1.941937e+00
 -7.272102e-01 -4.503009e-01 -2.256164e+00
 -3.852295e-01 -6.069179e-01 -2.437364e+00
 4.722241e-03 -7.546343e-01 -2.454988e+00
 3.750460e-01 -8.801859e-01 -2.304064e+00
 6.606724e-01 -9.651233e-01 -2.007465e+00
 8.231145e-01 -9.701766e-01 -1.619645e+00
 8.354276e-01 -8.867453e-01 -1.204898e+00
 6.900000e-01 -7.406007e-01 -8.340600e-01
 3.820324e-01 -5.355997e-01 -5.433204e-01
 2.708512e-01 -4.185922e-01 -3.171037e-01
 2.461768e-01 -2.144812e-01 -1.172082e-02
 3.745217e-01 2.337109e-01 3.155090e-01
 4.063752e-01 4.195777e-01 5.521191e-01
 4.117294e-01 5.340106e-01 9.257783e-01
 4.531145e-01 4.979048e-01 1.275522e+00
 5.139644e-01 3.655733e-01 1.572084e+00
 6.019962e-01 1.514290e-01 1.804562e+00
 6.947979e-01 -1.296402e-01 1.953113e+00
 7.772527e-01 -4.475531e-01 2.000625e+00
 8.425904e-01 -7.676086e-01 1.941286e+00
 8.860611e-01 -1.055190e+00 1.780923e+00
 9.573338e-01 -1.932226e+00 8.240870e-01
 9.333164e-01 -2.068420e+00 5.689375e-01
 8.691574e-01 -2.133543e+00 2.916325e-01
 7.660551e-01 -2.121539e+00 1.167102e-02
 6.300450e-01 -2.029227e+00 -2.402159e-01
 4.589570e-01 -1.872347e+00 -4.366260e-01
 2.678723e-01 -1.687296e+00 -5.493138e-01
 9.284465e-02 -1.530433e+00 -5.717065e-01
 -1.043120e-01 -1.412526e+00 -5.407415e-01
 -2.351962e-01 -1.362167e+00 -5.160093e-01
 -4.665837e-01 -1.332586e+00 -5.106383e-01
 -8.268125e-01 -1.341185e+00 -5.711282e-01
 -1.132709e+00 -1.245745e+00 -6.222401e-01
 -1.406317e+00 -1.062105e+00 -6.225771e-01
 -1.616746e+00 -8.197684e-01 -5.596671e-01
 -1.725224e+00 -5.576658e-01 -4.662747e-01
 -1.738147e+00 -2.417273e-01 -3.720233e-01
 -1.643192e+00 8.188785e-02 -3.093839e-01
 -1.445616e+00 3.577538e-01 -2.641644e-01
 -1.177333e+00 5.468745e-01 -2.341793e-01
 -5.359451e-01 7.319045e-01 -1.229425e-01
 -2.794005e-01 8.869724e-01 -7.090907e-02
 -7.358135e-02 1.098425e+00 -4.247682e-02
 1.221028e-01 1.624964e+00 -1.526141e-01
 3.251326e-01 1.891221e+00 -1.719483e-01
 5.755154e-01 2.084074e+00 -1.302382e-01
 8.749879e-01 2.199615e+00 -3.490816e-02
 1.184114e+00 2.204370e+00 8.158423e-02
 1.470436e+00 2.103803e+00 2.229640e-01
 1.697921e+00 1.909371e+00 3.770377e-01
 1.841842e+00 1.642480e+00 5.252695e-01
 1.884688e+00 1.333703e+00 6.561113e-01
 1.823233e+00 1.015628e+00 7.509035e-01
 1.207650e+00 -1.167246e-01 9.412542e-01
 9.746024e-01 -3.307676e-01 9.829072e-01
 7.142585e-01 -4.501407e-01 9.839817e-01
 4.620340e-01 -4.918009e-01 1.025345e+00
 1.900823e-01 -4.612447e-01 1.044705e+00
 -7.596332e-02 -3.648121e-01 1.014466e+00
 -3.032987e-01 -2.128309e-01 9.344266e-01
 -5.621747e-01 9.773614e-02 7.793489e-01
 -7.932835e-01 2.112748e-01 7.337395e-01
 -1.031747e+00 3.254327e-01 7.631036e-01
 -1.252537e+00 5.042975e-01 8.775842e-01
 -1.409426e+00 7.489986e-01 1.062427e+00
 -1.455277e+00 1.034386e+00 1.268382e+00
 -1.383048e+00 1.315067e+00 1.440953e+00
 -1.205835e+00 1.570308e+00 1.567799e+00
 -9.542242e-01 1.789611e+00 1.616400e+00
 -6.692908e-01 1.941450e+00 1.585097e+00
 -3.703734e-01 2.010116e+00 1.496538e+00
 -9.219731e-02 1.994202e+00 1.369963e+00
 1.434138e-01 1.906338e+00 1.218612e+00
 8.535634e-01 1.348049e+00 5.209637e-01
 9.445265e-01 1.223448e+00 2.898042e-01
 1.064127e+00 1.191813e+00 -9.680009e-03
 1.214080e+00 1.290165e+00 -4.953424e-01
 1.251656e+00 1.268976e+00 -8.133549e-01
 1.241053e+00 1.159710e+00 -1.118871e+00
 1.178275e+00 9.746089e-01 -1.379715e+00
 1.060030e+00 7.276969e-01 -1.576069e+00
 8.923244e-01 4.666699e-01 -1.681801e+00
 6.828447e-01 2.298431e-01 -1.698751e+00
 1.147820e-01 -2.348419e-01 -1.537396e+00
 8.468535e-03 -3.577509e-01 -1.501424e+00
 -7.615219e-02 -4.970429e-01 -1.467946e+00
 -1.490530e-01 -6.923623e-01 -1.435933e+00
 -3.523954e-01 -1.396720e+00 -1.528795e+00
 -4.244908e-01 -1.752498e+00 -1.444306e+00
 -4.769577e-01 -2.056104e+00 -1.239780e+00
 -5.157488e-01 -2.259000e+00 -9.470940e-01
 -5.185622e-01 -2.348786e+00 -5.934368e-01
 -4.691291e-01 -2.314904e+00 -2.256206e-01
 -3.641204e-01 -2.162067e+00 1.000825e-01
 -2.210324e-01 -1.932072e+00 3.260831e-01
 -3.748192e-02 -1.658777e+00 4.420750e-01
 1.763104e-01 -1.400475e+00 4.380009e-01
 3.995486e-01 -1.223209e+00 3.415931e-01
 8.595596e-01 -1.074588e+00 1.966724e-01
 1.181735e+00 -7.484746e-01 9.559009e-02
 1.285681e+00 -3.277793e-01 -5.281412e-02
 1.204664e+00 6.219782e-02 -3.333561e-01
 9.610881e-01 2.982343e-01 -5.900166e-01
 5.946428e-01 4.798470e-01 -7.074827e-01
 4.450991e-01 5.950150e-01 -7.746574e-01
