 1.938429e+00 -1.287730e+00 -1.222351e+00
 1.869600e+00 -1.610000e+00 -1.131122e+00
 1.738332e+00 -1.872701e+00 -9.592574e-01
 1.541280e+00 -2.051277e+00 -7.350447e-01
 1.300615e+00 -2.121204e+00 -4.934943e-01
 1.047278e+00 -2.073694e+00 -2.581654e-01
 8.149500e-01 -1.913858e+00 -5.222110e-02
 3.114796e-01 -1.209053e+00 3.795623e-01
 2.349809e-01 -1.028798e+00 5.001953e-01
 1.974486e-01 -8.578724e-01 6.511939e-01
 2.056508e-01 -7.456474e-01 7.809161e-01
 2.961105e-01 -5.082060e-01 1.241672e+00
 2.703208e-01 -1.943091e-01 1.494177e+00
 1.496784e-01 2.120643e-01 1.586102e+00
 1.121016e-01 6.785208e-01 1.490772e+00
 1.990358e-01 1.061171e+00 1.236995e+00
 3.334862e-01 1.265988e+00 8.684147e-01
 4.683574e-01 1.272056e+00 3.761693e-01
 5.451361e-01 1.052091e+00 -7.479776e-02
 6.136295e-01 1.034542e+00 -3.790654e-01
 8.577693e-01 1.196502e+00 -9.213875e-01
 8.758024e-01 1.239541e+00 -1.322784e+00
 7.691229e-01 1.176821e+00 -1.714175e+00
 5.554438e-01 1.016996e+00 -2.025839e+00
 2.595106e-01 7.914282e-01 -2.209072e+00
 -7.196474e-02 5.627666e-01 -2.230640e+00
 -3.850544e-01 3.468997e-01 -2.089379e+00
 -5.987271e-01 1.507216e-01 -1.826613e+00
 -6.828875e-01 -1.629591e-02 -1.480563e+00
 -6.340028e-01 -1.099610e-01 -1.125800e+00
 -5.579314e-01 -6.040810e-02 -7.864754e-01
 -5.953812e-01 -5.098382e-02 -5.108817e-01
 -6.330906e-01 -1.312417e-01 -2.560666e-01
 -6.620531e-01 -3.045437e-01 1.673574e-02
 -6.951322e-01 -3.794013e-01 2.155738e-01
 -7.176563e-01 -4.100068e-01 4.363736e-01
 -7.313144e-01 -3.931019e-01 6.312331e-01
 -6.870978e-01 -2.824655e-01 1.123526e+00
 -7.401377e-01 -2.948307e-01 1.427396e+00
 -9.259115e-01 -3.115020e-01 1.732292e+00
 -1.204326e+00 -3.059451e-01 1.953436e+00
 -1.541647e+00 -2.642952e-01 2.066588e+00
 -1.890109e+00 -1.845153e-01 2.060165e+00
 -2.206030e+00 -6.723880e-02 1.937919e+00
 -2.449872e+00 7.093566e-02 1.714126e+00
 -2.591706e+00 2.109366e-01 1.415720e+00
 -2.614072e+00 3.338970e-01 1.079457e+00
 -2.513336e+00 4.293726e-01 7.508040e-01
 -2.304152e+00 4.858129e-01 4.698429e-01
 -2.016310e+00 5.029206e-01 2.758549e-01
 -1.681676e+00 5.007593e-01 1.910240e-01
 -1.371928e+00 4.878984e-01 2.215144e-01
 -8.571713e-01 5.998614e-01 4.550607e-01
 -4.771769e-01 5.900539e-01 4.760455e-01
 1.807819e-01 2.701642e-01 5.348505e-01
 5.630128e-01 2.687670e-01 6.290833e-01
 7.870098e-01 3.522319e-01 7.858773e-01
 1.011224e+00 3.365015e-01 1.009055e+00
 1.428976e+00 1.599747e-01 1.194141e+00
 1.833172e+00 -1.203990e-01 1.169525e+00
 2.128287e+00 -4.231204e-01 9.412286e-01
 2.230225e+00 -7.245424e-01 5.886268e-01
 2.102025e+00 -1.002798e+00 1.880874e-01
 1.783050e+00 -1.146103e+00 -1.599877e-01
 1.363511e+00 -1.106740e+00 -4.001552e-01
 1.202692e+00 -1.107241e+00 -5.304720e-01
 1.058514e+00 -1.151510e+00 -7.252392e-01
 9.639397e-01 -1.129745e+00 -9.451566e-01
 8.691975e-01 -1.040266e+00 -1.140057e+00
 7.335935e-01 -8.824167e-01 -1.313513e+00
 5.590585e-01 -6.253720e-01 -1.453038e+00
 4.307231e-01 -3.323654e-01 -1.502846e+00
 3.531763e-01 -3.033119e-02 -1.464507e+00
 2.978686e-01 2.475773e-01 -1.332167e+00
 2.252114e-01 4.122650e-01 -1.261659e+00
 1.483547e-01 5.262385e-01 -1.226590e+00
 -2.051725e-02 7.274000e-01 -1.208246e+00
 -2.808369e-01 1.169948e+00 -1.364385e+00
 -5.171924e-01 1.439518e+00 -1.365143e+00
 -7.705199e-01 1.651531e+00 -1.260915e+00
 -9.920500e-01 1.799436e+00 -1.061714e+00
 -1.173560e+00 1.872616e+00 -7.842146e-01
 -1.311216e+00 1.845060e+00 -4.623570e-01
 -1.583955e+00 1.352686e+00 7.504847e-01
 -1.626090e+00 1.098794e+00 1.024104e+00
 -1.625490e+00 7.717179e-01 1.189041e+00
 -1.607399e+00 4.200835e-01 1.222924e+00
 -1.602593e+00 1.815172e-01 1.154216e+00
 -1.659999e+00 -2.662891e-02 1.070610e+00
 -1.705796e+00 -2.575428e-01 1.059250e+00
 -1.678894e+00 -5.462201e-01 1.079433e+00
 -1.570399e+00 -8.130053e-01 1.116785e+00
 -1.387842e+00 -1.035038e+00 1.154365e+00
 -1.138854e+00 -1.201867e+00 1.195351e+00
 1.863250e-02 -1.563089e+00 1.352521e+00
 2.986841e-01 -1.585344e+00 1.349506e+00
 5.663657e-01 -1.543639e+00 1.308392e+00
 8.061503e-01 -1.444227e+00 1.231285e+00
 9.957311e-01 -1.302029e+00 1.120679e+00
 1.129059e+00 -1.133866e+00 9.739197e-01
 1.201174e+00 -9.379216e-01 7.950139e-01
 1.201993e+00 -5.306191e-01 4.545618e-01
 1.323207e+00 -3.303208e-01 2.819876e-01
 1.435863e+00 -1.821105e-01 2.215784e-01
 1.484596e+00 -7.993711e-02 1.939720e-01
 1.531991e+00 1.446815e-01 1.362463e-01
 1.547015e+00 1.203569e+00 2.101899e-02
 1.466470e+00 1.485293e+00 -2.602863e-02
 1.293715e+00 1.751852e+00 -8.963984e-02
 1.089242e+00 1.926731e+00 -1.583454e-01
 8.484223e-01 2.031043e+00 -2.326514e-01
 5.857167e-01 2.059271e+00 -3.060143e-01
 3.141219e-01 2.009728e+00 -3.679028e-01
 5.384799e-02 1.889192e+00 -3.939579e-01
 -1.632628e-01 1.711685e+00 -3.838422e-01
 -4.700110e-01 1.269993e+00 -3.487144e-01
 -6.702626e-01 1.041833e+00 -4.313217e-01
 -1.172933e+00 7.597661e-01 -7.397184e-01
 -1.432566e+00 4.839041e-01 -7.962131e-01
 -1.581025e+00 9.247229e-02 -7.594390e-01
 -1.562866e+00 -3.115018e-01 -7.196926e-01
 -1.385884e+00 -6.774545e-01 -6.988189e-01
 -1.085526e+00 -9.404429e-01 -6.958541e-01
 -6.931786e-01 -1.069909e+00 -6.801426e-01
 -2.926912e-01 -1.036369e+00 -6.148086e-01
 5.690067e-02 -8.444322e-01 -5.161175e-01
 3.827029e-01 -4.370368e-01 -4.421365e-01
 7.352517e-01 -1.991495e-01 -5.244353e-01
 1.033592e+00 -1.195829e-01 -7.024446e-01
 1.326732e+00 -1.645874e-01 -8.891605e-01
 1.592930e+00 -3.297014e-01 -1.057521e+00
 1.799789e+00 -5.968915e-01 -1.178502e+00
 1.922216e+00 -9.310997e-01 -1.233600e+00
