 -2.018742e-01 -8.294695e-01 1.658014e+00
 -4.166035e-02 -8.292460e-01 1.378696e+00
 9.849582e-02 -7.426870e-01 1.137366e+00
 2.141535e-01 -6.064371e-01 9.683925e-01
 3.384235e-01 -4.365575e-01 8.758364e-01
 5.453975e-01 -2.662324e-01 7.636496e-01
 8.330202e-01 -2.149878e-02 5.578293e-01
 9.442300e-01 1.541190e-01 4.151985e-01
 9.863609e-01 3.038700e-01 3.188345e-01
 1.023059e+00 5.130184e-01 2.111268e-01
 9.848943e-01 8.644195e-01 1.269567e-01
 8.993397e-01 1.119878e+00 1.289945e-01
 6.247033e-01 1.675710e+00 2.338322e-01
 4.295231e-01 2.031493e+00 2.957457e-01
 2.655214e-01 2.218902e+00 3.099769e-01
 2.912050e-02 2.382196e+00 3.054967e-01
 -2.517192e-01 2.475534e+00 2.881983e-01
 -5.595698e-01 2.482073e+00 2.584959e-01
 -8.621341e-01 2.390930e+00 2.236443e-01
 -1.124226e+00 2.206064e+00 1.898132e-01
 -1.315848e+00 1.944872e+00 1.615788e-01
 -1.416072e+00 1.634851e+00 1.478566e-01
 -1.414724e+00 1.299961e+00 1.547767e-01
 -1.243641e+00 7.602581e-01 2.244845e-01
 -1.033780e+00 2.568054e-01 2.644775e-01
 -8.789847e-01 2.593007e-03 2.007520e-01
 -6.351170e-01 -2.339687e-01 1.462556e-01
 -4.349045e-01 -3.744523e-01 -5.403925e-02
 -2.552084e-01 -4.614380e-01 -4.072574e-01
 -1.944556e-01 -5.753727e-01 -5.890073e-01
 -1.118864e-01 -8.448957e-01 -7.795829e-01
 6.048096e-02 -1.081734e+00 -8.804867e-01
 2.992664e-01 -1.372026e+00 -8.782357e-01
 5.427809e-01 -1.604532e+00 -7.561321e-01
 7.629266e-01 -1.757469e+00 -5.444806e-01
 9.376239e-01 -1.825070e+00 -2.799780e-01
 1.059598e+00 -1.810728e+00 6.508960e-03
 1.125100e+00 -1.721889e+00 2.888480e-01
 1.133155e+00 -1.565824e+00 5.520631e-01
 1.109712e+00 -1.325403e+00 8.695611e-01
 1.087851e+00 -1.052978e+00 1.220739e+00
 1.070010e+00 -8.925040e-01 1.414951e+00
 1.023305e+00 -7.374555e-01 1.563112e+00
 9.128748e-01 -5.298369e-01 1.707909e+00
 7.258496e-01 -2.882916e-01 1.802609e+00
 4.632479e-01 -5.187637e-02 1.809077e+00
 1.731918e-01 1.252894e-01 1.704245e+00
 -1.447603e-01 1.883848e-01 1.522587e+00
 -3.868185e-01 1.294913e-01 1.311228e+00
 -6.538333e-01 -2.688297e-02 1.210464e+00
 -9.844403e-01 -3.462403e-01 1.152757e+00
 -1.221239e+00 -6.038113e-01 9.492909e-01
 -1.401002e+00 -7.746186e-01 6.193388e-01
 -1.485259e+00 -8.304687e-01 2.187603e-01
 -1.457719e+00 -7.715536e-01 -1.566353e-01
 -1.267855e+00 -6.820370e-01 -5.273013e-01
 -1.188883e+00 -6.975328e-01 -6.980435e-01
 -1.147533e+00 -7.032991e-01 -8.699104e-01
 -1.095094e+00 -6.591855e-01 -1.042616e+00
 -8.123925e-01 -4.056102e-01 -1.528037e+00
 -5.609048e-01 -1.971288e-01 -1.916219e+00
 -3.833987e-01 -7.015392e-02 -2.115238e+00
 -1.437726e-01 6.627207e-02 -2.252602e+00
 1.355740e-01 1.948488e-01 -2.307252e+00
 4.263658e-01 3.037582e-01 -2.270331e+00
 7.073291e-01 3.766449e-01 -2.144567e+00
 9.470872e-01 4.009596e-01 -1.943333e+00
 1.112274e+00 4.019170e-01 -1.681004e+00
 1.183386e+00 3.785463e-01 -1.403240e+00
 1.174812e+00 2.981266e-01 -1.086948e+00
 1.102480e+00 1.742066e-01 -8.329159e-01
 1.005301e+00 3.167527e-02 -6.665070e-01
 9.059574e-01 -1.762784e-01 -5.558262e-01
 8.368277e-01 -3.888052e-01 -4.192239e-01
 6.928373e-01 -7.520570e-01 -1.358320e-01
 5.633453e-01 -9.118363e-01 -2.909705e-03
 4.389520e-01 -1.013953e+00 6.432527e-02
 2.731685e-01 -1.146729e+00 1.268003e-01
 -2.881827e-02 -1.325600e+00 1.151186e-01
 -2.668624e-01 -1.431402e+00 3.024777e-02
 -7.764209e-01 -1.597298e+00 -2.851332e-01
 -1.138551e+00 -1.694201e+00 -5.130420e-01
 -1.352478e+00 -1.693626e+00 -6.331252e-01
 -1.585903e+00 -1.626122e+00 -7.481904e-01
 -1.815755e+00 -1.477575e+00 -8.537198e-01
 -2.002782e+00 -1.251806e+00 -9.431136e-01
 -2.120283e+00 -9.645760e-01 -1.005733e+00
 -2.148277e+00 -6.457381e-01 -1.034313e+00
 -2.078261e+00 -3.291803e-01 -1.030080e+00
 -1.915215e+00 -4.705419e-02 -9.899632e-01
 -1.668571e+00 1.720298e-01 -9.182513e-01
 -1.265245e+00 3.388763e-01 -8.192859e-01
 -7.734144e-01 4.837308e-01 -6.965859e-01
 -5.540015e-01 5.473445e-01 -5.887006e-01
 -4.292961e-01 5.756227e-01 -4.945457e-01
 -8.911995e-02 5.692201e-01 -2.276739e-01
 8.554084e-03 5.642694e-01 2.587938e-01
 5.396751e-02 6.277407e-01 5.537812e-01
 2.445730e-01 7.936670e-01 8.257245e-01
 4.744832e-01 8.398751e-01 1.020673e+00
 8.162709e-01 8.497554e-01 1.161558e+00
 1.162316e+00 7.991902e-01 1.189376e+00
 1.472493e+00 7.004157e-01 1.116561e+00
 1.716787e+00 5.707367e-01 9.678647e-01
 1.884448e+00 4.244089e-01 7.682545e-01
 1.972917e+00 2.708554e-01 5.362024e-01
 1.980707e+00 8.386139e-02 2.315421e-01
 1.952248e+00 -1.031715e-01 -7.413291e-02
 1.908944e+00 -3.803135e-01 -5.139750e-01
 1.875796e+00 -4.764914e-01 -6.750565e-01
 1.788791e+00 -5.772896e-01 -8.737926e-01
 1.622263e+00 -6.590299e-01 -1.096414e+00
 1.366734e+00 -6.932533e-01 -1.301880e+00
 1.039170e+00 -6.492506e-01 -1.448472e+00
 6.973606e-01 -5.236391e-01 -1.487992e+00
 4.021522e-01 -2.912682e-01 -1.439306e+00
 2.387842e-01 -3.736369e-02 -1.319115e+00
 1.722299e-01 2.676418e-01 -1.282397e+00
 2.039262e-01 7.298217e-01 -1.275270e+00
 1.736751e-01 1.083541e+00 -1.142065e+00
 6.539952e-02 1.372404e+00 -9.092632e-01
 -1.006133e-01 1.549114e+00 -6.055048e-01
 -2.845682e-01 1.584253e+00 -2.875356e-01
 -4.064071e-01 1.498707e+00 4.629601e-02
 -4.176377e-01 1.475552e+00 2.427310e-01
 -4.446324e-01 1.485325e+00 4.153182e-01
 -5.221931e-01 1.463610e+00 6.121070e-01
 -7.423747e-01 1.193710e+00 1.149863e+00
 -9.066357e-01 9.482584e-01 1.591882e+00
 -9.730933e-01 7.780832e-01 1.820185e+00
 -9.920319e-01 5.307719e-01 2.021704e+00
 -9.517190e-01 2.394575e-01 2.157399e+00
 -8.560985e-01 -6.282224e-02 2.209855e+00
 -7.080063e-01 -3.433436e-01 2.180150e+00
 -5.260024e-01 -5.760418e-01 2.069742e+00
 -3.519270e-01 -7.440051e-01 1.884935e+00
