 2.546467e-01 1.830687e+00 -1.140854e+00
 5.574076e-01 2.129709e+00 -1.153133e+00
 9.022117e-01 2.347405e+00 -9.918551e-01
 1.207453e+00 2.428798e+00 -7.227201e-01
 1.427579e+00 2.390220e+00 -3.626034e-01
 1.513405e+00 2.246017e+00 2.687628e-02
 1.455763e+00 2.014936e+00 3.759322e-01
 8.701639e-01 1.142621e+00 1.152826e+00
 6.251363e-01 9.344580e-01 1.295525e+00
 3.084090e-01 8.336600e-01 1.381178e+00
 9.102252e-04 7.162825e-01 1.335599e+00
 -2.933559e-01 6.302158e-01 1.181265e+00
 -5.162182e-01 5.743831e-01 9.339156e-01
 -6.474502e-01 5.465034e-01 6.143257e-01
 -6.649819e-01 5.442783e-01 2.798264e-01
 -5.648204e-01 4.789652e-01 -8.574732e-02
 -5.774461e-01 3.929514e-01 -3.560962e-01
 -7.128034e-01 2.698113e-01 -6.137124e-01
 -8.434238e-01 9.958106e-02 -7.797736e-01
 -9.647361e-01 -1.258595e-01 -8.806693e-01
 -1.056572e+00 -3.978109e-01 -9.143327e-01
 -1.096934e+00 -6.829026e-01 -8.788536e-01
 -1.088211e+00 -9.755843e-01 -7.725150e-01
 -1.041154e+00 -1.199917e+00 -6.270484e-01
 -9.288991e-01 -1.428142e+00 -3.930249e-01
 -8.365333e-01 -1.635147e+00 -2.675479e-01
 -7.704440e-01 -1.910113e+00 -1.912209e-01
 -5.978446e-01 -2.214568e+00 -2.220687e-01
 -3.298871e-01 -2.433492e+00 -2.841187e-01
 1.527594e-02 -2.538807e+00 -3.224527e-01
 3.704433e-01 -2.519517e+00 -3.240003e-01
 7.127961e-01 -2.375547e+00 -2.809913e-01
 9.618112e-01 -2.153316e+00 -2.214073e-01
 1.121407e+00 -1.863973e+00 -1.577451e-01
 1.176041e+00 -1.539648e+00 -9.448594e-02
 1.120922e+00 -1.215629e+00 -3.605340e-02
 7.478631e-01 -5.378657e-01 1.008517e-01
 4.006307e-01 -1.214806e-01 2.855951e-01
 3.120472e-01 2.279001e-01 3.762372e-01
 3.466249e-01 4.987291e-01 4.058955e-01
 3.308449e-01 7.519712e-01 3.506781e-01
 2.448929e-01 9.791273e-01 3.495160e-01
 7.371876e-02 1.281516e+00 4.886309e-01
 3.768445e-02 1.591056e+00 7.353505e-01
 7.669813e-02 1.799455e+00 1.103665e+00
 2.022672e-01 1.857450e+00 1.503340e+00
 3.766094e-01 1.749816e+00 1.875185e+00
 5.717509e-01 1.496706e+00 2.152851e+00
 7.604631e-01 1.143324e+00 2.288541e+00
 1.268597e+00 -2.015789e-01 2.191170e+00
 1.294457e+00 -6.545890e-01 1.961123e+00
 1.153355e+00 -9.761976e-01 1.602604e+00
 8.649102e-01 -1.104034e+00 1.218994e+00
 5.173517e-01 -1.031668e+00 9.558671e-01
 1.538951e-01 -9.256010e-01 8.878240e-01
 -1.808888e-01 -9.729142e-01 8.882262e-01
 -1.304967e+00 -1.521293e+00 6.268332e-01
 -1.575912e+00 -1.667522e+00 4.313868e-01
 -1.753050e+00 -1.818303e+00 1.404149e-01
 -1.805668e+00 -1.955400e+00 -2.076578e-01
 -1.720229e+00 -2.062464e+00 -5.656005e-01
 -1.502663e+00 -2.119381e+00 -8.849773e-01
 -1.181184e+00 -2.117004e+00 -1.110758e+00
 -8.040117e-01 -2.026816e+00 -1.218538e+00
 -4.278979e-01 -1.874394e+00 -1.178012e+00
 -9.633004e-02 -1.702526e+00 -9.701605e-01
 1.200946e-01 -1.564435e+00 -6.283900e-01
 1.696659e-01 -1.514499e+00 -2.880423e-01
 1.566202e-01 -1.550837e+00 1.371675e-02
 1.357037e-01 -1.922197e+00 5.621197e-01
 7.297300e-02 -1.968903e+00 1.058812e+00
 2.957016e-02 -1.756515e+00 1.531200e+00
 4.573850e-02 -1.338904e+00 1.845450e+00
 1.310632e-01 -8.378660e-01 1.924792e+00
 3.032387e-01 -3.837195e-01 1.766192e+00
 4.927869e-01 -1.609129e-01 1.492913e+00
 1.187729e+00 7.431978e-02 9.482669e-01
 1.373163e+00 2.962350e-01 4.328623e-01
 1.235733e+00 4.109056e-01 -1.272019e-01
 9.059075e-01 3.949079e-01 -4.412122e-01
 4.240468e-01 5.165181e-01 -6.656374e-01
 -4.483728e-02 6.163275e-01 -1.307236e+00
 -3.533597e-01 8.405010e-01 -1.562711e+00
 -6.036116e-01 1.211950e+00 -1.684371e+00
 -7.382757e-01 1.649422e+00 -1.647139e+00
 -7.554035e-01 2.052307e+00 -1.444487e+00
 -6.521128e-01 2.351399e+00 -1.118779e+00
 -4.265120e-01 2.496881e+00 -7.489559e-01
 -1.270824e-01 2.459616e+00 -4.147192e-01
 1.873348e-01 2.261765e+00 -1.886934e-01
 5.035183e-01 1.955019e+00 -1.250885e-01
 7.148643e-01 1.655426e+00 -2.297715e-01
 9.572609e-01 1.452229e+00 -4.722165e-01
 1.149210e+00 1.293407e+00 -8.943979e-01
 1.196565e+00 1.025068e+00 -1.220872e+00
 1.159476e+00 6.420552e-01 -1.430738e+00
 1.037842e+00 2.241610e-01 -1.478004e+00
 8.250002e-01 -1.613744e-01 -1.360536e+00
 5.414174e-01 -4.041940e-01 -1.138157e+00
 -1.760083e-01 -5.855067e-01 -4.322753e-01
 -4.630403e-01 -5.791815e-01 -5.019079e-02
 -8.220925e-01 -4.919226e-01 8.859359e-02
 -1.186031e+00 -3.309960e-01 9.641741e-02
 -1.455479e+00 -6.169621e-02 2.399904e-02
 -1.592718e+00 2.899927e-01 -9.309058e-02
 -1.569527e+00 6.799104e-01 -2.254417e-01
 -1.373730e+00 1.047474e+00 -3.773053e-01
 -1.062721e+00 1.284804e+00 -5.041799e-01
 -1.671492e-01 1.493431e+00 -7.729614e-01
 6.124183e-02 1.610100e+00 -9.998467e-01
