 -1.346223e+00 -1.788405e-01 -2.141271e+00
 -1.542433e+00 -3.478141e-01 -1.941269e+00
 -1.648113e+00 -5.133136e-01 -1.671333e+00
 -1.647504e+00 -6.767740e-01 -1.327447e+00
 -1.529474e+00 -7.835948e-01 -1.004928e+00
 -1.309429e+00 -8.267579e-01 -7.222344e-01
 -1.016681e+00 -8.012264e-01 -5.168411e-01
 -5.717439e-01 -6.924644e-01 -3.837987e-01
 -2.169024e-01 -6.447616e-01 -2.283510e-01
 3.428001e-02 -7.948051e-01 -5.785608e-02
 3.823900e-01 -1.093351e+00 1.101072e-01
 6.008680e-01 -1.207466e+00 2.631468e-01
 8.137501e-01 -1.247246e+00 4.516829e-01
 1.013813e+00 -1.209613e+00 6.654525e-01
 1.182404e+00 -1.098122e+00 8.739891e-01
 1.316462e+00 -9.352707e-01 1.055278e+00
 1.415761e+00 -7.429540e-01 1.193228e+00
 1.697108e+00 1.601312e-01 1.617112e+00
 1.677136e+00 4.671964e-01 1.756854e+00
 1.547363e+00 7.524807e-01 1.884558e+00
 1.322364e+00 9.842242e-01 1.984324e+00
 1.019201e+00 1.147810e+00 2.034554e+00
 6.827597e-01 1.223456e+00 2.013598e+00
 3.493486e-01 1.203769e+00 1.923717e+00
 8.184048e-02 1.099586e+00 1.788333e+00
 -2.455582e-01 8.803042e-01 1.435208e+00
 -4.236506e-01 8.216615e-01 1.312338e+00
 -5.756885e-01 7.019413e-01 1.197053e+00
 -6.665974e-01 5.267127e-01 1.056670e+00
 -6.675379e-01 2.090021e-01 8.252938e-01
 -6.219956e-01 -8.316150e-02 7.074412e-01
 -6.322432e-01 -2.495684e-01 6.553727e-01
 -7.137928e-01 -7.427597e-01 6.541899e-01
 -7.321905e-01 -1.035400e+00 5.728485e-01
 -7.002727e-01 -1.295515e+00 4.281398e-01
 -6.331052e-01 -1.500785e+00 2.258164e-01
 -5.361430e-01 -1.635733e+00 -1.656163e-02
 -4.189143e-01 -1.685111e+00 -2.674890e-01
 -2.789450e-01 -1.656400e+00 -5.058783e-01
 -1.212933e-01 -1.544743e+00 -7.309679e-01
 3.041064e-02 -1.349744e+00 -9.246882e-01
 2.078285e-01 -9.570168e-01 -1.131831e+00
 3.313129e-01 -7.903003e-01 -1.341373e+00
 5.841389e-01 -6.742156e-01 -1.772701e+00
 7.104556e-01 -4.895071e-01 -2.037112e+00
 7.926885e-01 -2.138409e-01 -2.238270e+00
 8.265182e-01 1.355992e-01 -2.354328e+00
 8.060545e-01 4.673198e-01 -2.359536e+00
 7.313197e-01 7.721057e-01 -2.267820e+00
 6.056228e-01 1.024084e+00 -2.088445e+00
 4.187665e-01 1.211551e+00 -1.815172e+00
 2.251276e-01 1.269440e+00 -1.517580e+00
 4.085324e-02 1.201022e+00 -1.214819e+00
 -1.105398e-01 1.015746e+00 -9.476815e-01
 -2.560222e-01 6.449649e-01 -6.903480e-01
 -4.137362e-01 3.819333e-01 -4.479809e-01
 -6.905331e-01 2.962324e-01 -2.720770e-01
 -1.119520e+00 1.989554e-01 -1.241106e-01
 -1.334843e+00 1.301676e-01 2.438871e-02
 -1.499901e+00 4.886906e-02 2.230845e-01
 -1.601876e+00 -4.175400e-02 4.532748e-01
 -1.637058e+00 -1.446216e-01 7.069619e-01
 -1.604025e+00 -2.643447e-01 9.767082e-01
 -1.504947e+00 -3.919824e-01 1.216752e+00
 -9.045943e-01 -8.792632e-01 1.976486e+00
 -6.478403e-01 -9.435543e-01 2.190673e+00
 -3.489468e-01 -9.131224e-01 2.354755e+00
 -3.906132e-02 -7.937907e-01 2.445593e+00
 2.484590e-01 -6.036998e-01 2.446636e+00
 4.809518e-01 -3.665872e-01 2.355280e+00
 6.330377e-01 -1.104391e-01 2.179596e+00
 6.862381e-01 1.124181e-01 1.952192e+00
 6.902809e-01 3.399054e-01 1.503368e+00
 7.372159e-01 4.707387e-01 1.324486e+00
 7.203929e-01 5.939953e-01 1.156583e+00
 6.379525e-01 6.856619e-01 9.717961e-01
 4.418199e-01 7.373568e-01 7.071168e-01
 1.143043e-01 8.058741e-01 4.657993e-01
 -2.346106e-02 8.848407e-01 3.693474e-01
 -3.555820e-01 1.135918e+00 2.323484e-01
 -5.880316e-01 1.253224e+00 7.121393e-02
 -8.091940e-01 1.292586e+00 -1.292015e-01
 -9.938666e-01 1.257867e+00 -3.597247e-01
 -1.128365e+00 1.152720e+00 -6.019660e-01
 -1.197453e+00 9.894029e-01 -8.239295e-01
 -1.211952e+00 7.755515e-01 -1.006545e+00
 -1.163998e+00 5.136503e-01 -1.148757e+00
 -1.043044e+00 2.336273e-01 -1.238470e+00
 -7.930026e-01 -1.193198e-01 -1.268706e+00
 -7.077678e-01 -2.821772e-01 -1.333600e+00
 -6.547198e-01 -4.520482e-01 -1.428982e+00
 -6.330955e-01 -7.927168e-01 -1.691548e+00
 -5.126123e-01 -1.062695e+00 -1.853860e+00
 -3.054599e-01 -1.311359e+00 -1.948111e+00
 -8.263753e-03 -1.542475e+00 -1.957265e+00
 2.910537e-01 -1.680497e+00 -1.876828e+00
 5.858864e-01 -1.723899e+00 -1.724775e+00
 8.464899e-01 -1.670273e+00 -1.513003e+00
 1.069090e+00 -1.500451e+00 -1.244677e+00
 1.177862e+00 -1.262556e+00 -1.000030e+00
 1.173233e+00 -9.763184e-01 -7.837820e-01
 1.055944e+00 -6.776267e-01 -6.240354e-01
 7.721857e-01 -2.999293e-01 -5.215487e-01
 5.942251e-01 2.586532e-02 -4.072189e-01
 6.333923e-01 3.504940e-01 -3.343055e-01
 7.501766e-01 8.275587e-01 -3.210832e-01
 7.745008e-01 1.114912e+00 -2.377072e-01
 7.449993e-01 1.374532e+00 -8.913636e-02
 6.541221e-01 1.597667e+00 1.203708e-01
 4.891716e-01 1.763605e+00 3.779436e-01
 2.839139e-01 1.846237e+00 6.171223e-01
 -5.353077e-01 1.863082e+00 1.344132e+00
 -7.532608e-01 1.758695e+00 1.594312e+00
 -9.004860e-01 1.558398e+00 1.838429e+00
 -9.598785e-01 1.286117e+00 2.045849e+00
 -9.345782e-01 9.604659e-01 2.185763e+00
 -8.366463e-01 6.228444e-01 2.226568e+00
 -6.769787e-01 3.132463e-01 2.164533e+00
 -4.821239e-01 7.951136e-02 2.014434e+00
 -2.815889e-01 -1.052063e-01 1.738372e+00
 -2.276967e-01 -2.038754e-01 1.636717e+00
 -7.867133e-02 -3.938927e-01 1.494810e+00
 1.178410e-01 -4.835030e-01 1.294083e+00
 3.305583e-01 -4.475296e-01 9.761260e-01
 5.918467e-01 -2.872638e-01 6.835754e-01
 7.292787e-01 -2.407161e-01 5.885554e-01
 1.133777e+00 -1.082914e-01 4.443581e-01
 1.364803e+00 -2.311405e-02 2.727214e-01
 1.531319e+00 7.621741e-02 4.609203e-02
 1.622375e+00 1.656355e-01 -2.221829e-01
 1.629757e+00 2.389357e-01 -5.081951e-01
 1.551791e+00 2.916945e-01 -7.762500e-01
 1.399296e+00 3.326588e-01 -1.008068e+00
 1.170911e+00 3.565895e-01 -1.200305e+00
 8.848032e-01 3.454983e-01 -1.332504e+00
 4.647986e-01 2.782536e-01 -1.401127e+00
 2.910446e-01 2.548253e-01 -1.487737e+00
 1.335366e-01 2.509539e-01 -1.610653e+00
 -1.387825e-01 2.885691e-01 -1.951120e+00
 -4.196442e-01 2.432229e-01 -2.154029e+00
 -7.401780e-01 1.380103e-01 -2.259553e+00
 -1.077017e+00 -1.683003e-02 -2.252991e+00
