 -1.265969e+00 1.979139e-01 7.906332e-01
 -1.362629e+00 3.641816e-02 6.736815e-01
 -1.691738e+00 -2.208231e-01 5.128191e-01
 -1.859068e+00 -4.444849e-01 3.141762e-01
 -1.918498e+00 -6.843573e-01 7.429063e-02
 -1.850854e+00 -9.627807e-01 -2.116223e-01
 -1.665428e+00 -1.184868e+00 -4.398916e-01
 -1.390723e+00 -1.327710e+00 -6.042335e-01
 -1.068221e+00 -1.372848e+00 -6.968117e-01
 -7.190512e-01 -1.318093e+00 -7.187836e-01
 -3.603393e-01 -1.149690e+00 -6.609597e-01
 -1.025419e-01 -8.776820e-01 -5.776592e-01
 1.960516e-01 -7.061098e-01 -5.592058e-01
 6.404871e-01 -6.534702e-01 -4.160628e-01
 9.098533e-01 -5.730260e-01 -3.976300e-01
 1.143632e+00 -4.264652e-01 -4.228376e-01
 1.345433e+00 -2.330982e-01 -5.194866e-01
 1.527450e+00 -7.348824e-02 -7.022185e-01
 1.626021e+00 1.364636e-01 -9.871701e-01
 1.605693e+00 3.070814e-01 -1.304822e+00
 1.469194e+00 4.228912e-01 -1.620564e+00
 1.233864e+00 4.677159e-01 -1.894628e+00
 9.310650e-01 4.358708e-01 -2.090755e+00
 2.129490e-01 2.150526e-01 -2.291491e+00
 -3.693302e-01 2.146920e-02 -2.394154e+00
 -6.498452e-01 -7.769065e-02 -2.355686e+00
 -8.997646e-01 -1.827763e-01 -2.234676e+00
 -1.099944e+00 -2.701014e-01 -2.043339e+00
 -1.242406e+00 -3.269055e-01 -1.793859e+00
 -1.310811e+00 -3.619397e-01 -1.503434e+00
 -1.295422e+00 -3.721758e-01 -1.199560e+00
 -1.075361e+00 -3.538698e-01 -5.787347e-01
 -9.426883e-01 -4.708194e-01 -1.481424e-01
 -8.901021e-01 -6.744993e-01 7.018970e-02
 -9.358609e-01 -1.049645e+00 2.652107e-01
 -8.885640e-01 -1.303108e+00 3.756226e-01
 -7.599788e-01 -1.543859e+00 5.627164e-01
 -5.774546e-01 -1.697670e+00 7.845031e-01
 -3.534380e-01 -1.751323e+00 9.945118e-01
 -8.207726e-02 -1.715245e+00 1.167255e+00
 2.093208e-01 -1.598998e+00 1.269707e+00
 5.055378e-01 -1.402156e+00 1.287864e+00
 7.271153e-01 -1.175207e+00 1.225934e+00
 8.743821e-01 -9.155433e-01 1.100075e+00
 1.052983e+00 -1.186681e-01 5.568281e-01
 1.143736e+00 6.558527e-02 4.485921e-01
 1.391319e+00 3.630452e-01 2.973644e-01
 1.506173e+00 6.753645e-01 -2.642508e-02
 1.427551e+00 9.073126e-01 -3.665411e-01
 1.206213e+00 1.096970e+00 -6.305614e-01
 8.861492e-01 1.260216e+00 -7.829523e-01
 5.286051e-01 1.325974e+00 -8.301960e-01
 1.457304e-01 1.268709e+00 -8.000487e-01
 -1.774223e-01 1.081759e+00 -7.229072e-01
 -4.537367e-01 7.625106e-01 -5.274970e-01
 -7.192718e-01 6.235614e-01 -4.479524e-01
 -1.068608e+00 6.054564e-01 -2.870584e-01
 -1.683247e+00 7.843124e-01 6.656040e-02
 -1.904014e+00 8.051822e-01 2.820310e-01
 -2.087805e+00 7.521416e-01 5.550840e-01
 -2.200742e+00 6.264198e-01 8.252721e-01
 -2.230213e+00 4.523047e-01 1.075609e+00
 -2.173981e+00 2.490314e-01 1.292670e+00
 -2.038746e+00 3.059231e-02 1.456898e+00
 -1.829858e+00 -1.810612e-01 1.557677e+00
 -1.542662e+00 -3.847087e-01 1.582255e+00
 -1.256944e+00 -5.245398e-01 1.514575e+00
 -4.080230e-01 -7.388434e-01 1.073690e+00
 -2.004961e-01 -7.438510e-01 8.974705e-01
 -5.261895e-02 -7.987792e-01 6.875230e-01
 6.711053e-02 -9.562420e-01 4.676206e-01
 2.612991e-01 -1.358628e+00 2.484592e-01
 3.716209e-01 -1.568198e+00 2.005225e-03
 4.763609e-01 -1.676228e+00 -3.084760e-01
 5.382022e-01 -1.676104e+00 -6.576048e-01
 5.200618e-01 -1.581989e+00 -9.990527e-01
 4.113925e-01 -1.416178e+00 -1.294837e+00
 2.292543e-01 -1.202994e+00 -1.503332e+00
 3.533733e-02 -9.482643e-01 -1.594152e+00
 -1.346066e-01 -6.847581e-01 -1.574103e+00
 -2.731312e-01 -3.867985e-01 -1.450822e+00
 -3.521586e-01 -4.506899e-02 -1.374221e+00
 -4.581423e-01 1.918085e-01 -1.395881e+00
 -7.482603e-01 5.660410e-01 -1.488242e+00
 -9.693776e-01 8.947690e-01 -1.411123e+00
 -1.111643e+00 1.203603e+00 -1.198239e+00
 -1.143873e+00 1.453923e+00 -8.906424e-01
 -1.067402e+00 1.604563e+00 -5.328329e-01
 -9.094217e-01 1.617389e+00 -1.715915e-01
 -7.234275e-01 1.470752e+00 1.612974e-01
 -5.532440e-01 1.189609e+00 4.037129e-01
 -3.798076e-01 7.589785e-01 5.264003e-01
 -2.455771e-01 4.497010e-01 7.108448e-01
 -2.168107e-01 2.676087e-01 9.995283e-01
 -1.522240e-01 2.010406e-01 1.352204e+00
 -2.401210e-02 2.407293e-01 1.670877e+00
 1.294810e-01 3.834179e-01 1.936020e+00
 3.279568e-01 6.027265e-01 2.122462e+00
 5.454623e-01 8.653522e-01 2.198641e+00
 7.554281e-01 1.137665e+00 2.156548e+00
 9.446424e-01 1.381860e+00 2.001483e+00
 1.092068e+00 1.571498e+00 1.747672e+00
 1.168865e+00 1.689864e+00 1.425899e+00
 1.163739e+00 1.723219e+00 1.076800e+00
 1.078885e+00 1.667018e+00 7.418746e-01
 9.259668e-01 1.527152e+00 4.603202e-01
 7.389160e-01 1.334107e+00 2.787870e-01
 5.359517e-01 1.004620e+00 1.535633e-01
 4.707586e-01 6.904045e-01 -2.329360e-02
 5.071910e-01 4.245166e-01 -2.875049e-01
 5.023839e-01 2.582621e-01 -8.562169e-01
 6.132804e-01 8.557718e-02 -1.142879e+00
 6.813488e-01 -1.244148e-01 -1.280616e+00
 8.025259e-01 -3.332389e-01 -1.379056e+00
 9.818381e-01 -5.482828e-01 -1.421826e+00
 1.191582e+00 -7.509041e-01 -1.389114e+00
 1.422022e+00 -9.133526e-01 -1.278059e+00
 1.638617e+00 -1.022869e+00 -1.093879e+00
 1.820704e+00 -1.068542e+00 -8.539976e-01
 1.952742e+00 -1.045394e+00 -5.808699e-01
 2.024057e+00 -9.545952e-01 -2.992078e-01
 2.038294e+00 -5.273325e-01 4.471439e-01
 2.005400e+00 -2.531476e-01 8.877406e-01
 1.910678e+00 -7.618590e-02 1.102421e+00
 1.749989e+00 1.166919e-01 1.262435e+00
 1.536382e+00 3.067959e-01 1.351996e+00
 1.291588e+00 4.813007e-01 1.360032e+00
 7.230530e-01 7.981736e-01 1.194476e+00
 5.487287e-01 9.186612e-01 1.181439e+00
 3.872050e-01 1.066476e+00 1.207261e+00
 1.667902e-01 1.182316e+00 1.300178e+00
 -1.511872e-01 1.224891e+00 1.404724e+00
 -4.749727e-01 1.161521e+00 1.464401e+00
 -7.656456e-01 1.022703e+00 1.436157e+00
 -1.029613e+00 7.949473e-01 1.314592e+00
 -1.190633e+00 5.531093e-01 1.124924e+00
