 2.188967e+00 1.329769e+00 -3.993231e-01
 2.065819e+00 1.525897e+00 -6.428610e-01
 1.878585e+00 1.649109e+00 -8.525342e-01
 1.642338e+00 1.699139e+00 -1.035163e+00
 1.379238e+00 1.678452e+00 -1.172432e+00
 1.117052e+00 1.591661e+00 -1.258309e+00
 8.735031e-01 1.450506e+00 -1.291181e+00
 1.068621e-01 9.120624e-01 -1.284747e+00
 -1.590671e-01 7.365855e-01 -1.184473e+00
 -3.737427e-01 5.981488e-01 -1.004967e+00
 -5.464740e-01 4.879086e-01 -7.357897e-01
 -7.926031e-01 2.719895e-01 6.127724e-02
 -9.845751e-01 2.334218e-01 3.459937e-01
 -1.090977e+00 1.336620e-01 5.111765e-01
 -1.203630e+00 -9.555493e-02 7.074797e-01
 -1.355939e+00 -5.815341e-01 8.731902e-01
 -1.330306e+00 -1.029222e+00 8.874990e-01
 -1.224782e+00 -1.477876e+00 6.933490e-01
 -1.098970e+00 -1.778727e+00 3.371418e-01
 -9.810407e-01 -1.918520e+00 -2.305010e-01
 -8.566894e-01 -1.972115e+00 -9.499227e-01
 -7.777643e-01 -1.944400e+00 -1.191471e+00
 -6.439023e-01 -1.853427e+00 -1.437729e+00
 -4.512964e-01 -1.687659e+00 -1.647549e+00
 -2.026833e-01 -1.413770e+00 -1.787427e+00
 3.616283e-02 -1.081020e+00 -1.781265e+00
 2.356142e-01 -7.383448e-01 -1.598442e+00
 3.480433e-01 -4.695918e-01 -1.239713e+00
 3.832405e-01 -3.758138e-01 -7.259343e-01
 3.724516e-01 -5.231265e-01 -3.208789e-01
 4.685555e-01 -7.676008e-01 -9.670911e-02
 4.877852e-01 -8.970520e-01 -7.968029e-03
 5.892444e-01 -1.273601e+00 1.803114e-01
 7.657811e-01 -1.527797e+00 4.856476e-01
 9.717179e-01 -1.613057e+00 8.545009e-01
 1.175060e+00 -1.516121e+00 1.230009e+00
 1.340582e+00 -1.283267e+00 1.506877e+00
 1.449059e+00 -9.559374e-01 1.669962e+00
 1.468239e+00 -5.578383e-01 1.725388e+00
 1.408484e+00 -2.078168e-01 1.672864e+00
 1.296229e+00 8.545674e-02 1.524618e+00
 1.146935e+00 2.952244e-01 1.305122e+00
 9.775941e-01 4.051914e-01 1.042149e+00
 5.785616e-01 4.170097e-01 3.403586e-01
 4.049733e-01 5.583680e-01 3.000229e-02
 2.642806e-01 7.703119e-01 -1.768001e-01
 2.011901e-01 1.001614e+00 -2.764185e-01
 1.120684e-01 1.314831e+00 -3.253880e-01
 -1.270146e-02 1.697628e+00 -2.112965e-01
 -1.415215e-01 1.999001e+00 5.953866e-02
 -2.766943e-01 2.145690e+00 4.021374e-01
 -4.214763e-01 2.139706e+00 7.692242e-01
 -5.344072e-01 1.996222e+00 1.097028e+00
 -5.983256e-01 1.751223e+00 1.353226e+00
 -6.121656e-01 1.444441e+00 1.514906e+00
 -5.803368e-01 1.114658e+00 1.573345e+00
 -5.105099e-01 7.963788e-01 1.530225e+00
 -4.128295e-01 5.203555e-01 1.395658e+00
 -1.658523e-01 2.672299e-02 9.004858e-01
 -1.478950e-01 -1.138551e-01 7.874576e-01
 -1.873827e-01 -3.141561e-01 6.564933e-01
 -3.105081e-01 -5.272838e-01 4.948797e-01
 -4.850720e-01 -6.845556e-01 2.639600e-01
 -7.249382e-01 -7.683958e-01 5.906937e-02
 -1.034364e+00 -8.124198e-01 -7.604647e-02
 -1.481750e+00 -9.755338e-01 -2.457171e-01
 -1.713545e+00 -1.005416e+00 -3.802238e-01
 -1.973970e+00 -9.479334e-01 -5.342873e-01
 -2.210674e+00 -7.963490e-01 -6.801331e-01
 -2.394377e+00 -5.620856e-01 -8.000606e-01
 -2.505085e+00 -2.717930e-01 -8.758620e-01
 -2.536567e+00 3.870855e-02 -8.950570e-01
 -2.491969e+00 3.339652e-01 -8.614079e-01
 -2.384092e+00 5.888215e-01 -7.851926e-01
 -2.228506e+00 7.893987e-01 -6.774161e-01
 -2.040190e+00 9.300283e-01 -5.417404e-01
 -1.415821e+00 1.147413e+00 -8.246028e-02
 -1.002715e+00 1.254365e+00 2.163768e-01
 -8.002620e-01 1.245580e+00 3.539260e-01
 -5.043583e-01 1.151798e+00 5.187374e-01
 -2.876882e-01 1.136258e+00 5.994064e-01
 -3.721992e-02 1.188364e+00 6.997074e-01
 2.572158e-01 1.315999e+00 7.121591e-01
 5.489886e-01 1.414676e+00 6.025081e-01
 8.431745e-01 1.413571e+00 4.008657e-01
 1.080117e+00 1.323397e+00 1.257355e-01
 1.192471e+00 1.203054e+00 -1.655306e-01
 1.216686e+00 1.029462e+00 -3.951880e-01
 1.278964e+00 8.694202e-01 -5.712837e-01
 1.427505e+00 7.433480e-01 -7.464639e-01
 1.681387e+00 5.637708e-01 -8.583665e-01
 1.976791e+00 3.258099e-01 -8.437863e-01
 2.225866e+00 7.711077e-02 -6.901022e-01
 2.368529e+00 -1.740431e-01 -4.303279e-01
 2.360808e+00 -4.173778e-01 -1.308116e-01
 2.210733e+00 -6.160929e-01 1.627130e-01
 1.949990e+00 -7.270431e-01 4.241418e-01
 1.617422e+00 -7.324509e-01 6.209583e-01
 1.074659e+00 -5.839909e-01 7.776259e-01
 7.890691e-01 -5.981970e-01 9.468125e-01
 4.994705e-01 -6.960782e-01 1.305704e+00
 2.868361e-01 -7.105851e-01 1.477534e+00
 1.968486e-02 -6.816989e-01 1.608518e+00
 -4.389183e-01 -5.530368e-01 1.732881e+00
 -1.258534e+00 -1.266021e-01 1.785371e+00
 -1.545804e+00 9.423631e-03 1.705814e+00
 -1.825287e+00 1.128482e-01 1.518727e+00
 -2.048355e+00 1.696434e-01 1.232483e+00
 -2.173000e+00 1.754911e-01 8.760159e-01
 -2.171282e+00 1.354233e-01 4.902801e-01
 -2.006922e+00 5.161141e-02 5.725688e-02
 -1.741681e+00 1.783364e-03 -2.675949e-01
 -1.647351e+00 7.616550e-03 -4.017868e-01
 -1.561957e+00 -2.034473e-02 -5.855630e-01
 -1.427912e+00 -1.137211e-01 -7.834381e-01
 -1.251858e+00 -2.330560e-01 -9.229434e-01
 -1.033433e+00 -3.933537e-01 -1.010967e+00
 -8.261527e-01 -5.867888e-01 -1.038490e+00
 -6.493379e-01 -7.818525e-01 -1.006543e+00
 -5.222125e-01 -9.426929e-01 -9.337270e-01
 -3.118674e-01 -1.136736e+00 -7.914315e-01
 -1.337053e-01 -1.277712e+00 -7.729414e-01
 1.114568e-01 -1.392673e+00 -8.079847e-01
 3.575862e-01 -1.430560e+00 -8.527225e-01
 5.677097e-01 -1.406148e+00 -8.758084e-01
 8.016214e-01 -1.323695e+00 -8.704163e-01
 1.022010e+00 -1.177049e+00 -8.344439e-01
 1.203020e+00 -9.857891e-01 -7.584863e-01
 1.333728e+00 -7.595409e-01 -6.308868e-01
 1.386903e+00 -5.087173e-01 -4.722927e-01
 1.353060e+00 -2.216607e-01 -2.422683e-01
 1.399237e+00 -1.571584e-02 -7.143916e-02
 1.562675e+00 1.749140e-01 1.048051e-01
 1.760241e+00 3.826779e-01 1.748188e-01
 1.968647e+00 6.074603e-01 1.454496e-01
 2.136438e+00 8.511045e-01 1.910026e-02
 2.210863e+00 1.102907e+00 -1.721503e-01
