 2.001837e+00 -4.724863e-01 -7.326912e-01
 2.075981e+00 -3.421396e-01 -5.481274e-01
 2.228679e+00 -2.647853e-01 -2.844915e-01
 2.322158e+00 -3.049269e-01 1.415560e-01
 2.260841e+00 -4.587333e-01 5.514183e-01
 2.044843e+00 -6.666288e-01 8.648977e-01
 1.719587e+00 -8.721415e-01 1.037609e+00
 1.339685e+00 -1.032001e+00 1.053635e+00
 9.764714e-01 -1.138818e+00 9.158078e-01
 6.844362e-01 -1.180048e+00 6.570680e-01
 4.163889e-01 -1.165864e+00 1.457235e-01
 5.529304e-02 -1.378161e+00 -3.915738e-01
 -1.840579e-01 -1.394002e+00 -6.710199e-01
 -4.684698e-01 -1.335920e+00 -8.648926e-01
 -8.489085e-01 -1.189926e+00 -9.842596e-01
 -1.226890e+00 -1.005201e+00 -9.787858e-01
 -2.010148e+00 -5.585989e-01 -6.377342e-01
 -2.203028e+00 -3.623920e-01 -4.908386e-01
 -2.326596e+00 -6.952177e-02 -3.012579e-01
 -2.310124e+00 2.982775e-01 -9.874767e-02
 -2.104151e+00 6.786583e-01 5.625611e-02
 -1.809122e+00 8.983437e-01 1.021469e-01
 -1.389723e+00 1.191036e+00 -5.030391e-02
 -1.135972e+00 1.398999e+00 -7.811195e-02
 -7.889385e-01 1.588724e+00 -9.421302e-02
 -4.014332e-01 1.637083e+00 -1.111564e-01
 -8.793758e-03 1.529672e+00 -1.230451e-01
 3.226195e-01 1.265621e+00 -1.218931e-01
 5.253471e-01 8.687846e-01 -1.199543e-01
 5.366725e-01 4.253356e-01 -1.173901e-01
 3.066669e-01 -9.532336e-02 -8.073803e-02
 -3.771739e-01 -4.647381e-01 -7.895100e-02
 -6.887212e-01 -7.663185e-01 -5.364084e-02
 -9.749058e-01 -9.381761e-01 4.320236e-03
 -1.377368e+00 -9.998434e-01 1.573620e-01
 -1.751241e+00 -8.859307e-01 3.893583e-01
 -2.011389e+00 -6.003633e-01 6.543374e-01
 -2.089615e+00 -1.971903e-01 8.954005e-01
 -1.962349e+00 2.328195e-01 1.057657e+00
 -1.675473e+00 5.742722e-01 1.105019e+00
 -1.178725e+00 9.373226e-01 9.270453e-01
 -1.067624e+00 1.063535e+00 8.919057e-01
 -8.949757e-01 1.246468e+00 8.907830e-01
 -5.876131e-01 1.399781e+00 9.123299e-01
 -2.541418e-01 1.446548e+00 9.147170e-01
 8.949207e-02 1.378261e+00 9.135640e-01
 4.020154e-01 1.189701e+00 9.029572e-01
 7.821423e-01 7.066033e-01 8.559216e-01
 9.981015e-01 3.562020e-01 7.771972e-01
 1.133367e+00 7.764775e-02 6.349827e-01
 1.292063e+00 -4.843913e-01 1.862286e-01
 1.366178e+00 -6.695357e-01 9.493639e-02
 1.460297e+00 -8.845171e-01 4.070551e-02
 1.710291e+00 -1.137013e+00 -5.870171e-03
 2.074918e+00 -1.280736e+00 -1.134467e-01
 2.414221e+00 -1.274998e+00 -2.643959e-01
 2.681495e+00 -1.166506e+00 -4.392488e-01
 2.871783e+00 -9.853966e-01 -6.272957e-01
 2.982604e+00 -7.349255e-01 -8.245021e-01
 2.984978e+00 -4.113364e-01 -1.022220e+00
 2.829738e+00 -4.005976e-02 -1.181761e+00
 2.484794e+00 2.890310e-01 -1.258475e+00
 1.999514e+00 4.646512e-01 -1.197336e+00
 1.491425e+00 3.868306e-01 -1.021320e+00
 1.160896e+00 9.587221e-02 -8.257007e-01
 9.545255e-01 -3.695381e-01 -7.936189e-01
 9.680030e-01 -9.999583e-01 -8.548696e-01
 1.061749e+00 -1.593277e+00 -6.629501e-01
 9.431176e-01 -1.996587e+00 -3.357881e-01
 6.386941e-01 -2.210566e+00 4.081741e-02
 2.463151e-01 -2.181281e+00 3.787165e-01
 -1.456918e-01 -1.897765e+00 6.458281e-01
 -6.446312e-01 -9.119382e-01 9.675210e-01
 -7.810023e-01 -6.342122e-01 9.634701e-01
 -9.387981e-01 -3.520697e-01 8.529631e-01
 -1.085453e+00 -1.307404e-01 6.415707e-01
 -1.244529e+00 4.057639e-02 2.916073e-01
 -1.309094e+00 4.673198e-02 -1.431038e-01
 -1.340054e+00 1.853555e-01 -4.845197e-01
 -1.544600e+00 4.361577e-01 -7.970251e-01
 -1.817276e+00 7.557980e-01 -9.344235e-01
 -2.061711e+00 1.115107e+00 -8.855839e-01
 -2.229919e+00 1.434095e+00 -6.797287e-01
 -2.299809e+00 1.666556e+00 -3.803515e-01
 -2.284151e+00 1.792197e+00 -6.296209e-02
 -2.214403e+00 1.828451e+00 2.206355e-01
 -1.928238e+00 1.754446e+00 9.067639e-01
 -1.657591e+00 1.658341e+00 1.465220e+00
 -1.449567e+00 1.527773e+00 1.716009e+00
 -1.166580e+00 1.296869e+00 1.887666e+00
 -8.275641e-01 9.873626e-01 1.895364e+00
 -5.037494e-01 6.611098e-01 1.667043e+00
 -3.273781e-01 4.229387e-01 1.227528e+00
 -2.566875e-01 4.390312e-01 6.774835e-01
 -4.413215e-01 6.273712e-01 1.803202e-01
 -4.781779e-01 6.195333e-01 -1.185725e-01
 -4.421351e-01 6.154814e-01 -3.774102e-01
 -3.408662e-01 5.456738e-01 -6.504782e-01
 5.888441e-02 3.179802e-01 -1.162083e+00
 5.474285e-01 4.669137e-02 -1.669499e+00
 8.565725e-01 -1.117201e-01 -1.807414e+00
 1.209777e+00 -2.828730e-01 -1.807615e+00
 1.555651e+00 -4.423176e-01 -1.648701e+00
 1.835798e+00 -5.593959e-01 -1.329115e+00
 1.964315e+00 -5.638766e-01 -9.781716e-01
