 -1.378068e+00 -1.631667e+00 4.468572e-01
 -1.678208e+00 -1.723625e+00 7.114703e-01
 -1.961543e+00 -1.656422e+00 9.945285e-01
 -2.180663e+00 -1.446315e+00 1.257976e+00
 -2.300058e+00 -1.131074e+00 1.468088e+00
 -2.301382e+00 -7.614501e-01 1.601415e+00
 -2.183766e+00 -3.928228e-01 1.646478e+00
 -1.823990e+00 1.189808e-01 1.577748e+00
 -1.295239e+00 7.513982e-01 1.399571e+00
 -1.054224e+00 9.571599e-01 1.206686e+00
 -8.330014e-01 1.054582e+00 9.353301e-01
 -6.911092e-01 1.052517e+00 6.230419e-01
 -6.682521e-01 1.005838e+00 4.055769e-01
 -6.945405e-01 9.749071e-01 1.450700e-01
 -9.462423e-01 9.941905e-01 -5.142123e-01
 -9.328423e-01 1.008110e+00 -9.269264e-01
 -7.648853e-01 1.025239e+00 -1.308030e+00
 -4.769129e-01 1.039564e+00 -1.588506e+00
 -1.172011e-01 1.039966e+00 -1.733981e+00
 2.671809e-01 1.035641e+00 -1.731191e+00
 6.161429e-01 1.014817e+00 -1.579862e+00
 8.883667e-01 9.860993e-01 -1.307395e+00
 1.027282e+00 9.643586e-01 -9.913666e-01
 1.090552e+00 8.351890e-01 -5.733032e-01
 1.244836e+00 7.390619e-01 -3.440766e-01
 1.514119e+00 5.347059e-01 -1.659817e-01
 1.768632e+00 1.872707e-01 -1.047078e-01
 1.862964e+00 -1.899758e-01 -1.412365e-01
 1.774515e+00 -6.548338e-01 -2.542320e-01
 1.542255e+00 -9.836367e-01 -4.387568e-01
 1.116853e+00 -1.202439e+00 -6.446902e-01
 9.077971e-01 -1.435361e+00 -7.202233e-01
 7.392432e-01 -1.710264e+00 -6.874728e-01
 5.896441e-01 -1.913989e+00 -5.655574e-01
 3.832786e-01 -2.064540e+00 -3.407768e-01
 1.327832e-01 -2.101162e+00 -5.110270e-02
 -4.656278e-02 -2.036409e+00 2.057671e-01
 -1.778248e-01 -1.881749e+00 4.576099e-01
 -2.452141e-01 -1.653836e+00 6.740929e-01
 -2.626373e-01 -1.374949e+00 8.162810e-01
 -2.592161e-01 -1.000019e+00 8.648928e-01
 -3.475366e-01 -5.604919e-01 8.324916e-01
 -5.696510e-01 -2.099671e-01 8.788706e-01
 -8.201667e-01 -1.027783e-03 7.950520e-01
 -1.254654e+00 1.953129e-01 5.271798e-01
 -1.477018e+00 3.867187e-01 4.580549e-01
 -1.646737e+00 7.002399e-01 4.107942e-01
 -1.691512e+00 1.072532e+00 3.728561e-01
 -1.599346e+00 1.427586e+00 3.332933e-01
 -1.375367e+00 1.735955e+00 2.844672e-01
 -1.050800e+00 1.940170e+00 2.483074e-01
 -6.718653e-01 2.009802e+00 2.236650e-01
 -2.966923e-01 1.935092e+00 2.163351e-01
 1.642524e-01 1.634667e+00 1.941766e-01
 4.249142e-01 1.572393e+00 1.330936e-01
 7.054354e-01 1.587025e+00 5.965864e-02
 1.163551e+00 1.740473e+00 -1.084811e-01
 1.466365e+00 1.741568e+00 -2.829239e-01
 1.734875e+00 1.629002e+00 -4.817702e-01
 1.935943e+00 1.414459e+00 -6.779492e-01
 2.049142e+00 1.105849e+00 -8.629705e-01
 2.043706e+00 7.836790e-01 -1.004662e+00
 1.922872e+00 4.734915e-01 -1.104154e+00
 1.716371e+00 2.126679e-01 -1.134580e+00
 1.457032e+00 1.388104e-02 -1.071461e+00
 1.141791e+00 -1.336949e-01 -8.842277e-01
 9.110466e-01 -1.832120e-01 -6.193700e-01
 8.227198e-01 -2.312111e-01 -2.198347e-01
 8.869035e-01 -2.550027e-01 2.448059e-01
 8.523987e-01 -2.897266e-01 4.985041e-01
 4.975471e-01 -3.910566e-01 1.361389e+00
 3.160694e-01 -4.347606e-01 1.586842e+00
 7.845596e-02 -4.944956e-01 1.750726e+00
 -1.952993e-01 -5.673256e-01 1.837766e+00
 -4.818777e-01 -6.492329e-01 1.839420e+00
 -7.729615e-01 -7.377668e-01 1.748959e+00
 -1.010799e+00 -8.010191e-01 1.592871e+00
 -1.185018e+00 -8.260549e-01 1.400222e+00
 -1.779727e+00 -6.653227e-01 5.916077e-01
 -1.916011e+00 -7.148746e-01 2.180400e-01
 -1.904807e+00 -8.340581e-01 -1.910092e-01
 -1.735536e+00 -9.723206e-01 -5.416220e-01
 -1.431086e+00 -1.100269e+00 -7.935410e-01
 -1.039879e+00 -1.193111e+00 -9.045533e-01
 -6.257280e-01 -1.231557e+00 -8.555118e-01
 -2.585348e-01 -1.205223e+00 -6.547614e-01
 2.318912e-01 -1.049771e+00 -4.215988e-02
 6.046045e-01 -1.232845e+00 2.532468e-01
 9.600636e-01 -1.530483e+00 3.253556e-01
 1.312065e+00 -1.837999e+00 1.683746e-01
 1.588870e+00 -2.028409e+00 -1.909449e-01
 1.756856e+00 -2.029765e+00 -6.826597e-01
 1.756751e+00 -1.863543e+00 -1.139065e+00
 1.588064e+00 -1.578730e+00 -1.494834e+00
 1.290339e+00 -1.236855e+00 -1.669847e+00
 5.336102e-01 -5.436481e-01 -1.572065e+00
 3.860731e-01 -3.754175e-01 -1.506183e+00
 2.541050e-01 -1.723359e-01 -1.397377e+00
 1.634626e-01 2.521854e-02 -1.259011e+00
 5.527847e-02 5.318739e-01 -8.573792e-01
 5.906840e-02 9.637555e-01 -6.837789e-01
 8.183732e-02 1.588715e+00 -8.392205e-01
 2.149592e-01 2.027742e+00 -7.701383e-01
 3.754100e-01 2.404115e+00 -4.855503e-01
 4.969568e-01 2.590408e+00 -8.913215e-02
 5.916257e-01 2.566700e+00 3.761652e-01
 6.448633e-01 2.333472e+00 7.972334e-01
 6.310076e-01 1.947665e+00 1.072392e+00
 5.539280e-01 1.488483e+00 1.152432e+00
 4.329827e-01 1.052306e+00 1.021775e+00
 1.677617e-01 4.462186e-01 4.342497e-01
 -1.037683e-01 1.240449e-01 4.251079e-02
 -3.502302e-01 -1.207775e-01 -1.289424e-01
 -6.915838e-01 -4.056302e-01 -1.414732e-01
 -8.677613e-01 -6.351466e-01 -2.984174e-02
 -9.501474e-01 -1.062333e+00 1.265693e-01
 -1.114582e+00 -1.389868e+00 2.383410e-01
