 -3.797091e-01 2.722632e-01 -1.431413e+00
 -2.409415e-01 6.622525e-01 -1.724508e+00
 -1.033718e-01 9.263474e-01 -1.824572e+00
 6.233184e-02 1.201287e+00 -1.828352e+00
 2.376686e-01 1.455378e+00 -1.730984e+00
 4.025385e-01 1.658881e+00 -1.543431e+00
 5.569882e-01 1.782533e+00 -1.288346e+00
 6.948979e-01 1.809475e+00 -9.939996e-01
 8.101143e-01 1.732363e+00 -6.966109e-01
 8.864931e-01 1.561641e+00 -4.309682e-01
 8.810182e-01 1.153207e+00 -2.096990e-02
 8.905379e-01 1.044924e+00 2.317989e-01
 8.772787e-01 1.008832e+00 4.060850e-01
 8.502586e-01 9.947707e-01 5.607391e-01
 8.141308e-01 1.002785e+00 7.084121e-01
 6.111624e-01 1.106911e+00 1.274806e+00
 4.631874e-01 1.076106e+00 1.553988e+00
 2.926441e-01 9.631134e-01 1.790172e+00
 1.074637e-01 7.847293e-01 1.961221e+00
 -7.835448e-02 5.581016e-01 2.053698e+00
 -2.475192e-01 3.080490e-01 2.058366e+00
 -3.739191e-01 5.184170e-02 1.984175e+00
 -4.305981e-01 -1.572195e-01 1.869932e+00
 -4.196722e-01 -3.379485e-01 1.724931e+00
 -3.443725e-01 -5.144736e-01 1.591326e+00
 -2.349913e-01 -7.282380e-01 1.513788e+00
 -1.020653e-01 -9.026929e-01 1.489035e+00
 -2.521030e-02 -9.866211e-01 1.463503e+00
 5.747888e-02 -1.081558e+00 1.416933e+00
 1.288559e-01 -1.168341e+00 1.358534e+00
 7.396637e-01 -1.949506e+00 6.823609e-01
 8.637593e-01 -2.106345e+00 4.177746e-01
 9.279993e-01 -2.189865e+00 1.039555e-01
 9.228534e-01 -2.194695e+00 -2.261899e-01
 8.467110e-01 -2.123509e+00 -5.380450e-01
 7.135484e-01 -1.981702e+00 -7.973795e-01
 5.405363e-01 -1.787675e+00 -9.784100e-01
 3.596339e-01 -1.555867e+00 -1.066080e+00
 1.770037e-01 -1.286084e+00 -1.060601e+00
 -4.243232e-03 -1.058110e+00 -9.610702e-01
 -1.422490e-01 -9.017546e-01 -8.017986e-01
 -2.378969e-01 -8.349444e-01 -6.815593e-01
 -3.756561e-01 -7.760987e-01 -5.745458e-01
 -7.479108e-01 -6.477001e-01 -4.043765e-01
 -1.044140e+00 -4.690688e-01 -8.750391e-02
 -1.153459e+00 -3.696465e-01 2.190342e-01
 -1.275407e+00 -3.936014e-01 6.280141e-01
 -1.288847e+00 -8.653623e-01 1.544942e+00
 -1.220341e+00 -9.811677e-01 1.779200e+00
 -1.084334e+00 -1.063686e+00 2.008913e+00
 -8.897542e-01 -1.101213e+00 2.212910e+00
 -6.501274e-01 -1.086775e+00 2.374303e+00
 -3.816686e-01 -1.019247e+00 2.477203e+00
 -1.098104e-01 -9.006257e-01 2.509303e+00
 1.642943e-01 -7.402479e-01 2.454912e+00
 3.825706e-01 -5.718524e-01 2.315331e+00
 5.384847e-01 -3.843705e-01 2.089972e+00
 5.993884e-01 -2.018787e-01 1.804558e+00
 5.465818e-01 -3.848519e-02 1.516469e+00
 4.012298e-01 9.270865e-02 1.275171e+00
 2.016348e-01 1.929090e-01 1.119487e+00
 -7.887238e-02 3.472769e-01 1.061152e+00
 -4.636111e-01 4.174010e-01 1.004508e+00
 -8.175607e-01 5.067095e-01 7.802306e-01
 -1.032596e+00 6.107315e-01 4.497205e-01
 -1.076263e+00 6.365041e-01 1.087296e-01
 -1.033484e+00 5.211962e-01 -2.750196e-01
 -1.094839e+00 4.215551e-01 -5.839730e-01
 -1.365211e+00 4.521150e-01 -1.137055e+00
 -1.395104e+00 4.309261e-01 -1.540163e+00
 -1.277394e+00 3.477850e-01 -1.928285e+00
 -1.054905e+00 1.964897e-01 -2.218419e+00
 -7.536126e-01 2.043794e-02 -2.378280e+00
 -4.015456e-01 -1.422234e-01 -2.389860e+00
 -1.538258e-02 -2.670934e-01 -2.239064e+00
 2.732005e-01 -3.082438e-01 -1.990238e+00
 4.599855e-01 -2.922061e-01 -1.654732e+00
 5.804887e-01 -1.717533e-01 -7.726492e-01
 6.562069e-01 -9.697926e-02 -5.932034e-01
 9.611060e-01 9.105261e-02 -3.203722e-01
 1.503568e+00 3.373556e-01 -1.600924e-01
 1.734138e+00 5.666957e-01 -7.464988e-02
 1.873074e+00 8.621596e-01 4.256033e-02
 1.897060e+00 1.181114e+00 1.743008e-01
 1.804226e+00 1.486690e+00 3.048434e-01
 1.606100e+00 1.743997e+00 4.188078e-01
 1.326227e+00 1.923987e+00 5.028726e-01
 9.931689e-01 2.006973e+00 5.502550e-01
 6.658987e-01 1.993752e+00 5.367869e-01
 3.563088e-01 1.880769e+00 4.781587e-01
 9.785474e-02 1.662958e+00 4.078574e-01
 -6.885301e-02 1.375235e+00 3.171511e-01
 -1.251881e-01 1.054549e+00 2.097633e-01
 -3.368430e-02 5.450822e-01 6.325123e-02
 -4.292241e-02 2.462251e-01 5.016826e-02
 -5.188721e-02 -8.466482e-02 1.416009e-01
 -7.199969e-02 -3.567423e-01 3.123601e-01
 -1.577071e-01 -5.944462e-01 4.373005e-01
 -2.608808e-01 -7.896030e-01 4.998606e-01
 -4.874258e-01 -1.081094e+00 5.478994e-01
 -7.743018e-01 -1.299035e+00 4.715459e-01
 -1.119061e+00 -1.392057e+00 3.586942e-01
 -1.462244e+00 -1.351982e+00 2.446348e-01
 -1.767289e+00 -1.184542e+00 1.205862e-01
 -1.991958e+00 -9.104248e-01 6.265650e-03
 -2.102849e+00 -5.660953e-01 -8.999900e-02
 -2.043023e+00 6.775913e-01 -2.961748e-01
 -1.961158e+00 9.303125e-01 -3.593874e-01
 -1.818531e+00 1.143666e+00 -4.373667e-01
 -1.625186e+00 1.306472e+00 -5.243261e-01
 -1.393266e+00 1.408781e+00 -6.134005e-01
 -1.134045e+00 1.445512e+00 -6.869015e-01
 -8.690786e-01 1.412388e+00 -7.390448e-01
 -1.076142e-02 1.071362e+00 -8.250139e-01
 1.521837e-01 9.695564e-01 -8.364601e-01
 2.527669e-01 9.018604e-01 -8.699565e-01
 4.170081e-01 8.226198e-01 -9.568583e-01
 7.129228e-01 7.871070e-01 -1.089359e+00
 9.162505e-01 7.234063e-01 -1.148309e+00
 1.119014e+00 6.044725e-01 -1.196085e+00
 1.292366e+00 4.394992e-01 -1.225661e+00
 1.418468e+00 2.502200e-01 -1.231748e+00
 1.504474e+00 4.799519e-02 -1.197347e+00
 1.549734e+00 -1.777211e-01 -1.120077e+00
 1.538524e+00 -4.205786e-01 -1.012368e+00
 1.474649e+00 -6.329666e-01 -8.817912e-01
 1.361563e+00 -8.135880e-01 -7.222009e-01
 1.215181e+00 -9.379219e-01 -5.667870e-01
 6.267285e-01 -1.198998e+00 -1.363604e-01
 3.259827e-01 -1.385428e+00 -5.095176e-02
 5.030190e-02 -1.637314e+00 -8.999510e-02
 -3.887546e-01 -1.796691e+00 -3.344130e-01
 -7.553046e-01 -1.731486e+00 -6.890415e-01
 -9.635508e-01 -1.467498e+00 -1.074454e+00
 -9.895873e-01 -1.054734e+00 -1.367730e+00
 -8.607064e-01 -5.768617e-01 -1.470587e+00
 -4.895185e-01 -3.280814e-02 -1.359199e+00
