 -1.221507e+00 -8.602351e-01 -8.504763e-01
 -1.379168e+00 -6.097589e-01 -9.747681e-01
 -1.602926e+00 1.102308e-01 -1.476276e+00
 -1.643088e+00 4.679351e-01 -1.616859e+00
 -1.627122e+00 7.416573e-01 -1.663125e+00
 -1.559850e+00 1.010666e+00 -1.655486e+00
 -1.443219e+00 1.256898e+00 -1.596078e+00
 -1.283139e+00 1.461309e+00 -1.490701e+00
 -1.088815e+00 1.607799e+00 -1.348718e+00
 -8.731636e-01 1.683961e+00 -1.183209e+00
 -6.503400e-01 1.683462e+00 -1.008875e+00
 1.546304e-01 1.391150e+00 -3.716328e-01
 4.091539e-01 1.221454e+00 -1.583980e-01
 6.725364e-01 1.152256e+00 -5.173489e-02
 1.036861e+00 1.166455e+00 -1.000563e-02
 1.555888e+00 1.229514e+00 -9.833236e-02
 1.969865e+00 1.092834e+00 -1.695008e-01
 2.296335e+00 7.924298e-01 -1.944406e-01
 2.471161e+00 3.861742e-01 -1.678043e-01
 2.457724e+00 -6.188994e-02 -1.124312e-01
 2.245801e+00 -4.586119e-01 -4.554024e-02
 1.887381e+00 -7.210552e-01 4.378054e-02
 1.474571e+00 -7.977001e-01 1.565844e-01
 1.078470e+00 -6.885423e-01 2.999835e-01
 8.025943e-01 -4.336742e-01 4.425851e-01
 6.965202e-01 -1.515770e-01 6.503250e-01
 7.228960e-01 6.015528e-01 1.486362e+00
 5.938276e-01 8.728764e-01 1.720546e+00
 3.617510e-01 1.169419e+00 1.847841e+00
 6.589518e-02 1.431426e+00 1.840810e+00
 -2.649354e-01 1.649932e+00 1.681803e+00
 -5.193329e-01 1.752823e+00 1.429613e+00
 -7.073580e-01 1.741994e+00 1.103828e+00
 -8.214370e-01 1.600256e+00 7.318680e-01
 -8.331169e-01 1.378024e+00 4.316497e-01
 -7.436198e-01 1.099874e+00 2.039259e-01
 -3.740849e-01 5.586407e-01 -6.472629e-02
 -3.246512e-01 2.941367e-01 -2.242100e-01
 -4.070854e-01 -2.359537e-03 -3.975470e-01
 -4.641934e-01 -1.631391e-01 -6.400814e-01
 -3.940477e-01 -3.124658e-01 -1.083340e+00
 -4.451405e-01 -4.287165e-01 -1.373081e+00
 -5.942286e-01 -6.215980e-01 -1.636737e+00
 -8.155531e-01 -8.412424e-01 -1.799580e+00
 -1.089274e+00 -1.060290e+00 -1.850600e+00
 -1.369316e+00 -1.272315e+00 -1.776441e+00
 -1.612062e+00 -1.455659e+00 -1.584172e+00
 -1.789117e+00 -1.583140e+00 -1.297125e+00
 -1.875816e+00 -1.640543e+00 -9.500229e-01
 -1.861546e+00 -1.617058e+00 -5.856383e-01
 -1.748325e+00 -1.512984e+00 -2.533883e-01
 -1.537072e+00 -1.353591e+00 7.710996e-03
 -1.254376e+00 -1.167648e+00 1.551107e-01
 -9.490845e-01 -1.006396e+00 1.712118e-01
 -6.581576e-01 -9.345638e-01 8.960042e-02
 -1.259190e-01 -9.464258e-01 -8.092983e-02
 1.699316e-01 -8.592172e-01 -2.555465e-01
 3.841893e-01 -6.855660e-01 -4.536402e-01
 5.041416e-01 -4.721911e-01 -5.438071e-01
 5.601811e-01 -2.003904e-01 -6.412820e-01
 5.451335e-01 1.257073e-01 -7.298421e-01
 5.781151e-01 3.285854e-01 -7.751694e-01
 6.500533e-01 5.013538e-01 -8.368175e-01
 7.782518e-01 7.332209e-01 -9.806803e-01
 8.865344e-01 1.048617e+00 -1.048693e+00
 9.702910e-01 1.427700e+00 -1.002940e+00
 9.848955e-01 1.754131e+00 -8.477491e-01
 9.475815e-01 1.993345e+00 -6.046526e-01
 8.647431e-01 2.136309e+00 -3.030413e-01
 7.241755e-01 2.172098e+00 6.121600e-02
 5.775421e-01 2.081630e+00 3.745577e-01
 4.256951e-01 1.880025e+00 6.286060e-01
 2.901692e-01 1.596573e+00 7.890267e-01
 1.268607e-01 1.197659e+00 8.418654e-01
 -2.376000e-02 9.898828e-01 9.167178e-01
 -1.990391e-01 8.386744e-01 1.045191e+00
 -6.230603e-01 7.015588e-01 1.329208e+00
 -9.063100e-01 4.470044e-01 1.491156e+00
 -1.091863e+00 8.798353e-02 1.571274e+00
 -1.158644e+00 -3.013065e-01 1.538472e+00
 -1.093885e+00 -6.810313e-01 1.411497e+00
 -8.868359e-01 -9.922202e-01 1.240363e+00
 -5.709038e-01 -1.183502e+00 1.083664e+00
 -3.215188e-01 -1.208984e+00 9.917875e-01
 -1.240881e-01 -1.216662e+00 9.705963e-01
 1.177866e-01 -1.201401e+00 9.947196e-01
 3.169716e-01 -1.163768e+00 1.051891e+00
 7.521393e-01 -1.012237e+00 1.267732e+00
 9.793430e-01 -8.916418e-01 1.328690e+00
 1.196345e+00 -7.438706e-01 1.330349e+00
 1.390352e+00 -5.824317e-01 1.273011e+00
 1.550173e+00 -4.190602e-01 1.162307e+00
 1.649859e+00 -2.612040e-01 1.031826e+00
 1.702548e+00 -1.003662e-01 8.730532e-01
 1.699558e+00 5.060118e-02 6.905153e-01
 1.648387e+00 1.652817e-01 5.090299e-01
 1.578848e+00 2.298500e-01 3.281248e-01
 1.520036e+00 2.369095e-01 1.863059e-01
 1.461076e+00 2.102831e-01 -2.028499e-02
 1.468440e+00 1.817059e-01 -2.804868e-01
 1.554511e+00 9.499350e-02 -6.204252e-01
 1.540356e+00 2.186897e-02 -9.035554e-01
 1.440734e+00 -3.430100e-02 -1.177458e+00
 1.271573e+00 -6.061360e-02 -1.411723e+00
 1.046522e+00 -4.582735e-02 -1.596212e+00
 7.867530e-01 1.290678e-02 -1.717054e+00
 5.170727e-01 1.187395e-01 -1.767535e+00
 2.622960e-01 2.613169e-01 -1.742417e+00
 -1.187994e-01 5.318862e-01 -1.567407e+00
 -3.370170e-01 6.312460e-01 -1.433053e+00
 -6.201763e-01 6.810550e-01 -1.231206e+00
 -1.028000e+00 6.884608e-01 -8.416911e-01
 -1.233712e+00 5.637365e-01 -6.425137e-01
 -1.347120e+00 3.952003e-01 -4.103106e-01
 -1.360178e+00 2.226010e-01 -1.115794e-01
 -1.246648e+00 7.131000e-02 1.916172e-01
 -1.006428e+00 -3.215268e-02 4.813397e-01
 -5.113830e-01 -1.462626e-01 7.504153e-01
 -3.130595e-01 -2.009021e-01 9.448395e-01
 -2.353348e-01 -2.155629e-01 1.099262e+00
 -1.588542e-01 -2.586808e-01 1.313142e+00
 -1.070883e-01 -4.209201e-01 1.608216e+00
 -1.020231e-01 -6.603253e-01 1.831236e+00
 -1.032642e-01 -9.728133e-01 1.963087e+00
 -1.020771e-01 -1.289909e+00 1.986246e+00
 -1.346168e-01 -1.607106e+00 1.910349e+00
 -1.925218e-01 -1.880635e+00 1.742678e+00
 -2.637448e-01 -2.084085e+00 1.499856e+00
 -3.397318e-01 -2.198318e+00 1.207227e+00
 -4.123964e-01 -2.213004e+00 8.970020e-01
 -6.690129e-01 -1.880316e+00 -2.813330e-01
 -7.364041e-01 -1.762363e+00 -4.911427e-01
 -8.031597e-01 -1.601699e+00 -6.584377e-01
 -8.881390e-01 -1.383614e+00 -7.892012e-01
 -9.754548e-01 -1.173423e+00 -8.392684e-01
 -1.076586e+00 -1.016087e+00 -8.342377e-01
