 -1.905584e+00 2.661720e-01 5.671283e-01
 -1.912725e+00 7.140603e-03 6.597979e-01
 -1.847936e+00 -2.469239e-01 7.216492e-01
 -1.723492e+00 -4.965213e-01 7.298230e-01
 -1.566213e+00 -7.381262e-01 6.571995e-01
 -1.394944e+00 -9.266720e-01 5.210423e-01
 -1.229528e+00 -1.068335e+00 3.071296e-01
 -1.084246e+00 -1.124867e+00 2.960654e-02
 -1.073674e+00 -1.190682e+00 -3.945849e-01
 -1.276246e+00 -1.134497e+00 -9.768240e-01
 -1.308872e+00 -1.005440e+00 -1.309557e+00
 -1.229215e+00 -8.180722e-01 -1.615571e+00
 -1.050483e+00 -5.950822e-01 -1.845073e+00
 -7.873774e-01 -3.404038e-01 -1.973967e+00
 -5.152547e-01 -8.426913e-02 -1.969780e+00
 -2.914138e-01 1.611556e-01 -1.846638e+00
 1.018820e-01 6.664537e-01 -1.306818e+00
 3.530273e-01 7.875208e-01 -1.053652e+00
 6.322157e-01 7.903422e-01 -8.614028e-01
 9.260549e-01 7.091540e-01 -7.746085e-01
 1.412976e+00 7.212889e-01 -7.841111e-01
 1.716010e+00 6.716684e-01 -7.131587e-01
 1.970772e+00 5.708939e-01 -5.805930e-01
 2.164545e+00 4.315322e-01 -3.925258e-01
 2.278299e+00 2.673195e-01 -1.589772e-01
 2.299334e+00 9.218894e-02 9.249757e-02
 2.224582e+00 -8.288143e-02 3.471142e-01
 1.813760e+00 -4.693917e-01 9.114572e-01
 1.480348e+00 -7.490298e-01 1.274006e+00
 1.211768e+00 -9.335751e-01 1.400310e+00
 9.138477e-01 -1.100539e+00 1.413650e+00
 6.214991e-01 -1.234764e+00 1.313332e+00
 4.054943e-01 -1.335568e+00 1.129596e+00
 3.220320e-01 -1.420507e+00 9.861452e-01
 2.336136e-01 -1.535541e+00 8.555742e-01
 8.789452e-03 -1.693592e+00 7.072089e-01
 -1.060746e+00 -2.102272e+00 3.389702e-01
 -1.450118e+00 -2.076070e+00 1.761493e-01
 -1.787178e+00 -1.884668e+00 6.992505e-03
 -2.017607e+00 -1.559559e+00 -1.336704e-01
 -2.099950e+00 -1.155860e+00 -2.284088e-01
 -2.012405e+00 -7.379304e-01 -2.788786e-01
 -1.753876e+00 -4.065144e-01 -2.981831e-01
 -1.406090e+00 -1.755456e-01 -2.011008e-01
 -1.083728e+00 -9.230487e-02 2.462338e-02
 -9.425742e-01 3.093509e-02 3.479034e-01
 -8.796914e-01 1.304737e-01 7.252185e-01
 -7.280283e-01 1.933999e-01 9.855420e-01
 -4.772109e-01 3.387793e-01 1.220024e+00
 -2.050185e-01 5.393825e-01 1.341269e+00
 6.131628e-02 7.520952e-01 1.339808e+00
 3.101926e-01 9.475035e-01 1.216714e+00
 5.153199e-01 1.121984e+00 9.777007e-01
 6.281741e-01 1.261297e+00 6.532722e-01
 6.487236e-01 1.318711e+00 2.957481e-01
 6.881505e-01 1.342200e+00 1.520928e-01
 7.829434e-01 1.408052e+00 -3.712017e-02
 9.298883e-01 1.635636e+00 -3.338066e-01
 1.027178e+00 1.734705e+00 -7.160992e-01
 1.086275e+00 1.676160e+00 -1.117944e+00
 1.109518e+00 1.467038e+00 -1.466655e+00
 1.099531e+00 1.140496e+00 -1.705241e+00
 1.066585e+00 7.460153e-01 -1.797020e+00
 9.984860e-01 3.554824e-01 -1.733096e+00
 8.848259e-01 4.122892e-02 -1.544944e+00
 7.244104e-01 -1.585142e-01 -1.275227e+00
 5.430854e-01 -2.144939e-01 -1.002962e+00
 4.239651e-01 -1.994419e-01 -6.606310e-01
 3.226518e-01 -3.255434e-01 -3.880626e-01
 -1.290777e-02 -5.831573e-01 -7.426596e-02
 -1.583829e-01 -6.754932e-01 1.621139e-01
 -4.275698e-01 -7.645746e-01 8.517575e-01
 -5.567175e-01 -9.076542e-01 1.081001e+00
 -5.926110e-01 -1.191560e+00 1.377008e+00
 -4.957291e-01 -1.523101e+00 1.587726e+00
 -2.904992e-01 -1.845678e+00 1.684566e+00
 6.424659e-03 -2.102226e+00 1.679148e+00
 3.475083e-01 -2.254599e+00 1.576043e+00
 6.812239e-01 -2.286413e+00 1.390431e+00
 9.615564e-01 -2.197269e+00 1.149831e+00
 1.150801e+00 -2.003324e+00 8.875176e-01
 1.231743e+00 -1.727367e+00 6.515016e-01
 1.201989e+00 -1.408455e+00 4.778742e-01
 1.074920e+00 -1.079220e+00 3.939818e-01
 8.987526e-01 -8.019528e-01 4.237155e-01
 7.020325e-01 -4.290000e-01 6.339593e-01
 5.974159e-01 -2.241499e-01 6.689508e-01
 4.048191e-01 8.266947e-02 5.943013e-01
 1.179296e-01 3.907611e-01 3.799057e-01
 -1.094746e-01 6.402570e-01 3.102969e-01
 -2.056757e-01 7.694964e-01 3.268264e-01
 -4.204454e-01 1.112393e+00 5.045755e-01
 -6.942762e-01 1.385234e+00 5.356625e-01
 -9.362620e-01 1.626444e+00 4.249840e-01
 -1.153173e+00 1.822925e+00 1.823329e-01
 -1.355317e+00 1.889077e+00 -1.451670e-01
 -1.525351e+00 1.806946e+00 -4.946362e-01
 -1.615869e+00 1.600360e+00 -8.108044e-01
 -1.611980e+00 1.300754e+00 -1.059273e+00
 -1.516818e+00 9.516258e-01 -1.203103e+00
 -1.340478e+00 6.057179e-01 -1.224675e+00
 -7.439390e-01 -1.323116e-01 -9.688554e-01
 -5.536108e-01 -3.586244e-01 -9.759020e-01
 -3.443300e-01 -7.250393e-01 -1.075332e+00
 -1.695854e-01 -9.503070e-01 -1.056053e+00
 1.061394e-01 -1.138391e+00 -9.822687e-01
 4.237553e-01 -1.221797e+00 -8.616985e-01
 7.563035e-01 -1.181734e+00 -7.363564e-01
 1.057580e+00 -1.020308e+00 -6.267888e-01
 1.263027e+00 -7.842852e-01 -5.498435e-01
 1.356869e+00 -5.338866e-01 -4.402918e-01
 1.362369e+00 -2.670543e-01 -2.955319e-01
 1.284241e+00 1.031638e-01 9.022286e-03
 1.295540e+00 2.539493e-01 1.147220e-01
 1.356293e+00 4.617969e-01 2.242908e-01
 1.627538e+00 1.046075e+00 4.207869e-01
 1.649015e+00 1.412511e+00 5.036801e-01
 1.536543e+00 1.763886e+00 5.506314e-01
 1.309083e+00 2.052956e+00 5.580087e-01
 1.001036e+00 2.247995e+00 5.134971e-01
 6.605193e-01 2.331827e+00 3.988955e-01
 3.358439e-01 2.295109e+00 2.251241e-01
 8.264653e-02 2.152013e+00 1.364723e-02
 -3.974239e-01 1.506453e+00 -4.684284e-01
 -7.588498e-01 1.113780e+00 -4.876489e-01
 -9.957634e-01 9.383822e-01 -3.258435e-01
 -1.196958e+00 8.791312e-01 -2.196544e-01
 -1.385390e+00 8.655094e-01 -9.558425e-02
 -1.555216e+00 8.135505e-01 7.427636e-02
 -1.721583e+00 6.854299e-01 2.584896e-01
 -1.839917e+00 5.003483e-01 4.275193e-01
