 -1.891920e+00 4.474622e-01 1.164398e+00
 -1.698061e+00 6.080536e-01 1.434797e+00
 -1.399332e+00 7.113380e-01 1.639799e+00
 -1.070489e+00 7.258429e-01 1.749881e+00
 -7.087288e-01 6.783890e-01 1.749923e+00
 -3.618975e-01 5.945465e-01 1.616631e+00
 -1.012083e-01 4.675374e-01 1.383467e+00
 4.142537e-02 3.277574e-01 1.086210e+00
 5.843295e-02 2.836001e-01 8.492352e-01
 5.301341e-02 1.495318e-01 5.644518e-01
 2.002806e-01 -9.509951e-02 2.973048e-01
 7.265282e-01 -3.897752e-01 -1.550700e-01
 8.352378e-01 -6.179893e-01 -3.525903e-01
 8.872584e-01 -8.317841e-01 -4.884317e-01
 9.168242e-01 -1.169188e+00 -5.658607e-01
 8.911656e-01 -1.507078e+00 -5.379451e-01
 8.028055e-01 -1.810894e+00 -4.212002e-01
 6.627471e-01 -2.046701e+00 -2.345596e-01
 4.956866e-01 -2.193572e+00 3.908424e-03
 3.168917e-01 -2.242094e+00 2.671714e-01
 1.436043e-01 -2.192094e+00 5.270755e-01
 -4.808975e-01 -1.617780e+00 1.478270e+00
 -6.489966e-01 -1.380575e+00 1.657399e+00
 -8.017681e-01 -1.094107e+00 1.735884e+00
 -9.350734e-01 -7.894589e-01 1.705156e+00
 -1.028877e+00 -4.926770e-01 1.567812e+00
 -1.054330e+00 -2.347659e-01 1.346834e+00
 -9.858800e-01 -1.162822e-02 1.045301e+00
 -9.453328e-01 1.566922e-01 9.060259e-01
 -9.419051e-01 3.509437e-01 7.984215e-01
 -8.954811e-01 6.879608e-01 7.358510e-01
 -7.194001e-01 1.587614e+00 8.767017e-01
 -5.383762e-01 1.894200e+00 9.051001e-01
 -2.649907e-01 2.127485e+00 8.978048e-01
 6.170032e-02 2.254963e+00 8.558035e-01
 4.031646e-01 2.271051e+00 7.603358e-01
 7.152522e-01 2.171288e+00 6.250149e-01
 9.595876e-01 1.961999e+00 4.786916e-01
 1.121147e+00 1.647356e+00 3.483153e-01
 1.170753e+00 1.295354e+00 2.793450e-01
 1.121755e+00 9.760904e-01 2.895307e-01
 1.002304e+00 6.550859e-01 4.108201e-01
 1.068655e+00 1.949763e-01 7.789116e-01
 9.997176e-01 -8.750082e-02 9.418645e-01
 8.197141e-01 -3.546709e-01 1.067534e+00
 5.510217e-01 -5.558266e-01 1.147158e+00
 2.158631e-01 -6.838009e-01 1.150911e+00
 -1.133932e-01 -7.448697e-01 1.044732e+00
 -3.464379e-01 -7.996061e-01 8.766184e-01
 -5.826111e-01 -9.177359e-01 7.353607e-01
 -1.137444e+00 -1.155694e+00 7.095469e-01
 -1.497133e+00 -1.205481e+00 5.950537e-01
 -1.823762e+00 -1.168759e+00 3.694326e-01
 -2.033543e+00 -1.078273e+00 8.529809e-02
 -2.137712e+00 -9.081387e-01 -2.273023e-01
 -2.117245e+00 -6.867448e-01 -4.979528e-01
 -1.939486e+00 -4.313010e-01 -7.636044e-01
 -1.704326e+00 -2.755159e-01 -9.211066e-01
 -1.416424e+00 -2.148747e-01 -1.031604e+00
 -1.073817e+00 -2.961024e-01 -1.161460e+00
 -6.949558e-01 -5.473436e-01 -1.589129e+00
 -4.702840e-01 -6.598809e-01 -1.718874e+00
 -1.889305e-01 -7.287913e-01 -1.797665e+00
 1.102812e-01 -7.397425e-01 -1.812019e+00
 4.013791e-01 -6.905802e-01 -1.762271e+00
 6.569492e-01 -5.852865e-01 -1.655232e+00
 1.302663e+00 -1.315913e-01 -1.125524e+00
 1.510666e+00 -1.157602e-02 -8.056349e-01
 1.563614e+00 6.803096e-02 -5.086381e-01
 1.618195e+00 1.686768e-01 -2.992014e-01
 1.942561e+00 3.597508e-01 1.134794e-01
 2.038869e+00 5.427238e-01 4.483868e-01
 1.987626e+00 7.351241e-01 7.763400e-01
 1.800686e+00 9.196808e-01 1.049356e+00
 1.502349e+00 1.063278e+00 1.236806e+00
 1.134266e+00 1.170640e+00 1.302441e+00
 7.592800e-01 1.241177e+00 1.224758e+00
 4.356378e-01 1.263161e+00 1.017198e+00
 2.615086e-01 1.262896e+00 7.650491e-01
 1.695839e-01 1.286192e+00 4.826503e-01
 7.675773e-02 1.560935e+00 6.887368e-02
 6.347555e-02 1.650176e+00 -2.193742e-01
 5.094349e-02 1.645113e+00 -5.394387e-01
 4.360043e-02 1.540724e+00 -8.426327e-01
 4.144288e-02 1.310813e+00 -1.146620e+00
 5.347515e-02 1.052629e+00 -1.324227e+00
 7.798996e-02 7.693232e-01 -1.398475e+00
 7.630405e-02 4.485783e-01 -1.367186e+00
 3.640356e-02 1.059752e-01 -1.222560e+00
 3.851584e-03 -2.370684e-01 -9.047564e-01
 -1.306767e-01 -6.237807e-01 -6.765246e-01
 -1.394888e-01 -8.413501e-01 -5.013287e-01
 -8.748888e-02 -1.056120e+00 -2.189950e-01
 1.361409e-01 -1.223137e+00 9.327964e-02
 3.642279e-01 -1.230911e+00 2.999593e-01
 5.630486e-01 -1.249738e+00 3.918698e-01
 8.493953e-01 -1.230579e+00 4.556377e-01
 1.139502e+00 -1.177829e+00 4.395195e-01
 1.407468e+00 -1.090150e+00 3.476181e-01
 2.299498e+00 -5.963979e-01 -2.799042e-01
 2.472870e+00 -3.814533e-01 -4.662192e-01
 2.553640e+00 -1.101449e-01 -6.368966e-01
 2.536439e+00 1.930650e-01 -7.695286e-01
 2.418946e+00 4.958561e-01 -8.542676e-01
 2.204606e+00 7.546129e-01 -9.021537e-01
 1.916075e+00 9.373461e-01 -9.072638e-01
 1.584811e+00 1.021310e+00 -8.690598e-01
 1.248127e+00 9.923860e-01 -7.995991e-01
 7.651920e-01 7.751062e-01 -6.290482e-01
 3.500782e-01 6.566054e-01 -3.948999e-01
 -4.008639e-02 6.441321e-01 -3.497398e-01
 -3.713169e-01 6.697363e-01 -4.607805e-01
 -7.020392e-01 6.910040e-01 -7.318955e-01
 -1.058870e+00 7.059306e-01 -1.377115e+00
 -1.235807e+00 5.773322e-01 -1.682253e+00
 -1.412608e+00 3.304573e-01 -1.911929e+00
 -1.567076e+00 -1.257060e-03 -2.028890e+00
 -1.679973e+00 -3.707606e-01 -2.012019e+00
 -1.726710e+00 -7.234974e-01 -1.865099e+00
 -1.673482e+00 -1.021984e+00 -1.620207e+00
 -1.535904e+00 -1.208991e+00 -1.316479e+00
 -1.363730e+00 -1.259585e+00 -9.534497e-01
 -1.207757e+00 -1.159107e+00 -6.307780e-01
 -1.123643e+00 -9.290463e-01 -3.408649e-01
 -1.110880e+00 -6.416948e-01 -1.692972e-01
 -1.290535e+00 -3.398264e-01 2.773849e-02
 -1.709382e+00 -8.911183e-02 2.805760e-01
 -1.894500e+00 7.216159e-02 5.401820e-01
 -1.960557e+00 2.607126e-01 8.518234e-01
