 -9.813473e-02 -2.224850e-01 2.380734e+00
 -3.251776e-01 8.728621e-02 2.431208e+00
 -5.692852e-01 3.791520e-01 2.336899e+00
 -7.950745e-01 6.084015e-01 2.111406e+00
 -1.331912e+00 1.050065e+00 1.071553e+00
 -1.372043e+00 1.155961e+00 7.299713e-01
 -1.302786e+00 1.213055e+00 3.912961e-01
 -1.132595e+00 1.220337e+00 9.302912e-02
 -8.760925e-01 1.196058e+00 -1.258266e-01
 -6.408306e-01 1.171411e+00 -2.077875e-01
 -3.245569e-01 1.210743e+00 -2.235527e-01
 -7.532247e-03 1.359848e+00 -2.232850e-01
 2.819092e-01 1.742622e+00 -2.965872e-01
 3.805519e-01 2.177365e+00 -4.960212e-01
 2.824620e-01 2.542800e+00 -8.001884e-01
 2.146165e-02 2.753727e+00 -1.148257e+00
 -3.458441e-01 2.765482e+00 -1.463435e+00
 -7.276341e-01 2.573517e+00 -1.683970e+00
 -1.023213e+00 2.213674e+00 -1.783790e+00
 -1.178321e+00 1.763461e+00 -1.735746e+00
 -1.163275e+00 1.337087e+00 -1.549485e+00
 -9.570826e-01 9.942816e-01 -1.321899e+00
 -6.829496e-01 8.393848e-01 -1.156160e+00
 -4.048453e-01 7.698279e-01 -1.121962e+00
 -2.801621e-01 7.316001e-01 -1.130575e+00
 -1.521488e-01 6.609406e-01 -1.156218e+00
 1.461478e-02 5.138265e-01 -1.191798e+00
 1.389204e-01 3.382828e-01 -1.211477e+00
 2.248404e-01 1.486713e-01 -1.198740e+00
 2.964958e-01 -5.297306e-02 -1.129732e+00
 3.579626e-01 -2.371648e-01 -1.016376e+00
 4.022849e-01 -3.836962e-01 -8.750810e-01
 4.239306e-01 -5.560216e-01 -6.438258e-01
 4.677889e-01 -7.064831e-01 -5.052218e-01
 5.509807e-01 -9.390924e-01 -3.990627e-01
 5.171381e-01 -1.301650e+00 -2.902013e-01
 3.520939e-01 -1.612300e+00 -1.504142e-01
 -4.655317e-01 -2.305056e+00 1.974736e-01
 -6.829543e-01 -2.426602e+00 3.467164e-01
 -8.862125e-01 -2.484194e+00 5.464070e-01
 -1.060113e+00 -2.471742e+00 7.785846e-01
 -1.192300e+00 -2.389378e+00 1.022718e+00
 -1.274181e+00 -2.243237e+00 1.257554e+00
 -1.301592e+00 -2.044721e+00 1.463073e+00
 -1.274669e+00 -1.802925e+00 1.626151e+00
 -1.189956e+00 -1.500919e+00 1.743472e+00
 -1.092284e+00 -1.240668e+00 1.779956e+00
 -9.471429e-01 -8.967878e-01 1.740066e+00
 -6.627747e-01 -2.832602e-01 1.522191e+00
 -4.395910e-01 -4.773810e-02 1.418764e+00
 -1.480176e-01 1.131107e-01 1.410102e+00
 2.617537e-01 1.684939e-01 1.228275e+00
 6.329419e-01 3.645286e-02 9.923458e-01
 8.979671e-01 -2.644663e-01 7.623665e-01
 1.029816e+00 -8.104508e-01 4.962949e-01
 1.256009e+00 -1.044121e+00 3.558112e-01
 1.572004e+00 -1.164315e+00 2.091876e-01
 1.906968e+00 -1.146535e+00 1.847426e-02
 2.221482e+00 -9.696783e-01 -1.972338e-01
 2.410309e+00 -6.839952e-01 -4.058132e-01
 2.446739e+00 -3.371893e-01 -6.046928e-01
 2.323372e+00 3.629782e-02 -7.518912e-01
 2.056162e+00 3.655261e-01 -8.199453e-01
 1.690546e+00 5.853965e-01 -7.868741e-01
 1.288896e+00 6.578622e-01 -6.574422e-01
 3.621035e-01 4.139332e-01 -2.112311e-01
 -5.714193e-02 2.389237e-01 -2.060263e-01
 -4.235865e-01 3.020204e-02 -3.910915e-01
 -6.514787e-01 -1.456544e-01 -7.494510e-01
 -7.339146e-01 -2.017966e-01 -1.161067e+00
 -7.093636e-01 -1.015342e-01 -1.585808e+00
 -6.041205e-01 1.568576e-01 -1.930852e+00
 -4.624544e-01 5.340731e-01 -2.123965e+00
 -3.214607e-01 9.573501e-01 -2.129218e+00
 -2.015801e-01 1.328523e+00 -1.956365e+00
 -1.609674e-01 1.600406e+00 -1.659530e+00
 -2.129708e-01 1.738086e+00 -1.350866e+00
 -3.474689e-01 1.791645e+00 -1.115642e+00
 -4.865717e-01 1.863941e+00 -9.779910e-01
 -6.033012e-01 2.008273e+00 -7.960531e-01
 -6.514441e-01 2.143523e+00 -5.219316e-01
 -6.429033e-01 2.192668e+00 -1.897257e-01
 -5.930242e-01 2.135331e+00 1.361032e-01
 -5.189904e-01 1.974706e+00 4.292143e-01
 -4.449143e-01 1.749380e+00 6.327645e-01
 -3.814305e-01 1.444228e+00 7.645165e-01
 -3.515448e-01 1.134589e+00 7.871734e-01
 -3.834802e-01 8.596050e-01 7.316412e-01
 -5.201696e-01 6.021744e-01 6.170969e-01
 -7.559951e-01 3.278848e-01 5.375660e-01
 -8.893668e-01 7.184486e-02 5.200147e-01
 -1.113091e+00 -5.095949e-01 6.335879e-01
 -1.136665e+00 -7.460337e-01 6.960560e-01
 -1.089395e+00 -1.012859e+00 7.438459e-01
 -9.752944e-01 -1.236008e+00 7.737849e-01
 -7.450977e-01 -1.458476e+00 8.305221e-01
 -6.360431e-01 -1.553718e+00 8.828976e-01
 -4.029082e-01 -1.716337e+00 1.023543e+00
 2.191258e-02 -1.868348e+00 1.086655e+00
 4.945405e-01 -1.819098e+00 1.165981e+00
 1.367528e+00 -1.264234e+00 1.357979e+00
 1.627068e+00 -1.012209e+00 1.316098e+00
 1.826981e+00 -7.476494e-01 1.157058e+00
 1.950507e+00 -4.790858e-01 8.729829e-01
 1.944529e+00 -2.785405e-01 5.671889e-01
 1.828463e+00 -1.487372e-01 2.719269e-01
 1.673830e+00 -1.314918e-01 4.151009e-02
 1.511762e+00 -2.206203e-01 -1.787964e-01
 1.431375e+00 -3.281561e-01 -3.734009e-01
 1.435078e+00 -5.770286e-01 -8.114212e-01
 1.299204e+00 -8.485623e-01 -1.098681e+00
 1.024676e+00 -1.087407e+00 -1.294424e+00
 6.578602e-01 -1.252268e+00 -1.367669e+00
 2.539140e-01 -1.317220e+00 -1.308428e+00
 -1.143482e-01 -1.291582e+00 -1.114552e+00
 -3.769699e-01 -1.198430e+00 -8.021019e-01
 -4.872672e-01 -1.071308e+00 -4.046641e-01
 -4.160918e-01 -9.156623e-01 -4.553882e-02
 -1.136780e-01 -7.278655e-01 4.308302e-01
 1.407057e-01 -8.563588e-01 1.232651e+00
 1.998494e-01 -8.512241e-01 1.524476e+00
 1.854983e-01 -7.284955e-01 1.894904e+00
 7.952690e-02 -5.067165e-01 2.194415e+00
