 7.373269e-01 -2.327019e+00 -7.408348e-01
 6.984801e-01 -2.103187e+00 -9.827473e-01
 6.765861e-01 -1.807009e+00 -1.138001e+00
 6.922573e-01 -1.545073e+00 -1.173865e+00
 7.785161e-01 -1.322648e+00 -1.158352e+00
 9.022759e-01 -1.121903e+00 -1.182410e+00
 1.250773e+00 -7.850015e-01 -1.308570e+00
 1.503469e+00 -4.615431e-01 -1.264535e+00
 1.658448e+00 -1.249978e-01 -1.097456e+00
 1.699007e+00 1.664795e-01 -8.333014e-01
 1.613008e+00 3.893151e-01 -5.057250e-01
 1.447039e+00 4.917120e-01 -2.320149e-01
 1.177249e+00 4.805827e-01 6.036732e-02
 8.835352e-01 3.078928e-01 3.145912e-01
 6.799321e-01 6.057238e-02 4.433714e-01
 6.876126e-01 -3.595496e-01 6.195918e-01
 6.923879e-01 -5.484996e-01 6.284731e-01
 6.290197e-01 -7.799467e-01 6.393751e-01
 5.098926e-01 -9.864147e-01 6.820775e-01
 1.740706e-01 -1.301773e+00 8.016476e-01
 -2.068620e-01 -1.463235e+00 1.279406e+00
 -5.035722e-01 -1.217699e+00 1.842325e+00
 -5.752815e-01 -6.387348e-01 2.220957e+00
 -1.891596e-01 6.575475e-01 2.289456e+00
 -7.703200e-02 9.945919e-01 2.186783e+00
 3.423641e-02 1.323804e+00 1.944747e+00
 1.270912e-01 1.514226e+00 1.639180e+00
 2.081958e-01 1.579538e+00 1.281900e+00
 2.662836e-01 1.512801e+00 9.333172e-01
 2.536151e-01 1.347724e+00 6.309773e-01
 -3.360672e-02 6.085305e-01 -1.021995e-01
 -8.407599e-01 8.094032e-02 -9.689909e-01
 -1.220274e+00 3.145565e-02 -1.170169e+00
 -1.627774e+00 1.647001e-01 -1.309288e+00
 -1.968325e+00 4.569362e-01 -1.350882e+00
 -2.176155e+00 8.515968e-01 -1.286924e+00
 -2.211195e+00 1.272333e+00 -1.129810e+00
 -2.066962e+00 1.637513e+00 -9.101330e-01
 -1.774503e+00 1.874906e+00 -6.564502e-01
 -1.383791e+00 1.933075e+00 -4.173168e-01
 -1.014679e+00 1.822256e+00 -2.924614e-01
 -7.110943e-01 1.678301e+00 -3.318538e-01
 -5.051375e-01 1.603468e+00 -4.129807e-01
 6.936779e-02 1.324810e+00 -8.392771e-01
 3.596334e-01 1.020802e+00 -9.690635e-01
 5.576244e-01 6.302296e-01 -9.600423e-01
 7.061100e-01 -6.901957e-02 -6.825028e-01
 8.863857e-01 -3.830495e-01 -4.448908e-01
 1.191831e+00 -5.183021e-01 -2.658108e-01
 1.495493e+00 -5.080665e-01 5.452311e-04
 1.683042e+00 -3.657565e-01 3.724094e-01
 1.688331e+00 -1.608342e-01 7.502554e-01
 1.519881e+00 6.581382e-02 1.080522e+00
 1.203208e+00 2.748415e-01 1.307689e+00
 8.037741e-01 4.542998e-01 1.377073e+00
 -8.879917e-02 5.973843e-01 1.233795e+00
 -9.073860e-01 6.047245e-01 1.405015e+00
 -1.305372e+00 6.744806e-01 1.336349e+00
 -1.646099e+00 7.528538e-01 1.108731e+00
 -1.864966e+00 8.268264e-01 7.617029e-01
 -1.925841e+00 8.827326e-01 3.522891e-01
 -1.819712e+00 9.048088e-01 -5.001896e-02
 -1.368500e+00 9.121909e-01 -6.229907e-01
 -1.196205e+00 1.061284e+00 -9.842589e-01
 -1.082308e+00 1.370567e+00 -1.245382e+00
 -9.139435e-01 1.810591e+00 -1.338397e+00
 -7.153457e-01 2.225226e+00 -1.212336e+00
 -5.325810e-01 2.529871e+00 -8.959570e-01
 -4.141771e-01 2.664609e+00 -4.545422e-01
 -3.863808e-01 2.600006e+00 1.720055e-02
 -4.559165e-01 2.349680e+00 4.176680e-01
 -6.061257e-01 1.973375e+00 6.565568e-01
 -7.555700e-01 1.530167e+00 6.880435e-01
 -8.998994e-01 9.044728e-01 4.198788e-01
 -9.154308e-01 7.222981e-01 3.909989e-01
 -9.516117e-01 5.613002e-01 3.797162e-01
 -1.218455e+00 -1.232185e-01 1.389660e-01
 -1.242605e+00 -4.492056e-01 5.965177e-02
 -1.173474e+00 -7.786637e-01 7.217070e-03
 -1.014278e+00 -1.077522e+00 -2.416742e-02
 -7.343831e-01 -1.363133e+00 -5.154055e-02
 -4.516636e-01 -1.516530e+00 -8.387451e-02
 -1.489187e-01 -1.578363e+00 -1.332376e-01
 3.433749e-01 -1.528350e+00 -1.934843e-01
 8.760829e-01 -1.465022e+00 -1.547572e-01
 1.297345e+00 -1.578247e+00 -2.995626e-01
 1.626353e+00 -1.718881e+00 -7.101805e-01
 1.706622e+00 -1.787484e+00 -1.245143e+00
 1.532053e+00 -1.731608e+00 -1.758146e+00
 1.161699e+00 -1.541317e+00 -2.104194e+00
 6.835428e-01 -1.288003e+00 -2.192743e+00
 2.371282e-01 -1.046692e+00 -1.998300e+00
 -5.062015e-02 -8.756911e-01 -1.583211e+00
 -1.501697e-01 -5.244775e-01 -5.973054e-02
 -3.060095e-01 -4.190466e-01 4.604459e-01
 -3.172276e-01 -3.762947e-01 7.370000e-01
 -2.570610e-01 -3.794488e-01 1.015251e+00
 -1.244604e-01 -4.109030e-01 1.257546e+00
 1.244756e-01 -4.425573e-01 1.450773e+00
 3.761174e-01 -6.455533e-01 1.644940e+00
 6.523783e-01 -1.002204e+00 1.712274e+00
 8.627934e-01 -1.401688e+00 1.587642e+00
 9.603811e-01 -1.755732e+00 1.296796e+00
 8.582916e-01 -2.416002e+00 2.103588e-01
 8.117343e-01 -2.491746e+00 -1.158850e-01
 7.722964e-01 -2.460200e+00 -4.429428e-01
