 -5.236523e-01 1.840713e+00 -6.128745e-01
 -4.918604e-01 2.022101e+00 -1.268411e+00
 -4.009431e-01 1.959279e+00 -1.701075e+00
 -2.923191e-01 1.706341e+00 -2.069511e+00
 -1.866264e-01 1.305983e+00 -2.288055e+00
 -1.055081e-01 8.420961e-01 -2.302075e+00
 -6.526188e-02 4.210004e-01 -2.109961e+00
 -7.459852e-02 1.315221e-01 -1.769477e+00
 -1.274945e-01 1.433348e-02 -1.373155e+00
 -1.847233e-01 5.909304e-02 -9.747006e-01
 -2.612168e-01 2.606251e-01 -6.235184e-01
 -4.567738e-01 6.812385e-01 -3.167583e-01
 -6.908800e-01 8.363813e-01 5.524071e-02
 -8.052518e-01 8.364391e-01 4.866940e-01
 -8.561719e-01 6.536478e-01 8.997145e-01
 -8.634236e-01 3.646595e-01 1.172590e+00
 -8.485905e-01 2.321730e-02 1.310538e+00
 -7.814219e-01 -7.490375e-01 1.337959e+00
 -7.114452e-01 -1.131478e+00 1.326641e+00
 -5.724795e-01 -1.406625e+00 1.304484e+00
 -3.478222e-01 -1.643092e+00 1.261444e+00
 -9.282576e-02 -1.779110e+00 1.209023e+00
 1.171045e-01 -1.811820e+00 1.175269e+00
 3.535858e-01 -1.798245e+00 1.195749e+00
 6.277944e-01 -1.839017e+00 1.290114e+00
 9.722848e-01 -2.038549e+00 1.305774e+00
 1.301054e+00 -2.265895e+00 1.123029e+00
 1.541800e+00 -2.406740e+00 7.879890e-01
 1.669310e+00 -2.429145e+00 3.516551e-01
 1.656939e+00 -2.317681e+00 -6.741005e-02
 1.541946e+00 -2.061770e+00 -4.128670e-01
 1.328297e+00 -1.688601e+00 -6.152018e-01
 1.063695e+00 -1.282100e+00 -5.996498e-01
 8.499256e-01 -9.364123e-01 -3.651202e-01
 7.979552e-01 -6.843114e-01 -3.266964e-02
 1.021655e+00 -4.413418e-01 5.262594e-01
 1.009504e+00 -1.545098e-01 8.725000e-01
 8.813592e-01 2.130782e-01 1.087302e+00
 6.737248e-01 6.020871e-01 1.126620e+00
 4.316196e-01 9.323520e-01 9.833356e-01
 2.252929e-01 1.176279e+00 6.789267e-01
 1.577930e-01 1.277446e+00 3.628075e-01
 2.367618e-01 1.354999e+00 7.744679e-05
 4.124876e-01 1.569486e+00 -2.781371e-01
 4.930093e-01 1.870789e+00 -4.468775e-01
 4.230631e-01 2.254684e+00 -5.774553e-01
 1.872275e-01 2.611428e+00 -6.395388e-01
 -1.122117e-01 2.822514e+00 -6.479154e-01
 -4.794894e-01 2.908212e+00 -6.568251e-01
 -8.466151e-01 2.851286e+00 -6.695839e-01
 -1.167111e+00 2.662745e+00 -6.702847e-01
 -1.398488e+00 2.375536e+00 -6.680595e-01
 -1.523096e+00 2.024475e+00 -6.548673e-01
 -1.523251e+00 1.331835e+00 -6.155410e-01
 -1.450236e+00 5.523139e-01 -5.809059e-01
 -1.350003e+00 3.215822e-01 -6.144805e-01
 -1.256473e+00 8.078322e-02 -7.056006e-01
 -1.126937e+00 -2.883029e-01 -7.278842e-01
 -9.159613e-01 -5.799950e-01 -6.477802e-01
 -5.880336e-01 -8.801169e-01 -4.093784e-01
 -2.828533e-01 -1.063923e+00 -5.307763e-02
 -2.094196e-02 -1.051270e+00 4.101426e-01
 1.862166e-01 -8.265500e-01 9.275329e-01
 2.575529e-01 -7.867085e-01 1.303326e+00
 2.366715e-01 -9.244136e-01 1.722941e+00
 1.897865e-01 -1.258282e+00 2.057191e+00
 1.483060e-01 -1.711868e+00 2.205147e+00
 1.388122e-01 -2.165609e+00 2.140916e+00
 1.726740e-01 -2.537470e+00 1.899113e+00
 2.417319e-01 -2.767190e+00 1.534360e+00
 3.238700e-01 -2.821783e+00 1.109864e+00
 4.311992e-01 -2.694198e+00 7.079295e-01
 5.672722e-01 -2.416146e+00 4.074898e-01
 7.111648e-01 -2.052741e+00 2.739879e-01
 8.791701e-01 -1.747915e+00 3.128874e-01
 1.106268e+00 -1.562131e+00 4.014768e-01
 1.427455e+00 -1.418829e+00 3.869218e-01
 1.679290e+00 -1.232859e+00 2.414555e-01
 1.825999e+00 -9.415325e-01 9.577636e-03
 1.820372e+00 -6.167685e-01 -2.191731e-01
 1.703351e+00 -3.442484e-01 -3.923425e-01
 1.199121e+00 1.765771e-01 -7.473960e-01
 1.084260e+00 2.852720e-01 -8.202696e-01
 6.610471e-01 6.817757e-01 -1.026304e+00
 2.687968e-01 9.629152e-01 -1.190035e+00
 -9.617229e-02 1.049750e+00 -1.275144e+00
 -4.106653e-01 9.993548e-01 -1.326865e+00
 -7.925171e-01 8.486148e-01 -1.445404e+00
 -1.394447e+00 5.790455e-01 -1.602088e+00
 -1.706344e+00 4.296496e-01 -1.566017e+00
 -1.993099e+00 2.539925e-01 -1.406657e+00
 -2.190230e+00 6.979686e-02 -1.142549e+00
 -2.265458e+00 -9.786304e-02 -8.074060e-01
 -2.204095e+00 -2.244536e-01 -4.505135e-01
 -2.015002e+00 -2.926142e-01 -1.253208e-01
 -1.717252e+00 -2.952998e-01 1.295771e-01
 -1.416248e+00 -2.618439e-01 2.577625e-01
 -5.647607e-01 -1.596506e-01 3.380795e-01
 -1.383416e-01 3.765220e-03 4.020446e-01
 1.618745e-01 1.484388e-01 3.404434e-01
 4.436216e-01 3.298621e-01 1.457795e-01
 7.197099e-01 4.570484e-01 9.734405e-02
 9.901412e-01 6.695567e-01 1.467920e-01
 1.184576e+00 1.043901e+00 2.725298e-01
 1.178987e+00 1.488835e+00 4.318020e-01
 9.655484e-01 1.909103e+00 5.318486e-01
 5.696508e-01 2.217104e+00 5.251493e-01
 1.009553e-01 2.313796e+00 4.125010e-01
 -3.298212e-01 2.208627e+00 1.572748e-01
 -5.331983e-01 2.008694e+00 -1.627566e-01
