 -8.127557e-01 1.187305e+00 2.180318e+00
 -4.546791e-01 1.272320e+00 2.237598e+00
 -7.487684e-02 1.260513e+00 2.189751e+00
 2.662972e-01 1.168309e+00 2.027933e+00
 5.155331e-01 1.005334e+00 1.778345e+00
 6.714930e-01 7.238483e-01 1.419836e+00
 8.140539e-01 5.787156e-01 1.256481e+00
 1.035843e+00 4.520375e-01 1.149083e+00
 1.214229e+00 4.240063e-01 1.044233e+00
 1.422525e+00 4.501324e-01 8.393603e-01
 1.572293e+00 5.234232e-01 5.663732e-01
 1.632632e+00 6.133028e-01 2.699023e-01
 1.591913e+00 6.864760e-01 -1.146417e-02
 1.467786e+00 7.218862e-01 -2.795175e-01
 1.267679e+00 7.184123e-01 -5.101281e-01
 1.000427e+00 7.055631e-01 -6.747808e-01
 6.990125e-01 6.710031e-01 -7.538211e-01
 2.694663e-01 5.762955e-01 -7.421444e-01
 6.385761e-02 5.297164e-01 -8.044030e-01
 -2.400913e-01 5.393194e-01 -9.549280e-01
 -5.540505e-01 4.730117e-01 -1.215386e+00
 -7.334347e-01 2.960087e-01 -1.365701e+00
 -8.117416e-01 4.110124e-02 -1.499967e+00
 -8.386550e-01 -6.894613e-02 -1.598822e+00
 -9.981691e-01 -3.348432e-01 -1.824298e+00
 -1.092439e+00 -6.870209e-01 -1.947468e+00
 -1.066875e+00 -1.079203e+00 -1.986960e+00
 -9.182388e-01 -1.441016e+00 -1.939817e+00
 -6.630025e-01 -1.719802e+00 -1.820167e+00
 -3.379597e-01 -1.871125e+00 -1.652096e+00
 9.652691e-03 -1.872414e+00 -1.467683e+00
 8.864720e-01 -1.474132e+00 -1.026950e+00
 1.070878e+00 -1.340285e+00 -8.895436e-01
 1.220722e+00 -1.168661e+00 -7.143988e-01
 1.304089e+00 -9.900821e-01 -5.440405e-01
 1.325118e+00 -7.891547e-01 -3.724724e-01
 1.278169e+00 -5.671368e-01 -2.107644e-01
 1.166081e+00 -3.494213e-01 -8.599573e-02
 7.379104e-01 1.304913e-01 1.325824e-01
 6.003665e-01 4.317863e-01 2.304513e-01
 6.267297e-01 8.343914e-01 2.849714e-01
 7.686141e-01 1.143901e+00 4.135850e-01
 9.875402e-01 1.359207e+00 6.242202e-01
 1.220683e+00 1.449545e+00 9.172487e-01
 1.418411e+00 1.405508e+00 1.242285e+00
 1.547893e+00 1.235017e+00 1.566095e+00
 1.580740e+00 9.706999e-01 1.836540e+00
 1.494436e+00 6.668369e-01 2.034895e+00
 1.303847e+00 3.482722e-01 2.133362e+00
 1.051492e+00 5.279066e-02 2.102038e+00
 7.724009e-01 -1.706170e-01 1.945955e+00
 4.247586e-01 -3.057664e-01 1.640740e+00
 2.169001e-01 -4.169152e-01 1.525996e+00
 -7.883726e-03 -5.785316e-01 1.496213e+00
 -1.233443e-01 -7.468920e-01 1.465374e+00
 -2.139542e-01 -1.004447e+00 1.361369e+00
 -2.413367e-01 -1.265769e+00 1.177555e+00
 -2.141939e-01 -1.471285e+00 9.417794e-01
 -1.535082e-01 -1.583463e+00 6.809779e-01
 -8.535721e-02 -1.608253e+00 3.929531e-01
 -1.280934e-02 -1.539581e+00 1.028201e-01
 8.794719e-02 -1.385600e+00 -1.543038e-01
 1.926608e-01 -1.157968e+00 -3.491832e-01
 3.176064e-01 -7.657459e-01 -5.125126e-01
 3.705180e-01 -6.023531e-01 -6.542774e-01
 5.081925e-01 -4.201215e-01 -9.081476e-01
 5.685084e-01 -2.339589e-01 -1.278384e+00
 4.738503e-01 -6.179223e-02 -1.508446e+00
 2.718752e-01 6.316208e-02 -1.686252e+00
 1.773826e-01 9.597352e-02 -1.797996e+00
 -9.646935e-03 2.594509e-01 -2.100027e+00
 -2.891637e-01 4.463271e-01 -2.286328e+00
 -6.506112e-01 5.903141e-01 -2.352982e+00
 -1.034170e+00 6.559133e-01 -2.289629e+00
 -1.387980e+00 6.235878e-01 -2.111706e+00
 -1.656798e+00 4.944381e-01 -1.849131e+00
 -1.802259e+00 2.822379e-01 -1.543964e+00
 -1.807786e+00 -4.428299e-01 -7.582286e-01
 -1.748216e+00 -6.144491e-01 -5.191034e-01
 -1.630797e+00 -7.449041e-01 -2.680514e-01
 -1.490517e+00 -8.137120e-01 -7.352770e-02
 -1.309591e+00 -8.443100e-01 9.782134e-02
 -1.088999e+00 -8.379718e-01 2.369373e-01
 -8.522865e-01 -7.971558e-01 3.229284e-01
 -2.377717e-01 -5.940912e-01 4.108452e-01
 1.038500e-01 -5.812429e-01 4.853993e-01
 4.522268e-01 -7.663421e-01 5.944329e-01
 6.701877e-01 -9.729852e-01 8.061628e-01
 7.731321e-01 -1.163641e+00 1.111083e+00
 7.650424e-01 -1.274954e+00 1.479374e+00
 6.578650e-01 -1.284072e+00 1.846828e+00
 4.712852e-01 -1.181695e+00 2.171136e+00
 2.442311e-01 -9.805393e-01 2.397898e+00
 3.333439e-02 -6.950755e-01 2.508869e+00
 -1.491582e-01 -3.601879e-01 2.487680e+00
 -2.921399e-01 -3.714074e-02 2.328694e+00
 -3.696327e-01 2.257555e-01 2.056073e+00
 -3.518653e-01 4.457437e-01 1.633758e+00
 -3.630646e-01 6.179187e-01 1.437289e+00
 -4.051285e-01 8.601671e-01 1.305536e+00
 -5.038189e-01 1.016852e+00 1.213453e+00
 -6.980323e-01 1.165057e+00 1.053101e+00
 -9.308093e-01 1.232865e+00 8.428497e-01
 -1.142758e+00 1.211517e+00 6.119789e-01
 -1.289657e+00 1.111201e+00 3.818016e-01
 -1.364991e+00 9.538040e-01 1.397989e-01
 -1.358507e+00 7.528741e-01 -8.963505e-02
 -1.287537e+00 5.036172e-01 -2.687458e-01
 -1.150464e+00 2.430643e-01 -3.802248e-01
 -8.811698e-01 -8.993479e-02 -4.357494e-01
 -7.686508e-01 -2.650166e-01 -5.296214e-01
 -6.863204e-01 -5.540713e-01 -6.901000e-01
 -5.773960e-01 -8.280485e-01 -9.884447e-01
 -4.086133e-01 -9.157850e-01 -1.208917e+00
 -2.253765e-01 -8.812534e-01 -1.431869e+00
 -1.635775e-01 -8.655129e-01 -1.566105e+00
 2.319533e-02 -9.085967e-01 -1.880057e+00
 2.688065e-01 -8.630663e-01 -2.122419e+00
 5.312837e-01 -7.079250e-01 -2.307676e+00
 7.617032e-01 -4.633376e-01 -2.412609e+00
 9.293300e-01 -1.563094e-01 -2.433724e+00
 1.014421e+00 1.748267e-01 -2.372040e+00
 1.008628e+00 4.905643e-01 -2.238521e+00
 9.102293e-01 7.603540e-01 -2.055073e+00
 3.389590e-01 1.376393e+00 -1.406492e+00
 1.760485e-01 1.496601e+00 -1.164456e+00
 1.714780e-02 1.548986e+00 -8.715985e-01
 -1.076893e-01 1.510527e+00 -6.002507e-01
 -2.138853e-01 1.386592e+00 -3.406296e-01
 -2.945841e-01 1.193635e+00 -1.305748e-01
 -3.967657e-01 6.259487e-01 2.228276e-01
 -5.349703e-01 3.780007e-01 4.195518e-01
 -8.499234e-01 2.237689e-01 6.294447e-01
 -1.116371e+00 2.237367e-01 8.805763e-01
 -1.309521e+00 3.443272e-01 1.176005e+00
 -1.377634e+00 5.433659e-01 1.497205e+00
 -1.310790e+00 7.761292e-01 1.792254e+00
 -1.111646e+00 1.006372e+00 2.032617e+00
