 -4.042459e-01 -1.821587e+00 -8.649914e-01
 -1.235880e-01 -1.584385e+00 -7.334229e-01
 5.376687e-02 -1.340090e+00 -4.903671e-01
 9.877336e-02 -1.151665e+00 -2.001544e-01
 7.238256e-02 -1.075072e+00 7.584931e-02
 4.676352e-02 -1.076910e+00 3.268245e-01
 3.825559e-02 -1.204944e+00 7.370974e-01
 7.426091e-02 -1.197312e+00 1.088094e+00
 1.247724e-01 -1.071268e+00 1.412594e+00
 1.993595e-01 -8.474731e-01 1.668515e+00
 3.059246e-01 -5.374605e-01 1.831155e+00
 4.064644e-01 -2.089925e-01 1.868392e+00
 4.721540e-01 1.280740e-01 1.788133e+00
 4.755285e-01 4.336162e-01 1.604329e+00
 4.214162e-01 6.626145e-01 1.337328e+00
 3.220879e-01 7.871536e-01 1.012960e+00
 2.043612e-01 7.871292e-01 6.829771e-01
 -4.121773e-02 6.328309e-01 2.561295e-01
 -1.458605e-01 6.298380e-01 9.479239e-02
 -3.635266e-01 7.358812e-01 -2.243535e-01
 -5.105340e-01 8.581453e-01 -5.829587e-01
 -5.870091e-01 8.905018e-01 -9.318268e-01
 -5.877117e-01 8.506990e-01 -1.243840e+00
 -5.191730e-01 7.530910e-01 -1.530301e+00
 -3.876442e-01 6.126406e-01 -1.767016e+00
 -2.049147e-01 4.470665e-01 -1.936925e+00
 1.390011e-02 2.745131e-01 -2.030566e+00
 2.836249e-01 9.435736e-02 -2.048215e+00
 5.424281e-01 -3.984779e-02 -1.988951e+00
 7.948847e-01 -1.267932e-01 -1.863919e+00
 1.514120e+00 -2.331138e-01 -1.296376e+00
 1.663786e+00 -2.853082e-01 -1.110992e+00
 1.766459e+00 -3.653628e-01 -9.011209e-01
 1.822539e+00 -4.870456e-01 -6.341000e-01
 1.797423e+00 -6.047219e-01 -3.803746e-01
 1.699512e+00 -7.140148e-01 -1.544274e-01
 1.547348e+00 -8.171720e-01 1.842427e-02
 1.407314e+00 -8.964896e-01 9.772195e-02
 1.206310e+00 -1.046929e+00 1.430952e-01
 1.082556e+00 -1.224022e+00 1.875271e-01
 9.232666e-01 -1.613180e+00 2.376103e-01
 6.670258e-01 -1.893581e+00 2.366209e-01
 3.256659e-01 -2.064299e+00 2.121161e-01
 -4.328985e-02 -2.096750e+00 1.921772e-01
 -3.961314e-01 -1.988400e+00 1.737401e-01
 -6.854551e-01 -1.759762e+00 1.197876e-01
 -8.397674e-01 -1.504602e+00 2.398331e-02
 -9.014147e-01 -1.308658e+00 -1.361078e-01
 -9.829708e-01 -1.187653e+00 -2.928558e-01
 -1.119565e+00 -1.049936e+00 -4.028821e-01
 -1.308311e+00 -7.947324e-01 -4.754845e-01
 -1.439411e+00 -5.114236e-01 -4.623451e-01
 -1.502028e+00 -2.149929e-01 -3.827212e-01
 -1.496118e+00 5.394509e-02 -2.477776e-01
 -1.427520e+00 2.815545e-01 -6.428095e-02
 -1.072493e+00 7.458876e-01 5.207273e-01
 -8.823668e-01 9.254272e-01 7.159181e-01
 -7.816382e-01 1.078094e+00 8.927955e-01
 -7.303372e-01 1.346488e+00 1.065292e+00
 -6.981071e-01 1.672346e+00 1.134821e+00
 -6.509703e-01 2.030883e+00 1.076560e+00
 -5.707609e-01 2.350358e+00 8.892615e-01
 -4.681528e-01 2.571457e+00 6.048334e-01
 -3.396482e-01 2.667643e+00 2.757542e-01
 -1.889216e-01 2.631814e+00 -5.565299e-02
 -4.613580e-02 2.465201e+00 -3.551403e-01
 8.267263e-02 2.189810e+00 -5.721431e-01
 2.103628e-01 1.857965e+00 -6.652902e-01
 3.224785e-01 1.531153e+00 -6.220332e-01
 4.338552e-01 1.292842e+00 -4.787003e-01
 5.936363e-01 1.143823e+00 -3.517718e-01
 7.830306e-01 9.160166e-01 -2.597651e-01
 8.855978e-01 4.561102e-01 -2.046249e-01
 8.815566e-01 -6.645573e-02 -3.285162e-01
 7.890169e-01 -5.687757e-01 -6.530950e-01
 8.879974e-01 -8.711993e-01 -8.057049e-01
 1.094541e+00 -1.168588e+00 -8.609934e-01
 1.351739e+00 -1.437774e+00 -7.869515e-01
 1.612951e+00 -1.641969e+00 -5.837064e-01
 1.834054e+00 -1.748245e+00 -2.764932e-01
 1.955813e+00 -1.754879e+00 7.596761e-02
 1.961942e+00 -1.683049e+00 4.390432e-01
 1.870598e+00 -1.520842e+00 7.648234e-01
 1.699640e+00 -1.290864e+00 1.003030e+00
 1.466183e+00 -1.030709e+00 1.126539e+00
 1.204937e+00 -7.767209e-01 1.122227e+00
 6.520973e-01 -3.659240e-01 8.749736e-01
 3.048476e-01 -2.241830e-01 8.456949e-01
 3.352063e-02 -1.921282e-01 9.081919e-01
 -2.807821e-01 -6.360466e-02 1.104452e+00
 -1.023749e+00 2.289934e-01 1.438877e+00
 -1.294489e+00 4.088726e-01 1.486800e+00
 -1.524990e+00 6.438293e-01 1.452839e+00
 -1.689203e+00 9.111331e-01 1.338800e+00
 -1.766318e+00 1.183958e+00 1.155088e+00
 -1.746643e+00 1.428851e+00 9.170050e-01
 -1.624601e+00 1.621328e+00 6.511390e-01
 -1.402831e+00 1.737881e+00 3.944863e-01
 -1.120008e+00 1.769302e+00 2.037051e-01
 -8.239517e-01 1.734985e+00 1.079542e-01
 -5.027003e-01 1.670273e+00 1.143838e-01
 -2.149631e-01 1.641571e+00 2.367674e-01
 7.977621e-02 1.734328e+00 3.662566e-01
 4.243038e-01 1.888332e+00 3.552814e-01
 7.958289e-01 2.004516e+00 1.727180e-01
 1.088833e+00 2.013168e+00 -1.267675e-01
 1.274292e+00 1.898805e+00 -4.883415e-01
 1.322221e+00 1.673493e+00 -8.454662e-01
 1.232745e+00 1.367369e+00 -1.126512e+00
 1.020744e+00 1.035217e+00 -1.283760e+00
 7.316244e-01 7.461253e-01 -1.292080e+00
 3.666704e-01 4.259968e-01 -1.091615e+00
 8.788131e-02 1.353710e-01 -9.808557e-01
 -2.392255e-03 4.355198e-02 -9.105492e-01
 -1.393719e-01 -1.133237e-01 -7.317979e-01
 -3.064725e-01 -2.362970e-01 -4.945970e-01
 -4.396634e-01 -2.793672e-01 -2.892885e-01
 -5.595335e-01 -2.915451e-01 -4.196232e-03
 -6.772765e-01 -3.615956e-01 2.036102e-01
 -9.062175e-01 -4.578839e-01 4.171335e-01
 -1.208765e+00 -5.999751e-01 5.288318e-01
 -1.508426e+00 -8.368155e-01 5.301286e-01
 -1.734148e+00 -1.112599e+00 4.151254e-01
 -1.857084e+00 -1.404487e+00 2.062780e-01
 -1.852142e+00 -1.678110e+00 -6.137953e-02
 -1.714631e+00 -1.899400e+00 -3.412188e-01
 -1.461431e+00 -2.038506e+00 -5.932716e-01
 -1.126396e+00 -2.074084e+00 -7.817479e-01
 -7.563046e-01 -1.998375e+00 -8.784085e-01
