 -1.870289e+00 -1.505190e-01 -7.320518e-01
 -1.721189e+00 -3.691842e-01 -4.692097e-01
 -1.073562e+00 -7.613951e-01 5.783066e-02
 -7.822781e-01 -7.860135e-01 2.881642e-01
 -5.405478e-01 -7.189607e-01 6.712431e-01
 -4.565958e-01 -8.364467e-01 9.430775e-01
 -4.576900e-01 -9.505653e-01 1.232512e+00
 -5.783568e-01 -1.028191e+00 1.549255e+00
 -7.929338e-01 -1.046237e+00 1.817840e+00
 -1.067960e+00 -9.820744e-01 2.022833e+00
 -1.347484e+00 -8.346625e-01 2.144666e+00
 -1.597886e+00 -6.199677e-01 2.182348e+00
 -1.811492e+00 -3.716935e-01 2.122412e+00
 -1.963622e+00 -1.189817e-01 1.973083e+00
 -2.039395e+00 1.119516e-01 1.751714e+00
 -2.031909e+00 2.978403e-01 1.482245e+00
 -1.942534e+00 4.202237e-01 1.192893e+00
 -1.780695e+00 4.670996e-01 9.135374e-01
 -1.564857e+00 4.342864e-01 6.750565e-01
 -1.000690e+00 2.289705e-01 3.116730e-01
 -6.003448e-01 2.089143e-01 1.602610e-01
 -4.629758e-01 2.470643e-01 1.084767e-01
 -2.667765e-01 3.611310e-01 -1.094590e-02
 -1.758818e-04 6.050409e-01 -2.571247e-01
 2.005847e-01 7.196726e-01 -3.700451e-01
 3.890495e-01 7.913768e-01 -4.227414e-01
 5.362236e-01 8.090799e-01 -4.505006e-01
 9.810025e-01 7.717899e-01 -5.472015e-01
 1.295908e+00 8.936323e-01 -6.532872e-01
 1.581838e+00 1.142018e+00 -6.991761e-01
 1.786908e+00 1.465703e+00 -6.486571e-01
 1.884756e+00 1.808889e+00 -4.961018e-01
 1.863793e+00 2.118181e+00 -2.622509e-01
 1.729946e+00 2.346227e+00 2.502138e-02
 1.503818e+00 2.457364e+00 3.238939e-01
 1.217058e+00 2.435618e+00 5.895181e-01
 9.100891e-01 2.285157e+00 7.805433e-01
 6.318373e-01 2.025229e+00 8.724847e-01
 4.351778e-01 1.692312e+00 8.593900e-01
 3.554917e-01 1.328744e+00 7.590356e-01
 4.091968e-01 1.046383e+00 6.392000e-01
 6.498299e-01 5.864098e-01 5.306231e-01
 7.043686e-01 3.681808e-01 4.397924e-01
 7.233167e-01 1.583536e-01 2.992902e-01
 7.110101e-01 -1.425164e-02 1.164629e-01
 6.302147e-01 -3.090885e-01 -4.107460e-01
 6.536637e-01 -5.412605e-01 -6.105637e-01
 7.891675e-01 -7.649713e-01 -7.676732e-01
 8.850049e-01 -9.241733e-01 -9.916228e-01
 8.716412e-01 -1.144165e+00 -1.286616e+00
 7.196303e-01 -1.355212e+00 -1.547079e+00
 4.469508e-01 -1.520064e+00 -1.754291e+00
 9.456293e-02 -1.585077e+00 -1.895109e+00
 -2.767162e-01 -1.522810e+00 -1.965009e+00
 -6.219566e-01 -1.347278e+00 -1.942845e+00
 -8.913947e-01 -1.092592e+00 -1.820422e+00
 -1.045167e+00 -7.985188e-01 -1.611220e+00
 -1.057850e+00 -5.089010e-01 -1.350284e+00
 -8.765905e-01 -1.526510e-01 -1.011507e+00
 -8.817639e-01 1.018625e-01 -8.376954e-01
 -9.812648e-01 5.705916e-01 -7.163774e-01
 -9.906104e-01 9.019222e-01 -4.946034e-01
 -9.245900e-01 1.122881e+00 -2.104449e-01
 -8.172497e-01 1.227729e+00 1.149142e-01
 -7.110738e-01 1.207401e+00 4.532055e-01
 -6.242926e-01 1.074572e+00 7.524614e-01
 -5.434451e-01 8.804328e-01 9.532723e-01
 -4.046724e-01 6.380309e-01 1.070140e+00
 -1.465990e-01 2.645340e-01 1.080864e+00
 3.255820e-01 -2.563908e-01 1.211791e+00
 4.715297e-01 -5.212482e-01 1.227347e+00
 6.831675e-01 -1.358597e+00 1.194861e+00
 7.566857e-01 -1.694139e+00 1.046558e+00
 8.086619e-01 -1.955337e+00 7.835918e-01
 8.166164e-01 -2.110399e+00 4.390995e-01
 7.609887e-01 -2.143281e+00 7.646540e-02
 6.227842e-01 -2.066232e+00 -2.658211e-01
 4.164291e-01 -1.902073e+00 -5.244066e-01
 -7.333139e-02 -1.328537e+00 -8.775794e-01
 -1.496977e-01 -9.678410e-01 -1.106419e+00
 -5.092504e-02 -7.102986e-01 -1.354326e+00
 4.473719e-02 -5.276579e-01 -1.813813e+00
 1.346428e-01 -3.754835e-01 -2.024035e+00
 2.380304e-01 -1.711326e-01 -2.180272e+00
 3.456756e-01 7.822300e-02 -2.273276e+00
 4.327657e-01 3.273673e-01 -2.289640e+00
 5.013517e-01 5.721953e-01 -2.237282e+00
 5.604487e-01 8.014690e-01 -2.118789e+00
 6.036823e-01 9.813998e-01 -1.960270e+00
 7.343111e-01 1.694570e+00 -9.509869e-01
 7.872957e-01 1.787957e+00 -6.664619e-01
 8.528495e-01 1.788916e+00 -3.770842e-01
 9.393905e-01 1.708455e+00 -1.192063e-01
 1.033944e+00 1.594157e+00 4.036107e-02
 1.177653e+00 1.495813e+00 1.708623e-01
 1.298200e+00 1.445089e+00 3.448652e-01
 1.380288e+00 1.369509e+00 6.193996e-01
 1.373903e+00 1.281576e+00 9.028575e-01
 1.281607e+00 1.172235e+00 1.165091e+00
 1.108817e+00 1.051592e+00 1.388578e+00
 5.880997e-01 7.954139e-01 1.742586e+00
 1.088172e-01 5.647148e-01 2.017070e+00
 -1.508997e-01 4.234351e-01 2.084304e+00
 -3.997381e-01 2.844780e-01 2.068011e+00
 -6.346805e-01 1.528699e-01 1.973349e+00
 -8.305558e-01 4.511583e-02 1.814141e+00
 -1.116686e+00 -1.732260e-01 1.379229e+00
 -1.322976e+00 -3.914957e-01 1.226353e+00
 -1.412589e+00 -5.515152e-01 1.166788e+00
 -1.464843e+00 -7.889718e-01 1.094728e+00
 -1.453422e+00 -1.064059e+00 1.021846e+00
 -1.366252e+00 -1.307954e+00 9.442069e-01
 -1.220666e+00 -1.509329e+00 8.546256e-01
 -1.026377e+00 -1.656962e+00 7.538240e-01
 -7.916378e-01 -1.742303e+00 6.473157e-01
 -5.362601e-01 -1.754146e+00 5.284696e-01
 -2.809837e-01 -1.686021e+00 4.172523e-01
 -3.782532e-02 -1.541151e+00 3.318891e-01
 1.775388e-01 -1.325271e+00 2.855402e-01
 3.570141e-01 -1.217814e+00 2.356507e-01
 5.613224e-01 -1.149280e+00 2.001139e-01
 8.948168e-01 -1.093305e+00 2.103662e-01
 1.206351e+00 -9.740527e-01 1.402571e-01
 1.438612e+00 -8.065074e-01 1.082908e-02
 1.589207e+00 -5.972007e-01 -1.645733e-01
 1.653717e+00 -3.801059e-01 -3.950346e-01
 1.625792e+00 -1.948702e-01 -6.597555e-01
 1.508076e+00 -6.069336e-02 -9.292727e-01
 1.335274e+00 6.070997e-03 -1.139915e+00
 1.122425e+00 7.253008e-02 -1.264775e+00
 8.612901e-01 1.403457e-01 -1.322892e+00
 3.752640e-01 2.635863e-01 -1.275973e+00
 1.005551e-01 3.745174e-01 -1.314471e+00
 -4.776253e-01 5.337110e-01 -1.673508e+00
 -8.370360e-01 5.335007e-01 -1.773637e+00
 -1.209632e+00 4.885647e-01 -1.744339e+00
 -1.538077e+00 4.031624e-01 -1.590705e+00
 -1.770365e+00 2.712557e-01 -1.346484e+00
 -1.887692e+00 8.419326e-02 -1.043300e+00
