 -1.062604e+00 -1.302074e+00 -7.080487e-02
 -9.218968e-01 -1.529479e+00 -1.685022e-01
 -7.185781e-01 -1.719412e+00 -2.406805e-01
 2.960572e-01 -2.273976e+00 -4.128948e-01
 6.475434e-01 -2.325789e+00 -4.847706e-01
 9.907011e-01 -2.252103e+00 -5.755943e-01
 1.286823e+00 -2.059196e+00 -6.729756e-01
 1.496731e+00 -1.775045e+00 -7.462219e-01
 1.600412e+00 -1.432205e+00 -7.796409e-01
 1.579378e+00 -1.081047e+00 -7.833138e-01
 1.445710e+00 -7.762407e-01 -7.675326e-01
 1.198909e+00 -5.198694e-01 -7.667656e-01
 8.805729e-01 -3.736240e-01 -8.056675e-01
 6.006682e-01 -3.437686e-01 -8.964652e-01
 3.054974e-01 -3.209856e-01 -1.182674e+00
 4.050529e-02 -3.466143e-01 -1.762404e+00
 -2.203671e-01 -2.658381e-01 -2.050303e+00
 -5.491841e-01 -1.116619e-01 -2.218608e+00
 -8.960784e-01 9.375294e-02 -2.238178e+00
 -1.207104e+00 3.198540e-01 -2.101756e+00
 -1.430449e+00 5.307393e-01 -1.826530e+00
 -1.526060e+00 6.910744e-01 -1.453745e+00
 -1.474954e+00 7.699040e-01 -1.020875e+00
 -1.280135e+00 7.567998e-01 -6.421828e-01
 -9.421638e-01 6.161903e-01 -3.683758e-01
 -6.653902e-01 5.181157e-01 -2.986691e-01
 -4.742381e-01 3.374127e-01 -2.658814e-01
 -3.226147e-01 6.546087e-02 -2.959185e-01
 -2.247138e-01 -4.031603e-01 -3.072468e-01
 -1.622526e-01 -6.894104e-01 -1.873379e-01
 -1.250570e-01 -1.007133e+00 1.649930e-01
 -8.509130e-02 -1.298204e+00 5.365502e-01
 3.289540e-02 -1.531984e+00 8.572017e-01
 1.727923e-01 -1.666756e+00 1.083846e+00
 3.558779e-01 -1.738728e+00 1.296797e+00
 5.568914e-01 -1.739787e+00 1.482000e+00
 7.690258e-01 -1.673953e+00 1.638551e+00
 9.766644e-01 -1.547097e+00 1.755769e+00
 1.165085e+00 -1.369202e+00 1.826162e+00
 1.321275e+00 -1.153563e+00 1.845685e+00
 1.433315e+00 -9.146952e-01 1.815673e+00
 1.492508e+00 -6.682578e-01 1.740850e+00
 1.493640e+00 -4.251349e-01 1.627707e+00
 1.434702e+00 -2.087628e-01 1.497610e+00
 9.255598e-01 6.000182e-01 9.019599e-01
 7.961024e-01 7.520268e-01 7.010077e-01
 6.804033e-01 8.289465e-01 4.901120e-01
 5.637450e-01 8.400243e-01 2.752244e-01
 4.962790e-01 8.073095e-01 1.242427e-01
 4.512966e-01 7.287728e-01 -1.104257e-01
 4.909160e-01 6.864772e-01 -4.401538e-01
 7.845593e-01 6.385584e-01 -1.040665e+00
 9.116727e-01 5.439024e-01 -1.274212e+00
 1.019929e+00 3.804824e-01 -1.479404e+00
 1.095949e+00 1.637996e-01 -1.639373e+00
 1.134800e+00 -8.948438e-02 -1.743323e+00
 1.134023e+00 -3.862603e-01 -1.788385e+00
 1.094334e+00 -6.220883e-01 -1.775563e+00
 1.018303e+00 -8.341518e-01 -1.716493e+00
 8.966383e-01 -1.055095e+00 -1.584747e+00
 7.841196e-01 -1.210230e+00 -1.409948e+00
 6.760510e-01 -1.306843e+00 -1.197939e+00
 5.992898e-01 -1.352016e+00 -9.601168e-01
 5.687233e-01 -1.343754e+00 -7.661161e-01
 5.885227e-01 -1.309528e+00 -5.482628e-01
 7.762774e-01 -1.297806e+00 -1.766497e-01
 8.826442e-01 -1.221806e+00 1.389701e-01
 9.215299e-01 -1.085367e+00 6.336704e-01
 8.742377e-01 -9.662635e-01 8.761309e-01
 7.875160e-01 -8.594346e-01 1.034311e+00
 6.682705e-01 -7.829788e-01 1.166689e+00
 5.896991e-01 -7.335829e-01 1.288085e+00
 5.137169e-01 -6.264164e-01 1.459434e+00
 4.265028e-01 -4.359112e-01 1.615619e+00
 3.016186e-01 -2.267917e-01 1.719734e+00
 1.370038e-01 -2.271955e-02 1.767652e+00
 -6.972574e-01 7.811075e-01 1.709853e+00
 -8.904833e-01 9.963240e-01 1.611242e+00
 -1.031117e+00 1.179701e+00 1.453760e+00
 -1.123935e+00 1.332172e+00 1.241376e+00
 -1.159656e+00 1.446393e+00 9.876723e-01
 -1.136228e+00 1.509147e+00 7.163736e-01
 -1.040042e+00 1.531731e+00 4.419604e-01
 -8.862003e-01 1.522126e+00 2.147450e-01
 -6.896017e-01 1.494474e+00 4.627429e-02
 -4.637482e-01 1.471758e+00 -5.131662e-02
 -2.506061e-01 1.494958e+00 -1.065147e-01
 9.574786e-02 1.676421e+00 -2.281041e-01
 3.910556e-01 1.732292e+00 -2.881660e-01
 6.949949e-01 1.699809e+00 -3.202909e-01
 9.787536e-01 1.582357e+00 -3.201393e-01
 1.216297e+00 1.390846e+00 -2.880272e-01
 1.384979e+00 1.141225e+00 -2.320681e-01
 1.463489e+00 8.831336e-01 -1.826554e-01
 1.462985e+00 5.894491e-01 -1.235166e-01
 1.376615e+00 3.148633e-01 -4.409827e-02
 1.220051e+00 8.794264e-02 5.505330e-02
 1.008400e+00 -7.721240e-02 1.515646e-01
 7.725059e-01 -1.650963e-01 2.438707e-01
 5.659207e-01 -1.790724e-01 3.292859e-01
 2.665663e-01 -1.063333e-01 5.413382e-01
 2.762895e-03 -1.529775e-01 7.111802e-01
 -1.999060e-01 -2.696056e-01 8.402620e-01
 -4.883194e-01 -4.857996e-01 1.061987e+00
 -7.256557e-01 -5.696477e-01 1.177641e+00
 -1.011485e+00 -6.232121e-01 1.229600e+00
 -1.303150e+00 -6.455176e-01 1.200881e+00
 -1.577758e+00 -6.349076e-01 1.093532e+00
 -1.812714e+00 -5.935990e-01 9.145719e-01
 -1.985193e+00 -5.342543e-01 6.758713e-01
 -2.077948e+00 -4.652401e-01 3.989779e-01
 -2.082441e+00 -3.985766e-01 1.059410e-01
 -1.997138e+00 -3.382712e-01 -1.772644e-01
 -1.828277e+00 -2.913797e-01 -4.259388e-01
 -1.228753e+00 -2.269153e-01 -9.091390e-01
 -1.084020e+00 -1.797986e-01 -1.013011e+00
 -9.407344e-01 -9.931190e-02 -1.107341e+00
 -7.914975e-01 2.269381e-02 -1.191687e+00
 -6.892335e-01 1.395345e-01 -1.236466e+00
 -5.804097e-01 3.200413e-01 -1.285519e+00
 -4.982841e-01 5.999392e-01 -1.302621e+00
 -4.736190e-01 8.879024e-01 -1.265286e+00
 -6.240662e-01 1.855698e+00 -9.790439e-01
 -6.497999e-01 2.096470e+00 -8.269454e-01
 -6.463380e-01 2.289144e+00 -6.179154e-01
 -6.039493e-01 2.423726e+00 -3.696091e-01
 -5.289313e-01 2.486649e+00 -1.049566e-01
 -4.381781e-01 2.470308e+00 1.603124e-01
 -3.379644e-01 2.375839e+00 4.060313e-01
 -2.428724e-01 2.207002e+00 6.183860e-01
 -1.756329e-01 1.972479e+00 7.865260e-01
 -1.401581e-01 1.697205e+00 8.851136e-01
 -1.384565e-01 1.409914e+00 9.046612e-01
 -2.000154e-01 1.138823e+00 8.704845e-01
 -3.195679e-01 8.931921e-01 7.754745e-01
 -4.764745e-01 7.361730e-01 7.142658e-01
 -8.737346e-01 4.716117e-01 6.903950e-01
 -1.068633e+00 2.155824e-01 5.846203e-01
 -1.129818e+00 -1.567352e-03 4.307046e-01
 -1.091522e+00 -2.565651e-01 2.759256e-01
 -1.072210e+00 -4.835953e-01 2.284725e-01
 -1.136212e+00 -8.006568e-01 1.498109e-01
 -1.136662e+00 -1.045384e+00 4.369704e-02
