 -1.014188e+00 1.745657e-01 -8.464244e-01
 -8.747257e-01 -1.664291e-01 -8.190804e-01
 -6.027300e-01 -5.423524e-01 -6.529029e-01
 -5.162471e-01 -7.855323e-01 -5.956811e-01
 -4.847899e-01 -1.092512e+00 -6.070556e-01
 -3.982852e-01 -1.415411e+00 -7.494200e-01
 -2.761955e-01 -1.651995e+00 -9.851072e-01
 -9.317837e-02 -1.783382e+00 -1.272502e+00
 1.183828e-01 -1.789290e+00 -1.564813e+00
 3.400382e-01 -1.672662e+00 -1.824203e+00
 5.416114e-01 -1.448516e+00 -2.019917e+00
 6.955809e-01 -1.144476e+00 -2.130876e+00
 1.021085e+00 1.391485e-01 -2.180187e+00
 1.063091e+00 5.010260e-01 -2.070672e+00
 1.032387e+00 8.004288e-01 -1.868629e+00
 9.267583e-01 1.020135e+00 -1.595272e+00
 7.589497e-01 1.128357e+00 -1.283733e+00
 5.569715e-01 1.107406e+00 -9.832362e-01
 2.822881e-01 9.650391e-01 -7.229541e-01
 9.277994e-02 7.767564e-01 -6.283962e-01
 -4.138570e-02 5.570124e-01 -5.320328e-01
 -1.617349e-01 3.853862e-01 -3.273399e-01
 -3.237734e-01 2.781907e-01 -6.969639e-02
 -6.298380e-01 2.226355e-01 1.105293e-01
 -1.118400e+00 2.504398e-01 2.201588e-01
 -1.436435e+00 3.778870e-01 4.091832e-01
 -1.665667e+00 5.178685e-01 7.514975e-01
 -1.731982e+00 6.461317e-01 1.156038e+00
 -1.632616e+00 7.455168e-01 1.507434e+00
 -1.394321e+00 7.869761e-01 1.819457e+00
 -1.039787e+00 7.383463e-01 2.053137e+00
 -6.678946e-01 6.350847e-01 2.134898e+00
 -3.056500e-01 4.932092e-01 2.069273e+00
 -7.874270e-03 3.332001e-01 1.866514e+00
 3.896022e-01 -2.262838e-02 1.210615e+00
 5.139202e-01 -1.983660e-01 1.047549e+00
 6.526136e-01 -4.039848e-01 9.496834e-01
 9.267858e-01 -6.587315e-01 8.087740e-01
 1.142350e+00 -8.536998e-01 5.307785e-01
 1.233238e+00 -9.832841e-01 1.931736e-01
 1.198297e+00 -1.056042e+00 -1.653892e-01
 1.040861e+00 -1.069964e+00 -5.048788e-01
 8.132807e-01 -1.012026e+00 -7.695130e-01
 9.907034e-02 -7.771084e-01 -1.393411e+00
 -1.261109e-01 -7.975641e-01 -1.537439e+00
 -4.663834e-01 -8.597036e-01 -1.613533e+00
 -7.933380e-01 -9.380753e-01 -1.574333e+00
 -1.087261e+00 -1.013628e+00 -1.426310e+00
 -1.317204e+00 -1.053624e+00 -1.192085e+00
 -1.465879e+00 -1.046635e+00 -8.939131e-01
 -1.512204e+00 -1.009751e+00 -5.531878e-01
 -1.442497e+00 -9.519156e-01 -2.094623e-01
 -1.266079e+00 -8.705200e-01 8.347994e-02
 -6.802308e-01 -6.811852e-01 5.539692e-01
 -5.145095e-01 -6.665654e-01 7.216683e-01
 -3.799857e-01 -7.016699e-01 8.860318e-01
 -2.163996e-01 -8.647463e-01 1.283124e+00
 -6.255894e-03 -9.069463e-01 1.562803e+00
 2.669134e-01 -8.692903e-01 1.777874e+00
 5.692782e-01 -7.509571e-01 1.908979e+00
 8.672747e-01 -5.606065e-01 1.938705e+00
 1.359530e+00 -1.003569e-01 1.792614e+00
 1.876480e+00 4.417880e-01 1.543927e+00
 2.050021e+00 6.876659e-01 1.301446e+00
 2.117291e+00 8.814035e-01 9.741209e-01
 2.066363e+00 9.987689e-01 6.105687e-01
 1.908203e+00 1.019693e+00 2.609497e-01
 1.664012e+00 9.430310e-01 -2.463356e-02
 1.367449e+00 7.873543e-01 -2.025465e-01
 1.076112e+00 5.533826e-01 -2.622123e-01
 8.944742e-01 3.393320e-01 -2.074949e-01
 6.768167e-01 -1.366861e-01 -9.048690e-02
 3.705359e-01 -4.621728e-01 -3.404104e-02
 2.607716e-01 -6.777817e-01 3.307689e-02
 1.885392e-01 -1.112181e+00 1.385781e-01
 1.068714e-02 -1.400122e+00 2.446552e-01
 -2.418167e-01 -1.605010e+00 4.240398e-01
 -5.306932e-01 -1.687993e+00 6.539050e-01
 -8.253038e-01 -1.633629e+00 9.040165e-01
 -1.061802e+00 -1.453571e+00 1.109667e+00
 -1.223099e+00 -1.164309e+00 1.272288e+00
 -1.272020e+00 -8.057628e-01 1.390025e+00
 -1.206811e+00 -4.367605e-01 1.434501e+00
 -1.048019e+00 -1.143231e-01 1.391647e+00
 -7.801881e-01 2.277740e-01 1.193140e+00
 -6.972839e-01 4.868729e-01 1.119912e+00
 -7.225349e-01 8.482590e-01 1.032596e+00
 -9.757056e-01 1.409337e+00 8.943712e-01
 -1.072869e+00 1.694953e+00 7.316155e-01
 -1.107544e+00 1.933766e+00 4.980026e-01
 -1.084122e+00 2.106004e+00 2.058821e-01
 -1.010280e+00 2.188212e+00 -1.200485e-01
 -9.009771e-01 2.165651e+00 -4.465142e-01
 -7.591344e-01 2.022296e+00 -7.706195e-01
 -6.130230e-01 1.773391e+00 -1.059214e+00
 -3.437409e-01 1.028096e+00 -1.522477e+00
 -2.055928e-01 7.655817e-01 -1.601671e+00
 -2.232759e-02 5.233957e-01 -1.604020e+00
 1.865984e-01 3.177165e-01 -1.526526e+00
 3.518953e-01 1.917069e-01 -1.403340e+00
 5.668927e-01 1.228202e-01 -1.254664e+00
 1.199274e+00 -9.855021e-02 -1.079963e+00
 1.502146e+00 -2.055758e-01 -8.291840e-01
 1.702821e+00 -2.398091e-01 -4.713554e-01
 1.773758e+00 -1.810658e-01 -7.933441e-02
 1.698436e+00 -5.194948e-02 3.012870e-01
 1.505548e+00 1.300831e-01 5.861003e-01
 1.325480e+00 2.994969e-01 6.994186e-01
 1.188367e+00 4.844601e-01 7.577181e-01
 9.807088e-01 6.581475e-01 7.488310e-01
 7.975770e-01 7.664677e-01 7.019758e-01
 -2.353155e-01 1.283366e+00 1.829673e-01
 -4.347189e-01 1.312722e+00 4.135623e-02
 -7.385937e-01 1.209648e+00 -1.501415e-01
 -9.301300e-01 1.061312e+00 -4.122617e-01
 -1.016532e+00 8.539383e-01 -6.298568e-01
 -1.057978e+00 5.407444e-01 -7.843348e-01
