 2.458920e-01 -2.059713e+00 -6.291130e-01
 -9.046908e-03 -1.832728e+00 -7.465731e-01
 -1.082270e-01 -1.610097e+00 -8.573574e-01
 -1.628427e-01 -1.387674e+00 -1.056509e+00
 -4.856942e-01 -1.089909e+00 -1.651570e+00
 -6.154764e-01 -7.728242e-01 -1.913072e+00
 -6.529746e-01 -3.624658e-01 -2.052700e+00
 -6.141640e-01 6.099488e-02 -2.032537e+00
 -4.996809e-01 4.354121e-01 -1.858718e+00
 -3.206486e-01 6.901206e-01 -1.554404e+00
 -9.367539e-02 7.669280e-01 -1.191794e+00
 1.542207e-01 6.694291e-01 -8.992090e-01
 3.920205e-01 5.170489e-01 -7.605018e-01
 7.724715e-01 3.006006e-01 -7.513307e-01
 1.041236e+00 -4.683408e-02 -6.545628e-01
 1.273950e+00 -3.572311e-01 -2.799389e-01
 1.275406e+00 -4.841423e-01 6.043176e-02
 1.312207e+00 -4.976859e-01 3.616958e-01
 1.563280e+00 -2.551281e-01 1.425711e+00
 1.527900e+00 -7.814716e-02 1.780648e+00
 1.367200e+00 1.594628e-01 2.064498e+00
 1.113623e+00 4.093823e-01 2.232749e+00
 8.099251e-01 6.295138e-01 2.262827e+00
 4.866360e-01 7.911078e-01 2.160965e+00
 1.861781e-01 8.924224e-01 1.925982e+00
 -1.214628e-02 9.360675e-01 1.599880e+00
 -8.392609e-02 9.233912e-01 1.224273e+00
 -8.077296e-03 8.895383e-01 8.480251e-01
 1.241506e-01 1.114991e+00 4.473013e-01
 2.328985e-01 1.216303e+00 2.522403e-01
 7.082854e-01 1.450625e+00 -4.964761e-01
 8.488622e-01 1.430883e+00 -8.266458e-01
 9.208832e-01 1.304469e+00 -1.157073e+00
 9.114597e-01 1.088786e+00 -1.446255e+00
 8.246903e-01 7.674711e-01 -1.677206e+00
 6.874957e-01 4.287158e-01 -1.768888e+00
 5.092886e-01 1.075919e-01 -1.726773e+00
 3.026213e-01 -1.367185e-01 -1.563969e+00
 6.001374e-02 -2.652579e-01 -1.320657e+00
 -1.372412e-01 -2.645259e-01 -1.156558e+00
 -4.135045e-01 -2.057626e-01 -1.064878e+00
 -5.231775e-01 -1.632762e-01 -1.024090e+00
 -1.151576e+00 1.874485e-01 -8.358027e-01
 -1.350814e+00 3.483280e-01 -7.027511e-01
 -1.490414e+00 4.995523e-01 -5.218666e-01
 -1.569071e+00 6.331121e-01 -3.037878e-01
 -1.580759e+00 7.511334e-01 -6.437342e-02
 -1.520075e+00 8.452919e-01 1.722098e-01
 -1.405863e+00 9.142627e-01 3.657902e-01
 -1.246387e+00 9.869225e-01 5.017588e-01
 -1.023220e+00 1.135470e+00 6.182346e-01
 -7.404618e-01 1.617362e+00 8.194014e-01
 -4.449994e-01 1.840174e+00 9.335388e-01
 -8.703970e-02 1.929101e+00 1.048506e+00
 2.806760e-01 1.872918e+00 1.129792e+00
 6.119062e-01 1.675164e+00 1.177224e+00
 8.496245e-01 1.363020e+00 1.205344e+00
 9.513616e-01 9.898531e-01 1.221238e+00
 9.034754e-01 5.935745e-01 1.248338e+00
 7.610758e-01 3.575484e-01 1.263525e+00
 6.231202e-01 1.688747e-01 1.345633e+00
 3.890486e-01 -1.953324e-01 1.718770e+00
 7.169014e-02 -4.485488e-01 1.884418e+00
 -3.111300e-01 -6.742047e-01 1.869521e+00
 -6.815676e-01 -8.260211e-01 1.673298e+00
 -9.681146e-01 -8.753588e-01 1.331746e+00
 -1.143794e+00 -7.714762e-01 9.354373e-01
 -1.181245e+00 -5.282994e-01 5.627270e-01
 -1.064990e+00 -1.969587e-01 2.797562e-01
 -6.095770e-01 3.769718e-01 1.271807e-02
 -5.444073e-01 6.483304e-01 -1.567867e-01
 -6.111489e-01 9.826338e-01 -3.102464e-01
 -7.887317e-01 1.323457e+00 -3.618768e-01
 -1.034036e+00 1.615230e+00 -2.891445e-01
 -1.309425e+00 1.818477e+00 -9.919777e-02
 -1.556519e+00 1.901667e+00 1.614450e-01
 -1.736580e+00 1.881296e+00 4.853933e-01
 -1.820409e+00 1.764872e+00 8.292759e-01
 -1.808852e+00 1.558450e+00 1.137620e+00
 -1.711315e+00 1.284590e+00 1.367321e+00
 -1.538499e+00 9.815479e-01 1.490137e+00
 -1.310288e+00 6.904778e-01 1.491760e+00
 -6.844765e-01 1.176361e-01 1.209147e+00
 -3.927315e-01 -5.266620e-02 1.051444e+00
 -2.420115e-01 -2.778611e-01 9.080339e-01
 -6.519214e-02 -5.994765e-01 8.621771e-01
 1.897980e-01 -8.794771e-01 7.424539e-01
 3.875777e-01 -1.070178e+00 5.371160e-01
 5.326634e-01 -1.194023e+00 2.536957e-01
 6.013885e-01 -1.234485e+00 -4.368164e-02
 6.604273e-01 -1.168293e+00 -3.653306e-01
 7.613792e-01 -1.152747e+00 -6.182457e-01
 8.455693e-01 -1.254401e+00 -9.090812e-01
 8.521742e-01 -1.441833e+00 -1.188082e+00
 7.419415e-01 -1.674001e+00 -1.439415e+00
 5.265253e-01 -1.892752e+00 -1.618699e+00
 2.376025e-01 -2.069271e+00 -1.709312e+00
 -9.478728e-02 -2.186042e+00 -1.703699e+00
 -4.300621e-01 -2.229520e+00 -1.600154e+00
 -7.271595e-01 -2.177918e+00 -1.430585e+00
 -9.602754e-01 -2.031894e+00 -1.222747e+00
 -1.101061e+00 -1.813929e+00 -9.859610e-01
 -1.125899e+00 -1.560572e+00 -7.416423e-01
 -1.031695e+00 -1.300239e+00 -5.222782e-01
 -8.299147e-01 -1.061505e+00 -3.566892e-01
 -2.445409e-01 -6.561255e-01 -1.823972e-01
 1.043567e-01 -3.223038e-01 -1.323803e-01
 3.958684e-01 2.277703e-02 1.601045e-01
 6.074421e-01 2.482623e-01 2.669960e-01
 8.888697e-01 4.484790e-01 2.559073e-01
 1.278418e+00 5.296598e-01 2.639807e-01
 1.684974e+00 4.527903e-01 2.257913e-01
 2.023174e+00 2.216338e-01 1.555410e-01
 2.238314e+00 -1.256649e-01 7.170260e-02
 2.294225e+00 -5.348172e-01 -1.865647e-02
 2.178360e+00 -9.330532e-01 -1.039294e-01
 1.315459e+00 -1.960401e+00 -3.089946e-01
 9.755334e-01 -2.142132e+00 -4.070620e-01
 5.948025e-01 -2.175701e+00 -5.189784e-01
