 -8.307024e-01 9.977362e-01 1.449316e+00
 -1.052680e+00 8.398949e-01 1.288250e+00
 -1.520915e+00 1.401565e-01 7.003361e-01
 -1.618381e+00 -1.217201e-01 3.169790e-01
 -1.571921e+00 -2.733518e-01 -7.671649e-02
 -1.344928e+00 -3.294626e-01 -5.953475e-01
 -1.332321e+00 -3.835591e-01 -8.555128e-01
 -1.496969e+00 -5.635587e-01 -1.370572e+00
 -1.471920e+00 -6.150772e-01 -1.783904e+00
 -1.286790e+00 -5.864295e-01 -2.189812e+00
 -1.007383e+00 -5.002057e-01 -2.460448e+00
 -6.629385e-01 -3.681244e-01 -2.589457e+00
 -2.968968e-01 -1.815405e-01 -2.561811e+00
 3.812999e-02 5.666445e-02 -2.361372e+00
 2.414378e-01 2.564423e-01 -2.025017e+00
 2.881533e-01 3.878799e-01 -1.604130e+00
 1.059546e-01 4.567076e-01 -9.930508e-01
 6.147531e-02 5.223436e-01 -7.264193e-01
 7.240424e-02 8.583447e-01 -2.255337e-01
 7.844648e-02 9.097143e-01 6.490897e-02
 4.805478e-02 8.280886e-01 3.775534e-01
 -3.019874e-02 6.856860e-01 6.406943e-01
 -1.367795e-01 5.261780e-01 8.160828e-01
 -2.273638e-01 2.593680e-01 1.067885e+00
 -4.555318e-01 -3.180075e-02 1.542582e+00
 -4.551749e-01 -3.228973e-01 1.865919e+00
 -2.946059e-01 -6.555341e-01 2.103960e+00
 2.218585e-02 -9.822026e-01 2.227628e+00
 4.016572e-01 -1.201268e+00 2.184090e+00
 7.857669e-01 -1.292820e+00 1.983730e+00
 1.134595e+00 -1.232062e+00 1.627323e+00
 1.309497e+00 -1.030420e+00 1.236890e+00
 1.295341e+00 -6.279920e-01 7.735309e-01
 1.375952e+00 -4.812672e-01 5.454333e-01
 1.686587e+00 -2.951808e-01 1.875806e-01
 1.803283e+00 -1.170285e-01 -6.057684e-02
 1.822333e+00 9.388648e-02 -3.050381e-01
 1.744300e+00 3.178240e-01 -5.193700e-01
 1.574293e+00 5.368873e-01 -6.874778e-01
 9.397524e-01 1.093761e+00 -9.350794e-01
 5.839488e-01 1.351247e+00 -1.052002e+00
 2.877237e-01 1.448090e+00 -1.119228e+00
 -2.967023e-02 1.454596e+00 -1.146488e+00
 -3.418824e-01 1.367167e+00 -1.133301e+00
 -6.143827e-01 1.193937e+00 -1.077265e+00
 -9.173252e-01 8.250343e-01 -9.620088e-01
 -1.172198e+00 6.723981e-01 -9.376215e-01
 -1.743272e+00 5.607841e-01 -9.325326e-01
 -2.099303e+00 3.052849e-01 -9.032952e-01
 -2.324295e+00 -8.802800e-02 -8.390097e-01
 -2.370218e+00 -4.749732e-01 -7.576297e-01
 -2.258918e+00 -8.357242e-01 -6.711339e-01
 -2.006571e+00 -1.126690e+00 -5.935828e-01
 -1.620976e+00 -1.316397e+00 -5.325280e-01
 -1.232297e+00 -1.346585e+00 -5.099502e-01
 -8.609966e-01 -1.231988e+00 -5.183358e-01
 -4.965355e-01 -9.434222e-01 -5.774177e-01
 2.222169e-01 -5.856413e-01 -7.746832e-01
 6.010023e-01 -3.550677e-01 -6.747787e-01
 7.647980e-01 -1.682706e-01 -4.798399e-01
 8.444454e-01 2.341029e-01 -2.027972e-02
 9.658334e-01 4.415355e-01 1.208162e-01
 1.260152e+00 9.212735e-01 3.311233e-01
 1.429136e+00 1.161250e+00 6.055515e-01
 1.538193e+00 1.285901e+00 9.687776e-01
 1.573069e+00 1.278199e+00 1.367027e+00
 1.531463e+00 1.143061e+00 1.740854e+00
 1.439899e+00 9.022186e-01 2.018722e+00
 1.299631e+00 6.066348e-01 2.172300e+00
 1.090609e+00 2.763395e-01 2.200314e+00
 8.826821e-01 -4.810666e-03 2.101834e+00
 6.954643e-01 -2.287718e-01 1.891643e+00
 4.921343e-01 -4.353255e-01 1.466560e+00
 3.529781e-01 -6.296304e-01 1.299579e+00
 1.298913e-01 -1.073827e+00 1.170967e+00
 1.169106e-02 -1.360856e+00 9.700639e-01
 -6.171470e-02 -1.575446e+00 6.809410e-01
 -8.064547e-02 -1.720966e+00 3.225377e-01
 1.403615e-02 -1.839839e+00 -5.926715e-01
 -3.265325e-02 -1.743733e+00 -1.036542e+00
 -1.313465e-01 -1.532349e+00 -1.365907e+00
 -2.523364e-01 -1.215630e+00 -1.586259e+00
 -3.652758e-01 -8.390678e-01 -1.666118e+00
 -5.257059e-01 -2.595123e-01 -1.554260e+00
 -6.660888e-01 -8.734818e-04 -1.604959e+00
 -9.266434e-01 4.055704e-01 -1.902973e+00
 -1.144064e+00 7.385963e-01 -1.965097e+00
 -1.347905e+00 1.074338e+00 -1.868195e+00
 -1.511911e+00 1.390459e+00 -1.606122e+00
 -1.578043e+00 1.584934e+00 -1.245486e+00
 -1.556183e+00 1.632841e+00 -8.287950e-01
 -1.444290e+00 1.510886e+00 -3.925412e-01
 -1.260103e+00 1.243117e+00 -7.779597e-02
 -1.034982e+00 8.797562e-01 6.669043e-02
 -7.860017e-01 3.801070e-01 5.094202e-03
 -4.920340e-01 -6.043165e-02 4.719033e-02
 -1.418175e-01 -3.408706e-01 2.400454e-01
 1.140242e-01 -5.199645e-01 2.776942e-01
 3.976552e-01 -7.870404e-01 2.275449e-01
 7.881265e-01 -1.182438e+00 5.861794e-02
 1.212422e+00 -1.388578e+00 7.158371e-02
 1.665884e+00 -1.417406e+00 2.089783e-01
 2.073628e+00 -1.255348e+00 4.655181e-01
 2.290799e+00 -9.617523e-01 7.521749e-01
 2.307357e+00 -5.737211e-01 1.015330e+00
 2.103941e+00 -1.392207e-01 1.207108e+00
 1.727226e+00 1.845873e-01 1.261401e+00
 1.179948e+00 3.440235e-01 1.183480e+00
 9.758589e-01 4.628854e-01 1.200229e+00
 7.797581e-01 6.190299e-01 1.285770e+00
 5.082312e-01 8.762115e-01 1.521796e+00
 2.027475e-01 1.026670e+00 1.640230e+00
 -1.471877e-01 1.104878e+00 1.665860e+00
 -4.980310e-01 1.098191e+00 1.600661e+00
