 1.418631e+00 -1.627848e+00 7.653677e-01
 1.425479e+00 -1.135433e+00 8.260326e-01
 1.330156e+00 -7.115542e-01 6.984334e-01
 1.213022e+00 -4.616174e-01 4.601342e-01
 1.188919e+00 -3.288562e-01 1.276481e-01
 1.273700e+00 -2.079106e-01 -8.665733e-02
 1.381997e+00 -2.533835e-02 -2.684668e-01
 1.874698e+00 7.029500e-01 -6.995110e-01
 1.946903e+00 1.038783e+00 -8.677239e-01
 1.893047e+00 1.367922e+00 -9.989993e-01
 1.730748e+00 1.669392e+00 -1.080557e+00
 1.487175e+00 1.911411e+00 -1.101310e+00
 1.195947e+00 2.073692e+00 -1.058967e+00
 8.922193e-01 2.146682e+00 -9.584784e-01
 6.011448e-01 2.130807e+00 -8.065867e-01
 -2.928245e-01 1.789657e+00 -1.311638e-01
 -5.453150e-01 1.576624e+00 1.551456e-02
 -7.509443e-01 1.352434e+00 2.800969e-02
 -1.303873e+00 1.003575e+00 -3.458337e-02
 -1.426849e+00 9.001937e-01 -3.941587e-02
 -1.601787e+00 7.088643e-01 -2.759772e-02
 -2.223116e+00 -6.621110e-02 3.962023e-02
 -2.340869e+00 -3.958935e-01 7.781273e-02
 -2.342724e+00 -7.419464e-01 1.247332e-01
 -2.228829e+00 -1.065700e+00 1.736333e-01
 -2.018026e+00 -1.324957e+00 2.315721e-01
 -1.733832e+00 -1.497125e+00 2.678202e-01
 -1.388199e+00 -1.567027e+00 2.784242e-01
 -1.035718e+00 -1.512684e+00 3.012764e-01
 -7.239798e-01 -1.342446e+00 3.406006e-01
 -5.247717e-01 -1.108303e+00 3.858905e-01
 -4.311966e-01 -8.906621e-01 4.829052e-01
 -2.163283e-01 -5.503685e-01 8.203802e-01
 2.851617e-02 5.501859e-02 1.009915e+00
 8.234286e-03 6.021500e-01 9.934386e-01
 -1.699861e-01 9.423980e-01 8.702439e-01
 -6.099787e-01 1.431351e+00 1.044745e+00
 -9.245134e-01 1.728087e+00 9.723396e-01
 -1.193545e+00 1.973243e+00 7.236718e-01
 -1.364275e+00 2.120905e+00 3.455108e-01
 -1.404343e+00 2.145293e+00 -9.107656e-02
 -1.310313e+00 2.039596e+00 -5.062714e-01
 -1.105628e+00 1.818559e+00 -8.224741e-01
 -8.267508e-01 1.527703e+00 -9.842493e-01
 -5.229899e-01 1.224301e+00 -9.654188e-01
 -2.270058e-01 9.786333e-01 -7.750133e-01
 -4.413168e-02 8.671433e-01 -5.185059e-01
 2.013216e-01 8.067669e-01 -6.608946e-02
 5.633194e-01 5.739854e-01 1.602607e-01
 1.004762e+00 5.970517e-01 4.873195e-01
 1.319275e+00 5.884000e-01 5.669606e-01
 1.706699e+00 4.381466e-01 5.869885e-01
 1.993442e+00 2.007206e-01 5.237694e-01
 2.170979e+00 -9.953431e-02 3.909020e-01
 2.215872e+00 -4.393435e-01 2.207020e-01
 2.121542e+00 -7.625730e-01 5.384848e-02
 1.895590e+00 -1.029198e+00 -1.033069e-01
 1.592482e+00 -1.204910e+00 -1.927184e-01
 1.268633e+00 -1.286338e+00 -1.979402e-01
 9.652709e-01 -1.294295e+00 -1.078471e-01
 7.002788e-01 -1.257379e+00 9.717368e-02
 5.405608e-01 -1.280530e+00 3.181451e-01
 3.283197e-01 -1.508622e+00 8.129829e-01
 9.122569e-03 -1.565308e+00 1.138620e+00
 -3.966086e-01 -1.488652e+00 1.333439e+00
 -7.991712e-01 -1.283893e+00 1.370334e+00
 -1.128910e+00 -1.013497e+00 1.231571e+00
 -1.347460e+00 -7.424654e-01 9.210850e-01
 -1.401228e+00 -5.608841e-01 5.182932e-01
 -1.334462e+00 -5.444629e-01 1.493404e-01
 -1.362590e+00 -6.525725e-01 -1.879809e-01
 -1.496134e+00 -9.953225e-01 -6.905880e-01
 -1.399209e+00 -1.239928e+00 -1.045849e+00
 -1.129280e+00 -1.412785e+00 -1.355274e+00
 -7.379755e-01 -1.477630e+00 -1.559102e+00
 -2.991117e-01 -1.420065e+00 -1.619739e+00
 9.922267e-02 -1.250542e+00 -1.527270e+00
 3.951797e-01 -1.030498e+00 -1.277999e+00
 5.273845e-01 -7.962621e-01 -9.192327e-01
 4.648930e-01 -5.421519e-01 -5.775258e-01
 1.944333e-01 -2.844492e-01 -2.416451e-01
 -3.399532e-01 -6.072561e-02 -1.084930e-01
 -6.844774e-01 2.246613e-01 2.312730e-01
 -9.407464e-01 3.196573e-01 6.588562e-01
 -9.992809e-01 3.340644e-01 9.552595e-01
 -9.486120e-01 4.132198e-01 1.325711e+00
 -7.811581e-01 5.415561e-01 1.639494e+00
 -5.354372e-01 7.175136e-01 1.847784e+00
 -2.436171e-01 9.251700e-01 1.929424e+00
 6.288291e-02 1.135158e+00 1.872156e+00
 3.413342e-01 1.324928e+00 1.677194e+00
 5.401424e-01 1.467553e+00 1.376198e+00
 9.193745e-01 1.623796e+00 2.214555e-01
 1.058425e+00 1.350473e+00 -3.380929e-01
 9.470929e-01 1.126929e+00 -6.962713e-01
 9.158953e-01 1.023910e+00 -8.210143e-01
 8.558836e-01 8.302638e-01 -9.709647e-01
 7.544547e-01 6.428914e-01 -1.089059e+00
 6.123933e-01 4.729472e-01 -1.172742e+00
 4.200480e-01 3.123249e-01 -1.226901e+00
 -3.024206e-02 3.730413e-02 -1.247721e+00
 -2.238031e-01 -1.306652e-01 -1.208343e+00
 -3.714755e-01 -3.275256e-01 -1.131841e+00
 -4.841059e-01 -5.823732e-01 -1.001114e+00
 -5.113003e-01 -7.337552e-01 -8.800051e-01
 -4.567801e-01 -9.991687e-01 -6.714796e-01
 -2.882251e-01 -1.379403e+00 -5.670894e-01
 1.828009e-01 -2.074721e+00 -2.597836e-01
 5.326475e-01 -2.271142e+00 -5.493954e-03
 9.397467e-01 -2.251126e+00 3.026387e-01
 1.251758e+00 -2.020185e+00 5.646917e-01
