 -5.405220e-01 -4.787038e-01 -5.939899e-01
 -7.743557e-01 -2.373351e-01 -5.450203e-01
 -1.017734e+00 1.738748e-01 -5.123007e-01
 -1.070203e+00 5.015582e-01 -4.512395e-01
 -8.341867e-01 1.432260e+00 -3.930600e-02
 -6.954714e-01 1.663885e+00 1.096285e-01
 -4.954453e-01 1.833380e+00 2.732892e-01
 -2.484540e-01 1.923020e+00 4.379055e-01
 2.471660e-02 1.919961e+00 5.885858e-01
 2.994147e-01 1.819482e+00 7.096625e-01
 5.483844e-01 1.625368e+00 7.876506e-01
 7.440842e-01 1.351227e+00 8.110390e-01
 8.427176e-01 1.091072e+00 7.737269e-01
 1.118895e+00 4.161599e-01 3.942118e-01
 1.295044e+00 1.582317e-01 -6.728268e-02
 1.268801e+00 1.336613e-01 -3.834588e-01
 1.289787e+00 1.671970e-01 -6.293061e-01
 1.578865e+00 2.043752e-01 -1.096422e+00
 1.667920e+00 3.136858e-01 -1.444589e+00
 1.620829e+00 4.639881e-01 -1.793279e+00
 1.440641e+00 6.313247e-01 -2.088924e+00
 1.151056e+00 7.900088e-01 -2.288677e+00
 7.946883e-01 9.293941e-01 -2.358275e+00
 4.213060e-01 1.031609e+00 -2.281650e+00
 8.551669e-02 1.068022e+00 -2.071123e+00
 -1.593855e-01 1.032232e+00 -1.756838e+00
 -2.741284e-01 9.267795e-01 -1.390175e+00
 -2.498711e-01 7.450999e-01 -1.032842e+00
 -1.152508e-01 5.384729e-01 -7.947343e-01
 6.232388e-02 3.351524e-01 -6.406974e-01
 2.520238e-01 1.442039e-01 -3.786246e-01
 3.078686e-01 -8.657075e-02 -1.553692e-01
 3.669172e-01 -2.431323e-01 -8.292811e-02
 7.369385e-01 -8.551615e-01 2.609578e-01
 7.435074e-01 -1.320712e+00 4.389510e-01
 5.129363e-01 -1.745156e+00 5.770462e-01
 4.860402e-02 -2.053284e+00 6.615134e-01
 -4.625526e-01 -2.096490e+00 6.574402e-01
 -8.762119e-01 -1.912660e+00 5.913245e-01
 -1.138540e+00 -1.604615e+00 4.431143e-01
 -1.224034e+00 -1.401309e+00 2.482079e-01
 -1.284335e+00 -1.286206e+00 6.376882e-02
 -1.318083e+00 -1.199356e+00 -1.675794e-01
 -1.311219e+00 -1.083825e+00 -8.479714e-01
 -1.244622e+00 -9.885433e-01 -1.110945e+00
 -1.112803e+00 -8.375727e-01 -1.350943e+00
 -9.412648e-01 -6.697029e-01 -1.526072e+00
 -7.346570e-01 -5.010849e-01 -1.636550e+00
 -4.736810e-01 -3.270010e-01 -1.683235e+00
 3.354533e-01 1.268073e-01 -1.612650e+00
 5.524471e-01 3.297128e-01 -1.538266e+00
 6.560082e-01 4.805278e-01 -1.449957e+00
 7.238201e-01 7.054975e-01 -1.352489e+00
 9.847472e-01 1.422787e+00 -1.304904e+00
 1.100822e+00 1.695145e+00 -1.194685e+00
 1.216568e+00 1.918220e+00 -1.005037e+00
 1.327506e+00 2.070997e+00 -7.552435e-01
 1.429850e+00 2.139977e+00 -4.695800e-01
 1.520725e+00 2.119708e+00 -1.747013e-01
 1.598349e+00 2.012774e+00 1.028179e-01
 1.801970e+00 1.362122e+00 9.453666e-01
 1.777380e+00 1.147782e+00 1.165240e+00
 1.672958e+00 9.227086e-01 1.346555e+00
 1.500131e+00 7.016951e-01 1.471115e+00
 1.276228e+00 4.993547e-01 1.525507e+00
 1.022969e+00 3.286398e-01 1.502503e+00
 7.643290e-01 1.995869e-01 1.401617e+00
 -5.371484e-02 -6.935043e-02 8.180024e-01
 -1.864912e-01 -8.473486e-02 7.350299e-01
 -4.646345e-01 -4.484168e-02 5.306012e-01
 -7.736836e-01 1.186500e-01 4.662234e-01
 -1.125752e+00 2.742852e-01 5.443950e-01
 -1.476477e+00 3.360192e-01 7.677383e-01
 -1.742330e+00 2.781936e-01 1.086818e+00
 -1.886283e+00 1.021261e-01 1.441527e+00
 -1.889657e+00 -1.674278e-01 1.762706e+00
 -1.761859e+00 -4.898571e-01 1.989128e+00
 -1.533545e+00 -8.120789e-01 2.081744e+00
 -1.243718e+00 -1.086129e+00 2.035172e+00
 -9.256284e-01 -1.263871e+00 1.867268e+00
 -6.312777e-01 -1.320546e+00 1.604059e+00
 -4.140151e-01 -1.254296e+00 1.293592e+00
 -3.035380e-01 -1.089533e+00 8.766709e-01
 -2.715607e-01 -1.063498e+00 4.332133e-01
 -2.426520e-01 -1.184850e+00 1.361851e-01
 -2.631345e-01 -1.412520e+00 -9.018489e-02
 -4.166715e-01 -1.676102e+00 -3.106456e-01
 -6.583512e-01 -1.940383e+00 -4.182172e-01
 -9.768424e-01 -2.128601e+00 -4.321378e-01
 -1.347940e+00 -2.212242e+00 -3.662833e-01
 -1.695784e+00 -2.187565e+00 -2.066069e-01
 -1.971545e+00 -2.062313e+00 2.648745e-02
 -2.137788e+00 -1.854069e+00 2.981986e-01
 -2.173295e+00 -1.591535e+00 5.692278e-01
 -2.075188e+00 -1.310261e+00 8.012274e-01
 -1.858767e+00 -1.047769e+00 9.618087e-01
 -1.266195e+00 -6.528156e-01 1.101919e+00
 -1.101032e+00 -5.102352e-01 1.200565e+00
 -9.750969e-01 -3.753858e-01 1.340460e+00
 -8.878796e-01 -1.435214e-01 1.467978e+00
 -7.988090e-01 1.356382e-01 1.512585e+00
 -6.848503e-01 4.168313e-01 1.458519e+00
 -5.577366e-01 6.608667e-01 1.313039e+00
 -4.171913e-01 8.421365e-01 1.085340e+00
 -2.565475e-01 9.302306e-01 8.132506e-01
 -1.487488e-02 9.137412e-01 2.544529e-01
 1.513096e-01 1.090229e+00 2.257804e-02
 4.229897e-01 1.192947e+00 -1.664395e-01
 7.872002e-01 1.211946e+00 -3.040469e-01
 1.590305e+00 1.106536e+00 -3.689915e-01
 1.925125e+00 9.254099e-01 -3.444843e-01
 2.165366e+00 6.405933e-01 -3.210150e-01
 2.283566e+00 2.938618e-01 -3.142154e-01
 2.268888e+00 -7.380054e-02 -3.424218e-01
 2.126564e+00 -4.128957e-01 -4.146414e-01
 1.876418e+00 -6.743674e-01 -5.281112e-01
 1.541955e+00 -8.234309e-01 -6.450269e-01
 5.884251e-01 -8.615916e-01 -8.862651e-01
 2.271600e-01 -8.237836e-01 -8.993339e-01
 -5.633173e-02 -7.525642e-01 -8.460130e-01
 -3.256408e-01 -6.317848e-01 -7.235148e-01
