 -3.587387e-01 2.054981e+00 -3.073412e-01
 -5.125287e-01 1.722827e+00 -6.052572e-01
 -5.303087e-01 1.262099e+00 -7.667012e-01
 -4.368487e-01 7.794469e-01 -7.220272e-01
 -1.888187e-01 2.812669e-01 -4.214172e-01
 -2.026887e-01 -1.745531e-01 -1.903642e-01
 -1.696087e-01 -2.997031e-01 -8.929317e-02
 -8.819870e-02 -4.633631e-01 1.185518e-01
 1.686513e-01 -1.008633e+00 6.115768e-01
 2.316713e-01 -1.152873e+00 8.353898e-01
 2.642313e-01 -1.238203e+00 1.090795e+00
 2.641313e-01 -1.260373e+00 1.359110e+00
 2.313813e-01 -1.219443e+00 1.621528e+00
 1.683013e-01 -1.119793e+00 1.859514e+00
 7.235130e-02 -9.434831e-01 2.087780e+00
 -2.023870e-02 -7.427231e-01 2.232480e+00
 -1.209187e-01 -5.146531e-01 2.310092e+00
 -2.179387e-01 -2.683831e-01 2.317998e+00
 -3.046787e-01 -4.092307e-02 2.256354e+00
 -4.170987e-01 1.863469e-01 2.113200e+00
 -5.149287e-01 3.291869e-01 1.956074e+00
 -5.850187e-01 3.918769e-01 1.825674e+00
 -7.001287e-01 4.277369e-01 1.676387e+00
 -8.490887e-01 4.855269e-01 1.554700e+00
 -1.237069e+00 6.137769e-01 1.351480e+00
 -1.483669e+00 6.613769e-01 1.092601e+00
 -1.635899e+00 6.564769e-01 7.699408e-01
 -1.679499e+00 6.000969e-01 4.236218e-01
 -1.619319e+00 4.914469e-01 1.011318e-01
 -1.075549e+00 -6.919307e-02 -8.650412e-01
 -9.313787e-01 -1.346331e-01 -9.994672e-01
 -6.529187e-01 -3.145431e-01 -1.127959e+00
 -5.348987e-01 -5.067331e-01 -1.268453e+00
 -4.952387e-01 -8.022631e-01 -1.414942e+00
 -5.397087e-01 -1.221413e+00 -1.468007e+00
 -6.578687e-01 -1.585963e+00 -1.377359e+00
 -7.975287e-01 -1.888513e+00 -1.130614e+00
 -9.296487e-01 -2.063083e+00 -7.604022e-01
 -1.034759e+00 -2.075273e+00 -3.762102e-01
 -1.115389e+00 -1.935313e+00 -1.261117e-02
 -1.157839e+00 -1.665793e+00 2.755078e-01
 -1.154449e+00 -1.308943e+00 4.455328e-01
 -9.859987e-01 -2.348031e-01 5.334828e-01
 -8.662687e-01 4.746927e-03 5.802298e-01
 -7.499787e-01 1.978869e-01 5.627568e-01
 -4.897687e-01 9.657379e-01 3.221648e-01
 -2.097187e-01 1.175124e+00 2.192378e-01
 7.900130e-02 1.192471e+00 7.924683e-02
 3.094013e-01 1.264539e+00 -1.570052e-01
 5.866013e-01 1.547732e+00 -6.456692e-01
 7.419213e-01 1.593457e+00 -9.428002e-01
 9.072513e-01 1.527600e+00 -1.231474e+00
 1.062371e+00 1.359371e+00 -1.476610e+00
 1.191031e+00 1.108654e+00 -1.653210e+00
 1.290701e+00 7.689869e-01 -1.753427e+00
 1.314101e+00 4.381869e-01 -1.745786e+00
 1.303441e+00 1.163469e-01 -1.615293e+00
 1.335901e+00 -5.977307e-02 -1.448817e+00
 1.415121e+00 -2.073231e-01 -1.318465e+00
 1.502451e+00 -4.889331e-01 -1.211029e+00
 1.456221e+00 -8.360031e-01 -1.105186e+00
 1.253081e+00 -1.153663e+00 -9.728442e-01
 9.386013e-01 -1.361313e+00 -8.231302e-01
 5.733513e-01 -1.426113e+00 -6.870702e-01
 -4.290887e-01 -1.216793e+00 -4.503782e-01
 -6.997187e-01 -1.097893e+00 -4.548642e-01
 -1.003119e+00 -1.061383e+00 -5.456002e-01
 -1.230679e+00 -1.064643e+00 -7.033882e-01
 -1.424429e+00 -1.022403e+00 -9.765122e-01
 -1.515539e+00 -9.116731e-01 -1.302186e+00
 -1.487879e+00 -7.148731e-01 -1.631648e+00
 -1.355469e+00 -4.452731e-01 -1.883204e+00
 -1.113349e+00 -1.427731e-01 -2.032919e+00
 -8.122687e-01 1.077569e-01 -2.047966e+00
 -4.811087e-01 2.844969e-01 -1.936957e+00
 3.087113e-01 4.952069e-01 -1.365633e+00
 4.329213e-01 5.293369e-01 -1.242908e+00
 6.136813e-01 5.708369e-01 -1.006360e+00
 8.253313e-01 5.843969e-01 -8.531752e-01
 1.136801e+00 6.434869e-01 -7.336432e-01
 1.557231e+00 6.684769e-01 -7.653952e-01
 1.944651e+00 5.940369e-01 -9.460992e-01
 2.209551e+00 4.332869e-01 -1.224788e+00
 2.325941e+00 2.034069e-01 -1.546681e+00
 2.285421e+00 -8.088307e-02 -1.844261e+00
 2.092351e+00 -3.620431e-01 -2.073360e+00
 1.777681e+00 -5.908431e-01 -2.203417e+00
 1.400291e+00 -7.444931e-01 -2.203234e+00
 1.027371e+00 -8.138131e-01 -2.063680e+00
 7.135813e-01 -7.796831e-01 -1.816978e+00
 5.087213e-01 -6.631631e-01 -1.486455e+00
 4.648213e-01 -5.175831e-01 -1.171189e+00
 5.149613e-01 -4.247331e-01 -8.985392e-01
 7.325813e-01 -3.638131e-01 -5.308412e-01
 8.070313e-01 -2.789731e-01 -3.353272e-01
 8.356213e-01 -1.566731e-01 -1.679322e-01
 8.005713e-01 1.782693e-02 3.048683e-02
 3.929313e-01 5.758069e-01 8.067838e-01
 3.407813e-01 6.326269e-01 8.784788e-01
 2.906013e-01 6.684369e-01 9.309598e-01
 2.207513e-01 7.155369e-01 1.014397e+00
 1.262213e-01 8.231669e-01 1.122263e+00
 -1.246887e-01 1.241572e+00 1.453583e+00
 -3.871987e-01 1.399365e+00 1.732595e+00
 -6.952587e-01 1.396555e+00 2.008136e+00
 -9.969387e-01 1.234830e+00 2.236755e+00
 -1.239339e+00 9.432039e-01 2.384308e+00
 -1.400529e+00 5.736969e-01 2.415015e+00
 -1.456779e+00 1.783369e-01 2.321808e+00
 -1.383769e+00 -1.794631e-01 2.133444e+00
 -1.193389e+00 -4.415531e-01 1.884575e+00
 -9.258487e-01 -5.633131e-01 1.622255e+00
 -5.862987e-01 -5.533331e-01 1.411982e+00
 -3.166787e-01 -4.270431e-01 1.298407e+00
 -1.826870e-02 -2.724031e-01 1.298403e+00
 4.265013e-01 -1.551231e-01 1.508753e+00
 6.826613e-01 5.378693e-02 1.645534e+00
 9.136513e-01 3.789369e-01 1.685378e+00
 1.046351e+00 7.434369e-01 1.613856e+00
 1.060591e+00 1.107658e+00 1.443594e+00
 9.289813e-01 1.464675e+00 1.180411e+00
 2.128113e-01 2.151743e+00 4.266148e-01
 -9.016870e-02 2.212090e+00 6.389883e-02
