 -2.358725e+00 8.734379e-01 9.738776e-01
 -2.396415e+00 8.695867e-01 5.604995e-01
 -2.338288e+00 7.253548e-01 1.675291e-01
 -2.188836e+00 4.552872e-01 -1.292249e-01
 -2.054186e+00 1.867993e-01 -2.274460e-01
 -2.002689e+00 -2.076843e-01 -2.384412e-01
 -1.557127e+00 -1.130647e+00 5.851738e-02
 -1.259672e+00 -1.382393e+00 1.704143e-01
 -8.821896e-01 -1.493586e+00 3.187282e-01
 -5.026535e-01 -1.439244e+00 4.685289e-01
 -1.730980e-01 -1.230722e+00 6.078228e-01
 3.704131e-02 -9.493835e-01 6.832963e-01
 5.422743e-01 1.425072e-02 5.840561e-01
 6.249053e-01 3.495822e-01 6.253308e-01
 5.566530e-01 7.440993e-01 7.324992e-01
 3.344864e-01 1.078873e+00 8.047720e-01
 1.126309e-02 1.294052e+00 8.552168e-01
 -3.519713e-01 1.373679e+00 8.748863e-01
 -7.016982e-01 1.326598e+00 8.651927e-01
 -9.998690e-01 1.176420e+00 8.310972e-01
 -1.223894e+00 9.509151e-01 7.786681e-01
 -1.563749e+00 2.641454e-01 6.713875e-01
 -1.873318e+00 -2.231603e-02 7.631098e-01
 -2.233044e+00 -1.287262e-01 7.705372e-01
 -2.664338e+00 -1.786343e-01 5.599586e-01
 -2.956584e+00 -1.636219e-01 1.812910e-01
 -3.051818e+00 -1.010653e-01 -2.833209e-01
 -2.932153e+00 1.295955e-02 -7.391017e-01
 -2.619720e+00 1.694977e-01 -1.087437e+00
 -1.783428e+00 4.733550e-01 -1.377571e+00
 -1.269717e+00 6.277759e-01 -1.471936e+00
 -9.054783e-01 6.675938e-01 -1.439110e+00
 -5.796192e-01 6.581432e-01 -1.308761e+00
 -3.045674e-01 6.111601e-01 -1.068576e+00
 -1.319984e-01 5.273512e-01 -7.384315e-01
 -9.566258e-02 4.609198e-01 -2.833985e-01
 -3.537838e-01 4.398690e-01 3.466513e-01
 -3.954472e-01 4.047208e-01 5.513064e-01
 -3.952696e-01 3.477173e-01 8.164187e-01
 -2.829447e-01 3.070300e-01 1.137280e+00
 -2.037458e-02 2.060291e-01 1.429276e+00
 5.865522e-01 1.578670e-03 1.701797e+00
 1.425852e+00 -2.590953e-01 1.919039e+00
 1.865008e+00 -3.532733e-01 1.831000e+00
 2.238589e+00 -3.936615e-01 1.552409e+00
 2.461618e+00 -3.706740e-01 1.129385e+00
 2.472842e+00 -2.879396e-01 6.469991e-01
 2.240432e+00 -1.467963e-01 1.832648e-01
 1.952848e+00 -5.129765e-02 3.782951e-03
 1.651565e+00 1.188676e-01 -7.145521e-02
 1.393697e+00 5.060498e-01 -1.136022e-01
 1.313991e+00 6.000889e-01 -1.274175e-01
 7.635792e-01 1.090667e+00 -2.045213e-01
 2.917236e-01 1.398947e+00 -2.100230e-01
 -7.834238e-02 1.480989e+00 -2.267699e-01
 -4.622588e-01 1.422852e+00 -2.631302e-01
 -8.035937e-01 1.222157e+00 -3.237088e-01
 -1.040134e+00 9.040547e-01 -3.923957e-01
 -1.124252e+00 5.460711e-01 -4.361260e-01
 -1.092941e+00 2.315607e-01 -5.319502e-01
 -1.170183e+00 -2.905397e-01 -8.780295e-01
 -1.187741e+00 -7.312098e-01 -8.971547e-01
 -9.547842e-01 -1.219647e+00 -7.847328e-01
 -5.178151e-01 -1.504428e+00 -6.126128e-01
 -7.510736e-03 -1.509678e+00 -4.086359e-01
 4.334251e-01 -1.236386e+00 -2.476501e-01
 7.107863e-01 -7.764239e-01 -2.231867e-01
 7.518164e-01 -3.129355e-01 -3.507425e-01
 7.216314e-01 -5.037579e-02 -6.064405e-01
 7.708349e-01 1.345794e-01 -9.739419e-01
 9.178250e-01 1.487599e-01 -1.409399e+00
 1.167611e+00 -1.090810e-02 -1.775772e+00
 1.473225e+00 -2.786587e-01 -1.972933e+00
 1.799930e+00 -5.722269e-01 -1.973731e+00
 2.072643e+00 -8.627535e-01 -1.791476e+00
 2.233701e+00 -1.100480e+00 -1.476980e+00
 2.266980e+00 -1.249003e+00 -1.094883e+00
 2.185474e+00 -1.288748e+00 -7.099818e-01
 1.977412e+00 -1.205194e+00 -2.937229e-01
 1.583155e+00 -9.342297e-01 3.785536e-01
 1.466328e+00 -6.728448e-01 6.573216e-01
 1.449569e+00 -3.007455e-01 8.678539e-01
 1.541207e+00 1.139182e-01 9.509693e-01
 1.793141e+00 4.881797e-01 8.918255e-01
 2.096787e+00 7.826690e-01 6.191604e-01
 2.307037e+00 9.004489e-01 2.135210e-01
 2.386386e+00 8.490897e-01 -2.601711e-01
 2.340042e+00 6.381824e-01 -6.640906e-01
 2.196771e+00 3.161001e-01 -9.352891e-01
 1.989066e+00 -4.358986e-02 -1.035040e+00
 1.573309e+00 -5.100740e-01 -9.498018e-01
 1.307143e+00 -7.827300e-01 -1.084539e+00
 9.382094e-01 -8.790684e-01 -1.241409e+00
 4.104065e-01 -8.194608e-01 -1.236462e+00
 2.609094e-03 -6.563151e-01 -1.016785e+00
 -1.752477e-01 -5.278044e-01 -7.361609e-01
 -2.385250e-01 -5.041332e-01 -5.367415e-01
 -3.613977e-01 -5.194318e-01 -2.633466e-01
 -8.298177e-01 -4.681927e-01 3.238084e-01
 -9.226798e-01 -5.152214e-01 7.730102e-01
 -9.670032e-01 -4.405735e-01 1.132336e+00
 -1.116209e+00 -2.202761e-01 1.471554e+00
 -1.359779e+00 6.453056e-02 1.672371e+00
 -1.654270e+00 3.540322e-01 1.708891e+00
 -1.953972e+00 6.008711e-01 1.586762e+00
 -2.206596e+00 7.725994e-01 1.331932e+00
