 6.623854e-01 5.069120e-02 9.548135e-01
 5.103922e-01 4.073137e-01 8.900395e-01
 2.884144e-01 6.694020e-01 7.225825e-01
 1.099003e-01 7.794100e-01 5.153384e-01
 1.669721e-02 9.376071e-01 1.718591e-01
 -5.589115e-02 1.205245e+00 5.182426e-04
 6.938220e-03 1.645100e+00 -1.248023e-01
 2.305901e-01 2.019789e+00 -1.552917e-01
 6.185852e-01 2.267590e+00 -1.354632e-01
 1.092775e+00 2.321463e+00 -6.538562e-02
 1.494270e+00 2.187665e+00 4.807046e-02
 1.780760e+00 1.917974e+00 1.882458e-01
 1.920471e+00 1.576452e+00 3.251884e-01
 1.918594e+00 1.228775e+00 4.368013e-01
 1.652724e+00 4.753742e-01 5.807790e-01
 1.598460e+00 1.113729e-01 5.390106e-01
 1.629287e+00 -1.246552e-01 4.383533e-01
 1.617378e+00 -2.984671e-01 3.064716e-01
 1.512552e+00 -5.021675e-01 1.154308e-01
 1.353374e+00 -6.383282e-01 -8.247258e-02
 1.049112e+00 -7.475377e-01 -4.081190e-01
 7.533797e-01 -7.428791e-01 -6.427598e-01
 4.904080e-01 -6.751398e-01 -7.850150e-01
 1.726102e-01 -4.779781e-01 -9.347725e-01
 -2.921326e-02 -3.936280e-01 -1.155306e+00
 -1.382549e-01 -2.492940e-01 -1.451388e+00
 -1.960145e-01 6.203624e-02 -1.725944e+00
 -1.400057e-01 4.298093e-01 -1.891380e+00
 -1.530941e-04 7.917306e-01 -1.923996e+00
 1.734916e-01 1.100713e+00 -1.825143e+00
 3.608403e-01 1.326745e+00 -1.628920e+00
 5.458179e-01 1.451311e+00 -1.371849e+00
 7.025944e-01 1.474717e+00 -1.086356e+00
 9.660307e-01 1.316428e+00 -3.629115e-01
 9.678426e-01 1.287722e+00 5.235155e-02
 9.023853e-01 1.406081e+00 3.737331e-01
 7.795206e-01 1.550613e+00 5.817458e-01
 5.451039e-01 1.668350e+00 7.589345e-01
 1.951377e-01 1.724185e+00 8.830070e-01
 -1.667653e-01 1.675746e+00 9.144047e-01
 -5.044429e-01 1.528109e+00 8.590385e-01
 -7.662464e-01 1.293735e+00 7.380264e-01
 -9.241931e-01 1.019185e+00 5.530134e-01
 -9.676110e-01 7.497357e-01 3.260131e-01
 -8.178712e-01 2.060131e-01 -2.554548e-01
 -8.219384e-01 4.958717e-02 -5.529586e-01
 -8.807543e-01 5.383669e-03 -7.879289e-01
 -1.049729e+00 -2.420443e-02 -1.083812e+00
 -1.339453e+00 -6.095293e-02 -1.309082e+00
 -1.677539e+00 -1.042644e-01 -1.409673e+00
 -2.021892e+00 -1.705096e-01 -1.387868e+00
 -2.326349e+00 -2.586326e-01 -1.256438e+00
 -2.562509e+00 -3.556273e-01 -1.035009e+00
 -2.708697e+00 -4.611304e-01 -7.474144e-01
 -2.746099e+00 -5.657937e-01 -4.190543e-01
 -2.660351e+00 -6.606158e-01 -8.235803e-02
 -2.446621e+00 -7.292081e-01 2.195299e-01
 -2.121015e+00 -7.582446e-01 4.372368e-01
 -1.729200e+00 -7.446724e-01 5.202445e-01
 -1.335620e+00 -7.274744e-01 4.431681e-01
 -1.084178e+00 -7.135274e-01 2.678486e-01
 -8.597676e-01 -7.864019e-01 4.568852e-03
 -5.504734e-01 -1.129295e+00 -5.270760e-01
 -3.268558e-01 -1.365799e+00 -9.304451e-01
 -1.173757e-01 -1.419370e+00 -1.215561e+00
 1.217059e-01 -1.353763e+00 -1.479077e+00
 3.636159e-01 -1.174015e+00 -1.682775e+00
 6.018003e-01 -8.980199e-01 -1.788095e+00
 7.908927e-01 -5.589767e-01 -1.769470e+00
 8.742547e-01 -1.900588e-01 -1.633729e+00
 8.083228e-01 1.679283e-01 -1.414641e+00
 5.992161e-01 4.309661e-01 -1.170350e+00
 3.591291e-01 5.263146e-01 -9.945442e-01
 9.923539e-02 6.343461e-01 -9.132152e-01
 -5.282597e-01 9.530740e-01 -9.089909e-01
 -7.974671e-01 1.011172e+00 -8.937030e-01
 -1.097995e+00 9.956610e-01 -8.472219e-01
 -1.401950e+00 8.884499e-01 -7.656993e-01
 -1.638782e+00 6.925381e-01 -6.489405e-01
 -1.792917e+00 4.008581e-01 -5.079952e-01
 -1.835052e+00 4.678781e-02 -4.074075e-01
 -1.776833e+00 -2.515788e-01 -3.907704e-01
 -1.732085e+00 -4.428332e-01 -4.535558e-01
 -1.733901e+00 -6.806305e-01 -5.220150e-01
 -1.738608e+00 -1.000459e+00 -4.837247e-01
 -1.666035e+00 -1.337186e+00 -3.242766e-01
 -1.510114e+00 -1.581371e+00 -9.253780e-02
 -1.290185e+00 -1.714213e+00 1.580456e-01
 -1.039978e+00 -1.727348e+00 4.054903e-01
 -7.853316e-01 -1.623145e+00 6.239112e-01
 -3.776035e-01 -1.247183e+00 9.201805e-01
 -9.789777e-02 -9.301922e-01 1.174850e+00
 -2.736724e-02 -8.042895e-01 1.338706e+00
 5.447162e-02 -7.195947e-01 1.510515e+00
 3.014393e-01 -6.215490e-01 1.737729e+00
 6.158122e-01 -5.365183e-01 1.860865e+00
 9.479279e-01 -4.454450e-01 1.863834e+00
 1.425164e+00 -3.363850e-01 1.690679e+00
 1.960689e+00 -2.248102e-01 1.437044e+00
 2.280053e+00 -1.449773e-01 1.243282e+00
 2.481825e+00 -5.907439e-02 1.011110e+00
 2.600822e+00 3.872772e-02 7.173642e-01
 2.614218e+00 1.343171e-01 3.893653e-01
 2.509582e+00 2.263749e-01 6.498997e-02
 2.289095e+00 2.971983e-01 -2.113206e-01
 1.975338e+00 3.557488e-01 -3.921345e-01
 1.620371e+00 3.842972e-01 -4.523652e-01
 1.235327e+00 3.494878e-01 -3.879270e-01
 8.638689e-01 2.607707e-01 -1.684303e-01
 3.900571e-01 -1.824657e-02 -2.797277e-02
 2.212035e-01 -1.011480e-01 2.946373e-02
 1.730547e-03 -1.721339e-01 1.904960e-01
 -1.595455e-01 -1.921079e-01 4.013619e-01
 -5.144441e-01 -7.622954e-02 8.164629e-01
 -7.748355e-01 -1.587680e-01 1.063495e+00
 -9.690350e-01 -4.010123e-01 1.358758e+00
 -1.003266e+00 -7.244296e-01 1.636029e+00
 -8.753014e-01 -1.060184e+00 1.847900e+00
 -6.233700e-01 -1.359058e+00 1.954838e+00
 -2.955744e-01 -1.581358e+00 1.945943e+00
 6.243154e-02 -1.686659e+00 1.847905e+00
 4.009261e-01 -1.668864e+00 1.678920e+00
 6.705872e-01 -1.543768e+00 1.453973e+00
 8.466072e-01 -1.321090e+00 1.219103e+00
 9.102653e-01 -1.028926e+00 1.009952e+00
 8.666993e-01 -6.929398e-01 8.687501e-01
 7.733082e-01 -4.378412e-01 8.526134e-01
