 -1.901232e-01 -1.967804e+00 -1.274626e+00
 -4.477689e-01 -1.830178e+00 -1.025575e+00
 -5.915677e-01 -1.596812e+00 -7.224825e-01
 -5.835646e-01 -1.347405e+00 -4.979917e-01
 -4.680111e-01 -1.040560e+00 -3.419907e-01
 -3.531214e-01 -7.201158e-01 -3.311912e-01
 -2.760829e-01 -2.658874e-01 -5.077512e-01
 -2.256465e-01 -1.301982e-01 -5.570136e-01
 3.776547e-03 4.665548e-01 -6.457130e-01
 3.178117e-02 7.371157e-01 -8.459656e-01
 1.715946e-01 9.699174e-01 -1.108221e+00
 4.332597e-01 1.105609e+00 -1.387741e+00
 7.915144e-01 1.113714e+00 -1.612310e+00
 1.189039e+00 9.785779e-01 -1.732543e+00
 1.550218e+00 7.262606e-01 -1.707209e+00
 1.848164e+00 3.624201e-01 -1.507398e+00
 2.320075e+00 -4.559660e-01 -9.333154e-01
 2.349305e+00 -7.538645e-01 -6.772798e-01
 2.220052e+00 -1.031157e+00 -3.919365e-01
 1.922350e+00 -1.227875e+00 -1.189770e-01
 1.495480e+00 -1.271697e+00 8.763589e-02
 1.027571e+00 -1.128387e+00 1.647516e-01
 6.974818e-01 -8.483168e-01 1.089827e-01
 5.563095e-01 -5.556724e-01 9.514543e-02
 4.293959e-01 -2.219605e-01 2.283291e-01
 9.869517e-02 3.957251e-02 4.089503e-01
 -4.204632e-02 2.162300e-01 4.689754e-01
 -1.474444e-01 4.532495e-01 5.612484e-01
 -1.709750e-01 6.366303e-01 6.716156e-01
 -1.047458e-01 9.990368e-01 8.452946e-01
 1.741165e-01 1.362252e+00 9.489443e-01
 5.625550e-01 1.618296e+00 8.909936e-01
 9.595244e-01 1.751190e+00 6.347218e-01
 1.274937e+00 1.710045e+00 2.313010e-01
 1.433199e+00 1.475865e+00 -1.937349e-01
 1.398452e+00 1.102709e+00 -5.416181e-01
 1.058699e+00 4.996834e-01 -8.337575e-01
 9.824813e-01 3.721540e-01 -9.262520e-01
 8.482268e-01 1.714497e-01 -1.155992e+00
 5.400656e-01 4.289862e-02 -1.427827e+00
 1.172350e-01 3.283673e-02 -1.594953e+00
 -3.138605e-01 1.439612e-01 -1.605875e+00
 -6.832774e-01 3.023103e-01 -1.438905e+00
 -9.272506e-01 5.007177e-01 -1.131203e+00
 -1.003510e+00 6.845970e-01 -7.277312e-01
 -8.401285e-01 9.310676e-01 -1.579286e-01
 -8.271664e-01 1.082247e+00 6.188190e-02
 -8.827879e-01 1.328902e+00 2.889143e-01
 -1.062636e+00 1.512202e+00 4.782923e-01
 -1.369226e+00 1.588601e+00 7.512972e-01
 -1.666508e+00 1.504767e+00 9.942653e-01
 -1.893221e+00 1.276689e+00 1.239674e+00
 -2.002817e+00 9.399345e-01 1.447857e+00
 -1.969118e+00 5.283784e-01 1.580766e+00
 -1.765166e+00 1.224458e-01 1.622406e+00
 -1.397132e+00 -1.821810e-01 1.573825e+00
 -9.770287e-01 -2.767138e-01 1.448566e+00
 -6.417637e-01 -1.842199e-01 1.395342e+00
 1.429525e-01 1.086520e-01 1.495937e+00
 5.385642e-01 3.154526e-01 1.342685e+00
 7.856460e-01 4.882537e-01 1.045897e+00
 8.803345e-01 6.774861e-01 6.006231e-01
 7.531121e-01 8.103815e-01 2.508544e-01
 5.665898e-01 9.609247e-01 5.423351e-02
 2.605182e-01 1.411216e+00 -1.180527e-01
 -3.074653e-01 1.779129e+00 -4.705155e-01
 -6.645233e-01 1.855920e+00 -5.885996e-01
 -1.064648e+00 1.830528e+00 -6.045168e-01
 -1.445721e+00 1.697823e+00 -4.979189e-01
 -1.735596e+00 1.436821e+00 -2.966264e-01
 -1.860270e+00 1.059153e+00 -1.764102e-02
 -1.751271e+00 7.081376e-01 3.352915e-01
 -1.454749e+00 5.343102e-01 6.675659e-01
 -1.147579e+00 6.010808e-01 9.418944e-01
 -1.008818e+00 7.529560e-01 1.252868e+00
 -9.501659e-01 7.664465e-01 1.643677e+00
 -8.728124e-01 5.769770e-01 2.051969e+00
 -7.690190e-01 2.500099e-01 2.324875e+00
 -6.331845e-01 -1.493656e-01 2.427417e+00
 -5.074533e-01 -5.560675e-01 2.345609e+00
 -3.011270e-01 -1.369445e+00 1.757861e+00
 -2.136118e-01 -1.665937e+00 1.474093e+00
 -1.326160e-01 -1.809146e+00 1.220333e+00
 -4.579115e-02 -1.870009e+00 9.397064e-01
 2.161052e-01 -1.791606e+00 1.828140e-02
 3.590679e-01 -1.700888e+00 -3.744942e-01
 4.217541e-01 -1.564712e+00 -5.576241e-01
 4.145696e-01 -1.283640e+00 -7.708191e-01
 2.894073e-01 -1.073408e+00 -1.055747e+00
 -9.093519e-02 -9.093864e-01 -1.327298e+00
 -5.345520e-01 -8.040278e-01 -1.374800e+00
 -9.599210e-01 -6.796440e-01 -1.197443e+00
 -1.297399e+00 -5.812591e-01 -7.762541e-01
 -1.393670e+00 -5.694490e-01 -2.656178e-01
 -1.247073e+00 -6.425644e-01 2.201388e-01
 -9.108947e-01 -7.773498e-01 5.572128e-01
 -4.026268e-01 -8.939400e-01 7.069162e-01
 3.226257e-01 -8.218435e-01 1.074118e+00
 7.477280e-01 -6.546468e-01 1.121494e+00
 1.159283e+00 -4.417321e-01 9.500244e-01
 1.408817e+00 -2.460959e-01 6.004076e-01
 1.529600e+00 -2.036370e-01 1.162089e-01
 1.463219e+00 -3.079966e-01 -3.413369e-01
 1.360099e+00 -5.023967e-01 -5.901274e-01
 1.333965e+00 -6.288882e-01 -7.167134e-01
 1.337017e+00 -1.186896e+00 -1.210151e+00
 1.173052e+00 -1.519523e+00 -1.422905e+00
 8.838047e-01 -1.790833e+00 -1.533778e+00
 5.288298e-01 -1.961689e+00 -1.539987e+00
 1.649741e-01 -2.017755e+00 -1.456196e+00
